0.0 32.0 4008 0.0 0.0 0
0.0 30.0 2529 0.0 0.0 100
0.019561815336463225 28.0 2165 0.0 0.0 200
0.09363122851730823 25.0 2032 0.0 0.0 300
0.2950052454063508 23.2 2000 0.0 0.0 400
0.6792668232792387 23.0 2011 0.0 0.0 500
1.2381788016372088 23.714285714285715 2047 0.0 0.0 600
2.0416997783648667 24.75 2109 0.08333333333333333 0.0 700
3.0598762987174886 25.77777777777778 2182 0.18518518518518517 0.8888888888888888 800
4.166863200320992 27.0 2272 0.22380952380952376 18.7 900
5.546638940691479 29.454545454545453 2360 0.27164502164502163 47.54545454545455 1000
7.231291268588165 32.5 2463 0.31150793650793646 78.0 1100
9.160293579336868 36.76923076923077 2562 0.4798534798534798 86.38461538461539 1200
11.260568294445262 39.857142857142854 2661 0.802721088435374 89.78571428571429 1300
13.44149917316573 43.06666666666667 2748 1.3225396825396827 94.2 1400
15.978294417035244 45.75 2837 1.812797619047619 102.4375 1500
18.936469714396047 49.1764705882353 2920 2.235574229691877 113.82352941176471 1600
21.999773801533195 53.44444444444444 3010 2.6808201058201058 127.05555555555556 1700
25.338808713334 58.21052631578947 3100 3.144987468671679 145.73684210526315 1800
28.96880900424474 63.8 3196 3.667738095238095 168.5 1900
32.58548213947712 68.47619047619048 3290 4.131739362411631 193.57142857142858 2000
35.94564142135371 76.9090909090909 3393 4.537234463163255 220.86363636363637 2100
39.50898146162518 83.47826086956522 3485 5.001799148339733 244.69565217391303 2200
43.293072933265904 88.25 3576 5.2861444736806495 267.9166666666667 2300
49.01658627437307 92.4 3664 5.592959564298641 288.92 2400
54.837141130595725 99.84615384615384 3753 5.898824755881561 311.53846153846155 2500
59.03417135352682 103.48148148148148 3838 6.127757172330392 334.51851851851853 2600
63.182054010004606 108.07142857142857 3925 6.306527749509067 350.0 2700
67.26666883397041 114.06896551724138 3995 6.56160278241233 361.37931034482756 2800
71.20347042320151 120.06666666666666 4067 6.761064507847071 373.73333333333335 2900
75.9843449823641 122.96774193548387 4137 6.947859979785265 388.7741935483871 3000
80.77497222747783 126.125 4205 7.135151120122857 402.46875 3100
86.00652476054537 128.66666666666666 4273 7.390927073323908 414.969696969697 3200
91.44029618844891 130.76470588235293 4345 7.683350786853598 426.2647058823529 3300
97.2023791104525 143.25714285714287 4414 7.945459131719006 438.37142857142857 3400
103.92567868353116 155.27777777777777 4489 8.308927017790785 449.02777777777777 3500
110.57620623476632 164.32432432432432 4566 8.659878115879108 460.56756756756755 3600
117.71064197623109 171.05263157894737 4640 9.032863779496326 471.0263157894737 3700
126.86192686628084 177.84615384615384 4713 9.339713426175907 483.53846153846155 3800
136.31787269941998 184.4 4798 9.58997059052151 496.5 3900
145.34139551307146 188.82926829268294 4874 9.819483502947815 510.609756097561 4000
155.14824779870452 200.76190476190476 4950 10.04858771633278 524.1190476190476 4100
164.35482473130722 206.37209302325581 5025 10.270280917088694 535.8837209302326 4200
175.13989861360452 214.9090909090909 5105 10.4682000645243 547.0681818181819 4300
184.9737470286626 217.82222222222222 5181 10.695820310004008 555.8 4400
196.6000351573801 238.6086956521739 5251 10.914510206646433 563.6086956521739 4500
207.44252481412255 252.9787234042553 5319 11.178080746534707 569.3617021276596 4600
217.74226929814668 266.0416666666667 5392 11.453537397648569 574.6458333333334 4700
228.08681663062637 277.42857142857144 5461 11.68713867524758 581.3061224489796 4800
238.37310863331493 288.56 5538 11.878761755401165 587.52 4900
248.52702107770122 296.70588235294116 5613 12.0062556892355 593.9607843137255 5000
259.5686710527698 313.2307692307692 5690 12.193752648307425 597.8076923076923 5100
269.9768738252067 331.0943396226415 5767 12.382457729494448 601.0754716981132 5200
280.1696264110732 356.0740740740741 5834 12.588588392161467 603.9444444444445 5300
292.8277593383339 369.05454545454546 5896 12.79128391421786 606.6909090909091 5400
304.9120190455652 384.42857142857144 5956 12.993423685590955 608.0714285714286 5500
314.4586877483191 393.64912280701753 6013 13.197154157879893 610.4035087719299 5600
321.88535146964654 402.9655172413793 6066 13.382395921892108 613.5172413793103 5700
329.067967137649 417.49152542372883 6114 13.551420375922365 618.3728813559322 5800
336.4078943775643 433.23333333333335 6164 13.67973003632366 623.75 5900
344.9505726825749 441.73770491803276 6201 13.791289355151935 628.5409836065573 6000
353.6126369960042 455.48387096774195 6241 13.886949562685327 633.3709677419355 6100
361.0006206757614 467.2063492063492 6275 13.966345425006018 638.6666666666666 6200
369.19672614456795 478.78125 6306 14.032660751424508 642.234375 6300
375.1453046619533 485.4769230769231 6342 14.104465970633363 645.8 6400
381.47979462382114 484.54545454545456 6376 14.182326232339575 647.8939393939394 6500
387.3373909195663 489.3134328358209 6406 14.288773388786531 649.4179104477612 6600
393.3970257737566 492.7647058823529 6438 14.414778822144713 651.3088235294117 6700
399.05496311017686 492.7536231884058 6468 14.525587912557196 653.695652173913 6800
405.0201968802346 495.0 6498 14.640400942377807 656.9857142857143 6900
410.35937290889683 496.61971830985914 6529 14.744885767547299 659.9577464788732 7000
414.6651206183649 504.6388888888889 6559 14.84565124299803 662.5 7100
419.09199803621607 514.4931506849315 6589 14.89228615747751 664.8767123287671 7200
422.7358880960167 522.5135135135135 6617 14.915701209403489 667.8783783783783 7300
425.83333908889784 526.16 6645 14.957714082166998 669.1866666666666 7400
429.33890056556254 524.1842105263158 6666 15.014985539343565 670.9078947368421 7500
432.9988897571223 522.6493506493506 6688 15.079725986884556 672.9350649350649 7600
437.2375346575512 521.7179487179487 6710 15.125461023251797 674.8974358974359 7700
441.8535364731555 521.1392405063291 6731 15.162592194215847 677.8860759493671 7800
446.60667430146157 521.2 6748 15.211341041788149 680.725 7900
451.4838034942252 519.4320987654321 6764 15.274318312877183 682.9506172839506 8000
455.5756002174929 521.780487804878 6782 15.317905709652889 685.8536585365854 8100
458.7702410292039 522.7951807228916 6793 15.40463129185295 687.9638554216867 8200
461.50296582172354 530.1904761904761 6805 15.471242824092796 689.5595238095239 8300
463.5169191622022 534.5176470588235 6818 15.548863091071015 691.4470588235295 8400
465.9568024383088 538.4418604651163 6836 15.631351393998763 693.8720930232558 8500
468.9151063457821 535.5632183908046 6851 15.68752572876336 696.551724137931 8600
471.38767811231804 532.7727272727273 6864 15.725588357266469 699.7840909090909 8700
474.03646289543263 532.0224719101124 6873 15.725461361277922 702.8202247191011 8800
476.2136076368785 530.8666666666667 6885 15.736940909371004 704.9333333333333 8900
477.9981903691908 532.1758241758242 6896 15.76343769221471 707.3076923076923 9000
480.93726155293797 532.304347826087 6910 15.79945383770067 708.7717391304348 9100
483.96412366812996 538.258064516129 6921 15.842316853270708 709.4193548387096 9200
486.43242488051834 542.1702127659574 6931 15.875515216139775 709.9148936170212 9300
488.6452728732959 545.9578947368421 6946 15.915562424390933 711.3894736842105 9400
490.54038902399503 550.0625 6954 15.961731837542658 712.2083333333334 9500
492.27753978922505 549.4845360824743 6961 16.013224516940472 712.5257731958762 9600
493.5161332180849 549.1020408163265 6969 16.06125283819618 713.2142857142857 9700
494.9099492855802 547.6565656565657 6974 16.1154681774929 713.6363636363636 9800
496.466287801341 549.14 6977 16.19431349571797 714.25 9900
498.0994077089261 550.7524752475248 6977 16.267637124473236 716.049504950495 10000
499.21037462145506 550.0 6977 16.30422891737056 718.0588235294117 10100
499.6976824251601 548.8543689320388 6981 16.29665203005443 718.5436893203884 10200
500.02439840740203 547.5576923076923 6983 16.325530375919296 718.5769230769231 10300
500.63589753903557 544.5714285714286 6981 16.336508761573064 718.1904761904761 10400
501.21963525855773 542.5283018867924 6978 16.363208364451303 717.7735849056604 10500
501.6978566999553 540.373831775701 6976 16.409658130515623 717.2429906542056 10600
501.94055129441574 538.6851851851852 6977 16.454476110788626 717.5185185185185 10700
502.40712097709616 536.0 6979 16.512409639765163 717.8899082568807 10800
502.9185248395529 533.5454545454545 6981 16.538054400615785 719.1 10900
503.84905011727176 534.4144144144144 6980 16.555293666405063 720.6846846846847 11000
504.96014846452437 535.2857142857143 6979 16.56278157468662 722.0535714285714 11100
506.20657046509433 539.4513274336283 6981 16.583009037286605 723.2743362831858 11200
507.70679336370677 540.0350877192982 6983 16.602229954050646 723.2719298245614 11300
509.4645186495736 538.5739130434782 6986 16.62742795445021 723.1652173913044 11400
511.8393335490277 536.0344827586207 6988 16.649187326838696 723.6637931034483 11500
514.6064262884438 536.1367521367522 6990 16.680843342647517 724.1111111111111 11600
517.3326675963228 537.2203389830509 6993 16.709518535752473 725.2033898305085 11700
520.0329506420312 540.2352941176471 6999 16.775585006640505 725.9411764705883 11800
522.1877266782487 545.7 7005 16.824060069856774 727.2416666666667 11900
523.7321859501491 550.3471074380166 7011 16.85503005747307 729.0247933884298 12000
525.0442839980763 553.1639344262295 7017 16.884906860280665 731.4180327868852 12100
526.7831220061621 552.5853658536586 7026 16.9023650001525 733.780487804878 12200
528.7783201596505 552.0322580645161 7033 16.934335174882452 734.9677419354839 12300
530.9494947818054 551.2 7041 16.951102917725816 736.208 12400
532.7001605442558 553.2063492063492 7050 16.957613438786947 737.2936507936508 12500
534.716069008481 554.6771653543307 7061 16.970116124666223 737.3779527559055 12600
536.8767682926631 555.46875 7071 16.97767381119227 738.0 12700
539.76500341053 554.3875968992248 7082 16.97667234636508 738.922480620155 12800
541.7871374615311 553.2615384615384 7088 16.977071570074358 739.3307692307692 12900
544.1136314446941 552.3816793893129 7094 16.974277978784563 739.412213740458 13000
546.0561389463787 553.969696969697 7101 16.98695056094172 739.8409090909091 13100
547.9733496406942 556.3609022556391 7105 17.01963013065895 739.578947368421 13200
549.3177868436344 558.179104477612 7109 17.064938182601114 740.0373134328358 13300
550.6707449783642 556.6962962962963 7113 17.09260530717444 740.3037037037037 13400
551.5403167978757 559.1029411764706 7116 17.117414581876588 740.7058823529412 13500
552.9262955111701 561.6642335766423 7121 17.14080995460129 740.9124087591241 13600
554.0823917874478 564.1014492753624 7126 17.168292008070363 741.3333333333334 13700
554.9110463335751 563.1079136690647 7131 17.183717964846835 741.5107913669065 13800
555.7253852706173 561.2285714285714 7134 17.204755924084104 741.6928571428572 13900
557.1475448196541 559.4609929078014 7139 17.207736378523226 742.5602836879433 14000
557.9625513913635 557.887323943662 7142 17.214224377674924 743.3732394366198 14100
558.7841944920737 556.1118881118881 7143 17.21233780471527 744.1608391608391 14200
559.7306207062446 554.6666666666666 7146 17.211959727855042 744.5 14300
560.9469035918013 559.0068965517241 7148 17.216648915193225 744.9655172413793 14400
562.2784779021838 563.1917808219179 7150 17.221633816078505 746.0068493150685 14500
563.6044405651908 564.9387755102041 7153 17.236696833900403 746.6394557823129 14600
564.5374153458775 563.9054054054054 7158 17.254945503941617 747.081081081081 14700
565.6243508551231 562.0268456375838 7163 17.283633196966882 747.0469798657718 14800
566.6848040210565 564.0533333333333 7168 17.30982311706791 747.0 14900
567.8381804316556 564.5960264900663 7173 17.335756781535096 746.7019867549669 15000
568.6491642994555 565.7368421052631 7176 17.356255834967268 746.546052631579 15100
569.5522003918168 564.7581699346405 7179 17.392707321884693 746.437908496732 15200
570.2523803550671 564.8051948051948 7181 17.435192883891727 746.4350649350649 15300
571.2728647353985 564.5290322580645 7185 17.47629777891761 746.6516129032258 15400
571.8643565172663 564.2179487179487 7190 17.51479254624174 747.5320512820513 15500
572.1615499156045 563.0191082802547 7195 17.543832555973154 748.4968152866242 15600
572.6245919135213 562.5443037974684 7200 17.573782109852853 749.1392405063291 15700
573.2446876330634 561.7232704402516 7205 17.608126139090384 750.2767295597484 15800
573.6787627342185 561.475 7210 17.646351212790034 751.5125 15900
573.9493347365332 560.7080745341615 7216 17.67853279660436 752.9006211180124 16000
574.2034929913679 560.3703703703703 7222 17.69697806740722 753.716049382716 16100
574.3847508430026 559.8282208588957 7227 17.734010921799403 753.9325153374233 16200
574.7566637933323 558.9024390243902 7232 17.772218172276236 754.3353658536586 16300
575.5063215264231 558.6424242424242 7238 17.788144122747287 754.7515151515152 16400
576.4151611506527 557.9879518072289 7243 17.80000816874023 754.9457831325301 16500
577.2126859424136 557.9760479041917 7246 17.804728091646684 755.4131736526946 16600
578.1038727582678 557.0357142857143 7249 17.811672737359675 755.4940476190476 16700
578.771094545501 557.301775147929 7253 17.81417937274599 755.4497041420118 16800
579.2563799313839 559.2117647058824 7260 17.824614995812883 755.4294117647058 16900
579.865546970744 563.9766081871345 7266 17.835210017102657 755.2748538011696 17000
580.5032750134608 567.3837209302326 7273 17.837783085478673 755.2674418604652 17100
581.1827758965143 571.5375722543353 7281 17.83133475678933 755.2716763005781 17200
582.0277530857192 572.8505747126437 7288 17.82143115536013 755.5459770114943 17300
582.7472287173447 573.5657142857143 7295 17.813729744246796 755.7257142857143 17400
583.2879658356981 572.2386363636364 7302 17.80342446160903 756.0 17500
583.7371596234748 570.9039548022599 7308 17.80556227923733 756.3785310734463 17600
584.1764282750912 569.7303370786517 7313 17.8226024331597 756.5280898876405 17700
584.7140177754877 568.6927374301677 7316 17.8249079732965 756.340782122905 17800
585.7136311392918 567.5 7321 17.821376202273683 756.5277777777778 17900
586.6978453077229 566.0552486187845 7326 17.817311771795453 757.0110497237569 18000
587.454254069664 565.5714285714286 7329 17.80732654228009 757.5604395604396 18100
588.3498046982571 565.0491803278688 7331 17.814754630391494 757.655737704918 18200
588.9065146478652 565.2717391304348 7336 17.818478790008932 758.0434782608696 18300
589.8366688729325 565.7405405405406 7339 17.825434381186696 758.2648648648649 18400
590.5732529704519 566.5806451612904 7343 17.827567649149255 758.3279569892474 18500
591.160400704475 567.1764705882352 7346 17.836005284209445 758.5989304812834 18600
592.2176730849449 566.5531914893617 7349 17.850470977142137 758.9308510638298 18700
593.3571300599525 564.6666666666666 7352 17.86849569608394 759.2962962962963 18800
594.3703795055045 563.1473684210526 7354 17.897670796135507 759.7157894736843 18900
595.4392848970878 561.3717277486911 7357 17.932660190717474 760.0314136125654 19000
596.3501612743038 560.6145833333334 7359 17.96564980777971 760.28125 19100
597.1601847116633 559.9067357512953 7360 17.983098945217808 760.7098445595855 19200
597.8483665204758 559.1958762886597 7363 18.002555011260892 761.3711340206186 19300
598.3156496675665 558.1846153846154 7367 18.02087912697626 762.1692307692308 19400
598.7547329434026 557.1734693877551 7370 18.04396369543789 762.5255102040817 19500
599.3055456923515 556.1522842639594 7372 18.06339011191757 762.8121827411168 19600
599.7890447154848 555.030303030303 7375 18.080137183800957 763.1060606060606 19700
600.4200191397229 553.6683417085427 7377 18.098102184956698 763.251256281407 19800
600.8273888665095 552.84 7379 18.110011674031913 763.33 19900
601.0626823026938 551.681592039801 7382 18.10946435227056 763.3781094527363 20000
601.1500390588434 550.5247524752475 7383 18.101411353599364 762.7475247524752 20100
601.0851298319689 549.0837438423646 7385 18.085088533078576 762.2413793103449 20200
601.2419130600424 547.9705882352941 7384 18.068858655702638 761.6617647058823 20300
601.4061879515241 546.790243902439 7386 18.060595930552868 761.1219512195122 20400
601.7958927014483 546.2621359223301 7386 18.051164139913404 760.747572815534 20500
602.2548247898817 545.4975845410628 7388 18.04789764648387 760.3913043478261 20600
602.654578239761 545.4134615384615 7390 18.05759292764997 759.7163461538462 20700
603.1600356061601 545.3301435406698 7393 18.073266326720223 758.9138755980862 20800
603.6182315256891 546.0190476190476 7393 18.08482220135489 758.2285714285714 20900
603.7060759627315 546.9668246445498 7395 18.101304086656523 757.7535545023696 21000
603.8985330990639 547.3584905660377 7396 18.136465650189066 757.6556603773585 21100
604.0860495006045 546.5915492957746 7398 18.16305501333372 757.7089201877934 21200
604.3260982440853 545.6542056074767 7402 18.18356281298137 757.8971962616822 21300
604.6169792588868 545.3488372093024 7405 18.201313683618668 758.2883720930232 21400
604.6903401315616 544.9351851851852 7405 18.212727354836485 759.0462962962963 21500
604.7986360038244 544.9124423963134 7406 18.212018120617937 759.9861751152074 21600
605.0297499335504 544.5504587155963 7406 18.211601579336257 761.0045871559633 21700
605.3484654585365 543.9086757990867 7409 18.216343124636094 761.7671232876712 21800
605.9175604442029 543.1454545454545 7411 18.223570890491853 762.6681818181818 21900
606.4542062397711 542.3348416289592 7410 18.234437085557502 763.4298642533937 22000
607.0524867037927 541.5135135135135 7411 18.248583765352286 764.1036036036036 22100
607.7604634996246 540.1793721973094 7411 18.267087874027837 764.6816143497758 22200
608.5810832861209 539.1071428571429 7411 18.29658748173307 765.1964285714286 22300
609.3262950395632 539.5555555555555 7411 18.321935981814256 765.9155555555556 22400
610.1209488151331 540.5044247787611 7412 18.33257906475876 767.0530973451328 22500
611.1172215182397 540.4229074889868 7414 18.358426734077007 767.7136563876652 22600
612.4521063566841 540.219298245614 7418 18.385151234818885 768.4605263157895 22700
613.7143727529915 540.2445414847161 7420 18.40459908828002 769.0305676855895 22800
615.0687275390002 540.3478260869565 7423 18.420479713362027 769.4 22900
616.3119401028017 540.1125541125541 7426 18.431391820536163 770.1688311688312 23000
617.3028182389886 541.7758620689655 7430 18.442194010964887 771.0646551724138 23100
618.4669129134764 543.5879828326181 7432 18.451656950074607 771.9828326180258 23200
619.8754359466751 545.8632478632478 7435 18.456564399005913 772.8034188034188 23300
621.1407235080354 547.2936170212766 7438 18.45616896055753 774.0255319148936 23400
622.1746176415917 547.4152542372881 7441 18.45012715576832 775.3432203389831 23500
623.1236968202294 549.8565400843881 7442 18.44376027524013 776.3755274261604 23600
624.2910132548525 551.7731092436975 7444 18.443872997761364 777.4117647058823 23700
625.7581248858753 554.6443514644351 7444 18.45139831677669 778.3514644351465 23800
627.1308464797696 555.9 7445 18.458926092607324 779.2583333333333 23900
628.5908347505267 556.4730290456431 7447 18.458360343862733 780.0290456431535 24000
629.8133032107112 556.6528925619834 7449 18.448201830045118 780.9380165289256 24100
630.9715661046616 557.1522633744856 7449 18.438812796450968 782.1522633744856 24200
631.9190952616406 557.0573770491803 7448 18.435648263132176 782.8729508196722 24300
632.4927254082966 555.730612244898 7446 18.437611603554764 783.1836734693877 24400
633.0617407723081 554.3089430894308 7445 18.431142263077525 783.3414634146342 24500
633.5419319656075 552.9230769230769 7443 18.426905312152577 783.1781376518219 24600
633.971499629632 552.3709677419355 7440 18.421599690374183 783.0645161290323 24700
634.3294900371883 552.0240963855422 7438 18.411071177561436 783.3092369477912 24800
634.8279549341823 551.48 7438 18.402760226184522 783.468 24900
635.2177804416292 550.2390438247012 7437 18.39082654961569 783.9003984063745 25000
635.7187519527287 548.984126984127 7435 18.37394998011119 784.3452380952381 25100
636.4798681632107 547.9920948616601 7432 18.3519185572649 784.5177865612649 25200
637.3311423453886 547.1811023622047 7431 18.337325024717877 784.5 25300
637.9375290942835 546.5098039215686 7429 18.33194538635184 784.156862745098 25400
638.4377731212589 545.5625 7428 18.333438903257836 783.80859375 25500
638.9611685773668 544.7782101167315 7427 18.3302630374059 783.4669260700389 25600
639.6066036174861 547.6821705426356 7425 18.329483073144885 783.1240310077519 25700
639.8224031479335 551.7297297297297 7424 18.32847721385568 782.6447876447877 25800
640.0481489017379 555.5923076923077 7422 18.315915763033157 782.5038461538461 25900
640.1627442629111 554.528735632184 7421 18.3000558198347 782.471264367816 26000
640.3723435671462 553.5114503816794 7421 18.293590189247777 783.0839694656488 26100
640.676600136122 552.4790874524715 7421 18.282492888147974 783.7946768060837 26200
640.8483791716691 551.5984848484849 7420 18.271826879733275 784.2348484848485 26300
641.0513071105789 550.4830188679246 7419 18.26165303330318 783.9018867924528 26400
641.0972388774118 549.6917293233083 7418 18.250496885234593 783.6954887218045 26500
641.2023021366205 550.3295880149813 7417 18.24501891483251 783.4868913857678 26600
641.2939951668451 551.276119402985 7417 18.248401363476848 783.2276119402985 26700
641.5122986637849 551.8959107806692 7416 18.259067704351743 783.0334572490706 26800
641.6713676137608 550.9111111111112 7417 18.271833684531703 783.0592592592593 26900
642.1331429002498 549.6236162361623 7417 18.279764381753278 783.210332103321 27000
642.7397797509021 548.8382352941177 7417 18.284985836232128 783.4117647058823 27100
643.4575269856576 549.6190476190476 7419 18.288302650716542 783.7106227106227 27200
644.5065226497933 551.1021897810219 7420 18.305133662940204 784.0 27300
645.7664385263552 552.08 7423 18.321052910817755 784.6836363636363 27400
646.9397019245889 552.4130434782609 7426 18.33857770004248 785.1666666666666 27500
648.0063551091736 553.3068592057762 7429 18.356953128665324 785.8158844765343 27600
649.2555634921616 554.4604316546763 7434 18.368967576752752 786.3453237410072 27700
650.3105382288837 554.179211469534 7440 18.376711104308143 787.1756272401434 27800
651.5137378711684 553.9642857142857 7444 18.386794278935614 788.0857142857143 27900
652.8886175569559 554.5053380782919 7446 18.39747788964719 788.8576512455516 28000
654.4054473043346 556.1205673758865 7450 18.408834351031423 789.3262411347517 28100
656.0581469686781 557.4628975265018 7454 18.416951128423328 790.1166077738516 28200
657.5416618717172 558.4859154929577 7458 18.42636647336166 791.1443661971831 28300
659.1984025000611 558.4 7462 18.445497776538595 791.7052631578947 28400
660.7842198722433 558.2237762237762 7466 18.460188549430175 792.3636363636364 28500
662.4820129997184 558.5435540069686 7468 18.47442292572294 793.3275261324042 28600
664.189497759311 558.2708333333334 7471 18.48482627749228 794.4409722222222 28700
665.9831631506656 558.2837370242214 7474 18.494053574634233 795.7024221453287 28800
667.8121139254622 558.4758620689655 7477 18.502924654261932 796.9965517241379 28900
669.6157706535689 559.0584192439862 7480 18.507480141458874 798.3024054982818 29000
671.5906333159647 559.6232876712329 7482 18.514800967311146 799.0308219178082 29100
673.6903903394029 558.7849829351536 7483 18.51560369438517 799.8532423208192 29200
676.0021330351328 558.9387755102041 7483 18.51703871583284 800.6666666666666 29300
677.9288815373069 559.8305084745763 7484 18.516641974423237 800.9932203389831 29400
679.7879166888193 560.331081081081 7487 18.519834192285114 801.2567567567568 29500
681.5418409281947 559.7643097643098 7487 18.526371917097418 801.4040404040404 29600
683.2875329409195 558.9194630872483 7487 18.52584842197417 801.5838926174497 29700
684.6741555877239 557.9063545150501 7488 18.516886232757383 801.9096989966555 29800
686.1042327352912 557.64 7487 18.507755871240782 802.2933333333333 29900
687.4546180173073 557.2691029900333 7487 18.506068974658586 802.6345514950166 30000
688.4642623615257 557.1125827814569 7487 18.508650581648837 803.2317880794702 30100
689.5391275460306 557.1617161716172 7485 18.5065460178214 803.7128712871287 30200
690.7796593194015 556.4736842105264 7485 18.506318892762778 804.1151315789474 30300
692.0097437412056 556.2688524590164 7484 18.507000751194 804.6918032786886 30400
693.0590797270942 557.1372549019608 7483 18.51427634786766 804.8169934640523 30500
694.1082690779037 557.9153094462541 7483 18.524699831145895 804.7459283387623 30600
695.094107005578 558.2857142857143 7482 18.53533392260321 804.7987012987013 30700
696.1972011689754 558.906148867314 7482 18.546992812932917 804.8770226537217 30800
697.430550606957 558.3096774193548 7483 18.561605491203856 805.1516129032258 30900
698.2881734942322 558.823151125402 7482 18.573898127517076 805.3922829581993 31000
699.4293206361082 559.1602564102565 7481 18.59052024890324 805.9775641025641 31100
700.5747145132818 559.55910543131 7479 18.605502612325274 806.7539936102237 31200
701.6585939799043 559.5987261146497 7479 18.62064432375099 807.7547770700637 31300
702.7461961554441 560.2857142857143 7478 18.63825074388723 808.5238095238095 31400
703.9143662284373 561.1455696202531 7479 18.653016873894188 809.4683544303797 31500
704.9617689299 561.6466876971609 7480 18.670981571727193 810.3123028391167 31600
705.8209939682023 561.8364779874214 7480 18.67844225313959 811.122641509434 31700
706.7245084236724 562.1692789968652 7481 18.68101766927395 812.0595611285266 31800
707.745076454686 562.41875 7481 18.682758536676516 812.99375 31900
708.6140854229913 561.7632398753894 7480 18.678649121807233 813.8816199376947 32000
709.6186496596698 560.8012422360248 7480 18.66573946344893 814.9254658385094 32100
710.6030055834073 559.8947368421053 7480 18.654794247718772 815.7461300309598 32200
711.5552941475307 558.9382716049382 7480 18.647161605540067 815.7407407407408 32300
712.5779456249859 558.4615384615385 7481 18.634585723676864 815.5661538461538 32400
713.6219258933954 557.6932515337423 7481 18.623200727356004 815.3588957055215 32500
714.5554411431119 556.8623853211009 7482 18.62514586048109 814.6880733944954 32600
715.5782371399418 557.0121951219512 7482 18.62408097087281 814.2591463414634 32700
716.6648252059972 557.9270516717326 7481 18.62603411888434 813.9969604863222 32800
717.8046409335439 559.4484848484849 7479 18.622924924584694 814.1969696969697 32900
718.7736830239619 559.4561933534743 7479 18.614569087522934 814.429003021148 33000
719.6955465554528 559.2530120481928 7479 18.61035136651921 814.4849397590361 33100
720.8991595955727 559.027027027027 7478 18.60366747468166 814.3303303303303 33200
721.7798725473123 558.6167664670659 7478 18.60210958803092 814.1467065868263 33300
722.7282965186623 557.3313432835821 7477 18.604133141499485 814.0358208955224 33400
723.4827607679478 556.0952380952381 7475 18.61162084048312 813.8690476190476 33500
724.0222885874073 555.0148367952522 7472 18.607669443330355 813.9080118694362 33600
724.5473509261782 554.0591715976332 7469 18.594222196456595 814.0177514792899 33700
725.110273330049 554.1356932153392 7467 18.57928175270512 814.3923303834808 33800
725.7813884397762 554.8235294117648 7464 18.568927463813083 814.7205882352941 33900
726.5679785939814 554.7565982404692 7462 18.556454918387487 814.8651026392962 34000
727.3177580001876 554.6842105263158 7459 18.54697928843222 814.8333333333334 34100
728.4111271499681 554.4606413994169 7459 18.536282698030046 814.8425655976677 34200
729.5865743749979 553.6104651162791 7459 18.531816759954378 814.8023255813954 34300
730.7535854569818 552.9855072463768 7459 18.530544894724986 814.7246376811594 34400
731.7070050878898 553.1965317919075 7458 18.53334678809283 814.8410404624277 34500
732.4992546542579 553.7521613832853 7457 18.540065860360187 815.0605187319885 34600
733.2885644342523 553.551724137931 7458 18.552579282721524 815.1465517241379 34700
734.2806591946154 553.3008595988539 7458 18.566038940937222 815.3409742120344 34800
735.4643920800346 554.3428571428572 7459 18.579659782058354 815.6657142857143 34900
736.7363100650857 556.1994301994303 7459 18.58628400463016 816.1794871794872 35000
738.1485954073185 559.3522727272727 7461 18.594264302449986 816.7414772727273 35100
739.4465472713415 560.8668555240794 7463 18.606672502653698 817.4674220963173 35200
740.8418736432886 561.2429378531074 7466 18.617529359990836 818.2683615819209 35300
741.9627695884177 561.3577464788732 7468 18.61994812369844 818.9042253521127 35400
743.2315761544216 561.9494382022472 7471 18.627816394787992 819.3314606741573 35500
744.4461901463324 562.6330532212885 7473 18.639382054065212 819.6582633053222 35600
745.6237450952682 562.6983240223464 7475 18.647791601400225 820.0586592178771 35700
746.9004071785056 562.6239554317549 7478 18.653105707122105 820.3983286908078 35800
748.2814357227651 564.1444444444444 7481 18.661525442730973 820.4777777777778 35900
749.6425286302376 565.9501385041551 7483 18.668157105093368 820.5373961218836 36000
750.9267648444805 567.8011049723757 7485 18.669591753974323 820.4944751381215 36100
751.9473829001835 567.4325068870523 7488 18.670157616911034 820.5537190082645 36200
752.8371897969604 567.1648351648352 7490 18.668316524556882 820.6291208791209 36300
753.912398044745 566.772602739726 7491 18.66683903341581 820.6 36400
755.013854868687 566.4371584699453 7492 18.66484630381631 820.6475409836065 36500
756.0882012423197 565.9291553133515 7493 18.662671427420808 820.5422343324251 36600
756.915963943152 565.2391304347826 7494 18.659292849734094 820.1929347826087 36700
757.8186307075337 564.7317073170732 7495 18.658655856711082 819.8428184281843 36800
758.6908605581016 564.4594594594595 7496 18.66260871148 819.3054054054054 36900
759.3930286456201 564.0592991913746 7497 18.664191976408627 818.7735849056604 37000
760.1582573192557 564.3010752688172 7498 18.660563196134106 818.1854838709677 37100
760.797404440022 564.4718498659518 7499 18.657922747017594 817.6863270777479 37200
761.4344359463266 564.3850267379679 7500 18.657736416929623 816.975935828877 37300
761.9919246826481 564.7786666666667 7501 18.660283528419964 816.472 37400
762.5073560655975 565.3776595744681 7502 18.661787578747607 815.938829787234 37500
763.0524572995922 565.554376657825 7503 18.66670136690553 815.4429708222812 37600
763.536894456949 564.8835978835979 7505 18.669934667228237 814.968253968254 37700
764.1339168547762 564.6068601583113 7505 18.67716904727746 814.6411609498681 37800
764.9285583014387 564.4842105263158 7507 18.683056196401164 814.4447368421053 37900
765.7404205839916 564.0262467191601 7509 18.687679262668997 814.3753280839895 38000
766.7472112237557 563.3717277486911 7511 18.68559604965649 814.5078534031413 38100
767.703857103781 562.9451697127937 7513 18.684218239440263 814.5456919060052 38200
768.6704944079073 562.5416666666666 7515 18.68299948417145 814.7630208333334 38300
769.644119210551 562.7792207792207 7516 18.68165835997014 815.0077922077922 38400
770.5226818674853 563.5440414507772 7518 18.674571022109973 815.2849740932643 38500
771.3574970405567 565.6020671834625 7520 18.670009057993642 815.6925064599483 38600
772.1564900344845 567.2113402061856 7521 18.66172178066517 816.2036082474227 38700
773.0867357216711 568.3084832904884 7524 18.655937829316116 816.5552699228792 38800
774.0395590744992 567.9846153846154 7525 18.655316945403634 816.9564102564102 38900
774.9544304772921 567.2378516624041 7526 18.654522854970903 817.4117647058823 39000
775.970698751401 566.9234693877551 7527 18.655120727506407 817.8622448979592 39100
777.0601729588456 566.8142493638677 7527 18.65454426618596 818.2671755725191 39200
778.0777673630943 566.4213197969543 7529 18.650590535037136 818.8502538071066 39300
779.1293510582526 566.126582278481 7530 18.643337683773026 819.2025316455696 39400
780.1239026561749 565.8282828282828 7531 18.63474687979972 819.7449494949495 39500
781.0011707342762 565.6070528967255 7531 18.62541142526262 820.4382871536524 39600
781.5297060331092 565.0100502512563 7531 18.62123441907594 820.9195979899497 39700
782.0271686314353 564.561403508772 7530 18.620048739198925 821.5263157894736 39800
782.4121844819966 564.5 7529 18.62609861735093 821.6875 39900
782.7226955519968 564.6982543640897 7528 18.62765448114806 822.2244389027431 40000
783.1233143934345 564.4726368159204 7526 18.622074781902953 822.5970149253732 40100
783.5169410507211 563.7171215880893 7525 18.612627486699264 823.0868486352357 40200
783.8667763016084 563.0247524752475 7523 18.60734870579159 823.4975247524752 40300
784.219692399331 563.0222222222222 7521 18.600515746024204 824.2271604938271 40400
784.5511754914555 563.2364532019704 7520 18.588541890577797 824.628078817734 40500
784.9873101412525 563.5380835380836 7519 18.580045312916937 824.970515970516 40600
785.6317384876726 563.5490196078431 7518 18.57461293804125 824.906862745098 40700
786.0504282723776 563.5696821515893 7516 18.575759308023713 824.7310513447433 40800
786.363542458499 563.6829268292682 7514 18.569273716215523 824.6682926829268 40900
786.6286988430298 563.9075425790754 7513 18.565455531991155 824.4014598540145 41000
786.9731739853208 563.8252427184466 7511 18.559835494292148 824.3252427184466 41100
787.2870496805997 563.7239709443099 7510 18.55275686993881 823.8329297820824 41200
787.5818356798369 563.2173913043479 7509 18.544899969286785 823.5338164251208 41300
788.018371147179 562.7759036144578 7508 18.541557788003782 823.0987951807228 41400
788.5812903095549 562.5384615384615 7507 18.534137085279124 822.6514423076923 41500
789.1477788640735 562.4892086330935 7506 18.529728248561224 822.1750599520384 41600
789.5247998046036 562.8421052631579 7506 18.523676267105333 821.921052631579 41700
790.0415474434744 563.5656324582338 7506 18.517255400914948 821.6658711217184 41800
790.6163657786733 563.8857142857142 7505 18.515609761761635 821.4238095238095 41900
791.1499057625322 563.2494061757719 7505 18.51458297689601 821.2019002375297 42000
791.5219811446093 562.4786729857819 7505 18.507777939374588 820.9194312796209 42100
791.9025841111186 563.3475177304964 7505 18.498425566321533 820.7895981087471 42200
792.3099465434522 564.183962264151 7505 18.485990143881182 820.6580188679245 42300
792.6952014984159 564.8423529411765 7504 18.47476260404684 820.7858823529411 42400
793.1214912169849 564.3427230046948 7503 18.460346103411364 820.612676056338 42500
793.6819595996716 563.9297423887588 7503 18.45286676046817 820.1545667447307 42600
794.2720739252518 563.6308411214953 7502 18.450406791401655 819.7079439252336 42700
794.857412473175 563.2027972027972 7502 18.45112523871693 819.2960372960373 42800
795.3583361594325 563.1395348837209 7501 18.44790556761914 818.9046511627907 42900
795.7299578625752 562.9419953596288 7500 18.439632823706283 818.6751740139212 43000
796.2174362426593 562.7453703703703 7500 18.432582607433673 818.4976851851852 43100
796.7818187853325 562.0969976905312 7499 18.423185502944534 818.6004618937644 43200
797.3919936167748 561.4884792626729 7498 18.411677175584227 818.721198156682 43300
798.0262291432641 560.8091954022989 7496 18.40024228552541 818.7862068965517 43400
798.5460060176146 560.045871559633 7495 18.394262609293186 818.6559633027523 43500
799.0459348292089 559.3821510297482 7494 18.39030930049999 818.4782608695652 43600
799.5691042736312 558.7716894977169 7493 18.388001083706218 818.5456621004566 43700
800.129494414876 558.0501138952164 7492 18.390859525754397 818.6104783599089 43800
800.695805243384 557.3227272727273 7491 18.39469148837069 818.6909090909091 43900
801.3450113491739 556.5532879818594 7490 18.393040638434854 818.8390022675737 44000
801.9952199090854 555.8280542986425 7488 18.39529915361447 819.1674208144797 44100
802.3897839303736 555.0248306997743 7486 18.392600961394123 819.5733634311513 44200
802.7515304995414 554.2612612612612 7483 18.391153661931526 819.9662162162163 44300
803.0279805993679 553.5056179775281 7481 18.39083646269123 820.2696629213483 44400
803.3664581692242 552.7174887892377 7479 18.39093499665088 820.2421524663677 44500
803.7920054112299 551.9507829977629 7477 18.386481003369784 820.4026845637584 44600
804.297743534053 551.7053571428571 7475 18.381484724675097 820.5647321428571 44700
804.8483421805423 551.3496659242762 7473 18.375862582431147 821.0824053452116 44800
805.196517601011 551.0044444444444 7472 18.36566225288289 821.7733333333333 44900
805.620357434363 550.3858093126386 7470 18.349921686172873 822.6851441241685 45000
805.887539188721 549.5752212389381 7469 18.334811239964527 823.6172566371681 45100
806.1235556049975 548.9757174392936 7467 18.323544039061225 824.2671081677704 45200
806.1640899298513 548.4845814977973 7464 18.31640701107504 824.7290748898679 45300
806.1046901897734 547.8241758241758 7462 18.30867864401773 824.7252747252747 45400
806.1957482709548 547.0350877192982 7461 18.297767799038155 824.6469298245614 45500
806.4517259797876 546.1925601750547 7460 18.28972167618506 824.6980306345733 45600
806.7580048451171 545.3668122270742 7459 18.278983044951964 824.5960698689956 45700
807.2305281329856 544.884531590414 7457 18.271582979366393 824.3725490196078 45800
807.6309595456235 544.4869565217391 7455 18.2640097093849 824.1478260869566 45900
807.8988052048419 544.1084598698482 7455 18.255270630010198 824.0520607375271 46000
808.2912881879402 543.5194805194806 7454 18.24445217162737 824.0670995670996 46100
808.481606558156 542.755939524838 7452 18.232998012445854 824.0151187904968 46200
808.5617074589874 542.0344827586207 7451 18.215634806790227 823.6810344827586 46300
808.6091882291652 541.3763440860215 7450 18.200230498773358 823.2752688172043 46400
808.8853560256993 540.862660944206 7448 18.18608784984372 823.0536480686695 46500
809.0888561716584 540.9721627408993 7446 18.174531930859494 822.9014989293362 46600
809.2518111782199 541.0555555555555 7444 18.164937227003634 822.7863247863248 46700
809.3527070386011 541.0319829424307 7443 18.158024944905712 822.7526652452026 46800
809.5620111083801 540.3319148936171 7443 18.154497232256976 822.9340425531915 46900
809.9747715581129 540.3821656050956 7442 18.150408217811783 823.0594479830148 47000
810.2708592356166 540.5593220338983 7441 18.14313605785445 823.1567796610169 47100
810.4919220513742 540.2536997885835 7440 18.136205251949605 823.3171247357294 47200
810.7080034169012 539.8565400843881 7440 18.131476415641917 823.4725738396625 47300
811.0260669335614 539.2884210526316 7440 18.128872753381845 823.4968421052631 47400
811.3707230668178 538.9411764705883 7440 18.12784786449034 823.59243697479 47500
811.7771706027756 538.5199161425577 7440 18.130979465658328 823.7505241090147 47600
812.195142144543 538.673640167364 7440 18.13114588166279 824.1004184100418 47700
812.7603120207443 538.8267223382046 7441 18.12972386520838 824.4237995824635 47800
813.3310321330116 538.7833333333333 7441 18.130842496044753 824.675 47900
814.0313792909948 538.9563409563409 7441 18.13793608158906 824.7671517671517 48000
814.9066814381463 539.0331950207469 7442 18.146640225264875 824.7863070539419 48100
815.6734618313892 539.1262939958592 7443 18.158989026270767 824.776397515528 48200
816.4429356594466 538.702479338843 7444 18.170827662350558 824.8305785123966 48300
817.1053721372524 538.5154639175257 7444 18.175205579844803 824.8350515463917 48400
818.0339550964501 538.0452674897119 7445 18.182228274730143 824.90329218107 48500
818.7098605387201 537.9507186858316 7446 18.190067641722482 825.0821355236139 48600
819.1013724965547 537.9016393442623 7447 18.194770061482984 825.3217213114754 48700
819.4006229513036 538.0327198364008 7447 18.200320819862554 825.6421267893661 48800
819.726651475405 537.6775510204081 7446 18.208330369209772 825.9714285714285 48900
819.9177660617157 537.3441955193483 7446 18.216052710616676 826.1568228105906 49000
820.0786338767944 536.7439024390244 7446 18.224137051422534 826.3252032520326 49100
820.4120641291303 536.1744421906694 7445 18.232176327180298 826.4787018255578 49200
820.7071800535326 535.5425101214574 7445 18.239340805407522 826.6315789473684 49300
821.0489479653859 535.0262626262627 7445 18.243458859897157 826.5454545454545 49400
821.3450841869451 534.5241935483871 7444 18.245272162886998 826.6129032258065 49500
821.8396302103743 534.7927565392354 7444 18.244656713745158 826.8571428571429 49600
822.4235830487321 534.7710843373494 7443 18.243435241702223 827.0120481927711 49700
823.0379536163517 535.2104208416833 7443 18.243065278350944 827.2725450901804 49800
823.8440053585595 535.32 7443 18.242795364010455 827.444 49900
824.4191404237376 535.4570858283433 7444 18.244306750509434 827.6447105788424 50000
825.0990602309273 535.2629482071713 7444 18.252150398778976 827.6195219123506 50100
825.662599287847 534.9502982107356 7444 18.25426199980384 827.6341948310139 50200
826.2137100672626 534.9007936507936 7445 18.25429376224524 827.7400793650794 50300
826.7817832187296 534.7049504950495 7446 18.254681299349706 827.8079207920792 50400
827.3386485886084 534.3873517786561 7447 18.254281991601875 827.7391304347826 50500
827.9736891304003 534.1735700197239 7447 18.254091878673357 827.5364891518738 50600
828.5882802113528 533.9094488188977 7448 18.251154502459244 827.4074803149606 50700
829.1653571810688 533.5834970530452 7449 18.248936028425952 827.4047151277014 50800
829.7426124194702 533.3529411764706 7450 18.247945153357644 827.2882352941176 50900
830.3953839520863 532.9275929549902 7451 18.24996884441184 827.146771037182 51000
830.8535839789571 532.671875 7452 18.252564505591543 826.87109375 51100
831.2445232774895 532.6705653021443 7452 18.256416370938485 826.6023391812865 51200
831.56413614464 532.6575875486382 7453 18.262820983245554 826.4396887159533 51300
831.8156128671227 532.8776699029127 7454 18.265546897193946 826.5242718446602 51400
832.1383901142743 532.6395348837209 7455 18.267745449718767 826.6569767441861 51500
832.3869553352528 532.7852998065764 7456 18.27135393692112 826.8607350096712 51600
832.6490162053991 532.5675675675676 7456 18.27394380041318 827.1814671814672 51700
832.6979987024658 532.5009633911368 7456 18.273302630220833 827.6685934489402 51800
832.7385416582908 532.0923076923077 7456 18.273618394393488 828.1730769230769 51900
832.7227146629214 531.6660268714012 7456 18.270022197859145 828.6948176583493 52000
832.7452601129826 531.2068965517242 7456 18.266021807023822 829.2394636015325 52100
832.8153358854303 530.8068833652007 7454 18.26133056073888 829.6845124282983 52200
833.0084842374123 530.412213740458 7453 18.257138166785246 830.1717557251908 52300
833.0113964708339 530.0152380952381 7452 18.256775363927876 830.5085714285714 52400
832.956446512147 529.4524714828897 7451 18.255595873951517 830.8688212927757 52500
832.9632695796099 528.8804554079696 7450 18.255110872293166 831.3244781783682 52600
833.0304429021735 528.1363636363636 7448 18.25351362576587 831.594696969697 52700
833.138551498376 527.4706994328923 7446 18.251354074698465 831.867674858223 52800
833.2632739386939 527.045283018868 7444 18.247106236821676 832.1396226415094 52900
833.3992696214654 526.6779661016949 7442 18.245419316133408 832.3389830508474 53000
833.537011683206 526.6842105263158 7441 18.239813561581908 832.4718045112782 53100
833.6636360717769 526.9756097560976 7440 18.23733533523545 832.6210131332083 53200
833.8062987988324 527.0486891385768 7439 18.235415458600404 832.5318352059925 53300
834.0111273956732 526.7401869158879 7439 18.2279906781072 832.4168224299066 53400
834.2103954502154 526.6902985074627 7439 18.221716189649655 832.223880597015 53500
834.5172887755176 526.8454376163874 7438 18.213588492568633 832.0912476722533 53600
834.737924318038 527.0 7438 18.207615279757167 831.9646840148699 53700
834.923202921451 526.9276437847866 7438 18.2045399267335 831.8311688311688 53800
835.0602007245731 527.0777777777778 7438 18.199854516877792 831.7111111111111 53900
835.2750149644384 526.8909426987061 7438 18.19508407898901 831.6414048059149 54000
835.542124999108 526.7380073800738 7438 18.18964009442343 831.4335793357934 54100
835.8634903852792 526.5230202578269 7437 18.185847819447712 831.1896869244936 54200
836.2136343954477 526.4117647058823 7438 18.18409817741415 830.9889705882352 54300
836.532976972928 526.0330275229358 7438 18.185808601069844 830.811009174312 54400
836.8522214026591 525.7545787545788 7438 18.187466294274678 830.7399267399268 54500
837.2729936928623 525.2687385740402 7438 18.187048958587646 830.6892138939671 54600
837.780342201449 525.5109489051094 7438 18.185101788955183 830.6532846715329 54700
838.2159902513656 525.9162112932605 7438 18.185295896200564 830.5318761384335 54800
838.7785700975639 526.9127272727272 7439 18.186302868088898 830.4854545454546 54900
839.2745118630652 527.5208711433756 7440 18.188204392018303 830.3865698729583 55000
839.8761556887531 528.3985507246376 7441 18.192050237523905 830.2047101449275 55100
840.3522246993836 528.9547920433996 7443 18.195491806886857 829.9837251356239 55200
840.8101488426965 529.3393501805054 7444 18.20156668739745 829.8285198555957 55300
841.3389192264832 529.218018018018 7445 18.20785631082972 829.8306306306306 55400
841.7446836097985 529.3561151079136 7446 18.208334418562988 830.0719424460432 55500
842.0520671763069 530.2046678635547 7446 18.210012197242154 830.245960502693 55600
842.4849523682756 530.9605734767025 7446 18.212211996171828 830.6164874551971 55700
842.9190144426932 531.3488372093024 7447 18.21485115181374 831.0983899821109 55800
843.3546795503119 531.3785714285714 7448 18.216015108090257 831.6446428571429 55900
843.8118193578148 531.4723707664884 7448 18.21919511681024 832.0944741532977 56000
844.4625960056738 531.7508896797153 7448 18.22425437816823 832.4537366548043 56100
844.9804303315447 532.0532859680284 7449 18.22740845564928 833.0213143872114 56200
845.3197302938382 532.3120567375887 7449 18.22926185780722 833.5514184397163 56300
845.6178797188851 532.1486725663717 7449 18.231323233977367 834.1168141592921 56400
845.8425375711795 531.8374558303886 7449 18.2302078219032 834.660777385159 56500
846.0914765439192 531.4144620811287 7449 18.232646438135834 835.3439153439153 56600
846.3391872017396 531.3345070422536 7448 18.23311713102644 836.2200704225352 56700
846.5534260066132 531.2161687170475 7448 18.23413944681517 836.7750439367311 56800
846.6666646085579 531.0280701754386 7447 18.23335273600622 837.1245614035088 56900
846.919463776132 530.4413309982486 7446 18.234393425097092 837.4413309982486 57000
847.209564140226 529.8881118881119 7445 18.228674141072386 837.701048951049 57100
847.4146769295085 529.4205933682373 7444 18.221294256009433 837.9214659685864 57200
847.5623155282617 529.0418118466899 7443 18.211036484367135 837.8571428571429 57300
847.6004227830881 528.6608695652174 7441 18.204819662022782 837.4678260869565 57400
847.7603928791083 528.7222222222222 7440 18.198532359368805 837.4236111111111 57500
847.805799245385 528.3986135181975 7439 18.194091858982315 836.9324090121318 57600
847.6751844578409 527.9550173010381 7437 18.191449254843363 836.378892733564 57700
847.4357486767047 527.4887737478412 7436 18.18973690725296 836.0397236614854 57800
847.253103943328 527.1275862068966 7434 18.185140480729782 835.9137931034483 57900
847.161272421737 526.7332185886403 7432 18.181978149587316 835.8571428571429 58000
847.051688816988 526.2164948453608 7430 18.18420543948418 835.7560137457044 58100
846.8564533260333 525.8490566037735 7428 18.186633903567397 835.6466552315609 58200
846.6476840503692 525.5 7427 18.184235068605318 835.6917808219179 58300
846.4341479780693 525.5658119658119 7425 18.180632825884494 835.8735042735043 58400
846.201733938786 525.8668941979522 7424 18.177033501218183 836.0955631399318 58500
846.0420696428695 526.4156729131175 7422 18.175087077465886 836.2879045996593 58600
845.862320082618 526.9965986394558 7420 18.17308863005523 836.5170068027211 58700
845.6972259787858 527.2597623089983 7418 18.17392662332622 836.6315789473684 58800
845.5631604625991 527.3389830508474 7417 18.174196804190636 836.6355932203389 58900
845.4908847930712 527.2351945854484 7416 18.173676448627987 836.6531302876481 59000
845.6112291959088 526.7162162162163 7416 18.176010703876173 836.6841216216217 59100
845.7215360434327 526.2023608768972 7415 18.18012431924128 836.7386172006745 59200
845.7917241803118 525.7104377104378 7415 18.181691637072706 836.7575757575758 59300
845.8707429522534 525.3613445378152 7414 18.183378180851047 836.6319327731093 59400
845.9858891323458 524.9865771812081 7414 18.182029073743625 836.7214765100671 59500
846.1972242043531 524.6800670016751 7413 18.17803907529514 837.0 59600
846.4557617431306 524.2842809364548 7412 18.175288731245036 837.2107023411371 59700
846.6624997794419 524.0233722871452 7411 18.168782035162454 837.4023372287145 59800
846.8023313973395 524.2866666666666 7411 18.15924147251126 837.7183333333334 59900
