0 0 0 0 0 0 0 0
0 7 0 0 1949 0 1977 100
0 11 0 0 4408 4 4474 200
0 12 0 0 5390 8 5491 300
0 13 0 0 6708 10 6831 400
0 17 0 0 8253 11 8397 500
0 18 0 0 10136 14 10318 600
0 18 0 0 12179 15 12421 700
0 19 0 0 14455 15 14778 800
0 20 0 0 16970 26 17406 900
0 20 0 0 19671 48 20313 1000
0 21 0 0 22519 83 23361 1100
0 21 0 0 25463 125 26530 1200
0 24 0 0 28558 181 29944 1300
0 26 0 0 31778 244 33556 1400
0 27 0 0 35088 329 37315 1500
0 28 0 0 38637 442 41393 1600
0 28 0 0 42216 559 45514 1700
0 32 0 0 45800 702 49783 1800
0 35 0 0 49469 865 54192 1900
0 35 0 0 53253 1051 58807 2000
0 37 0 0 57059 1250 63521 2100
0 41 0 0 60961 1472 68395 2200
0 43 0 0 64983 1726 73490 2300
0 45 0 0 69060 1982 78614 2400
0 48 0 0 73046 2225 83667 2500
1 50 0 0 77159 2494 88908 2600
1 51 0 0 81158 2786 94086 2700
1 52 0 0 85273 3099 99502 2800
1 54 0 0 89406 3416 104957 2900
1 54 0 7751 93485 3695 110336 3000
1 55 0 10716 97698 3977 118861 3100
1 59 0 16687 101883 4320 130380 3200
1 59 0 19797 106058 4697 139115 3300
1 63 0 19797 110244 5054 144755 3400
1 65 0 19797 114431 5424 150369 3500
1 67 0 19797 118626 5790 156028 3600
1 69 0 19797 122927 6207 161834 3700
1 72 0 19797 127167 6588 167605 3800
1 76 0 19797 131442 6942 173363 3900
1 77 0 19797 135765 7321 179261 4000
1 79 0 19797 140068 7724 185173 4100
1 80 0 19797 144351 8120 191019 4200
1 82 0 19797 148693 8521 197112 4300
1 84 0 19797 153019 8967 203178 4400
1 87 0 19797 157499 9397 209817 4500
1 89 0 19797 161903 9850 216461 4600
1 92 0 19797 166369 10298 223309 4700
1 95 0 19797 170853 10725 230083 4800
1 98 0 19797 175356 11118 236827 4900
1 100 0 19797 179686 11512 243416 5000
1 103 0 19797 184083 11933 249947 5100
2 104 0 19797 188506 12395 256451 5200
2 107 0 19797 192957 12825 262916 5300
2 108 0 19797 197408 13310 269463 5400
2 112 0 19797 201779 13796 275767 5500
2 113 0 19797 206138 14292 282147 5600
2 114 0 19797 210482 14754 288555 5700
2 115 0 19797 214942 15197 294934 5800
2 117 0 19797 219296 15727 301315 5900
2 117 0 28586 223693 16254 307648 6000
3 119 0 31157 228074 16720 316556 6100
3 120 0 36467 232354 17239 328097 6200
3 123 0 39294 236759 17755 337309 6300
3 124 0 39294 241126 18287 343802 6400
3 127 0 39294 245503 18843 350226 6500
5 129 0 39294 249877 19412 356623 6600
5 132 0 39294 254203 19958 362933 6700
5 134 0 39294 258586 20454 369278 6800
5 135 0 39294 262897 21007 375685 6900
5 140 0 39294 267224 21559 382172 7000
5 143 0 39294 271574 22103 388727 7100
5 146 0 39294 275982 22599 395265 7200
5 149 0 39294 280406 23122 401788 7300
5 151 0 39294 284720 23652 408104 7400
5 157 0 39294 289055 24146 414422 7500
5 158 0 39294 293293 24693 420648 7600
5 161 0 39294 297583 25268 426996 7700
5 164 0 39294 301851 25770 433219 7800
5 166 0 39294 306167 26320 439559 7900
5 167 0 39294 310509 26866 446087 8000
5 170 0 39294 314946 27397 452835 8100
5 172 0 39294 319264 27938 459552 8200
5 174 0 39294 323729 28489 466377 8300
5 176 0 39294 328119 29055 473111 8400
5 181 0 39294 332566 29602 479764 8500
5 182 0 39294 336876 30096 486172 8600
5 188 0 39294 341192 30568 492613 8700
6 190 0 39294 345610 31114 499335 8800
6 191 0 39294 350019 31650 505983 8900
7 194 0 48198 354501 32254 512706 9000
7 197 0 50837 358797 32833 521784 9100
7 200 0 56202 363189 33370 533482 9200
7 202 0 58932 367573 33938 542646 9300
7 204 0 58932 371905 34490 548955 9400
7 206 0 58932 376316 35002 555323 9500
8 209 0 58932 380668 35562 561780 9600
8 212 0 58932 385117 36052 568283 9700
9 214 0 58932 389464 36500 574649 9800
11 216 0 58932 393862 36949 581012 9900
11 219 0 58932 398281 37440 587377 10000
11 220 0 58932 402718 38013 593858 10100
11 222 0 58932 407064 38552 600238 10200
11 224 0 58932 411494 39109 606799 10300
11 225 0 58932 415836 39662 613135 10400
12 230 0 58932 420187 40185 619498 10500
12 230 0 58932 424564 40701 625884 10600
13 232 0 58932 428959 41254 632537 10700
13 234 0 58932 433477 41744 639185 10800
14 234 0 58932 437937 42269 645714 10900
16 236 0 58932 442410 42714 652130 11000
16 239 0 58932 446782 43156 658321 11100
16 239 0 58932 451147 43540 664406 11200
16 240 0 58932 455595 43968 670583 11300
16 242 0 58932 459884 44389 676703 11400
16 244 0 58932 464238 44766 682840 11500
16 245 0 58932 468594 45124 688998 11600
17 247 0 58932 472988 45549 695344 11700
17 248 0 58932 477485 45957 701891 11800
17 249 0 58932 481798 46294 708246 11900
17 251 0 67883 486254 46667 714660 12000
18 252 0 70511 490559 47041 723478 12100
19 254 0 75970 494904 47441 735132 12200
19 257 0 78803 499225 47824 744103 12300
19 257 0 78803 503550 48198 750157 12400
19 258 0 78803 507855 48557 756103 12500
19 259 0 78803 512154 48884 761931 12600
19 261 0 78803 516481 49201 767793 12700
19 261 0 78803 520792 49531 773655 12800
19 263 0 78803 525043 49883 779480 12900
20 263 0 78803 529340 50235 785265 13000
21 263 0 78803 533597 50599 791057 13100
21 265 0 78803 537800 51007 796967 13200
21 265 0 78803 542046 51410 802773 13300
21 267 0 78803 546393 51837 808730 13400
21 268 0 78803 550653 52302 814673 13500
21 268 0 78803 555010 52760 820844 13600
21 268 0 78803 559316 53223 826955 13700
21 270 0 78803 563813 53751 833339 13800
21 270 0 78803 568117 54265 839611 13900
21 270 0 78803 572411 54750 845841 14000
21 271 0 78803 576764 55296 852260 14100
21 271 0 78803 581132 55798 858625 14200
21 271 0 78803 585486 56317 865033 14300
21 271 0 78803 589812 56824 871397 14400
22 273 0 78803 594111 57371 877838 14500
22 276 0 78803 598542 57922 884596 14600
22 277 0 78803 602933 58484 891634 14700
22 279 0 78803 607427 59090 898606 14800
23 279 0 78803 611796 59612 905230 14900
23 281 0 87775 616259 60079 911832 15000
23 282 0 90487 620624 60579 921034 15100
23 284 0 95940 624964 61028 932762 15200
24 287 0 98713 629262 61513 941791 15300
24 287 0 98713 633577 61985 947960 15400
25 288 0 98713 637884 62493 953984 15500
25 289 0 98713 642086 62972 959918 15600
26 290 0 98713 646350 63420 965912 15700
26 291 0 98713 650685 63857 972019 15800
26 292 0 98713 654964 64298 978204 15900
26 293 0 98713 659323 64767 984449 16000
26 294 0 98713 663645 65189 990531 16100
26 294 0 98713 668010 65591 996578 16200
27 296 0 98713 672221 65995 1002356 16300
27 297 0 98713 676508 66383 1008210 16400
27 298 0 98713 680733 66812 1014035 16500
27 299 0 98713 685005 67261 1019879 16600
27 299 0 98713 689178 67716 1025599 16700
27 300 0 98713 693512 68193 1031558 16800
27 300 0 98713 697798 68678 1037622 16900
27 301 0 98713 702108 69141 1043742 17000
27 301 0 98713 706323 69708 1049931 17100
27 302 0 98713 710784 70221 1056526 17200
27 302 0 98713 715141 70695 1062925 17300
28 303 0 98713 719629 71176 1069448 17400
28 304 0 98713 723991 71637 1075874 17500
28 304 0 98713 728380 72112 1082420 17600
28 304 0 98713 732817 72608 1088965 17700
28 305 0 98713 737199 73080 1095513 17800
28 306 0 98713 741552 73513 1101880 17900
28 307 0 107688 746006 73967 1108337 18000
29 309 0 110481 750371 74524 1117767 18100
29 309 0 116151 754754 75052 1129973 18200
29 311 0 118952 759017 75550 1139164 18300
29 312 0 118952 763394 76034 1145544 18400
29 312 0 118952 767820 76570 1151958 18500
29 314 0 118952 772262 77080 1158456 18600
29 314 0 118952 776625 77602 1164755 18700
29 315 0 118952 781003 78132 1171029 18800
29 315 0 118952 785415 78637 1177482 18900
29 316 0 118952 789827 79192 1184123 19000
29 316 0 118952 794325 79732 1190953 19100
29 316 0 118952 798818 80335 1197842 19200
29 318 0 118952 803344 80899 1204704 19300
29 318 0 118952 807870 81441 1211615 19400
29 319 0 118952 812365 81924 1218281 19500
29 319 0 118952 816717 82514 1224792 19600
29 322 0 118952 821157 82984 1231217 19700
30 322 0 118952 825515 83493 1237610 19800
30 322 0 118952 829833 83962 1244006 19900
30 324 0 118952 834072 84414 1250304 20000
30 330 0 118952 838481 84921 1256851 20100
30 331 0 118952 842882 85457 1263382 20200
30 331 0 118952 847242 85953 1269744 20300
30 332 0 118952 851637 86462 1276078 20400
30 332 0 118952 855941 86994 1282252 20500
30 332 0 118952 860242 87476 1288519 20600
30 332 0 118952 864599 87964 1294847 20700
30 332 0 118952 868934 88425 1301247 20800
30 332 0 118952 873429 88885 1307696 20900
30 333 0 127944 877656 89374 1313926 21000
30 333 0 130561 882108 89803 1322916 21100
30 333 0 136041 886478 90216 1334794 21200
30 336 0 138856 890917 90605 1344190 21300
30 336 0 138856 895312 91002 1350766 21400
30 336 0 138856 899791 91347 1357327 21500
30 336 0 138856 904204 91708 1363707 21600
30 337 0 138856 908685 92010 1370138 21700
30 337 0 138856 913036 92327 1376289 21800
30 339 0 138856 917378 92638 1382379 21900
30 339 0 138856 921920 92955 1388736 22000
31 340 0 138856 926286 93316 1394927 22100
31 340 0 138856 930732 93715 1401187 22200
31 340 0 138856 935171 94069 1407470 22300
31 341 0 138856 939536 94393 1413630 22400
31 342 0 138856 944007 94739 1419939 22500
31 343 0 138856 948324 95080 1426159 22600
31 343 0 138856 952823 95477 1432629 22700
31 343 0 138856 957288 95895 1439138 22800
31 344 0 138856 961670 96318 1445561 22900
31 345 0 138856 966129 96768 1452139 23000
32 347 0 138856 970526 97180 1458629 23100
32 347 0 138856 975052 97644 1465377 23200
32 347 0 138856 979566 98070 1471915 23300
32 348 0 138856 984091 98524 1478298 23400
32 349 0 138856 988494 98981 1484707 23500
32 349 0 138856 992948 99439 1491094 23600
32 349 0 138856 997295 99885 1497316 23700
32 349 0 138856 1001732 100338 1503657 23800
32 349 0 138856 1006134 100799 1509997 23900
32 349 0 147856 1010561 101314 1516320 24000
32 349 0 150525 1014870 101814 1525179 24100
32 349 0 155924 1019275 102249 1536871 24200
32 349 0 158674 1023526 102715 1545735 24300
32 349 0 158674 1027888 103201 1551893 24400
32 349 0 158674 1032158 103682 1557911 24500
32 349 0 158674 1036568 104180 1563994 24600
32 349 0 158674 1040843 104627 1569970 24700
32 349 0 158674 1045205 105102 1576025 24800
32 349 0 158674 1049539 105638 1582070 24900
32 349 0 158674 1053833 106105 1588009 25000
32 351 0 158674 1058134 106604 1593955 25100
32 351 0 158674 1062364 107044 1599674 25200
32 351 0 158674 1066666 107515 1605645 25300
32 351 0 158674 1070895 107962 1611466 25400
32 351 0 158674 1075179 108444 1617346 25500
32 351 0 158674 1079423 108863 1623292 25600
32 351 0 158674 1083714 109311 1629141 25700
32 352 0 158674 1087991 109761 1635062 25800
32 352 0 158674 1092213 110167 1640959 25900
32 352 0 158674 1096530 110593 1646802 26000
32 353 0 158674 1100800 111030 1652651 26100
32 353 0 158674 1105151 111492 1658579 26200
32 354 0 158674 1109388 111924 1664345 26300
32 354 0 158674 1113682 112365 1670291 26400
32 354 0 158674 1117987 112802 1676246 26500
32 354 0 158674 1122321 113226 1682238 26600
32 354 0 158674 1126633 113668 1688137 26700
32 355 0 158674 1130918 114083 1694016 26800
32 355 0 158674 1135178 114476 1699886 26900
32 355 0 167674 1139418 114905 1705795 27000
32 356 0 170635 1143876 115319 1714884 27100
32 357 0 176614 1148133 115682 1726729 27200
32 357 0 179782 1152421 116086 1735876 27300
32 357 0 179782 1156696 116506 1741868 27400
32 357 0 179782 1161074 116923 1748001 27500
32 357 0 179782 1165463 117392 1754103 27600
32 357 0 179782 1169715 117814 1760077 27700
32 357 0 179782 1174024 118295 1766199 27800
33 357 0 179782 1178289 118760 1772135 27900
33 358 0 179782 1182534 119215 1778091 28000
33 358 0 179782 1186765 119671 1783958 28100
33 358 0 179782 1191056 120175 1789928 28200
33 359 0 179782 1195366 120634 1796060 28300
33 359 0 179782 1199584 121135 1801963 28400
33 360 0 179782 1203913 121601 1808030 28500
33 360 0 179782 1208212 122049 1814097 28600
33 360 0 179782 1212498 122451 1820131 28700
33 361 0 179782 1216788 122902 1826107 28800
33 362 0 179782 1221021 123292 1831962 28900
33 362 0 179782 1225326 123793 1838105 29000
33 363 0 179782 1229557 124266 1844122 29100
34 363 0 179782 1233876 124741 1850284 29200
34 363 0 179782 1238086 125256 1856455 29300
34 364 0 179782 1242363 125741 1862781 29400
35 365 0 179782 1246664 126207 1869074 29500
35 366 0 179782 1250968 126736 1875434 29600
35 366 0 179782 1255265 127295 1881661 29700
35 366 0 179782 1259429 127849 1887834 29800
35 367 0 179782 1263664 128446 1894164 29900
35 367 0 188782 1268046 129029 1900677 30000
35 367 0 191689 1272338 129630 1910042 30100
36 367 0 197630 1276689 130136 1922414 30200
37 369 0 200666 1281097 130684 1931973 30300
37 369 0 200666 1285464 131196 1938484 30400
37 370 0 200666 1289836 131666 1944869 30500
38 371 0 200666 1294216 132196 1951379 30600
38 372 0 200666 1298550 132695 1957792 30700
38 372 0 200666 1302947 133152 1964242 30800
38 372 0 200666 1307331 133654 1970631 30900
38 373 0 200666 1311718 134074 1976787 31000
38 374 0 200666 1316055 134457 1982753 31100
38 375 0 200666 1320284 134866 1988591 31200
38 376 0 200666 1324568 135256 1994389 31300
38 376 0 200666 1328820 135599 2000076 31400
38 376 0 200666 1333070 136007 2005946 31500
38 376 0 200666 1337396 136405 2011762 31600
38 376 0 200666 1341682 136785 2017593 31700
38 376 0 200666 1346049 137226 2023558 31800
38 376 0 200666 1350341 137655 2029415 31900
38 376 0 200666 1354656 138043 2035241 32000
38 376 0 200666 1358924 138441 2040976 32100
38 376 0 200666 1363235 138886 2046701 32200
38 376 0 200666 1367509 139345 2052411 32300
38 377 0 200666 1371712 139769 2058113 32400
38 377 0 200666 1375964 140214 2063854 32500
38 377 0 200666 1380156 140644 2069701 32600
38 377 0 200666 1384450 141124 2075662 32700
38 377 0 200666 1388712 141591 2081677 32800
38 377 0 200666 1393045 142025 2087783 32900
39 378 0 209665 1397347 142472 2093860 33000
39 378 0 212721 1401686 142937 2103296 33100
39 378 0 219123 1406072 143421 2115931 33200
39 379 0 222461 1410441 143968 2125425 33300
39 381 0 222461 1414752 144542 2131547 33400
40 382 0 222461 1419108 145073 2137692 33500
40 382 0 222461 1423245 145617 2143685 33600
40 382 0 222461 1427581 146214 2149899 33700
40 383 0 222461 1431856 146801 2156140 33800
40 384 0 222461 1436163 147391 2162467 33900
40 384 0 222461 1440519 147940 2168955 34000
40 385 0 222461 1444858 148504 2175367 34100
40 385 0 222461 1449244 149076 2181746 34200
40 385 0 222461 1453544 149655 2187983 34300
40 386 0 222461 1457851 150229 2194047 34400
42 387 0 222461 1462145 150756 2200027 34500
42 388 0 222461 1466376 151236 2205996 34600
42 389 0 222461 1470651 151732 2212103 34700
42 391 0 222461 1474928 152253 2218276 34800
43 391 0 222461 1479275 152732 2224524 34900
43 391 0 222461 1483574 153257 2230756 35000
44 392 0 222461 1487875 153760 2237101 35100
44 393 0 222461 1492232 154329 2243659 35200
44 393 0 222461 1496669 154873 2250392 35300
44 393 0 222461 1501036 155448 2257025 35400
44 393 0 222461 1505440 155998 2263713 35500
44 393 0 222461 1509841 156564 2270547 35600
44 394 0 222461 1514304 157179 2277444 35700
44 396 0 222461 1518769 157772 2284456 35800
45 396 0 222461 1523159 158382 2291309 35900
45 398 0 231460 1527676 158940 2298475 36000
45 399 0 234089 1532139 159469 2308001 36100
46 399 0 239489 1536583 160000 2320147 36200
46 401 0 242272 1541021 160562 2329576 36300
46 401 0 242272 1545374 161055 2335952 36400
46 402 0 242272 1549753 161545 2342420 36500
46 403 0 242272 1554052 162052 2348708 36600
46 403 0 242272 1558344 162534 2354999 36700
46 404 0 242272 1562716 163040 2361414 36800
46 405 0 242272 1567000 163534 2367689 36900
46 405 0 242272 1571309 164068 2373881 37000
46 405 0 242272 1575683 164629 2380146 37100
46 405 0 242272 1579942 165206 2386328 37200
46 405 0 242272 1584243 165747 2392475 37300
46 405 0 242272 1588559 166362 2398837 37400
46 405 0 242272 1592893 166954 2405158 37500
46 407 0 242272 1597198 167546 2411584 37600
46 407 0 242272 1601579 168195 2418054 37700
46 408 0 242272 1605827 168787 2424456 37800
46 409 0 242272 1610184 169377 2431035 37900
47 409 0 242272 1614636 169997 2437737 38000
47 410 0 242272 1619033 170661 2444645 38100
47 410 0 242272 1623347 171291 2451375 38200
47 410 0 242272 1627699 171893 2458066 38300
47 410 0 242272 1632150 172505 2464920 38400
47 411 0 242272 1636636 173080 2471835 38500
47 411 0 242272 1641020 173631 2478606 38600
47 411 0 242272 1645433 174132 2485297 38700
47 412 0 242272 1649890 174588 2491939 38800
48 414 0 242272 1654213 175026 2498295 38900
48 415 0 251272 1658617 175464 2504646 39000
48 415 0 253804 1662910 175859 2513342 39100
48 415 0 259046 1667268 176282 2525049 39200
49 416 0 261792 1671633 176714 2534270 39300
49 418 0 261792 1676057 177120 2540806 39400
50 418 0 261792 1680414 177598 2547369 39500
50 419 0 261792 1684873 178077 2553972 39600
50 419 0 261792 1689250 178465 2560400 39700
50 419 0 261792 1693719 178898 2566977 39800
50 420 0 261792 1698072 179308 2573392 39900
50 420 0 261792 1702494 179709 2579792 40000
50 420 0 261792 1706909 180078 2586061 40100
50 420 0 261792 1711246 180448 2592097 40200
50 420 0 261792 1715537 180837 2598033 40300
50 421 0 261792 1719871 181233 2604102 40400
50 421 0 261792 1724172 181683 2610209 40500
50 422 0 261792 1728475 182073 2616356 40600
50 423 0 261792 1732812 182480 2622527 40700
50 425 0 261792 1737017 182903 2628481 40800
50 426 0 261792 1741344 183299 2634599 40900
50 426 0 261792 1745700 183723 2640687 41000
50 426 0 261792 1749934 184217 2646607 41100
50 426 0 261792 1754287 184671 2652638 41200
50 426 0 261792 1758570 185145 2658722 41300
50 426 0 261792 1762872 185595 2664714 41400
50 427 0 261792 1767149 186029 2670688 41500
50 427 0 261792 1771590 186541 2676949 41600
50 429 0 261792 1775884 187070 2683176 41700
50 429 0 261792 1780269 187569 2689460 41800
50 429 0 261792 1784558 188079 2695687 41900
50 429 0 270792 1788927 188584 2702025 42000
50 430 0 273622 1793305 189100 2711284 42100
50 430 0 279458 1797756 189616 2723777 42200
50 431 0 282482 1802132 190139 2733273 42300
50 432 0 282482 1806581 190620 2739854 42400
50 432 0 282482 1810945 191085 2746413 42500
50 433 0 282482 1815355 191578 2753165 42600
50 433 0 282482 1819756 192033 2759843 42700
50 435 0 282482 1824264 192485 2766554 42800
50 436 0 282482 1828714 192889 2773135 42900
50 436 0 282482 1833119 193253 2779548 43000
50 437 0 282482 1837589 193626 2786003 43100
50 437 0 282482 1842040 194028 2792479 43200
50 437 0 282482 1846401 194363 2798652 43300
50 438 0 282482 1850803 194664 2804821 43400
50 439 0 282482 1855041 194976 2810727 43500
50 439 0 282482 1859340 195284 2816641 43600
50 440 0 282482 1863610 195574 2822400 43700
50 440 0 282482 1867923 195889 2828211 43800
50 440 0 282482 1872154 196154 2834040 43900
51 441 0 282482 1876460 196453 2839708 44000
51 441 0 282482 1880748 196766 2845502 44100
51 441 0 282482 1885074 197107 2851396 44200
51 442 0 282482 1889304 197410 2857122 44300
51 442 0 282482 1893595 197760 2862928 44400
51 442 0 282482 1897913 198135 2868924 44500
51 443 0 282482 1902237 198564 2875004 44600
51 443 0 282482 1906554 198991 2880990 44700
51 443 0 282482 1910762 199373 2886792 44800
51 443 0 282482 1914987 199781 2892671 44900
51 444 0 291482 1919295 200214 2898580 45000
51 444 0 294451 1923604 200639 2907448 45100
51 445 0 300627 1927947 201103 2919655 45200
51 446 0 303832 1932246 201562 2928753 45300
52 447 0 303832 1936531 202024 2934693 45400
52 447 0 303832 1940894 202544 2940798 45500
52 447 0 303832 1945303 203002 2946995 45600
52 448 0 303832 1949670 203493 2953208 45700
52 448 0 303832 1954019 203943 2959358 45800
52 448 0 303832 1958446 204383 2965548 45900
52 448 0 303832 1962900 204858 2971929 46000
52 448 0 303832 1967195 205335 2978029 46100
52 448 0 303832 1971612 205794 2984298 46200
52 450 0 303832 1975984 206308 2990576 46300
52 450 0 303832 1980411 206788 2996839 46400
52 450 0 303832 1984625 207310 3002824 46500
52 450 0 303832 1988929 207772 3009053 46600
52 450 0 303832 1993309 208252 3015414 46700
52 451 0 303832 1997748 208747 3021919 46800
52 451 0 303832 2002104 209267 3028421 46900
52 452 0 303832 2006529 209760 3034920 47000
52 452 0 303832 2010881 210214 3041256 47100
52 452 0 303832 2015283 210663 3047545 47200
52 452 0 303832 2019546 211155 3053725 47300
52 452 0 303832 2023898 211622 3060020 47400
52 453 0 303832 2028313 212053 3066240 47500
52 453 0 303832 2032698 212519 3072506 47600
52 454 0 303832 2036979 212962 3078739 47700
52 454 0 303832 2041301 213388 3084838 47800
52 454 0 303832 2045710 213853 3091102 47900
52 454 0 312832 2050025 214289 3097164 48000
52 454 0 315737 2054290 214720 3106114 48100
52 454 0 321629 2058629 215113 3118035 48200
53 455 0 324586 2062955 215530 3126997 48300
53 456 0 324586 2067273 215943 3132842 48400
53 456 0 324586 2071560 216314 3138609 48500
53 456 0 324586 2075883 216678 3144542 48600
53 457 0 324586 2080162 217094 3150520 48700
53 457 0 324586 2084488 217486 3156483 48800
53 458 0 324586 2088777 217869 3162477 48900
53 458 0 324586 2093000 218270 3168530 49000
53 458 0 324586 2097404 218624 3174689 49100
53 458 0 324586 2101764 219014 3180835 49200
53 458 0 324586 2106159 219395 3186922 49300
53 460 0 324586 2110428 219805 3192799 49400
53 460 0 324586 2114742 220186 3198579 49500
53 461 0 324586 2118940 220563 3204189 49600
55 463 0 324586 2123264 220906 3209969 49700
55 464 0 324586 2127484 221280 3215733 49800
56 467 0 324586 2131765 221686 3221557 49900
57 468 0 324586 2136014 222064 3227319 50000
57 469 0 324586 2140252 222415 3233075 50100
58 470 0 324586 2144526 222805 3238981 50200
58 471 0 324586 2148697 223168 3244759 50300
58 471 0 324586 2152894 223540 3250678 50400
59 473 0 324586 2157254 223915 3256776 50500
60 475 0 324586 2161549 224292 3262666 50600
60 475 0 324586 2165769 224644 3268349 50700
60 477 0 324586 2169970 225040 3274117 50800
61 478 0 324586 2174212 225503 3279993 50900
61 478 0 333585 2178400 225926 3285780 51000
61 479 0 336610 2182595 226410 3294768 51100
61 480 0 342863 2186860 226867 3307175 51200
62 480 0 346051 2191037 227350 3316325 51300
62 482 0 346051 2195395 227786 3322604 51400
62 483 0 346051 2199706 228232 3328813 51500
62 485 0 346051 2204039 228708 3335062 51600
62 486 0 346051 2208332 229189 3341241 51700
62 487 0 346051 2212685 229605 3347442 51800
62 488 0 346051 2217049 230020 3353575 51900
62 488 0 346051 2221261 230381 3359582 52000
62 489 0 346051 2225653 230749 3365569 52100
62 489 0 346051 2229865 231100 3371254 52200
62 490 0 346051 2234057 231510 3376994 52300
62 491 0 346051 2238321 231949 3382726 52400
63 492 0 346051 2242428 232336 3388238 52500
63 495 0 346051 2246723 232744 3394006 52600
63 496 0 346051 2250985 233150 3399782 52700
63 497 0 346051 2255246 233584 3405772 52800
63 497 0 346051 2259508 234035 3411746 52900
63 498 0 346051 2263811 234471 3417722 53000
63 499 0 346051 2268158 234939 3423735 53100
63 500 0 346051 2272333 235388 3429573 53200
63 501 0 346051 2276599 235849 3435447 53300
63 502 0 346051 2280883 236307 3441374 53400
63 504 0 346051 2285012 236705 3447219 53500
63 506 0 346051 2289285 237149 3453395 53600
63 508 0 346051 2293631 237630 3459609 53700
63 509 0 346051 2297925 238058 3465695 53800
63 509 0 346051 2302307 238537 3471972 53900
63 509 0 355051 2306591 238953 3478049 54000
63 510 0 358098 2310863 239415 3487231 54100
63 513 0 364140 2315125 239859 3499459 54200
63 516 0 367259 2319458 240301 3508903 54300
63 517 0 367259 2323725 240786 3514994 54400
63 517 0 367259 2328015 241311 3521201 54500
63 520 0 367259 2332306 241765 3527455 54600
64 521 0 367259 2336535 242279 3533759 54700
64 522 0 367259 2340882 242865 3540236 54800
65 525 0 367259 2345189 243388 3546604 54900
65 526 0 367259 2349568 243874 3552919 55000
65 529 0 367259 2353837 244400 3559066 55100
65 532 0 367259 2358158 244958 3565331 55200
65 532 0 367259 2362397 245503 3571616 55300
65 533 0 367259 2366819 246027 3578143 55400
65 536 0 367259 2371080 246548 3584551 55500
65 538 0 367259 2375503 247059 3590926 55600
66 542 0 367259 2379856 247520 3597212 55700
66 543 0 367259 2384191 247959 3603440 55800
66 543 0 367259 2388484 248372 3609612 55900
66 544 0 367259 2392934 248757 3616000 56000
66 544 0 367259 2397234 249183 3622319 56100
66 544 0 367259 2401589 249595 3628583 56200
66 547 0 367259 2405947 250039 3634830 56300
66 548 0 367259 2410269 250478 3641075 56400
66 550 0 367259 2414509 250936 3647209 56500
66 550 0 367259 2418809 251387 3653302 56600
66 552 0 367259 2423052 251761 3659223 56700
66 552 0 367259 2427395 252172 3665296 56800
66 552 0 367259 2431640 252573 3671296 56900
66 553 0 376259 2435868 252989 3677254 57000
66 553 0 379133 2440175 253398 3686138 57100
66 554 0 384882 2444367 253817 3697700 57200
66 556 0 387911 2448663 254267 3706639 57300
67 556 0 387911 2452915 254699 3712523 57400
67 557 0 387911 2457149 255060 3718338 57500
68 558 0 387911 2461425 255439 3724282 57600
68 559 0 387911 2465735 255854 3730318 57700
68 559 0 387911 2469987 256222 3736135 57800
68 560 0 387911 2474205 256676 3741938 57900
69 561 0 387911 2478430 257057 3747705 58000
69 562 0 387911 2482568 257461 3753467 58100
69 563 0 387911 2486858 257890 3759318 58200
69 563 0 387911 2491117 258317 3765009 58300
69 564 0 387911 2495342 258785 3770793 58400
69 565 0 387911 2499509 259187 3776595 58500
69 566 0 387911 2503699 259619 3782297 58600
69 568 0 387911 2508043 260089 3788267 58700
69 569 0 387911 2512277 260599 3794159 58800
69 570 0 387911 2516539 261075 3800084 58900
69 570 0 387911 2520790 261616 3806181 59000
69 570 0 387911 2525016 262058 3812180 59100
69 571 0 387911 2529304 262519 3818249 59200
69 571 0 387911 2533703 262976 3824540 59300
70 572 0 387911 2538038 263484 3830858 59400
70 573 0 387911 2542278 263967 3836909 59500
70 574 0 387911 2546637 264480 3843244 59600
70 574 0 387911 2550920 265059 3849558 59700
70 575 0 387911 2555265 265571 3855815 59800
70 577 0 387911 2559632 266055 3861980 59900
