0 0 2 0 0 0
0 0 2 0 0 100
0 0 4 0 0 200
0 0 5 0 0 300
0 0 6 0 0 400
0 0 6 0 0 500
0 0 7 0 0 600
0 0 8 0 0 700
0 0 8 0 0 800
0 0 9 0 0 900
0 0 9 0 0 1000
0 0 9 0 0 1100
0 0 13 0 0 1200
0 0 13 0 0 1300
0 0 13 0 0 1400
0 0 14 0 0 1500
0 0 15 0 0 1600
0 0 18 0 0 1700
0 0 20 0 0 1800
0 0 21 0 0 1900
0 0 24 0 0 2000
0 0 26 0 0 2100
0 0 30 0 0 2200
0 0 31 0 0 2300
0 0 35 0 0 2400
0 0 35 0 0 2500
0 0 36 0 0 2600
1 0 37 0 0 2700
1 0 37 0 0 2800
2 0 37 0 0 2900
2 0 41 0 0 3000
2 0 42 0 0 3100
2 0 44 0 0 3200
2 0 46 0 0 3300
2 0 47 0 0 3400
2 0 49 0 0 3500
2 0 50 0 0 3600
2 0 52 0 0 3700
2 0 54 0 0 3800
2 0 55 0 0 3900
2 0 56 0 0 4000
2 0 59 0 0 4100
2 0 59 0 0 4200
2 0 61 0 0 4300
2 0 63 0 0 4400
2 0 65 0 0 4500
2 0 67 0 0 4600
2 0 71 0 0 4700
2 0 73 0 0 4800
2 0 74 0 0 4900
2 0 77 0 0 5000
2 0 78 0 0 5100
2 0 79 0 0 5200
3 0 80 0 0 5300
3 0 82 0 0 5400
3 0 83 0 0 5500
4 0 83 0 0 5600
4 0 84 0 0 5700
4 0 84 0 0 5800
4 0 84 0 0 5900
4 0 85 0 0 6000
4 1 88 0 0 6100
4 1 88 0 0 6200
4 1 90 0 0 6300
5 1 91 0 0 6400
6 1 93 0 0 6500
8 1 96 0 0 6600
9 1 96 0 0 6700
9 1 98 0 0 6800
9 1 99 0 0 6900
9 1 102 0 0 7000
9 1 105 0 0 7100
9 1 105 0 0 7200
9 1 107 0 0 7300
9 1 110 0 0 7400
9 1 112 0 0 7500
9 1 114 0 0 7600
9 1 116 0 0 7700
9 1 118 0 0 7800
9 1 119 0 0 7900
10 1 121 0 0 8000
10 1 122 0 0 8100
10 1 125 0 0 8200
10 1 127 0 0 8300
10 1 130 0 0 8400
10 1 132 0 0 8500
10 1 136 0 0 8600
10 1 136 0 0 8700
10 1 138 0 0 8800
12 1 139 0 0 8900
13 1 141 0 0 9000
13 1 145 0 0 9100
13 1 146 0 0 9200
13 1 146 0 0 9300
13 1 148 0 0 9400
13 1 149 0 0 9500
14 1 151 0 0 9600
15 1 151 0 0 9700
15 1 152 0 0 9800
16 1 154 0 0 9900
18 1 155 0 0 10000
18 1 157 0 0 10100
18 1 158 0 0 10200
18 1 159 0 0 10300
18 1 161 0 0 10400
18 2 161 0 0 10500
18 2 162 0 0 10600
18 2 162 0 0 10700
20 2 162 0 0 10800
22 3 164 0 0 10900
24 4 164 0 0 11000
25 4 165 0 0 11100
25 4 166 0 0 11200
25 4 168 0 0 11300
25 4 169 0 0 11400
25 4 169 0 0 11500
25 4 171 0 0 11600
25 4 171 0 0 11700
25 4 172 0 0 11800
26 4 173 0 0 11900
26 4 174 0 0 12000
26 4 176 0 0 12100
27 4 176 0 0 12200
28 4 176 0 0 12300
29 4 177 0 0 12400
29 4 179 0 0 12500
29 4 180 0 0 12600
29 4 180 0 0 12700
29 4 181 0 0 12800
29 4 181 0 0 12900
29 4 182 0 0 13000
30 4 182 0 0 13100
31 4 182 0 0 13200
31 4 183 0 0 13300
31 4 184 0 0 13400
31 4 184 0 0 13500
31 4 185 0 0 13600
31 4 186 0 0 13700
31 4 186 0 0 13800
32 4 187 0 0 13900
32 4 187 0 0 14000
32 4 187 0 0 14100
32 4 187 0 0 14200
33 4 187 0 0 14300
33 4 190 0 0 14400
33 4 191 0 0 14500
33 4 191 0 0 14600
34 4 191 0 0 14700
35 4 193 0 0 14800
35 4 194 0 0 14900
36 4 195 0 0 15000
36 4 197 0 0 15100
36 4 197 0 0 15200
36 4 197 0 0 15300
36 4 198 0 0 15400
37 4 198 0 0 15500
37 4 199 0 0 15600
38 4 200 0 0 15700
39 4 200 0 0 15800
39 4 201 0 0 15900
39 4 201 0 0 16000
39 4 201 0 0 16100
39 4 201 0 0 16200
39 4 202 0 0 16300
40 4 202 0 0 16400
40 4 203 0 0 16500
40 4 204 0 0 16600
40 4 204 0 0 16700
40 4 204 0 0 16800
40 4 205 0 0 16900
40 4 205 0 0 17000
40 4 206 0 0 17100
40 4 206 0 0 17200
40 4 207 0 0 17300
40 4 207 0 0 17400
41 4 207 0 0 17500
42 4 207 0 0 17600
42 4 208 0 0 17700
42 4 209 0 0 17800
42 4 210 0 0 17900
42 4 211 0 0 18000
42 4 213 0 0 18100
43 4 214 0 0 18200
43 4 214 0 0 18300
43 4 215 0 0 18400
43 4 216 0 0 18500
43 4 216 0 0 18600
43 4 217 0 0 18700
43 4 218 0 0 18800
43 4 218 0 0 18900
43 4 218 0 0 19000
43 4 220 0 0 19100
43 4 220 0 0 19200
43 4 220 0 0 19300
43 4 221 0 0 19400
43 4 222 0 0 19500
43 4 223 0 0 19600
44 4 223 0 0 19700
44 5 225 0 0 19800
44 5 228 0 0 19900
44 5 231 0 0 20000
45 5 231 0 0 20100
45 5 232 0 0 20200
45 5 232 0 0 20300
45 5 232 0 0 20400
45 5 232 0 0 20500
45 5 232 0 0 20600
45 5 232 0 0 20700
45 5 232 0 0 20800
45 5 233 0 0 20900
45 5 233 0 0 21000
45 5 234 0 0 21100
46 5 235 0 0 21200
46 5 235 0 0 21300
46 5 235 0 0 21400
46 5 236 0 0 21500
47 5 236 0 0 21600
49 5 237 0 0 21700
49 5 237 0 0 21800
49 5 237 0 0 21900
49 5 237 0 0 22000
49 5 237 0 0 22100
50 5 237 0 0 22200
50 5 239 0 0 22300
50 5 239 0 0 22400
50 5 240 0 0 22500
50 5 240 0 0 22600
50 5 241 0 0 22700
50 5 242 0 0 22800
50 5 242 0 0 22900
50 5 243 0 0 23000
50 5 243 0 0 23100
51 5 243 0 0 23200
51 5 243 0 0 23300
51 5 244 0 0 23400
51 5 244 0 0 23500
51 5 244 0 0 23600
51 5 244 0 0 23700
51 5 244 0 0 23800
51 5 244 0 0 23900
51 5 244 0 0 24000
51 5 244 0 0 24100
51 5 244 0 0 24200
51 5 244 0 0 24300
51 5 244 0 0 24400
51 5 244 0 0 24500
51 5 244 0 0 24600
51 5 244 0 0 24700
51 5 244 0 0 24800
51 5 245 0 0 24900
51 5 246 0 0 25000
51 5 246 0 0 25100
51 5 246 0 0 25200
51 5 246 0 0 25300
51 5 246 0 0 25400
51 5 246 0 0 25500
51 5 246 0 0 25600
51 5 247 0 0 25700
51 5 247 0 0 25800
51 5 247 0 0 25900
52 5 248 0 0 26000
52 5 249 0 0 26100
52 5 249 0 0 26200
52 5 249 0 0 26300
52 5 249 0 0 26400
52 5 249 0 0 26500
52 5 249 0 0 26600
52 5 250 0 0 26700
52 5 250 0 0 26800
52 5 251 0 0 26900
52 5 251 0 0 27000
52 5 252 0 0 27100
52 5 252 0 0 27200
52 5 252 0 0 27300
52 5 252 0 0 27400
52 5 252 0 0 27500
52 5 252 0 0 27600
52 5 252 0 0 27700
52 5 252 0 0 27800
52 5 252 0 0 27900
52 5 252 0 0 28000
53 5 252 0 0 28100
53 5 252 0 0 28200
53 5 252 0 0 28300
53 5 252 0 0 28400
53 5 252 0 0 28500
53 5 252 0 0 28600
53 5 252 0 0 28700
53 5 253 0 0 28800
53 5 253 0 0 28900
53 5 253 0 0 29000
53 5 253 0 0 29100
54 5 253 0 0 29200
55 5 253 0 0 29300
55 5 254 0 0 29400
56 5 254 0 0 29500
57 5 254 0 0 29600
57 5 255 0 0 29700
57 5 255 0 0 29800
57 5 255 0 0 29900
57 5 255 0 0 30000
57 5 255 0 0 30100
57 5 255 0 0 30200
57 5 255 0 0 30300
59 5 255 0 0 30400
60 5 255 0 0 30500
60 5 256 0 0 30600
60 5 256 0 0 30700
61 5 257 0 0 30800
61 5 258 0 0 30900
61 5 259 0 0 31000
61 5 259 0 0 31100
61 5 260 0 0 31200
61 5 260 0 0 31300
61 5 260 0 0 31400
61 5 260 0 0 31500
61 5 260 0 0 31600
61 5 260 0 0 31700
61 5 260 0 0 31800
61 5 260 0 0 31900
61 5 260 0 0 32000
61 5 260 0 0 32100
61 5 260 0 0 32200
61 5 260 0 0 32300
61 5 260 0 0 32400
61 5 260 0 0 32500
61 5 260 0 0 32600
61 5 260 0 0 32700
61 5 260 0 0 32800
61 5 260 0 0 32900
61 5 260 0 0 33000
63 5 261 0 0 33100
64 5 262 0 0 33200
64 5 262 0 0 33300
64 5 263 0 0 33400
65 5 263 0 0 33500
66 5 263 0 0 33600
66 5 265 0 0 33700
66 5 265 0 0 33800
66 5 265 0 0 33900
66 5 266 0 0 34000
66 5 266 0 0 34100
66 5 266 0 0 34200
66 5 267 0 0 34300
66 5 267 0 0 34400
66 6 268 0 0 34500
67 6 269 0 0 34600
67 6 269 0 0 34700
67 6 269 0 0 34800
67 7 269 0 0 34900
67 7 270 0 0 35000
67 7 270 0 0 35100
69 7 270 0 0 35200
69 7 270 0 0 35300
69 7 270 0 0 35400
69 7 270 0 0 35500
69 7 272 0 0 35600
69 7 272 0 0 35700
69 7 272 0 0 35800
69 7 273 0 0 35900
70 7 273 0 0 36000
70 7 273 0 0 36100
70 7 274 0 0 36200
71 7 274 0 0 36300
71 7 274 0 0 36400
71 7 275 0 0 36500
71 7 275 0 0 36600
71 7 276 0 0 36700
71 7 276 0 0 36800
71 7 276 0 0 36900
71 7 276 0 0 37000
71 7 276 0 0 37100
71 7 276 0 0 37200
71 7 276 0 0 37300
71 7 277 0 0 37400
71 7 278 0 0 37500
71 7 278 0 0 37600
71 7 279 0 0 37700
71 7 279 0 0 37800
71 7 279 0 0 37900
71 7 280 0 0 38000
73 7 280 0 0 38100
73 7 280 0 0 38200
73 7 280 0 0 38300
73 7 280 0 0 38400
73 7 280 0 0 38500
73 7 281 0 0 38600
73 7 281 0 0 38700
74 7 282 0 0 38800
74 8 283 0 0 38900
74 8 283 0 0 39000
74 8 283 0 0 39100
74 8 284 0 0 39200
74 8 284 0 0 39300
74 8 284 0 0 39400
75 8 285 0 0 39500
76 8 285 0 0 39600
76 8 286 0 0 39700
76 8 286 0 0 39800
76 8 286 0 0 39900
76 8 286 0 0 40000
76 8 286 0 0 40100
76 8 287 0 0 40200
76 8 287 0 0 40300
76 8 288 0 0 40400
76 8 289 0 0 40500
76 8 289 0 0 40600
76 8 290 0 0 40700
76 8 290 0 0 40800
77 8 290 0 0 40900
79 8 290 0 0 41000
80 8 290 0 0 41100
81 8 290 0 0 41200
82 8 290 0 0 41300
82 8 291 0 0 41400
82 8 291 0 0 41500
82 8 292 0 0 41600
82 8 292 0 0 41700
82 8 292 0 0 41800
82 8 293 0 0 41900
82 8 293 0 0 42000
82 8 293 0 0 42100
82 8 295 0 0 42200
82 8 295 0 0 42300
83 8 295 0 0 42400
83 8 296 0 0 42500
83 8 296 0 0 42600
83 8 297 0 0 42700
83 8 297 0 0 42800
83 8 297 0 0 42900
83 8 298 0 0 43000
83 8 298 0 0 43100
83 8 298 0 0 43200
83 8 298 0 0 43300
83 8 298 0 0 43400
83 8 298 0 0 43500
83 8 298 0 0 43600
83 8 298 0 0 43700
83 8 298 0 0 43800
83 8 298 0 0 43900
83 8 298 0 0 44000
84 8 299 0 0 44100
84 8 299 0 0 44200
84 8 299 0 0 44300
85 8 299 0 0 44400
86 8 300 0 0 44500
86 8 300 0 0 44600
86 8 300 0 0 44700
86 8 301 0 0 44800
86 8 301 0 0 44900
86 8 302 0 0 45000
86 8 302 0 0 45100
86 8 303 0 0 45200
86 8 303 0 0 45300
86 8 303 0 0 45400
87 8 303 0 0 45500
87 8 304 0 0 45600
87 8 304 0 0 45700
87 8 304 0 0 45800
87 8 304 0 0 45900
87 8 304 0 0 46000
87 8 305 0 0 46100
87 8 306 0 0 46200
87 8 306 0 0 46300
88 8 306 0 0 46400
89 8 306 0 0 46500
90 8 306 0 0 46600
91 8 307 0 0 46700
91 8 307 0 0 46800
91 8 308 0 0 46900
91 8 308 0 0 47000
91 8 308 0 0 47100
91 8 308 0 0 47200
91 8 308 0 0 47300
91 8 309 0 0 47400
91 8 309 0 0 47500
91 8 309 0 0 47600
91 8 309 0 0 47700
91 8 309 0 0 47800
91 8 309 0 0 47900
91 8 309 0 0 48000
91 8 309 0 0 48100
91 8 309 0 0 48200
91 8 310 0 0 48300
92 8 310 0 0 48400
92 8 311 0 0 48500
92 8 311 0 0 48600
92 8 311 0 0 48700
92 8 312 0 0 48800
92 8 312 0 0 48900
92 8 312 0 0 49000
92 8 312 0 0 49100
92 8 312 0 0 49200
92 8 313 0 0 49300
93 8 314 0 0 49400
94 8 314 0 0 49500
95 8 315 0 0 49600
95 9 316 0 0 49700
96 9 316 0 0 49800
96 10 317 0 0 49900
96 10 317 0 0 50000
97 10 318 0 0 50100
97 10 318 0 0 50200
98 10 318 0 0 50300
98 10 320 0 0 50400
98 11 320 0 0 50500
98 12 320 0 0 50600
98 12 321 0 0 50700
98 12 321 0 0 50800
98 13 321 0 0 50900
98 13 322 0 0 51000
98 13 322 0 0 51100
98 13 324 0 0 51200
98 13 325 0 0 51300
99 13 326 0 0 51400
99 13 327 0 0 51500
99 13 327 0 0 51600
100 13 327 0 0 51700
101 13 328 0 0 51800
102 13 328 0 0 51900
103 13 329 0 0 52000
104 13 329 0 0 52100
104 13 330 0 0 52200
104 13 332 0 0 52300
104 13 332 0 0 52400
104 13 335 0 0 52500
104 13 336 0 0 52600
105 13 336 0 0 52700
105 13 337 0 0 52800
105 13 338 0 0 52900
105 13 339 0 0 53000
105 13 339 0 0 53100
105 13 340 0 0 53200
105 13 341 0 0 53300
105 13 344 0 0 53400
105 13 345 0 0 53500
105 13 348 0 0 53600
105 13 348 0 0 53700
105 13 348 0 0 53800
106 13 349 0 0 53900
106 13 351 0 0 54000
106 13 353 0 0 54100
106 13 355 0 0 54200
107 13 356 0 0 54300
107 13 358 0 0 54400
107 13 358 0 0 54500
107 13 359 0 0 54600
107 13 360 0 0 54700
108 13 361 0 0 54800
108 13 362 0 0 54900
109 13 365 0 0 55000
110 13 365 0 0 55100
110 13 366 0 0 55200
111 13 367 0 0 55300
111 13 369 0 0 55400
111 13 370 0 0 55500
112 13 370 0 0 55600
112 13 371 0 0 55700
113 13 371 0 0 55800
113 13 371 0 0 55900
113 13 371 0 0 56000
113 13 372 0 0 56100
113 13 373 0 0 56200
113 13 374 0 0 56300
113 13 374 0 0 56400
113 13 374 0 0 56500
113 13 375 0 0 56600
113 13 375 0 0 56700
114 13 376 0 0 56800
114 13 376 0 0 56900
114 13 377 0 0 57000
114 13 377 0 0 57100
114 13 378 0 0 57200
114 13 378 0 0 57300
114 14 378 0 0 57400
114 14 379 0 0 57500
114 14 379 0 0 57600
114 14 379 0 0 57700
115 14 380 0 0 57800
115 14 380 0 0 57900
116 14 382 0 0 58000
117 14 382 0 0 58100
117 14 382 0 0 58200
117 14 382 0 0 58300
117 14 383 0 0 58400
117 14 383 0 0 58500
117 14 385 0 0 58600
117 14 386 0 0 58700
117 14 386 0 0 58800
117 14 386 0 0 58900
117 14 386 0 0 59000
117 14 387 0 0 59100
118 14 387 0 0 59200
118 14 388 0 0 59300
118 15 388 0 0 59400
118 15 389 0 0 59500
118 15 390 0 0 59600
118 15 392 0 0 59700
118 15 392 0 0 59800
118 15 392 0 0 59900
