0 0 0 0 0 0 0 0
0 5 0 0 1984 0 2010 100
0 13 0 0 4471 6 4575 200
0 16 0 0 5469 11 5628 300
0 17 0 0 6823 12 7010 400
0 19 0 0 8449 15 8672 500
0 21 0 0 10367 16 10620 600
0 22 0 0 12529 28 12844 700
0 23 0 0 14917 55 15326 800
0 24 0 0 17532 93 18101 900
0 26 0 0 20247 148 21062 1000
0 27 0 0 23063 203 24153 1100
0 27 0 0 26154 288 27634 1200
0 28 0 0 29377 428 31330 1300
0 29 0 0 32675 550 35094 1400
0 29 0 0 35985 666 38959 1500
0 30 0 0 39463 822 43008 1600
0 31 0 0 43009 1012 47261 1700
0 34 0 0 46722 1227 51786 1800
0 34 0 0 50438 1450 56359 1900
0 35 0 0 54201 1701 61066 2000
0 36 0 0 58000 1959 65822 2100
0 38 0 0 61920 2229 70742 2200
0 39 0 0 65877 2478 75711 2300
0 41 0 0 69868 2788 80905 2400
0 43 0 0 74034 3076 86212 2500
0 44 0 0 78060 3396 91524 2600
0 46 0 0 82166 3671 96886 2700
0 48 0 0 86442 3972 102463 2800
0 50 0 0 90672 4295 108093 2900
0 51 0 0 94871 4680 113854 3000
0 53 0 0 99192 4997 119657 3100
0 54 0 0 103431 5393 125384 3200
0 59 0 0 107636 5767 131092 3300
0 61 0 0 111918 6103 136827 3400
0 63 0 0 116186 6500 142665 3500
0 65 0 0 120470 6874 148456 3600
0 66 0 0 124751 7333 154463 3700
0 69 0 0 129137 7813 160802 3800
0 70 0 0 133403 8281 167052 3900
0 73 0 0 137812 8753 173438 4000
0 76 0 0 142092 9260 179853 4100
0 79 0 0 146403 9731 186236 4200
0 80 0 0 150787 10260 192634 4300
0 82 0 0 155137 10818 199038 4400
0 85 0 0 159508 11330 205436 4500
0 85 0 0 163787 11854 211653 4600
0 86 0 0 168155 12432 218034 4700
0 87 0 0 172532 12958 224422 4800
0 88 0 0 176951 13451 230954 4900
0 94 0 0 181233 13994 237493 5000
0 101 0 0 185668 14565 244202 5100
0 104 0 0 190008 15149 250746 5200
0 107 0 0 194370 15767 257319 5300
0 110 0 0 198793 16438 263965 5400
0 112 0 0 203119 17090 270492 5500
0 114 0 0 207435 17759 277033 5600
0 119 0 0 211751 18439 283598 5700
0 120 0 0 216240 19130 290532 5800
0 125 0 0 220649 19744 297209 5900
0 127 0 0 225207 20396 304044 6000
0 128 0 0 229681 21012 310637 6100
0 128 0 0 234090 21587 317087 6200
0 129 0 0 238542 22158 323619 6300
0 130 0 0 243014 22738 330254 6400
0 132 0 0 247553 23226 336987 6500
0 133 0 0 252144 23758 343784 6600
0 133 0 0 256529 24240 350262 6700
0 134 0 0 261074 24741 356796 6800
0 134 0 0 265456 25256 363186 6900
0 135 0 0 269905 25733 369530 7000
0 137 0 0 274185 26229 375712 7100
0 138 0 0 278612 26710 381966 7200
0 139 0 0 282980 27297 388271 7300
0 140 0 0 287363 27904 394676 7400
0 140 0 0 291752 28455 400949 7500
0 141 0 0 296129 28957 407170 7600
0 142 0 0 300428 29483 413475 7700
0 143 0 0 304893 30014 420104 7800
0 144 0 0 309302 30617 426674 7900
0 145 0 0 313756 31202 433233 8000
0 146 0 0 318286 31748 439883 8100
0 146 0 0 322754 32359 446628 8200
0 147 0 0 327158 32983 453358 8300
0 147 0 0 331668 33632 460213 8400
0 149 0 0 336062 34277 467067 8500
0 149 0 0 340599 34960 474121 8600
0 149 0 0 345112 35660 481236 8700
0 149 0 0 349572 36351 488303 8800
0 149 0 0 354080 37028 495261 8900
0 149 0 0 358518 37672 502061 9000
0 149 0 0 362932 38370 508763 9100
0 150 0 0 367217 39059 515277 9200
0 151 0 0 371535 39696 521675 9300
0 154 0 0 375905 40397 528365 9400
0 154 0 0 380289 41114 534987 9500
0 154 0 0 384731 41808 541738 9600
0 156 0 0 389179 42489 548533 9700
0 156 0 0 393584 43165 555155 9800
0 156 0 0 397989 43815 561653 9900
0 156 0 4492 402388 44463 568116 10000
0 156 0 4572 406738 45093 574680 10100
0 156 0 4767 411105 45645 581193 10200
0 159 0 4868 415489 46190 587479 10300
0 159 0 4868 419790 46761 593661 10400
0 159 0 4868 424028 47298 599850 10500
0 159 0 4868 428339 47758 605978 10600
0 162 0 4868 432667 48250 612125 10700
0 162 0 4868 436966 48697 618196 10800
0 162 0 4868 441289 49147 624235 10900
0 163 0 4868 445530 49613 630202 11000
0 163 0 4868 449902 50125 636311 11100
0 164 0 4868 454141 50597 642179 11200
0 164 0 4868 458519 51052 648158 11300
0 164 0 4868 462814 51536 654004 11400
0 164 0 4868 467054 51967 659732 11500
0 165 0 4868 471365 52402 665614 11600
0 166 0 4868 475664 52790 671453 11700
0 166 0 4868 479952 53196 677168 11800
0 166 0 4868 484280 53590 682823 11900
0 166 0 4868 488564 53990 688387 12000
0 167 0 4868 492829 54386 693883 12100
1 168 0 4868 497066 54772 699349 12200
1 168 0 4868 501257 55153 705019 12300
1 168 0 4868 505570 55546 710873 12400
1 168 0 4868 509892 55885 716640 12500
1 168 0 4868 514142 56229 722355 12600
1 168 0 4868 518494 56586 728257 12700
1 169 0 4868 522772 56899 734043 12800
1 171 0 4868 527108 57205 739926 12900
1 172 0 4868 531425 57522 745720 13000
1 172 0 4868 535739 57883 751477 13100
1 173 0 4868 539976 58213 756984 13200
1 173 0 4868 544260 58543 762529 13300
1 175 0 4868 548474 58868 768023 13400
1 175 0 4868 552733 59204 773552 13500
1 177 0 4868 557026 59522 779134 13600
1 177 0 4868 561256 59841 784791 13700
1 177 0 4868 565657 60131 790538 13800
1 177 0 4868 569880 60436 796220 13900
1 177 0 4868 574220 60744 801989 14000
1 178 0 4868 578483 61097 807816 14100
1 179 0 4868 582811 61414 813798 14200
1 180 0 4868 587172 61729 819845 14300
1 181 0 4868 591572 62009 825787 14400
1 182 0 4868 595914 62308 831599 14500
1 183 0 4868 600151 62621 837345 14600
1 185 0 4868 604334 62974 843039 14700
1 187 0 4868 608585 63332 848750 14800
1 187 0 4868 612846 63695 854634 14900
1 187 0 4868 617144 64099 860745 15000
1 187 0 4868 621508 64530 867041 15100
1 187 0 4868 625879 64970 873421 15200
1 187 0 4868 630284 65415 879831 15300
1 187 0 4868 634520 65902 886035 15400
1 188 0 4868 638820 66395 892257 15500
1 188 0 4868 643131 66899 898549 15600
1 188 0 4868 647518 67405 904946 15700
1 188 0 4868 651787 67929 911376 15800
1 190 0 4868 656139 68458 917802 15900
1 190 0 4868 660438 68971 924225 16000
1 192 0 4868 664874 69563 930762 16100
1 192 0 4868 669197 70086 937257 16200
1 192 0 4868 673686 70648 943865 16300
1 194 0 4868 678106 71256 950522 16400
1 195 0 4868 682455 71859 957102 16500
1 196 0 4868 686899 72445 963646 16600
1 196 0 4868 691252 72991 970013 16700
1 197 0 4868 695695 73520 976502 16800
1 198 0 4868 700133 74052 983003 16900
1 198 0 4868 704585 74584 989648 17000
1 199 0 4868 708934 75080 996101 17100
1 200 0 4868 713382 75634 1002760 17200
1 201 0 4868 717811 76127 1009367 17300
1 202 0 4868 722229 76617 1015954 17400
1 204 0 4868 726689 77083 1022569 17500
1 205 0 4868 731107 77606 1029216 17600
1 207 0 4868 735536 78140 1036108 17700
1 208 0 4868 740019 78668 1043000 17800
1 209 0 4868 744565 79251 1050007 17900
1 209 0 4868 749038 79829 1056842 18000
1 211 0 4868 753468 80330 1063455 18100
1 211 0 4868 757888 80870 1070035 18200
1 212 0 4868 762257 81408 1076657 18300
1 212 0 4868 766624 81941 1083276 18400
1 212 0 4868 771024 82400 1089857 18500
1 214 0 4868 775536 82829 1096445 18600
1 215 0 4868 779945 83305 1102896 18700
1 216 0 4868 784184 83715 1108940 18800
1 217 0 4868 788491 84124 1115153 18900
1 218 0 4868 792830 84585 1121549 19000
1 220 0 4868 797250 84989 1127961 19100
1 222 0 4868 801693 85385 1134215 19200
1 225 0 4868 806044 85786 1140348 19300
1 227 0 4868 810498 86197 1146603 19400
1 228 0 4868 814942 86608 1152865 19500
1 229 0 4868 819227 87058 1158978 19600
1 232 0 4868 823528 87441 1165078 19700
1 234 0 4868 827867 87841 1171238 19800
1 234 0 4868 832192 88217 1177349 19900
1 236 0 9367 836460 88596 1183374 20000
1 238 0 9440 840828 88955 1189428 20100
1 240 0 9588 845131 89278 1195454 20200
1 241 0 9665 849373 89595 1201224 20300
1 242 0 9665 853658 89957 1207091 20400
1 242 0 9665 857891 90321 1212854 20500
1 242 0 9665 862182 90659 1218624 20600
1 243 0 9665 866449 90967 1224384 20700
1 244 0 9665 870797 91272 1230218 20800
1 244 0 9665 875010 91630 1236076 20900
1 244 0 9665 879424 91970 1242148 21000
1 244 0 9665 883680 92297 1248103 21100
1 244 0 9665 887954 92614 1253894 21200
1 245 0 9665 892268 92939 1259767 21300
1 245 0 9665 896514 93263 1265535 21400
1 245 0 9665 900752 93584 1271238 21500
1 245 0 9665 904956 93953 1276901 21600
1 245 0 9665 909144 94312 1282643 21700
1 245 0 9665 913276 94675 1288264 21800
1 245 0 9665 917601 95058 1294180 21900
1 245 0 9665 921867 95402 1300005 22000
1 247 0 9665 926042 95774 1305689 22100
1 247 0 9665 930331 96146 1311550 22200
1 248 0 9665 934564 96584 1317440 22300
1 249 0 9665 938869 96979 1323258 22400
1 250 0 9665 943197 97380 1329145 22500
1 250 0 9665 947421 97828 1334942 22600
1 252 0 9665 951700 98243 1340814 22700
1 252 0 9665 956017 98696 1346709 22800
1 253 0 9665 960251 99140 1352535 22900
1 254 0 9665 964552 99591 1358516 23000
1 255 0 9665 968885 100003 1364567 23100
1 255 0 9665 973177 100393 1370449 23200
1 255 0 9665 977613 100819 1376608 23300
1 256 0 9665 981870 101236 1382589 23400
1 259 0 9665 986365 101654 1388933 23500
1 260 0 9665 990670 102082 1395023 23600
1 262 0 9665 995069 102475 1401243 23700
1 263 0 9665 999464 102928 1407487 23800
1 265 0 9665 1003735 103380 1413593 23900
1 266 0 9665 1008087 103820 1419758 24000
1 267 0 9665 1012552 104282 1426151 24100
1 268 0 9665 1016891 104731 1432387 24200
1 270 0 9665 1021275 105239 1438747 24300
1 271 0 9665 1025605 105673 1444823 24400
1 271 0 9665 1030021 106110 1451065 24500
1 272 0 9665 1034382 106573 1457111 24600
1 273 0 9665 1038736 106999 1463206 24700
1 274 0 9665 1043058 107451 1469270 24800
1 275 0 9665 1047374 107928 1475280 24900
1 275 0 9665 1051665 108362 1481445 25000
1 275 0 9665 1055992 108786 1487494 25100
1 277 0 9665 1060463 109240 1493849 25200
1 277 0 9665 1064847 109653 1500052 25300
1 277 0 9665 1069285 110065 1506250 25400
1 278 0 9665 1073639 110519 1512522 25500
1 279 0 9665 1078051 110959 1518793 25600
1 279 0 9665 1082540 111399 1525270 25700
1 279 0 9665 1086935 111837 1531621 25800
1 280 0 9665 1091439 112186 1537988 25900
1 280 0 9665 1095906 112559 1544151 26000
1 280 0 9665 1100254 112931 1550110 26100
1 281 0 9665 1104613 113267 1555870 26200
1 282 0 9665 1108962 113587 1561594 26300
1 282 0 9665 1113303 113882 1567135 26400
1 283 0 9665 1117571 114246 1572739 26500
1 283 0 9665 1121801 114632 1578267 26600
1 284 0 9665 1126016 115010 1583807 26700
1 284 0 9665 1130210 115387 1589265 26800
1 284 0 9665 1134446 115746 1594836 26900
1 284 0 9665 1138642 116072 1600336 27000
1 284 0 9665 1142786 116423 1605914 27100
1 284 0 9665 1147087 116776 1611603 27200
1 284 0 9665 1151278 117165 1617187 27300
1 286 0 9665 1155469 117552 1622870 27400
1 287 0 9665 1159652 117932 1628572 27500
1 287 0 9665 1163915 118379 1634351 27600
1 288 0 9665 1168116 118846 1640210 27700
1 289 0 9665 1172354 119343 1646170 27800
1 290 0 9665 1176589 119844 1652108 27900
1 290 0 9665 1180834 120308 1658108 28000
1 292 0 9665 1185138 120829 1664138 28100
1 293 0 9665 1189404 121353 1670058 28200
1 293 0 9665 1193683 121853 1675963 28300
1 293 0 9665 1197916 122383 1681902 28400
1 294 0 9665 1202030 122835 1687610 28500
1 294 0 9665 1206366 123332 1693577 28600
1 296 0 9665 1210652 123834 1699620 28700
1 296 0 9665 1215020 124333 1705800 28800
1 296 0 9665 1219295 124860 1711972 28900
1 296 0 9665 1223650 125340 1718092 29000
1 296 0 9665 1227933 125852 1724134 29100
1 297 0 9665 1232203 126362 1730219 29200
1 297 0 9665 1236529 126849 1736343 29300
1 298 0 9665 1240819 127334 1742320 29400
1 298 0 9665 1245152 127822 1748244 29500
1 298 0 9665 1249459 128266 1754031 29600
1 300 0 9665 1253725 128709 1759884 29700
1 300 0 9665 1258073 129136 1765660 29800
1 300 0 9665 1262326 129542 1771396 29900
1 302 0 14165 1266674 129935 1777185 30000
1 303 0 14361 1270920 130400 1783175 30100
1 303 0 14789 1275190 130794 1789364 30200
1 304 0 15011 1279496 131224 1795509 30300
1 305 0 15011 1283759 131662 1801310 30400
1 307 0 15011 1287997 132083 1807168 30500
1 309 0 15011 1292348 132503 1813118 30600
1 309 0 15011 1296622 132903 1818960 30700
1 311 0 15011 1300879 133326 1824725 30800
1 312 0 15011 1305073 133749 1830482 30900
1 315 0 15011 1309272 134121 1836187 31000
1 317 0 15011 1313537 134533 1841987 31100
1 317 0 15011 1317853 134932 1847853 31200
1 319 0 15011 1322002 135332 1853458 31300
1 319 0 15011 1326230 135778 1859241 31400
1 319 0 15011 1330424 136217 1864879 31500
1 319 0 15011 1334557 136618 1870311 31600
1 319 0 15011 1338696 137033 1875812 31700
1 319 0 15011 1342908 137446 1881444 31800
1 320 0 15011 1347165 137842 1887227 31900
1 320 0 15011 1351481 138236 1893095 32000
1 322 0 15011 1355730 138599 1898952 32100
1 323 0 15011 1360057 138966 1904732 32200
1 325 0 15011 1364243 139318 1910435 32300
1 326 0 15011 1368488 139683 1916262 32400
1 327 0 15011 1372617 140091 1921962 32500
1 329 0 15011 1376952 140500 1927960 32600
1 329 0 15011 1381224 140896 1933930 32700
1 329 0 15011 1385605 141302 1940132 32800
1 332 0 15011 1389826 141738 1946222 32900
1 332 0 15011 1394229 142157 1952396 33000
1 333 0 15011 1398608 142504 1958493 33100
1 336 0 15011 1402979 142908 1964479 33200
1 338 0 15011 1407353 143298 1970472 33300
1 339 0 15011 1411668 143727 1976375 33400
1 341 0 15011 1415990 144103 1982199 33500
1 341 0 15011 1420256 144473 1987936 33600
1 343 0 15011 1424499 144834 1993670 33700
1 343 0 15011 1428769 145251 1999457 33800
1 343 0 15011 1432977 145640 2005250 33900
1 344 0 15011 1437300 146040 2011011 34000
1 345 0 15011 1441524 146430 2016682 34100
1 346 0 15011 1445724 146851 2022390 34200
1 346 0 15011 1449894 147357 2028172 34300
1 346 0 15011 1454091 147809 2033889 34400
1 346 0 15011 1458393 148295 2039831 34500
1 348 0 15011 1462615 148761 2045687 34600
1 348 0 15011 1466928 149217 2051564 34700
1 349 0 15011 1471155 149785 2057558 34800
1 351 0 15011 1475466 150294 2063557 34900
1 351 0 15011 1479762 150851 2069594 35000
1 352 0 15011 1484168 151398 2075808 35100
1 352 0 15011 1488407 151961 2081833 35200
1 352 0 15011 1492704 152511 2087999 35300
1 352 0 15011 1497071 153058 2094209 35400
1 352 0 15011 1501400 153600 2100327 35500
1 352 0 15011 1505842 154188 2106698 35600
1 352 0 15011 1510169 154790 2113073 35700
1 354 0 15011 1514529 155368 2119447 35800
1 355 0 15011 1518902 155930 2125830 35900
1 355 0 15011 1523327 156482 2132396 36000
1 356 0 15011 1527726 157036 2139068 36100
1 357 0 15011 1532223 157611 2145813 36200
1 358 0 15011 1536728 158118 2152602 36300
1 358 0 15011 1541184 158626 2159218 36400
1 358 0 15011 1545618 159134 2165788 36500
1 359 0 15011 1549944 159645 2172157 36600
1 359 0 15011 1554317 160131 2178473 36700
1 359 0 15011 1558651 160689 2184872 36800
1 360 0 15011 1563000 161214 2191196 36900
1 361 0 15011 1567351 161711 2197368 37000
1 361 0 15011 1571552 162176 2203238 37100
1 361 0 15011 1575902 162609 2209290 37200
1 361 0 15011 1580110 163030 2215182 37300
1 361 0 15011 1584376 163440 2221074 37400
1 361 0 15011 1588669 163879 2226903 37500
1 361 0 15011 1592959 164310 2232773 37600
1 361 0 15011 1597238 164775 2238670 37700
1 362 0 15011 1601528 165196 2244538 37800
1 362 0 15011 1605854 165582 2250440 37900
1 363 0 15011 1610157 166009 2256363 38000
1 363 0 15011 1614454 166471 2262290 38100
1 364 0 15011 1618788 166867 2268152 38200
1 365 0 15011 1623087 167269 2273935 38300
1 366 0 15011 1627377 167738 2279830 38400
1 366 0 15011 1631638 168175 2285632 38500
1 368 0 15011 1635984 168595 2291637 38600
1 369 0 15011 1640223 169017 2297560 38700
1 369 0 15011 1644566 169445 2303401 38800
1 369 0 15011 1648991 169879 2309503 38900
1 369 0 15011 1653242 170322 2315467 39000
1 370 0 15011 1657644 170790 2321585 39100
1 371 0 15011 1661970 171255 2327610 39200
1 372 0 15011 1666332 171715 2333610 39300
1 372 0 15011 1670596 172224 2339614 39400
1 373 0 15011 1674898 172715 2345697 39500
1 374 0 15011 1679254 173211 2351907 39600
1 374 0 15011 1683536 173650 2358024 39700
1 376 0 15011 1687924 174151 2364349 39800
1 377 0 15011 1692275 174672 2370733 39900
1 378 0 19511 1696719 175166 2377321 40000
1 379 0 19714 1701111 175714 2383809 40100
1 379 0 20114 1705432 176253 2390559 40200
1 380 0 20303 1709753 176750 2397051 40300
1 380 0 20303 1714032 177265 2403221 40400
1 380 0 20303 1718454 177801 2409537 40500
1 380 0 20303 1722779 178302 2415763 40600
1 381 0 20303 1727185 178741 2422001 40700
1 382 0 20303 1731569 179196 2428415 40800
1 383 0 20303 1735954 179679 2434811 40900
1 383 0 20303 1740334 180187 2441186 41000
1 383 0 20303 1744741 180671 2447731 41100
1 383 0 20303 1749219 181133 2454330 41200
1 383 0 20303 1753675 181591 2460854 41300
1 383 0 20303 1757973 182032 2467206 41400
1 384 0 20303 1762425 182514 2473588 41500
1 384 0 20303 1766765 182980 2479936 41600
1 384 0 20303 1771085 183506 2486144 41700
1 384 0 20303 1775576 183992 2492541 41800
1 384 0 20303 1779897 184410 2498843 41900
1 384 0 20303 1784231 184868 2505106 42000
1 385 0 20303 1788633 185313 2511413 42100
1 385 0 20303 1793076 185764 2517776 42200
1 385 0 20303 1797396 186197 2524052 42300
1 385 0 20303 1801767 186669 2530247 42400
1 385 0 20303 1806061 187026 2536274 42500
1 385 0 20303 1810466 187362 2542390 42600
1 386 0 20303 1814802 187720 2548385 42700
1 386 0 20303 1819177 188085 2554432 42800
1 387 0 20303 1823482 188444 2560415 42900
1 388 0 20303 1827796 188788 2566487 43000
1 388 0 20303 1832185 189137 2572446 43100
1 389 0 20303 1836484 189494 2578224 43200
1 390 0 20303 1840786 189843 2583959 43300
1 390 0 20303 1845088 190216 2589750 43400
1 390 0 20303 1849420 190585 2595551 43500
1 391 0 20303 1853753 190967 2601269 43600
1 392 0 20303 1858040 191288 2606894 43700
1 393 0 20303 1862347 191679 2612727 43800
1 393 0 20303 1866661 192038 2618346 43900
1 394 0 20303 1870877 192415 2623864 44000
1 396 0 20303 1875221 192757 2629499 44100
1 400 0 20303 1879373 193144 2635003 44200
1 402 0 20303 1883715 193527 2640746 44300
1 402 0 20303 1887932 193879 2646465 44400
1 403 0 20303 1892250 194267 2652227 44500
1 403 0 20303 1896479 194699 2657996 44600
1 403 0 20303 1900863 195088 2663793 44700
1 403 0 20303 1905128 195483 2669567 44800
1 403 0 20303 1909369 195860 2675310 44900
1 403 0 20303 1913747 196280 2681241 45000
1 404 0 20303 1917981 196686 2687128 45100
1 404 0 20303 1922263 197080 2693019 45200
1 405 0 20303 1926536 197514 2699116 45300
1 405 0 20303 1930846 197902 2705164 45400
1 406 0 20303 1935192 198331 2711422 45500
1 407 0 20303 1939546 198822 2717702 45600
1 407 0 20303 1943933 199279 2723998 45700
1 407 0 20303 1948274 199679 2730193 45800
1 407 0 20303 1952581 200082 2736288 45900
1 407 0 20303 1956894 200523 2742366 46000
1 407 0 20303 1961298 200975 2748557 46100
1 407 0 20303 1965616 201359 2754591 46200
1 408 0 20303 1969882 201736 2760451 46300
1 408 0 20303 1974186 202186 2766421 46400
1 409 0 20303 1978403 202676 2772390 46500
1 411 0 20303 1982738 203121 2778374 46600
1 411 0 20303 1987027 203520 2784302 46700
1 412 0 20303 1991276 203960 2790250 46800
1 412 0 20303 1995595 204467 2796361 46900
1 412 0 20303 1999855 204922 2802370 47000
1 413 0 20303 2004247 205357 2808384 47100
1 414 0 20303 2008506 205832 2814398 47200
1 414 0 20303 2012870 206316 2820418 47300
1 415 0 20303 2017165 206757 2826320 47400
1 415 0 20303 2021475 207237 2832328 47500
1 415 0 20303 2025760 207735 2838244 47600
1 415 0 20303 2030102 208167 2844089 47700
1 415 0 20303 2034390 208618 2849842 47800
1 415 0 20303 2038595 209069 2855588 47900
1 415 0 20303 2042855 209502 2861446 48000
1 415 0 20303 2047060 209961 2867296 48100
1 417 0 20303 2051316 210385 2873223 48200
1 417 0 20303 2055576 210803 2879146 48300
1 417 0 20303 2059841 211195 2885114 48400
1 418 0 20303 2064183 211620 2891082 48500
1 418 0 20303 2068521 212088 2897119 48600
1 418 0 20303 2072768 212484 2902965 48700
1 418 0 20303 2077087 212916 2908930 48800
1 418 0 20303 2081347 213355 2914895 48900
1 419 0 20303 2085743 213755 2921028 49000
1 420 0 20303 2090072 214180 2927077 49100
1 420 0 20303 2094429 214609 2933128 49200
1 420 0 20303 2098738 215032 2939074 49300
1 420 0 20303 2103052 215397 2944975 49400
1 421 0 20303 2107376 215842 2950891 49500
1 421 0 20303 2111739 216260 2956815 49600
1 422 0 20303 2116045 216756 2962826 49700
1 422 0 20303 2120321 217228 2968788 49800
1 423 0 20303 2124578 217707 2974751 49900
1 424 0 24803 2128890 218217 2980752 50000
1 424 0 25001 2133286 218664 2986965 50100
1 424 0 25427 2137538 219051 2993258 50200
1 424 0 25627 2141778 219415 2999245 50300
1 424 0 25627 2146079 219821 3005056 50400
1 425 0 25627 2150345 220212 3010796 50500
1 425 0 25627 2154648 220569 3016528 50600
1 425 0 25627 2158934 220953 3022251 50700
1 426 0 25627 2163209 221316 3027955 50800
1 427 0 25627 2167449 221787 3033787 50900
1 428 0 25627 2171680 222203 3039472 51000
1 429 0 25627 2175952 222629 3045167 51100
1 431 0 25627 2180192 223063 3050864 51200
1 432 0 25627 2184434 223548 3056591 51300
1 432 0 25627 2188715 224057 3062280 51400
1 434 0 25627 2192945 224573 3067995 51500
1 434 0 25627 2197183 225126 3073735 51600
1 435 0 25627 2201374 225619 3079478 51700
1 435 0 25627 2205691 226087 3085295 51800
1 436 0 25627 2209951 226516 3091152 51900
1 437 0 25627 2214204 227030 3097045 52000
1 438 0 25627 2218530 227437 3102869 52100
1 439 0 25627 2222841 227859 3108648 52200
1 440 0 25627 2227137 228222 3114319 52300
1 441 0 25627 2231356 228624 3120014 52400
1 441 0 25627 2235595 229000 3125755 52500
1 442 0 25627 2239859 229376 3131634 52600
1 443 0 25627 2244235 229720 3137537 52700
1 443 0 25627 2248606 230056 3143481 52800
1 443 0 25627 2252900 230387 3149206 52900
1 443 0 25627 2257019 230724 3154788 53000
1 444 0 25627 2261351 231064 3160595 53100
1 445 0 25627 2265658 231436 3166576 53200
1 446 0 25627 2269929 231795 3172581 53300
1 448 0 25627 2274187 232137 3178642 53400
1 448 0 25627 2278564 232497 3184643 53500
1 450 0 25627 2282915 232896 3190809 53600
1 452 0 25627 2287272 233295 3197008 53700
1 453 0 25627 2291657 233684 3203392 53800
1 454 0 25627 2296018 234068 3209629 53900
1 456 0 25627 2300423 234464 3215963 54000
1 457 0 25627 2304845 234873 3222296 54100
1 457 0 25627 2309276 235278 3228581 54200
1 457 0 25627 2313648 235663 3234840 54300
2 457 0 25627 2318030 236056 3241012 54400
2 461 0 25627 2322359 236478 3247228 54500
2 462 0 25627 2326796 236956 3253452 54600
3 464 0 25627 2331162 237473 3259808 54700
3 464 0 25627 2335524 237964 3266159 54800
3 464 0 25627 2339852 238535 3272525 54900
3 464 0 25627 2344254 239071 3278952 55000
3 464 0 25627 2348625 239617 3285342 55100
3 464 0 25627 2352969 240211 3291644 55200
3 465 0 25627 2357247 240831 3297993 55300
3 465 0 25627 2361503 241352 3304245 55400
3 465 0 25627 2365829 241893 3310572 55500
3 465 0 25627 2370165 242388 3316790 55600
3 465 0 25627 2374536 242823 3322914 55700
3 465 0 25627 2378764 243235 3328983 55800
3 465 0 25627 2383004 243648 3334956 55900
3 466 0 25627 2387310 244080 3341006 56000
3 466 0 25627 2391559 244484 3346963 56100
3 467 0 25627 2395954 244893 3353160 56200
3 467 0 25627 2400206 245284 3359089 56300
3 468 0 25627 2404507 245693 3365154 56400
3 468 0 25627 2408791 246079 3371163 56500
3 468 0 25627 2413067 246453 3377191 56600
3 469 0 25627 2417423 246821 3383291 56700
3 469 0 25627 2421874 247200 3389344 56800
3 470 0 25627 2426168 247585 3395369 56900
3 470 0 25627 2430463 247964 3401379 57000
3 470 0 25627 2434811 248377 3407410 57100
3 471 0 25627 2439109 248800 3413448 57200
3 471 0 25627 2443443 249186 3419402 57300
3 471 0 25627 2447784 249595 3425416 57400
3 472 0 25627 2452063 250034 3431364 57500
3 473 0 25627 2456364 250471 3437495 57600
3 475 0 25627 2460607 250958 3443565 57700
3 476 0 25627 2464955 251386 3449792 57800
3 477 0 25627 2469239 251847 3455902 57900
3 479 0 25627 2473559 252298 3462012 58000
3 479 0 25627 2477805 252772 3467895 58100
3 479 0 25627 2482054 253247 3473828 58200
3 480 0 25627 2486210 253765 3479775 58300
3 480 0 25627 2490460 254241 3485756 58400
3 481 0 25627 2494691 254725 3491735 58500
3 481 0 25627 2498930 255156 3497744 58600
3 483 0 25627 2503165 255648 3503803 58700
3 483 0 25627 2507420 256101 3509747 58800
3 484 0 25627 2511608 256557 3515738 58900
3 486 0 25627 2515864 257033 3521925 59000
3 488 0 25627 2520101 257512 3528151 59100
3 488 0 25627 2524380 257972 3534373 59200
3 491 0 25627 2528662 258395 3540634 59300
3 494 0 25627 2533005 258863 3546938 59400
3 495 0 25627 2537300 259333 3553227 59500
3 498 0 25627 2541671 259840 3559653 59600
3 499 0 25627 2546079 260288 3566097 59700
3 499 0 25627 2550421 260738 3572479 59800
3 500 0 25627 2554814 261152 3578738 59900
