0 0 0 0 0 0 0 0
0 9 0 0 3274 0 3315 100
0 16 0 0 7362 8 7481 200
0 18 0 0 9093 12 9275 300
0 20 0 0 11444 13 11677 400
0 21 0 0 14216 16 14488 500
0 22 0 0 17509 17 17852 600
0 24 0 0 21154 23 21589 700
0 25 0 0 24982 39 25561 800
0 27 0 0 29206 44 29998 900
0 27 0 0 33645 65 34762 1000
0 28 0 0 38372 71 39890 1100
0 28 0 0 43521 105 45601 1200
0 29 0 0 48749 153 51465 1300
0 31 0 0 54186 214 57650 1400
0 32 0 0 59719 270 63948 1500
0 33 0 0 65550 347 70578 1600
0 33 0 0 71461 441 77408 1700
0 35 0 0 77591 524 84512 1800
0 37 0 0 83892 636 91858 1900
0 37 0 0 90255 797 99491 2000
0 40 0 0 96794 993 107450 2100
0 42 0 0 103291 1196 115420 2200
0 43 0 0 109930 1417 123709 2300
0 46 0 0 116513 1629 132051 2400
0 48 0 0 123250 1856 140627 2500
0 50 0 0 130092 2130 149336 2600
0 51 0 0 136921 2436 158179 2700
0 56 0 0 143887 2775 167133 2800
0 61 0 0 150886 3099 176387 2900
0 63 0 0 157833 3497 185619 3000
0 66 0 0 164854 3856 194937 3100
0 69 0 0 171950 4193 204561 3200
0 72 0 0 179091 4569 214234 3300
0 76 0 0 186172 4986 224055 3400
0 79 0 0 193363 5384 233900 3500
0 79 0 0 200531 5871 243783 3600
0 83 0 0 207612 6246 253560 3700
0 87 0 0 214806 6713 263453 3800
0 88 0 0 222007 7278 273448 3900
0 91 0 0 229234 7791 283543 4000
0 92 0 0 236502 8299 293782 4100
0 94 0 0 243831 8885 304404 4200
0 97 0 0 251174 9505 314995 4300
0 98 0 0 258486 10101 325522 4400
0 99 0 0 265863 10695 336392 4500
0 102 0 0 273482 11274 347466 4600
0 104 0 0 281045 11873 358468 4700
0 109 0 0 288553 12416 369371 4800
0 112 0 0 296027 12917 380245 4900
0 116 0 0 303523 13403 391125 5000
0 119 0 0 311075 13888 402208 5100
0 123 0 0 318607 14333 413061 5200
0 124 0 0 326068 14781 423829 5300
0 127 0 0 333545 15264 434783 5400
0 131 0 0 341033 15707 445325 5500
0 136 0 0 348442 16163 455832 5600
0 141 0 0 355858 16554 466139 5700
0 144 0 0 363188 16994 476513 5800
0 146 0 0 370592 17513 487163 5900
0 152 0 0 377898 17970 497734 6000
0 158 0 0 385439 18464 508702 6100
0 164 0 0 393016 19035 519706 6200
0 166 0 0 400490 19585 530599 6300
0 172 0 0 407916 20102 541382 6400
0 173 0 0 415408 20709 552268 6500
0 177 0 0 422860 21224 563100 6600
0 181 0 0 430210 21747 573917 6700
0 186 0 0 437707 22283 585421 6800
0 189 0 0 445222 22779 596800 6900
0 193 0 0 452742 23253 608023 7000
0 196 0 0 460116 23707 618735 7100
0 199 0 0 467576 24285 629470 7200
0 203 0 0 474936 24788 640019 7300
0 205 0 0 482145 25273 650388 7400
0 207 0 0 489573 25745 661202 7500
0 210 0 0 496999 26257 672008 7600
0 211 0 0 504485 26725 682804 7700
0 216 0 0 511757 27222 693196 7800
0 217 0 0 519247 27699 703939 7900
0 221 0 0 526592 28147 714694 8000
0 224 0 0 533986 28581 725337 8100
0 229 0 0 541478 29120 736079 8200
0 232 0 0 548911 29681 746788 8300
0 234 0 0 556386 30215 757527 8400
0 237 0 0 563868 30646 768130 8500
0 238 0 0 571356 31069 778743 8600
0 240 0 0 578616 31517 789242 8700
0 244 0 0 586091 32008 800038 8800
0 247 0 0 593603 32507 810950 8900
0 249 0 0 601124 33022 821865 9000
0 249 0 0 608528 33578 832698 9100
0 249 0 0 616238 34077 843904 9200
0 252 0 0 623635 34608 854634 9300
0 256 0 0 631189 35132 865604 9400
0 259 0 0 638717 35711 876610 9500
0 261 0 0 646074 36352 887570 9600
0 264 0 0 653623 36886 898583 9700
0 268 0 0 661227 37489 909914 9800
0 269 0 0 668761 38113 921372 9900
0 273 0 0 676344 38797 932968 10000
0 275 0 0 683919 39391 944501 10100
0 277 0 0 691573 40122 956351 10200
0 278 0 0 699205 40734 968059 10300
0 279 0 0 706815 41417 979839 10400
0 282 0 0 714520 42150 991860 10500
0 283 0 0 722174 42887 1003710 10600
0 285 0 0 729796 43600 1015610 10700
0 286 0 0 737581 44296 1027900 10800
0 288 0 0 745298 44987 1040490 10900
0 292 0 0 753116 45721 1053134 11000
0 294 0 0 761034 46410 1065780 11100
0 295 0 0 768868 47110 1077939 11200
0 297 0 0 776578 47838 1089724 11300
0 298 0 0 784176 48561 1101393 11400
0 299 0 0 791650 49299 1112871 11500
0 301 0 0 799298 50004 1124541 11600
0 302 0 0 806805 50639 1135960 11700
0 304 0 0 814337 51304 1147492 11800
0 304 0 0 821965 52012 1159146 11900
0 304 0 0 829422 52651 1170326 12000
0 304 0 0 836939 53301 1181506 12100
0 304 0 0 844435 53926 1192617 12200
0 305 0 0 851921 54665 1203834 12300
0 306 0 0 859303 55377 1214927 12400
0 309 0 0 866803 56111 1226145 12500
0 309 0 0 874266 56810 1237644 12600
0 310 0 0 881596 57525 1248834 12700
0 312 0 0 889102 58204 1260255 12800
0 313 0 0 896668 58991 1272075 12900
0 314 0 0 904224 59769 1283672 13000
0 315 0 0 911714 60618 1295192 13100
0 317 0 0 919247 61339 1306448 13200
0 321 0 0 926564 62089 1317610 13300
0 321 0 0 933950 62823 1328490 13400
0 325 0 0 941270 63516 1339359 13500
0 328 0 0 948612 64256 1350319 13600
0 330 0 0 956017 65029 1361363 13700
0 333 0 0 963334 65800 1372338 13800
0 336 0 0 970806 66516 1383653 13900
0 336 0 0 978217 67291 1394916 14000
0 337 0 0 985595 68059 1406224 14100
0 338 0 0 992946 68683 1417353 14200
0 339 0 0 1000316 69362 1428438 14300
0 344 0 0 1007620 69974 1439211 14400
0 346 0 0 1014965 70646 1450006 14500
0 351 0 0 1022263 71281 1460731 14600
0 352 0 0 1029582 71859 1471412 14700
0 354 0 0 1036907 72499 1482187 14800
0 355 0 0 1044177 73146 1492916 14900
0 356 0 0 1051543 73796 1503878 15000
0 358 0 0 1058912 74428 1514759 15100
0 360 0 0 1066397 75150 1526118 15200
0 363 0 0 1073806 75703 1537240 15300
0 365 0 0 1081167 76301 1548642 15400
0 368 0 0 1088558 76898 1560054 15500
0 372 0 0 1096158 77541 1571445 15600
0 373 0 0 1103514 78234 1582591 15700
0 378 0 0 1110852 78828 1593512 15800
0 380 0 0 1118155 79408 1604392 15900
0 380 0 0 1125455 80031 1615149 16000
0 383 0 0 1132864 80625 1625899 16100
0 384 0 0 1140075 81192 1636501 16200
0 386 0 0 1147476 81843 1647460 16300
0 388 0 0 1154753 82502 1658418 16400
0 391 0 0 1162216 83150 1669725 16500
0 393 0 0 1169729 83847 1681032 16600
0 394 0 0 1177257 84477 1692383 16700
0 397 0 0 1184752 85104 1703675 16800
0 401 0 0 1192144 85775 1714786 16900
0 403 0 0 1199589 86508 1725882 17000
0 405 0 0 1207111 87160 1737112 17100
0 407 0 0 1214515 87750 1748083 17200
0 411 0 0 1221866 88318 1758895 17300
0 414 0 0 1229213 88942 1769603 17400
0 417 0 0 1236636 89609 1780303 17500
0 419 0 0 1243982 90211 1790935 17600
0 421 0 0 1251169 90824 1801275 17700
0 423 0 0 1258641 91458 1811966 17800
0 426 0 0 1265866 92045 1822432 17900
0 430 0 0 1273086 92617 1832880 18000
0 430 0 0 1280453 93238 1843453 18100
0 432 0 0 1287669 93828 1854175 18200
0 434 0 0 1294872 94461 1864888 18300
0 435 0 0 1302183 95128 1875754 18400
0 438 0 0 1309606 95789 1886756 18500
0 438 0 0 1316919 96383 1897628 18600
0 440 0 0 1324316 96932 1908330 18700
0 441 0 0 1331617 97466 1919261 18800
0 441 0 0 1339056 98168 1930202 18900
0 443 0 0 1346505 98786 1940821 19000
0 444 0 0 1353806 99439 1951445 19100
0 446 0 0 1361032 100080 1961737 19200
0 448 0 0 1368336 100707 1972245 19300
0 450 0 0 1375624 101314 1982699 19400
0 453 0 0 1383015 101896 1993363 19500
0 453 0 0 1390358 102507 2004006 19600
0 455 0 0 1397674 103149 2014563 19700
0 456 0 0 1405027 103784 2025297 19800
0 458 0 0 1412289 104411 2035857 19900
0 459 0 0 1419533 105065 2046345 20000
0 461 0 0 1426929 105731 2057050 20100
0 462 0 0 1434215 106327 2067699 20200
0 462 0 0 1441482 106970 2078364 20300
0 464 0 0 1448870 107599 2089062 20400
0 465 0 0 1456177 108279 2099786 20500
0 465 0 0 1463489 108988 2110594 20600
0 466 0 0 1470826 109676 2121295 20700
0 470 0 0 1478110 110359 2131888 20800
0 473 0 0 1485493 111031 2142797 20900
0 476 0 0 1492771 111770 2153848 21000
0 477 0 0 1500207 112433 2164908 21100
0 480 0 0 1507632 113094 2176057 21200
0 481 0 0 1515096 113747 2187237 21300
0 481 0 0 1522486 114371 2198355 21400
0 483 0 0 1529925 115017 2209642 21500
0 485 0 0 1537437 115667 2220823 21600
0 488 0 0 1544840 116293 2231977 21700
0 489 0 0 1552259 116953 2242967 21800
0 491 0 0 1559756 117543 2254023 21900
0 493 0 0 1567182 118183 2265155 22000
0 495 0 0 1574612 118846 2276274 22100
0 497 0 0 1582104 119416 2287340 22200
0 499 0 0 1589520 119991 2298292 22300
0 499 0 0 1596986 120531 2309198 22400
0 503 0 0 1604415 121055 2320010 22500
0 503 0 0 1611769 121617 2330786 22600
0 505 0 0 1619110 122130 2341285 22700
0 506 0 0 1626377 122696 2352128 22800
0 507 0 0 1633664 123234 2362906 22900
0 510 0 0 1641144 123760 2373966 23000
0 510 0 0 1648688 124274 2384857 23100
0 511 0 0 1655921 124773 2395536 23200
0 511 0 0 1663328 125355 2406426 23300
0 512 0 0 1670768 125876 2417491 23400
0 515 0 0 1678218 126434 2428357 23500
0 517 0 0 1685539 127016 2439151 23600
0 518 0 0 1693008 127607 2450044 23700
0 519 0 0 1700305 128195 2460775 23800
0 521 0 0 1707851 128702 2471708 23900
0 523 0 0 1715197 129269 2482499 24000
0 526 0 0 1722523 129890 2493269 24100
0 527 0 0 1729888 130485 2504292 24200
0 529 0 0 1737425 131047 2515400 24300
0 531 0 0 1744841 131682 2526247 24400
0 533 0 0 1752211 132221 2536880 24500
0 534 0 0 1759742 132872 2547793 24600
0 534 0 0 1766998 133517 2558474 24700
0 538 0 0 1774433 134063 2569135 24800
0 540 0 0 1781731 134601 2579740 24900
0 545 0 0 1789114 135152 2590651 25000
0 548 0 0 1796497 135770 2601664 25100
0 549 0 0 1803966 136433 2612883 25200
0 554 0 0 1811384 137095 2624179 25300
0 558 0 0 1818834 137707 2635420 25400
0 561 0 0 1826291 138356 2646714 25500
0 563 0 0 1833829 139015 2657923 25600
0 568 0 0 1841324 139631 2669010 25700
0 570 0 0 1848701 140247 2679997 25800
0 570 0 0 1856037 140851 2690731 25900
0 573 0 0 1863470 141510 2701599 26000
0 573 0 0 1870906 142177 2712445 26100
0 576 0 0 1878208 142811 2723446 26200
0 578 0 0 1885593 143401 2734463 26300
0 579 0 0 1893136 143992 2745602 26400
0 582 0 0 1900511 144595 2756468 26500
0 585 0 0 1908099 145232 2767620 26600
0 587 0 0 1915415 145872 2778377 26700
0 591 0 0 1922841 146466 2789284 26800
0 593 0 0 1930191 147141 2800163 26900
0 595 0 0 1937625 147754 2810873 27000
0 596 0 0 1944887 148424 2821436 27100
0 599 0 0 1952305 149017 2832105 27200
0 603 0 0 1959592 149674 2842680 27300
0 604 0 0 1967014 150260 2853306 27400
0 606 0 0 1974402 150860 2864050 27500
0 606 0 0 1981741 151445 2874629 27600
0 606 0 0 1989074 152109 2885250 27700
0 607 0 0 1996477 152696 2895888 27800
0 607 0 0 2003792 153289 2906560 27900
0 610 0 0 2011109 153881 2917122 28000
0 612 0 0 2018562 154493 2928106 28100
0 612 0 0 2025831 155064 2938833 28200
0 612 0 0 2033267 155705 2949713 28300
0 612 0 0 2040751 156324 2960738 28400
0 612 0 0 2048156 156885 2971670 28500
0 612 0 0 2055505 157473 2982469 28600
0 613 0 0 2062980 158009 2993273 28700
0 614 0 0 2070387 158511 3004064 28800
0 614 0 0 2077744 159011 3014748 28900
0 616 0 0 2085112 159505 3025466 29000
0 616 0 0 2092481 160050 3036106 29100
0 616 0 0 2099923 160592 3046942 29200
0 617 0 0 2107247 161120 3057604 29300
0 618 0 0 2114760 161624 3068404 29400
0 621 0 0 2122039 162124 3078926 29500
0 622 0 0 2129490 162652 3089462 29600
0 626 0 0 2136784 163160 3100194 29700
0 628 0 0 2144101 163662 3110898 29800
0 631 0 0 2151600 164218 3122121 29900
0 632 0 0 2158997 164796 3133363 30000
0 636 0 0 2166508 165404 3144597 30100
0 639 0 0 2174010 165987 3155808 30200
0 640 0 0 2181513 166625 3167194 30300
0 642 0 0 2189034 167205 3178252 30400
0 645 0 0 2196605 167817 3189632 30500
0 646 0 0 2204076 168426 3200685 30600
0 647 0 0 2211575 168944 3211594 30700
0 651 0 0 2218989 169504 3222353 30800
0 652 0 0 2226341 170135 3233139 30900
0 653 0 0 2233693 170794 3244042 31000
0 654 0 0 2241123 171385 3254988 31100
0 658 0 0 2248604 171967 3265842 31200
0 659 0 0 2256159 172535 3276747 31300
0 659 0 0 2263495 173023 3287302 31400
0 660 0 0 2270984 173557 3297964 31500
0 662 0 0 2278406 174125 3308613 31600
0 664 0 0 2285823 174665 3319020 31700
0 666 0 0 2293183 175223 3329362 31800
0 668 0 0 2300609 175745 3339773 31900
0 671 0 0 2307914 176276 3349984 32000
0 674 0 0 2315182 176828 3360277 32100
0 675 0 0 2322575 177329 3370642 32200
0 677 0 0 2329849 177882 3380995 32300
0 679 0 0 2337112 178395 3391270 32400
0 680 0 0 2344241 178900 3401396 32500
0 681 0 0 2351519 179411 3411542 32600
0 683 0 0 2358856 179966 3421678 32700
0 684 0 0 2366120 180431 3431753 32800
0 688 0 0 2373404 180975 3442013 32900
0 689 0 0 2380630 181470 3452007 33000
0 691 0 0 2387731 182045 3462059 33100
0 692 0 0 2395049 182575 3472451 33200
0 693 0 0 2402286 183125 3482764 33300
0 694 0 0 2409669 183624 3493136 33400
0 694 0 0 2416838 184244 3503499 33500
0 695 0 0 2424072 184769 3513981 33600
0 695 0 0 2431400 185288 3524481 33700
0 697 0 0 2438891 185772 3535255 33800
0 699 0 0 2446268 186322 3545879 33900
0 702 0 0 2453561 186807 3556467 34000
0 703 0 0 2460990 187285 3567177 34100
0 704 0 0 2468285 187791 3577809 34200
0 706 0 0 2475591 188223 3588318 34300
0 708 0 0 2482880 188651 3598819 34400
0 710 0 0 2490315 189113 3609542 34500
0 712 0 0 2497542 189545 3619968 34600
0 714 0 0 2505000 190019 3630570 34700
0 716 0 0 2512221 190448 3640900 34800
0 716 0 0 2519356 190854 3650871 34900
0 716 0 0 2526701 191331 3661052 35000
0 716 0 0 2533862 191801 3671001 35100
0 717 0 0 2540998 192198 3680672 35200
0 718 0 0 2548053 192583 3690104 35300
0 719 0 0 2555245 193060 3699999 35400
0 721 0 0 2562365 193475 3709650 35500
0 722 0 0 2569486 193906 3719257 35600
0 724 0 0 2576732 194340 3729092 35700
0 724 0 0 2583757 194781 3738628 35800
0 727 0 0 2590892 195236 3748344 35900
0 727 0 0 2598082 195662 3758051 36000
0 729 0 0 2605225 196128 3767916 36100
0 730 0 0 2612525 196549 3777999 36200
0 730 0 0 2619664 197029 3787976 36300
0 732 0 0 2626880 197503 3798019 36400
0 733 0 0 2634041 197922 3807971 36500
0 733 0 0 2641482 198436 3818371 36600
0 735 0 0 2648730 198894 3828435 36700
0 737 0 0 2655933 199358 3838499 36800
0 739 0 0 2663181 199824 3848698 36900
0 739 0 0 2670573 200292 3859016 37000
0 741 0 0 2677911 200736 3869235 37100
0 741 0 0 2685351 201234 3879721 37200
0 742 0 0 2692664 201686 3889892 37300
0 742 0 0 2700090 202167 3900294 37400
0 747 0 0 2707347 202616 3910526 37500
0 747 0 0 2714652 203093 3920873 37600
0 749 0 0 2722078 203652 3931494 37700
0 749 0 0 2729384 204158 3941967 37800
0 750 0 0 2736564 204697 3952315 37900
0 751 0 0 2743990 205211 3962878 38000
0 752 0 0 2751299 205724 3973332 38100
0 756 0 0 2758586 206259 3983851 38200
0 757 0 0 2765877 206787 3994311 38300
0 758 0 0 2773170 207346 4004782 38400
0 759 0 0 2780540 207881 4015382 38500
0 760 0 0 2787895 208454 4026094 38600
0 763 0 0 2795218 209069 4036882 38700
0 764 0 0 2802594 209689 4047913 38800
0 766 0 0 2809974 210315 4058895 38900
0 768 0 0 2817321 210902 4069882 39000
0 769 0 0 2824679 211486 4080734 39100
0 773 0 0 2831986 212157 4091438 39200
0 774 0 0 2839274 212807 4102083 39300
0 776 0 0 2846558 213471 4112689 39400
0 781 0 0 2853716 214163 4123234 39500
0 785 0 0 2861029 214773 4133662 39600
0 788 0 0 2868267 215380 4144105 39700
0 790 0 0 2875584 215985 4154532 39800
0 794 0 0 2882836 216579 4164924 39900
0 795 0 0 2890179 217145 4175236 40000
0 796 0 0 2897400 217637 4185394 40100
0 802 0 0 2904730 218217 4195669 40200
0 803 0 0 2912043 218668 4205753 40300
0 804 0 0 2919378 219183 4215886 40400
0 809 0 0 2926661 219720 4225829 40500
0 810 0 0 2933847 220193 4235660 40600
0 812 0 0 2940939 220714 4245362 40700
0 814 0 0 2948096 221177 4254976 40800
0 815 0 0 2955323 221648 4264755 40900
0 817 0 0 2962409 222149 4274578 41000
0 820 0 0 2969538 222565 4284317 41100
0 824 0 0 2976725 222993 4294046 41200
0 826 0 0 2983923 223426 4303678 41300
0 829 0 0 2991126 223830 4313221 41400
0 832 0 0 2998008 224279 4322424 41500
0 836 0 0 3005199 224709 4331843 41600
0 837 0 0 3012273 225144 4341345 41700
0 841 0 0 3019464 225615 4351001 41800
0 844 0 0 3026657 226080 4360653 41900
0 845 0 0 3033820 226581 4370354 42000
0 848 0 0 3041027 227075 4380192 42100
0 850 0 0 3048250 227519 4390146 42200
0 851 0 0 3055536 227941 4400050 42300
0 855 0 0 3062851 228460 4410127 42400
0 858 0 0 3070082 228915 4420000 42500
0 858 0 0 3077366 229446 4430144 42600
0 861 0 0 3084648 229946 4440127 42700
0 864 0 0 3091890 230427 4449863 42800
0 866 0 0 3098979 230965 4459620 42900
0 868 0 0 3106295 231464 4469757 43000
0 870 0 0 3113573 231943 4480017 43100
0 871 0 0 3120978 232543 4490496 43200
0 875 0 0 3128245 233033 4500952 43300
0 877 0 0 3135623 233589 4511581 43400
0 878 0 0 3143041 234124 4522254 43500
0 880 0 0 3150563 234601 4533118 43600
0 884 0 0 3157836 235070 4543739 43700
0 886 0 0 3165196 235565 4554371 43800
0 889 0 0 3172544 236163 4565099 43900
0 892 0 0 3179916 236702 4575768 44000
0 896 0 0 3187332 237201 4586384 44100
0 896 0 0 3194735 237762 4596838 44200
0 898 0 0 3202034 238310 4607117 44300
0 899 0 0 3209345 238867 4617334 44400
0 901 0 0 3216693 239383 4627497 44500
0 902 0 0 3224072 239966 4637731 44600
0 907 0 0 3231243 240538 4647833 44700
0 909 0 0 3238586 241126 4658230 44800
0 911 0 0 3245951 241777 4668921 44900
0 916 0 0 3253410 242444 4679816 45000
0 917 0 0 3260882 243120 4690691 45100
0 925 0 0 3268404 243781 4701730 45200
0 926 0 0 3275683 244448 4712456 45300
0 930 0 0 3283126 245130 4723443 45400
0 933 0 0 3290497 245793 4734330 45500
0 934 0 0 3298007 246420 4745207 45600
0 935 0 0 3305457 247099 4756123 45700
0 937 0 0 3312836 247693 4767032 45800
0 938 0 0 3320256 248302 4778041 45900
0 941 0 0 3327767 248929 4789161 46000
0 942 0 0 3335132 249519 4799973 46100
0 944 0 0 3342549 249975 4810634 46200
0 948 0 0 3349761 250472 4821110 46300
0 950 0 0 3357032 250998 4831683 46400
0 956 0 0 3364427 251455 4842215 46500
0 957 0 0 3371760 251977 4852716 46600
0 958 0 0 3379059 252497 4863139 46700
0 962 0 0 3386417 253091 4873699 46800
0 964 0 0 3393641 253661 4884135 46900
0 964 0 0 3400969 254209 4894702 47000
0 965 0 0 3408292 254783 4905519 47100
0 966 0 0 3415641 255279 4916191 47200
0 969 0 0 3423018 255865 4926808 47300
0 971 0 0 3430351 256425 4937298 47400
0 975 0 0 3437597 256937 4947584 47500
0 977 0 0 3444942 257408 4957882 47600
0 977 0 0 3452142 257906 4968314 47700
0 980 0 0 3459478 258435 4979086 47800
0 983 0 0 3466821 258933 4989749 47900
0 983 0 0 3474128 259422 5000352 48000
0 985 0 0 3481451 259940 5011000 48100
0 988 0 0 3488703 260490 5021626 48200
0 990 0 0 3495972 261051 5032215 48300
0 993 0 0 3503288 261578 5042824 48400
0 995 0 0 3510619 262054 5053365 48500
0 997 0 0 3518028 262573 5063932 48600
0 1000 0 0 3525292 263052 5074321 48700
0 1004 0 0 3532658 263509 5084852 48800
0 1005 0 0 3539957 264028 5095320 48900
0 1007 0 0 3547203 264507 5105763 49000
0 1007 0 0 3554495 265008 5116186 49100
0 1009 0 0 3561881 265479 5126528 49200
0 1009 0 0 3569147 265946 5136789 49300
0 1009 0 0 3576380 266426 5146917 49400
0 1010 0 0 3583591 266889 5157072 49500
0 1012 0 0 3590910 267391 5167399 49600
0 1013 0 0 3598226 267855 5177760 49700
0 1014 0 0 3605373 268319 5187771 49800
0 1015 0 0 3612642 268749 5197615 49900
0 1016 0 0 3619829 269264 5207768 50000
0 1017 0 0 3627132 269787 5217976 50100
0 1018 0 0 3634294 270361 5228081 50200
0 1019 0 0 3641525 270862 5238058 50300
0 1019 0 0 3648683 271395 5247997 50400
0 1022 0 0 3655891 271907 5258139 50500
0 1023 0 0 3663080 272369 5268192 50600
0 1025 0 0 3670389 272807 5278207 50700
0 1027 0 0 3677722 273303 5288370 50800
0 1030 0 0 3684999 273769 5298487 50900
0 1032 0 0 3692268 274197 5308522 51000
0 1033 0 0 3699588 274658 5318400 51100
0 1034 0 0 3706758 275063 5328017 51200
0 1036 0 0 3713961 275480 5337797 51300
0 1037 0 0 3721240 275880 5347713 51400
0 1039 0 0 3728569 276265 5357676 51500
0 1039 0 0 3735894 276693 5367615 51600
0 1039 0 0 3743153 277125 5377521 51700
0 1039 0 0 3750391 277532 5387325 51800
0 1039 0 0 3757571 278016 5397031 51900
0 1041 0 0 3764690 278448 5406637 52000
0 1043 0 0 3771794 278873 5416230 52100
0 1045 0 0 3778983 279280 5426002 52200
0 1047 0 0 3786151 279712 5435700 52300
0 1049 0 0 3793313 280114 5445250 52400
0 1051 0 0 3800420 280554 5454752 52500
0 1051 0 0 3807628 280901 5464407 52600
0 1051 0 0 3814828 281341 5474393 52700
0 1053 0 0 3822049 281753 5484424 52800
0 1053 0 0 3829292 282197 5494302 52900
0 1056 0 0 3836564 282598 5504307 53000
0 1057 0 0 3843827 283067 5514535 53100
0 1057 0 0 3851056 283505 5524608 53200
0 1063 0 0 3858311 283919 5534814 53300
0 1067 0 0 3865640 284343 5544910 53400
0 1068 0 0 3872779 284740 5554855 53500
0 1070 0 0 3879955 285231 5564810 53600
0 1071 0 0 3887129 285695 5574671 53700
0 1074 0 0 3894392 286055 5584486 53800
0 1075 0 0 3901680 286447 5594379 53900
0 1077 0 0 3908898 286891 5604166 54000
0 1079 0 0 3915963 287342 5614037 54100
0 1081 0 0 3923306 287747 5624220 54200
0 1083 0 0 3930541 288238 5634435 54300
0 1083 0 0 3937744 288720 5644777 54400
0 1084 0 0 3945079 289174 5655217 54500
0 1087 0 0 3952324 289686 5665643 54600
0 1088 0 0 3959570 290193 5675954 54700
0 1091 0 0 3966762 290633 5686184 54800
0 1095 0 0 3974047 291156 5696565 54900
0 1096 0 0 3981404 291721 5707158 55000
0 1098 0 0 3988724 292346 5717856 55100
0 1100 0 0 3996086 292983 5728647 55200
0 1102 0 0 4003434 293609 5739504 55300
0 1105 0 0 4010885 294192 5750290 55400
0 1110 0 0 4018230 294824 5761012 55500
0 1112 0 0 4025547 295376 5771823 55600
0 1117 0 0 4032882 296028 5782592 55700
0 1118 0 0 4040259 296647 5793627 55800
0 1119 0 0 4047670 297288 5804571 55900
0 1123 0 0 4055043 297942 5815276 56000
0 1124 0 0 4062272 298620 5825854 56100
0 1127 0 0 4069491 299251 5836232 56200
0 1127 0 0 4076904 299837 5846820 56300
0 1127 0 0 4084235 300436 5857430 56400
0 1127 0 0 4091622 301118 5868099 56500
0 1127 0 0 4098922 301723 5878400 56600
0 1128 0 0 4106347 302259 5888863 56700
0 1128 0 0 4113757 302880 5899342 56800
0 1130 0 0 4121066 303495 5909818 56900
0 1131 0 0 4128360 304158 5920319 57000
0 1132 0 0 4135791 304785 5930951 57100
0 1132 0 0 4143082 305343 5941350 57200
0 1133 0 0 4150386 305889 5951690 57300
0 1134 0 0 4157698 306481 5962134 57400
0 1135 0 0 4165082 307059 5972629 57500
0 1138 0 0 4172393 307656 5983238 57600
0 1140 0 0 4179764 308275 5993980 57700
0 1142 0 0 4187100 308858 6004514 57800
0 1146 0 0 4194496 309432 6015113 57900
0 1146 0 0 4201767 310015 6025622 58000
0 1150 0 0 4209177 310642 6036438 58100
0 1151 0 0 4216522 311269 6047132 58200
0 1152 0 0 4224005 311921 6058145 58300
0 1156 0 0 4231438 312495 6069013 58400
0 1157 0 0 4238920 313104 6079832 58500
0 1157 0 0 4246432 313696 6090794 58600
0 1158 0 0 4253784 314229 6101426 58700
0 1159 0 0 4261249 314763 6112149 58800
0 1161 0 0 4268619 315304 6122609 58900
0 1162 0 0 4275917 315882 6132929 59000
0 1162 0 0 4283309 316349 6143227 59100
0 1162 0 0 4290645 316791 6153461 59200
0 1163 0 0 4297917 317249 6163610 59300
0 1164 0 0 4305173 317744 6173899 59400
0 1165 0 0 4312645 318244 6184421 59500
0 1165 0 0 4319841 318720 6194384 59600
0 1166 0 0 4327134 319204 6204486 59700
0 1167 0 0 4334506 319627 6214564 59800
0 1171 0 0 4341902 320091 6224603 59900
0 1172 0 0 4349117 320582 6234275 60000
0 1172 0 0 4356349 321057 6244066 60100
0 1174 0 0 4363515 321565 6253878 60200
0 1176 0 0 4370996 322010 6263972 60300
0 1177 0 0 4378229 322474 6273863 60400
0 1177 0 0 4385446 322979 6283599 60500
0 1179 0 0 4392764 323447 6293575 60600
0 1181 0 0 4400000 323963 6303630 60700
0 1184 0 0 4407262 324503 6313718 60800
0 1185 0 0 4414622 324984 6323988 60900
0 1189 0 0 4421900 325490 6334204 61000
0 1190 0 0 4429256 326030 6344504 61100
0 1192 0 0 4436387 326578 6354474 61200
0 1192 0 0 4443718 327111 6364632 61300
0 1195 0 0 4450920 327668 6374759 61400
0 1197 0 0 4458207 328198 6384851 61500
0 1199 0 0 4465421 328720 6394882 61600
0 1201 0 0 4472614 329171 6404777 61700
0 1201 0 0 4479880 329617 6414662 61800
0 1203 0 0 4487176 330222 6424626 61900
0 1204 0 0 4494397 330763 6434517 62000
0 1204 0 0 4501570 331336 6444390 62100
0 1209 0 0 4508687 331895 6454190 62200
0 1209 0 0 4515840 332458 6464107 62300
0 1210 0 0 4523125 332985 6474329 62400
0 1212 0 0 4530413 333500 6484486 62500
0 1212 0 0 4537681 334060 6494602 62600
0 1216 0 0 4544953 334610 6504626 62700
0 1218 0 0 4552242 335148 6514759 62800
0 1219 0 0 4559340 335713 6524938 62900
0 1222 0 0 4566545 336246 6535336 63000
0 1224 0 0 4573884 336765 6545802 63100
0 1227 0 0 4581355 337340 6556394 63200
0 1229 0 0 4588508 337890 6566580 63300
0 1229 0 0 4595778 338399 6576889 63400
0 1229 0 0 4603070 338994 6587348 63500
0 1230 0 0 4610291 339564 6597683 63600
0 1231 0 0 4617673 340155 6608144 63700
0 1233 0 0 4624901 340734 6618611 63800
0 1234 0 0 4632179 341296 6629116 63900
0 1234 0 0 4639436 341925 6639679 64000
0 1236 0 0 4646785 342457 6650402 64100
0 1236 0 0 4654175 342959 6661300 64200
0 1237 0 0 4661602 343515 6672240 64300
0 1240 0 0 4668970 344085 6683118 64400
0 1243 0 0 4676349 344631 6693757 64500
0 1245 0 0 4683659 345160 6704403 64600
0 1249 0 0 4691057 345634 6714978 64700
0 1252 0 0 4698418 346153 6725707 64800
0 1255 0 0 4705689 346728 6736159 64900
0 1256 0 0 4713008 347263 6746606 65000
0 1257 0 0 4720373 347743 6757067 65100
0 1259 0 0 4727709 348241 6767602 65200
0 1260 0 0 4735054 348784 6777979 65300
0 1263 0 0 4742216 349232 6788102 65400
0 1266 0 0 4749482 349728 6798288 65500
0 1267 0 0 4756752 350184 6808639 65600
0 1269 0 0 4764014 350640 6819111 65700
0 1270 0 0 4771350 351070 6829688 65800
0 1270 0 0 4778668 351568 6840134 65900
0 1271 0 0 4786028 352009 6850537 66000
0 1272 0 0 4793396 352535 6860898 66100
0 1273 0 0 4800701 353000 6870965 66200
0 1276 0 0 4808087 353437 6880816 66300
0 1277 0 0 4815286 353813 6890354 66400
0 1278 0 0 4822480 354220 6899928 66500
0 1282 0 0 4829588 354630 6909404 66600
0 1284 0 0 4836623 355025 6918767 66700
0 1284 0 0 4843733 355511 6928238 66800
0 1285 0 0 4850899 355934 6937664 66900
0 1286 0 0 4857923 356365 6947006 67000
0 1286 0 0 4865061 356754 6956454 67100
0 1287 0 0 4872269 357114 6966086 67200
0 1288 0 0 4879555 357496 6975751 67300
0 1288 0 0 4886625 357943 6985352 67400
0 1289 0 0 4893895 358350 6994961 67500
0 1293 0 0 4901033 358812 7004532 67600
0 1293 0 0 4908168 359276 7014067 67700
0 1295 0 0 4915346 359722 7023817 67800
0 1299 0 0 4922447 360148 7033519 67900
0 1300 0 0 4929714 360606 7043508 68000
0 1301 0 0 4936950 361060 7053556 68100
0 1302 0 0 4944090 361532 7063487 68200
0 1305 0 0 4951179 361980 7073358 68300
0 1305 0 0 4958387 362499 7083523 68400
0 1307 0 0 4965610 362986 7093664 68500
0 1309 0 0 4972859 363513 7104153 68600
0 1311 0 0 4980075 364008 7114389 68700
0 1313 0 0 4987448 364597 7125067 68800
0 1316 0 0 4994668 365090 7135303 68900
0 1316 0 0 5001967 365595 7145521 69000
0 1317 0 0 5009180 366109 7155736 69100
0 1320 0 0 5016383 366568 7165757 69200
0 1321 0 0 5023546 367013 7175657 69300
0 1322 0 0 5030806 367424 7185559 69400
0 1323 0 0 5038035 367901 7195492 69500
0 1324 0 0 5045089 368392 7205174 69600
0 1327 0 0 5052368 368805 7215111 69700
0 1328 0 0 5059610 369289 7225458 69800
0 1330 0 0 5067029 369699 7235856 69900
0 1330 0 0 5074312 370109 7246331 70000
0 1333 0 0 5081699 370507 7256897 70100
0 1336 0 0 5089225 370911 7267618 70200
0 1338 0 0 5096612 371367 7278228 70300
0 1339 0 0 5104033 371895 7288896 70400
0 1339 0 0 5111533 372398 7299487 70500
0 1339 0 0 5118978 372857 7309885 70600
0 1343 0 0 5126321 373336 7320284 70700
0 1343 0 0 5133581 373810 7330586 70800
0 1345 0 0 5140864 374336 7340906 70900
0 1346 0 0 5148202 374820 7351296 71000
0 1350 0 0 5155553 375314 7361779 71100
0 1352 0 0 5162920 375859 7372432 71200
0 1353 0 0 5170183 376327 7382865 71300
0 1355 0 0 5177510 376742 7393502 71400
0 1356 0 0 5184805 377294 7404136 71500
0 1360 0 0 5192135 377956 7414995 71600
0 1363 0 0 5199523 378497 7425873 71700
0 1366 0 0 5206871 379118 7436869 71800
0 1367 0 0 5214369 379685 7447832 71900
0 1368 0 0 5221828 380219 7458611 72000
0 1373 0 0 5229150 380810 7469401 72100
0 1376 0 0 5236393 381369 7480090 72200
0 1378 0 0 5243795 381921 7491107 72300
0 1380 0 0 5251174 382603 7502137 72400
0 1381 0 0 5258649 383261 7513181 72500
0 1381 0 0 5266014 383937 7524025 72600
0 1385 0 0 5273388 384599 7535020 72700
0 1385 0 0 5280907 385222 7546105 72800
0 1385 0 0 5288272 385856 7557215 72900
0 1387 0 0 5295596 386544 7568297 73000
0 1387 0 0 5303060 387179 7579455 73100
0 1389 0 0 5310441 387784 7590367 73200
0 1390 0 0 5317720 388373 7600956 73300
0 1390 0 0 5325043 388966 7611622 73400
0 1391 0 0 5332335 389510 7622160 73500
0 1394 0 0 5339673 390041 7632661 73600
0 1397 0 0 5347006 390496 7643225 73700
0 1399 0 0 5354323 390993 7653664 73800
0 1402 0 0 5361642 391480 7664232 73900
0 1402 0 0 5369006 391972 7674704 74000
0 1404 0 0 5376321 392400 7685077 74100
0 1406 0 0 5383541 392913 7695507 74200
0 1409 0 0 5390962 393375 7706053 74300
0 1411 0 0 5398246 393798 7716620 74400
0 1412 0 0 5405641 394281 7727238 74500
0 1415 0 0 5413130 394721 7737728 74600
0 1416 0 0 5420363 395083 7747875 74700
0 1419 0 0 5427628 395468 7757925 74800
0 1422 0 0 5434890 395798 7767927 74900
0 1422 0 0 5442131 396162 7777689 75000
0 1424 0 0 5449289 396663 7787735 75100
0 1426 0 0 5456561 397089 7797668 75200
0 1427 0 0 5463721 397498 7807528 75300
0 1430 0 0 5470988 397888 7817533 75400
0 1430 0 0 5478268 398301 7827641 75500
0 1431 0 0 5485462 398687 7837589 75600
0 1433 0 0 5492595 399065 7847304 75700
0 1437 0 0 5499744 399461 7857096 75800
0 1440 0 0 5506847 399844 7866885 75900
0 1442 0 0 5513880 400275 7876589 76000
0 1443 0 0 5521023 400683 7886360 76100
0 1446 0 0 5528253 401093 7896280 76200
0 1446 0 0 5535389 401491 7906145 76300
0 1448 0 0 5542545 401898 7916041 76400
0 1450 0 0 5549822 402303 7925946 76500
0 1450 0 0 5556961 402644 7935750 76600
0 1453 0 0 5564153 402990 7945678 76700
0 1454 0 0 5571519 403393 7955904 76800
0 1456 0 0 5578751 403776 7965917 76900
0 1459 0 0 5586008 404133 7975803 77000
0 1460 0 0 5593236 404532 7985765 77100
0 1460 0 0 5600392 404881 7995384 77200
0 1462 0 0 5607588 405238 8005026 77300
0 1462 0 0 5614874 405547 8014738 77400
0 1463 0 0 5622090 405899 8024329 77500
0 1465 0 0 5629201 406279 8033888 77600
0 1468 0 0 5636318 406658 8043453 77700
0 1468 0 0 5643589 407057 8053284 77800
0 1469 0 0 5650753 407450 8062931 77900
0 1471 0 0 5657925 407811 8072547 78000
0 1471 0 0 5665048 408195 8082167 78100
0 1471 0 0 5672171 408605 8091723 78200
0 1476 0 0 5679496 409024 8101687 78300
0 1476 0 0 5686682 409462 8111568 78400
0 1478 0 0 5693801 409825 8121236 78500
0 1478 0 0 5701090 410215 8131023 78600
0 1480 0 0 5708349 410667 8140894 78700
0 1482 0 0 5715598 411212 8150810 78800
0 1486 0 0 5722736 411669 8160408 78900
0 1488 0 0 5729928 412152 8170097 79000
0 1490 0 0 5737080 412644 8179997 79100
0 1492 0 0 5744198 413160 8190060 79200
0 1498 0 0 5751447 413682 8200246 79300
0 1498 0 0 5758746 414118 8210757 79400
0 1499 0 0 5766083 414554 8221080 79500
0 1503 0 0 5773358 415008 8231281 79600
0 1504 0 0 5780655 415494 8241395 79700
0 1507 0 0 5788044 415991 8251578 79800
0 1508 0 0 5795237 416454 8261519 79900
0 1511 0 0 5802511 416981 8271771 80000
0 1512 0 0 5809766 417506 8282045 80100
0 1513 0 0 5817019 417978 8292325 80200
0 1515 0 0 5824377 418517 8302922 80300
0 1516 0 0 5831747 419038 8313501 80400
0 1519 0 0 5839093 419580 8323934 80500
0 1520 0 0 5846539 420206 8334488 80600
0 1520 0 0 5853770 420733 8344903 80700
0 1523 0 0 5861013 421320 8355130 80800
0 1525 0 0 5868219 421860 8365353 80900
0 1528 0 0 5875451 422378 8375647 81000
0 1530 0 0 5882752 422938 8386122 81100
0 1532 0 0 5890079 423527 8396692 81200
0 1533 0 0 5897507 424109 8407389 81300
0 1536 0 0 5904832 424609 8418132 81400
0 1537 0 0 5912317 425248 8429462 81500
0 1540 0 0 5919607 425910 8440612 81600
0 1542 0 0 5927087 426540 8451804 81700
0 1543 0 0 5934577 427177 8463115 81800
0 1543 0 0 5941856 427791 8474229 81900
0 1545 0 0 5949317 428415 8485441 82000
0 1548 0 0 5956690 429090 8496758 82100
0 1552 0 0 5964036 429798 8508000 82200
0 1552 0 0 5971450 430534 8519106 82300
0 1552 0 0 5978930 431301 8530461 82400
0 1555 0 0 5986269 431937 8541728 82500
0 1558 0 0 5993742 432591 8553106 82600
0 1558 0 0 6001183 433262 8564543 82700
0 1559 0 0 6008720 433957 8575889 82800
0 1561 0 0 6016024 434631 8586987 82900
0 1562 0 0 6023357 435263 8597933 83000
0 1563 0 0 6030707 435936 8608932 83100
0 1565 0 0 6038193 436634 8619831 83200
0 1567 0 0 6045493 437229 8630445 83300
0 1568 0 0 6052773 437930 8641004 83400
0 1569 0 0 6060047 438575 8651398 83500
0 1570 0 0 6067514 439209 8661903 83600
0 1571 0 0 6074660 439735 8672102 83700
0 1571 0 0 6082061 440343 8682628 83800
0 1571 0 0 6089450 440867 8693338 83900
0 1572 0 0 6096770 441416 8703892 84000
0 1572 0 0 6104001 441969 8714229 84100
0 1572 0 0 6111360 442481 8724702 84200
0 1573 0 0 6118716 443042 8735296 84300
0 1574 0 0 6125970 443549 8745741 84400
0 1577 0 0 6133365 444092 8756283 84500
0 1577 0 0 6140712 444647 8766922 84600
0 1578 0 0 6148120 445179 8777610 84700
0 1578 0 0 6155473 445738 8788210 84800
0 1581 0 0 6162775 446357 8798905 84900
0 1581 0 0 6170115 446889 8809465 85000
0 1582 0 0 6177339 447482 8820178 85100
0 1584 0 0 6184782 448061 8831185 85200
0 1585 0 0 6192150 448531 8841979 85300
0 1585 0 0 6199625 448999 8852895 85400
0 1585 0 0 6207169 449417 8863784 85500
0 1587 0 0 6214483 449916 8874275 85600
0 1587 0 0 6221959 450425 8884749 85700
0 1590 0 0 6229157 450904 8894962 85800
0 1590 0 0 6236503 451359 8905127 85900
0 1592 0 0 6243799 451839 8915274 86000
0 1595 0 0 6251033 452287 8925276 86100
0 1596 0 0 6258378 452783 8935378 86200
0 1599 0 0 6265721 453230 8945472 86300
0 1603 0 0 6272980 453713 8955517 86400
0 1605 0 0 6280250 454187 8965533 86500
0 1609 0 0 6287466 454625 8975598 86600
0 1612 0 0 6294855 455067 8985745 86700
0 1614 0 0 6302130 455516 8995868 86800
0 1616 0 0 6309398 455948 9006010 86900
0 1618 0 0 6316716 456389 9016217 87000
0 1620 0 0 6323869 456802 9026101 87100
0 1622 0 0 6331264 457235 9036236 87200
0 1626 0 0 6338534 457687 9046349 87300
0 1628 0 0 6345871 458144 9056535 87400
0 1629 0 0 6353176 458639 9066638 87500
0 1630 0 0 6360386 459116 9076780 87600
0 1632 0 0 6367484 459579 9086736 87700
0 1636 0 0 6374794 460063 9096974 87800
0 1639 0 0 6382181 460587 9107237 87900
0 1642 0 0 6389359 460997 9117170 88000
0 1643 0 0 6396591 461423 9127071 88100
0 1646 0 0 6403773 461831 9136941 88200
0 1646 0 0 6411001 462287 9146768 88300
0 1647 0 0 6418274 462738 9156730 88400
0 1648 0 0 6425461 463289 9166846 88500
0 1649 0 0 6432759 463771 9177046 88600
0 1650 0 0 6440003 464331 9187239 88700
0 1651 0 0 6447274 464823 9197348 88800
0 1652 0 0 6454460 465309 9207421 88900
0 1653 0 0 6461717 465764 9217499 89000
0 1653 0 0 6468900 466248 9227379 89100
0 1656 0 0 6476191 466726 9237449 89200
0 1657 0 0 6483301 467306 9247460 89300
0 1658 0 0 6490515 467832 9257563 89400
0 1663 0 0 6497663 468376 9267680 89500
0 1664 0 0 6504923 468991 9278097 89600
0 1665 0 0 6512288 469590 9288802 89700
0 1666 0 0 6519585 470130 9299226 89800
0 1669 0 0 6526992 470679 9309810 89900
0 1670 0 0 6534352 471224 9320354 90000
0 1671 0 0 6541657 471808 9331005 90100
0 1671 0 0 6549093 472373 9341711 90200
0 1672 0 0 6556470 472886 9352319 90300
0 1673 0 0 6563835 473367 9363030 90400
0 1673 0 0 6571242 473974 9374041 90500
0 1675 0 0 6578637 474572 9384956 90600
0 1676 0 0 6585983 475131 9395867 90700
0 1677 0 0 6593464 475643 9406902 90800
0 1678 0 0 6600799 476164 9417790 90900
0 1681 0 0 6608242 476768 9428901 91000
0 1682 0 0 6615731 477357 9440120 91100
0 1682 0 0 6623218 477951 9451338 91200
0 1685 0 0 6630727 478568 9462679 91300
0 1685 0 0 6638106 479238 9473652 91400
0 1686 0 0 6645521 479947 9484664 91500
0 1689 0 0 6652899 480603 9495441 91600
0 1689 0 0 6660266 481190 9505912 91700
0 1689 0 0 6667544 481719 9516191 91800
0 1691 0 0 6674863 482265 9526501 91900
0 1691 0 0 6682053 482759 9536523 92000
0 1691 0 0 6689394 483322 9546676 92100
0 1692 0 0 6696684 483742 9556761 92200
0 1693 0 0 6703763 484295 9566749 92300
0 1693 0 0 6711008 484768 9576697 92400
0 1696 0 0 6718167 485229 9586619 92500
0 1699 0 0 6725401 485698 9596557 92600
0 1699 0 0 6732587 486163 9606401 92700
0 1701 0 0 6739700 486555 9616174 92800
0 1704 0 0 6746863 486929 9626047 92900
0 1705 0 0 6754149 487390 9636156 93000
0 1707 0 0 6761394 487830 9646199 93100
0 1710 0 0 6768676 488280 9656390 93200
0 1712 0 0 6775922 488725 9666502 93300
0 1714 0 0 6783063 489166 9676259 93400
0 1716 0 0 6790390 489655 9686216 93500
0 1717 0 0 6797579 490047 9696003 93600
0 1720 0 0 6804728 490477 9705794 93700
0 1721 0 0 6812041 490937 9715759 93800
0 1722 0 0 6819358 491398 9725874 93900
0 1725 0 0 6826617 491858 9735994 94000
0 1728 0 0 6833963 492320 9746446 94100
0 1729 0 0 6841313 492778 9756890 94200
0 1731 0 0 6848836 493325 9767685 94300
0 1731 0 0 6856076 493794 9778236 94400
0 1733 0 0 6863509 494279 9788922 94500
0 1736 0 0 6870949 494811 9799612 94600
0 1738 0 0 6878317 495268 9810199 94700
0 1740 0 0 6885607 495759 9820755 94800
0 1744 0 0 6892792 496265 9831380 94900
0 1744 0 0 6900280 496758 9842428 95000
0 1745 0 0 6907710 497156 9853284 95100
0 1745 0 0 6915187 497594 9864046 95200
0 1747 0 0 6922604 498128 9874708 95300
0 1749 0 0 6930000 498623 9885239 95400
0 1750 0 0 6937285 499045 9895785 95500
0 1750 0 0 6944547 499533 9906213 95600
0 1753 0 0 6952038 500009 9916962 95700
0 1756 0 0 6959304 500540 9927411 95800
0 1757 0 0 6966605 501112 9937968 95900
0 1762 0 0 6973856 501733 9948565 96000
0 1763 0 0 6981156 502234 9959087 96100
0 1765 0 0 6988396 502740 9969417 96200
0 1766 0 0 6995798 503258 9979973 96300
0 1767 0 0 7003101 503741 9990390 96400
0 1767 0 0 7010406 504241 10000769 96500
0 1768 0 0 7017649 504760 10010999 96600
0 1769 0 0 7024891 505360 10021428 96700
0 1772 0 0 7032331 505929 10032042 96800
0 1773 0 0 7039466 506517 10042579 96900
0 1773 0 0 7046880 507042 10053299 97000
0 1778 0 0 7054186 507587 10064105 97100
0 1779 0 0 7061571 508187 10075054 97200
0 1780 0 0 7068995 508754 10086063 97300
0 1781 0 0 7076386 509341 10097231 97400
0 1782 0 0 7083913 509966 10108462 97500
0 1784 0 0 7091275 510564 10119663 97600
0 1787 0 0 7098767 511156 10131143 97700
0 1787 0 0 7106325 511733 10142526 97800
0 1790 0 0 7113768 512279 10153702 97900
0 1792 0 0 7121285 512858 10164708 98000
0 1794 0 0 7128626 513479 10175750 98100
0 1797 0 0 7136082 514124 10186888 98200
0 1800 0 0 7143512 514753 10198077 98300
0 1803 0 0 7151044 515367 10209577 98400
0 1806 0 0 7158701 515913 10221119 98500
0 1808 0 0 7166238 516525 10232593 98600
0 1811 0 0 7173666 517088 10243641 98700
0 1811 0 0 7181099 517768 10254692 98800
0 1812 0 0 7188564 518342 10265468 98900
0 1812 0 0 7195834 518804 10276020 99000
0 1813 0 0 7203293 519338 10286772 99100
0 1813 0 0 7210662 519856 10297555 99200
0 1817 0 0 7218074 520370 10308224 99300
0 1818 0 0 7225371 520869 10318895 99400
0 1818 0 0 7232760 521383 10329541 99500
0 1820 0 0 7240185 521858 10340283 99600
0 1822 0 0 7247463 522343 10350834 99700
0 1824 0 0 7254884 522838 10361523 99800
0 1826 0 0 7262375 523371 10372176 99900
0 1828 0 0 7269777 523997 10382838 100000
0 1829 0 0 7277064 524511 10393294 100100
0 1831 0 0 7284368 525015 10403643 100200
0 1833 0 0 7291561 525558 10413846 100300
0 1834 0 0 7298621 526072 10423838 100400
0 1836 0 0 7305881 526574 10433835 100500
0 1839 0 0 7313013 527053 10443674 100600
0 1841 0 0 7320095 527537 10453657 100700
0 1844 0 0 7327312 528062 10463838 100800
0 1844 0 0 7334580 528523 10473984 100900
0 1846 0 0 7341807 528990 10484334 101000
0 1849 0 0 7349121 529523 10495188 101100
0 1851 0 0 7356501 530028 10506000 101200
0 1853 0 0 7363890 530566 10516989 101300
0 1855 0 0 7371347 531123 10527932 101400
0 1857 0 0 7378760 531708 10538957 101500
0 1860 0 0 7386206 532282 10549790 101600
0 1862 0 0 7393558 532865 10560573 101700
0 1864 0 0 7400789 533456 10571301 101800
0 1866 0 0 7408262 534086 10582227 101900
0 1867 0 0 7415617 534720 10592950 102000
0 1867 0 0 7422899 535388 10603439 102100
0 1870 0 0 7430155 535961 10614136 102200
0 1873 0 0 7437399 536533 10624609 102300
0 1876 0 0 7444722 537160 10635162 102400
0 1877 0 0 7452009 537927 10645925 102500
0 1878 0 0 7459397 538539 10656664 102600
0 1881 0 0 7466722 539236 10667604 102700
0 1884 0 0 7474041 539874 10678492 102800
0 1888 0 0 7481453 540532 10689488 102900
0 1889 0 0 7488845 541120 10700310 103000
0 1891 0 0 7496261 541749 10711203 103100
0 1895 0 0 7503600 542467 10722122 103200
0 1895 0 0 7511019 543159 10733090 103300
0 1897 0 0 7518359 543745 10743955 103400
0 1899 0 0 7525641 544350 10755017 103500
0 1901 0 0 7533130 544931 10766093 103600
0 1903 0 0 7540671 545544 10777110 103700
0 1907 0 0 7548113 546080 10787792 103800
0 1908 0 0 7555367 546660 10798194 103900
0 1911 0 0 7562666 547273 10808716 104000
0 1913 0 0 7569929 547803 10819054 104100
0 1914 0 0 7577350 548354 10829499 104200
0 1916 0 0 7584597 548965 10839651 104300
0 1918 0 0 7591830 549570 10849830 104400
0 1919 0 0 7599096 550128 10860245 104500
0 1921 0 0 7606334 550680 10870560 104600
0 1923 0 0 7613551 551317 10880698 104700
0 1925 0 0 7620838 551898 10890834 104800
0 1927 0 0 7627905 552449 10900681 104900
0 1927 0 0 7635026 553047 10910755 105000
0 1927 0 0 7642307 553626 10921059 105100
0 1930 0 0 7649415 554175 10931341 105200
0 1930 0 0 7656607 554742 10941625 105300
0 1931 0 0 7663910 555240 10952036 105400
0 1934 0 0 7671256 555757 10962454 105500
0 1935 0 0 7678448 556179 10972490 105600
0 1937 0 0 7685686 556620 10982739 105700
0 1937 0 0 7692886 557061 10992807 105800
0 1939 0 0 7700101 557521 11002819 105900
0 1941 0 0 7707341 557978 11012793 106000
0 1944 0 0 7714702 558378 11022934 106100
0 1946 0 0 7721963 558797 11033020 106200
0 1947 0 0 7729329 559253 11043201 106300
0 1949 0 0 7736521 559709 11053223 106400
0 1951 0 0 7743816 560136 11063310 106500
0 1951 0 0 7751080 560580 11073331 106600
0 1951 0 0 7758311 560939 11083184 106700
0 1954 0 0 7765530 561347 11093057 106800
0 1954 0 0 7772643 561782 11102841 106900
0 1957 0 0 7779843 562222 11112666 107000
0 1958 0 0 7787047 562655 11122403 107100
0 1963 0 0 7794329 563095 11132218 107200
0 1963 0 0 7801502 563515 11141871 107300
0 1964 0 0 7808681 563898 11151633 107400
0 1967 0 0 7815829 564390 11161493 107500
0 1969 0 0 7823013 564732 11171368 107600
0 1969 0 0 7830353 565227 11181705 107700
0 1973 0 0 7837782 565630 11192230 107800
0 1974 0 0 7845052 566143 11202703 107900
0 1977 0 0 7852534 566659 11213434 108000
0 1977 0 0 7859939 567177 11223838 108100
0 1979 0 0 7867370 567636 11234322 108200
0 1979 0 0 7874686 568150 11244665 108300
0 1979 0 0 7881986 568675 11254993 108400
0 1981 0 0 7889292 569179 11265212 108500
0 1981 0 0 7896590 569749 11275505 108600
0 1983 0 0 7903852 570343 11285910 108700
0 1983 0 0 7911052 570882 11296258 108800
0 1985 0 0 7918359 571449 11306593 108900
0 1987 0 0 7925796 571971 11317049 109000
0 1988 0 0 7933026 572537 11327442 109100
0 1989 0 0 7940375 573155 11338126 109200
0 1989 0 0 7947752 573679 11348901 109300
0 1989 0 0 7955235 574173 11359654 109400
0 1989 0 0 7962631 574807 11370466 109500
0 1990 0 0 7970069 575363 11381266 109600
0 1990 0 0 7977372 575828 11391624 109700
0 1991 0 0 7984743 576353 11401997 109800
0 1993 0 0 7992075 576921 11412497 109900
0 1995 0 0 7999284 577467 11422800 110000
0 1997 0 0 8006664 578006 11433033 110100
0 1997 0 0 8014008 578539 11443032 110200
0 1997 0 0 8021144 578978 11452729 110300
0 1999 0 0 8028310 579530 11462573 110400
0 2000 0 0 8035472 580032 11472252 110500
0 2001 0 0 8042633 580481 11481885 110600
0 2002 0 0 8049690 580933 11491455 110700
0 2003 0 0 8056808 581407 11501301 110800
0 2006 0 0 8064126 581831 11511203 110900
0 2008 0 0 8071294 582328 11521159 111000
0 2009 0 0 8078494 582756 11531072 111100
0 2011 0 0 8085801 583222 11541013 111200
0 2012 0 0 8093051 583721 11550905 111300
0 2013 0 0 8100269 584236 11560782 111400
0 2014 0 0 8107502 584699 11570681 111500
0 2016 0 0 8114731 585185 11580423 111600
0 2019 0 0 8121845 585708 11590095 111700
0 2020 0 0 8129060 586230 11600062 111800
0 2022 0 0 8136280 586757 11609828 111900
0 2022 0 0 8143511 587302 11619728 112000
0 2025 0 0 8150777 587799 11629605 112100
0 2026 0 0 8157858 588383 11639516 112200
0 2028 0 0 8165156 588959 11649601 112300
0 2030 0 0 8172365 589574 11659748 112400
0 2030 0 0 8179658 590080 11670027 112500
0 2036 0 0 8187059 590600 11680392 112600
0 2037 0 0 8194349 591174 11690698 112700
0 2042 0 0 8201608 591701 11700975 112800
0 2046 0 0 8208861 592284 11711384 112900
0 2048 0 0 8216320 592819 11721891 113000
0 2052 0 0 8223629 593413 11732271 113100
0 2054 0 0 8230885 593969 11742503 113200
0 2057 0 0 8238315 594481 11752914 113300
0 2059 0 0 8245704 594924 11763270 113400
0 2060 0 0 8253026 595438 11773415 113500
0 2061 0 0 8260392 595915 11783538 113600
0 2062 0 0 8267653 596376 11793409 113700
0 2062 0 0 8274856 596801 11803338 113800
0 2064 0 0 8282121 597250 11813140 113900
0 2065 0 0 8289404 597678 11823016 114000
0 2067 0 0 8296640 598092 11832792 114100
0 2067 0 0 8303838 598511 11842566 114200
0 2071 0 0 8311112 598913 11852264 114300
0 2072 0 0 8318297 599296 11861918 114400
0 2074 0 0 8325607 599727 11871782 114500
0 2079 0 0 8332889 600172 11881588 114600
0 2080 0 0 8340153 600586 11891378 114700
0 2083 0 0 8347395 601015 11901208 114800
0 2083 0 0 8354758 601437 11911155 114900
0 2085 0 0 8362143 601894 11921199 115000
0 2087 0 0 8369511 602330 11931518 115100
0 2087 0 0 8376928 602803 11941841 115200
0 2087 0 0 8384249 603277 11952107 115300
0 2089 0 0 8391573 603745 11962333 115400
0 2090 0 0 8399053 604241 11972799 115500
0 2092 0 0 8406346 604697 11983068 115600
0 2092 0 0 8413737 605197 11993509 115700
0 2094 0 0 8421227 605707 12004247 115800
0 2095 0 0 8428795 606282 12015286 115900
0 2097 0 0 8436194 606854 12026059 116000
0 2099 0 0 8443572 607390 12036609 116100
0 2101 0 0 8450943 607885 12047104 116200
0 2101 0 0 8458311 608453 12057536 116300
0 2104 0 0 8465649 608990 12067990 116400
0 2104 0 0 8473064 609551 12078482 116500
0 2104 0 0 8480291 610072 12088677 116600
0 2106 0 0 8487685 610500 12098804 116700
0 2110 0 0 8494919 611069 12108895 116800
0 2112 0 0 8502258 611584 12119196 116900
0 2113 0 0 8509535 612088 12129412 117000
0 2115 0 0 8517029 612593 12139902 117100
0 2120 0 0 8524375 613145 12150180 117200
0 2121 0 0 8531691 613676 12160411 117300
0 2124 0 0 8538951 614151 12170600 117400
0 2125 0 0 8546164 614603 12180610 117500
0 2127 0 0 8553530 615099 12190853 117600
0 2129 0 0 8560991 615700 12201338 117700
0 2130 0 0 8568239 616189 12211435 117800
0 2130 0 0 8575529 616624 12221527 117900
0 2135 0 0 8582846 617145 12231848 118000
0 2136 0 0 8590078 617744 12242128 118100
0 2139 0 0 8597313 618266 12252364 118200
0 2141 0 0 8604535 618771 12262395 118300
0 2142 0 0 8611828 619292 12272586 118400
0 2144 0 0 8619035 619883 12282924 118500
0 2146 0 0 8626427 620406 12293525 118600
0 2147 0 0 8633632 621024 12303980 118700
0 2150 0 0 8641002 621564 12314695 118800
0 2152 0 0 8648468 622047 12325422 118900
0 2155 0 0 8655763 622555 12335998 119000
0 2155 0 0 8663147 623073 12346645 119100
0 2157 0 0 8670573 623653 12357590 119200
0 2159 0 0 8677997 624238 12368440 119300
0 2161 0 0 8685431 624820 12379333 119400
0 2161 0 0 8692909 625434 12390274 119500
0 2163 0 0 8700359 625989 12401263 119600
0 2164 0 0 8707763 626599 12412118 119700
0 2164 0 0 8715236 627239 12422898 119800
0 2165 0 0 8722677 627809 12433490 119900
