0 9804 0 0 11604233 9579 15858235 99900
0 0 0 0 0 99900
351.41612479472127 1539.9336129954845 13037 2.7795930791804735 398.123262829378
0 9609 0 0 11611538 9402 15894473 99900
0 0 0 0 0 99900
363.10356451134675 1525.416153860208 12981 2.9683500477817457 375.6540858282341
0 9165 0 0 11590222 8922 15711692 99900
0 0 0 0 0 99900
372.9039652777799 1373.9082926776355 12837 3.0049018069977036 372.86362257049456
0 10073 0 0 11601192 9871 15797028 99900
0 0 0 0 0 99900
354.73246138389914 1605.4381798565848 12883 3.116519371822627 375.9826117623508
0 9469 0 0 11595927 9261 15734855 99900
0 0 0 0 0 99900
363.43649042008275 1477.6209438724597 12852 3.032418523142884 358.35227162298287
0 9393 0 0 11636958 9136 15957022 99900
0 0 0 0 0 99900
369.49406823878144 1673.1944366241685 13093 3.0396499567841144 349.75449709275216
0 9155 0 0 11653824 8896 16048221 99900
0 0 0 0 0 99900
389.9968306764379 1481.0126800128248 13181 2.9342966032295226 359.5334170057508
0 9634 0 0 11569170 9444 15721306 99900
0 0 0 0 0 99900
364.40528823646076 1491.832245940114 12805 3.0718747555623076 367.46457249744293
