0 0 0 0 0 0 0 0
0 5 0 0 2626 0 2673 100
0 12 0 0 7148 5 7273 200
0 13 0 0 11365 11 11547 300
0 19 0 0 16310 12 16539 400
0 20 0 0 22009 17 22300 500
0 22 0 0 27954 18 28351 600
0 24 0 0 34315 22 34878 700
0 25 0 0 40869 34 41681 800
0 27 0 0 47537 67 48732 900
0 29 0 0 54400 101 56032 1000
0 31 0 0 61344 143 63472 1100
0 31 0 0 68347 202 71062 1200
0 33 0 0 75301 246 78678 1300
0 37 0 0 82346 342 86653 1400
0 39 0 0 89402 452 94672 1500
0 42 0 0 96520 528 102782 1600
0 44 0 0 103602 650 110936 1700
0 50 0 0 110673 777 119058 1800
0 53 0 0 117740 893 127219 1900
0 57 0 0 124882 1002 135436 2000
0 58 0 0 131962 1143 143629 2100
0 62 0 0 139044 1274 151740 2200
0 65 0 0 146121 1382 159895 2300
0 67 0 0 153282 1527 168267 2400
0 71 0 0 160409 1647 176641 2500
0 74 0 0 167648 1790 185122 2600
0 75 0 0 174756 1919 193405 2700
0 79 0 0 181774 2085 201550 2800
0 80 0 0 188871 2242 209665 2900
0 82 0 0 195927 2381 217754 3000
0 84 0 0 203017 2507 225848 3100
0 85 0 0 210095 2653 234057 3200
0 87 0 0 217143 2764 242206 3300
0 89 0 0 224303 2899 250473 3400
0 92 0 0 231398 3023 258594 3500
0 95 0 0 238558 3164 266893 3600
0 98 0 0 245623 3323 275006 3700
0 100 0 0 252700 3462 283136 3800
0 102 0 0 259815 3621 291363 3900
0 104 0 0 266903 3807 299512 4000
0 106 0 0 273873 3967 307601 4100
0 108 0 0 281072 4145 315982 4200
0 112 0 0 288146 4323 324315 4300
0 113 0 0 295328 4476 332699 4400
0 115 0 0 302358 4686 340984 4500
0 118 0 0 309500 4857 349449 4600
0 121 0 0 316548 5031 357748 4700
0 125 0 0 323758 5167 366177 4800
0 127 0 0 330876 5346 374583 4900
0 130 0 0 337893 5521 382931 5000
0 130 0 0 345144 5684 391535 5100
0 133 0 0 352195 5857 399916 5200
0 138 0 0 359353 6021 408337 5300
0 139 0 0 366348 6166 416675 5400
0 145 0 0 373492 6350 425181 5500
0 146 0 0 380542 6485 433603 5600
0 149 0 0 387675 6636 442115 5700
0 153 0 0 394675 6785 450361 5800
0 154 0 0 401704 6939 458681 5900
0 157 0 0 408628 7099 466854 6000
0 159 0 0 415501 7228 474836 6100
0 161 0 0 422589 7381 483016 6200
0 163 0 0 429527 7572 491064 6300
0 165 0 0 436480 7704 499124 6400
0 166 0 0 443436 7870 507145 6500
0 167 0 0 450452 8020 515168 6600
0 170 0 0 457450 8178 523183 6700
0 171 0 0 464381 8306 531137 6800
0 173 0 0 471435 8446 539240 6900
0 177 0 0 478491 8601 547432 7000
0 178 0 0 485634 8748 555718 7100
0 180 0 0 492669 8886 563854 7200
0 181 0 0 499707 9045 572113 7300
0 183 0 0 506758 9205 580355 7400
0 185 0 0 513801 9357 588552 7500
0 186 0 0 520935 9494 596860 7600
0 187 0 0 527915 9632 604972 7700
0 190 0 0 534939 9789 613112 7800
0 192 0 0 541953 9928 621165 7900
0 194 0 0 548986 10088 629317 8000
0 198 0 0 556082 10235 637582 8100
0 199 0 0 563125 10403 645816 8200
0 202 0 0 570183 10558 653989 8300
0 204 0 0 577255 10733 662241 8400
0 207 0 0 584324 10904 670501 8500
0 207 0 0 591322 11065 678620 8600
0 209 0 0 598494 11230 686949 8700
0 211 0 0 605526 11377 695197 8800
0 212 0 0 612507 11519 703408 8900
0 214 0 0 619645 11683 711649 9000
0 217 0 0 626608 11836 719729 9100
0 217 0 0 633702 12004 727918 9200
0 219 0 0 640883 12146 736114 9300
0 219 0 0 647790 12324 744251 9400
0 222 0 0 654891 12449 752462 9500
0 224 0 0 661854 12578 760569 9600
0 226 0 0 668950 12713 768841 9700
0 230 0 0 675990 12854 777171 9800
0 231 0 0 682977 13000 785390 9900
0 233 0 0 690089 13142 793676 10000
0 233 0 0 697196 13272 801896 10100
0 234 0 0 704260 13397 810070 10200
0 235 0 0 711323 13522 818159 10300
0 236 0 0 718405 13668 826319 10400
0 237 0 0 725393 13822 834359 10500
0 238 0 0 732389 13968 842406 10600
0 240 0 0 739458 14103 850446 10700
0 242 0 0 746365 14258 858305 10800
0 244 0 0 753359 14382 866245 10900
0 245 0 0 760437 14535 874224 11000
0 246 0 0 767440 14689 882166 11100
0 248 0 0 774443 14848 890209 11200
0 248 0 0 781447 14986 898303 11300
0 250 0 0 788583 15149 906641 11400
0 252 0 0 795569 15283 914706 11500
0 253 0 0 802553 15419 922701 11600
0 255 0 0 809618 15581 930793 11700
0 256 0 0 816657 15701 938789 11800
0 260 0 0 823597 15825 946753 11900
0 261 0 0 830616 15934 954855 12000
0 264 0 0 837633 16044 962955 12100
0 265 0 0 844683 16142 971064 12200
0 267 0 0 851688 16234 979102 12300
0 269 0 0 858590 16350 987035 12400
0 270 0 0 865722 16450 995257 12500
0 272 0 0 872705 16569 1003394 12600
0 273 0 0 879774 16672 1011460 12700
0 274 0 0 886750 16782 1019452 12800
0 277 0 0 893741 16888 1027474 12900
0 278 0 0 900721 16997 1035571 13000
0 281 0 0 907806 17103 1043676 13100
0 282 0 0 914704 17198 1051564 13200
0 286 0 0 921706 17293 1059574 13300
0 288 0 0 928694 17409 1067524 13400
0 288 0 0 935649 17553 1075556 13500
0 291 0 0 942635 17712 1083583 13600
0 292 0 0 949664 17891 1091705 13700
0 292 0 0 956663 18049 1099822 13800
0 294 0 0 963736 18241 1108080 13900
0 295 0 0 970860 18472 1116370 14000
0 297 0 0 977812 18636 1124463 14100
0 299 0 0 984799 18813 1132569 14200
0 299 0 0 991838 19000 1140781 14300
0 300 0 0 998818 19165 1149002 14400
0 303 0 0 1005826 19369 1157250 14500
0 305 0 0 1012925 19551 1165487 14600
0 307 0 0 1019863 19713 1173476 14700
0 308 0 0 1026815 19859 1181370 14800
0 309 0 0 1033846 19998 1189421 14900
0 310 0 0 1040803 20103 1197347 15000
0 312 0 0 1047788 20187 1205305 15100
0 314 0 0 1054703 20272 1213159 15200
0 315 0 0 1061673 20335 1221112 15300
0 316 0 0 1068566 20433 1228921 15400
0 319 0 0 1075569 20498 1236883 15500
0 320 0 0 1082639 20585 1244934 15600
0 322 0 0 1089627 20673 1252916 15700
0 323 0 0 1096576 20785 1260889 15800
0 323 0 0 1103556 20859 1268827 15900
0 323 0 0 1110518 20931 1276746 16000
0 324 0 0 1117530 21004 1284543 16100
0 326 0 0 1124521 21097 1292402 16200
0 327 0 0 1131413 21185 1300105 16300
0 327 0 0 1138337 21271 1307856 16400
0 330 0 0 1145330 21359 1315723 16500
0 330 0 0 1152203 21468 1323470 16600
0 332 0 0 1159165 21594 1331433 16700
0 333 0 0 1166107 21695 1339295 16800
0 334 0 0 1173102 21782 1347148 16900
0 335 0 0 1180050 21885 1354994 17000
0 337 0 0 1187010 22021 1362957 17100
0 337 0 0 1193984 22119 1370845 17200
0 338 0 0 1200929 22200 1378604 17300
0 339 0 0 1207951 22292 1386476 17400
0 339 0 0 1214888 22409 1394339 17500
0 339 0 0 1221731 22534 1402141 17600
0 339 0 0 1228714 22646 1410101 17700
0 340 0 0 1235706 22750 1418037 17800
0 340 0 0 1242657 22838 1425936 17900
0 341 0 0 1249540 22933 1433793 18000
0 342 0 0 1256557 23020 1441679 18100
0 342 0 0 1263561 23123 1449606 18200
0 342 0 0 1270505 23223 1457607 18300
0 342 0 0 1277583 23333 1465722 18400
0 343 0 0 1284592 23464 1473861 18500
0 343 0 0 1291643 23552 1481945 18600
0 345 0 0 1298656 23665 1490065 18700
0 347 0 0 1305758 23772 1498214 18800
0 348 0 0 1312770 23902 1506238 18900
0 348 0 0 1319841 24047 1514380 19000
0 352 0 0 1326809 24159 1522356 19100
0 352 0 0 1333838 24267 1530456 19200
0 355 0 0 1340820 24405 1538680 19300
0 355 0 0 1347921 24520 1546889 19400
0 356 0 0 1354852 24637 1554892 19500
0 357 0 0 1361975 24725 1563116 19600
0 358 0 0 1369029 24838 1571270 19700
0 358 0 0 1376110 24945 1579377 19800
0 359 0 0 1383152 25049 1587511 19900
0 359 0 0 1390219 25153 1595619 20000
0 360 0 0 1397147 25231 1603514 20100
0 361 0 0 1404258 25343 1611530 20200
0 361 0 0 1411163 25437 1619335 20300
0 361 0 0 1418213 25556 1627421 20400
0 362 0 0 1425312 25701 1635531 20500
0 363 0 0 1432268 25836 1643473 20600
0 363 0 0 1439226 25965 1651419 20700
0 364 0 0 1446324 26078 1659509 20800
0 364 0 0 1453297 26202 1667438 20900
0 365 0 0 1460317 26343 1675379 21000
0 365 0 0 1467210 26501 1683175 21100
0 367 0 0 1474246 26629 1691240 21200
0 367 0 0 1481238 26772 1699374 21300
0 368 0 0 1488329 26880 1707556 21400
0 368 0 0 1495299 27016 1715554 21500
0 369 0 0 1502300 27135 1723515 21600
0 371 0 0 1509253 27264 1731403 21700
0 372 0 0 1516198 27375 1739277 21800
0 374 0 0 1523106 27472 1747128 21900
0 374 0 0 1530114 27573 1755211 22000
0 374 0 0 1537116 27686 1763433 22100
0 376 0 0 1544084 27821 1771580 22200
0 377 0 0 1551082 27932 1779659 22300
0 378 0 0 1558192 28039 1787819 22400
0 379 0 0 1565138 28132 1795712 22500
0 379 0 0 1572170 28218 1803720 22600
0 380 0 0 1579123 28300 1811667 22700
0 381 0 0 1586098 28391 1819631 22800
0 382 0 0 1593074 28495 1827528 22900
0 383 0 0 1599909 28617 1835245 23000
0 383 0 0 1607035 28715 1843211 23100
0 385 0 0 1614016 28797 1851111 23200
0 386 0 0 1620945 28887 1858893 23300
0 388 0 0 1627914 29003 1866832 23400
0 391 0 0 1634807 29105 1874694 23500
0 392 0 0 1641849 29214 1882720 23600
0 394 0 0 1648686 29311 1890504 23700
0 395 0 0 1655750 29409 1898439 23800
0 396 0 0 1662689 29483 1906334 23900
0 397 0 0 1669653 29580 1914193 24000
0 397 0 0 1676566 29658 1922060 24100
0 397 0 0 1683533 29744 1930055 24200
0 397 0 0 1690558 29830 1937991 24300
0 399 0 0 1697518 29906 1945874 24400
0 400 0 0 1704559 29970 1953752 24500
0 400 0 0 1711547 30037 1961635 24600
0 401 0 0 1718412 30113 1969332 24700
0 401 0 0 1725465 30188 1977086 24800
0 402 0 0 1732322 30249 1984669 24900
0 402 0 0 1739274 30312 1992462 25000
0 402 0 0 1746122 30383 2000139 25100
0 402 0 0 1753097 30460 2007900 25200
0 402 0 0 1760006 30534 2015574 25300
0 404 0 0 1766945 30603 2023280 25400
0 404 0 0 1773807 30683 2030823 25500
0 405 0 0 1780838 30764 2038622 25600
0 406 0 0 1787813 30865 2046373 25700
0 410 0 0 1794763 30979 2054152 25800
0 410 0 0 1801682 31087 2061891 25900
0 410 0 0 1808691 31213 2069719 26000
0 412 0 0 1815699 31340 2077714 26100
0 413 0 0 1822716 31455 2085742 26200
0 414 0 0 1829672 31573 2093552 26300
0 414 0 0 1836580 31715 2101370 26400
0 415 0 0 1843730 31829 2109419 26500
0 415 0 0 1850681 31959 2117260 26600
0 415 0 0 1857648 32081 2125002 26700
0 415 0 0 1864576 32206 2132724 26800
0 416 0 0 1871496 32314 2140487 26900
0 416 0 0 1878456 32428 2148325 27000
0 418 0 0 1885456 32515 2156156 27100
0 418 0 0 1892468 32611 2163992 27200
0 419 0 0 1899476 32713 2171870 27300
0 421 0 0 1906386 32837 2179658 27400
0 421 0 0 1913397 32944 2187519 27500
0 421 0 0 1920409 33061 2195434 27600
0 423 0 0 1927360 33159 2203234 27700
0 424 0 0 1934372 33284 2211179 27800
0 425 0 0 1941387 33385 2219017 27900
0 425 0 0 1948374 33472 2226843 28000
0 426 0 0 1955363 33581 2234600 28100
0 426 0 0 1962348 33646 2242378 28200
0 426 0 0 1969218 33707 2250038 28300
0 428 0 0 1976220 33794 2257878 28400
0 428 0 0 1983200 33874 2265636 28500
0 428 0 0 1990218 33969 2273431 28600
0 430 0 0 1997244 34072 2281232 28700
0 430 0 0 2004201 34180 2289115 28800
0 431 0 0 2011128 34264 2296857 28900
0 432 0 0 2018021 34348 2304562 29000
0 433 0 0 2025028 34420 2312539 29100
0 434 0 0 2032018 34500 2320456 29200
0 434 0 0 2039094 34581 2328528 29300
0 434 0 0 2046142 34682 2336563 29400
0 438 0 0 2053078 34794 2344435 29500
0 438 0 0 2059997 34873 2352145 29600
0 438 0 0 2066907 34971 2359937 29700
0 438 0 0 2073888 35067 2367764 29800
0 440 0 0 2080876 35162 2375524 29900
0 440 0 0 2087802 35236 2383246 30000
0 441 0 0 2094870 35304 2391086 30100
0 441 0 0 2101768 35378 2398804 30200
0 441 0 0 2108754 35434 2406566 30300
0 442 0 0 2115762 35498 2414423 30400
0 443 0 0 2122674 35571 2422284 30500
0 444 0 0 2129696 35643 2430247 30600
0 445 0 0 2136717 35711 2438209 30700
0 446 0 0 2143679 35778 2446117 30800
0 447 0 0 2150693 35849 2453992 30900
0 448 0 0 2157614 35900 2461773 31000
0 448 0 0 2164625 35973 2469668 31100
0 451 0 0 2171554 36029 2477432 31200
0 451 0 0 2178464 36086 2485178 31300
0 455 0 0 2185486 36156 2493055 31400
0 456 0 0 2192409 36230 2500954 31500
0 458 0 0 2199423 36312 2508970 31600
0 460 0 0 2206526 36392 2517006 31700
0 461 0 0 2213545 36474 2524954 31800
0 461 0 0 2220506 36554 2532836 31900
0 462 0 0 2227539 36619 2540761 32000
0 465 0 0 2234552 36685 2548667 32100
0 465 0 0 2241570 36761 2556483 32200
0 465 0 0 2248564 36825 2564342 32300
0 466 0 0 2255482 36877 2572038 32400
0 466 0 0 2262381 36943 2579775 32500
0 467 0 0 2269336 37024 2587452 32600
0 467 0 0 2276190 37116 2595112 32700
0 469 0 0 2283122 37183 2602837 32800
0 469 0 0 2289983 37245 2610520 32900
0 472 0 0 2296976 37312 2618306 33000
0 472 0 0 2303927 37373 2626147 33100
0 475 0 0 2310937 37429 2633953 33200
0 475 0 0 2318026 37489 2641870 33300
0 478 0 0 2324949 37543 2649602 33400
0 479 0 0 2331809 37596 2657368 33500
0 480 0 0 2338871 37664 2665319 33600
0 482 0 0 2345784 37716 2673096 33700
0 483 0 0 2352784 37771 2680906 33800
0 483 0 0 2359811 37844 2688778 33900
0 486 0 0 2366746 37901 2696551 34000
0 486 0 0 2373689 37965 2704390 34100
0 487 0 0 2380688 38029 2712287 34200
0 489 0 0 2387525 38103 2719991 34300
0 490 0 0 2394456 38189 2727809 34400
0 491 0 0 2401332 38293 2735572 34500
0 491 0 0 2408345 38380 2743474 34600
0 493 0 0 2415349 38467 2751347 34700
0 494 0 0 2422241 38621 2759173 34800
0 494 0 0 2429111 38707 2766815 34900
0 496 0 0 2435996 38790 2774533 35000
0 497 0 0 2443020 38883 2782442 35100
0 497 0 0 2449916 38946 2790219 35200
0 500 0 0 2456992 39011 2798159 35300
0 501 0 0 2463954 39094 2805956 35400
0 502 0 0 2470934 39175 2813770 35500
0 503 0 0 2477964 39271 2821665 35600
0 503 0 0 2484993 39341 2829430 35700
0 503 0 0 2491993 39427 2837196 35800
0 506 0 0 2498944 39491 2844910 35900
0 506 0 0 2505806 39566 2852586 36000
0 507 0 0 2512759 39634 2860397 36100
0 509 0 0 2519695 39695 2868319 36200
0 511 0 0 2526708 39765 2876356 36300
0 512 0 0 2533750 39827 2884311 36400
0 515 0 0 2540658 39872 2892156 36500
0 516 0 0 2547821 39944 2900267 36600
0 519 0 0 2554719 39986 2908084 36700
0 520 0 0 2561758 40040 2916008 36800
0 521 0 0 2568602 40095 2923691 36900
0 522 0 0 2575580 40161 2931465 37000
0 522 0 0 2582425 40247 2939200 37100
0 522 0 0 2589441 40310 2947055 37200
0 522 0 0 2596388 40387 2954865 37300
0 523 0 0 2603356 40466 2962854 37400
0 524 0 0 2610258 40555 2970844 37500
0 525 0 0 2617213 40665 2978863 37600
0 526 0 0 2624262 40762 2986941 37700
0 527 0 0 2631287 40831 2994963 37800
0 528 0 0 2638224 40922 3002907 37900
0 530 0 0 2645227 41000 3010869 38000
0 531 0 0 2652150 41120 3018884 38100
0 534 0 0 2659110 41200 3026787 38200
0 535 0 0 2666055 41323 3034812 38300
0 536 0 0 2673018 41428 3042828 38400
0 538 0 0 2680025 41537 3050843 38500
0 538 0 0 2686948 41650 3058834 38600
0 539 0 0 2693970 41733 3066855 38700
0 542 0 0 2700797 41813 3074548 38800
0 544 0 0 2707771 41906 3082491 38900
0 546 0 0 2714690 41999 3090362 39000
0 549 0 0 2721616 42073 3098299 39100
0 550 0 0 2728553 42159 3106213 39200
0 550 0 0 2735511 42241 3114122 39300
0 552 0 0 2742467 42336 3121962 39400
0 553 0 0 2749389 42434 3129780 39500
0 555 0 0 2756326 42497 3137606 39600
0 556 0 0 2763270 42581 3145432 39700
0 556 0 0 2770176 42679 3153167 39800
0 558 0 0 2777103 42739 3160913 39900
0 558 0 0 2784003 42815 3168704 40000
0 558 0 0 2790992 42877 3176493 40100
0 559 0 0 2797965 42940 3184201 40200
0 561 0 0 2804862 43009 3191877 40300
0 561 0 0 2811780 43092 3199560 40400
0 564 0 0 2818644 43179 3207170 40500
0 565 0 0 2825599 43256 3214931 40600
0 566 0 0 2832571 43340 3222707 40700
0 568 0 0 2839497 43413 3230544 40800
0 569 0 0 2846477 43494 3238398 40900
0 570 0 0 2853417 43586 3246314 41000
0 570 0 0 2860403 43673 3254213 41100
0 571 0 0 2867310 43762 3262107 41200
0 571 0 0 2874380 43877 3270292 41300
0 572 0 0 2881373 43970 3278380 41400
0 572 0 0 2888308 44058 3286407 41500
0 575 0 0 2895253 44135 3294366 41600
0 577 0 0 2902188 44215 3302451 41700
0 577 0 0 2909253 44276 3310454 41800
0 579 0 0 2916181 44357 3318322 41900
0 579 0 0 2923227 44469 3326273 42000
0 582 0 0 2930160 44555 3334190 42100
0 583 0 0 2937129 44650 3342056 42200
0 583 0 0 2944212 44726 3350021 42300
0 583 0 0 2951097 44808 3357665 42400
0 584 0 0 2958022 44882 3365423 42500
0 584 0 0 2965001 44944 3373236 42600
0 584 0 0 2971854 45039 3381008 42700
0 585 0 0 2978885 45131 3388959 42800
0 585 0 0 2985794 45221 3396778 42900
0 585 0 0 2992809 45283 3404644 43000
0 585 0 0 2999789 45381 3412417 43100
0 585 0 0 3006714 45487 3420244 43200
0 585 0 0 3013537 45567 3427949 43300
0 586 0 0 3020442 45678 3435751 43400
0 587 0 0 3027400 45769 3443488 43500
0 587 0 0 3034385 45840 3451282 43600
0 589 0 0 3041291 45928 3459004 43700
0 589 0 0 3048169 46013 3466736 43800
0 592 0 0 3055105 46082 3474582 43900
0 593 0 0 3062071 46172 3482361 44000
0 594 0 0 3068949 46255 3490080 44100
0 594 0 0 3075896 46336 3497918 44200
0 597 0 0 3082948 46417 3505826 44300
0 597 0 0 3089865 46502 3513664 44400
0 600 0 0 3096671 46572 3521331 44500
0 601 0 0 3103759 46653 3529375 44600
0 604 0 0 3110765 46727 3537324 44700
0 604 0 0 3117666 46806 3545160 44800
0 604 0 0 3124592 46889 3553017 44900
0 604 0 0 3131619 46982 3560996 45000
0 606 0 0 3138610 47052 3568862 45100
0 607 0 0 3145532 47144 3576606 45200
0 608 0 0 3152421 47231 3584325 45300
0 610 0 0 3159271 47304 3591988 45400
0 611 0 0 3166302 47404 3599719 45500
0 613 0 0 3173200 47512 3607455 45600
0 614 0 0 3180146 47580 3615211 45700
0 615 0 0 3187120 47663 3623044 45800
0 616 0 0 3193998 47731 3630725 45900
0 616 0 0 3201025 47806 3638432 46000
0 618 0 0 3207980 47866 3646164 46100
0 618 0 0 3214904 47945 3653867 46200
0 619 0 0 3221789 48030 3661598 46300
0 620 0 0 3228658 48116 3669298 46400
0 620 0 0 3235609 48200 3677039 46500
0 622 0 0 3242491 48257 3684778 46600
0 624 0 0 3249522 48336 3692649 46700
0 626 0 0 3256437 48410 3700388 46800
0 628 0 0 3263376 48505 3708255 46900
0 629 0 0 3270309 48581 3716063 47000
0 631 0 0 3277311 48651 3723953 47100
0 632 0 0 3284222 48740 3731791 47200
0 632 0 0 3291164 48816 3739612 47300
0 632 0 0 3298052 48914 3747363 47400
0 633 0 0 3305028 49002 3755309 47500
0 634 0 0 3311988 49071 3763214 47600
0 635 0 0 3318902 49176 3771019 47700
0 636 0 0 3325766 49282 3778781 47800
0 637 0 0 3332815 49389 3786784 47900
0 637 0 0 3339786 49506 3794704 48000
0 637 0 0 3346737 49593 3802635 48100
0 637 0 0 3353711 49688 3810550 48200
0 639 0 0 3360621 49778 3818374 48300
0 639 0 0 3367633 49872 3826464 48400
0 642 0 0 3374544 49970 3834441 48500
0 644 0 0 3381521 50063 3842385 48600
0 645 0 0 3388539 50175 3850318 48700
0 645 0 0 3395533 50262 3858233 48800
0 647 0 0 3402399 50352 3865964 48900
0 647 0 0 3409362 50449 3873832 49000
0 651 0 0 3416310 50519 3881622 49100
0 652 0 0 3423331 50606 3889541 49200
0 655 0 0 3430314 50718 3897547 49300
0 659 0 0 3437251 50827 3905543 49400
0 661 0 0 3444392 50950 3913714 49500
0 663 0 0 3451368 51050 3921662 49600
0 666 0 0 3458299 51150 3929641 49700
0 667 0 0 3465385 51246 3937673 49800
0 668 0 0 3472347 51357 3945687 49900
0 670 0 0 3479336 51476 3953681 50000
0 672 0 0 3486412 51599 3961739 50100
0 672 0 0 3493366 51711 3969633 50200
0 673 0 0 3500359 51832 3977682 50300
0 675 0 0 3507304 51947 3985624 50400
0 676 0 0 3514396 52040 3993714 50500
0 676 0 0 3521471 52142 4001827 50600
0 678 0 0 3528503 52246 4009848 50700
0 679 0 0 3535483 52352 4017698 50800
0 680 0 0 3542397 52451 4025485 50900
0 680 0 0 3549390 52527 4033434 51000
0 682 0 0 3556333 52613 4041315 51100
0 683 0 0 3563304 52711 4049164 51200
0 686 0 0 3570293 52809 4057143 51300
0 687 0 0 3577241 52913 4065080 51400
0 687 0 0 3584237 53033 4073005 51500
0 689 0 0 3591066 53140 4080748 51600
0 689 0 0 3598125 53238 4088658 51700
0 690 0 0 3605069 53334 4096517 51800
0 692 0 0 3612000 53446 4104380 51900
0 694 0 0 3619064 53573 4112491 52000
0 695 0 0 3625976 53679 4120515 52100
0 696 0 0 3632895 53779 4128547 52200
0 696 0 0 3639898 53897 4136615 52300
0 696 0 0 3646940 53993 4144677 52400
0 696 0 0 3653893 54106 4152640 52500
0 697 0 0 3660882 54214 4160544 52600
0 697 0 0 3667789 54340 4168459 52700
0 698 0 0 3674764 54481 4176467 52800
0 699 0 0 3681642 54602 4184316 52900
0 699 0 0 3688705 54726 4192263 53000
0 699 0 0 3695621 54844 4200093 53100
0 701 0 0 3702535 54949 4207900 53200
0 701 0 0 3709489 55070 4215847 53300
0 701 0 0 3716383 55174 4223644 53400
0 702 0 0 3723308 55293 4231437 53500
0 702 0 0 3730097 55396 4239211 53600
0 702 0 0 3737031 55514 4247102 53700
0 702 0 0 3743942 55628 4254917 53800
0 702 0 0 3750781 55741 4262665 53900
0 702 0 0 3757698 55848 4270507 54000
0 703 0 0 3764452 55975 4278201 54100
0 703 0 0 3771458 56074 4286087 54200
0 703 0 0 3778252 56169 4293909 54300
0 703 0 0 3785163 56285 4301782 54400
0 703 0 0 3792168 56368 4309677 54500
0 703 0 0 3799028 56490 4317422 54600
0 704 0 0 3805840 56623 4325144 54700
0 705 0 0 3812795 56754 4332970 54800
0 706 0 0 3819611 56847 4340631 54900
0 706 0 0 3826569 56931 4348391 55000
0 707 0 0 3833466 57033 4356246 55100
0 707 0 0 3840273 57129 4363928 55200
0 707 0 0 3847249 57234 4371685 55300
0 707 0 0 3854034 57316 4379359 55400
0 708 0 0 3861059 57397 4387353 55500
0 708 0 0 3867955 57502 4395132 55600
0 710 0 0 3874937 57617 4402970 55700
0 711 0 0 3881843 57726 4410739 55800
0 713 0 0 3888773 57816 4418584 55900
0 716 0 0 3895780 57919 4426488 56000
0 717 0 0 3902689 58020 4434391 56100
0 717 0 0 3909773 58131 4442501 56200
0 717 0 0 3916779 58213 4450447 56300
0 718 0 0 3923783 58319 4458317 56400
0 718 0 0 3930642 58445 4466128 56500
0 719 0 0 3937658 58558 4474048 56600
0 720 0 0 3944581 58655 4481813 56700
0 721 0 0 3951449 58768 4489622 56800
0 724 0 0 3958477 58877 4497596 56900
0 725 0 0 3965341 58989 4505321 57000
0 725 0 0 3972506 59090 4513360 57100
0 726 0 0 3979374 59170 4521146 57200
0 726 0 0 3986336 59262 4528943 57300
0 727 0 0 3993260 59368 4536667 57400
0 727 0 0 4000236 59467 4544417 57500
0 728 0 0 4007285 59582 4552283 57600
0 728 0 0 4014253 59683 4560118 57700
0 729 0 0 4021131 59794 4567931 57800
0 730 0 0 4028150 59881 4575940 57900
0 731 0 0 4035107 59966 4583920 58000
0 731 0 0 4042179 60075 4591983 58100
0 733 0 0 4049157 60181 4599982 58200
0 734 0 0 4056067 60275 4607810 58300
0 735 0 0 4063087 60362 4615755 58400
0 737 0 0 4070029 60448 4623611 58500
0 739 0 0 4076933 60577 4631451 58600
0 742 0 0 4083897 60681 4639390 58700
0 743 0 0 4091022 60783 4647425 58800
0 743 0 0 4097952 60897 4655356 58900
0 744 0 0 4105030 61046 4663431 59000
0 745 0 0 4111955 61167 4671324 59100
0 746 0 0 4118918 61271 4679149 59200
0 748 0 0 4125900 61368 4687037 59300
0 749 0 0 4132884 61501 4694922 59400
0 749 0 0 4139913 61635 4702886 59500
0 750 0 0 4146754 61760 4710745 59600
0 751 0 0 4153811 61864 4718818 59700
0 753 0 0 4160826 61979 4726809 59800
0 755 0 0 4167754 62109 4734843 59900
0 756 0 0 4174747 62215 4742885 60000
0 757 0 0 4181834 62341 4750995 60100
0 759 0 0 4188738 62466 4758956 60200
0 761 0 0 4195829 62575 4767200 60300
0 761 0 0 4202871 62694 4775257 60400
0 762 0 0 4209806 62790 4783114 60500
0 764 0 0 4216908 62882 4791103 60600
0 766 0 0 4223919 62997 4799035 60700
0 767 0 0 4230784 63083 4806733 60800
0 769 0 0 4237718 63160 4814502 60900
0 769 0 0 4244666 63249 4822317 61000
0 769 0 0 4251608 63331 4830120 61100
0 770 0 0 4258500 63424 4837859 61200
0 770 0 0 4265464 63499 4845596 61300
0 773 0 0 4272350 63578 4853335 61400
0 774 0 0 4279385 63665 4861201 61500
0 774 0 0 4286305 63752 4868945 61600
0 774 0 0 4293333 63833 4876835 61700
0 775 0 0 4300221 63911 4884517 61800
0 775 0 0 4307245 64013 4892316 61900
0 775 0 0 4314178 64109 4900105 62000
0 776 0 0 4321145 64224 4907920 62100
0 777 0 0 4328039 64329 4915603 62200
0 779 0 0 4334997 64438 4923441 62300
0 780 0 0 4341973 64525 4931343 62400
0 782 0 0 4348919 64628 4939193 62500
0 782 0 0 4356059 64729 4947263 62600
0 782 0 0 4362921 64824 4955012 62700
0 782 0 0 4369869 64942 4962820 62800
0 782 0 0 4376867 65039 4970619 62900
0 782 0 0 4383728 65169 4978320 63000
0 782 0 0 4390658 65259 4986106 63100
0 782 0 0 4397685 65372 4994039 63200
0 782 0 0 4404731 65467 5001969 63300
0 782 0 0 4411768 65560 5009997 63400
0 782 0 0 4418740 65662 5017974 63500
0 782 0 0 4425770 65773 5025894 63600
0 783 0 0 4432681 65886 5033742 63700
0 783 0 0 4439598 66002 5041595 63800
0 784 0 0 4446609 66100 5049414 63900
0 785 0 0 4453528 66201 5057128 64000
0 785 0 0 4460533 66285 5064988 64100
0 785 0 0 4467298 66387 5072624 64200
0 785 0 0 4474305 66468 5080502 64300
0 785 0 0 4481276 66533 5088294 64400
0 785 0 0 4488099 66619 5096022 64500
0 785 0 0 4495045 66715 5103874 64600
0 785 0 0 4501922 66806 5111718 64700
0 786 0 0 4508931 66918 5119592 64800
0 786 0 0 4515808 67020 5127402 64900
0 786 0 0 4522701 67109 5135094 65000
0 787 0 0 4529737 67207 5143026 65100
0 788 0 0 4536599 67350 5150825 65200
0 788 0 0 4543472 67449 5158467 65300
0 789 0 0 4550514 67553 5166320 65400
0 789 0 0 4557438 67656 5174165 65500
0 789 0 0 4564426 67784 5182020 65600
0 789 0 0 4571323 67907 5189780 65700
0 789 0 0 4578275 68004 5197637 65800
0 792 0 0 4585221 68103 5205401 65900
0 793 0 0 4592241 68214 5213239 66000
0 793 0 0 4599078 68336 5220846 66100
0 794 0 0 4606021 68424 5228538 66200
0 794 0 0 4613015 68517 5236334 66300
0 796 0 0 4619971 68602 5244153 66400
0 797 0 0 4626862 68686 5251870 66500
0 799 0 0 4633786 68758 5259811 66600
0 800 0 0 4640778 68847 5267804 66700
0 803 0 0 4647834 68927 5275933 66800
0 804 0 0 4654828 69020 5283979 66900
0 805 0 0 4661872 69144 5292171 67000
0 806 0 0 4668856 69263 5300292 67100
0 807 0 0 4675912 69378 5308466 67200
0 807 0 0 4682881 69505 5316647 67300
0 807 0 0 4689850 69621 5324766 67400
0 808 0 0 4696899 69738 5332914 67500
0 809 0 0 4703945 69845 5340980 67600
0 814 0 0 4710780 69980 5349012 67700
0 815 0 0 4717792 70107 5357283 67800
0 816 0 0 4724817 70247 5365582 67900
0 816 0 0 4731874 70383 5373860 68000
0 818 0 0 4738948 70495 5382023 68100
0 820 0 0 4745938 70600 5390147 68200
0 822 0 0 4752915 70711 5398311 68300
0 823 0 0 4759964 70851 5406501 68400
0 823 0 0 4767022 70948 5414632 68500
0 823 0 0 4774013 71034 5422712 68600
0 825 0 0 4781078 71116 5430780 68700
0 826 0 0 4787911 71194 5438557 68800
0 827 0 0 4795043 71301 5446620 68900
0 827 0 0 4802007 71405 5454450 69000
0 827 0 0 4808809 71509 5462101 69100
0 827 0 0 4815726 71668 5469949 69200
0 827 0 0 4822762 71819 5477902 69300
0 827 0 0 4829624 71939 5485660 69400
0 827 0 0 4836707 72062 5493631 69500
0 827 0 0 4843519 72205 5501414 69600
0 828 0 0 4850475 72339 5509252 69700
0 828 0 0 4857434 72459 5517094 69800
0 829 0 0 4864325 72571 5524789 69900
0 830 0 0 4871290 72730 5532694 70000
0 830 0 0 4878340 72857 5540621 70100
0 831 0 0 4885196 72956 5548368 70200
0 831 0 0 4892137 73089 5556184 70300
0 831 0 0 4899125 73192 5564043 70400
0 832 0 0 4906091 73282 5571847 70500
0 832 0 0 4912972 73365 5579623 70600
0 833 0 0 4919924 73457 5587463 70700
0 833 0 0 4926908 73553 5595280 70800
0 834 0 0 4933810 73638 5603083 70900
0 837 0 0 4940860 73716 5611000 71000
0 837 0 0 4947820 73798 5618868 71100
0 839 0 0 4954753 73906 5626715 71200
0 841 0 0 4961862 73998 5634749 71300
0 844 0 0 4968854 74097 5642671 71400
0 845 0 0 4975747 74209 5650599 71500
0 846 0 0 4982649 74306 5658563 71600
0 846 0 0 4989616 74421 5666472 71700
0 848 0 0 4996536 74521 5674368 71800
0 849 0 0 5003536 74616 5682248 71900
0 849 0 0 5010568 74718 5690175 72000
0 850 0 0 5017450 74816 5697976 72100
0 850 0 0 5024406 74927 5705764 72200
0 853 0 0 5031343 75025 5713452 72300
0 854 0 0 5038193 75139 5721048 72400
0 854 0 0 5045175 75230 5728855 72500
0 855 0 0 5052159 75332 5736744 72600
0 856 0 0 5059164 75431 5744682 72700
0 857 0 0 5066159 75544 5752720 72800
0 859 0 0 5073161 75653 5760704 72900
0 859 0 0 5080144 75754 5768726 73000
0 859 0 0 5087097 75847 5776707 73100
0 859 0 0 5094192 75942 5784784 73200
0 859 0 0 5101211 76028 5792755 73300
0 859 0 0 5108161 76117 5800667 73400
0 859 0 0 5115072 76214 5808434 73500
0 860 0 0 5122104 76318 5816347 73600
0 861 0 0 5128989 76431 5824171 73700
0 861 0 0 5135952 76522 5832027 73800
0 862 0 0 5142980 76621 5839951 73900
0 862 0 0 5150005 76712 5847822 74000
0 862 0 0 5156860 76800 5855549 74100
0 863 0 0 5163916 76883 5863402 74200
0 863 0 0 5170862 76978 5871100 74300
0 863 0 0 5177723 77061 5878715 74400
0 863 0 0 5184676 77140 5886474 74500
0 866 0 0 5191635 77213 5894371 74600
0 866 0 0 5198615 77293 5902131 74700
0 867 0 0 5205722 77390 5910111 74800
0 869 0 0 5212627 77469 5917931 74900
0 871 0 0 5219664 77560 5925803 75000
0 875 0 0 5226677 77661 5933668 75100
0 877 0 0 5233675 77748 5941524 75200
0 878 0 0 5240525 77845 5949355 75300
0 879 0 0 5247598 77932 5957384 75400
0 880 0 0 5254673 78020 5965396 75500
0 880 0 0 5261642 78123 5973362 75600
0 884 0 0 5268546 78201 5981250 75700
0 884 0 0 5275716 78288 5989435 75800
0 885 0 0 5282665 78386 5997345 75900
0 887 0 0 5289722 78474 6005416 76000
0 888 0 0 5296664 78578 6013386 76100
0 888 0 0 5303640 78674 6021374 76200
0 889 0 0 5310730 78760 6029498 76300
0 892 0 0 5317794 78854 6037529 76400
0 892 0 0 5324766 78956 6045456 76500
0 893 0 0 5331671 79048 6053220 76600
0 893 0 0 5338677 79130 6061204 76700
0 895 0 0 5345609 79254 6069066 76800
0 895 0 0 5352628 79354 6077046 76900
0 895 0 0 5359479 79448 6084723 77000
0 895 0 0 5366499 79568 6092623 77100
0 895 0 0 5373440 79679 6100326 77200
0 896 0 0 5380409 79778 6108098 77300
0 897 0 0 5387358 79857 6115933 77400
0 898 0 0 5394200 79957 6123643 77500
0 898 0 0 5401117 80046 6131492 77600
0 898 0 0 5408187 80131 6139473 77700
0 899 0 0 5415144 80217 6147300 77800
0 899 0 0 5422186 80322 6155147 77900
0 899 0 0 5429230 80418 6163098 78000
0 902 0 0 5436210 80531 6171018 78100
0 902 0 0 5443211 80637 6178862 78200
0 903 0 0 5450185 80728 6186704 78300
0 903 0 0 5457209 80812 6194628 78400
0 904 0 0 5464170 80891 6202502 78500
0 904 0 0 5471190 80980 6210366 78600
0 905 0 0 5478200 81064 6218278 78700
0 907 0 0 5485280 81132 6226184 78800
0 907 0 0 5492120 81201 6233937 78900
0 908 0 0 5499213 81261 6241896 79000
0 908 0 0 5506060 81350 6249574 79100
0 911 0 0 5513186 81434 6257560 79200
0 911 0 0 5520122 81533 6265362 79300
0 911 0 0 5527144 81609 6273159 79400
0 913 0 0 5534107 81704 6280938 79500
0 913 0 0 5541067 81778 6288731 79600
0 915 0 0 5548024 81866 6296521 79700
0 915 0 0 5555026 81975 6304368 79800
0 916 0 0 5561970 82085 6312159 79900
0 916 0 0 5568959 82172 6319868 80000
0 917 0 0 5575855 82265 6327570 80100
0 917 0 0 5582856 82358 6335384 80200
0 918 0 0 5589775 82449 6343082 80300
0 918 0 0 5596870 82589 6351056 80400
0 919 0 0 5603841 82698 6359040 80500
0 919 0 0 5610889 82804 6367107 80600
0 920 0 0 5617988 82896 6375249 80700
0 920 0 0 5625042 82970 6383269 80800
0 921 0 0 5632090 83078 6391305 80900
0 921 0 0 5639021 83189 6399236 81000
0 922 0 0 5646140 83298 6407391 81100
0 922 0 0 5653188 83400 6415463 81200
0 922 0 0 5660220 83483 6423442 81300
0 923 0 0 5667325 83601 6431474 81400
0 924 0 0 5674449 83710 6439546 81500
0 924 0 0 5681448 83806 6447451 81600
0 924 0 0 5688368 83942 6455261 81700
0 924 0 0 5695415 84058 6463175 81800
0 927 0 0 5702383 84141 6471054 81900
0 928 0 0 5709320 84229 6478904 82000
0 928 0 0 5716482 84321 6486977 82100
0 928 0 0 5723491 84402 6494898 82200
0 929 0 0 5730604 84474 6502916 82300
0 929 0 0 5737473 84541 6510820 82400
0 929 0 0 5744585 84605 6518751 82500
0 929 0 0 5751522 84663 6526477 82600
0 929 0 0 5758483 84747 6534258 82700
0 930 0 0 5765389 84810 6541969 82800
0 931 0 0 5772298 84890 6549634 82900
0 932 0 0 5779196 84958 6557252 83000
0 933 0 0 5786074 85043 6564911 83100
0 934 0 0 5793026 85108 6572624 83200
0 934 0 0 5799900 85185 6580190 83300
0 934 0 0 5806742 85253 6587751 83400
0 936 0 0 5813812 85333 6595589 83500
0 936 0 0 5820607 85427 6603172 83600
0 937 0 0 5827477 85553 6610864 83700
0 938 0 0 5834361 85652 6618640 83800
0 938 0 0 5841313 85766 6626492 83900
0 938 0 0 5848338 85866 6634379 84000
0 938 0 0 5855305 85992 6642204 84100
0 940 0 0 5862295 86110 6650146 84200
0 941 0 0 5869289 86238 6658052 84300
0 942 0 0 5876327 86364 6666035 84400
0 942 0 0 5883217 86481 6673927 84500
0 944 0 0 5890190 86628 6681808 84600
0 945 0 0 5897059 86792 6689668 84700
0 945 0 0 5904093 86922 6697628 84800
0 946 0 0 5911035 87074 6705594 84900
0 948 0 0 5917987 87208 6713523 85000
0 948 0 0 5924826 87347 6721221 85100
0 949 0 0 5931787 87472 6728995 85200
0 950 0 0 5938876 87613 6737032 85300
0 951 0 0 5945768 87751 6744975 85400
0 952 0 0 5952776 87866 6752948 85500
0 955 0 0 5959911 87959 6761015 85600
0 957 0 0 5966791 88067 6768867 85700
0 959 0 0 5973927 88170 6776936 85800
0 961 0 0 5980914 88293 6784887 85900
0 961 0 0 5987936 88400 6792854 86000
0 962 0 0 5994903 88509 6800644 86100
0 964 0 0 6001828 88630 6808525 86200
0 964 0 0 6008812 88745 6816395 86300
0 964 0 0 6015807 88840 6824379 86400
0 965 0 0 6022684 88947 6832269 86500
0 966 0 0 6029728 89081 6840293 86600
0 967 0 0 6036721 89193 6848255 86700
0 968 0 0 6043812 89312 6856330 86800
0 968 0 0 6050814 89412 6864334 86900
0 968 0 0 6057772 89514 6872321 87000
0 969 0 0 6064912 89631 6880466 87100
0 969 0 0 6071935 89742 6888492 87200
0 969 0 0 6078943 89847 6896590 87300
0 970 0 0 6085998 89941 6904681 87400
0 970 0 0 6093066 90046 6912681 87500
0 970 0 0 6099962 90159 6920616 87600
0 970 0 0 6106933 90266 6928501 87700
0 972 0 0 6113920 90395 6936491 87800
0 972 0 0 6120995 90500 6944523 87900
0 974 0 0 6127978 90639 6952467 88000
0 975 0 0 6134978 90763 6960464 88100
0 975 0 0 6141929 90876 6968281 88200
0 975 0 0 6148858 91017 6976127 88300
0 977 0 0 6155825 91139 6984098 88400
0 977 0 0 6162867 91257 6992046 88500
0 977 0 0 6169814 91366 6999831 88600
0 978 0 0 6176806 91456 7007621 88700
0 978 0 0 6183862 91567 7015619 88800
0 979 0 0 6190843 91652 7023526 88900
0 980 0 0 6197838 91755 7031500 89000
0 981 0 0 6204788 91868 7039481 89100
0 982 0 0 6211850 91986 7047546 89200
0 983 0 0 6218870 92155 7055628 89300
0 984 0 0 6225960 92255 7063748 89400
0 986 0 0 6232936 92360 7071783 89500
0 986 0 0 6240105 92453 7079983 89600
0 986 0 0 6247104 92579 7087944 89700
0 989 0 0 6254179 92686 7095976 89800
0 990 0 0 6261177 92834 7103939 89900
0 994 0 0 6268152 92940 7111842 90000
0 995 0 0 6275233 93035 7119939 90100
0 997 0 0 6282101 93141 7127829 90200
0 997 0 0 6289202 93247 7136035 90300
0 998 0 0 6296108 93359 7144100 90400
0 1000 0 0 6303018 93478 7152062 90500
0 1002 0 0 6310061 93582 7160110 90600
0 1002 0 0 6317096 93663 7168113 90700
0 1002 0 0 6324046 93763 7176001 90800
0 1003 0 0 6331018 93842 7183898 90900
0 1003 0 0 6337969 93937 7191650 91000
0 1005 0 0 6344941 94027 7199450 91100
0 1005 0 0 6351829 94125 7207148 91200
0 1006 0 0 6358680 94240 7214841 91300
0 1006 0 0 6365576 94335 7222612 91400
0 1009 0 0 6372492 94431 7230401 91500
0 1009 0 0 6379365 94520 7238189 91600
0 1010 0 0 6386438 94647 7246172 91700
0 1011 0 0 6393428 94726 7254028 91800
0 1012 0 0 6400403 94834 7261853 91900
0 1014 0 0 6407374 94929 7269770 92000
0 1014 0 0 6414324 95035 7277600 92100
0 1017 0 0 6421283 95165 7285482 92200
0 1018 0 0 6428296 95289 7293367 92300
0 1018 0 0 6435243 95406 7301239 92400
0 1020 0 0 6442264 95553 7309288 92500
0 1020 0 0 6449207 95668 7317156 92600
0 1021 0 0 6456322 95801 7325223 92700
0 1022 0 0 6463277 95940 7333261 92800
0 1025 0 0 6470305 96102 7341332 92900
0 1026 0 0 6477338 96238 7349347 93000
0 1028 0 0 6484346 96366 7357285 93100
0 1029 0 0 6491273 96489 7365106 93200
0 1030 0 0 6498248 96633 7373048 93300
0 1032 0 0 6505226 96775 7380952 93400
0 1032 0 0 6512251 96943 7388913 93500
0 1033 0 0 6519199 97098 7396854 93600
0 1033 0 0 6526227 97245 7404832 93700
0 1033 0 0 6533179 97355 7412632 93800
0 1035 0 0 6540138 97456 7420429 93900
0 1036 0 0 6547097 97566 7428306 94000
0 1036 0 0 6554129 97682 7436190 94100
0 1037 0 0 6561068 97822 7444001 94200
0 1037 0 0 6568059 97952 7451905 94300
0 1038 0 0 6574930 98096 7459681 94400
0 1039 0 0 6582022 98221 7467737 94500
0 1040 0 0 6589160 98341 7475926 94600
0 1040 0 0 6595873 98474 7483623 94700
0 1040 0 0 6603008 98579 7491735 94800
0 1042 0 0 6609943 98687 7499625 94900
0 1043 0 0 6616940 98812 7507598 95000
0 1043 0 0 6623975 98947 7515581 95100
0 1044 0 0 6631002 99101 7523571 95200
0 1045 0 0 6638059 99206 7531448 95300
0 1046 0 0 6644977 99325 7539234 95400
0 1047 0 0 6651958 99440 7547164 95500
0 1047 0 0 6658985 99542 7555208 95600
0 1050 0 0 6665832 99646 7562955 95700
0 1051 0 0 6672839 99745 7570772 95800
0 1052 0 0 6679755 99844 7578558 95900
0 1052 0 0 6686672 99939 7586389 96000
0 1054 0 0 6693718 100037 7594383 96100
0 1055 0 0 6700742 100117 7602252 96200
0 1056 0 0 6707688 100207 7610073 96300
0 1057 0 0 6714696 100292 7617996 96400
0 1058 0 0 6721720 100393 7625875 96500
0 1061 0 0 6728680 100472 7633671 96600
0 1063 0 0 6735690 100577 7641585 96700
0 1063 0 0 6742583 100638 7649372 96800
0 1065 0 0 6749576 100719 7657253 96900
0 1065 0 0 6756560 100789 7665093 97000
0 1065 0 0 6763558 100852 7672923 97100
0 1066 0 0 6770592 100916 7680959 97200
0 1067 0 0 6777475 101017 7688799 97300
0 1067 0 0 6784435 101112 7696690 97400
0 1068 0 0 6791514 101206 7704715 97500
0 1069 0 0 6798466 101312 7712671 97600
0 1069 0 0 6805431 101388 7720523 97700
0 1070 0 0 6812446 101492 7728383 97800
0 1070 0 0 6819400 101597 7736183 97900
0 1070 0 0 6826339 101696 7744066 98000
0 1071 0 0 6833341 101792 7751975 98100
0 1073 0 0 6840316 101899 7759831 98200
0 1074 0 0 6847190 102032 7767645 98300
0 1074 0 0 6854142 102150 7775577 98400
0 1074 0 0 6861226 102240 7783455 98500
0 1075 0 0 6868069 102373 7791105 98600
0 1076 0 0 6874950 102478 7798852 98700
0 1076 0 0 6881911 102568 7806596 98800
0 1076 0 0 6888813 102674 7814337 98900
0 1077 0 0 6895782 102794 7822113 99000
0 1077 0 0 6902777 102896 7829929 99100
0 1079 0 0 6909654 102985 7837666 99200
0 1080 0 0 6916627 103070 7845420 99300
0 1082 0 0 6923640 103171 7853216 99400
0 1084 0 0 6930626 103262 7860948 99500
0 1086 0 0 6937571 103335 7868686 99600
0 1087 0 0 6944646 103443 7876623 99700
0 1087 0 0 6951557 103524 7884377 99800
0 1088 0 0 6958660 103616 7892296 99900
0 1088 0 0 6965494 103698 7899906 100000
0 1089 0 0 6972517 103768 7907741 100100
0 1090 0 0 6979549 103862 7915579 100200
0 1090 0 0 6986478 103974 7923357 100300
0 1091 0 0 6993340 104074 7930982 100400
0 1091 0 0 7000360 104187 7938776 100500
0 1092 0 0 7007314 104302 7946502 100600
0 1093 0 0 7014203 104417 7954096 100700
0 1093 0 0 7021220 104521 7961793 100800
0 1093 0 0 7028163 104604 7969434 100900
0 1094 0 0 7035046 104683 7977072 101000
0 1094 0 0 7041975 104769 7984813 101100
0 1094 0 0 7048902 104845 7992599 101200
0 1095 0 0 7055900 104925 8000429 101300
0 1096 0 0 7062785 104997 8008064 101400
0 1097 0 0 7069840 105073 8015896 101500
0 1099 0 0 7076763 105169 8023574 101600
0 1100 0 0 7083703 105259 8031322 101700
0 1102 0 0 7090726 105348 8039150 101800
0 1102 0 0 7097672 105455 8046992 101900
0 1105 0 0 7104588 105545 8054818 102000
0 1105 0 0 7111584 105627 8062723 102100
0 1107 0 0 7118611 105714 8070687 102200
0 1109 0 0 7125607 105815 8078767 102300
0 1112 0 0 7132578 105905 8086808 102400
0 1115 0 0 7139685 105992 8095016 102500
0 1116 0 0 7146739 106072 8103098 102600
0 1117 0 0 7153764 106150 8111097 102700
0 1117 0 0 7160826 106261 8119187 102800
0 1117 0 0 7167861 106365 8127223 102900
0 1118 0 0 7174853 106486 8135182 103000
0 1118 0 0 7181726 106588 8142902 103100
0 1118 0 0 7188649 106698 8150693 103200
0 1121 0 0 7195570 106807 8158573 103300
0 1121 0 0 7202570 106912 8166503 103400
0 1121 0 0 7209673 107018 8174584 103500
0 1122 0 0 7216660 107114 8182498 103600
0 1122 0 0 7223591 107208 8190331 103700
0 1124 0 0 7230477 107303 8198215 103800
0 1124 0 0 7237416 107417 8206047 103900
0 1124 0 0 7244467 107525 8214053 104000
0 1125 0 0 7251393 107631 8221940 104100
0 1126 0 0 7258274 107753 8229726 104200
0 1127 0 0 7265167 107875 8237545 104300
0 1127 0 0 7272200 107990 8245456 104400
0 1129 0 0 7279112 108126 8253312 104500
0 1131 0 0 7286043 108224 8261282 104600
0 1133 0 0 7292983 108328 8269136 104700
0 1133 0 0 7299912 108427 8277038 104800
0 1134 0 0 7306938 108556 8285066 104900
0 1136 0 0 7313953 108650 8293006 105000
0 1137 0 0 7320827 108780 8300910 105100
0 1138 0 0 7327873 108877 8308909 105200
0 1139 0 0 7334823 108982 8316809 105300
0 1140 0 0 7341703 109096 8324566 105400
0 1140 0 0 7348636 109208 8332391 105500
0 1141 0 0 7355557 109328 8340247 105600
0 1143 0 0 7362491 109434 8348238 105700
0 1143 0 0 7369499 109555 8356319 105800
0 1145 0 0 7376526 109663 8364449 105900
0 1147 0 0 7383458 109777 8372547 106000
0 1147 0 0 7390443 109894 8380534 106100
0 1147 0 0 7397450 110020 8388552 106200
0 1147 0 0 7404428 110121 8396441 106300
0 1149 0 0 7411277 110253 8404164 106400
0 1150 0 0 7418250 110378 8412059 106500
0 1152 0 0 7425294 110489 8419981 106600
0 1152 0 0 7432176 110620 8427820 106700
0 1154 0 0 7439102 110731 8435758 106800
0 1155 0 0 7446140 110861 8443686 106900
0 1156 0 0 7453078 110988 8451571 107000
0 1156 0 0 7460068 111092 8459498 107100
0 1159 0 0 7466946 111182 8467262 107200
0 1161 0 0 7473956 111282 8475101 107300
0 1161 0 0 7480909 111360 8482854 107400
0 1162 0 0 7487851 111443 8490653 107500
0 1162 0 0 7494845 111536 8498512 107600
0 1163 0 0 7501843 111630 8506365 107700
0 1163 0 0 7508835 111713 8514080 107800
0 1166 0 0 7515812 111780 8521799 107900
0 1166 0 0 7522675 111846 8529409 108000
0 1168 0 0 7529592 111913 8537117 108100
0 1169 0 0 7536433 111991 8544754 108200
0 1169 0 0 7543308 112059 8552382 108300
0 1171 0 0 7550350 112138 8560226 108400
0 1172 0 0 7557319 112255 8568152 108500
0 1172 0 0 7564184 112349 8575855 108600
0 1175 0 0 7571211 112438 8583608 108700
0 1175 0 0 7578147 112534 8591368 108800
0 1175 0 0 7585173 112645 8599194 108900
0 1176 0 0 7592057 112760 8606872 109000
0 1176 0 0 7598979 112870 8614540 109100
0 1178 0 0 7605851 112968 8622184 109200
0 1179 0 0 7612850 113076 8629994 109300
0 1179 0 0 7619863 113161 8637886 109400
0 1180 0 0 7626766 113237 8645625 109500
0 1180 0 0 7633736 113343 8653407 109600
0 1181 0 0 7640742 113424 8661333 109700
0 1183 0 0 7647675 113513 8669134 109800
0 1184 0 0 7654542 113603 8676924 109900
0 1184 0 0 7661432 113693 8684740 110000
0 1184 0 0 7668467 113779 8692600 110100
0 1187 0 0 7675368 113862 8700321 110200
0 1188 0 0 7682250 113948 8708075 110300
0 1189 0 0 7689246 114044 8715973 110400
0 1190 0 0 7696283 114166 8724025 110500
0 1191 0 0 7703282 114255 8731995 110600
0 1191 0 0 7710317 114356 8740060 110700
0 1192 0 0 7717171 114475 8748011 110800
0 1192 0 0 7724187 114574 8755985 110900
0 1192 0 0 7731124 114666 8763880 111000
0 1192 0 0 7738083 114807 8771857 111100
0 1193 0 0 7745025 114932 8779770 111200
0 1194 0 0 7752051 115030 8787821 111300
0 1195 0 0 7759034 115123 8795839 111400
0 1195 0 0 7765848 115229 8803595 111500
0 1196 0 0 7772898 115330 8811621 111600
0 1196 0 0 7779895 115426 8819528 111700
0 1196 0 0 7786849 115516 8827453 111800
0 1196 0 0 7793759 115614 8835224 111900
0 1196 0 0 7800695 115737 8843054 112000
0 1196 0 0 7807702 115840 8850962 112100
0 1198 0 0 7814704 115924 8858710 112200
0 1199 0 0 7821699 116022 8866494 112300
0 1199 0 0 7828622 116118 8874197 112400
0 1201 0 0 7835486 116216 8881828 112500
0 1201 0 0 7842500 116310 8889594 112600
0 1201 0 0 7849431 116389 8897351 112700
0 1201 0 0 7856362 116495 8905162 112800
0 1201 0 0 7863345 116584 8912991 112900
0 1201 0 0 7870335 116687 8920827 113000
0 1201 0 0 7877419 116772 8928741 113100
0 1201 0 0 7884397 116877 8936537 113200
0 1201 0 0 7891376 116949 8944339 113300
0 1201 0 0 7898364 117050 8952211 113400
0 1202 0 0 7905384 117126 8960188 113500
0 1203 0 0 7912290 117209 8968006 113600
0 1204 0 0 7919341 117310 8975983 113700
0 1204 0 0 7926310 117392 8983903 113800
0 1208 0 0 7933319 117502 8991883 113900
0 1208 0 0 7940260 117627 8999895 114000
0 1212 0 0 7947222 117698 9007794 114100
0 1213 0 0 7954387 117820 9016018 114200
0 1214 0 0 7961295 117914 9023966 114300
0 1214 0 0 7968317 118010 9032002 114400
0 1217 0 0 7975255 118087 9040015 114500
0 1218 0 0 7982296 118181 9048096 114600
0 1219 0 0 7989310 118296 9056227 114700
0 1220 0 0 7996284 118403 9064210 114800
0 1221 0 0 8003217 118499 9072248 114900
0 1226 0 0 8010136 118621 9080223 115000
0 1228 0 0 8017106 118750 9088198 115100
0 1229 0 0 8023955 118850 9095980 115200
0 1232 0 0 8030862 118967 9103903 115300
0 1234 0 0 8037741 119084 9111802 115400
0 1237 0 0 8044657 119213 9119850 115500
0 1240 0 0 8051682 119336 9127947 115600
0 1242 0 0 8058646 119469 9135970 115700
0 1244 0 0 8065499 119591 9143845 115800
0 1245 0 0 8072406 119694 9151583 115900
0 1248 0 0 8079219 119792 9159323 116000
0 1248 0 0 8086120 119889 9167102 116100
0 1249 0 0 8092931 119983 9174836 116200
0 1254 0 0 8099868 120054 9182668 116300
0 1257 0 0 8106791 120147 9190580 116400
0 1257 0 0 8113645 120230 9198412 116500
0 1259 0 0 8120565 120302 9206333 116600
0 1261 0 0 8127470 120399 9214203 116700
0 1262 0 0 8134295 120484 9221944 116800
0 1265 0 0 8141343 120568 9229917 116900
0 1266 0 0 8148095 120664 9237560 117000
0 1268 0 0 8155085 120750 9245455 117100
0 1269 0 0 8161955 120836 9253230 117200
0 1270 0 0 8168936 120929 9261178 117300
0 1271 0 0 8175912 121027 9269207 117400
0 1273 0 0 8182868 121118 9277071 117500
0 1274 0 0 8189814 121237 9284907 117600
0 1278 0 0 8196699 121365 9292753 117700
0 1278 0 0 8203661 121499 9300859 117800
0 1282 0 0 8210593 121610 9308733 117900
0 1282 0 0 8217560 121718 9316638 118000
0 1284 0 0 8224730 121832 9324738 118100
0 1287 0 0 8231516 121941 9332427 118200
0 1288 0 0 8238524 122076 9340308 118300
0 1291 0 0 8245460 122193 9348260 118400
0 1293 0 0 8252424 122300 9356220 118500
0 1295 0 0 8259420 122411 9364121 118600
0 1298 0 0 8266447 122530 9372073 118700
0 1298 0 0 8273427 122640 9379945 118800
0 1303 0 0 8280416 122754 9387881 118900
0 1305 0 0 8287381 122860 9395715 119000
0 1307 0 0 8294328 122956 9403612 119100
0 1307 0 0 8301211 123069 9411482 119200
0 1307 0 0 8308188 123169 9419547 119300
0 1309 0 0 8315177 123260 9427562 119400
0 1310 0 0 8322210 123352 9435633 119500
0 1312 0 0 8329319 123457 9443749 119600
0 1313 0 0 8336241 123566 9451698 119700
0 1313 0 0 8343303 123707 9459793 119800
0 1314 0 0 8350136 123817 9467681 119900
