325.1712419091246 1273.4709591255935 12700 2.950849228531988 326.75966237522357 0.0002
367.66849004092984 1356.0029551745338 12609 2.8841505321957857 358.1359938540568 0.0004 
337.30798807206423 1474.2377459061781 12466 3.2158879596827803 409.9190128661566 0.0005
352.7059372206801 1508.347438520101 12543 3.184055674473641 382.7088193483178 0.0006
388.0568696939663 1574.183392894518 12831 2.8720611339311506 379.1139095937158 0.0008
405.0453201281438 1644.820657911879 13052 3.081788230760722 354.5381509051746 0.001
454.29341376813255 1760.069369681889 13204 2.9841651918389176 370.1135291859161 0.0012
465.68302007784945 1802.520772197379 13477 3.177979305854054 366.87914205263473 0.0016
516.5418030185438 1853.4125571509326 13900 3.1117605554080057 360.39448723210023 0.002
655.8665764684522 2096.6609926851293 15109 3.4441934789792468 350.4363410954769 0.003
806.780678768715 2299.2432351778843 16231 3.7170222004183433 320.408283582935 0.004
