0 0 0 0 0 0 0 0
0 9 9 0 3242 0 3285 100
0 15 15 0 7235 3 7336 200
0 19 19 0 8925 9 9097 300
0 20 20 0 11149 11 11364 400
0 22 22 0 13876 12 14118 500
0 23 23 0 16949 13 17230 600
0 25 25 0 20447 14 20787 700
0 26 26 0 24396 17 24860 800
0 26 26 0 28702 26 29312 900
0 27 27 0 33306 41 34168 1000
0 29 29 0 38192 75 39414 1100
0 29 29 0 43264 112 44976 1200
0 29 29 0 48679 177 51043 1300
0 30 30 0 54226 288 57410 1400
0 31 31 0 59962 437 64133 1500
0 34 34 0 65916 610 71202 1600
0 37 37 0 71913 818 78493 1700
0 37 37 0 78147 1083 86095 1800
0 39 39 0 84446 1414 94066 1900
0 41 41 0 90862 1787 102387 2000
0 42 42 0 97431 2246 111146 2100
0 47 47 0 103995 2742 120176 2200
0 47 47 0 110763 3281 129497 2300
0 49 49 0 117542 3926 139013 2400
0 50 50 0 124356 4602 148704 2500
0 55 55 0 131254 5447 158878 2600
0 57 57 0 138240 6337 169320 2700
0 60 60 0 145354 7276 179985 2800
0 61 61 0 152384 8412 190761 2900
0 64 64 0 159556 9624 201796 3000
0 68 68 0 166729 10897 213069 3100
0 70 70 0 173889 12190 224332 3200
0 72 72 0 181145 13435 235739 3300
0 72 72 0 188447 14688 247343 3400
0 73 73 0 195785 16013 259212 3500
0 74 74 0 203208 17426 271503 3600
0 78 78 0 210660 18654 283842 3700
0 78 78 0 218217 19875 296349 3800
0 80 80 0 225804 21117 308663 3900
0 81 81 0 233273 22322 320800 4000
0 82 82 0 240814 23528 332967 4100
0 83 83 0 248392 24710 345295 4200
0 86 86 0 255991 25929 357622 4300
0 89 89 0 263751 27026 370124 4400
0 89 89 0 271406 28179 382618 4500
1 92 92 0 279028 29234 394914 4600
1 93 93 0 286669 30308 407532 4700
1 94 94 0 294427 31356 420059 4800
1 94 94 0 302163 32347 432258 4900
1 98 98 9954 309867 33356 444290 5000
1 99 99 10949 317259 34316 456820 5100
1 102 102 12942 324817 35283 470506 5200
1 103 103 14006 332274 36169 482923 5300
1 105 105 14006 339674 37098 494075 5400
1 109 109 14006 347089 37978 505127 5500
1 112 112 14006 354468 38853 516161 5600
1 114 114 14006 361813 39718 527133 5700
1 116 116 14006 369251 40632 538240 5800
1 117 117 14006 376552 41563 549227 5900
1 117 117 14006 383986 42488 560271 6000
1 118 118 14006 391267 43389 571264 6100
1 122 122 14006 398643 44311 582424 6200
1 124 124 14006 406125 45201 593769 6300
1 125 125 14006 413594 46149 605432 6400
1 126 126 14006 420961 47088 616979 6500
1 126 126 14006 428508 48048 628662 6600
1 128 128 14006 436084 49004 640184 6700
1 131 131 14006 443462 49990 651576 6800
1 132 132 14006 451026 50978 663194 6900
1 134 134 14006 458475 52014 674571 7000
1 135 135 14006 465919 52965 685774 7100
1 138 138 14006 473198 54000 696907 7200
1 139 139 14006 480549 54915 707910 7300
1 139 139 14006 487958 55897 719010 7400
1 142 142 14006 495255 56800 729788 7500
1 144 144 14006 502668 57762 740685 7600
1 147 147 14006 510045 58687 751867 7700
1 149 149 14006 517389 59795 763220 7800
1 151 151 14006 524850 60847 774709 7900
1 153 153 14006 532202 61903 786061 8000
1 154 154 14006 539881 62964 797753 8100
1 155 155 14006 547196 63989 808946 8200
1 156 156 14006 554594 65055 820222 8300
1 156 156 14006 562078 66119 831646 8400
1 156 156 14006 569580 67111 843060 8500
1 156 156 14006 576983 68091 854487 8600
1 158 158 14006 584537 69082 866187 8700
1 161 161 14006 592019 70138 877805 8800
1 162 162 14006 599556 71094 889441 8900
1 163 163 14006 607099 72118 901021 9000
1 164 164 14006 614719 73172 912746 9100
1 167 167 14006 622135 74293 924223 9200
1 168 168 14006 629608 75330 935628 9300
1 170 170 14006 637085 76373 946996 9400
1 172 172 14006 644489 77375 958649 9500
1 173 173 14006 651956 78354 970196 9600
1 175 175 14006 659502 79347 981771 9700
1 177 177 14006 666957 80296 993173 9800
1 178 178 14006 674349 81220 1004493 9900
1 180 180 23995 681809 82234 1015972 10000
1 183 183 25066 689185 83335 1028612 10100
1 185 185 27175 696679 84415 1042467 10200
1 186 186 28271 704039 85514 1055273 10300
1 188 188 28271 711419 86619 1066962 10400
1 190 190 28271 718849 87762 1078737 10500
1 191 191 28271 726334 88889 1090721 10600
1 194 194 28271 733781 89900 1102826 10700
1 195 195 28271 741491 90946 1115267 10800
1 198 198 28271 749003 92000 1127529 10900
1 200 200 28271 756618 93079 1139630 11000
1 202 202 28271 764093 94165 1151657 11100
1 203 203 28271 771647 95289 1163596 11200
1 206 206 28271 779110 96257 1175163 11300
1 207 207 28271 786672 97353 1187021 11400
1 208 208 28271 794058 98386 1198715 11500
1 209 209 28271 801544 99352 1210573 11600
1 211 211 28271 809052 100305 1222467 11700
1 211 211 28271 816701 101452 1234641 11800
1 211 211 28271 824187 102423 1246440 11900
1 214 214 28271 831738 103373 1258056 12000
1 216 216 28271 839191 104398 1269629 12100
1 217 217 28271 846652 105417 1280928 12200
1 219 219 28271 854036 106422 1292265 12300
1 219 219 28271 861401 107469 1303684 12400
1 220 220 28271 868773 108508 1315189 12500
1 220 220 28271 876235 109525 1326592 12600
1 221 221 28271 883808 110573 1338176 12700
1 222 222 28271 891197 111597 1349645 12800
1 222 222 28271 898800 112695 1361456 12900
1 223 223 28271 906283 113803 1373141 13000
1 225 225 28271 913850 114829 1385057 13100
1 225 225 28271 921430 115893 1397114 13200
1 225 225 28271 928875 116968 1409264 13300
1 225 225 28271 936479 118228 1421649 13400
1 226 226 28271 944163 119452 1434457 13500
1 227 227 28271 951859 120725 1447457 13600
1 227 227 28271 959554 122008 1460527 13700
1 228 228 28271 967303 123303 1473674 13800
1 229 229 28271 975002 124599 1486797 13900
1 233 233 28271 982685 125905 1499712 14000
1 235 235 28271 990446 127273 1512879 14100
1 237 237 28271 998109 128589 1525844 14200
1 239 239 28271 1005807 129992 1538822 14300
1 241 241 28271 1013438 131327 1551546 14400
1 242 242 28271 1021023 132612 1563861 14500
1 243 243 28271 1028547 133956 1576276 14600
1 243 243 28271 1036051 135218 1588658 14700
1 244 244 28271 1043484 136460 1600801 14800
1 244 244 28271 1051083 137751 1613095 14900
1 246 246 38271 1058597 138989 1625290 15000
1 246 246 39022 1066090 140252 1638130 15100
1 247 247 40616 1073663 141537 1651736 15200
1 248 248 41423 1081099 142751 1664508 15300
1 251 251 41423 1088591 143968 1676426 15400
1 252 252 41423 1096021 145203 1688322 15500
1 253 253 41423 1103668 146383 1700254 15600
1 254 254 41423 1111187 147629 1711885 15700
1 255 255 41423 1118497 148782 1723172 15800
1 255 255 41423 1125877 150008 1734531 15900
1 256 256 41423 1133185 151113 1745872 16000
1 257 257 41423 1140491 152281 1757273 16100
1 258 258 41423 1147931 153403 1768825 16200
1 260 260 41423 1155384 154511 1780492 16300
1 260 260 41423 1162827 155566 1792224 16400
1 262 262 41423 1170397 156622 1804144 16500
1 262 262 41423 1178054 157659 1816171 16600
1 264 264 41423 1185584 158680 1828056 16700
1 264 264 41423 1193242 159730 1839906 16800
1 265 265 41423 1200645 160726 1851289 16900
1 266 266 41423 1208225 161651 1862570 17000
1 267 267 41423 1215506 162593 1873556 17100
1 267 267 41423 1223083 163538 1884796 17200
1 268 268 41423 1230431 164375 1895633 17300
1 268 268 41423 1237772 165267 1906480 17400
1 268 268 41423 1245190 166108 1917372 17500
1 268 268 41423 1252528 167003 1928318 17600
1 268 268 41423 1259919 167850 1939021 17700
1 269 269 41423 1267313 168710 1949790 17800
1 269 269 41423 1274635 169454 1960352 17900
1 271 271 41423 1281941 170191 1970741 18000
1 271 271 41423 1289294 170961 1981283 18100
1 272 272 41423 1296577 171782 1991945 18200
1 273 273 41423 1303973 172605 2002801 18300
1 275 275 41423 1311406 173422 2013826 18400
1 276 276 41423 1318803 174290 2025168 18500
1 277 277 41423 1326339 175150 2036752 18600
1 277 277 41423 1333796 176067 2048491 18700
1 277 277 41423 1341462 177035 2060647 18800
1 278 278 41423 1348934 178062 2072610 18900
1 278 278 41423 1356494 179050 2084463 19000
1 278 278 41423 1364035 179991 2096040 19100
1 278 278 41423 1371413 181029 2107463 19200
1 280 280 41423 1378716 182011 2118494 19300
1 280 280 41423 1386085 182941 2129487 19400
1 280 280 41423 1393410 184020 2140589 19500
1 281 281 41423 1400733 185035 2151590 19600
1 282 282 41423 1407928 186116 2162547 19700
1 283 283 41423 1415195 187172 2173672 19800
1 283 283 41423 1422626 188162 2185035 19900
1 284 284 51423 1429984 189150 2196532 20000
1 285 285 52420 1437468 190197 2209239 20100
1 287 287 54519 1444913 191295 2223072 20200
1 287 287 55593 1452340 192352 2235978 20300
1 287 287 55593 1459879 193497 2248108 20400
2 289 289 55593 1467475 194664 2260432 20500
2 290 290 55593 1475237 195797 2272868 20600
2 291 291 55593 1482907 196993 2285219 20700
2 295 295 55593 1490553 198094 2297389 20800
2 295 295 55593 1498200 199146 2309377 20900
2 295 295 55593 1505794 200231 2321433 21000
2 297 297 55593 1513316 201257 2333312 21100
2 297 297 55593 1520908 202206 2345019 21200
2 298 298 55593 1528557 203202 2356749 21300
2 299 299 55593 1536031 204077 2368258 21400
2 301 301 55593 1543694 204897 2380072 21500
2 302 302 55593 1551293 205766 2391773 21600
2 303 303 55593 1558794 206651 2403492 21700
2 304 304 55593 1566479 207565 2415257 21800
2 304 304 55593 1574111 208440 2426881 21900
2 304 304 55593 1581626 209180 2438352 22000
2 304 304 55593 1589180 209973 2449804 22100
2 306 306 55593 1596801 210769 2461313 22200
2 306 306 55593 1604262 211546 2472428 22300
2 307 307 55593 1611771 212289 2483472 22400
2 307 307 55593 1619093 213039 2494238 22500
2 308 308 55593 1626330 213753 2504769 22600
2 308 308 55593 1633600 214494 2515279 22700
2 310 310 55593 1641016 215305 2525859 22800
2 311 311 55593 1648226 216135 2536252 22900
2 312 312 55593 1655470 216915 2546665 23000
2 312 312 55593 1662739 217738 2557324 23100
2 312 312 55593 1670022 218574 2567928 23200
2 313 313 55593 1677380 219403 2578778 23300
2 313 313 55593 1684696 220266 2589442 23400
2 313 313 55593 1692032 221101 2600050 23500
2 313 313 55593 1699316 221981 2610662 23600
2 313 313 55593 1706503 222889 2621293 23700
2 314 314 55593 1713826 223785 2632111 23800
2 315 315 55593 1721157 224731 2642804 23900
2 315 315 55593 1728337 225709 2653369 24000
2 315 315 55593 1735554 226696 2664080 24100
2 315 315 55593 1742768 227685 2674850 24200
2 315 315 55593 1750084 228689 2685733 24300
2 315 315 55593 1757357 229784 2696747 24400
2 315 315 55593 1764575 230776 2707719 24500
2 315 315 55593 1771937 231822 2719046 24600
2 317 317 55593 1779251 233006 2730480 24700
2 318 318 55593 1786535 234221 2742077 24800
2 318 318 55593 1793946 235403 2753963 24900
2 318 318 65593 1801489 236540 2765855 25000
2 318 318 66791 1808904 237740 2779084 25100
2 318 318 69239 1816436 239096 2793749 25200
2 320 320 70499 1824070 240368 2807381 25300
2 321 321 70499 1831649 241662 2820042 25400
2 322 322 70499 1839224 243023 2832798 25500
2 324 324 70499 1846966 244370 2845706 25600
2 325 325 70499 1854665 245676 2858504 25700
2 327 327 70499 1862238 246944 2871108 25800
2 327 327 70499 1869920 248292 2883902 25900
2 327 327 70499 1877559 249580 2896705 26000
2 327 327 70499 1885366 250844 2909707 26100
2 328 328 70499 1893149 252158 2922706 26200
2 328 328 70499 1900814 253429 2935388 26300
2 329 329 70499 1908592 254688 2948245 26400
2 330 330 70499 1916292 255906 2960914 26500
2 330 330 70499 1924042 257095 2973736 26600
2 331 331 70499 1931747 258248 2986427 26700
2 332 332 70499 1939540 259444 2999342 26800
2 334 334 70499 1947209 260589 3012151 26900
2 335 335 70499 1954919 261843 3025044 27000
2 337 337 70499 1962669 263005 3037953 27100
2 337 337 70499 1970317 264204 3050813 27200
2 339 339 70499 1978108 265374 3063573 27300
2 340 340 70499 1985705 266486 3076050 27400
2 340 340 70499 1993297 267553 3088199 27500
2 342 342 70499 2000920 268654 3100356 27600
2 345 345 70499 2008306 269724 3112213 27700
2 347 347 70499 2015872 270730 3124203 27800
2 348 348 70499 2023416 271736 3136158 27900
2 348 348 70499 2030955 272720 3148189 28000
2 349 349 70499 2038640 273697 3160452 28100
2 350 350 70499 2046289 274717 3172770 28200
2 352 352 70499 2053777 275668 3184512 28300
2 354 354 70499 2061294 276571 3196135 28400
2 356 356 70499 2068880 277446 3207741 28500
2 358 358 70499 2076459 278324 3219152 28600
2 358 358 70499 2083730 279234 3230247 28700
2 359 359 70499 2091128 280129 3241388 28800
2 359 359 70499 2098528 281026 3252625 28900
2 360 360 70499 2105942 281900 3263628 29000
2 360 360 70499 2113331 282828 3274742 29100
2 361 361 70499 2120766 283738 3285872 29200
2 362 362 70499 2128083 284607 3296846 29300
2 362 362 70499 2135414 285482 3307964 29400
2 364 364 70499 2142847 286442 3319340 29500
2 365 365 70499 2150290 287407 3330779 29600
2 365 365 70499 2157751 288378 3342267 29700
2 366 366 70499 2165233 289374 3353720 29800
2 366 366 70499 2172554 290350 3364843 29900
2 367 367 80499 2179856 291375 3375954 30000
2 368 368 81561 2187052 292465 3388062 30100
2 368 368 83599 2194399 293450 3401136 30200
2 368 368 84659 2201623 294443 3413036 30300
2 368 368 84659 2209045 295472 3423981 30400
2 368 368 84659 2216186 296452 3434399 30500
2 368 368 84659 2223421 297355 3444840 30600
2 368 368 84659 2230663 298259 3455194 30700
2 368 368 84659 2237952 299147 3465558 30800
2 368 368 84659 2245098 300058 3475910 30900
2 369 369 84659 2252334 300943 3486351 31000
2 370 370 84659 2259631 301793 3496794 31100
2 370 370 84659 2266993 302621 3507257 31200
2 372 372 84659 2274142 303484 3517760 31300
2 372 372 84659 2281467 304272 3528504 31400
2 373 373 84659 2288802 305096 3539169 31500
2 373 373 84659 2296296 305947 3550034 31600
2 373 373 84659 2303688 306769 3560848 31700
2 373 373 84659 2310898 307589 3571333 31800
2 374 374 84659 2318215 308402 3581958 31900
2 376 376 84659 2325504 309257 3592573 32000
3 377 377 84659 2332749 310162 3603151 32100
3 378 378 84659 2340092 311012 3613646 32200
3 380 380 84659 2347324 311910 3624226 32300
3 381 381 84659 2354451 312780 3634694 32400
3 383 383 84659 2361699 313706 3645510 32500
3 385 385 84659 2369102 314605 3656583 32600
3 385 385 84659 2376432 315550 3667718 32700
3 386 386 84659 2383747 316566 3678788 32800
3 387 387 84659 2391160 317584 3690016 32900
3 387 387 84659 2398471 318589 3700965 33000
3 387 387 84659 2405816 319536 3711729 33100
3 388 388 84659 2413012 320469 3722360 33200
3 390 390 84659 2420176 321387 3733019 33300
3 390 390 84659 2427509 322339 3744068 33400
3 391 391 84659 2434759 323233 3754986 33500
3 392 392 84659 2442040 324182 3766082 33600
3 392 392 84659 2449398 325106 3777172 33700
3 394 394 84659 2456714 325994 3788105 33800
3 394 394 84659 2464001 326898 3798957 33900
3 397 397 84659 2471188 327894 3809525 34000
3 397 397 84659 2478435 328864 3820128 34100
3 398 398 84659 2485702 329813 3830771 34200
3 399 399 84659 2492911 330672 3841378 34300
3 400 400 84659 2500101 331613 3852196 34400
3 400 400 84659 2507527 332505 3863272 34500
3 402 402 84659 2514966 333405 3874355 34600
3 402 402 84659 2522276 334313 3885360 34700
3 402 402 84659 2529632 335333 3896500 34800
3 403 403 84659 2536984 336347 3907781 34900
3 404 404 94659 2544407 337393 3919281 35000
3 404 404 95897 2551878 338487 3932129 35100
3 404 404 98425 2559425 339512 3946327 35200
3 404 404 99775 2566857 340561 3959143 35300
3 404 404 99775 2574257 341575 3970289 35400
3 404 404 99775 2581548 342599 3981285 35500
3 404 404 99775 2588735 343659 3992222 35600
4 405 405 99775 2596038 344679 4003439 35700
4 406 406 99775 2603403 345744 4014819 35800
4 406 406 99775 2610840 346786 4026519 35900
4 407 407 99775 2618251 347825 4038175 36000
4 408 408 99775 2625653 348859 4049801 36100
4 408 408 99775 2633199 349932 4061502 36200
4 408 408 99775 2640520 350994 4073058 36300
4 410 410 99775 2647871 352165 4084594 36400
4 410 410 99775 2655330 353265 4096099 36500
4 413 413 99775 2662577 354347 4107544 36600
4 413 413 99775 2670091 355404 4119051 36700
4 413 413 99775 2677510 356441 4130634 36800
4 414 414 99775 2684937 357560 4142268 36900
4 415 415 99775 2692468 358694 4154052 37000
4 415 415 99775 2699837 359667 4165455 37100
4 415 415 99775 2707231 360674 4176767 37200
4 417 417 99775 2714580 361682 4188137 37300
4 418 418 99775 2721843 362769 4199383 37400
4 418 418 99775 2729222 363795 4210870 37500
4 419 419 99775 2736678 364816 4222415 37600
4 419 419 99775 2744211 365882 4233997 37700
4 420 420 99775 2751684 366967 4245447 37800
4 421 421 99775 2758918 368046 4256610 37900
4 421 421 99775 2766294 369123 4267838 38000
4 421 421 99775 2773595 370190 4278814 38100
4 421 421 99775 2780885 371224 4289808 38200
4 421 421 99775 2788149 372295 4300710 38300
4 421 421 99775 2795590 373287 4311943 38400
4 421 421 99775 2802891 374277 4322873 38500
4 421 421 99775 2810157 375208 4333856 38600
4 422 422 99775 2817704 376186 4345156 38700
4 423 423 99775 2825059 377185 4356329 38800
4 424 424 99775 2832430 378135 4367358 38900
4 424 424 99775 2839743 379043 4378301 39000
4 427 427 99775 2847272 379949 4389515 39100
4 428 428 99775 2854655 380848 4400702 39200
4 431 431 99775 2862067 381826 4411808 39300
4 431 431 99775 2869510 382766 4422957 39400
4 432 432 99775 2876960 383684 4434144 39500
4 432 432 99775 2884386 384539 4445449 39600
4 433 433 99775 2891816 385440 4456823 39700
5 435 435 99775 2899193 386294 4468114 39800
5 436 436 99775 2906767 387222 4479646 39900
5 436 436 109775 2914204 388114 4490854 40000
5 436 436 110840 2921547 389079 4502953 40100
5 436 436 112958 2928979 389992 4516171 40200
5 436 436 114093 2936260 390969 4528269 40300
5 437 437 114093 2943615 391843 4539170 40400
5 437 437 114093 2950902 392722 4549822 40500
5 437 437 114093 2958149 393636 4560340 40600
5 437 437 114093 2965479 394548 4570960 40700
5 439 439 114093 2972549 395497 4581433 40800
5 440 440 114093 2979800 396477 4592072 40900
5 440 440 114093 2987157 397418 4602950 41000
5 441 441 114093 2994379 398451 4613721 41100
5 442 442 114093 3001662 399435 4624629 41200
5 442 442 114093 3008949 400379 4635576 41300
5 442 442 114093 3016186 401285 4646533 41400
5 442 442 114093 3023626 402236 4657896 41500
5 443 443 114093 3031026 403213 4669402 41600
5 443 443 114093 3038411 404118 4680628 41700
5 444 444 114093 3045816 405085 4691840 41800
5 446 446 114093 3053125 405970 4702815 41900
5 446 446 114093 3060417 406916 4713901 42000
5 447 447 114093 3067818 407836 4725007 42100
5 448 448 114093 3075217 408745 4736032 42200
5 448 448 114093 3082593 409630 4747066 42300
5 449 449 114093 3090029 410492 4757938 42400
5 449 449 114093 3097321 411353 4768603 42500
5 449 449 114093 3104568 412184 4779021 42600
5 449 449 114093 3111756 413034 4789239 42700
5 450 450 114093 3118970 413845 4799483 42800
5 451 451 114093 3126093 414687 4809794 42900
5 451 451 114093 3133359 415456 4820113 43000
5 452 452 114093 3140542 416323 4830458 43100
5 452 452 114093 3147831 417134 4840952 43200
5 452 452 114093 3155044 418003 4851569 43300
6 453 453 114093 3162288 418883 4862107 43400
6 454 454 114093 3169520 419767 4872762 43500
6 456 456 114093 3176794 420696 4883540 43600
6 457 457 114093 3184065 421543 4894410 43700
6 458 458 114093 3191346 422408 4905277 43800
6 459 459 114093 3198563 423351 4915938 43900
6 462 462 114093 3205922 424278 4926826 44000
6 462 462 114093 3213142 425323 4937620 44100
6 463 463 114093 3220462 426353 4948472 44200
6 464 464 114093 3227691 427399 4959276 44300
6 465 465 114093 3234991 428473 4970258 44400
6 465 465 114093 3242266 429505 4981338 44500
6 465 465 114093 3249591 430508 4992495 44600
6 467 467 114093 3256816 431549 5003434 44700
6 467 467 114093 3264294 432651 5014610 44800
6 467 467 114093 3271618 433767 5025694 44900
6 467 467 124093 3278938 434910 5036777 45000
6 469 469 125389 3286298 435982 5049392 45100
6 470 470 128026 3293768 437085 5063472 45200
6 471 471 129345 3301223 438238 5076194 45300
6 471 471 129345 3308542 439407 5087306 45400
6 475 475 129345 3315876 440543 5098427 45500
6 477 477 129345 3323291 441686 5109871 45600
6 479 479 129345 3330666 442862 5121239 45700
6 481 481 129345 3338079 443961 5132773 45800
6 481 481 129345 3345555 445151 5144638 45900
6 481 481 129345 3353102 446299 5156529 46000
6 481 481 129345 3360606 447516 5168313 46100
6 484 484 129345 3368077 448727 5179989 46200
6 484 484 129345 3375400 450014 5191529 46300
6 485 485 129345 3382779 451254 5202909 46400
6 486 486 129345 3390150 452514 5214428 46500
6 487 487 129345 3397730 453793 5226322 46600
6 487 487 129345 3405257 455088 5238125 46700
6 487 487 129345 3412740 456417 5249831 46800
6 487 487 129345 3420221 457669 5261656 46900
6 488 488 129345 3427702 458954 5273536 47000
6 489 489 129345 3435328 460213 5285455 47100
6 490 490 129345 3442760 461422 5297026 47200
6 490 490 129345 3450231 462636 5308648 47300
6 490 490 129345 3457612 463830 5320106 47400
6 492 492 129345 3465049 464978 5331547 47500
6 493 493 129345 3472258 466123 5342762 47600
6 494 494 129345 3479705 467254 5354032 47700
6 496 496 129345 3487067 468427 5365293 47800
6 497 497 129345 3494452 469595 5376603 47900
6 497 497 129345 3501811 470716 5387942 48000
6 497 497 129345 3509322 471891 5399471 48100
6 498 498 129345 3516665 473021 5410787 48200
6 500 500 129345 3524109 474120 5422157 48300
7 503 503 129345 3531512 475222 5433562 48400
7 503 503 129345 3538843 476265 5444690 48500
8 505 505 129345 3546250 477286 5456050 48600
8 506 506 129345 3553601 478365 5467565 48700
8 507 507 129345 3560962 479470 5479052 48800
8 507 507 129345 3568379 480639 5490583 48900
8 507 507 129345 3575798 481872 5502253 49000
8 507 507 129345 3583253 483030 5514093 49100
8 507 507 129345 3590800 484146 5526157 49200
8 507 507 129345 3598234 485327 5538370 49300
8 508 508 129345 3605847 486530 5550857 49400
8 510 510 129345 3613314 487775 5563200 49500
8 511 511 129345 3620720 489012 5575435 49600
8 511 511 129345 3628352 490203 5587651 49700
8 511 511 129345 3635779 491468 5599703 49800
8 512 512 129345 3643323 492796 5611702 49900
8 512 512 139345 3650720 494173 5623707 50000
8 512 512 140247 3658199 495515 5636722 50100
8 514 514 142148 3665729 496760 5650663 50200
8 515 515 143173 3673133 498001 5663692 50300
8 517 517 143173 3680604 499283 5675708 50400
8 517 517 143173 3688046 500524 5687945 50500
8 518 518 143173 3695437 501823 5700124 50600
8 518 518 143173 3702822 503131 5712206 50700
8 518 518 143173 3710324 504456 5724378 50800
9 519 519 143173 3717651 505761 5736517 50900
9 519 519 143173 3724993 507090 5748569 51000
9 519 519 143173 3732622 508310 5760769 51100
9 519 519 143173 3740064 509606 5772705 51200
9 520 520 143173 3747535 510824 5784344 51300
9 521 521 143173 3754861 512073 5795625 51400
9 521 521 143173 3762154 513299 5806662 51500
9 521 521 143173 3769362 514389 5817565 51600
9 521 521 143173 3776617 515487 5828488 51700
9 521 521 143173 3783774 516587 5839130 51800
9 521 521 143173 3791047 517672 5849873 51900
9 521 521 143173 3798313 518711 5860548 52000
10 523 523 143173 3805570 519759 5871371 52100
10 523 523 143173 3812818 520756 5881879 52200
10 524 524 143173 3820074 521822 5892700 52300
10 526 526 143173 3827418 522815 5903433 52400
10 527 527 143173 3834696 523820 5914343 52500
10 527 527 143173 3842128 524919 5925680 52600
10 527 527 143173 3849509 526015 5937131 52700
10 527 527 143173 3857022 527163 5948753 52800
10 527 527 143173 3864334 528258 5960195 52900
10 528 528 143173 3871691 529389 5971662 53000
10 529 529 143173 3879085 530490 5983137 53100
10 529 529 143173 3886515 531534 5994574 53200
10 529 529 143173 3893865 532640 6006155 53300
10 531 531 143173 3901294 533696 6017847 53400
10 532 532 143173 3908688 534829 6029469 53500
10 532 532 143173 3916068 535981 6041323 53600
10 534 534 143173 3923499 537126 6053439 53700
10 536 536 143173 3931046 538257 6065742 53800
10 537 537 143173 3938518 539339 6077903 53900
10 537 537 143173 3945983 540446 6090002 54000
10 537 537 143173 3953586 541414 6101776 54100
10 538 538 143173 3960949 542404 6113232 54200
10 538 538 143173 3968411 543263 6124629 54300
10 539 539 143173 3975773 544167 6135767 54400
10 541 541 143173 3983070 545083 6146890 54500
10 543 543 143173 3990441 545951 6158149 54600
10 544 544 143173 3997849 546857 6169392 54700
10 545 545 143173 4005112 547739 6180355 54800
10 547 547 143173 4012661 548609 6191745 54900
10 548 548 153173 4019938 549535 6202864 55000
10 548 548 154281 4027511 550487 6215300 55100
10 548 548 156589 4034831 551390 6228662 55200
10 548 548 157833 4042179 552330 6241054 55300
10 548 548 157833 4049480 553189 6251864 55400
10 548 548 157833 4056672 554000 6262543 55500
10 549 549 157833 4064176 554847 6273450 55600
10 551 551 157833 4071390 555782 6284232 55700
10 551 551 157833 4078723 556769 6295273 55800
10 552 552 157833 4086145 557633 6306503 55900
10 553 553 157833 4093538 558521 6317700 56000
10 554 554 157833 4101018 559449 6328887 56100
10 554 554 157833 4108257 560310 6339733 56200
10 554 554 157833 4115726 561258 6350806 56300
10 554 554 157833 4122982 562140 6361553 56400
10 554 554 157833 4130282 563046 6372237 56500
10 554 554 157833 4137510 563926 6382928 56600
10 554 554 157833 4144819 564902 6393963 56700
10 555 555 157833 4152117 565902 6405061 56800
10 557 557 157833 4159467 566929 6416222 56900
10 557 557 157833 4166839 567936 6427495 57000
10 557 557 157833 4174323 569007 6438754 57100
10 557 557 157833 4181790 570057 6449865 57200
10 557 557 157833 4189135 571139 6461075 57300
10 558 558 157833 4196562 572200 6472348 57400
10 559 559 157833 4204045 573348 6483977 57500
10 559 559 157833 4211549 574485 6495479 57600
10 559 559 157833 4218914 575655 6506887 57700
10 561 561 157833 4226429 576816 6518572 57800
10 562 562 157833 4233826 577882 6529948 57900
10 562 562 157833 4241189 579071 6541048 58000
10 562 562 157833 4248513 580271 6552334 58100
10 562 562 157833 4255963 581452 6563559 58200
10 563 563 157833 4263225 582628 6574570 58300
10 564 564 157833 4270693 583710 6585644 58400
10 565 565 157833 4278025 584848 6596622 58500
10 566 566 157833 4285316 585859 6607436 58600
10 567 567 157833 4292679 586885 6618279 58700
10 568 568 157833 4300046 588007 6629303 58800
10 568 568 157833 4307476 589087 6640436 58900
10 568 568 157833 4314918 590067 6651648 59000
10 569 569 157833 4322267 590947 6662645 59100
11 570 570 157833 4329768 591846 6673684 59200
11 571 571 157833 4337054 592801 6684541 59300
11 572 572 157833 4344493 593738 6695577 59400
12 572 572 157833 4351745 594683 6706373 59500
12 573 573 157833 4359031 595534 6717027 59600
12 573 573 157833 4366394 596417 6727813 59700
12 573 573 157833 4373788 597363 6738614 59800
12 573 573 157833 4381099 598343 6749396 59900
12 574 574 167832 4388338 599287 6759948 60000
12 574 574 169169 4395755 600199 6772031 60100
12 574 574 171905 4402946 601082 6785290 60200
12 574 574 173290 4410228 601951 6797265 60300
12 576 576 173290 4417443 602765 6807707 60400
12 576 576 173290 4424702 603681 6818179 60500
12 577 577 173290 4431961 604666 6828881 60600
12 577 577 173290 4439199 605594 6839538 60700
12 579 579 173290 4446512 606490 6850437 60800
12 579 579 173290 4453845 607459 6861397 60900
12 579 579 173290 4461213 608482 6872773 61000
12 580 580 173290 4468548 609593 6883969 61100
12 581 581 173290 4475960 610661 6895245 61200
12 582 582 173290 4483263 611718 6906322 61300
12 582 582 173290 4490627 612773 6917465 61400
12 582 582 173290 4497970 613798 6928368 61500
12 582 582 173290 4505241 614720 6939145 61600
12 583 583 173290 4512656 615786 6950317 61700
12 586 586 173290 4519846 616773 6961278 61800
12 587 587 173290 4527199 617844 6972561 61900
12 587 587 173290 4534564 618937 6983947 62000
12 587 587 173290 4541876 620052 6995194 62100
12 587 587 173290 4549263 621186 7006760 62200
12 587 587 173290 4556570 622280 7018014 62300
12 587 587 173290 4564032 623346 7029487 62400
12 587 587 173290 4571267 624361 7040674 62500
12 587 587 173290 4578630 625437 7051875 62600
12 588 588 173290 4585969 626395 7062909 62700
12 589 589 173290 4593424 627438 7074116 62800
12 589 589 173290 4600701 628421 7085002 62900
12 591 591 173290 4607970 629358 7095629 63000
12 591 591 173290 4615296 630267 7106572 63100
12 591 591 173290 4622578 631172 7117619 63200
12 593 593 173290 4630034 632108 7128814 63300
12 594 594 173290 4637476 632978 7139842 63400
12 594 594 173290 4644849 633780 7150741 63500
12 595 595 173290 4652288 634585 7161587 63600
12 597 597 173290 4659484 635395 7172132 63700
12 597 597 173290 4666776 636242 7182841 63800
12 600 600 173290 4674017 637016 7193474 63900
12 600 600 173290 4681405 637810 7204421 64000
12 601 601 173290 4688675 638657 7215344 64100
12 602 602 173290 4696147 639462 7226477 64200
12 603 603 173290 4703557 640281 7237599 64300
12 605 605 173290 4711008 641069 7248712 64400
12 605 605 173290 4718450 641848 7259620 64500
12 606 606 173290 4725701 642687 7270463 64600
12 606 606 173290 4732990 643541 7281176 64700
12 606 606 173290 4740319 644346 7291900 64800
12 606 606 173290 4747721 645163 7302829 64900
12 606 606 183290 4755044 646031 7313832 65000
12 609 609 184533 4762423 646900 7326030 65100
12 609 609 187039 4769752 647718 7339589 65200
12 609 609 188314 4777175 648664 7352119 65300
12 610 610 188314 4784590 649609 7363554 65400
12 611 611 188314 4792112 650526 7375090 65500
12 612 612 188314 4799598 651505 7386681 65600
12 614 614 188314 4807214 652385 7398318 65700
12 616 616 188314 4814721 653340 7410032 65800
12 616 616 188314 4822250 654256 7421807 65900
12 616 616 188314 4829742 655205 7433672 66000
12 617 617 188314 4837419 656219 7445682 66100
12 617 617 188314 4844947 657143 7457322 66200
12 617 617 188314 4852576 658025 7468828 66300
12 617 617 188314 4859947 658859 7480019 66400
12 618 618 188314 4867336 659728 7491157 66500
12 618 618 188314 4874730 660610 7502394 66600
12 618 618 188314 4882123 661504 7513414 66700
12 618 618 188314 4889486 662452 7524478 66800
12 618 618 188314 4896924 663274 7535309 66900
12 618 618 188314 4904206 664125 7546074 67000
12 618 618 188314 4911574 665032 7556779 67100
12 619 619 188314 4918788 665889 7567213 67200
12 619 619 188314 4925938 666721 7577622 67300
12 619 619 188314 4933221 667533 7588205 67400
12 620 620 188314 4940595 668462 7598991 67500
12 620 620 188314 4947758 669349 7609389 67600
12 621 621 188314 4955097 670240 7619894 67700
12 621 621 188314 4962319 671103 7630350 67800
12 621 621 188314 4969701 672061 7641072 67900
12 621 621 188314 4976931 673038 7651515 68000
12 621 621 188314 4984250 674029 7662207 68100
12 621 621 188314 4991503 674947 7672930 68200
12 621 621 188314 4998889 675903 7684037 68300
12 621 621 188314 5006267 676865 7695286 68400
12 622 622 188314 5013711 677846 7706566 68500
12 622 622 188314 5021220 678736 7718147 68600
12 622 622 188314 5028611 679658 7729512 68700
12 622 622 188314 5036071 680585 7741146 68800
12 622 622 188314 5043556 681573 7752748 68900
12 623 623 188314 5051101 682513 7764290 69000
12 623 623 188314 5058544 683495 7775973 69100
12 623 623 188314 5066019 684408 7787300 69200
12 624 624 188314 5073452 685361 7798666 69300
12 624 624 188314 5080866 686345 7809832 69400
12 624 624 188314 5088291 687284 7821104 69500
12 624 624 188314 5095688 688169 7832233 69600
12 624 624 188314 5103052 689133 7843422 69700
12 624 624 188314 5110422 690011 7854256 69800
12 624 624 188314 5117672 690960 7865081 69900
12 624 624 198314 5125052 691846 7875957 70000
12 626 626 199588 5132373 692707 7888124 70100
12 626 626 202214 5139819 693538 7901775 70200
12 626 626 203548 5147158 694386 7913902 70300
12 628 628 203548 5154566 695185 7924902 70400
12 628 628 203548 5162008 696025 7935993 70500
12 629 629 203548 5169456 696858 7947225 70600
12 630 630 203548 5176915 697675 7958449 70700
12 630 630 203548 5184486 698492 7969996 70800
12 630 630 203548 5191959 699299 7981375 70900
12 630 630 203548 5199383 700142 7992470 71000
12 630 630 203548 5206912 700949 8003443 71100
12 631 631 203548 5214141 701685 8014091 71200
12 631 631 203548 5221521 702514 8024847 71300
12 633 633 203548 5228872 703318 8035589 71400
12 634 634 203548 5236036 704181 8045901 71500
12 635 635 203548 5243317 705025 8056483 71600
12 636 636 203548 5250591 705862 8067029 71700
12 637 637 203548 5257969 706649 8077582 71800
12 638 638 203548 5265294 707509 8088030 71900
12 638 638 203548 5272600 708362 8098413 72000
12 638 638 203548 5279705 709219 8108631 72100
12 638 638 203548 5286899 710059 8119046 72200
12 639 639 203548 5294153 710916 8129650 72300
12 639 639 203548 5301557 711792 8140541 72400
12 640 640 203548 5308958 712680 8151583 72500
12 640 640 203548 5316369 713638 8162737 72600
12 640 640 203548 5323713 714652 8173821 72700
12 641 641 203548 5330978 715623 8184828 72800
12 641 641 203548 5338403 716648 8195932 72900
12 641 641 203548 5345862 717651 8207083 73000
12 642 642 203548 5353206 718584 8217947 73100
12 644 644 203548 5360553 719519 8228781 73200
12 644 644 203548 5367948 720479 8239637 73300
12 645 645 203548 5375292 721415 8250465 73400
12 647 647 203548 5382616 722420 8261190 73500
12 648 648 203548 5389847 723343 8271854 73600
12 648 648 203548 5397047 724273 8282594 73700
12 649 649 203548 5404472 725239 8293838 73800
12 650 650 203548 5412001 726270 8305358 73900
12 650 650 203548 5419542 727282 8316898 74000
12 651 651 203548 5427118 728342 8328704 74100
12 653 653 203548 5434592 729387 8340321 74200
12 654 654 203548 5442107 730440 8351940 74300
12 656 656 203548 5449471 731538 8363469 74400
12 657 657 203548 5456876 732573 8374991 74500
12 657 657 203548 5464234 733639 8386423 74600
12 657 657 203548 5471704 734830 8398280 74700
12 658 658 203548 5479108 735903 8410016 74800
12 659 659 203548 5486517 737056 8421764 74900
12 659 659 213548 5494085 738236 8433852 75000
12 659 659 214738 5501375 739395 8446705 75100
12 661 661 217155 5508774 740510 8460714 75200
12 661 661 218360 5516222 741715 8473677 75300
12 661 661 218360 5523547 742892 8485062 75400
12 664 664 218360 5530859 744206 8496580 75500
12 664 664 218360 5538157 745428 8507993 75600
12 665 665 218360 5545514 746624 8519385 75700
12 666 666 218360 5552965 747767 8531027 75800
12 666 666 218360 5560432 748887 8542855 75900
12 667 667 218360 5567794 750064 8554663 76000
12 668 668 218360 5575328 751209 8566598 76100
12 668 668 218360 5582810 752344 8578470 76200
12 668 668 218360 5590322 753341 8590071 76300
12 668 668 218360 5597792 754361 8601559 76400
12 668 668 218360 5605130 755311 8612874 76500
12 670 670 218360 5612636 756225 8624318 76600
12 670 670 218360 5620124 757085 8635625 76700
12 670 670 218360 5627510 757959 8646685 76800
12 670 670 218360 5634907 758839 8657551 76900
12 670 670 218360 5642166 759680 8668280 77000
12 671 671 218360 5649398 760576 8679025 77100
12 672 672 218360 5656800 761533 8689876 77200
12 672 672 218360 5664111 762542 8700738 77300
12 672 672 218360 5671468 763517 8711567 77400
12 672 672 218360 5678817 764441 8722427 77500
12 673 673 218360 5686217 765375 8733346 77600
12 673 673 218360 5693524 766252 8744211 77700
12 675 675 218360 5700947 767172 8755204 77800
12 676 676 218360 5708282 768076 8766097 77900
12 676 676 218360 5715572 768960 8776819 78000
12 678 678 218360 5722960 769800 8787579 78100
12 678 678 218360 5730222 770664 8798260 78200
12 678 678 218360 5737523 771469 8808801 78300
12 679 679 218360 5744879 772340 8819495 78400
12 679 679 218360 5752091 773164 8830038 78500
12 680 680 218360 5759441 774055 8840761 78600
12 681 681 218360 5766662 774902 8851451 78700
13 681 681 218360 5773925 775794 8862267 78800
13 682 682 218360 5781252 776775 8873317 78900
13 684 684 218360 5788648 777748 8884464 79000
13 684 684 218360 5796066 778696 8895612 79100
13 685 685 218360 5803355 779673 8906692 79200
13 685 685 218360 5810768 780693 8918025 79300
13 685 685 218360 5818003 781599 8929149 79400
13 686 686 218360 5825510 782545 8940383 79500
13 686 686 218360 5832925 783551 8951826 79600
13 686 686 218360 5840343 784476 8963130 79700
13 686 686 218360 5847751 785385 8974436 79800
13 686 686 218360 5855228 786321 8985708 79900
13 686 686 228360 5862744 787313 8997172 80000
13 686 686 229573 5870160 788156 9009687 80100
13 686 686 232102 5877692 789011 9023845 80200
13 687 687 233418 5885077 789984 9036747 80300
14 688 688 233418 5892635 790907 9048468 80400
14 689 689 233418 5900153 791846 9060123 80500
14 689 689 233418 5907495 792796 9071633 80600
14 690 690 233418 5914969 793708 9083089 80700
14 691 691 233418 5922402 794638 9094267 80800
14 691 691 233418 5929986 795519 9105415 80900
14 691 691 233418 5937254 796452 9116235 81000
14 692 692 233418 5944508 797402 9126875 81100
14 693 693 233418 5951655 798363 9137449 81200
14 693 693 233418 5958924 799321 9148198 81300
14 694 694 233418 5966192 800271 9158966 81400
14 694 694 233418 5973433 801257 9169695 81500
14 694 694 233418 5980807 802207 9180505 81600
14 694 694 233418 5988157 803140 9191155 81700
14 694 694 233418 5995388 804135 9201861 81800
14 694 694 233418 6002796 805147 9212699 81900
14 694 694 233418 6010087 806148 9223460 82000
14 695 695 233418 6017477 807123 9234364 82100
14 696 696 233418 6024884 808114 9245312 82200
14 696 696 233418 6032220 809125 9256257 82300
14 696 696 233418 6039477 810079 9267054 82400
14 697 697 233418 6046888 811137 9278181 82500
14 698 698 233418 6054288 812172 9289367 82600
14 699 699 233418 6061704 813173 9300517 82700
14 699 699 233418 6069080 814222 9311525 82800
14 699 699 233418 6076577 815245 9322920 82900
14 699 699 233418 6083913 816282 9334145 83000
14 699 699 233418 6091398 817343 9345722 83100
14 699 699 233418 6098868 818448 9357470 83200
14 700 700 233418 6106389 819569 9369306 83300
14 700 700 233418 6113803 820642 9381211 83400
14 701 701 233418 6121342 821700 9393244 83500
14 701 701 233418 6129029 822766 9405308 83600
14 701 701 233418 6136519 823855 9417238 83700
14 701 701 233418 6144188 824993 9429408 83800
14 701 701 233418 6151651 826100 9441186 83900
14 701 701 233418 6159191 827197 9453230 84000
14 701 701 233418 6166688 828213 9465321 84100
14 702 702 233418 6174315 829244 9477410 84200
14 703 703 233418 6181865 830309 9489445 84300
14 704 704 233418 6189492 831363 9501473 84400
14 705 705 233418 6196996 832394 9513471 84500
14 706 706 233418 6204485 833395 9525425 84600
14 706 706 233418 6211993 834476 9537621 84700
14 707 707 233418 6219636 835593 9549699 84800
14 707 707 233418 6227223 836683 9561855 84900
14 707 707 243418 6234897 837801 9574128 85000
14 708 708 244401 6242441 838881 9587145 85100
14 708 708 246381 6250025 839914 9601132 85200
14 708 708 247454 6257622 840899 9614045 85300
14 709 709 247454 6265007 841775 9625446 85400
14 710 710 247454 6272412 842665 9636749 85500
14 710 710 247454 6279853 843637 9648070 85600
14 710 710 247454 6287247 844697 9659324 85700
14 711 711 247454 6294659 845704 9670620 85800
14 712 712 247454 6301925 846661 9681706 85900
14 712 712 247454 6309345 847636 9692964 86000
14 713 713 247454 6316676 848638 9704136 86100
14 713 713 247454 6324140 849592 9715426 86200
14 714 714 247454 6331547 850607 9726684 86300
14 714 714 247454 6338821 851685 9737906 86400
14 716 716 247454 6346135 852718 9749052 86500
14 716 716 247454 6353494 853793 9760408 86600
14 716 716 247454 6360813 854905 9771789 86700
14 717 717 247454 6368149 855987 9783053 86800
14 717 717 247454 6375566 857029 9794292 86900
14 717 717 247454 6382880 858036 9805284 87000
14 717 717 247454 6390256 859138 9816219 87100
14 717 717 247454 6397513 860149 9827217 87200
14 718 718 247454 6404762 861235 9838413 87300
14 718 718 247454 6412210 862345 9850007 87400
14 718 718 247454 6419593 863453 9861606 87500
14 719 719 247454 6426878 864443 9872946 87600
14 720 720 247454 6434290 865490 9884541 87700
14 720 720 247454 6441651 866526 9895880 87800
14 720 720 247454 6448978 867718 9907391 87900
14 721 721 247454 6456337 868810 9918756 88000
14 721 721 247454 6463673 869906 9930250 88100
14 721 721 247454 6471068 870986 9941685 88200
14 721 721 247454 6478443 872131 9953085 88300
14 721 721 247454 6485866 873264 9964634 88400
14 721 721 247454 6493258 874413 9976189 88500
14 722 722 247454 6500781 875572 9988113 88600
14 722 722 247454 6508134 876741 9999915 88700
14 723 723 247454 6515716 877852 10011963 88800
14 724 724 247454 6523171 878981 10024093 88900
14 724 724 247454 6530795 880160 10036357 89000
14 725 725 247454 6538254 881342 10048399 89100
14 725 725 247454 6545738 882527 10060374 89200
14 726 726 247454 6553154 883631 10072100 89300
14 726 726 247454 6560607 884728 10083908 89400
14 726 726 247454 6568129 885799 10095672 89500
14 726 726 247454 6575507 886847 10107220 89600
14 726 726 247454 6582889 887989 10118729 89700
14 728 728 247454 6590360 889009 10130357 89800
14 728 728 247454 6597674 890051 10141877 89900
14 728 728 257454 6605184 891144 10153731 90000
14 729 729 258412 6612750 892180 10166631 90100
14 729 729 260393 6620257 893223 10180283 90200
14 729 729 261422 6627826 894204 10192848 90300
14 729 729 261422 6635297 895210 10204115 90400
14 729 729 261422 6642613 896234 10215214 90500
14 730 730 261422 6649852 897184 10226007 90600
14 730 730 261422 6657302 898122 10236848 90700
14 730 730 261422 6664635 899115 10247545 90800
14 730 730 261422 6671992 900073 10258309 90900
14 730 730 261422 6679220 901071 10269263 91000
14 731 731 261422 6686627 902048 10280363 91100
15 731 731 261422 6694040 903053 10291756 91200
16 732 732 261422 6701393 904129 10303177 91300
16 734 734 261422 6709000 905183 10314637 91400
16 734 734 261422 6716373 906194 10325859 91500
16 735 735 261422 6723751 907214 10336969 91600
16 735 735 261422 6731184 908267 10348348 91700
16 735 735 261422 6738514 909272 10359794 91800
16 736 736 261422 6746167 910360 10371623 91900
16 736 736 261422 6753671 911453 10383305 92000
16 736 736 261422 6761232 912487 10395421 92100
16 737 737 261422 6768781 913488 10407236 92200
16 737 737 261422 6776406 914564 10419194 92300
16 738 738 261422 6783832 915590 10430637 92400
16 738 738 261422 6791439 916607 10442173 92500
16 738 738 261422 6798864 917609 10453501 92600
16 738 738 261422 6806304 918558 10464587 92700
16 738 738 261422 6813640 919554 10475551 92800
16 738 738 261422 6820886 920456 10486351 92900
16 738 738 261422 6828263 921425 10497436 93000
16 738 738 261422 6835653 922281 10508500 93100
16 738 738 261422 6843117 923125 10519734 93200
16 738 738 261422 6850457 924077 10530917 93300
16 738 738 261422 6857845 924996 10542224 93400
17 739 739 261422 6865222 925927 10553819 93500
17 740 740 261422 6872712 926841 10565378 93600
17 741 741 261422 6880185 927752 10577207 93700
17 741 741 261422 6887686 928711 10588929 93800
17 742 742 261422 6895281 929517 10600684 93900
17 742 742 261422 6902842 930353 10612216 94000
17 743 743 261422 6910429 931215 10623653 94100
17 744 744 261422 6917667 932046 10634863 94200
17 746 746 261422 6925104 932938 10646282 94300
17 747 747 261422 6932644 933878 10657676 94400
17 747 747 261422 6940174 934775 10669005 94500
17 747 747 261422 6947642 935656 10680078 94600
17 749 749 261422 6955192 936596 10691374 94700
17 749 749 261422 6962571 937527 10702321 94800
17 749 749 261422 6970014 938454 10713122 94900
17 749 749 271422 6977370 939357 10723833 95000
17 749 749 272601 6984656 940242 10735549 95100
17 749 749 274910 6992081 941229 10748840 95200
17 749 749 276104 6999469 942188 10760993 95300
17 749 749 276104 7006822 943164 10771879 95400
17 749 749 276104 7014283 944218 10783092 95500
17 749 749 276104 7021590 945246 10793979 95600
17 750 750 276104 7029005 946207 10804798 95700
17 751 751 276104 7036371 947190 10815540 95800
17 752 752 276104 7043648 948157 10826255 95900
17 753 753 276104 7051004 949124 10836856 96000
17 753 753 276104 7058173 950089 10847264 96100
17 754 754 276104 7065519 951005 10857948 96200
17 754 754 276104 7072905 951964 10868568 96300
18 755 755 276104 7080193 952919 10879027 96400
18 755 755 276104 7087408 953866 10889435 96500
18 756 756 276104 7094650 954781 10900007 96600
18 757 757 276104 7102055 955721 10910864 96700
18 758 758 276104 7109492 956610 10921811 96800
18 759 759 276104 7116882 957514 10932908 96900
18 759 759 276104 7124235 958385 10944034 97000
18 760 760 276104 7131606 959324 10955047 97100
18 760 760 276104 7139039 960254 10966169 97200
18 760 760 276104 7146527 961172 10977380 97300
18 760 760 276104 7153949 962027 10988627 97400
18 761 761 276104 7161359 962911 10999787 97500
18 762 762 276104 7168687 963822 11010645 97600
18 763 763 276104 7176031 964781 11021535 97700
18 763 763 276104 7183387 965730 11032305 97800
18 764 764 276104 7190711 966605 11042991 97900
18 765 765 276104 7198013 967541 11053697 98000
18 765 765 276104 7205292 968446 11064475 98100
18 765 765 276104 7212507 969412 11075126 98200
18 766 766 276104 7219775 970442 11085777 98300
18 766 766 276104 7226971 971408 11096426 98400
18 766 766 276104 7234131 972293 11107055 98500
18 766 766 276104 7241395 973300 11118064 98600
18 766 766 276104 7248737 974283 11129260 98700
18 766 766 276104 7256190 975360 11140680 98800
18 766 766 276104 7263521 976448 11151898 98900
18 767 767 276104 7270902 977606 11163398 99000
18 767 767 276104 7278222 978782 11174880 99100
18 767 767 276104 7285594 979962 11186478 99200
18 767 767 276104 7293009 981126 11197990 99300
18 767 767 276104 7300267 982307 11209495 99400
18 767 767 276104 7307747 983467 11221326 99500
18 767 767 276104 7315183 984742 11233291 99600
18 768 768 276104 7322746 985969 11245511 99700
18 768 768 276104 7330151 987178 11257529 99800
18 769 769 276104 7337730 988414 11269733 99900
18 769 769 286104 7345301 989584 11281776 100000
18 769 769 287204 7352690 990636 11294738 100100
18 769 769 289449 7360197 991807 11309054 100200
18 770 770 290578 7367607 992964 11322079 100300
18 770 770 290578 7375180 994093 11334165 100400
18 770 770 290578 7382733 995288 11346118 100500
18 770 770 290578 7390143 996507 11357910 100600
18 770 770 290578 7397553 997914 11369754 100700
18 770 770 290578 7404906 999241 11381417 100800
18 770 770 290578 7412229 1000556 11393075 100900
18 771 771 290578 7419642 1001760 11404586 101000
18 771 771 290578 7426953 1002900 11416214 101100
18 771 771 290578 7434371 1003970 11427645 101200
18 771 771 290578 7441762 1005076 11439170 101300
18 771 771 290578 7449141 1006126 11450344 101400
18 771 771 290578 7456467 1007157 11461273 101500
18 772 772 290578 7463785 1008195 11472062 101600
18 772 772 290578 7471025 1009186 11482848 101700
18 773 773 290578 7478393 1010123 11493627 101800
18 773 773 290578 7485589 1011082 11504096 101900
18 773 773 290578 7492936 1012044 11514678 102000
18 773 773 290578 7500214 1012940 11525060 102100
18 773 773 290578 7507377 1013861 11535242 102200
18 773 773 290578 7514628 1014786 11545620 102300
18 773 773 290578 7521809 1015768 11556126 102400
18 773 773 290578 7529215 1016705 11566867 102500
18 774 774 290578 7536410 1017578 11577241 102600
18 774 774 290578 7543865 1018664 11588070 102700
18 774 774 290578 7551016 1019638 11598528 102800
18 774 774 290578 7558340 1020648 11609389 102900
18 774 774 290578 7565609 1021703 11620169 103000
18 775 775 290578 7572948 1022831 11631263 103100
18 775 775 290578 7580298 1023912 11642398 103200
18 775 775 290578 7587749 1024967 11653629 103300
18 775 775 290578 7594924 1026114 11664698 103400
18 775 775 290578 7602303 1027285 11675899 103500
18 775 775 290578 7609586 1028491 11687035 103600
18 775 775 290578 7617014 1029723 11698299 103700
18 775 775 290578 7624315 1030969 11709483 103800
18 775 775 290578 7631699 1032193 11720719 103900
18 776 776 290578 7639047 1033446 11732179 104000
18 776 776 290578 7646359 1034741 11743637 104100
18 776 776 290578 7653848 1036042 11755407 104200
18 776 776 290578 7661455 1037296 11767399 104300
18 776 776 290578 7668904 1038495 11779124 104400
18 776 776 290578 7676390 1039754 11790970 104500
18 776 776 290578 7683858 1040932 11802647 104600
18 776 776 290578 7691206 1042094 11814175 104700
18 776 776 290578 7698601 1043265 11825793 104800
18 776 776 290578 7706098 1044365 11837495 104900
18 776 776 300578 7713661 1045411 11849383 105000
18 777 777 301781 7721080 1046495 11862363 105100
18 777 777 304244 7728703 1047498 11877066 105200
18 777 777 305572 7736071 1048418 11890188 105300
18 777 777 305572 7743802 1049390 11902224 105400
18 780 780 305572 7751372 1050325 11914208 105500
18 780 780 305572 7759032 1051293 11926384 105600
18 780 780 305572 7766688 1052255 11938654 105700
18 780 780 305572 7774357 1053154 11950942 105800
18 780 780 305572 7782080 1054053 11963200 105900
18 780 780 305572 7789756 1054876 11975165 106000
18 781 781 305572 7797438 1055679 11987006 106100
18 781 781 305572 7805055 1056497 11998804 106200
18 782 782 305572 7812563 1057433 12010621 106300
18 783 783 305572 7820122 1058418 12022429 106400
18 783 783 305572 7827753 1059367 12034259 106500
18 783 783 305572 7835204 1060348 12045855 106600
18 783 783 305572 7842633 1061317 12057487 106700
18 785 785 305572 7850087 1062283 12069083 106800
18 785 785 305572 7857574 1063266 12080723 106900
18 785 785 305572 7865093 1064157 12092181 107000
18 786 786 305572 7872415 1065058 12103428 107100
18 786 786 305572 7879852 1066108 12114944 107200
18 787 787 305572 7887296 1067169 12126462 107300
18 787 787 305572 7894654 1068170 12137798 107400
18 787 787 305572 7902146 1069171 12149070 107500
18 787 787 305572 7909367 1070218 12160065 107600
18 788 788 305572 7916624 1071316 12171218 107700
18 789 789 305572 7924007 1072301 12182561 107800
18 790 790 305572 7931354 1073382 12194060 107900
18 791 791 305572 7938757 1074469 12205732 108000
18 791 791 305572 7946238 1075586 12217384 108100
18 791 791 305572 7953559 1076674 12228793 108200
18 791 791 305572 7961013 1077806 12240269 108300
18 791 791 305572 7968422 1078960 12251766 108400
18 791 791 305572 7975819 1080094 12263119 108500
18 792 792 305572 7983149 1081212 12274449 108600
18 792 792 305572 7990496 1082360 12285752 108700
18 792 792 305572 7997961 1083395 12297080 108800
18 792 792 305572 8005323 1084567 12308456 108900
18 792 792 305572 8012721 1085663 12319814 109000
18 793 793 305572 8020126 1086784 12331302 109100
18 795 795 305572 8027419 1087896 12342738 109200
18 796 796 305572 8034741 1088939 12354207 109300
18 796 796 305572 8042184 1090090 12365948 109400
18 796 796 305572 8049609 1091217 12377784 109500
18 796 796 305572 8056947 1092344 12389357 109600
18 800 800 305572 8064359 1093449 12400949 109700
18 802 802 305572 8071763 1094653 12412632 109800
18 803 803 305572 8079142 1095891 12424223 109900
18 805 805 315572 8086525 1097151 12435842 110000
18 808 808 316651 8093844 1098373 12448271 110100
18 810 810 318954 8101158 1099637 12462093 110200
18 812 812 320176 8108464 1100941 12474706 110300
18 812 812 320176 8116014 1102195 12486555 110400
18 812 812 320176 8123433 1103493 12498274 110500
18 814 814 320176 8130789 1104752 12510207 110600
18 814 814 320176 8138349 1106088 12522536 110700
18 816 816 320176 8145753 1107458 12534867 110800
18 817 817 320176 8153372 1108886 12547569 110900
18 819 819 320176 8160814 1110225 12559897 111000
18 819 819 320176 8168336 1111555 12572461 111100
18 823 823 320176 8175761 1112959 12584815 111200
18 828 828 320176 8183299 1114320 12597204 111300
18 828 828 320176 8190823 1115678 12609740 111400
18 830 830 320176 8198408 1116966 12622314 111500
18 831 831 320176 8205973 1118313 12635025 111600
18 832 832 320176 8213584 1119658 12647819 111700
18 832 832 320176 8221238 1120968 12660606 111800
18 832 832 320176 8228842 1122335 12673212 111900
18 832 832 320176 8236478 1123613 12685670 112000
18 832 832 320176 8243949 1124900 12698064 112100
18 834 834 320176 8251496 1126155 12710453 112200
18 834 834 320176 8258929 1127374 12722621 112300
18 834 834 320176 8266580 1128644 12735168 112400
18 835 835 320176 8274096 1129921 12747535 112500
18 835 835 320176 8281631 1131152 12759957 112600
18 835 835 320176 8289269 1132372 12772647 112700
18 835 835 320176 8296889 1133581 12785278 112800
18 835 835 320176 8304513 1134758 12797809 112900
18 835 835 320176 8311949 1135878 12810035 113000
18 835 835 320176 8319427 1137016 12822388 113100
18 835 835 320176 8327142 1138183 12834989 113200
18 836 836 320176 8334611 1139235 12847072 113300
18 836 836 320176 8342179 1140306 12859196 113400
18 836 836 320176 8349618 1141333 12871072 113500
18 836 836 320176 8357073 1142324 12882753 113600
18 838 838 320176 8364575 1143351 12894559 113700
18 838 838 320176 8372071 1144376 12906145 113800
18 839 839 320176 8379513 1145404 12917664 113900
18 841 841 320176 8387002 1146358 12929115 114000
18 841 841 320176 8394386 1147340 12940487 114100
18 842 842 320176 8401804 1148274 12951957 114200
18 844 844 320176 8409327 1149293 12963582 114300
18 845 845 320176 8416767 1150239 12974946 114400
18 845 845 320176 8424205 1151216 12986262 114500
18 846 846 320176 8431567 1152184 12997526 114600
18 846 846 320176 8438923 1153153 13008915 114700
18 847 847 320176 8446390 1154072 13020414 114800
18 847 847 320176 8453818 1154971 13031778 114900
18 847 847 330176 8461206 1155929 13043218 115000
18 847 847 331137 8468716 1156936 13055638 115100
18 847 847 333099 8476185 1157908 13068801 115200
18 848 848 334098 8483527 1158876 13080889 115300
18 848 848 334098 8490915 1159756 13092017 115400
18 849 849 334098 8498309 1160715 13103227 115500
18 849 849 334098 8505790 1161687 13114635 115600
18 850 850 334098 8513113 1162666 13126009 115700
18 851 851 334098 8520636 1163651 13137552 115800
18 853 853 334098 8528027 1164589 13148936 115900
18 853 853 334098 8535458 1165510 13160334 116000
18 854 854 334098 8542898 1166507 13171575 116100
19 855 855 334098 8550327 1167541 13183139 116200
19 855 855 334098 8557735 1168584 13194466 116300
19 856 856 334098 8565207 1169609 13206006 116400
19 856 856 334098 8572676 1170671 13217609 116500
19 856 856 334098 8580217 1171674 13229188 116600
19 857 857 334098 8587577 1172726 13240786 116700
19 857 857 334098 8594978 1173708 13252166 116800
19 858 858 334098 8602396 1174775 13263825 116900
19 858 858 334098 8609934 1175835 13275564 117000
19 859 859 334098 8617442 1176801 13287121 117100
19 859 859 334098 8624987 1177770 13298815 117200
19 860 860 334098 8632328 1178760 13310200 117300
19 860 860 334098 8639776 1179747 13321723 117400
19 860 860 334098 8647228 1180724 13333085 117500
19 861 861 334098 8654580 1181699 13344531 117600
19 862 862 334098 8661939 1182666 13355763 117700
19 863 863 334098 8669409 1183588 13367108 117800
19 863 863 334098 8676573 1184496 13377961 117900
19 863 863 334098 8683883 1185393 13388918 118000
19 863 863 334098 8691155 1186233 13399719 118100
19 864 864 334098 8698488 1187087 13410470 118200
19 864 864 334098 8705682 1187970 13421075 118300
19 864 864 334098 8712924 1188804 13431604 118400
19 864 864 334098 8720211 1189588 13442036 118500
19 865 865 334098 8727265 1190354 13452178 118600
19 866 866 334098 8734593 1191148 13462763 118700
19 867 867 334098 8741714 1191938 13473033 118800
19 867 867 334098 8748953 1192697 13483524 118900
19 869 869 334098 8756278 1193462 13494166 119000
19 869 869 334098 8763523 1194261 13504691 119100
19 869 869 334098 8770751 1195124 13515350 119200
19 869 869 334098 8778022 1195979 13526078 119300
19 869 869 334098 8785146 1196862 13536608 119400
19 869 869 334098 8792504 1197883 13547597 119500
19 869 869 334098 8799773 1198879 13558427 119600
19 869 869 334098 8807125 1199867 13569631 119700
19 869 869 334098 8814404 1200932 13580710 119800
19 869 869 334098 8821823 1201961 13591947 119900
