0 0 1 0 0 0
0 0 1 0 0 100
0 0 1 0 3 200
0 0 1 0 3 300
0 0 1 0 3 400
0 0 1 1 3 500
0 0 2 1 3 600
0 0 2 1 3 700
0 0 2 1 3 800
0 0 3 1 3 900
0 0 3 1 3 1000
0 0 3 1 3 1100
0 0 4 1 3 1200
0 0 5 1 4 1300
0 0 6 1 4 1400
0 0 9 1 4 1500
0 0 12 1 6 1600
0 0 15 1 8 1700
0 0 19 1 12 1800
0 0 21 1 16 1900
0 0 23 1 18 2000
0 0 27 1 20 2100
0 0 29 1 21 2200
0 0 29 1 24 2300
1 0 31 1 25 2400
2 0 33 1 25 2500
2 0 38 1 27 2600
2 0 41 1 29 2700
2 0 42 1 35 2800
2 0 44 2 35 2900
2 0 49 2 37 3000
3 0 54 2 40 3100
6 0 54 2 45 3200
7 0 57 2 47 3300
7 0 60 2 51 3400
8 0 65 2 52 3500
8 0 65 2 56 3600
8 0 67 2 57 3700
8 0 71 2 59 3800
8 0 74 2 60 3900
9 0 77 2 63 4000
9 0 80 2 64 4100
9 0 81 2 68 4200
10 0 82 2 70 4300
10 0 85 2 70 4400
10 0 87 2 71 4500
10 0 89 2 75 4600
10 0 91 2 77 4700
11 0 94 2 80 4800
11 0 95 3 80 4900
11 0 97 4 82 5000
12 0 100 4 83 5100
13 0 103 4 87 5200
13 0 106 4 90 5300
13 0 107 4 93 5400
13 0 110 4 95 5500
13 0 112 4 98 5600
13 0 117 4 99 5700
14 0 117 4 102 5800
14 0 120 5 104 5900
15 0 121 5 105 6000
15 0 125 5 107 6100
15 0 125 5 109 6200
15 0 129 5 111 6300
15 0 129 5 114 6400
17 0 131 6 116 6500
17 0 134 6 117 6600
18 0 136 6 120 6700
19 0 139 6 122 6800
19 0 146 6 124 6900
19 0 147 6 125 7000
20 0 150 7 129 7100
20 0 154 8 133 7200
20 0 159 8 133 7300
20 0 160 8 136 7400
21 0 163 8 138 7500
21 0 163 8 141 7600
21 0 163 8 143 7700
22 0 165 8 143 7800
23 0 167 8 143 7900
23 0 167 8 146 8000
23 0 169 8 147 8100
23 0 171 8 147 8200
23 0 172 9 150 8300
23 0 172 9 151 8400
23 0 175 9 151 8500
23 0 176 9 154 8600
23 0 178 9 154 8700
24 0 179 9 156 8800
25 0 179 9 158 8900
25 0 182 9 158 9000
25 0 185 9 161 9100
25 0 185 9 162 9200
25 0 185 9 164 9300
25 0 187 9 164 9400
25 0 188 9 165 9500
25 0 190 9 166 9600
26 0 192 10 169 9700
27 0 193 10 171 9800
27 0 193 10 171 9900
28 0 193 10 171 10000
28 0 194 10 171 10100
28 0 194 10 171 10200
28 0 194 10 171 10300
28 0 198 10 171 10400
28 0 199 10 174 10500
28 0 201 10 176 10600
28 0 203 10 176 10700
28 0 206 10 179 10800
28 0 207 10 181 10900
28 0 209 10 184 11000
28 0 211 10 184 11100
29 0 213 10 185 11200
30 0 214 10 186 11300
30 0 214 10 187 11400
31 0 214 10 187 11500
33 0 217 10 187 11600
33 0 217 10 189 11700
33 0 219 10 190 11800
33 0 219 10 191 11900
33 0 220 10 191 12000
33 0 221 10 191 12100
33 0 221 10 192 12200
33 0 223 10 193 12300
33 0 224 10 196 12400
33 0 224 10 196 12500
34 0 225 10 196 12600
34 0 226 10 196 12700
35 0 228 10 196 12800
35 0 229 10 198 12900
35 0 230 10 199 13000
35 0 230 10 200 13100
35 0 231 10 201 13200
35 0 231 10 201 13300
35 0 232 10 202 13400
35 0 232 10 203 13500
35 0 234 10 203 13600
35 0 234 10 204 13700
35 0 236 10 205 13800
35 0 238 10 206 13900
36 0 239 10 207 14000
37 0 240 10 209 14100
38 0 240 10 210 14200
40 0 242 10 211 14300
40 0 245 10 213 14400
40 0 247 10 214 14500
40 0 253 10 217 14600
40 0 253 10 223 14700
40 0 255 10 224 14800
40 0 259 10 227 14900
40 0 259 10 229 15000
40 0 261 10 231 15100
40 0 262 10 232 15200
40 0 263 10 234 15300
40 0 264 10 235 15400
41 0 266 10 236 15500
42 0 268 10 237 15600
43 0 269 10 239 15700
43 0 270 10 241 15800
44 0 270 11 241 15900
44 0 273 11 241 16000
45 0 275 11 241 16100
45 0 278 11 244 16200
45 0 279 11 247 16300
48 0 279 11 248 16400
50 0 280 11 248 16500
50 0 284 11 249 16600
51 0 285 11 252 16700
51 0 289 11 255 16800
52 0 290 11 258 16900
52 0 292 11 259 17000
53 0 294 11 261 17100
55 0 297 11 263 17200
55 0 300 11 265 17300
55 0 302 11 266 17400
56 0 303 11 270 17500
56 0 306 11 271 17600
57 0 307 11 272 17700
57 0 308 11 274 17800
57 0 308 11 275 17900
57 0 309 11 276 18000
57 0 310 11 277 18100
57 0 311 11 278 18200
57 0 316 11 279 18300
57 0 319 11 281 18400
57 0 321 11 284 18500
58 0 323 11 287 18600
58 0 327 11 288 18700
58 0 329 11 289 18800
58 0 331 11 293 18900
59 0 332 11 296 19000
61 0 332 11 298 19100
61 0 333 11 298 19200
62 0 334 11 299 19300
62 0 337 11 299 19400
62 0 339 11 300 19500
62 0 339 12 304 19600
62 0 341 12 304 19700
62 0 342 12 305 19800
62 0 342 12 306 19900
62 0 344 12 307 20000
62 0 345 12 308 20100
62 0 346 12 309 20200
62 0 347 12 309 20300
62 0 348 12 311 20400
62 0 348 13 311 20500
62 0 350 13 312 20600
62 0 350 13 313 20700
62 0 352 13 315 20800
62 0 356 13 317 20900
62 0 356 13 319 21000
63 0 359 13 321 21100
63 0 359 13 322 21200
63 0 360 13 324 21300
63 0 360 13 324 21400
63 0 361 13 326 21500
65 0 362 13 327 21600
65 0 362 13 327 21700
65 0 364 14 327 21800
65 0 364 14 328 21900
66 0 365 14 330 22000
66 0 366 14 331 22100
66 0 366 14 332 22200
66 0 367 14 332 22300
66 0 367 14 333 22400
66 0 367 14 333 22500
67 0 367 14 333 22600
67 0 368 14 333 22700
67 0 369 14 334 22800
68 0 370 14 335 22900
69 0 372 14 336 23000
69 0 373 14 336 23100
69 0 374 14 338 23200
69 0 374 14 338 23300
70 0 375 15 339 23400
70 0 376 15 340 23500
70 0 378 15 341 23600
70 0 380 15 341 23700
70 0 381 15 344 23800
70 0 381 15 346 23900
70 0 381 15 346 24000
70 0 383 15 346 24100
70 0 383 15 347 24200
70 0 384 15 348 24300
70 0 386 15 349 24400
70 0 388 15 350 24500
70 0 388 15 351 24600
70 0 389 15 352 24700
70 0 390 15 353 24800
70 0 390 15 356 24900
70 0 391 15 356 25000
70 0 393 15 358 25100
71 0 393 15 359 25200
72 0 395 15 359 25300
72 0 397 16 359 25400
72 0 397 16 360 25500
72 0 398 17 361 25600
72 0 400 17 361 25700
72 0 400 17 362 25800
72 0 400 17 364 25900
72 0 402 17 364 26000
72 0 403 17 366 26100
72 0 403 17 367 26200
72 0 404 17 367 26300
73 0 405 17 367 26400
73 0 407 17 369 26500
73 0 410 17 370 26600
73 0 410 17 371 26700
74 0 410 17 372 26800
74 0 411 17 373 26900
75 0 415 17 373 27000
75 0 416 17 375 27100
75 0 420 19 377 27200
75 0 422 19 381 27300
75 0 426 19 383 27400
75 0 427 20 385 27500
75 0 430 20 387 27600
75 0 433 20 389 27700
75 0 433 20 392 27800
75 0 435 21 394 27900
75 0 436 21 394 28000
75 0 437 21 397 28100
76 0 439 21 400 28200
76 0 441 21 400 28300
76 0 443 21 402 28400
76 0 444 21 402 28500
77 0 446 21 403 28600
77 0 448 21 405 28700
78 0 450 21 408 28800
79 0 452 21 408 28900
79 0 454 21 408 29000
79 0 454 22 410 29100
79 0 455 22 410 29200
79 0 457 22 410 29300
79 0 457 22 411 29400
79 0 458 22 412 29500
79 0 458 22 412 29600
79 0 458 22 413 29700
79 0 458 22 413 29800
79 0 458 22 413 29900
79 0 459 22 413 30000
79 0 459 22 414 30100
79 0 462 22 414 30200
79 0 462 22 416 30300
79 0 464 22 417 30400
79 0 464 22 418 30500
79 0 465 22 419 30600
79 0 467 22 420 30700
79 0 469 22 422 30800
79 0 470 22 424 30900
79 0 471 22 426 31000
79 0 471 22 426 31100
79 0 472 22 427 31200
79 0 472 22 428 31300
80 0 473 22 428 31400
81 0 474 22 428 31500
81 0 475 23 428 31600
81 0 477 23 428 31700
82 0 478 23 430 31800
82 0 480 23 431 31900
84 0 482 24 432 32000
84 0 483 24 434 32100
84 0 484 24 436 32200
84 0 487 24 436 32300
84 0 487 25 437 32400
84 0 489 25 438 32500
84 0 490 25 439 32600
84 0 491 25 441 32700
84 0 492 25 441 32800
84 0 493 25 443 32900
84 0 494 25 444 33000
84 0 497 25 444 33100
85 0 498 25 448 33200
86 0 498 25 448 33300
86 0 500 25 448 33400
86 0 501 25 450 33500
87 0 501 25 451 33600
87 0 501 25 452 33700
88 0 501 25 452 33800
88 0 503 25 452 33900
88 0 504 25 453 34000
88 0 504 25 454 34100
89 0 505 25 454 34200
89 0 507 25 454 34300
89 0 507 25 455 34400
89 0 508 25 456 34500
89 0 510 25 456 34600
90 0 511 25 458 34700
90 0 513 25 460 34800
91 0 516 25 460 34900
92 0 516 25 463 35000
92 0 517 25 464 35100
92 0 517 25 466 35200
92 0 518 25 466 35300
92 0 518 25 467 35400
93 0 519 25 467 35500
94 0 519 25 467 35600
94 0 520 25 468 35700
94 0 521 25 469 35800
94 0 522 25 471 35900
94 0 522 25 472 36000
94 0 522 25 473 36100
95 0 522 25 473 36200
95 0 522 25 473 36300
95 0 525 25 473 36400
95 0 526 25 473 36500
95 0 526 25 475 36600
95 0 526 26 475 36700
95 0 526 26 476 36800
95 0 529 26 476 36900
95 0 532 26 477 37000
96 0 532 26 478 37100
96 0 533 27 480 37200
96 0 533 27 481 37300
96 0 533 27 481 37400
96 0 533 27 481 37500
96 0 533 27 481 37600
96 0 534 27 481 37700
96 0 534 27 481 37800
96 0 536 27 482 37900
96 0 536 27 482 38000
97 0 537 27 483 38100
97 0 540 27 483 38200
97 0 542 27 486 38300
97 0 543 27 487 38400
97 0 544 27 489 38500
97 0 545 27 489 38600
97 0 549 28 491 38700
98 0 550 29 492 38800
99 0 553 29 494 38900
100 0 554 29 498 39000
100 0 554 29 498 39100
100 0 555 29 499 39200
100 0 555 29 499 39300
102 0 555 29 500 39400
103 0 556 29 500 39500
104 0 557 29 501 39600
105 0 559 29 502 39700
105 0 561 30 502 39800
105 0 561 30 504 39900
105 0 562 30 505 40000
107 0 565 30 506 40100
108 0 566 30 506 40200
108 0 568 30 509 40300
111 0 568 30 511 40400
111 0 571 30 512 40500
111 0 571 30 513 40600
112 0 571 30 515 40700
112 0 573 30 515 40800
112 0 575 30 515 40900
113 0 575 30 518 41000
113 0 578 30 518 41100
113 0 580 30 520 41200
113 0 580 30 522 41300
114 0 582 30 524 41400
115 0 582 30 525 41500
115 0 583 30 527 41600
115 0 586 30 528 41700
115 0 586 30 529 41800
115 0 587 30 530 41900
115 0 587 30 530 42000
115 0 587 30 531 42100
115 0 589 30 531 42200
115 0 591 30 532 42300
115 0 591 30 534 42400
115 0 591 30 534 42500
115 0 592 30 534 42600
115 0 594 30 537 42700
115 0 594 30 539 42800
115 0 595 30 539 42900
115 0 596 30 539 43000
115 0 597 30 542 43100
115 0 597 30 542 43200
116 0 597 30 543 43300
117 0 599 30 543 43400
117 0 600 30 543 43500
118 0 602 30 545 43600
119 0 604 30 547 43700
119 0 606 30 548 43800
119 0 607 30 550 43900
119 0 608 30 550 44000
119 0 608 30 554 44100
119 0 609 30 554 44200
119 0 611 30 555 44300
119 0 611 30 556 44400
119 0 611 30 557 44500
119 0 611 30 557 44600
119 0 611 30 557 44700
119 0 612 30 557 44800
119 0 612 30 558 44900
119 0 613 30 558 45000
119 0 613 30 558 45100
119 0 613 30 558 45200
119 0 617 30 558 45300
119 0 618 30 561 45400
119 0 619 30 561 45500
119 0 619 30 564 45600
119 0 619 30 565 45700
119 0 619 30 565 45800
119 0 620 30 566 45900
120 0 620 31 566 46000
120 0 621 32 568 46100
120 0 622 32 568 46200
120 0 623 32 569 46300
120 0 624 33 569 46400
120 0 624 33 570 46500
120 0 625 33 571 46600
120 0 625 33 571 46700
120 0 626 34 571 46800
120 0 626 34 572 46900
120 0 627 34 572 47000
120 0 628 34 572 47100
120 0 628 36 572 47200
120 0 629 36 574 47300
120 0 629 36 575 47400
120 0 630 36 575 47500
120 0 630 36 575 47600
120 0 630 36 575 47700
120 0 632 36 575 47800
120 0 632 36 576 47900
120 0 632 36 576 48000
122 0 632 36 576 48100
123 0 632 36 576 48200
124 0 633 36 576 48300
125 0 633 36 576 48400
125 0 635 36 577 48500
125 0 635 36 579 48600
125 0 635 36 579 48700
126 0 635 37 579 48800
126 0 636 37 580 48900
126 0 637 37 580 49000
128 0 637 37 581 49100
128 0 639 37 582 49200
128 0 639 37 583 49300
128 0 641 37 583 49400
128 0 643 37 584 49500
129 0 643 37 586 49600
129 0 644 37 587 49700
129 0 646 38 587 49800
129 0 646 38 591 49900
129 0 646 38 591 50000
129 0 647 38 591 50100
129 0 649 38 591 50200
130 0 649 38 593 50300
131 0 652 38 593 50400
131 0 652 38 594 50500
132 0 652 38 594 50600
132 0 654 39 594 50700
132 0 655 39 594 50800
132 0 655 39 596 50900
132 0 655 40 596 51000
132 0 655 40 596 51100
132 0 656 40 596 51200
134 0 656 40 597 51300
135 0 658 41 597 51400
135 0 659 42 597 51500
135 0 660 42 599 51600
135 0 663 42 599 51700
135 0 664 42 602 51800
135 0 665 42 603 51900
135 0 669 42 604 52000
135 0 669 42 607 52100
135 0 669 42 608 52200
137 0 670 42 608 52300
138 0 671 42 609 52400
138 0 671 42 610 52500
138 0 673 42 610 52600
138 0 673 42 611 52700
138 0 674 42 612 52800
138 0 675 42 613 52900
138 0 675 42 613 53000
138 0 676 43 614 53100
138 0 677 43 615 53200
138 0 678 43 616 53300
139 0 679 44 618 53400
139 0 681 44 619 53500
139 0 681 44 621 53600
139 0 682 45 621 53700
139 0 682 45 623 53800
139 0 683 45 623 53900
139 0 683 45 623 54000
140 0 684 45 624 54100
140 0 685 45 625 54200
141 0 687 45 627 54300
142 0 688 45 627 54400
142 0 689 45 629 54500
143 0 690 45 632 54600
143 0 690 45 633 54700
143 0 692 45 633 54800
143 0 692 45 633 54900
144 0 693 45 634 55000
144 0 694 45 634 55100
145 0 694 45 636 55200
145 0 694 45 636 55300
146 0 697 45 636 55400
146 0 697 45 638 55500
146 0 697 45 639 55600
146 0 698 45 639 55700
146 0 698 45 639 55800
146 0 698 45 640 55900
146 0 699 45 640 56000
146 0 700 46 640 56100
146 0 700 46 641 56200
146 0 700 46 643 56300
146 0 701 46 643 56400
147 0 701 46 643 56500
147 0 703 46 644 56600
147 0 704 46 644 56700
148 0 705 46 645 56800
149 0 707 46 647 56900
149 0 708 46 648 57000
149 0 708 46 650 57100
149 0 709 46 650 57200
149 0 709 46 651 57300
149 0 709 46 651 57400
149 0 709 46 651 57500
149 0 710 46 651 57600
149 0 712 46 652 57700
149 0 713 46 652 57800
149 0 714 46 654 57900
150 0 714 46 655 58000
150 0 716 46 655 58100
151 0 717 46 656 58200
151 0 718 46 658 58300
151 0 719 46 658 58400
152 0 719 47 660 58500
152 0 722 47 661 58600
153 0 722 47 664 58700
154 0 723 47 664 58800
154 0 725 47 665 58900
154 0 726 47 666 59000
154 0 726 47 666 59100
154 0 727 48 667 59200
154 0 728 49 667 59300
154 0 729 49 669 59400
155 0 729 49 669 59500
155 0 732 49 669 59600
156 0 732 49 672 59700
157 0 734 49 674 59800
159 0 735 49 675 59900
159 0 735 49 677 60000
160 0 736 49 677 60100
161 0 736 49 678 60200
162 0 738 49 678 60300
163 0 739 49 678 60400
163 0 740 49 679 60500
163 0 742 49 679 60600
163 0 742 49 679 60700
163 0 744 50 681 60800
163 0 744 50 682 60900
164 0 746 50 682 61000
164 0 747 50 684 61100
164 0 749 50 684 61200
164 0 749 51 686 61300
164 0 749 51 686 61400
164 0 749 51 686 61500
164 0 749 51 686 61600
164 0 750 51 686 61700
164 0 751 51 686 61800
164 0 752 51 688 61900
164 0 752 51 689 62000
164 0 753 51 690 62100
164 0 753 51 690 62200
165 0 753 51 690 62300
165 0 754 52 691 62400
165 0 755 52 691 62500
165 0 755 52 692 62600
165 0 755 52 693 62700
165 0 755 52 693 62800
165 0 757 52 693 62900
165 0 758 52 693 63000
166 0 758 52 695 63100
166 0 758 52 695 63200
166 0 760 52 695 63300
166 0 761 52 696 63400
167 0 762 52 697 63500
168 0 762 52 697 63600
169 0 762 52 698 63700
169 0 764 52 698 63800
169 0 764 52 699 63900
169 0 764 52 700 64000
169 0 765 52 700 64100
169 0 766 52 701 64200
169 0 766 52 702 64300
169 0 767 52 703 64400
169 0 767 52 703 64500
169 0 767 52 704 64600
169 0 769 52 704 64700
169 0 769 52 705 64800
169 0 769 52 706 64900
169 0 770 52 706 65000
169 0 770 52 706 65100
169 0 771 52 707 65200
169 0 772 52 707 65300
169 0 772 52 708 65400
169 0 775 52 709 65500
169 0 775 52 711 65600
169 0 777 52 712 65700
169 0 777 52 713 65800
169 0 779 52 714 65900
169 0 780 52 714 66000
169 0 780 52 716 66100
169 0 780 52 717 66200
169 0 782 52 717 66300
169 0 782 52 717 66400
169 0 782 52 718 66500
170 0 783 52 718 66600
170 0 783 52 718 66700
170 0 785 52 719 66800
170 0 786 52 720 66900
170 0 786 52 721 67000
170 0 788 52 722 67100
172 0 789 52 722 67200
173 0 790 52 724 67300
174 0 792 52 725 67400
174 0 795 52 726 67500
174 0 795 52 727 67600
175 0 795 54 727 67700
176 0 795 54 727 67800
176 0 797 54 727 67900
176 0 797 55 728 68000
176 0 797 57 729 68100
176 0 798 57 730 68200
176 0 798 57 731 68300
176 0 798 57 733 68400
177 0 798 57 733 68500
177 0 798 57 733 68600
177 0 799 57 733 68700
177 0 799 57 733 68800
177 0 800 57 734 68900
177 0 800 57 734 69000
177 0 800 57 734 69100
177 0 800 57 734 69200
177 0 800 57 735 69300
177 0 800 57 735 69400
177 0 801 57 736 69500
177 0 802 57 736 69600
177 0 802 57 737 69700
177 0 803 58 737 69800
177 0 803 58 739 69900
177 0 803 58 739 70000
177 0 804 58 739 70100
177 0 806 58 739 70200
178 0 806 58 740 70300
179 0 807 58 742 70400
180 0 807 58 742 70500
181 0 808 58 742 70600
181 0 808 58 743 70700
181 0 810 58 743 70800
181 0 811 58 743 70900
181 0 811 58 745 71000
182 0 811 58 745 71100
183 0 813 58 745 71200
183 0 813 58 745 71300
183 0 813 58 747 71400
183 0 813 58 747 71500
183 0 814 58 748 71600
183 0 816 58 748 71700
183 0 817 58 749 71800
183 0 817 58 751 71900
183 0 819 58 751 72000
183 0 820 59 753 72100
184 0 822 60 754 72200
184 0 823 60 755 72300
184 0 825 60 757 72400
184 0 827 60 758 72500
185 0 827 60 760 72600
185 0 828 60 761 72700
186 0 829 60 762 72800
187 0 829 60 762 72900
188 0 830 60 763 73000
188 0 830 60 763 73100
188 0 830 60 764 73200
188 0 830 60 764 73300
188 0 830 60 764 73400
188 0 830 60 764 73500
188 0 831 60 764 73600
188 0 832 60 764 73700
189 0 834 60 764 73800
189 0 834 60 767 73900
189 0 835 60 767 74000
189 0 835 60 769 74100
191 0 836 60 769 74200
192 0 836 60 770 74300
192 0 838 60 770 74400
192 0 839 60 772 74500
193 0 839 60 774 74600
193 0 840 60 775 74700
193 0 842 60 775 74800
193 0 842 60 777 74900
193 0 844 60 779 75000
193 0 845 60 781 75100
193 0 847 60 782 75200
193 0 850 60 784 75300
193 0 850 60 786 75400
194 0 852 60 786 75500
194 0 852 62 788 75600
194 0 852 62 788 75700
194 0 853 62 788 75800
195 0 854 63 789 75900
195 0 856 63 791 76000
195 0 856 63 791 76100
195 0 857 63 793 76200
195 0 858 63 794 76300
195 0 859 63 794 76400
195 0 860 63 796 76500
195 0 861 63 797 76600
195 0 861 63 798 76700
195 0 861 63 798 76800
195 0 862 63 798 76900
195 0 862 63 798 77000
195 0 863 63 798 77100
195 0 864 63 799 77200
195 0 866 63 800 77300
195 0 867 63 802 77400
195 0 869 63 805 77500
195 0 870 63 806 77600
195 0 870 63 807 77700
196 0 870 63 808 77800
196 0 870 63 808 77900
196 0 873 63 809 78000
196 0 873 63 810 78100
196 0 874 64 810 78200
196 0 875 64 810 78300
196 0 875 64 811 78400
196 0 876 64 812 78500
196 0 877 64 813 78600
196 0 880 64 815 78700
196 0 881 64 816 78800
196 0 882 64 817 78900
197 0 882 64 819 79000
197 0 886 64 819 79100
197 0 886 64 820 79200
197 0 887 64 822 79300
197 0 887 64 822 79400
197 0 887 65 822 79500
197 0 887 65 822 79600
197 0 888 65 822 79700
197 0 890 65 822 79800
197 0 890 65 824 79900
197 0 890 65 827 80000
197 0 890 65 827 80100
197 0 890 65 827 80200
197 0 891 65 827 80300
197 0 892 65 828 80400
198 0 892 65 828 80500
198 0 893 65 830 80600
198 0 894 65 831 80700
198 0 895 65 831 80800
198 0 895 65 833 80900
198 0 896 65 833 81000
198 0 896 65 833 81100
198 0 897 65 834 81200
199 0 899 65 835 81300
200 0 899 65 837 81400
201 0 900 65 837 81500
201 0 900 65 837 81600
201 0 900 65 838 81700
202 0 901 65 838 81800
202 0 901 65 838 81900
202 0 901 65 839 82000
202 0 902 65 839 82100
202 0 902 65 839 82200
202 0 903 65 841 82300
202 0 904 65 841 82400
202 0 905 65 842 82500
202 0 905 65 844 82600
202 0 905 65 844 82700
202 0 905 66 845 82800
202 0 906 66 845 82900
202 0 907 66 846 83000
202 0 908 66 847 83100
203 0 909 66 848 83200
203 0 910 66 849 83300
203 0 910 66 851 83400
203 0 911 66 851 83500
203 0 912 66 851 83600
203 0 912 66 852 83700
204 0 913 66 852 83800
204 0 914 66 852 83900
204 0 916 66 852 84000
205 0 920 66 854 84100
205 0 921 66 856 84200
205 0 926 66 857 84300
206 0 928 66 858 84400
206 0 930 66 861 84500
206 0 930 66 863 84600
206 0 933 66 864 84700
207 0 934 66 865 84800
209 0 934 66 866 84900
209 0 936 66 866 85000
209 0 938 67 869 85100
209 0 938 67 872 85200
209 0 938 67 875 85300
209 0 941 67 876 85400
209 0 942 67 879 85500
209 0 942 67 880 85600
209 0 943 67 881 85700
209 0 946 67 881 85800
209 0 947 67 883 85900
209 0 948 68 887 86000
209 0 949 68 887 86100
209 0 949 68 888 86200
209 0 950 69 888 86300
209 0 953 69 889 86400
210 0 953 69 889 86500
211 0 953 69 892 86600
211 0 953 70 892 86700
211 0 954 70 893 86800
212 0 954 70 894 86900
212 0 954 70 895 87000
213 0 954 70 895 87100
214 0 955 70 895 87200
215 0 955 70 895 87300
215 0 957 70 896 87400
215 0 957 70 897 87500
215 0 959 70 898 87600
215 0 960 70 899 87700
215 0 960 70 901 87800
215 0 960 70 902 87900
215 0 963 70 902 88000
215 0 963 70 903 88100
215 0 963 70 904 88200
215 0 964 71 904 88300
215 0 965 71 904 88400
217 0 966 71 905 88500
218 0 966 71 905 88600
221 0 966 71 906 88700
223 0 967 71 907 88800
223 0 968 71 907 88900
223 0 971 71 909 89000
223 0 972 71 910 89100
223 0 973 71 911 89200
223 0 974 71 913 89300
223 0 975 71 914 89400
223 0 975 72 915 89500
224 0 978 72 915 89600
225 0 981 72 916 89700
225 0 983 72 916 89800
226 0 983 73 918 89900
226 0 983 73 919 90000
227 0 985 73 920 90100
227 0 985 73 920 90200
227 0 985 74 923 90300
228 0 986 74 923 90400
228 0 987 74 927 90500
228 0 988 74 928 90600
228 0 988 74 928 90700
228 0 988 77 929 90800
229 0 988 77 929 90900
230 0 989 77 929 91000
230 0 990 77 930 91100
231 0 991 77 933 91200
231 0 992 77 933 91300
231 0 995 78 934 91400
231 0 996 78 936 91500
231 0 997 78 938 91600
231 0 997 78 938 91700
231 0 997 79 938 91800
231 0 998 79 938 91900
231 0 999 79 938 92000
231 0 999 79 939 92100
231 0 1000 79 939 92200
231 0 1000 79 939 92300
232 0 1000 79 940 92400
232 0 1001 79 941 92500
232 0 1002 79 942 92600
232 0 1003 79 943 92700
232 0 1005 79 944 92800
232 0 1005 79 945 92900
233 0 1006 79 947 93000
233 0 1007 79 948 93100
234 0 1007 79 948 93200
234 0 1007 79 949 93300
234 0 1007 79 949 93400
234 0 1007 79 949 93500
235 0 1007 79 949 93600
235 0 1008 79 949 93700
235 0 1008 79 950 93800
235 0 1010 79 950 93900
235 0 1011 79 951 94000
235 0 1011 79 952 94100
235 0 1011 79 952 94200
236 0 1012 79 952 94300
236 0 1013 79 953 94400
236 0 1013 79 953 94500
236 0 1013 80 954 94600
236 0 1013 80 954 94700
236 0 1014 80 954 94800
237 0 1017 80 955 94900
237 0 1018 80 956 95000
238 0 1020 80 958 95100
238 0 1022 80 959 95200
238 0 1025 80 962 95300
238 0 1025 80 963 95400
238 0 1025 80 964 95500
238 0 1025 80 964 95600
239 0 1025 80 964 95700
239 0 1026 80 964 95800
239 0 1028 80 964 95900
239 0 1028 80 965 96000
239 0 1028 80 967 96100
239 0 1031 80 967 96200
239 0 1031 80 969 96300
241 0 1032 80 970 96400
242 0 1033 80 970 96500
243 0 1034 80 972 96600
243 0 1036 80 972 96700
243 0 1036 80 973 96800
243 0 1038 80 974 96900
244 0 1038 80 975 97000
245 0 1039 80 976 97100
245 0 1041 80 976 97200
245 0 1041 80 981 97300
246 0 1043 80 981 97400
247 0 1043 80 982 97500
248 0 1044 80 983 97600
248 0 1046 80 983 97700
248 0 1047 80 984 97800
248 0 1047 81 984 97900
248 0 1047 81 985 98000
248 0 1047 81 985 98100
249 0 1047 81 985 98200
249 0 1050 81 985 98300
249 0 1050 81 985 98400
249 0 1051 81 987 98500
249 0 1052 81 987 98600
249 0 1052 82 989 98700
249 0 1053 82 989 98800
249 0 1055 82 990 98900
249 0 1055 82 991 99000
249 0 1056 82 992 99100
249 0 1056 82 994 99200
249 0 1057 82 994 99300
249 0 1058 82 995 99400
249 0 1059 82 996 99500
249 0 1059 82 997 99600
250 0 1060 82 997 99700
250 0 1062 82 998 99800
250 0 1062 83 999 99900
250 0 1063 83 1001 100000
250 0 1064 83 1001 100100
250 0 1064 83 1002 100200
250 0 1065 83 1003 100300
250 0 1065 83 1004 100400
250 0 1065 83 1005 100500
250 0 1066 83 1005 100600
250 0 1067 83 1005 100700
250 0 1067 83 1007 100800
250 0 1067 83 1008 100900
250 0 1068 83 1008 101000
250 0 1068 83 1010 101100
250 0 1069 83 1010 101200
250 0 1069 83 1011 101300
250 0 1071 83 1011 101400
250 0 1071 83 1012 101500
250 0 1072 83 1013 101600
250 0 1072 83 1013 101700
250 0 1072 83 1014 101800
250 0 1072 83 1014 101900
250 0 1073 83 1014 102000
250 0 1076 83 1014 102100
250 0 1076 83 1018 102200
250 0 1077 83 1018 102300
250 0 1078 83 1018 102400
250 0 1078 83 1021 102500
250 0 1079 83 1022 102600
250 0 1079 83 1022 102700
250 0 1079 83 1023 102800
250 0 1081 83 1023 102900
251 0 1083 84 1024 103000
251 0 1083 84 1025 103100
251 0 1083 84 1027 103200
251 0 1084 84 1027 103300
251 0 1084 84 1027 103400
251 0 1084 84 1029 103500
251 0 1084 84 1030 103600
251 0 1086 84 1030 103700
251 0 1087 84 1030 103800
251 0 1088 84 1033 103900
251 0 1088 84 1035 104000
251 0 1088 84 1035 104100
251 0 1088 84 1035 104200
251 0 1088 84 1035 104300
251 0 1088 84 1035 104400
251 0 1088 84 1035 104500
251 0 1090 84 1036 104600
251 0 1090 84 1037 104700
251 0 1093 84 1038 104800
251 0 1093 84 1039 104900
251 0 1094 84 1042 105000
251 0 1094 84 1042 105100
251 0 1096 84 1043 105200
251 0 1097 84 1043 105300
252 0 1098 84 1045 105400
252 0 1101 84 1046 105500
255 0 1101 84 1049 105600
257 0 1102 84 1049 105700
257 0 1104 85 1050 105800
257 0 1105 85 1050 105900
257 0 1106 85 1050 106000
257 0 1108 87 1051 106100
257 0 1110 87 1053 106200
257 0 1111 87 1055 106300
257 0 1113 87 1057 106400
258 0 1113 87 1059 106500
258 0 1115 87 1059 106600
258 0 1115 87 1060 106700
258 0 1117 87 1062 106800
258 0 1117 87 1063 106900
258 0 1117 87 1065 107000
258 0 1118 87 1065 107100
258 0 1118 87 1065 107200
258 0 1118 87 1065 107300
258 0 1119 87 1065 107400
258 0 1120 87 1066 107500
258 0 1122 87 1068 107600
258 0 1123 87 1069 107700
258 0 1124 87 1070 107800
258 0 1125 87 1073 107900
258 0 1127 87 1073 108000
258 0 1127 87 1075 108100
258 0 1128 87 1076 108200
258 0 1129 87 1076 108300
258 0 1130 87 1078 108400
258 0 1130 88 1079 108500
258 0 1130 88 1080 108600
258 0 1130 88 1080 108700
258 0 1130 88 1080 108800
258 0 1132 88 1081 108900
258 0 1132 88 1081 109000
258 0 1132 88 1082 109100
258 0 1133 88 1082 109200
258 0 1134 88 1083 109300
258 0 1135 88 1083 109400
258 0 1137 88 1085 109500
258 0 1137 88 1086 109600
259 0 1137 88 1087 109700
260 0 1139 88 1087 109800
262 0 1139 88 1088 109900
262 0 1141 88 1088 110000
262 0 1144 88 1089 110100
262 0 1145 88 1091 110200
262 0 1145 88 1094 110300
262 0 1145 89 1094 110400
262 0 1146 89 1094 110500
264 0 1147 89 1094 110600
264 0 1149 89 1095 110700
264 0 1149 89 1096 110800
264 0 1150 89 1096 110900
266 0 1151 90 1096 111000
268 0 1153 90 1097 111100
268 0 1156 90 1098 111200
268 0 1159 90 1100 111300
268 0 1160 90 1102 111400
269 0 1163 90 1104 111500
269 0 1165 91 1106 111600
269 0 1166 91 1108 111700
269 0 1169 91 1109 111800
270 0 1170 91 1111 111900
271 0 1172 91 1113 112000
271 0 1173 92 1114 112100
271 0 1173 93 1115 112200
271 0 1174 93 1116 112300
271 0 1176 93 1116 112400
271 0 1178 93 1119 112500
271 0 1179 93 1120 112600
271 0 1181 93 1122 112700
271 0 1181 94 1123 112800
271 0 1182 94 1126 112900
271 0 1183 94 1127 113000
271 0 1183 94 1129 113100
272 0 1185 94 1129 113200
272 0 1185 94 1133 113300
272 0 1186 94 1134 113400
272 0 1186 94 1135 113500
272 0 1186 94 1136 113600
272 0 1186 94 1137 113700
272 0 1187 94 1137 113800
272 0 1187 94 1137 113900
272 0 1188 94 1138 114000
272 0 1189 94 1139 114100
273 0 1190 94 1141 114200
273 0 1191 94 1142 114300
273 0 1191 94 1143 114400
274 0 1193 94 1143 114500
274 0 1193 95 1144 114600
274 0 1193 95 1145 114700
274 0 1194 95 1145 114800
274 0 1194 95 1145 114900
274 0 1194 95 1146 115000
274 0 1195 95 1146 115100
274 0 1196 95 1147 115200
274 0 1197 95 1148 115300
274 0 1197 95 1148 115400
274 0 1197 95 1149 115500
274 0 1197 95 1149 115600
274 0 1198 95 1149 115700
274 0 1199 95 1150 115800
274 0 1201 95 1151 115900
274 0 1202 95 1154 116000
275 0 1203 95 1154 116100
275 0 1207 95 1155 116200
275 0 1207 95 1157 116300
276 0 1207 96 1159 116400
276 0 1207 96 1159 116500
276 0 1208 96 1159 116600
276 0 1208 96 1159 116700
276 0 1208 96 1159 116800
276 0 1210 96 1160 116900
276 0 1210 96 1161 117000
276 0 1210 96 1161 117100
276 0 1210 96 1161 117200
276 0 1210 96 1161 117300
276 0 1210 96 1161 117400
276 0 1210 96 1161 117500
277 0 1211 96 1161 117600
277 0 1213 96 1161 117700
277 0 1214 96 1163 117800
277 0 1214 96 1164 117900
277 0 1214 96 1164 118000
277 0 1216 96 1165 118100
277 0 1218 96 1167 118200
277 0 1219 96 1168 118300
277 0 1219 96 1172 118400
277 0 1219 96 1172 118500
277 0 1219 96 1172 118600
277 0 1220 96 1172 118700
277 0 1221 96 1173 118800
277 0 1221 96 1173 118900
279 0 1221 96 1174 119000
279 0 1222 96 1174 119100
279 0 1223 96 1176 119200
280 0 1225 96 1176 119300
281 0 1225 96 1177 119400
283 0 1225 96 1178 119500
285 0 1225 96 1178 119600
286 0 1225 96 1178 119700
286 0 1227 96 1178 119800
286 0 1227 96 1179 119900
