0 Infinity null 0 NaN 0
0 Infinity null 0 NaN 100
0.042387848816672555 21.0 2885 0.0 0.0 200
0.11706360573288674 14.0 2465 0.0 0.0 300
0.2753128013426349 12.666666666666666 2515 0.0 0.0 400
0.5744243535621134 14.0 2637 0.0 0.0 500
1.028049357176441 15.8 2757 0.1 1.0 600
1.7176096036511008 18.5 2901 0.5 3.3333333333333335 700
2.5779403419335374 20.428571428571427 3059 0.8095238095238094 11.0 800
3.53632145703007 22.75 3223 1.097222222222222 24.0 900
4.60824378237387 28.333333333333332 3378 1.2641975308641973 38.111111111111114 1000
5.8451345058858575 32.5 3535 1.3848366013071893 56.1 1100
7.289019711899797 37.36363636363637 3710 1.5029615035806985 74.54545454545455 1200
8.772178541715018 40.583333333333336 3897 1.6197782036791324 87.5 1300
10.256485247919985 43.15384615384615 4082 1.7861497799847508 97.6923076923077 1400
11.851477136026839 52.5 4264 2.006393739799505 107.71428571428571 1500
13.640650765523826 61.53333333333333 4447 2.2246341571462045 115.66666666666667 1600
15.45448161738197 69.5625 4618 2.4880945223245665 120.875 1700
17.33387785252091 76.76470588235294 4781 2.826441903364298 126.41176470588235 1800
19.43263813527022 85.77777777777777 4930 3.171554105314145 132.38888888888889 1900
21.581547347427307 93.84210526315789 5078 3.462296108924613 136.73684210526315 2000
23.897243991355374 97.3 5225 3.755181303478382 142.2 2100
26.21292516665114 106.61904761904762 5364 4.0468393366460775 149.38095238095238 2200
28.45161964278091 114.81818181818181 5518 4.349424080603243 157.1818181818182 2300
30.79923606036525 121.3913043478261 5676 4.57860954036712 166.2608695652174 2400
33.01034718633755 138.0 5811 4.726914602621938 176.66666666666666 2500
35.142143155799786 151.72 5945 4.8935523042313465 186.56 2600
37.55306703145434 169.65384615384616 6077 5.059184907914756 195.84615384615384 2700
40.04629505365681 185.74074074074073 6216 5.203983615029024 204.5185185185185 2800
42.384681104137364 199.03571428571428 6331 5.403047692270051 213.96428571428572 2900
44.599598443671155 212.10344827586206 6434 5.558226247931485 221.17241379310346 3000
46.89585733751144 227.23333333333332 6533 5.709733648862504 226.1 3100
48.94084966433451 242.93548387096774 6632 5.871170812263252 230.1290322580645 3200
51.63097053464044 259.28125 6736 6.043946724380026 233.78125 3300
54.48999743816501 271.42424242424244 6842 6.212938934404038 237.6969696969697 3400
57.135001147800004 283.1470588235294 6942 6.318440730450979 242.7058823529412 3500
59.40702343249406 298.85714285714283 7042 6.445056709580951 247.77142857142857 3600
61.58335324744639 314.22222222222223 7143 6.5438051343148125 253.55555555555554 3700
63.5856684387315 327.27027027027026 7236 6.643007312151864 259.7027027027027 3800
65.30793950836596 335.0 7319 6.717251480629071 266.57894736842104 3900
66.72985713103145 346.61538461538464 7395 6.796845765008546 273.35897435897436 4000
68.08394990980412 355.05 7456 6.866210335169046 281.475 4100
69.49982724456305 362.7073170731707 7517 6.9408375446997015 290.4390243902439 4200
71.01414964209901 365.64285714285717 7582 7.026429848057192 298.92857142857144 4300
72.49496347484677 369.90697674418607 7640 7.106316094882337 307.5348837209302 4400
74.08600298119994 374.8636363636364 7692 7.163748304847132 314.02272727272725 4500
75.9834517135658 374.06666666666666 7743 7.211498342517197 319.6 4600
77.71880966230071 372.3478260869565 7794 7.264871566955229 324.5652173913044 4700
79.45151028960751 373.8510638297872 7854 7.291473267980681 330.36170212765956 4800
81.43653267240686 375.0 7909 7.303693591157913 334.8541666666667 4900
83.82034367435385 377.0204081632653 7955 7.3270875995016285 337.3061224489796 5000
86.30897282265556 374.38 8008 7.349848173092991 339.22 5100
88.80670676130802 373.98039215686276 8068 7.377644127747347 340.5686274509804 5200
90.7097454047173 376.21153846153845 8127 7.386727894521437 341.5576923076923 5300
91.92279879479347 377.811320754717 8182 7.4231495035065365 341.0566037735849 5400
92.95720155327524 375.3888888888889 8236 7.458368957145304 339.77777777777777 5500
94.11839441895471 372.8727272727273 8286 7.500944067015389 339.1454545454545 5600
95.0881010421505 370.3392857142857 8333 7.512831970580591 338.5357142857143 5700
95.82705983836414 368.3157894736842 8383 7.53522919362673 337.94736842105266 5800
96.56072770057395 367.2586206896552 8438 7.565109598614662 337.2241379310345 5900
97.3184423129457 369.3898305084746 8482 7.608921300333058 336.1864406779661 6000
98.12109734574497 372.5833333333333 8525 7.654605945327507 335.76666666666665 6100
98.85743287345782 375.59016393442624 8569 7.695514044584433 336.2295081967213 6200
99.8357272786383 380.64516129032256 8613 7.722555641014616 337.03225806451616 6300
100.9032913959086 383.6031746031746 8659 7.745542562701957 338.2857142857143 6400
102.01855257882053 388.75 8703 7.769666486475528 339.421875 6500
103.23825157586556 395.0 8744 7.789010494791706 341.3692307692308 6600
104.53556673204093 395.530303030303 8783 7.819013832283205 342.72727272727275 6700
105.87694595048961 397.55223880597015 8808 7.8439014838384775 344.3731343283582 6800
107.407256882217 397.19117647058823 8839 7.868991167899676 345.72058823529414 6900
109.63003659995437 396.5652173913044 8866 7.9058210989483255 347.05797101449275 7000
111.41832343924769 395.1857142857143 8896 7.952587757241737 348.42857142857144 7100
113.37883414198129 399.61971830985914 8928 8.000203892116268 350.3098591549296 7200
115.36084537325915 398.8888888888889 8961 8.04688315904675 351.97222222222223 7300
116.90109517786844 399.86301369863014 8989 8.074323115772138 353.4931506849315 7400
118.5163780381156 401.86486486486484 9023 8.12518142282708 354.5810810810811 7500
120.00250312700608 403.25333333333333 9056 8.16468880777762 355.3066666666667 7600
121.52679707756177 403.92105263157896 9087 8.227115151215953 355.5394736842105 7700
123.32050903428998 403.02597402597405 9117 8.276877597686028 355.83116883116884 7800
124.69192318411766 402.20512820512823 9144 8.329738141305437 356.0 7900
126.32266343185917 401.126582278481 9170 8.36581091394065 356.53164556962025 8000
127.70791207728692 399.875 9197 8.414710499738614 357.1375 8100
128.69848848707707 397.7901234567901 9223 8.446627654062828 358.5308641975309 8200
129.30418722299626 394.9390243902439 9245 8.456086124406236 359.4024390243902 8300
129.698215070714 394.1566265060241 9261 8.474333137790426 360.68674698795184 8400
129.9573105346645 393.5 9274 8.492826526361705 362.04761904761904 8500
130.31613161570954 393.1058823529412 9283 8.522658819328878 363.2352941176471 8600
130.89619179143247 394.59302325581393 9294 8.557777404486183 363.8953488372093 8700
131.45042055198763 392.8735632183908 9307 8.590877664204733 364.58620689655174 8800
131.87772305728762 392.2613636363636 9318 8.608227316416311 365.6818181818182 8900
132.21985985336914 393.0 9329 8.633228507617625 367.2134831460674 9000
132.66241284506862 393.68888888888887 9336 8.650845413088541 368.9888888888889 9100
133.22687823153976 393.7032967032967 9345 8.660647739789294 370.8901098901099 9200
133.7131667942519 393.95652173913044 9353 8.661890699139411 372.7282608695652 9300
134.21797879493894 393.23655913978496 9364 8.654511334160466 374.0430107526882 9400
134.6713485771315 394.8404255319149 9377 8.655400524627856 374.75531914893617 9500
135.11891136245583 396.82105263157894 9389 8.6554393707801 374.81052631578945 9600
135.65287321913507 399.3958333333333 9402 8.663034954257549 374.2604166666667 9700
136.1019572286308 404.319587628866 9423 8.670209587295867 373.70103092783506 9800
136.60273257241437 411.7244897959184 9442 8.683227305241276 373.2040816326531 9900
136.72465158139872 416.969696969697 9463 8.70234377262023 372.82828282828285 10000
136.67107490349875 416.72 9478 8.715026217246969 373.04 10100
136.6576600931907 417.990099009901 9494 8.725273482422741 373.35643564356434 10200
136.75922294966642 418.578431372549 9506 8.739404788150622 373.6078431372549 10300
136.80961704194976 418.63106796116506 9512 8.755128764566386 373.36893203883494 10400
136.8358561931142 417.1442307692308 9521 8.758495441425312 373.5 10500
136.96504864679682 415.46666666666664 9529 8.762700246745071 373.5809523809524 10600
137.08231139491076 414.3490566037736 9537 8.769431286645501 373.8867924528302 10700
137.26107932181543 412.7570093457944 9544 8.775116767871035 374.3457943925234 10800
137.56210945100574 412.93518518518516 9550 8.775425970374988 374.8333333333333 10900
137.95110335183392 413.0642201834862 9557 8.78283796453057 375.35779816513764 11000
138.36950160918795 413.1 9566 8.797578122299827 375.44545454545454 11100
138.895637412423 412.3333333333333 9575 8.813007184996518 375.6126126126126 11200
139.41313489878016 412.3125 9581 8.83253390655905 375.875 11300
140.03807776681106 413.0353982300885 9591 8.85402360265337 376.353982300885 11400
140.76857002446303 415.0 9603 8.870472226021908 376.86842105263156 11500
141.4184429252152 416.2782608695652 9621 8.877632272326244 377.2782608695652 11600
142.12712146264244 418.57758620689657 9636 8.884031994116533 377.8534482758621 11700
142.93377392594374 419.35897435897436 9651 8.897924318630617 378.28205128205127 11800
143.75821616171098 419.93220338983053 9670 8.908990245622762 378.64406779661016 11900
144.51361489759833 419.87394957983196 9690 8.92075579741661 378.87394957983196 12000
145.42577562426752 418.825 9707 8.937189975295281 379.1666666666667 12100
146.19530930874546 418.0165289256198 9718 8.955687897784504 379.60330578512395 12200
146.8909517532966 419.3196721311475 9731 8.976846497286573 380.0327868852459 12300
147.59932649715014 420.4065040650407 9745 8.998956920653582 380.4715447154472 12400
148.48002161704824 423.0806451612903 9761 9.028877356044207 380.94354838709677 12500
149.65724215148472 424.048 9775 9.05962815537767 381.584 12600
150.93643071280354 426.94444444444446 9791 9.079736029850729 382.35714285714283 12700
152.19264081675925 428.1653543307087 9804 9.099607779819321 383.03937007874015 12800
153.2331431064402 428.2578125 9820 9.115022775857664 383.8984375 12900
154.43678809203894 429.2480620155039 9838 9.12691502416123 384.83720930232556 13000
156.02106854187346 429.46153846153845 9854 9.130315412569539 385.84615384615387 13100
157.64301162548978 431.29007633587787 9871 9.125434448282055 386.91603053435114 13200
159.44626250907956 432.7121212121212 9885 9.124619468695501 387.5833333333333 13300
160.8844069847251 434.85714285714283 9898 9.127100115205652 388.0375939849624 13400
162.29402881065917 436.1268656716418 9913 9.123486361680664 388.5223880597015 13500
163.71734116897355 436.2814814814815 9931 9.128127203445992 388.8222222222222 13600
165.22156183974812 436.6102941176471 9947 9.14044922083703 388.86764705882354 13700
166.78499164106364 437.4379562043796 9959 9.148926867345176 388.75912408759126 13800
168.12060228731428 438.6521739130435 9973 9.158375442137451 388.6521739130435 13900
169.31042332749365 440.0071942446043 9988 9.1685603243816 388.51798561151077 14000
170.54153433617398 443.20714285714286 10002 9.174052750636017 388.75714285714287 14100
171.67271572592833 445.3404255319149 10015 9.174120982683903 389.21276595744683 14200
172.72666538225005 447.53521126760563 10028 9.172894778580494 389.5422535211268 14300
173.78016469061944 446.7692307692308 10038 9.176123594007313 389.83916083916085 14400
174.88725005794402 446.0625 10048 9.181320848923143 390.09027777777777 14500
176.05396171636258 446.55172413793105 10057 9.188823675959746 390.46206896551723 14600
176.99474525543133 448.6575342465753 10063 9.195836979257603 391.17123287671234 14700
177.93528359682065 450.15646258503403 10071 9.208419411680712 391.8707482993197 14800
178.9960729694019 451.6081081081081 10080 9.226810041048676 392.5878378378378 14900
180.06959466200476 451.16107382550337 10091 9.243781487454763 393.28187919463085 15000
181.21589998280015 451.22 10099 9.259982364494919 393.75333333333333 15100
182.4587812640487 452.02649006622516 10107 9.274277876327156 394.11920529801324 15200
183.78305368156103 452.69736842105266 10117 9.29236325749575 394.5263157894737 15300
185.00016137382408 454.0065359477124 10126 9.307780247908836 394.9477124183006 15400
186.2357769095005 453.7987012987013 10133 9.319309813398604 395.46753246753246 15500
187.43148737763855 453.64516129032256 10141 9.32905148100689 395.9483870967742 15600
188.55917291925792 454.1474358974359 10150 9.339281920231205 396.4166666666667 15700
189.76633485814727 455.5222929936306 10157 9.339890204871105 396.8216560509554 15800
190.9334024885753 455.24050632911394 10162 9.338546973033111 397.253164556962 15900
192.19986547185655 454.9874213836478 10170 9.33641774678762 397.7987421383648 16000
193.136539055103 454.39375 10179 9.337905561402113 398.1125 16100
194.1047464090239 454.45341614906835 10183 9.340069343690322 398.4099378881988 16200
195.1844765221471 454.8641975308642 10188 9.344855240429176 398.69135802469134 16300
196.479364627065 455.77914110429447 10196 9.352055628638313 399.07361963190186 16400
197.66560821663683 456.5609756097561 10206 9.358730951089532 399.4390243902439 16500
198.86073761774708 456.369696969697 10215 9.360716063566588 399.72727272727275 16600
199.84867293755863 455.6807228915663 10223 9.366288342013261 400.1385542168675 16700
200.65407859662992 455.78443113772454 10230 9.37019817690678 400.41317365269464 16800
201.64380943833757 457.92261904761904 10237 9.378126328589325 400.6607142857143 16900
202.74048672787936 459.79289940828403 10244 9.386737020925088 400.8757396449704 17000
203.52393788604664 462.3411764705882 10254 9.395475864481599 401.13529411764705 17100
204.4567954592103 461.80116959064327 10263 9.407007274272791 401.3157894736842 17200
205.4493066061473 462.8546511627907 10271 9.421711709961706 401.5406976744186 17300
206.2686631582906 463.94797687861274 10276 9.426530250071384 401.8323699421965 17400
206.904755453168 465.6034482758621 10282 9.438566474687832 401.82183908045977 17500
207.49783005319287 467.21714285714285 10289 9.448218435258005 401.77142857142854 17600
208.07227940870087 468.95454545454544 10295 9.457369600565697 401.67045454545456 17700
208.73648390915284 471.57062146892656 10301 9.461321539235371 401.6327683615819 17800
209.43700880198463 472.6011235955056 10307 9.467527810002863 401.3370786516854 17900
210.25115219882133 474.05027932960894 10314 9.472006597484583 401.22346368715085 18000
211.12013773794504 474.30555555555554 10324 9.479313416623853 401.1722222222222 18100
211.90687769924847 473.7403314917127 10335 9.487835105650433 401.24309392265195 18200
212.5817925095647 473.04945054945057 10345 9.496621487057514 401.2362637362637 18300
213.34689718889658 472.37704918032784 10352 9.508935030844084 401.11475409836066 18400
213.96059966849185 474.23369565217394 10358 9.520273634454922 401.17391304347825 18500
214.7004068998928 476.35135135135135 10365 9.533928974960068 401.1945945945946 18600
215.49056019678036 479.4623655913978 10372 9.549235552411638 401.38709677419354 18700
216.32905111629375 479.048128342246 10380 9.563277073521736 401.6631016042781 18800
217.17668171020372 478.3989361702128 10385 9.576491658490339 401.78723404255317 18900
218.06764469951045 478.8783068783069 10390 9.579504048304322 402.05820105820106 19000
218.9020510589513 479.5105263157895 10396 9.584290284307398 402.22105263157897 19100
219.8060760391723 480.20942408376965 10403 9.586575850009105 402.21465968586386 19200
220.59509207490524 479.5885416666667 10413 9.588941685824322 402.1197916666667 19300
221.43099674560594 479.47668393782385 10422 9.590846245686011 402.1865284974093 19400
222.21049527201416 479.24226804123714 10428 9.588639773789044 402.2783505154639 19500
222.98602960439501 478.3692307692308 10436 9.593598316259643 402.2307692307692 19600
223.79157795680135 477.23979591836735 10443 9.601016789378823 402.25 19700
224.53370260624453 476.0253807106599 10450 9.604170116449094 402.4111675126904 19800
225.24870908311857 475.2121212121212 10453 9.611712494525662 402.6969696969697 19900
225.94171875467575 476.38693467336685 10458 9.616114968814722 402.9899497487437 20000
226.4244458992466 477.5 10461 9.620983111919367 403.175 20100
226.89284351212234 478.65671641791045 10464 9.628481728915814 403.3830845771144 20200
227.2894774428866 477.85643564356434 10466 9.634847095180023 403.2920792079208 20300
227.79462292819196 477.2413793103448 10468 9.65022999499478 403.1527093596059 20400
228.3561835671203 477.30882352941177 10472 9.661302842612898 403.0 20500
229.06881028404888 476.86829268292684 10476 9.670028194600153 402.7317073170732 20600
229.7907961780946 476.86893203883494 10479 9.679422539082164 402.5 20700
230.51561463377527 476.24154589371983 10483 9.68770522920225 402.4782608695652 20800
231.0578023543406 475.25 10487 9.696257928420827 402.46153846153845 20900
231.38222597711876 474.4593301435407 10489 9.702495928763312 402.44976076555025 21000
231.70172685424828 473.73333333333335 10489 9.702469613373818 402.5190476190476 21100
232.07231275997242 473.2369668246445 10489 9.70698989956636 402.62085308056874 21200
232.41414759323794 472.4056603773585 10491 9.707159084676222 402.7641509433962 21300
232.79843144458198 471.8967136150235 10493 9.710383405376987 402.88262910798124 21400
233.17182660818867 471.51869158878503 10495 9.714348078853787 403.04672897196264 21500
233.51811546163827 471.2139534883721 10494 9.710379534817774 403.2 21600
233.7396952960067 470.68055555555554 10493 9.704532261142935 403.3333333333333 21700
233.90760892719726 469.9216589861751 10492 9.69605453120617 403.4930875576037 21800
234.10806212337502 468.8073394495413 10490 9.689886167995827 403.5229357798165 21900
234.31691229329104 467.91324200913243 10488 9.689780142875602 403.1232876712329 22000
234.50046481230547 467.15 10484 9.69800841495344 402.76363636363635 22100
234.7569850631164 467.7556561085973 10483 9.705257245655009 402.4660633484163 22200
235.06847238602586 468.44594594594594 10483 9.709429865932997 402.2972972972973 22300
235.49109188968924 467.99103139013454 10484 9.713447055583048 402.31838565022423 22400
235.83208578722832 467.71875 10484 9.717984031806917 402.49107142857144 22500
236.0776229799278 467.6666666666667 10482 9.723802000674562 402.6 22600
236.36021295677097 467.7566371681416 10482 9.733353111030766 402.716814159292 22700
236.5812298667292 467.5726872246696 10484 9.74154869203944 402.726872246696 22800
236.76179213090685 467.0570175438597 10486 9.74377874163576 402.7280701754386 22900
236.99173543793322 466.34497816593887 10490 9.74218310686171 402.7991266375546 23000
237.1991900551898 466.0130434782609 10492 9.735723224903225 402.9695652173913 23100
237.49565064327592 465.8225108225108 10493 9.728511295106504 403.2164502164502 23200
237.8141213379719 465.9698275862069 10495 9.722040439210668 403.375 23300
238.13810427480817 465.3047210300429 10497 9.717715311635882 403.3261802575107 23400
238.40502520454783 464.52564102564105 10500 9.711799149335445 403.2521367521368 23500
238.66922461697624 463.55744680851063 10500 9.7100873393788 403.0425531914894 23600
238.91948902725048 463.10593220338984 10499 9.709871252809783 402.89406779661016 23700
239.147212985623 462.62025316455697 10496 9.713684607707787 402.8143459915612 23800
239.44315675894265 463.02521008403363 10492 9.720733430145257 402.7310924369748 23900
239.7218831359907 464.32217573221754 10490 9.732508117554401 402.6192468619247 24000
239.9339047083123 465.4625 10491 9.735524840977634 402.7625 24100
240.18366913143888 466.45228215767634 10491 9.735412013145085 403.0124481327801 24200
240.38827795723924 466.41322314049586 10492 9.738250071860282 403.10743801652893 24300
240.6203198919218 465.7695473251029 10492 9.737899500471926 403.1522633744856 24400
240.81942680313477 465.04918032786884 10492 9.739559162940719 403.155737704918 24500
241.0937767305122 464.0326530612245 10493 9.746064363636199 403.0857142857143 24600
241.43335374032173 463.2845528455285 10493 9.751991263103747 403.1016260162602 24700
241.69721428699583 462.66396761133603 10493 9.758155305779123 402.9676113360324 24800
241.97691921646208 463.008064516129 10493 9.76493693761066 402.7540322580645 24900
242.1914422509931 462.95180722891564 10495 9.773327418450242 402.578313253012 25000
242.28743248839595 462.844 10498 9.783502401459367 402.472 25100
242.36109395329075 462.46215139442234 10500 9.79512191380415 402.45019920318725 25200
242.47604606676447 462.36507936507934 10501 9.803776947781873 402.58730158730157 25300
242.65302955861046 462.5612648221344 10500 9.808680771879352 402.82608695652175 25400
242.76183802427224 462.8622047244094 10500 9.813997347222706 403.0551181102362 25500
242.8952711267337 463.03137254901964 10501 9.816645834889 403.3529411764706 25600
243.07829896286222 462.69140625 10502 9.822202415357333 403.62109375 25700
243.26618562644626 462.2996108949416 10502 9.829322927021481 403.91050583657585 25800
243.4793954339999 462.2015503875969 10502 9.835592250988988 404.1279069767442 25900
243.7791210060079 462.34362934362935 10503 9.842632786348455 404.2895752895753 26000
244.05781380863985 462.3615384615385 10503 9.84961916374362 404.4153846153846 26100
244.35837780447807 461.95785440613025 10506 9.85732355436636 404.58620689655174 26200
244.6359803321559 461.4770992366412 10509 9.865501708739009 404.79007633587787 26300
244.95835896220495 460.8212927756654 10510 9.872791088917385 404.91634980988596 26400
245.33955183361758 460.42424242424244 10511 9.878625378270959 405.0265151515151 26500
245.75078687165828 460.20754716981133 10511 9.886148831279492 405.13962264150945 26600
246.19587031544725 460.1766917293233 10513 9.896658866431892 405.2706766917293 26700
246.58762780258797 459.96629213483146 10517 9.905660144085706 405.3370786516854 26800
246.93536593633135 460.2313432835821 10519 9.912291736194595 405.2686567164179 26900
247.24446733242746 460.74349442379184 10523 9.918583035178223 405.2007434944238 27000
247.613623626258 460.1185185185185 10525 9.922303382911181 405.1074074074074 27100
247.9579302623091 459.5830258302583 10529 9.924387796580069 405.1845018450185 27200
248.27062891680694 458.84558823529414 10532 9.927627383929245 405.39338235294116 27300
248.55413786000074 458.3333333333333 10532 9.930232737427264 405.6923076923077 27400
248.87587388790894 457.7080291970803 10533 9.935242947520706 406.1094890510949 27500
249.15370771737526 457.4654545454545 10534 9.934521489912498 406.5781818181818 27600
249.44407114398206 457.4311594202899 10535 9.931040195421968 407.2391304347826 27700
249.74371903303657 457.2815884476534 10536 9.925873985330192 407.83393501805057 27800
250.0904150892402 457.1043165467626 10537 9.921874271312358 408.3021582733813 27900
250.4998962201888 457.0179211469534 10536 9.9155085331834 408.4587813620072 28000
251.00459386489902 457.6357142857143 10536 9.910491139485861 408.4392857142857 28100
251.42917454404844 457.2846975088968 10538 9.905228958141848 408.20284697508896 28200
251.76144454003267 456.51418439716315 10539 9.90338901019228 407.9148936170213 28300
252.02091851960736 456.0565371024735 10539 9.902804933259075 407.75971731448766 28400
252.16064837620863 455.5492957746479 10538 9.90203071458305 407.57042253521126 28500
252.2226521499457 455.22105263157897 10538 9.902959261783343 407.46315789473687 28600
252.33633411392617 455.0699300699301 10537 9.903934292972275 407.44055944055947 28700
252.53840762088134 455.54355400696863 10537 9.905015656809605 407.3379790940767 28800
252.65875442300387 455.9375 10535 9.90220392916526 407.33680555555554 28900
252.7496419984347 457.2768166089965 10535 9.90254232387403 407.3148788927336 29000
252.84602099972435 458.3862068965517 10534 9.902112101301284 407.2896551724138 29100
252.90469931474084 459.73539518900344 10533 9.900658680563708 407.29896907216494 29200
252.9641974187841 460.39383561643837 10533 9.898287703347167 407.1575342465753 29300
253.0236990698113 460.8600682593857 10533 9.900450253484605 407.0136518771331 29400
253.09960995155157 461.0850340136054 10533 9.90484154296834 406.812925170068 29500
253.18578202525504 460.78983050847455 10535 9.909880399933959 406.5593220338983 29600
253.31757185164815 460.4087837837838 10538 9.91320383446552 406.3783783783784 29700
253.43627427811862 460.6835016835017 10540 9.91477553872658 406.27272727272725 29800
253.57266042252834 461.3489932885906 10542 9.911294919537593 406.31879194630875 29900
253.7455246628503 461.3678929765886 10548 9.905312157196636 406.4180602006689 30000
253.9125773584186 461.47 10552 9.89854445000598 406.31 30100
254.05182551568265 461.3887043189369 10554 9.893862779747248 406.18936877076413 30200
254.21237136494963 462.4039735099338 10553 9.886744644868985 406.1324503311258 30300
254.34339906803243 462.8019801980198 10552 9.881792892365667 405.9075907590759 30400
254.46434158851093 462.16776315789474 10552 9.877362270091208 405.7532894736842 30500
254.62915353209135 461.6360655737705 10552 9.869362721664679 405.4065573770492 30600
254.68524686421873 461.4052287581699 10551 9.8646976816106 405.13398692810455 30700
254.6616234449309 461.50488599348535 10549 9.861630513016028 404.885993485342 30800
254.67107234972332 461.512987012987 10547 9.855512468257121 404.7857142857143 30900
254.70162867930648 461.51132686084145 10545 9.851714104870586 404.71844660194176 31000
254.67355200309717 461.4225806451613 10544 9.847241208658325 404.60645161290324 31100
254.66421423077017 460.7170418006431 10543 9.844292627788489 404.4887459807074 31200
254.6623397596348 459.8974358974359 10542 9.843116281953503 404.39102564102564 31300
254.79290404465038 459.17891373801916 10541 9.839854639590143 404.3354632587859 31400
254.81588213447978 458.37261146496814 10539 9.83817074300263 404.3089171974522 31500
254.9084415658125 458.06031746031744 10537 9.837235211313319 404.3746031746032 31600
254.97890841907125 457.8101265822785 10535 9.835376872037012 404.4588607594937 31700
255.16577559023025 458.6435331230284 10534 9.83330242694471 404.61829652996846 31800
255.4988271880448 458.4496855345912 10534 9.835294138390378 404.5157232704403 31900
255.70291064286397 458.40752351097177 10534 9.838543356990392 404.30094043887146 32000
255.80300238930357 458.171875 10532 9.841469783999797 404.0625 32100
255.88324376017982 458.0436137071651 10532 9.843599161619736 403.91277258566976 32200
255.93358805009737 457.6925465838509 10532 9.845560033788619 403.8074534161491 32300
256.02818541653335 457.5046439628483 10531 9.845341581671626 403.73374613003097 32400
256.1510202060309 457.2901234567901 10531 9.844024492379932 403.6759259259259 32500
256.3133628326939 457.34153846153845 10531 9.839923220437566 403.5784615384615 32600
256.4613782693548 457.33742331288346 10532 9.836733271908617 403.4355828220859 32700
256.6479895088629 458.08256880733944 10532 9.835038701339025 403.27522935779814 32800
256.88071442943374 458.2835365853659 10534 9.834779437005674 403.1219512195122 32900
257.1481493300629 458.46200607902733 10536 9.832444747734126 402.9756838905775 33000
257.4079746683018 458.08787878787876 10538 9.829781243565517 402.8424242424242 33100
257.7164014829306 457.73413897280966 10540 9.82987394408731 402.6978851963746 33200
257.8875402912092 457.88253012048193 10542 9.8312469571645 402.6024096385542 33300
258.039364194667 457.93693693693695 10543 9.832382258571158 402.5525525525525 33400
258.1859662597913 457.91616766467064 10543 9.833782311689209 402.4760479041916 33500
258.3490699458829 457.2656716417911 10545 9.83569246661111 402.444776119403 33600
258.5249533062335 456.6190476190476 10545 9.83980116824684 402.4077380952381 33700
258.6852666786214 455.78635014836794 10544 9.844143094462815 402.29970326409494 33800
258.88183103743387 455.1656804733728 10543 9.84675590402734 402.2100591715976 33900
259.0142569195454 454.48082595870204 10542 9.844973214760074 402.26253687315636 34000
259.13974595994716 453.6823529411765 10541 9.841254602838104 402.2647058823529 34100
259.2378209523979 453.2258064516129 10540 9.84085122776733 402.2991202346041 34200
259.30544445655426 452.7134502923977 10539 9.838896732344335 402.3625730994152 34300
259.3166555164151 451.8862973760933 10536 9.83436850363696 402.56268221574345 34400
259.33848129085345 451.19767441860466 10533 9.828567169839815 402.6889534883721 34500
259.43058476006297 450.57101449275365 10529 9.823566825219588 402.78840579710146 34600
259.4259241653408 449.7543352601156 10525 9.818518721900812 402.9104046242775 34700
259.3358781195753 449.61671469740634 10522 9.810929864446301 402.971181556196 34800
259.2156744879864 449.6867816091954 10517 9.798158993188313 403.08045977011494 34900
259.1138744970141 449.68194842406876 10513 9.784983752520152 403.2808022922636 35000
259.07803017897965 449.14285714285717 10510 9.771937370370095 403.18 35100
258.9812480316433 448.1908831908832 10508 9.76147601034055 403.008547008547 35200
258.8683501572592 447.34375 10505 9.75476727167481 402.80397727272725 35300
258.7505544849139 446.6912181303116 10501 9.74784256220147 403.0028328611898 35400
258.6798604625238 446.03954802259886 10497 9.74300604164642 403.18926553672316 35500
258.62126334310295 445.4140845070423 10494 9.736423630261502 403.38028169014086 35600
258.52854196582666 444.85674157303373 10491 9.729232750929967 403.57022471910113 35700
258.4730128028649 444.32212885154064 10487 9.722082156636704 403.68347338935575 35800
258.4135540291779 443.85474860335194 10483 9.717525807291096 403.7625698324022 35900
258.3301901300139 443.2284122562674 10479 9.713233174368934 403.87465181058496 36000
258.25328094303643 442.53333333333336 10475 9.7112519711068 403.9472222222222 36100
258.1710081842286 442.01662049861494 10471 9.708281436253008 403.93074792243766 36200
258.129401100011 441.48342541436466 10467 9.708692655647733 403.8839779005525 36300
258.0702330640391 440.87052341597797 10463 9.711384175289789 403.8292011019284 36400
258.0029842511604 440.3434065934066 10460 9.714237515467564 403.75274725274727 36500
257.9874736654352 439.63013698630135 10457 9.718555556742023 403.5342465753425 36600
257.9978983885059 439.0655737704918 10454 9.72239830112251 403.3633879781421 36700
258.00679578356613 438.732970027248 10452 9.724290040538161 403.2125340599455 36800
258.07850553708164 438.6657608695652 10449 9.723529590548775 402.98641304347825 36900
258.15650459989735 438.49864498644985 10447 9.723293368450713 402.84823848238483 37000
258.1733060655057 438.02162162162165 10446 9.722728482898916 402.7189189189189 37100
258.2194425105122 437.54716981132077 10445 9.720780427688945 402.53099730458223 37200
258.2936158221567 437.01075268817203 10444 9.717317126626428 402.3763440860215 37300
258.33151667465177 436.70777479892763 10443 9.712330064241753 402.2680965147453 37400
258.2948580776966 436.33957219251334 10442 9.706223757729266 402.2299465240642 37500
258.26441032376835 435.94933333333336 10439 9.700101178136004 402.176 37600
258.23935045413594 435.6170212765957 10437 9.691683046600883 402.17021276595744 37700
258.19451462737 435.19363395225463 10435 9.686807650022592 402.053050397878 37800
258.1581542044774 434.70899470899474 10433 9.682345195922004 401.9391534391534 37900
258.16286919323386 435.33509234828495 10430 9.677676853659046 401.79419525065964 38000
258.2263506980464 436.12368421052633 10428 9.671288230359943 401.7157894736842 38100
258.2336721308561 437.2965879265092 10427 9.666551690822692 401.58792650918633 38200
258.236619279496 437.3062827225131 10425 9.660501962719897 401.65706806282725 38300
258.1632278680701 437.1201044386423 10424 9.653751304853786 401.65013054830285 38400
258.12716622142295 436.5260416666667 10422 9.648910472796542 401.6536458333333 38500
258.09164021488084 436.012987012987 10421 9.644944344865932 401.5038961038961 38600
258.0380098791114 435.3523316062176 10419 9.642077809098046 401.3445595854922 38700
257.9027381347526 434.91472868217056 10417 9.638718706912153 401.25839793281654 38800
257.7664899462706 434.2603092783505 10414 9.634688504059287 401.1314432989691 38900
257.6277482664599 433.8303341902314 10413 9.628362603132343 400.9511568123393 39000
257.51184351056105 433.3692307692308 10411 9.621295879600035 400.7769230769231 39100
257.44817081926345 432.88235294117646 10409 9.61506762034691 400.57544757033247 39200
257.360831532002 432.35714285714283 10408 9.61082310986693 400.2755102040816 39300
257.2480164795028 431.8117048346056 10407 9.606088191012308 400.0458015267176 39400
257.12180476064856 431.20304568527916 10405 9.602632242416957 399.8578680203046 39500
256.96961885096675 430.6253164556962 10402 9.598574945600712 399.7367088607595 39600
256.8345632375318 430.06060606060606 10400 9.594538140182529 399.5858585858586 39700
256.7411875674581 429.4584382871536 10398 9.594300008847057 399.30478589420653 39800
256.6871563118891 428.85175879396985 10396 9.595100871835534 399.0427135678392 39900
256.649400932302 428.30325814536343 10396 9.595614403485069 398.8421052631579 40000
256.65763113433775 428.395 10395 9.593225367476355 398.715 40100
256.7414946145721 428.31172069825436 10394 9.59281475914991 398.6259351620948 40200
256.86303689928184 428.24626865671644 10394 9.592513473960999 398.54477611940297 40300
257.04450545645255 427.8436724565757 10394 9.592135028616182 398.4441687344913 40400
257.25744613093076 427.8019801980198 10393 9.593402433660861 398.3910891089109 40500
257.48525770034036 427.8716049382716 10393 9.593634773330834 398.36296296296297 40600
257.73014529085754 428.0665024630542 10395 9.595620894578788 398.2807881773399 40700
257.96198516693636 428.4422604422604 10396 9.597954638192734 398.13759213759215 40800
258.20742212563795 428.8014705882353 10399 9.597469455255986 397.9852941176471 40900
258.47544001693944 429.16136919315403 10400 9.597373294081482 397.92176039119806 41000
258.76265660765335 429.54634146341465 10401 9.59480281839072 397.86341463414635 41100
258.9483879375996 429.6715328467153 10402 9.593620075893844 397.8272506082725 41200
259.11974493571796 429.93203883495147 10402 9.593150124253324 397.9150485436893 41300
259.287780914656 429.8498789346247 10403 9.591971511310152 397.98789346246974 41400
259.5197602225923 429.67149758454104 10404 9.592133635459382 397.9951690821256 41500
259.75862484015823 429.54698795180724 10406 9.589135304017207 397.99036144578315 41600
259.90806565780315 429.56490384615387 10406 9.586597318510755 397.9326923076923 41700
260.05871646305263 429.81534772182255 10407 9.585137319612114 397.88009592326136 41800
260.1986698485242 429.88038277511964 10408 9.584281184223743 397.7631578947368 41900
260.2830403536696 429.74463007159903 10409 9.582782951657887 397.6443914081146 42000
260.4029894625379 429.6547619047619 10409 9.581598007446747 397.5238095238095 42100
260.5363520893329 429.4703087885986 10409 9.580474723942535 397.4109263657957 42200
260.62741340786624 429.57582938388623 10408 9.577864989209655 397.29383886255926 42300
260.6480704772788 429.5673758865248 10408 9.576498878124053 397.1536643026005 42400
260.71000463268 429.7641509433962 10407 9.57413559795184 397.04716981132077 42500
260.8653687919514 429.44235294117647 10408 9.572539592623325 396.94823529411764 42600
260.9745032801065 429.5962441314554 10409 9.571821581060048 396.8356807511737 42700
261.0755437824827 430.14519906323187 10408 9.571866282488266 396.7072599531616 42800
261.2173124454515 430.53504672897196 10408 9.570043386189617 396.64018691588785 42900
261.29533026020385 430.4965034965035 10407 9.56764623765926 396.68531468531467 43000
261.3601809746165 429.9418604651163 10406 9.566919895592461 396.72093023255815 43100
261.4007935318623 429.2900232018562 10406 9.56444444339851 396.7772621809745 43200
261.4252522024154 428.6921296296296 10406 9.559783739613245 396.9050925925926 43300
261.45846263135803 428.27482678983836 10404 9.556050743046965 396.97459584295615 43400
261.5212228333106 428.1543778801843 10403 9.55297740544138 397.073732718894 43500
261.53566561703025 428.3862068965517 10401 9.550101335066694 397.28045977011493 43600
261.51576744112185 428.45412844036696 10400 9.548120080880311 397.4724770642202 43700
261.5581377320631 428.6910755148741 10400 9.546912502121469 397.5652173913044 43800
261.5730229946163 429.2739726027397 10399 9.546409347121749 397.6187214611872 43900
261.5711794743666 429.6993166287016 10398 9.545116212855538 397.7243735763098 44000
261.5665388305094 429.6568181818182 10396 9.542397396938373 397.9818181818182 44100
261.53846165807755 429.10884353741494 10395 9.542187879031482 398.1292517006803 44200
261.49229986129654 428.8122171945701 10393 9.542005414286022 398.3009049773756 44300
261.46239390041546 428.5823927765237 10391 9.54078192576619 398.48532731376974 44400
261.43277536145683 428.5788288288288 10390 9.538772616583492 398.6689189189189 44500
261.43166553534826 428.3955056179775 10389 9.536556569307905 398.7730337078652 44600
261.388530743536 428.0515695067265 10387 9.53460614351723 398.9865470852018 44700
261.3692965966671 427.62863534675614 10386 9.532398118694193 399.15212527964206 44800
261.34508442121216 427.203125 10384 9.530586806448353 399.3013392857143 44900
261.3277346585124 426.73719376391983 10381 9.528472794293316 399.369710467706 45000
261.30361448394984 426.58222222222224 10379 9.527457140464728 399.3 45100
261.3025283755545 426.4146341463415 10377 9.526854827411565 399.25055432372505 45200
261.3341642763952 426.20575221238937 10376 9.52635808129206 399.22566371681415 45300
261.43587305070383 425.87417218543044 10375 9.525298817598054 399.30684326710815 45400
261.5467111782986 425.5220264317181 10374 9.522744973635362 399.42290748898677 45500
261.7013516847044 425.32747252747254 10374 9.520420514965988 399.51428571428573 45600
261.8672195724054 425.0592105263158 10373 9.519942236602894 399.53508771929825 45700
262.0439562139424 424.8533916849015 10373 9.52021119701045 399.48140043763675 45800
262.22779881611234 424.2882096069869 10373 9.51993857177071 399.36899563318775 45900
262.432575970806 423.8692810457516 10372 9.519565801917839 399.26143790849676 46000
262.6371795681345 423.36304347826086 10372 9.518384551209735 399.0891304347826 46100
262.8715776305328 422.85683297180043 10371 9.515185188323967 398.9544468546638 46200
263.00662926595794 422.43722943722946 10370 9.512056578483136 398.8246753246753 46300
263.12018056288804 422.0842332613391 10368 9.507299488269402 398.71274298056153 46400
263.2723067689471 421.6594827586207 10366 9.502196547311325 398.67025862068965 46500
263.3525060268255 422.1247311827957 10365 9.49721557949265 398.5978494623656 46600
263.41683772261587 422.67596566523605 10363 9.493503618722203 398.43776824034336 46700
263.45289650966066 423.3597430406852 10361 9.488991541672187 398.3126338329765 46800
263.43857522264864 423.267094017094 10360 9.486522186526162 398.19871794871796 46900
263.4360201419629 422.91684434968016 10359 9.484631947322482 398.0724946695096 47000
263.352674444659 422.8042553191489 10358 9.483600815519669 397.95106382978724 47100
263.2908386540927 422.9087048832272 10356 9.481290301765293 397.75371549893845 47200
263.213720955622 423.66525423728814 10356 9.478891036738888 397.5614406779661 47300
263.148476089325 424.0951374207188 10356 9.478268033545605 397.4418604651163 47400
263.0693412693656 424.64978902953584 10356 9.477361941676955 397.4282700421941 47500
263.00423051656867 424.76421052631576 10355 9.473321473452126 397.3831578947368 47600
262.92938110741505 424.5798319327731 10354 9.469852777546182 397.2731092436975 47700
262.8453541278434 424.2704402515723 10352 9.467057202826721 397.2641509433962 47800
262.7335376542958 424.0857740585774 10351 9.46459241555907 397.3033472803347 47900
262.70501937846007 423.76826722338205 10349 9.463970441135496 397.3110647181628 48000
262.70417555099846 423.49583333333334 10348 9.464803078474038 397.29583333333335 48100
262.7051864303639 423.06444906444904 10347 9.465222753293565 397.2640332640333 48200
262.743639547461 422.7883817427386 10347 9.46398694927717 397.26970954356847 48300
262.7833597196141 422.6418219461698 10346 9.465050698404502 397.27536231884056 48400
262.8300522523903 422.57438016528926 10346 9.465347485499066 397.2334710743802 48500
262.89332130385185 422.4762886597938 10347 9.466243676250615 397.23298969072164 48600
262.9402854741781 422.17489711934155 10347 9.4660191889685 397.32510288065845 48700
262.9908088121967 421.98562628336754 10347 9.46619163416569 397.4907597535934 48800
263.04030019912625 421.9467213114754 10348 9.463904356226827 397.7233606557377 48900
263.0212833488606 421.69734151329243 10349 9.463410118733975 398.0347648261759 49000
263.01478699854346 421.3489795918367 10350 9.46161404366173 398.4836734693878 49100
263.04699391827796 421.0162932790224 10351 9.461183057829425 398.928716904277 49200
263.07306321768914 420.739837398374 10351 9.458329317584127 399.2906504065041 49300
263.06250693230794 420.67139959432046 10351 9.455934689714336 399.5415821501014 49400
263.06840412196254 420.6336032388664 10351 9.45121002681919 399.81983805668017 49500
263.10596603170933 420.64444444444445 10350 9.446441742100179 400.1454545454545 49600
263.14042500016336 420.4516129032258 10351 9.441221381445024 400.41733870967744 49700
263.23415437260627 420.4044265593561 10350 9.437080048129047 400.5633802816901 49800
263.32334044425085 420.4618473895582 10350 9.433078771816428 400.66064257028114 49900
263.3896844119417 420.4729458917836 10351 9.429538867798092 400.6633266533066 50000
263.44400475821755 420.5 10352 9.424839790062496 400.572 50100
263.5279074098515 420.5748502994012 10353 9.421189718318168 400.4850299401198 50200
263.6331083712573 420.304780876494 10354 9.417630805302823 400.4203187250996 50300
263.7202100940977 420.1610337972167 10355 9.415907921809502 400.2823061630219 50400
263.80910629256124 419.82142857142856 10356 9.41578541931914 400.17857142857144 50500
263.89323272810736 419.47128712871285 10356 9.414054491096067 400.1029702970297 50600
263.9934993640493 419.29249011857706 10356 9.412184986383195 400.07312252964425 50700
264.0844688371423 419.094674556213 10357 9.408728160903317 400.05325443786984 50800
264.18492709389847 418.7814960629921 10357 9.406373904597302 400.04330708661416 50900
264.286224531787 418.5638506876228 10357 9.405619186164344 400.0392927308448 51000
264.4507702906023 418.4529411764706 10356 9.406305335908248 399.9627450980392 51100
264.6133562160959 418.3248532289628 10356 9.405197106288076 399.9060665362035 51200
264.79314024373423 418.08984375 10356 9.406319768189856 399.90234375 51300
264.93803778019 417.97465886939574 10355 9.405965323799464 399.97465886939574 51400
265.0636162812479 417.8190661478599 10355 9.4033401067757 400.0175097276265 51500
265.13984747903595 417.6038834951456 10353 9.401660730914896 400.04466019417475 51600
265.19251327760634 417.4670542635659 10352 9.400312323205645 399.9825581395349 51700
265.2800713949691 417.2495164410058 10351 9.39960966307766 399.92263056092844 51800
265.4202984069811 416.9787644787645 10350 9.400031617045045 399.8455598455598 51900
265.56015049304364 416.7437379576108 10350 9.400605955369711 399.7630057803468 52000
265.6985546120118 416.5057692307692 10350 9.402157765397483 399.69807692307694 52100
265.8255771051364 416.40115163147794 10351 9.404177703380492 399.64491362763914 52200
266.0055267875291 416.3984674329502 10351 9.405979714650273 399.6704980842912 52300
266.11281509861556 416.50860420650093 10351 9.406310436741613 399.66347992351814 52400
266.21362318596454 416.15076335877865 10352 9.406651267321072 399.6889312977099 52500
266.25671585603607 415.9504761904762 10352 9.407708195310056 399.7314285714286 52600
266.38313682883216 415.98669201520914 10352 9.409085319409654 399.787072243346 52700
266.51119677627264 416.0929791271347 10352 9.41038905475452 399.865275142315 52800
266.59620457797814 415.9564393939394 10351 9.412397007747964 399.9431818181818 52900
266.63356286735535 415.76559546313797 10351 9.413427347635984 399.97542533081287 53000
266.65660723863584 415.68679245283016 10351 9.413494427342025 400.03584905660375 53100
266.7448277111596 415.5404896421846 10351 9.413838418714551 400.0376647834275 53200
266.8652588619457 415.30075187969925 10351 9.41354785638475 400.0563909774436 53300
266.97775314102137 415.3264540337711 10351 9.412135410661165 400.1181988742964 53400
267.07075147670827 415.30898876404495 10350 9.411180027465758 400.1179775280899 53500
267.15261471193094 415.17009345794395 10351 9.410375521303708 400.1626168224299 53600
267.32036657820225 414.97574626865674 10351 9.409440288818237 400.1809701492537 53700
267.53164089574113 414.8640595903166 10352 9.408245534356483 400.22346368715085 53800
267.7499130397255 414.86245353159853 10352 9.406749628671552 400.2825278810409 53900
267.9853147941963 414.8831168831169 10352 9.40484808609854 400.33024118738405 54000
268.20475025684624 414.8611111111111 10354 9.406306344628556 400.3388888888889 54100
268.41599013178524 415.2310536044362 10355 9.407773430867689 400.36783733826246 54200
268.62408883398797 415.23247232472323 10356 9.409013701290442 400.3874538745387 54300
268.8225566350254 415.0018416206261 10357 9.412984610480153 400.3885819521179 54400
268.96943567213907 415.04411764705884 10358 9.41730057547048 400.4283088235294 54500
269.110285087381 415.097247706422 10360 9.420477888488355 400.4954128440367 54600
269.30588091471793 415.1098901098901 10361 9.42107166680809 400.507326007326 54700
269.51068289611567 415.45703839122484 10363 9.421398775278277 400.53930530164536 54800
269.7200221271861 415.5985401459854 10365 9.423002062184704 400.4744525547445 54900
269.95687854745455 416.1238615664845 10367 9.423875353554841 400.3169398907104 55000
270.09405043132693 416.14363636363635 10369 9.424215782204945 400.15636363636366 55100
270.19939714216974 415.9255898366606 10371 9.42203430568955 400.07078039927404 55200
270.2644009181468 415.80434782608694 10371 9.41845701242028 400.06159420289856 55300
270.29724747334205 415.52802893309223 10371 9.41352726681429 400.0415913200723 55400
270.3295355129725 415.2238267148014 10371 9.41042037227547 400.014440433213 55500
270.3900941894081 415.0288288288288 10370 9.408590311860747 400.0234234234234 55600
270.4403704478004 415.0359712230216 10369 9.405799938740751 400.0089928057554 55700
270.4902864115059 414.9766606822262 10368 9.403232272344624 399.95870736086175 55800
270.5005697821922 414.76344086021504 10367 9.399437437243137 399.8727598566308 55900
270.51673715474976 414.386404293381 10367 9.397558009286175 399.77638640429336 56000
270.5481255977466 414.1232142857143 10366 9.395556290956524 399.67321428571427 56100
270.5706234023743 413.84135472370764 10364 9.394534305094252 399.5187165775401 56200
270.5640700411754 414.0480427046263 10363 9.393872726744844 399.4252669039146 56300
270.5417651799416 414.2238010657194 10363 9.392151816040148 399.2202486678508 56400
270.50469590522783 414.32801418439715 10361 9.391320122967517 399.0691489361702 56500
270.4441815237173 414.1132743362832 10360 9.388953280367671 398.9982300884956 56600
270.3813385256664 413.8339222614841 10359 9.386940995420025 398.90812720848055 56700
270.35179562190166 413.69488536155205 10358 9.386062596643074 398.81481481481484 56800
270.33391573382295 413.45598591549293 10357 9.384669167062002 398.75704225352115 56900
270.3452955527739 413.3866432337434 10355 9.384783983991595 398.82249560632687 57000
270.3606235178937 413.18947368421055 10354 9.383823326655339 398.91754385964913 57100
270.36616472737666 413.14711033274955 10352 9.384261720726807 399.09807355516637 57200
270.4148894100887 413.0244755244755 10351 9.384144258226815 399.26573426573424 57300
270.46520760801656 412.9825479930192 10350 9.384254597079913 399.4659685863874 57400
270.49725884386925 413.17770034843204 10348 9.384318705153953 399.68989547038325 57500
270.53731279707694 413.5913043478261 10348 9.381911194362383 399.9686956521739 57600
270.6234265677888 413.89756944444446 10348 9.382539108510347 400.15277777777777 57700
270.7342002862462 413.72790294627384 10347 9.38324436774033 400.3032928942808 57800
270.79548798684834 413.46020761245677 10346 9.380429234856654 400.55709342560556 57900
270.8651466917827 413.4715025906736 10345 9.378045073829268 400.7530224525043 58000
270.8744611508139 413.4465517241379 10344 9.376120693981122 400.9155172413793 58100
270.9548106775435 413.2960413080895 10343 9.375683225006133 401.01376936316694 58200
271.0379384204984 412.9828178694158 10343 9.375123631836018 401.0996563573883 58300
271.1687712584521 412.7186963979417 10342 9.375442417389914 401.1457975986278 58400
271.3490814699201 412.583904109589 10341 9.37581767796732 401.17294520547944 58500
271.49065371910297 412.48205128205126 10340 9.374923871981855 401.24615384615385 58600
271.5585806960182 412.3839590443686 10339 9.373715241938655 401.2064846416382 58700
271.5981920665395 412.06814310051107 10339 9.371192485381446 401.175468483816 58800
271.5736013897084 411.812925170068 10339 9.36767744344387 401.18367346938777 58900
271.49064697534124 411.4601018675722 10338 9.364691056701476 401.2020373514431 59000
271.3764433715231 411.03389830508473 10337 9.358584639252669 401.12881355932205 59100
271.2727161413507 410.65820642978 10335 9.353113260844458 400.99830795262267 59200
271.1344955922917 410.24493243243245 10333 9.34861865684355 400.83952702702703 59300
270.9526491769176 409.7470489038786 10331 9.344116047689635 400.752107925801 59400
270.75968867124027 409.25589225589226 10328 9.341915577974731 400.62626262626264 59500
270.5357397112403 408.7529411764706 10326 9.338579825502746 400.52773109243697 59600
270.30807656853193 408.19127516778525 10323 9.337108279590055 400.3993288590604 59700
270.0860037713663 407.82077051926296 10320 9.333713365935106 400.2830820770519 59800
269.8751092805545 407.4816053511706 10316 9.331105473263621 400.2073578595318 59900
269.69262805244165 407.13355592654426 10315 9.32736557947004 400.2387312186978 60000
269.5380627848228 406.7633333333333 10313 9.3224956458466 400.39166666666665 60100
269.40106579176177 406.3144758735441 10311 9.319416987903796 400.459234608985 60200
269.2588359782224 405.90697674418607 10307 9.31551667491962 400.5548172757475 60300
269.13951288837416 405.6285240464345 10304 9.311630614467386 400.5970149253731 60400
269.0153122083574 405.45198675496687 10301 9.308938700015808 400.6572847682119 60500
268.91859951418064 405.2297520661157 10299 9.307601611255452 400.7107438016529 60600
268.84188152152853 405.0693069306931 10297 9.30714255210273 400.64521452145215 60700
268.7783074331135 404.7825370675453 10296 9.307348960472302 400.500823723229 60800
268.7103687762484 404.5986842105263 10295 9.305662615606478 400.39144736842104 60900
268.6406751529327 404.39244663382595 10294 9.304950189097756 400.2988505747126 61000
268.56517785627943 404.12459016393444 10293 9.302225446399001 400.25245901639346 61100
268.49289558664736 403.9198036006547 10292 9.299713525636424 400.189852700491 61200
268.46871318310224 404.1503267973856 10292 9.298691801909323 400.1062091503268 61300
268.47639101284665 404.4437194127243 10292 9.29915298224689 400.0032626427406 61400
268.4533908712062 404.6758957654723 10292 9.299683677715542 399.87459283387625 61500
268.4329736157835 404.409756097561 10292 9.301286979517167 399.75447154471544 61600
268.42890649827984 404.15746753246754 10292 9.301172502652317 399.6720779220779 61700
268.3884667815647 403.94003241491083 10292 9.300767493817032 399.6061588330632 61800
268.3502804498722 403.6601941747573 10292 9.300025321922762 399.59223300970876 61900
268.3476982149145 403.5638126009693 10292 9.300707384766541 399.5928917609047 62000
268.36143813918966 403.708064516129 10291 9.300658292646386 399.6274193548387 62100
268.40553844570854 403.5394524959742 10291 9.301079937907824 399.65056360708536 62200
268.4417405397479 403.86012861736333 10291 9.301447030876954 399.68167202572346 62300
268.43694093084565 404.1219903691814 10290 9.301435266215929 399.7672552166934 62400
268.44045596535665 404.49038461538464 10290 9.29966124246309 399.8942307692308 62500
268.4777133739758 404.3488 10289 9.298426228919594 400.0416 62600
268.51825930952305 404.1325878594249 10289 9.29704285224789 400.15015974440894 62700
268.57474622979026 403.8325358851675 10288 9.294615351686089 400.18819776714514 62800
268.67260146967817 403.5700636942675 10288 9.291813231254949 400.1990445859873 62900
268.74660229737333 403.8076311605723 10288 9.28936201785073 400.25119236883944 63000
268.8191040958638 404.231746031746 10287 9.286761701617152 400.27460317460316 63100
268.89526255029426 404.6687797147385 10287 9.284149239130183 400.27099841521397 63200
268.99665060457687 404.59493670886076 10287 9.282448531988493 400.2120253164557 63300
269.16573714415995 404.391785150079 10288 9.281818630563919 400.1169036334913 63400
269.3554106955766 404.217665615142 10288 9.281712111768526 400.01892744479494 63500
269.4738104707741 404.07086614173227 10288 9.282343945969313 399.9669291338583 63600
269.5481989165383 403.9669811320755 10288 9.283555090046324 399.94025157232704 63700
269.61349973680836 403.89481946624807 10288 9.284287342652217 399.92621664050233 63800
269.6721383821061 403.86833855799375 10288 9.283768848967954 399.94670846394985 63900
269.76279270173296 403.75899843505476 10287 9.282503170018082 400.0547730829421 64000
269.80711727500477 403.671875 10287 9.280379066507237 400.178125 64100
269.8113943630221 403.38533541341656 10286 9.27802158086406 400.3104524180967 64200
269.8449754353914 403.6277258566978 10286 9.275559980922846 400.386292834891 64300
269.86523847466236 403.9626749611198 10285 9.272451171846264 400.4059097978227 64400
269.8630394564794 403.7391304347826 10284 9.26944011930199 400.4549689440994 64500
269.843308897437 403.52713178294573 10284 9.266746281742787 400.4527131782946 64600
269.8374688895641 403.27089783281735 10283 9.264917117812812 400.42260061919507 64700
269.80941926250966 403.1406491499227 10282 9.263264467204003 400.41267387944356 64800
269.7406203400181 402.97067901234567 10281 9.261889202630009 400.2438271604938 64900
269.6676917075808 402.76271186440675 10281 9.261736508477535 400.040061633282 65000
269.5850814309774 402.5323076923077 10280 9.262550294886674 399.87538461538463 65100
269.5543250852952 402.32565284178185 10280 9.26268284007011 399.7465437788018 65200
269.5548796166404 402.31595092024537 10279 9.261464131889609 399.62116564417175 65300
269.59770464557766 402.21286370597244 10279 9.262025300105313 399.4640122511485 65400
269.63051907613027 401.8730886850153 10279 9.262818056228818 399.31498470948014 65500
269.6565681931659 401.63969465648853 10280 9.263943524845262 399.1801526717557 65600
269.6547982139476 401.3704268292683 10281 9.265690953024244 399.0564024390244 65700
269.66286547992763 401.11415525114154 10281 9.266479526587045 398.9345509893455 65800
269.64061876945823 401.03951367781156 10281 9.266319664574876 398.84954407294833 65900
269.57967748901996 400.9772382397572 10281 9.264445507268997 398.7921092564492 66000
269.52218246781416 400.96060606060604 10280 9.261905794824829 398.73636363636365 66100
269.46373231433193 400.9803328290469 10280 9.259675799352898 398.71104387291984 66200
269.39527097260907 401.28851963746223 10279 9.25756316387217 398.7084592145015 66300
269.33594794333527 401.5098039215686 10278 9.255821083840033 398.6892911010558 66400
269.29322513655694 401.5225903614458 10278 9.25490870268967 398.66114457831327 66500
269.25145891574016 401.2481203007519 10277 9.254139801999294 398.6015037593985 66600
269.21543041594765 400.95045045045043 10276 9.253094756553175 398.5285285285285 66700
269.19768915682636 400.7151424287856 10275 9.253321384083304 398.4407796101949 66800
269.22820986246194 400.5239520958084 10274 9.253369876451016 398.3922155688623 66900
269.2576306983481 400.4424514200299 10273 9.254577431926867 398.355754857997 67000
269.2519542826525 400.3328358208955 10273 9.25577611084592 398.355223880597 67100
269.27437717341144 400.1654247391952 10273 9.257749618877446 398.3800298062593 67200
269.31577373035 399.9300595238095 10273 9.259092253373163 398.36160714285717 67300
269.3748443018674 399.70282317979195 10273 9.262164227160492 398.3224368499257 67400
269.42794100032324 399.4718100890208 10273 9.265639008228009 398.2700296735905 67500
269.52077939923856 399.24148148148146 10274 9.270113193824285 398.24148148148146 67600
269.5922441023875 399.0059171597633 10274 9.27421186709752 398.2647928994083 67700
269.68171216707196 398.8714918759232 10274 9.276339007196764 398.36041358936484 67800
269.76133972753826 399.50442477876106 10274 9.27845987254645 398.46165191740414 67900
269.8161367252153 400.11340206185565 10275 9.281155359703488 398.58910162002945 68000
269.84876709735727 400.6426470588235 10276 9.2831198684048 398.7455882352941 68100
269.89458021598995 400.7738619676946 10276 9.28554725510724 398.90161527165935 68200
269.9901151042482 401.1554252199413 10276 9.286653490803563 399.0483870967742 68300
270.05830852954216 401.4450951683748 10277 9.28698021178565 399.17423133235724 68400
270.0902296922378 401.62134502923976 10278 9.28682917853653 399.19883040935673 68500
270.17068879849637 401.5167883211679 10279 9.286678586260402 399.2335766423358 68600
270.2346706780583 401.4723032069971 10280 9.287338137059997 399.22886297376095 68700
270.25095512365885 401.36972343522564 10281 9.286721395031723 399.216885007278 68800
270.2852921419317 401.1860465116279 10282 9.285843786651254 399.18023255813955 68900
270.30646966929663 401.0798258345428 10282 9.284956377098277 399.11756168359943 69000
270.3490267490744 400.96086956521737 10283 9.284784942735334 399.0217391304348 69100
270.3797814064013 401.2315484804631 10283 9.28457954794535 398.92908827785817 69200
270.41083028943484 401.764450867052 10284 9.283905562786734 398.8338150289017 69300
270.4440560236843 402.25829725829726 10284 9.282084254803541 398.74170274170274 69400
270.4667419300157 402.30403458213254 10285 9.280083581556385 398.6123919308357 69500
270.4843898441502 402.1021582733813 10286 9.279117555758711 398.47769784172664 69600
270.4516517984251 401.8951149425287 10287 9.278342961569402 398.3117816091954 69700
270.4194582425634 401.7991391678623 10287 9.27937833752124 398.116212338594 69800
270.38496284551337 401.6661891117478 10287 9.2817837171714 397.94555873925503 69900
270.3656502747076 401.53934191702433 10288 9.284331236889324 397.84406294706724 70000
270.3456670484875 401.35571428571427 10289 9.288575505335105 397.79857142857145 70100
270.34583776282926 401.22824536376606 10290 9.292589007918545 397.83166904422256 70200
270.3566967297496 401.2763532763533 10290 9.294752443455295 397.9074074074074 70300
270.4042634354841 401.3499288762447 10291 9.296881766674657 397.9815078236131 70400
270.4425668063522 401.69034090909093 10292 9.29828635832102 398.05965909090907 70500
270.52135028636786 401.87943262411346 10293 9.300428520420278 398.12624113475175 70600
270.5734601751158 402.19830028328613 10293 9.301722935709039 398.22096317280455 70700
270.57967645649796 402.3026874115983 10294 9.302272798869954 398.2927864214993 70800
270.5991314370926 402.37005649717514 10295 9.303157401454278 398.35310734463275 70900
270.63339713023055 402.2510578279267 10295 9.304274581558346 398.41184767277855 71000
270.71115513765557 402.09718309859153 10295 9.306698138485729 398.5098591549296 71100
270.8069790232077 401.9240506329114 10295 9.308395487817695 398.6554149085795 71200
270.9225814344112 401.7949438202247 10295 9.310195134028264 398.77247191011236 71300
271.06880596468903 401.726507713885 10295 9.310127405596113 398.8962131837307 71400
271.2546191326746 401.6162464985994 10295 9.311704114322024 398.96918767507003 71500
271.43528905145666 401.7132867132867 10296 9.314103167346786 399.03916083916084 71600
271.5379979957457 401.7639664804469 10296 9.315992222513435 399.10893854748605 71700
271.65863765082116 401.86750348675037 10297 9.31480766804224 399.11436541143655 71800
271.80680845866056 401.6685236768802 10297 9.31356451282522 399.13231197771586 71900
271.926124871749 401.6286509040334 10297 9.312190405568648 399.1502086230876 72000
271.98668659466466 401.4819444444444 10297 9.309398926646184 399.11944444444447 72100
272.00057839119313 401.2024965325936 10297 9.305628483045993 399.0762829403606 72200
271.97828494594324 400.85041551246536 10296 9.302523498702763 399.05263157894734 72300
271.9319792758369 400.47026279391423 10295 9.300869085812058 399.0262793914246 72400
271.8968049035829 400.0814917127072 10294 9.299495126368921 398.9889502762431 72500
271.85149014316914 399.7144827586207 10292 9.297757891711859 398.9696551724138 72600
271.81927047469685 399.4669421487603 10291 9.296603955221899 398.9779614325069 72700
271.7697200012982 399.26134800550204 10289 9.29721385349532 398.9917469050894 72800
271.73434422531955 399.00961538461536 10288 9.298563834465794 399.02472527472526 72900
271.6975268440236 398.681755829904 10287 9.300682590872428 399.0233196159122 73000
271.67344971541166 398.33287671232875 10286 9.303913949608337 399.02465753424656 73100
271.6657500797916 398.05882352941177 10285 9.30802966239957 399.0478796169631 73200
271.6694001761017 397.8756830601093 10283 9.310511862314325 399.1106557377049 73300
271.6606481248416 397.6712141882674 10283 9.313095177144255 399.16916780354705 73400
271.70665451315233 397.4782016348774 10283 9.314750772116527 399.1975476839237 73500
271.73453029904306 397.3578231292517 10283 9.315707379423657 399.21360544217686 73600
271.78315657522626 397.2798913043478 10283 9.31588498973888 399.26902173913044 73700
271.84041726224444 397.1194029850746 10283 9.316221151711606 399.314789687924 73800
271.90223848928747 396.9810298102981 10283 9.316219246106053 399.3970189701897 73900
271.94603893312933 396.98376184032475 10284 9.316308013272105 399.43437077131256 74000
271.9876776317616 397.0027027027027 10284 9.31598655835221 399.4918918918919 74100
272.03066178250594 396.97165991902835 10285 9.315295512482136 399.5964912280702 74200
272.0542072800486 396.97978436657684 10286 9.314623047547 399.70080862533695 74300
272.0904634567698 396.84656796769855 10286 9.31481646650499 399.7631224764468 74400
272.14098381265154 396.7513440860215 10287 9.314936680016608 399.81451612903226 74500
272.1949389930161 396.558389261745 10287 9.31465376724701 399.94093959731543 74600
272.2440560069259 396.51608579088474 10287 9.313615357371345 400.07908847184984 74700
272.2888490413518 396.3962516733601 10287 9.312758401588725 400.17402945113787 74800
272.34173518340197 396.2379679144385 10287 9.311032439996275 400.30080213903744 74900
272.39645475449976 396.0934579439252 10287 9.309878602974434 400.34445927903874 75000
272.46412197556674 395.988 10287 9.307370193408564 400.396 75100
272.51073472296093 395.797603195739 10288 9.304759765422016 400.43541944074565 75200
272.57923050459414 395.59175531914894 10288 9.303412567152394 400.4601063829787 75300
272.642529141049 395.33067729083666 10288 9.301286026770484 400.52191235059763 75400
272.72176576264616 395.1007957559682 10289 9.297340139409412 400.5503978779841 75500
272.79331992359283 394.8847682119205 10289 9.29441771417961 400.58543046357613 75600
272.88996031313303 394.76984126984127 10289 9.293272414860024 400.5978835978836 75700
272.98559326267304 394.6420079260238 10288 9.29156399687474 400.6420079260238 75800
273.05726762741114 394.4604221635884 10288 9.29025586495274 400.7018469656992 75900
273.0919212233804 394.1805006587615 10287 9.288763953057998 400.79183135704875 76000
273.0926403262579 393.9 10286 9.288091602827365 400.91052631578947 76100
273.09404676682857 393.6281208935611 10285 9.286533748030699 401.02890932982916 76200
273.1055498037428 393.26509186351706 10284 9.285468743112023 401.1128608923884 76300
273.09806745495786 392.9148099606815 10282 9.285129093107255 401.1716906946265 76400
273.0638482496433 392.598167539267 10281 9.284932765937134 401.2041884816754 76500
273.0551309339533 392.3921568627451 10279 9.284778169728938 401.237908496732 76600
273.02537339213376 392.24543080939947 10277 9.284145300055663 401.31853785900785 76700
272.99868117458044 392.09387222946543 10275 9.283507394573025 401.374185136897 76800
272.9683269672753 392.0182291666667 10274 9.283405338336769 401.4622395833333 76900
272.9648417518565 392.0676202860858 10273 9.282836740817675 401.5292587776333 77000
272.9642688279284 392.2506493506493 10272 9.281870019775655 401.55584415584417 77100
272.9949379440629 392.21011673151753 10272 9.282931148154676 401.473411154345 77200
273.0394930545896 392.059585492228 10271 9.284572429050847 401.4015544041451 77300
273.08276656902683 391.9961190168176 10270 9.28575037151161 401.34411384217333 77400
273.13457763719776 392.0090439276486 10269 9.284412192737046 401.3811369509044 77500
273.17110245686473 392.01032258064515 10269 9.283625854423837 401.3896774193548 77600
273.19701924647484 391.77448453608247 10269 9.283808037601126 401.41494845360825 77700
273.18149510247457 391.5032175032175 10268 9.283137960197182 401.4465894465894 77800
273.1733635601717 391.4460154241645 10267 9.282376184143557 401.5154241645244 77900
273.1649917603826 391.4813863928113 10266 9.281546899743326 401.5661103979461 78000
273.1422807148042 391.4935897435897 10265 9.280357950726561 401.55897435897435 78100
273.1236208092326 391.42637644046096 10264 9.279080422871152 401.5672215108835 78200
273.1277919512868 391.20460358056266 10263 9.278179384076058 401.5690537084399 78300
273.1509523072023 391.0574712643678 10263 9.278476266469156 401.5108556832695 78400
273.1881095260485 390.86352040816325 10262 9.278925193147906 401.45025510204084 78500
273.26619639620156 390.64331210191085 10262 9.279511441863363 401.3872611464968 78600
273.31386545981763 390.4236641221374 10261 9.280459900588728 401.3358778625954 78700
273.3396966799631 390.146124523507 10261 9.282613064628642 401.30241423125796 78800
273.36436993168354 389.8489847715736 10260 9.284434556574478 401.3299492385787 78900
273.38055133112135 389.5918884664132 10259 9.284798300573026 401.3460076045627 79000
273.38823699653955 389.49367088607596 10259 9.285281678251625 401.39240506329116 79100
273.3689294899469 389.3514538558786 10257 9.286285048277124 401.4816687737042 79200
273.34420409690983 389.22222222222223 10256 9.286940692857021 401.53156565656565 79300
273.3371350611949 389.03152585119796 10255 9.287506081791182 401.55737704918033 79400
273.34257690758517 388.85642317380353 10254 9.288181174146313 401.5994962216625 79500
273.35295915390566 388.70943396226414 10253 9.288762078329777 401.66037735849056 79600
273.37412807113213 388.5502512562814 10252 9.28811664858313 401.7889447236181 79700
273.41851159868776 388.4203262233375 10252 9.287665525345977 401.9021329987453 79800
273.48277371153455 388.3295739348371 10251 9.286145894361834 402.0513784461153 79900
