0 0 3 0 0 0
0 0 3 0 0 100
0 0 3 0 0 200
0 0 4 0 0 300
0 0 4 0 0 400
0 0 7 0 0 500
0 0 7 0 0 600
0 0 9 0 0 700
0 0 11 0 0 800
0 0 12 0 0 900
0 0 14 0 0 1000
0 0 16 0 0 1100
0 0 20 0 0 1200
0 0 26 0 0 1300
0 0 32 0 0 1400
0 0 38 0 0 1500
0 0 46 0 0 1600
0 0 54 0 0 1700
0 0 69 0 0 1800
0 0 79 0 0 1900
0 0 91 0 0 2000
0 0 104 0 0 2100
0 0 115 0 0 2200
0 0 129 0 0 2300
1 0 142 0 0 2400
1 0 154 0 0 2500
1 0 174 0 0 2600
1 0 189 0 0 2700
2 0 210 0 0 2800
2 0 224 0 0 2900
2 0 239 0 0 3000
2 0 259 0 0 3100
3 0 282 0 0 3200
4 0 295 0 0 3300
5 0 306 0 0 3400
6 0 322 0 0 3500
6 0 331 0 0 3600
7 0 339 0 0 3700
8 0 350 0 0 3800
8 0 363 0 0 3900
9 0 374 0 0 4000
9 0 383 0 0 4100
10 0 389 0 0 4200
10 0 407 0 0 4300
10 0 416 0 0 4400
11 0 428 0 0 4500
11 0 444 0 0 4600
12 0 452 0 0 4700
13 0 464 0 0 4800
13 0 477 0 0 4900
15 0 486 0 0 5000
15 0 496 0 0 5100
15 0 505 0 0 5200
15 0 519 0 0 5300
17 0 531 0 0 5400
17 0 547 0 0 5500
18 0 560 0 0 5600
18 0 567 0 0 5700
19 0 585 0 0 5800
21 0 598 0 0 5900
22 0 606 0 0 6000
23 0 619 0 0 6100
23 0 628 0 0 6200
25 0 639 0 0 6300
25 0 658 0 0 6400
27 0 671 0 0 6500
30 0 685 0 0 6600
30 0 700 0 0 6700
30 0 716 0 0 6800
31 0 734 0 0 6900
31 0 745 0 0 7000
31 0 759 0 0 7100
31 0 773 0 0 7200
31 0 784 0 0 7300
31 0 799 0 0 7400
32 0 811 0 0 7500
33 0 825 0 0 7600
34 0 830 0 0 7700
35 0 841 0 0 7800
37 0 850 0 0 7900
38 0 859 0 0 8000
39 0 867 0 0 8100
39 0 882 0 0 8200
40 0 889 0 0 8300
41 0 902 0 0 8400
42 0 913 0 0 8500
43 0 923 0 0 8600
44 0 937 0 0 8700
44 0 946 0 0 8800
44 0 962 0 0 8900
45 0 969 0 0 9000
46 0 985 0 0 9100
46 0 994 0 0 9200
47 0 1006 0 0 9300
48 0 1024 0 0 9400
48 0 1032 0 0 9500
49 0 1050 0 0 9600
49 0 1063 0 0 9700
49 0 1080 0 0 9800
50 0 1092 0 0 9900
51 0 1106 0 0 10000
51 0 1121 0 0 10100
51 0 1135 0 0 10200
51 0 1148 0 0 10300
51 0 1160 0 0 10400
51 0 1167 0 0 10500
51 0 1179 0 0 10600
51 0 1190 0 0 10700
51 0 1204 0 0 10800
51 0 1212 0 0 10900
51 0 1228 0 0 11000
51 0 1240 0 0 11100
52 0 1253 0 0 11200
52 0 1263 0 0 11300
52 0 1281 0 0 11400
52 0 1290 0 0 11500
52 0 1298 0 0 11600
52 0 1308 0 0 11700
53 0 1321 0 0 11800
53 0 1331 0 0 11900
53 0 1342 0 0 12000
53 0 1350 0 0 12100
53 0 1365 0 0 12200
54 0 1373 0 0 12300
54 0 1385 0 0 12400
56 0 1398 0 0 12500
57 0 1410 0 0 12600
58 0 1427 0 0 12700
58 0 1440 0 0 12800
58 0 1451 0 0 12900
59 0 1471 0 0 13000
60 0 1488 0 0 13100
61 0 1496 0 0 13200
61 0 1512 0 0 13300
62 0 1525 0 0 13400
64 0 1531 0 0 13500
65 0 1547 0 0 13600
66 0 1560 0 0 13700
67 0 1568 0 0 13800
68 0 1578 0 0 13900
68 0 1589 0 0 14000
69 0 1597 0 0 14100
71 0 1607 0 0 14200
71 0 1622 0 0 14300
72 0 1632 0 0 14400
72 0 1643 0 0 14500
72 0 1652 0 0 14600
72 0 1666 0 0 14700
72 0 1674 0 0 14800
75 0 1684 0 0 14900
76 0 1695 0 0 15000
77 0 1703 0 0 15100
77 0 1713 0 0 15200
77 0 1721 0 0 15300
78 0 1728 0 0 15400
78 0 1735 0 0 15500
79 0 1740 0 0 15600
79 0 1749 0 0 15700
82 0 1758 0 0 15800
83 0 1770 0 0 15900
84 0 1780 0 0 16000
85 0 1791 0 0 16100
85 0 1796 0 0 16200
86 0 1802 0 0 16300
87 0 1813 0 0 16400
88 0 1820 0 0 16500
88 0 1828 0 0 16600
88 0 1844 0 0 16700
89 0 1857 0 0 16800
89 0 1870 0 0 16900
89 0 1878 0 0 17000
91 0 1892 0 0 17100
92 0 1898 0 0 17200
93 0 1908 0 0 17300
94 0 1920 0 0 17400
94 0 1930 0 0 17500
94 0 1941 0 0 17600
94 0 1955 0 0 17700
94 0 1965 0 0 17800
96 0 1974 0 0 17900
97 0 1987 0 0 18000
98 0 1997 0 0 18100
98 0 2007 0 0 18200
98 0 2020 0 0 18300
99 0 2031 0 0 18400
99 0 2042 0 0 18500
100 0 2046 0 0 18600
101 0 2058 0 0 18700
101 0 2063 0 0 18800
102 0 2068 0 0 18900
102 0 2078 0 0 19000
104 0 2083 0 0 19100
104 0 2096 0 0 19200
105 0 2103 0 0 19300
106 0 2106 0 0 19400
106 0 2114 0 0 19500
108 0 2124 0 0 19600
108 0 2130 0 0 19700
110 0 2140 0 0 19800
111 0 2149 0 0 19900
111 0 2161 0 0 20000
113 0 2168 0 0 20100
113 0 2177 0 0 20200
113 0 2183 0 0 20300
113 0 2188 0 0 20400
115 0 2198 0 0 20500
115 0 2201 0 0 20600
116 0 2207 0 0 20700
117 0 2215 0 0 20800
117 0 2223 0 0 20900
117 0 2233 0 0 21000
119 0 2238 0 0 21100
120 0 2243 0 0 21200
120 0 2259 0 0 21300
122 0 2269 0 0 21400
124 0 2277 0 0 21500
126 0 2287 0 0 21600
127 0 2299 0 0 21700
130 0 2305 0 0 21800
132 0 2316 0 0 21900
133 0 2326 0 0 22000
134 0 2331 0 0 22100
135 0 2342 0 0 22200
136 0 2355 0 0 22300
137 0 2364 0 0 22400
139 0 2372 0 0 22500
140 0 2378 0 0 22600
141 0 2385 0 0 22700
141 0 2390 0 0 22800
142 0 2397 0 0 22900
142 0 2405 0 0 23000
143 0 2411 0 0 23100
144 0 2419 0 0 23200
146 0 2429 0 0 23300
146 0 2432 0 0 23400
147 0 2435 0 0 23500
147 0 2440 0 0 23600
150 0 2445 0 0 23700
151 0 2449 0 0 23800
153 0 2453 0 0 23900
153 0 2462 0 0 24000
153 0 2470 0 0 24100
153 0 2477 0 0 24200
154 0 2485 0 0 24300
156 0 2489 0 0 24400
157 0 2499 0 0 24500
157 0 2507 0 0 24600
160 0 2512 0 0 24700
160 0 2520 0 0 24800
160 0 2526 0 0 24900
160 0 2535 0 0 25000
162 0 2542 0 0 25100
163 0 2552 0 0 25200
164 0 2562 0 0 25300
166 0 2568 0 0 25400
168 0 2578 0 0 25500
168 0 2583 0 0 25600
170 0 2591 0 0 25700
170 0 2595 0 0 25800
170 0 2605 0 0 25900
170 0 2612 0 0 26000
170 0 2620 0 0 26100
170 0 2627 0 0 26200
170 0 2632 0 0 26300
170 0 2636 0 0 26400
170 0 2644 0 0 26500
170 0 2654 0 0 26600
171 0 2658 0 0 26700
172 0 2667 0 0 26800
173 0 2673 0 0 26900
173 0 2681 0 0 27000
173 0 2684 0 0 27100
173 0 2694 0 0 27200
174 0 2701 0 0 27300
174 0 2708 0 0 27400
174 0 2716 0 0 27500
175 0 2725 0 0 27600
177 0 2738 0 0 27700
179 0 2743 0 0 27800
180 0 2753 0 0 27900
181 0 2766 0 0 28000
182 0 2775 0 0 28100
182 0 2782 0 0 28200
182 0 2795 0 0 28300
184 0 2803 0 0 28400
185 0 2817 0 0 28500
187 0 2825 0 0 28600
187 0 2833 0 0 28700
187 0 2838 0 0 28800
188 0 2846 0 0 28900
188 0 2849 0 0 29000
189 0 2859 0 0 29100
189 0 2867 0 0 29200
189 0 2879 0 0 29300
190 0 2885 0 0 29400
190 0 2893 0 0 29500
191 0 2905 0 0 29600
192 0 2909 0 0 29700
192 0 2912 0 0 29800
193 0 2921 0 0 29900
195 0 2928 0 0 30000
197 0 2931 0 0 30100
198 0 2940 0 0 30200
198 0 2946 0 0 30300
198 0 2953 0 0 30400
200 0 2959 0 0 30500
201 0 2966 0 0 30600
201 0 2975 0 0 30700
203 0 2980 0 0 30800
204 0 2983 0 0 30900
204 0 2990 0 0 31000
205 0 3002 0 0 31100
205 0 3006 0 0 31200
205 0 3011 0 0 31300
205 0 3015 0 0 31400
205 0 3023 0 0 31500
205 0 3030 0 0 31600
205 0 3039 0 0 31700
205 0 3046 0 0 31800
206 0 3052 0 0 31900
207 0 3055 0 0 32000
208 0 3060 0 0 32100
208 0 3068 0 0 32200
208 0 3073 0 0 32300
208 0 3080 0 0 32400
208 0 3084 0 0 32500
210 0 3089 0 0 32600
211 0 3095 0 0 32700
211 0 3100 0 0 32800
212 0 3107 0 0 32900
213 0 3113 0 0 33000
213 0 3122 0 0 33100
213 0 3130 0 0 33200
214 0 3134 0 0 33300
214 0 3142 0 0 33400
216 0 3148 0 0 33500
216 0 3154 0 0 33600
216 0 3160 0 0 33700
216 0 3169 0 0 33800
219 0 3175 0 0 33900
219 0 3183 0 0 34000
219 0 3187 0 0 34100
219 0 3197 0 0 34200
220 0 3205 0 0 34300
220 0 3214 0 0 34400
220 0 3222 0 0 34500
222 0 3226 0 0 34600
223 0 3228 0 0 34700
223 0 3236 0 0 34800
225 0 3244 0 0 34900
225 0 3252 0 0 35000
225 0 3260 0 0 35100
227 0 3265 0 0 35200
228 0 3271 0 0 35300
229 0 3276 0 0 35400
230 0 3284 0 0 35500
231 0 3293 0 0 35600
232 0 3297 0 0 35700
232 0 3304 0 0 35800
233 0 3312 0 0 35900
234 0 3319 0 0 36000
235 0 3332 0 0 36100
236 0 3336 0 0 36200
237 0 3344 0 0 36300
239 0 3353 0 0 36400
239 0 3363 0 0 36500
240 0 3372 0 0 36600
240 0 3379 0 0 36700
241 0 3385 0 0 36800
242 0 3391 0 0 36900
242 0 3402 0 0 37000
242 0 3410 0 0 37100
243 0 3415 0 0 37200
243 0 3425 0 0 37300
244 0 3426 0 0 37400
244 0 3436 0 0 37500
245 0 3443 0 0 37600
245 0 3449 0 0 37700
246 0 3454 0 0 37800
246 0 3456 0 0 37900
247 0 3462 0 0 38000
247 0 3468 0 0 38100
247 0 3474 0 0 38200
247 0 3482 0 0 38300
247 0 3488 0 0 38400
248 0 3491 0 0 38500
249 0 3502 0 0 38600
250 0 3506 0 0 38700
250 0 3515 0 0 38800
252 0 3522 0 0 38900
254 0 3526 0 0 39000
255 0 3537 0 0 39100
255 0 3545 0 0 39200
257 0 3550 0 0 39300
257 0 3556 0 0 39400
257 0 3564 0 0 39500
258 0 3570 0 0 39600
261 0 3578 0 0 39700
262 0 3583 0 0 39800
262 0 3590 0 0 39900
264 0 3597 0 0 40000
267 0 3603 0 0 40100
267 0 3616 0 0 40200
268 0 3620 0 0 40300
269 0 3631 0 0 40400
270 0 3638 0 0 40500
271 0 3647 0 0 40600
271 0 3649 0 0 40700
271 0 3654 0 0 40800
271 0 3657 0 0 40900
271 0 3661 0 0 41000
272 0 3668 0 0 41100
272 0 3673 0 0 41200
272 0 3679 0 0 41300
272 0 3684 0 0 41400
272 0 3692 0 0 41500
272 0 3697 0 0 41600
273 0 3699 0 0 41700
273 0 3708 0 0 41800
274 0 3710 0 0 41900
275 0 3720 0 0 42000
277 0 3723 0 0 42100
278 0 3729 0 0 42200
280 0 3733 0 0 42300
280 0 3738 0 0 42400
282 0 3745 0 0 42500
283 0 3754 0 0 42600
283 0 3758 0 0 42700
285 0 3763 0 0 42800
285 0 3771 0 0 42900
286 0 3776 0 0 43000
286 0 3782 0 0 43100
287 0 3790 0 0 43200
287 0 3794 0 0 43300
288 0 3800 0 0 43400
288 0 3808 0 0 43500
289 0 3812 0 0 43600
289 0 3818 0 0 43700
291 0 3822 0 0 43800
291 0 3825 0 0 43900
291 0 3830 0 0 44000
293 0 3834 0 0 44100
293 0 3842 0 0 44200
293 0 3850 0 0 44300
293 0 3853 0 0 44400
294 0 3860 0 0 44500
295 0 3869 0 0 44600
296 0 3878 0 0 44700
297 0 3880 0 0 44800
298 0 3891 0 0 44900
298 0 3898 0 0 45000
298 0 3904 0 0 45100
299 0 3913 0 0 45200
301 0 3924 0 0 45300
301 0 3932 0 0 45400
302 0 3938 0 0 45500
302 0 3944 0 0 45600
303 0 3951 0 0 45700
304 0 3959 0 0 45800
304 0 3964 0 0 45900
305 0 3970 0 0 46000
306 0 3974 0 0 46100
307 0 3980 0 0 46200
308 0 3989 0 0 46300
309 0 3992 0 0 46400
310 0 3997 0 0 46500
310 0 4007 0 0 46600
310 0 4008 0 0 46700
310 0 4012 0 0 46800
311 0 4019 0 0 46900
312 0 4025 0 0 47000
313 0 4030 0 0 47100
313 0 4034 0 0 47200
313 0 4038 0 0 47300
313 0 4044 0 0 47400
315 0 4049 0 0 47500
316 0 4054 0 0 47600
317 0 4061 0 0 47700
318 0 4072 0 0 47800
319 0 4075 0 0 47900
319 0 4083 0 0 48000
320 0 4090 0 0 48100
320 0 4093 0 0 48200
321 0 4095 0 0 48300
322 0 4099 0 0 48400
322 0 4106 0 0 48500
323 0 4109 0 0 48600
326 0 4116 0 0 48700
327 0 4120 0 0 48800
329 0 4125 0 0 48900
332 0 4134 0 0 49000
332 0 4139 0 0 49100
336 0 4146 0 0 49200
337 0 4149 0 0 49300
337 0 4156 0 0 49400
339 0 4162 0 0 49500
339 0 4169 0 0 49600
340 0 4175 0 0 49700
341 0 4182 0 0 49800
342 0 4185 0 0 49900
343 0 4190 0 0 50000
344 0 4193 0 0 50100
346 0 4196 0 0 50200
348 0 4198 0 0 50300
349 0 4205 0 0 50400
349 0 4210 0 0 50500
350 0 4215 0 0 50600
351 0 4220 0 0 50700
354 0 4227 0 0 50800
355 0 4229 0 0 50900
355 0 4234 0 0 51000
355 0 4238 0 0 51100
356 0 4243 0 0 51200
356 0 4245 0 0 51300
357 0 4249 0 0 51400
357 0 4251 0 0 51500
357 0 4254 0 0 51600
359 0 4259 0 0 51700
360 0 4261 0 0 51800
361 0 4263 0 0 51900
363 0 4268 0 0 52000
364 0 4272 0 0 52100
364 0 4278 0 0 52200
364 0 4284 0 0 52300
365 0 4292 0 0 52400
367 0 4295 0 0 52500
367 0 4299 0 0 52600
368 0 4304 0 0 52700
368 0 4307 0 0 52800
368 0 4309 0 0 52900
369 0 4311 0 0 53000
370 0 4320 0 0 53100
371 0 4323 0 0 53200
371 0 4332 0 0 53300
372 0 4337 0 0 53400
372 0 4343 0 0 53500
373 0 4349 0 0 53600
374 0 4355 0 0 53700
374 0 4360 0 0 53800
376 0 4366 0 0 53900
378 0 4371 0 0 54000
378 0 4377 0 0 54100
379 0 4385 0 0 54200
380 0 4391 0 0 54300
381 0 4393 0 0 54400
381 0 4399 0 0 54500
381 0 4399 0 0 54600
381 0 4402 0 0 54700
381 0 4406 0 0 54800
381 0 4409 0 0 54900
381 0 4414 0 0 55000
382 0 4418 0 0 55100
382 0 4423 0 0 55200
382 0 4430 0 0 55300
382 0 4435 0 0 55400
383 0 4441 0 0 55500
384 0 4444 0 0 55600
384 0 4447 0 0 55700
387 0 4454 0 0 55800
388 0 4459 0 0 55900
390 0 4466 0 0 56000
391 0 4473 0 0 56100
391 0 4477 0 0 56200
392 0 4483 0 0 56300
393 0 4488 0 0 56400
394 0 4493 0 0 56500
394 0 4497 0 0 56600
395 0 4501 0 0 56700
398 0 4512 0 0 56800
398 0 4516 0 0 56900
398 0 4520 0 0 57000
398 0 4529 0 0 57100
398 0 4533 0 0 57200
399 0 4541 0 0 57300
399 0 4547 0 0 57400
401 0 4549 0 0 57500
402 0 4550 0 0 57600
403 0 4553 0 0 57700
403 0 4561 0 0 57800
404 0 4568 0 0 57900
405 0 4574 0 0 58000
405 0 4580 0 0 58100
405 0 4584 0 0 58200
405 0 4591 0 0 58300
407 0 4594 0 0 58400
407 0 4601 0 0 58500
407 0 4608 0 0 58600
409 0 4617 0 0 58700
409 0 4623 0 0 58800
410 0 4628 0 0 58900
410 0 4633 0 0 59000
411 0 4637 0 0 59100
412 0 4640 0 0 59200
412 0 4644 0 0 59300
412 0 4649 0 0 59400
412 0 4649 0 0 59500
413 0 4657 0 0 59600
414 0 4660 0 0 59700
414 0 4663 0 0 59800
414 0 4667 0 0 59900
415 0 4671 0 0 60000
417 0 4679 0 0 60100
417 0 4686 0 0 60200
417 0 4690 0 0 60300
418 0 4695 0 0 60400
420 0 4702 0 0 60500
420 0 4702 0 0 60600
422 0 4712 0 0 60700
422 0 4716 0 0 60800
422 0 4720 0 0 60900
422 0 4725 0 0 61000
422 0 4727 0 0 61100
423 0 4731 0 0 61200
424 0 4733 0 0 61300
424 0 4739 0 0 61400
425 0 4740 0 0 61500
425 0 4742 0 0 61600
427 0 4749 0 0 61700
427 0 4752 0 0 61800
427 0 4755 0 0 61900
427 0 4759 0 0 62000
427 0 4766 0 0 62100
427 0 4770 0 0 62200
427 0 4776 0 0 62300
427 0 4779 0 0 62400
427 0 4783 0 0 62500
428 0 4790 0 0 62600
428 0 4799 0 0 62700
428 0 4806 0 0 62800
428 0 4809 0 0 62900
429 0 4820 0 0 63000
429 0 4826 0 0 63100
429 0 4831 0 0 63200
430 0 4834 0 0 63300
430 0 4838 0 0 63400
430 0 4843 0 0 63500
430 0 4847 0 0 63600
430 0 4852 0 0 63700
430 0 4856 0 0 63800
430 0 4863 0 0 63900
430 0 4866 0 0 64000
430 0 4871 0 0 64100
430 0 4875 0 0 64200
430 0 4881 0 0 64300
430 0 4884 0 0 64400
430 0 4891 0 0 64500
431 0 4895 0 0 64600
431 0 4904 0 0 64700
431 0 4909 0 0 64800
432 0 4912 0 0 64900
433 0 4914 0 0 65000
436 0 4920 0 0 65100
436 0 4922 0 0 65200
436 0 4928 0 0 65300
436 0 4932 0 0 65400
436 0 4934 0 0 65500
436 0 4938 0 0 65600
436 0 4944 0 0 65700
436 0 4948 0 0 65800
437 0 4952 0 0 65900
437 0 4957 0 0 66000
437 0 4958 0 0 66100
437 0 4964 0 0 66200
437 0 4969 0 0 66300
438 0 4973 0 0 66400
440 0 4977 0 0 66500
440 0 4982 0 0 66600
440 0 4984 0 0 66700
440 0 4989 0 0 66800
441 0 4993 0 0 66900
442 0 4997 0 0 67000
443 0 5005 0 0 67100
443 0 5008 0 0 67200
446 0 5012 0 0 67300
446 0 5022 0 0 67400
448 0 5025 0 0 67500
448 0 5031 0 0 67600
450 0 5037 0 0 67700
451 0 5040 0 0 67800
452 0 5047 0 0 67900
453 0 5050 0 0 68000
453 0 5056 0 0 68100
454 0 5064 0 0 68200
454 0 5070 0 0 68300
454 0 5077 0 0 68400
456 0 5079 0 0 68500
456 0 5086 0 0 68600
458 0 5092 0 0 68700
458 0 5094 0 0 68800
458 0 5101 0 0 68900
459 0 5106 0 0 69000
460 0 5108 0 0 69100
460 0 5114 0 0 69200
460 0 5118 0 0 69300
460 0 5123 0 0 69400
460 0 5127 0 0 69500
461 0 5129 0 0 69600
461 0 5132 0 0 69700
461 0 5138 0 0 69800
461 0 5141 0 0 69900
463 0 5146 0 0 70000
463 0 5148 0 0 70100
463 0 5152 0 0 70200
463 0 5156 0 0 70300
463 0 5164 0 0 70400
463 0 5166 0 0 70500
463 0 5171 0 0 70600
465 0 5177 0 0 70700
465 0 5179 0 0 70800
468 0 5183 0 0 70900
470 0 5184 0 0 71000
470 0 5186 0 0 71100
470 0 5197 0 0 71200
471 0 5200 0 0 71300
472 0 5208 0 0 71400
474 0 5215 0 0 71500
475 0 5217 0 0 71600
477 0 5221 0 0 71700
477 0 5224 0 0 71800
477 0 5226 0 0 71900
479 0 5229 0 0 72000
480 0 5232 0 0 72100
480 0 5236 0 0 72200
482 0 5244 0 0 72300
484 0 5245 0 0 72400
484 0 5250 0 0 72500
486 0 5252 0 0 72600
487 0 5258 0 0 72700
487 0 5260 0 0 72800
488 0 5267 0 0 72900
488 0 5271 0 0 73000
488 0 5274 0 0 73100
490 0 5278 0 0 73200
490 0 5282 0 0 73300
491 0 5286 0 0 73400
492 0 5294 0 0 73500
492 0 5295 0 0 73600
492 0 5304 0 0 73700
492 0 5308 0 0 73800
492 0 5315 0 0 73900
493 0 5318 0 0 74000
493 0 5323 0 0 74100
494 0 5332 0 0 74200
495 0 5336 0 0 74300
496 0 5342 0 0 74400
496 0 5346 0 0 74500
496 0 5354 0 0 74600
497 0 5357 0 0 74700
501 0 5362 0 0 74800
502 0 5366 0 0 74900
503 0 5371 0 0 75000
503 0 5376 0 0 75100
503 0 5381 0 0 75200
504 0 5386 0 0 75300
504 0 5388 0 0 75400
504 0 5393 0 0 75500
504 0 5396 0 0 75600
504 0 5397 0 0 75700
505 0 5402 0 0 75800
505 0 5408 0 0 75900
505 0 5412 0 0 76000
507 0 5417 0 0 76100
507 0 5419 0 0 76200
507 0 5426 0 0 76300
507 0 5429 0 0 76400
507 0 5432 0 0 76500
508 0 5435 0 0 76600
509 0 5439 0 0 76700
509 0 5442 0 0 76800
509 0 5448 0 0 76900
509 0 5452 0 0 77000
510 0 5454 0 0 77100
510 0 5461 0 0 77200
510 0 5462 0 0 77300
510 0 5467 0 0 77400
512 0 5473 0 0 77500
512 0 5476 0 0 77600
513 0 5479 0 0 77700
515 0 5481 0 0 77800
516 0 5484 0 0 77900
518 0 5489 0 0 78000
518 0 5492 0 0 78100
518 0 5496 0 0 78200
518 0 5498 0 0 78300
519 0 5500 0 0 78400
519 0 5506 0 0 78500
519 0 5508 0 0 78600
520 0 5511 0 0 78700
522 0 5513 0 0 78800
522 0 5517 0 0 78900
522 0 5521 0 0 79000
522 0 5526 0 0 79100
522 0 5530 0 0 79200
522 0 5533 0 0 79300
523 0 5536 0 0 79400
523 0 5538 0 0 79500
523 0 5541 0 0 79600
524 0 5544 0 0 79700
525 0 5545 0 0 79800
525 0 5548 0 0 79900
526 0 5550 0 0 80000
528 0 5553 0 0 80100
528 0 5556 0 0 80200
529 0 5562 0 0 80300
529 0 5564 0 0 80400
529 0 5569 0 0 80500
530 0 5572 0 0 80600
533 0 5573 0 0 80700
533 0 5576 0 0 80800
533 0 5583 0 0 80900
533 0 5585 0 0 81000
533 0 5588 0 0 81100
533 0 5590 0 0 81200
535 0 5590 0 0 81300
535 0 5592 0 0 81400
535 0 5594 0 0 81500
535 0 5597 0 0 81600
535 0 5599 0 0 81700
535 0 5599 0 0 81800
535 0 5603 0 0 81900
536 0 5605 0 0 82000
536 0 5611 0 0 82100
536 0 5615 0 0 82200
537 0 5616 0 0 82300
537 0 5617 0 0 82400
538 0 5622 0 0 82500
539 0 5624 0 0 82600
539 0 5626 0 0 82700
540 0 5626 0 0 82800
540 0 5631 0 0 82900
541 0 5634 0 0 83000
542 0 5638 0 0 83100
543 0 5642 0 0 83200
544 0 5645 0 0 83300
544 0 5647 0 0 83400
544 0 5649 0 0 83500
545 0 5652 0 0 83600
545 0 5657 0 0 83700
545 0 5662 0 0 83800
545 0 5665 0 0 83900
545 0 5667 0 0 84000
545 0 5668 0 0 84100
545 0 5672 0 0 84200
546 0 5677 0 0 84300
546 0 5678 0 0 84400
547 0 5679 0 0 84500
547 0 5681 0 0 84600
548 0 5684 0 0 84700
548 0 5687 0 0 84800
549 0 5687 0 0 84900
549 0 5689 0 0 85000
550 0 5690 0 0 85100
550 0 5694 0 0 85200
551 0 5700 0 0 85300
551 0 5704 0 0 85400
552 0 5705 0 0 85500
552 0 5709 0 0 85600
554 0 5711 0 0 85700
554 0 5715 0 0 85800
554 0 5718 0 0 85900
554 0 5725 0 0 86000
554 0 5734 0 0 86100
554 0 5737 0 0 86200
555 0 5747 0 0 86300
555 0 5752 0 0 86400
555 0 5753 0 0 86500
555 0 5760 0 0 86600
557 0 5763 0 0 86700
557 0 5767 0 0 86800
557 0 5770 0 0 86900
558 0 5775 0 0 87000
559 0 5779 0 0 87100
560 0 5782 0 0 87200
561 0 5784 0 0 87300
563 0 5789 0 0 87400
565 0 5792 0 0 87500
565 0 5794 0 0 87600
566 0 5801 0 0 87700
568 0 5805 0 0 87800
568 0 5807 0 0 87900
568 0 5809 0 0 88000
569 0 5811 0 0 88100
570 0 5815 0 0 88200
571 0 5820 0 0 88300
571 0 5826 0 0 88400
572 0 5831 0 0 88500
573 0 5834 0 0 88600
574 0 5839 0 0 88700
574 0 5847 0 0 88800
574 0 5849 0 0 88900
574 0 5858 0 0 89000
574 0 5859 0 0 89100
574 0 5865 0 0 89200
574 0 5868 0 0 89300
575 0 5872 0 0 89400
575 0 5877 0 0 89500
575 0 5881 0 0 89600
575 0 5888 0 0 89700
575 0 5890 0 0 89800
576 0 5893 0 0 89900
577 0 5897 0 0 90000
577 0 5902 0 0 90100
578 0 5905 0 0 90200
578 0 5911 0 0 90300
578 0 5915 0 0 90400
578 0 5918 0 0 90500
579 0 5924 0 0 90600
579 0 5929 0 0 90700
579 0 5932 0 0 90800
580 0 5939 0 0 90900
581 0 5943 0 0 91000
581 0 5948 0 0 91100
581 0 5950 0 0 91200
581 0 5953 0 0 91300
581 0 5962 0 0 91400
581 0 5964 0 0 91500
582 0 5966 0 0 91600
582 0 5970 0 0 91700
582 0 5972 0 0 91800
583 0 5974 0 0 91900
583 0 5977 0 0 92000
583 0 5980 0 0 92100
583 0 5983 0 0 92200
585 0 5987 0 0 92300
586 0 5989 0 0 92400
586 0 5993 0 0 92500
586 0 5997 0 0 92600
587 0 5998 0 0 92700
588 0 6002 0 0 92800
589 0 6007 0 0 92900
590 0 6012 0 0 93000
590 0 6015 0 0 93100
590 0 6022 0 0 93200
590 0 6026 0 0 93300
590 0 6029 0 0 93400
590 0 6033 0 0 93500
590 0 6038 0 0 93600
591 0 6040 0 0 93700
591 0 6042 0 0 93800
591 0 6046 0 0 93900
592 0 6048 0 0 94000
593 0 6052 0 0 94100
594 0 6053 0 0 94200
594 0 6056 0 0 94300
595 0 6057 0 0 94400
595 0 6062 0 0 94500
595 0 6064 0 0 94600
596 0 6068 0 0 94700
596 0 6070 0 0 94800
596 0 6075 0 0 94900
597 0 6078 0 0 95000
597 0 6085 0 0 95100
597 0 6087 0 0 95200
597 0 6091 0 0 95300
597 0 6095 0 0 95400
598 0 6095 0 0 95500
598 0 6102 0 0 95600
600 0 6105 0 0 95700
600 0 6107 0 0 95800
600 0 6112 0 0 95900
600 0 6113 0 0 96000
600 0 6117 0 0 96100
600 0 6120 0 0 96200
600 0 6124 0 0 96300
600 0 6125 0 0 96400
602 0 6129 0 0 96500
603 0 6132 0 0 96600
603 0 6133 0 0 96700
603 0 6137 0 0 96800
604 0 6139 0 0 96900
606 0 6142 0 0 97000
606 0 6147 0 0 97100
606 0 6149 0 0 97200
606 0 6152 0 0 97300
606 0 6156 0 0 97400
606 0 6157 0 0 97500
606 0 6160 0 0 97600
606 0 6167 0 0 97700
608 0 6170 0 0 97800
609 0 6176 0 0 97900
610 0 6179 0 0 98000
610 0 6180 0 0 98100
611 0 6182 0 0 98200
611 0 6188 0 0 98300
612 0 6191 0 0 98400
613 0 6196 0 0 98500
613 0 6199 0 0 98600
614 0 6205 0 0 98700
614 0 6211 0 0 98800
614 0 6215 0 0 98900
615 0 6222 0 0 99000
615 0 6222 0 0 99100
615 0 6227 0 0 99200
615 0 6229 0 0 99300
615 0 6232 0 0 99400
615 0 6233 0 0 99500
616 0 6235 0 0 99600
616 0 6236 0 0 99700
616 0 6238 0 0 99800
618 0 6239 0 0 99900
0 0 5 0 0 0
0 0 5 0 0 100
0 0 6 0 0 200
0 0 10 0 0 300
0 0 12 0 0 400
0 0 14 0 0 500
0 0 19 0 0 600
0 0 21 0 0 700
0 0 25 0 0 800
0 0 29 0 0 900
0 0 34 0 0 1000
0 0 37 0 0 1100
0 0 44 0 0 1200
0 0 49 0 0 1300
0 0 55 0 0 1400
0 0 65 0 0 1500
0 0 74 0 0 1600
0 0 86 0 0 1700
0 0 97 0 0 1800
0 0 112 0 0 1900
0 0 127 0 0 2000
0 0 137 0 0 2100
0 0 146 0 0 2200
0 0 161 0 0 2300
0 0 175 0 0 2400
0 0 186 0 0 2500
0 0 205 0 0 2600
1 0 220 0 0 2700
1 0 230 0 0 2800
1 0 243 0 0 2900
2 0 257 0 0 3000
2 0 270 0 0 3100
2 0 277 0 0 3200
4 0 300 0 0 3300
5 0 311 0 0 3400
6 0 321 0 0 3500
8 0 337 0 0 3600
8 0 354 0 0 3700
11 0 361 0 0 3800
12 0 376 0 0 3900
12 0 385 0 0 4000
12 0 402 0 0 4100
12 0 414 0 0 4200
13 0 425 0 0 4300
14 0 439 0 0 4400
15 0 452 0 0 4500
15 0 462 0 0 4600
17 0 476 0 0 4700
19 0 489 0 0 4800
21 0 501 0 0 4900
22 0 513 0 0 5000
23 0 526 0 0 5100
24 0 534 0 0 5200
25 0 545 0 0 5300
25 0 557 0 0 5400
25 0 570 0 0 5500
25 0 585 0 0 5600
25 0 603 0 0 5700
25 0 620 0 0 5800
25 0 629 0 0 5900
25 0 646 0 0 6000
27 0 656 0 0 6100
27 0 667 0 0 6200
28 0 680 0 0 6300
30 0 696 0 0 6400
30 0 708 0 0 6500
30 0 721 0 0 6600
30 0 733 0 0 6700
30 0 742 0 0 6800
30 0 750 0 0 6900
31 0 768 0 0 7000
32 0 776 0 0 7100
32 0 788 0 0 7200
32 0 797 0 0 7300
33 0 812 0 0 7400
33 0 826 0 0 7500
33 0 838 0 0 7600
33 0 854 0 0 7700
33 0 873 0 0 7800
33 0 887 0 0 7900
34 0 896 0 0 8000
35 0 910 0 0 8100
35 0 920 0 0 8200
35 0 930 0 0 8300
36 0 938 0 0 8400
37 0 949 0 0 8500
37 0 956 0 0 8600
38 0 961 0 0 8700
39 0 970 0 0 8800
39 0 982 0 0 8900
40 0 994 0 0 9000
41 0 1007 0 0 9100
41 0 1017 0 0 9200
42 0 1029 0 0 9300
44 0 1034 0 0 9400
45 0 1043 0 0 9500
45 0 1058 0 0 9600
45 0 1068 0 0 9700
47 0 1076 0 0 9800
47 0 1087 0 0 9900
47 0 1096 0 0 10000
47 0 1106 0 0 10100
48 0 1115 0 0 10200
48 0 1130 0 0 10300
48 0 1146 0 0 10400
51 0 1150 0 0 10500
51 0 1159 0 0 10600
52 0 1171 0 0 10700
52 0 1184 0 0 10800
53 0 1195 0 0 10900
53 0 1205 0 0 11000
54 0 1213 0 0 11100
55 0 1227 0 0 11200
55 0 1235 0 0 11300
56 0 1242 0 0 11400
56 0 1251 0 0 11500
56 0 1259 0 0 11600
56 0 1266 0 0 11700
56 0 1271 0 0 11800
56 0 1282 0 0 11900
56 0 1287 0 0 12000
56 0 1293 0 0 12100
56 0 1301 0 0 12200
58 0 1309 0 0 12300
59 0 1316 0 0 12400
59 0 1324 0 0 12500
61 0 1333 0 0 12600
63 0 1343 0 0 12700
63 0 1357 0 0 12800
66 0 1366 0 0 12900
66 0 1377 0 0 13000
67 0 1392 0 0 13100
67 0 1403 0 0 13200
69 0 1412 0 0 13300
71 0 1424 0 0 13400
71 0 1433 0 0 13500
73 0 1444 0 0 13600
74 0 1452 0 0 13700
74 0 1471 0 0 13800
74 0 1482 0 0 13900
76 0 1491 0 0 14000
77 0 1507 0 0 14100
77 0 1518 0 0 14200
77 0 1528 0 0 14300
77 0 1538 0 0 14400
77 0 1549 0 0 14500
77 0 1559 0 0 14600
78 0 1565 0 0 14700
79 0 1574 0 0 14800
80 0 1583 0 0 14900
80 0 1600 0 0 15000
81 0 1607 0 0 15100
84 0 1620 0 0 15200
85 0 1631 0 0 15300
85 0 1638 0 0 15400
85 0 1644 0 0 15500
86 0 1648 0 0 15600
86 0 1662 0 0 15700
86 0 1666 0 0 15800
88 0 1673 0 0 15900
89 0 1686 0 0 16000
89 0 1696 0 0 16100
90 0 1701 0 0 16200
92 0 1706 0 0 16300
92 0 1714 0 0 16400
92 0 1722 0 0 16500
92 0 1730 0 0 16600
94 0 1738 0 0 16700
96 0 1745 0 0 16800
98 0 1754 0 0 16900
99 0 1763 0 0 17000
99 0 1775 0 0 17100
99 0 1784 0 0 17200
99 0 1791 0 0 17300
100 0 1802 0 0 17400
101 0 1814 0 0 17500
101 0 1818 0 0 17600
101 0 1824 0 0 17700
102 0 1831 0 0 17800
102 0 1838 0 0 17900
103 0 1844 0 0 18000
104 0 1856 0 0 18100
104 0 1860 0 0 18200
104 0 1869 0 0 18300
104 0 1877 0 0 18400
104 0 1887 0 0 18500
104 0 1899 0 0 18600
104 0 1908 0 0 18700
104 0 1916 0 0 18800
105 0 1927 0 0 18900
105 0 1933 0 0 19000
105 0 1946 0 0 19100
105 0 1951 0 0 19200
105 0 1960 0 0 19300
105 0 1970 0 0 19400
105 0 1974 0 0 19500
107 0 1978 0 0 19600
107 0 1985 0 0 19700
108 0 1998 0 0 19800
108 0 2006 0 0 19900
109 0 2018 0 0 20000
110 0 2034 0 0 20100
110 0 2042 0 0 20200
110 0 2051 0 0 20300
111 0 2063 0 0 20400
114 0 2073 0 0 20500
115 0 2079 0 0 20600
115 0 2092 0 0 20700
115 0 2098 0 0 20800
116 0 2107 0 0 20900
116 0 2117 0 0 21000
117 0 2122 0 0 21100
118 0 2127 0 0 21200
118 0 2136 0 0 21300
119 0 2140 0 0 21400
120 0 2152 0 0 21500
121 0 2156 0 0 21600
121 0 2164 0 0 21700
121 0 2172 0 0 21800
123 0 2181 0 0 21900
126 0 2188 0 0 22000
127 0 2198 0 0 22100
127 0 2204 0 0 22200
128 0 2213 0 0 22300
128 0 2222 0 0 22400
129 0 2230 0 0 22500
130 0 2239 0 0 22600
130 0 2246 0 0 22700
130 0 2259 0 0 22800
131 0 2266 0 0 22900
131 0 2279 0 0 23000
132 0 2285 0 0 23100
133 0 2291 0 0 23200
134 0 2299 0 0 23300
135 0 2302 0 0 23400
136 0 2313 0 0 23500
137 0 2317 0 0 23600
137 0 2325 0 0 23700
137 0 2331 0 0 23800
137 0 2336 0 0 23900
137 0 2340 0 0 24000
138 0 2347 0 0 24100
138 0 2352 0 0 24200
138 0 2358 0 0 24300
139 0 2368 0 0 24400
140 0 2380 0 0 24500
140 0 2389 0 0 24600
141 0 2398 0 0 24700
143 0 2406 0 0 24800
143 0 2412 0 0 24900
143 0 2420 0 0 25000
144 0 2431 0 0 25100
146 0 2439 0 0 25200
148 0 2448 0 0 25300
148 0 2460 0 0 25400
148 0 2468 0 0 25500
148 0 2481 0 0 25600
149 0 2484 0 0 25700
149 0 2489 0 0 25800
149 0 2495 0 0 25900
150 0 2504 0 0 26000
151 0 2508 0 0 26100
153 0 2519 0 0 26200
154 0 2522 0 0 26300
155 0 2537 0 0 26400
156 0 2542 0 0 26500
157 0 2549 0 0 26600
157 0 2559 0 0 26700
157 0 2566 0 0 26800
158 0 2574 0 0 26900
158 0 2586 0 0 27000
159 0 2591 0 0 27100
159 0 2597 0 0 27200
160 0 2602 0 0 27300
160 0 2612 0 0 27400
162 0 2618 0 0 27500
163 0 2622 0 0 27600
164 0 2629 0 0 27700
166 0 2636 0 0 27800
167 0 2646 0 0 27900
169 0 2650 0 0 28000
170 0 2665 0 0 28100
170 0 2667 0 0 28200
170 0 2676 0 0 28300
171 0 2680 0 0 28400
171 0 2685 0 0 28500
172 0 2691 0 0 28600
172 0 2704 0 0 28700
172 0 2712 0 0 28800
173 0 2720 0 0 28900
173 0 2727 0 0 29000
174 0 2740 0 0 29100
175 0 2742 0 0 29200
177 0 2749 0 0 29300
179 0 2751 0 0 29400
180 0 2757 0 0 29500
181 0 2767 0 0 29600
181 0 2774 0 0 29700
181 0 2784 0 0 29800
181 0 2787 0 0 29900
181 0 2799 0 0 30000
182 0 2805 0 0 30100
182 0 2811 0 0 30200
182 0 2818 0 0 30300
182 0 2825 0 0 30400
183 0 2830 0 0 30500
184 0 2837 0 0 30600
184 0 2841 0 0 30700
185 0 2845 0 0 30800
185 0 2856 0 0 30900
186 0 2857 0 0 31000
186 0 2865 0 0 31100
186 0 2868 0 0 31200
186 0 2876 0 0 31300
186 0 2880 0 0 31400
187 0 2886 0 0 31500
188 0 2896 0 0 31600
189 0 2901 0 0 31700
189 0 2909 0 0 31800
189 0 2920 0 0 31900
190 0 2928 0 0 32000
190 0 2932 0 0 32100
191 0 2940 0 0 32200
193 0 2943 0 0 32300
193 0 2951 0 0 32400
193 0 2957 0 0 32500
194 0 2965 0 0 32600
194 0 2971 0 0 32700
194 0 2978 0 0 32800
194 0 2984 0 0 32900
195 0 2991 0 0 33000
196 0 2999 0 0 33100
197 0 3003 0 0 33200
197 0 3007 0 0 33300
198 0 3015 0 0 33400
198 0 3021 0 0 33500
198 0 3027 0 0 33600
198 0 3031 0 0 33700
199 0 3036 0 0 33800
199 0 3041 0 0 33900
200 0 3045 0 0 34000
200 0 3053 0 0 34100
200 0 3058 0 0 34200
201 0 3064 0 0 34300
201 0 3067 0 0 34400
201 0 3075 0 0 34500
201 0 3082 0 0 34600
202 0 3087 0 0 34700
203 0 3098 0 0 34800
203 0 3109 0 0 34900
203 0 3111 0 0 35000
203 0 3118 0 0 35100
204 0 3123 0 0 35200
204 0 3129 0 0 35300
205 0 3135 0 0 35400
206 0 3142 0 0 35500
206 0 3145 0 0 35600
208 0 3152 0 0 35700
208 0 3154 0 0 35800
209 0 3161 0 0 35900
209 0 3170 0 0 36000
209 0 3176 0 0 36100
209 0 3182 0 0 36200
210 0 3185 0 0 36300
212 0 3193 0 0 36400
212 0 3197 0 0 36500
213 0 3209 0 0 36600
214 0 3214 0 0 36700
215 0 3220 0 0 36800
215 0 3227 0 0 36900
215 0 3236 0 0 37000
216 0 3242 0 0 37100
217 0 3247 0 0 37200
217 0 3259 0 0 37300
217 0 3265 0 0 37400
217 0 3270 0 0 37500
217 0 3281 0 0 37600
218 0 3289 0 0 37700
219 0 3293 0 0 37800
220 0 3301 0 0 37900
221 0 3306 0 0 38000
221 0 3309 0 0 38100
222 0 3316 0 0 38200
223 0 3322 0 0 38300
223 0 3327 0 0 38400
224 0 3330 0 0 38500
226 0 3335 0 0 38600
230 0 3344 0 0 38700
230 0 3348 0 0 38800
231 0 3355 0 0 38900
231 0 3362 0 0 39000
231 0 3365 0 0 39100
232 0 3367 0 0 39200
233 0 3370 0 0 39300
234 0 3375 0 0 39400
236 0 3382 0 0 39500
236 0 3388 0 0 39600
238 0 3391 0 0 39700
239 0 3398 0 0 39800
240 0 3406 0 0 39900
241 0 3410 0 0 40000
242 0 3414 0 0 40100
244 0 3417 0 0 40200
244 0 3425 0 0 40300
244 0 3434 0 0 40400
246 0 3439 0 0 40500
246 0 3448 0 0 40600
247 0 3453 0 0 40700
251 0 3460 0 0 40800
251 0 3466 0 0 40900
255 0 3474 0 0 41000
255 0 3479 0 0 41100
257 0 3481 0 0 41200
257 0 3486 0 0 41300
259 0 3488 0 0 41400
259 0 3496 0 0 41500
261 0 3502 0 0 41600
261 0 3508 0 0 41700
263 0 3515 0 0 41800
263 0 3518 0 0 41900
264 0 3524 0 0 42000
264 0 3529 0 0 42100
268 0 3533 0 0 42200
268 0 3538 0 0 42300
269 0 3546 0 0 42400
269 0 3548 0 0 42500
271 0 3553 0 0 42600
271 0 3556 0 0 42700
272 0 3560 0 0 42800
272 0 3561 0 0 42900
273 0 3565 0 0 43000
273 0 3570 0 0 43100
274 0 3573 0 0 43200
274 0 3580 0 0 43300
275 0 3584 0 0 43400
277 0 3590 0 0 43500
280 0 3596 0 0 43600
281 0 3601 0 0 43700
282 0 3609 0 0 43800
283 0 3611 0 0 43900
284 0 3617 0 0 44000
284 0 3624 0 0 44100
285 0 3629 0 0 44200
288 0 3639 0 0 44300
290 0 3646 0 0 44400
291 0 3656 0 0 44500
291 0 3663 0 0 44600
292 0 3668 0 0 44700
293 0 3675 0 0 44800
295 0 3682 0 0 44900
298 0 3691 0 0 45000
299 0 3696 0 0 45100
300 0 3703 0 0 45200
303 0 3707 0 0 45300
305 0 3712 0 0 45400
308 0 3719 0 0 45500
308 0 3721 0 0 45600
309 0 3724 0 0 45700
309 0 3728 0 0 45800
311 0 3734 0 0 45900
311 0 3742 0 0 46000
312 0 3747 0 0 46100
312 0 3755 0 0 46200
312 0 3759 0 0 46300
313 0 3762 0 0 46400
313 0 3768 0 0 46500
314 0 3772 0 0 46600
314 0 3781 0 0 46700
314 0 3786 0 0 46800
314 0 3792 0 0 46900
314 0 3793 0 0 47000
314 0 3799 0 0 47100
314 0 3805 0 0 47200
314 0 3808 0 0 47300
314 0 3813 0 0 47400
315 0 3818 0 0 47500
318 0 3822 0 0 47600
318 0 3823 0 0 47700
320 0 3827 0 0 47800
321 0 3828 0 0 47900
321 0 3831 0 0 48000
322 0 3836 0 0 48100
322 0 3838 0 0 48200
323 0 3845 0 0 48300
323 0 3849 0 0 48400
324 0 3856 0 0 48500
326 0 3858 0 0 48600
327 0 3863 0 0 48700
327 0 3869 0 0 48800
327 0 3877 0 0 48900
327 0 3882 0 0 49000
327 0 3886 0 0 49100
327 0 3890 0 0 49200
327 0 3894 0 0 49300
327 0 3896 0 0 49400
328 0 3899 0 0 49500
329 0 3903 0 0 49600
329 0 3907 0 0 49700
329 0 3914 0 0 49800
329 0 3919 0 0 49900
329 0 3924 0 0 50000
329 0 3933 0 0 50100
329 0 3938 0 0 50200
329 0 3945 0 0 50300
330 0 3947 0 0 50400
331 0 3951 0 0 50500
331 0 3953 0 0 50600
331 0 3956 0 0 50700
331 0 3958 0 0 50800
331 0 3961 0 0 50900
331 0 3970 0 0 51000
331 0 3972 0 0 51100
332 0 3980 0 0 51200
332 0 3990 0 0 51300
332 0 3992 0 0 51400
332 0 3999 0 0 51500
332 0 4003 0 0 51600
332 0 4010 0 0 51700
332 0 4013 0 0 51800
333 0 4018 0 0 51900
334 0 4025 0 0 52000
334 0 4030 0 0 52100
334 0 4038 0 0 52200
334 0 4041 0 0 52300
335 0 4044 0 0 52400
335 0 4051 0 0 52500
335 0 4057 0 0 52600
336 0 4062 0 0 52700
336 0 4065 0 0 52800
336 0 4069 0 0 52900
337 0 4076 0 0 53000
338 0 4079 0 0 53100
339 0 4081 0 0 53200
339 0 4086 0 0 53300
339 0 4090 0 0 53400
339 0 4093 0 0 53500
339 0 4098 0 0 53600
339 0 4099 0 0 53700
340 0 4104 0 0 53800
340 0 4108 0 0 53900
341 0 4111 0 0 54000
341 0 4116 0 0 54100
341 0 4119 0 0 54200
343 0 4125 0 0 54300
343 0 4128 0 0 54400
343 0 4135 0 0 54500
343 0 4140 0 0 54600
344 0 4141 0 0 54700
345 0 4148 0 0 54800
345 0 4152 0 0 54900
345 0 4159 0 0 55000
346 0 4165 0 0 55100
346 0 4171 0 0 55200
347 0 4176 0 0 55300
348 0 4182 0 0 55400
348 0 4188 0 0 55500
350 0 4190 0 0 55600
353 0 4197 0 0 55700
353 0 4201 0 0 55800
354 0 4205 0 0 55900
355 0 4208 0 0 56000
355 0 4211 0 0 56100
356 0 4213 0 0 56200
357 0 4218 0 0 56300
357 0 4225 0 0 56400
357 0 4229 0 0 56500
357 0 4233 0 0 56600
357 0 4240 0 0 56700
358 0 4244 0 0 56800
359 0 4249 0 0 56900
359 0 4254 0 0 57000
360 0 4256 0 0 57100
360 0 4263 0 0 57200
361 0 4268 0 0 57300
362 0 4273 0 0 57400
362 0 4280 0 0 57500
362 0 4284 0 0 57600
364 0 4287 0 0 57700
366 0 4292 0 0 57800
366 0 4293 0 0 57900
368 0 4298 0 0 58000
368 0 4302 0 0 58100
368 0 4305 0 0 58200
370 0 4307 0 0 58300
370 0 4312 0 0 58400
370 0 4315 0 0 58500
371 0 4321 0 0 58600
371 0 4325 0 0 58700
371 0 4328 0 0 58800
373 0 4337 0 0 58900
373 0 4343 0 0 59000
375 0 4350 0 0 59100
376 0 4357 0 0 59200
379 0 4360 0 0 59300
380 0 4367 0 0 59400
380 0 4369 0 0 59500
381 0 4377 0 0 59600
382 0 4381 0 0 59700
383 0 4385 0 0 59800
384 0 4392 0 0 59900
384 0 4399 0 0 60000
385 0 4404 0 0 60100
385 0 4410 0 0 60200
387 0 4417 0 0 60300
388 0 4424 0 0 60400
388 0 4426 0 0 60500
391 0 4433 0 0 60600
392 0 4438 0 0 60700
392 0 4447 0 0 60800
395 0 4454 0 0 60900
397 0 4461 0 0 61000
397 0 4466 0 0 61100
397 0 4471 0 0 61200
399 0 4477 0 0 61300
399 0 4486 0 0 61400
400 0 4490 0 0 61500
400 0 4496 0 0 61600
401 0 4500 0 0 61700
401 0 4503 0 0 61800
401 0 4507 0 0 61900
401 0 4511 0 0 62000
402 0 4515 0 0 62100
402 0 4515 0 0 62200
403 0 4524 0 0 62300
405 0 4529 0 0 62400
405 0 4533 0 0 62500
405 0 4541 0 0 62600
405 0 4548 0 0 62700
405 0 4553 0 0 62800
406 0 4562 0 0 62900
407 0 4567 0 0 63000
409 0 4571 0 0 63100
411 0 4576 0 0 63200
412 0 4580 0 0 63300
412 0 4587 0 0 63400
413 0 4591 0 0 63500
416 0 4595 0 0 63600
418 0 4602 0 0 63700
418 0 4605 0 0 63800
422 0 4608 0 0 63900
423 0 4613 0 0 64000
423 0 4618 0 0 64100
425 0 4623 0 0 64200
426 0 4627 0 0 64300
429 0 4630 0 0 64400
432 0 4633 0 0 64500
433 0 4637 0 0 64600
434 0 4641 0 0 64700
436 0 4642 0 0 64800
436 0 4645 0 0 64900
437 0 4649 0 0 65000
438 0 4654 0 0 65100
440 0 4660 0 0 65200
441 0 4664 0 0 65300
442 0 4673 0 0 65400
442 0 4677 0 0 65500
443 0 4678 0 0 65600
443 0 4682 0 0 65700
445 0 4689 0 0 65800
445 0 4693 0 0 65900
446 0 4696 0 0 66000
446 0 4697 0 0 66100
447 0 4701 0 0 66200
447 0 4704 0 0 66300
449 0 4707 0 0 66400
449 0 4711 0 0 66500
450 0 4715 0 0 66600
451 0 4718 0 0 66700
453 0 4723 0 0 66800
453 0 4726 0 0 66900
454 0 4730 0 0 67000
454 0 4734 0 0 67100
455 0 4737 0 0 67200
455 0 4741 0 0 67300
455 0 4745 0 0 67400
455 0 4751 0 0 67500
455 0 4757 0 0 67600
455 0 4764 0 0 67700
456 0 4771 0 0 67800
457 0 4776 0 0 67900
457 0 4782 0 0 68000
457 0 4787 0 0 68100
457 0 4789 0 0 68200
457 0 4796 0 0 68300
457 0 4800 0 0 68400
457 0 4804 0 0 68500
457 0 4806 0 0 68600
457 0 4809 0 0 68700
457 0 4812 0 0 68800
458 0 4815 0 0 68900
459 0 4823 0 0 69000
459 0 4826 0 0 69100
459 0 4833 0 0 69200
459 0 4835 0 0 69300
459 0 4846 0 0 69400
459 0 4848 0 0 69500
459 0 4855 0 0 69600
460 0 4857 0 0 69700
460 0 4867 0 0 69800
461 0 4870 0 0 69900
461 0 4874 0 0 70000
462 0 4879 0 0 70100
463 0 4885 0 0 70200
464 0 4891 0 0 70300
464 0 4894 0 0 70400
465 0 4904 0 0 70500
467 0 4906 0 0 70600
467 0 4910 0 0 70700
468 0 4912 0 0 70800
468 0 4918 0 0 70900
468 0 4919 0 0 71000
468 0 4924 0 0 71100
468 0 4927 0 0 71200
468 0 4929 0 0 71300
468 0 4938 0 0 71400
468 0 4942 0 0 71500
468 0 4947 0 0 71600
468 0 4951 0 0 71700
469 0 4956 0 0 71800
469 0 4961 0 0 71900
470 0 4963 0 0 72000
471 0 4967 0 0 72100
472 0 4977 0 0 72200
473 0 4980 0 0 72300
475 0 4984 0 0 72400
475 0 4990 0 0 72500
476 0 4992 0 0 72600
476 0 4995 0 0 72700
477 0 4998 0 0 72800
477 0 5005 0 0 72900
477 0 5014 0 0 73000
478 0 5019 0 0 73100
479 0 5023 0 0 73200
480 0 5027 0 0 73300
480 0 5033 0 0 73400
480 0 5039 0 0 73500
480 0 5044 0 0 73600
481 0 5049 0 0 73700
481 0 5052 0 0 73800
482 0 5057 0 0 73900
484 0 5062 0 0 74000
486 0 5065 0 0 74100
486 0 5071 0 0 74200
488 0 5078 0 0 74300
490 0 5083 0 0 74400
491 0 5086 0 0 74500
492 0 5089 0 0 74600
492 0 5095 0 0 74700
492 0 5099 0 0 74800
492 0 5103 0 0 74900
494 0 5107 0 0 75000
495 0 5111 0 0 75100
496 0 5115 0 0 75200
497 0 5121 0 0 75300
498 0 5125 0 0 75400
500 0 5128 0 0 75500
500 0 5133 0 0 75600
500 0 5136 0 0 75700
501 0 5140 0 0 75800
501 0 5146 0 0 75900
501 0 5155 0 0 76000
501 0 5161 0 0 76100
502 0 5167 0 0 76200
503 0 5172 0 0 76300
504 0 5177 0 0 76400
506 0 5186 0 0 76500
507 0 5190 0 0 76600
508 0 5199 0 0 76700
509 0 5205 0 0 76800
509 0 5212 0 0 76900
511 0 5219 0 0 77000
511 0 5226 0 0 77100
511 0 5233 0 0 77200
513 0 5240 0 0 77300
513 0 5243 0 0 77400
514 0 5248 0 0 77500
514 0 5254 0 0 77600
516 0 5260 0 0 77700
516 0 5265 0 0 77800
517 0 5273 0 0 77900
517 0 5278 0 0 78000
517 0 5281 0 0 78100
517 0 5285 0 0 78200
517 0 5289 0 0 78300
518 0 5295 0 0 78400
518 0 5298 0 0 78500
520 0 5300 0 0 78600
522 0 5304 0 0 78700
522 0 5313 0 0 78800
523 0 5317 0 0 78900
524 0 5327 0 0 79000
525 0 5329 0 0 79100
526 0 5336 0 0 79200
527 0 5339 0 0 79300
527 0 5344 0 0 79400
528 0 5350 0 0 79500
529 0 5353 0 0 79600
530 0 5356 0 0 79700
531 0 5361 0 0 79800
531 0 5367 0 0 79900
532 0 5373 0 0 80000
533 0 5377 0 0 80100
533 0 5381 0 0 80200
533 0 5385 0 0 80300
533 0 5390 0 0 80400
533 0 5392 0 0 80500
534 0 5395 0 0 80600
534 0 5398 0 0 80700
534 0 5401 0 0 80800
534 0 5409 0 0 80900
534 0 5413 0 0 81000
535 0 5417 0 0 81100
535 0 5425 0 0 81200
535 0 5428 0 0 81300
536 0 5434 0 0 81400
536 0 5439 0 0 81500
536 0 5444 0 0 81600
536 0 5449 0 0 81700
537 0 5456 0 0 81800
539 0 5457 0 0 81900
539 0 5463 0 0 82000
541 0 5465 0 0 82100
542 0 5471 0 0 82200
543 0 5478 0 0 82300
543 0 5482 0 0 82400
543 0 5490 0 0 82500
545 0 5494 0 0 82600
545 0 5499 0 0 82700
545 0 5504 0 0 82800
545 0 5507 0 0 82900
545 0 5513 0 0 83000
545 0 5518 0 0 83100
547 0 5521 0 0 83200
548 0 5524 0 0 83300
548 0 5532 0 0 83400
548 0 5535 0 0 83500
549 0 5542 0 0 83600
549 0 5542 0 0 83700
549 0 5545 0 0 83800
550 0 5550 0 0 83900
551 0 5553 0 0 84000
552 0 5555 0 0 84100
552 0 5558 0 0 84200
553 0 5560 0 0 84300
555 0 5564 0 0 84400
556 0 5566 0 0 84500
558 0 5570 0 0 84600
560 0 5575 0 0 84700
561 0 5576 0 0 84800
562 0 5580 0 0 84900
562 0 5580 0 0 85000
565 0 5589 0 0 85100
566 0 5594 0 0 85200
570 0 5602 0 0 85300
570 0 5609 0 0 85400
571 0 5614 0 0 85500
571 0 5619 0 0 85600
571 0 5624 0 0 85700
573 0 5627 0 0 85800
574 0 5629 0 0 85900
575 0 5633 0 0 86000
577 0 5636 0 0 86100
577 0 5639 0 0 86200
577 0 5645 0 0 86300
578 0 5647 0 0 86400
579 0 5649 0 0 86500
579 0 5654 0 0 86600
579 0 5656 0 0 86700
579 0 5663 0 0 86800
579 0 5665 0 0 86900
580 0 5667 0 0 87000
580 0 5671 0 0 87100
581 0 5676 0 0 87200
581 0 5683 0 0 87300
581 0 5691 0 0 87400
581 0 5697 0 0 87500
581 0 5701 0 0 87600
581 0 5704 0 0 87700
584 0 5706 0 0 87800
586 0 5708 0 0 87900
586 0 5714 0 0 88000
587 0 5718 0 0 88100
587 0 5724 0 0 88200
587 0 5726 0 0 88300
591 0 5727 0 0 88400
592 0 5729 0 0 88500
592 0 5732 0 0 88600
592 0 5740 0 0 88700
593 0 5743 0 0 88800
593 0 5745 0 0 88900
595 0 5747 0 0 89000
595 0 5749 0 0 89100
595 0 5750 0 0 89200
596 0 5752 0 0 89300
596 0 5755 0 0 89400
596 0 5759 0 0 89500
596 0 5760 0 0 89600
597 0 5762 0 0 89700
597 0 5767 0 0 89800
597 0 5769 0 0 89900
598 0 5771 0 0 90000
599 0 5773 0 0 90100
599 0 5776 0 0 90200
600 0 5778 0 0 90300
600 0 5779 0 0 90400
601 0 5783 0 0 90500
602 0 5788 0 0 90600
602 0 5796 0 0 90700
604 0 5799 0 0 90800
605 0 5806 0 0 90900
606 0 5813 0 0 91000
607 0 5817 0 0 91100
607 0 5822 0 0 91200
609 0 5828 0 0 91300
610 0 5830 0 0 91400
610 0 5836 0 0 91500
612 0 5839 0 0 91600
612 0 5844 0 0 91700
613 0 5848 0 0 91800
614 0 5853 0 0 91900
615 0 5855 0 0 92000
616 0 5860 0 0 92100
617 0 5866 0 0 92200
617 0 5868 0 0 92300
617 0 5873 0 0 92400
620 0 5875 0 0 92500
620 0 5880 0 0 92600
621 0 5884 0 0 92700
623 0 5890 0 0 92800
624 0 5890 0 0 92900
624 0 5896 0 0 93000
625 0 5900 0 0 93100
625 0 5903 0 0 93200
625 0 5905 0 0 93300
626 0 5908 0 0 93400
626 0 5913 0 0 93500
627 0 5914 0 0 93600
628 0 5919 0 0 93700
628 0 5924 0 0 93800
629 0 5927 0 0 93900
630 0 5930 0 0 94000
631 0 5932 0 0 94100
634 0 5934 0 0 94200
634 0 5936 0 0 94300
635 0 5942 0 0 94400
636 0 5945 0 0 94500
636 0 5950 0 0 94600
637 0 5955 0 0 94700
639 0 5958 0 0 94800
639 0 5960 0 0 94900
639 0 5963 0 0 95000
640 0 5964 0 0 95100
641 0 5965 0 0 95200
641 0 5968 0 0 95300
641 0 5972 0 0 95400
642 0 5973 0 0 95500
642 0 5975 0 0 95600
642 0 5978 0 0 95700
643 0 5983 0 0 95800
643 0 5985 0 0 95900
644 0 5988 0 0 96000
645 0 5989 0 0 96100
647 0 5994 0 0 96200
647 0 5998 0 0 96300
648 0 6004 0 0 96400
648 0 6007 0 0 96500
648 0 6011 0 0 96600
649 0 6015 0 0 96700
649 0 6021 0 0 96800
650 0 6026 0 0 96900
650 0 6027 0 0 97000
651 0 6034 0 0 97100
651 0 6042 0 0 97200
651 0 6045 0 0 97300
653 0 6052 0 0 97400
653 0 6057 0 0 97500
654 0 6060 0 0 97600
656 0 6061 0 0 97700
657 0 6064 0 0 97800
657 0 6066 0 0 97900
658 0 6067 0 0 98000
659 0 6072 0 0 98100
659 0 6076 0 0 98200
660 0 6077 0 0 98300
660 0 6081 0 0 98400
660 0 6083 0 0 98500
662 0 6084 0 0 98600
662 0 6086 0 0 98700
662 0 6089 0 0 98800
662 0 6091 0 0 98900
662 0 6094 0 0 99000
663 0 6095 0 0 99100
664 0 6102 0 0 99200
664 0 6104 0 0 99300
666 0 6105 0 0 99400
666 0 6110 0 0 99500
668 0 6114 0 0 99600
668 0 6119 0 0 99700
668 0 6121 0 0 99800
668 0 6122 0 0 99900
