0 0 0 0 0 0 0 0
0 6 6 0 3247 0 3294 100
0 11 11 0 7408 4 7517 200
0 12 12 0 9411 7 9563 300
0 13 13 0 12015 7 12204 400
0 15 15 0 15034 9 15260 500
0 17 17 0 18456 13 18736 600
0 18 18 0 22250 24 22610 700
0 21 21 0 26515 45 27061 800
0 21 21 0 31147 89 31909 900
0 22 22 0 36011 165 37144 1000
0 24 24 0 41190 253 42798 1100
0 24 24 0 46449 341 48619 1200
0 24 24 0 52014 439 54900 1300
0 24 24 0 57741 571 61455 1400
0 25 25 0 63543 770 68320 1500
0 25 25 0 69548 1003 75536 1600
0 26 26 0 75745 1285 83137 1700
0 27 27 0 81962 1598 90886 1800
0 27 27 0 88249 1990 98857 1900
0 27 27 0 94741 2406 107208 2000
0 29 29 0 101267 2888 115683 2100
0 32 32 0 107963 3391 124591 2200
0 34 34 0 114578 3962 133578 2300
0 35 35 0 121395 4541 142953 2400
0 39 39 0 128306 5259 152597 2500
0 41 41 0 135214 5989 162383 2600
0 47 47 0 142147 6723 172245 2700
1 50 50 0 149183 7571 182517 2800
2 57 57 0 156161 8443 192820 2900
3 63 63 0 163275 9342 203416 3000
3 66 66 0 170547 10342 214566 3100
3 67 67 0 177811 11361 225719 3200
3 70 70 0 185160 12444 237060 3300
3 73 73 0 192563 13567 248596 3400
3 76 76 0 199848 14663 259812 3500
3 84 84 0 207279 15793 271366 3600
3 85 85 0 214686 16923 283065 3700
3 88 88 0 222096 18142 294934 3800
3 91 91 0 229425 19352 306652 3900
4 91 91 15385 236932 20476 318531 4000
4 93 93 19370 244362 21650 334432 4100
4 96 96 27666 251826 22884 354586 4200
4 98 98 32025 259221 24140 370855 4300
4 100 100 32025 266668 25335 382898 4400
4 103 103 32025 273967 26606 394787 4500
5 107 107 32025 281358 27933 406915 4600
5 110 110 32025 288867 29335 419479 4700
5 112 112 32025 296429 30823 432256 4800
5 114 114 32025 304066 32228 444896 4900
5 116 116 32025 311649 33704 457600 5000
5 117 117 32025 319292 35225 470506 5100
5 120 120 32025 326930 36778 483509 5200
5 120 120 32025 334561 38305 496661 5300
5 125 125 32025 342184 39799 509691 5400
5 125 125 32025 349876 41328 522579 5500
5 128 128 32025 357435 42884 535524 5600
7 129 129 32025 365073 44483 548515 5700
7 131 131 32025 372769 46013 561786 5800
7 136 136 32025 380358 47588 575064 5900
8 138 138 32025 388058 49047 588230 6000
8 139 139 32025 395707 50477 601231 6100
8 141 141 32025 403423 51978 614293 6200
8 144 144 32025 411034 53339 627206 6300
8 147 147 32025 418680 54867 640138 6400
8 149 149 32025 426396 56251 653068 6500
8 152 152 32025 433965 57649 665716 6600
8 155 155 32025 441643 59162 678660 6700
8 157 157 32025 449222 60576 691353 6800
8 159 159 32025 456956 61953 704133 6900
8 160 160 32025 464557 63382 716749 7000
8 161 161 32025 472046 64800 729417 7100
8 162 162 32025 479732 66224 742230 7200
8 163 163 32025 487263 67653 754974 7300
9 167 167 32025 494917 68933 767398 7400
9 167 167 32025 502475 70288 780092 7500
9 168 168 32025 510097 71611 792602 7600
9 169 169 32025 517636 72868 804976 7700
9 170 170 32025 525359 74192 817557 7800
9 172 172 32025 532862 75464 830011 7900
9 174 174 49239 540626 76722 842622 8000
9 177 177 52805 548214 78143 858904 8100
9 180 180 60229 555790 79421 879030 8200
9 182 182 63911 563436 80759 895491 8300
10 183 183 63911 571074 82100 908256 8400
10 188 188 63911 578808 83461 921065 8500
10 188 188 63911 586487 84743 933833 8600
10 189 189 63911 594134 86033 946682 8700
11 189 189 63911 601784 87310 959473 8800
11 191 191 63911 609496 88654 972357 8900
11 192 192 63911 617106 90012 985354 9000
11 193 193 63911 624879 91387 998278 9100
11 196 196 63911 632540 92675 1011041 9200
11 197 197 63911 640242 93938 1024002 9300
11 197 197 63911 648202 95209 1037293 9400
11 200 200 63911 655832 96404 1049872 9500
11 201 201 63911 663604 97543 1062522 9600
11 202 202 63911 671205 98693 1074918 9700
11 204 204 63911 678946 99929 1087271 9800
12 205 205 63911 686485 101022 1099340 9900
12 206 206 63911 694028 102103 1111334 10000
12 206 206 63911 701661 103242 1123471 10100
12 208 208 63911 709241 104253 1135544 10200
12 208 208 63911 716811 105335 1147615 10300
12 211 211 63911 724419 106462 1159666 10400
13 213 213 63911 731924 107582 1171868 10500
13 217 217 63911 739644 108676 1184039 10600
13 223 223 63911 747224 109664 1196094 10700
13 226 226 63911 754764 110649 1208033 10800
13 228 228 63911 762308 111665 1219914 10900
13 228 228 63911 769873 112557 1231529 11000
13 229 229 63911 777391 113557 1243005 11100
13 230 230 63911 784770 114504 1254114 11200
13 233 233 63911 792129 115458 1265019 11300
13 236 236 63911 799502 116332 1275980 11400
13 238 238 63911 806823 117272 1287015 11500
13 241 241 63911 814255 118143 1298045 11600
13 244 244 63911 821598 118993 1308822 11700
13 245 245 63911 829013 119881 1319762 11800
13 246 246 63911 836266 120844 1330840 11900
13 246 246 81294 843761 121901 1342186 12000
14 249 249 85439 851260 123015 1358052 12100
15 249 249 94118 858514 124133 1378253 12200
15 252 252 98468 865976 125257 1394358 12300
15 254 254 98468 873486 126393 1406328 12400
16 255 255 98468 881044 127536 1418231 12500
16 258 258 98468 888513 128726 1430324 12600
16 259 259 98468 896125 129861 1442498 12700
17 261 261 98468 903607 131002 1454388 12800
17 262 262 98468 911188 132106 1466412 12900
18 264 264 98468 918653 133240 1478380 13000
18 266 266 98468 926212 134360 1490370 13100
18 267 267 98468 933768 135551 1502352 13200
18 270 270 98468 941355 136696 1514276 13300
18 270 270 98468 948881 137927 1526423 13400
18 271 271 98468 956556 139135 1538900 13500
20 271 271 98468 964119 140286 1551171 13600
20 276 276 98468 971724 141479 1563624 13700
20 277 277 98468 979203 142732 1575937 13800
21 280 280 98468 986902 143965 1588277 13900
21 280 280 98468 994379 145213 1600438 14000
21 283 283 98468 1001973 146483 1612657 14100
21 286 286 98468 1009405 147712 1624621 14200
21 287 287 98468 1017030 148933 1636789 14300
21 289 289 98468 1024454 150166 1648659 14400
21 289 289 98468 1031962 151307 1660385 14500
22 289 289 98468 1039449 152454 1671955 14600
22 292 292 98468 1046879 153599 1683205 14700
22 292 292 98468 1054188 154714 1694205 14800
22 295 295 98468 1061576 155777 1705226 14900
22 296 296 98468 1068918 156861 1716350 15000
23 299 299 98468 1076213 157988 1727534 15100
24 301 301 98468 1083715 159142 1739018 15200
24 302 302 98468 1091267 160279 1750731 15300
24 305 305 98468 1098647 161423 1762184 15400
26 305 305 98468 1106062 162554 1773761 15500
27 309 309 98468 1113440 163658 1785170 15600
28 311 311 98468 1120871 164790 1796620 15700
28 314 314 98468 1128374 165867 1808070 15800
29 317 317 98468 1135751 166910 1819777 15900
29 319 319 115893 1143334 167923 1831737 16000
29 321 321 120256 1150891 168923 1848047 16100
29 324 324 129504 1158541 169899 1869418 16200
29 325 325 134157 1166086 170838 1885953 16300
29 328 328 134157 1173764 171861 1897899 16400
30 330 330 134157 1181263 172802 1909561 16500
30 334 334 134157 1188772 173783 1921421 16600
31 334 334 134157 1196348 174808 1933497 16700
31 335 335 134157 1203831 175779 1945394 16800
31 335 335 134157 1211558 176786 1957575 16900
31 337 337 134157 1219130 177703 1969502 17000
31 337 337 134157 1226701 178677 1981290 17100
31 339 339 134157 1234259 179654 1992999 17200
31 340 340 134157 1241764 180702 2004670 17300
31 343 343 134157 1249295 181705 2016482 17400
32 344 344 134157 1256865 182665 2028262 17500
32 345 345 134157 1264415 183610 2040087 17600
32 348 348 134157 1272002 184607 2051786 17700
32 350 350 134157 1279395 185651 2063170 17800
32 350 350 134157 1286901 186658 2074726 17900
32 352 352 134157 1294290 187706 2086220 18000
32 355 355 134157 1301748 188759 2097935 18100
34 358 358 134157 1309231 189770 2109461 18200
34 359 359 134157 1316758 190836 2121017 18300
35 361 361 134157 1324231 191812 2132481 18400
35 361 361 134157 1331633 192828 2143943 18500
35 362 362 134157 1339162 193917 2155655 18600
35 362 362 134157 1346606 194962 2167157 18700
35 363 363 134157 1354173 196030 2178785 18800
35 363 363 134157 1361663 197114 2190378 18900
35 363 363 134157 1369093 198179 2201824 19000
35 363 363 134157 1376686 199266 2213401 19100
35 363 363 134157 1384132 200448 2224937 19200
35 364 364 134157 1391597 201639 2236551 19300
35 365 365 134157 1399021 202773 2248146 19400
35 365 365 134157 1406529 203884 2259672 19500
35 365 365 134157 1413964 204941 2271149 19600
35 366 366 134157 1421370 205968 2282488 19700
35 367 367 134157 1428822 207053 2293867 19800
35 368 368 134157 1436170 208107 2305187 19900
36 368 368 151613 1443551 209179 2316777 20000
36 371 371 155992 1451098 210118 2332806 20100
36 372 372 164806 1458702 211084 2353103 20200
36 372 372 169219 1466078 212009 2368799 20300
36 373 373 169219 1473532 212954 2379970 20400
36 374 374 169219 1480895 213890 2390878 20500
37 375 375 169219 1488463 214763 2401695 20600
37 375 375 169219 1495736 215579 2412132 20700
37 376 376 169219 1503003 216394 2422639 20800
37 376 376 169219 1510301 217241 2433092 20900
37 377 377 169219 1517618 218065 2443522 21000
37 378 378 169219 1524712 218884 2453677 21100
38 380 380 169219 1532094 219732 2464200 21200
38 382 382 169219 1539400 220518 2474788 21300
38 384 384 169219 1546694 221341 2485395 21400
38 385 385 169219 1554168 222197 2496489 21500
38 388 388 169219 1561597 223064 2507480 21600
38 392 392 169219 1568967 223873 2518502 21700
39 394 394 169219 1576375 224787 2529700 21800
39 395 395 169219 1583864 225692 2540936 21900
39 396 396 169219 1591161 226569 2551941 22000
39 398 398 169219 1598563 227395 2562950 22100
39 399 399 169219 1605959 228375 2574342 22200
40 400 400 169219 1613404 229350 2585737 22300
40 402 402 169219 1620847 230263 2597067 22400
41 404 404 169219 1628313 231203 2608557 22500
41 405 405 169219 1635818 232253 2620183 22600
41 408 408 169219 1643178 233205 2631501 22700
41 410 410 169219 1650724 234211 2643165 22800
42 412 412 169219 1658266 235263 2654902 22900
42 413 413 169219 1665754 236322 2666610 23000
42 414 414 169219 1673405 237349 2678570 23100
42 415 415 169219 1681109 238464 2690636 23200
43 417 417 169219 1688724 239528 2702472 23300
43 419 419 169219 1696163 240601 2714228 23400
43 419 419 169219 1703759 241671 2725912 23500
43 420 420 169219 1711267 242784 2737636 23600
43 421 421 169219 1718725 243934 2749250 23700
43 423 423 169219 1726268 245111 2761018 23800
43 427 427 169219 1733762 246129 2772555 23900
43 430 430 186699 1741282 247219 2784258 24000
44 431 431 190951 1748911 248266 2800393 24100
44 433 433 199793 1756454 249306 2820980 24200
44 435 435 204233 1763994 250415 2837131 24300
44 435 435 204233 1771582 251453 2848847 24400
44 435 435 204233 1779042 252427 2860190 24500
44 436 436 204233 1786571 253504 2871689 24600
44 436 436 204233 1794121 254587 2883366 24700
44 436 436 204233 1801644 255769 2895111 24800
44 437 437 204233 1809121 257013 2906812 24900
44 438 438 204233 1816664 258268 2918509 25000
44 438 438 204233 1824205 259454 2930465 25100
44 438 438 204233 1831740 260695 2942522 25200
44 438 438 204233 1839345 262004 2954751 25300
45 441 441 204233 1847011 263395 2967190 25400
45 442 442 204233 1854524 264688 2979497 25500
45 443 443 204233 1862143 266067 2992040 25600
45 444 444 204233 1869763 267337 3004388 25700
45 446 446 204233 1877259 268721 3016832 25800
45 448 448 204233 1884893 270076 3029460 25900
45 450 450 204233 1892463 271393 3042042 26000
45 451 451 204233 1900106 272638 3054685 26100
45 454 454 204233 1907856 273880 3067463 26200
45 455 455 204233 1915584 275144 3080202 26300
45 456 456 204233 1923273 276365 3092900 26400
45 459 459 204233 1930842 277529 3105525 26500
46 460 460 204233 1938641 278679 3118427 26600
47 461 461 204233 1946232 279902 3131267 26700
47 461 461 204233 1954101 281067 3144182 26800
47 461 461 204233 1961795 282346 3156813 26900
47 461 461 204233 1969398 283552 3169082 27000
47 462 462 204233 1976869 284652 3180964 27100
47 463 463 204233 1984379 285757 3192692 27200
47 464 464 204233 1991825 286840 3204117 27300
47 465 465 204233 1999217 287854 3215332 27400
47 466 466 204233 2006572 288956 3226599 27500
47 466 466 204233 2014000 290039 3237936 27600
47 466 466 204233 2021338 291061 3249145 27700
47 468 468 204233 2028840 291998 3260433 27800
48 469 469 204233 2036172 293028 3271455 27900
48 471 471 221727 2043666 293992 3282595 28000
48 472 472 225958 2050984 294963 3297788 28100
48 472 472 234546 2058325 295916 3317335 28200
48 473 473 239003 2065670 296872 3332855 28300
48 473 473 239003 2072991 297818 3343869 28400
49 473 473 239003 2080369 298795 3355081 28500
49 475 475 239003 2087774 299798 3366365 28600
49 475 475 239003 2095160 300765 3377772 28700
50 477 477 239003 2102495 301736 3389071 28800
50 479 479 239003 2109970 302580 3400394 28900
50 479 479 239003 2117252 303491 3411568 29000
50 479 479 239003 2124568 304425 3422700 29100
50 481 481 239003 2132099 305407 3433850 29200
50 481 481 239003 2139425 306368 3444832 29300
50 482 482 239003 2146835 307378 3455889 29400
50 482 482 239003 2154195 308324 3466943 29500
50 483 483 239003 2161561 309334 3478095 29600
50 483 483 239003 2168840 310343 3489368 29700
50 483 483 239003 2176361 311345 3500687 29800
50 483 483 239003 2183788 312382 3512245 29900
50 484 484 239003 2191176 313296 3523544 30000
50 484 484 239003 2198673 314162 3534776 30100
50 485 485 239003 2206024 315124 3545972 30200
50 486 486 239003 2213570 316092 3557182 30300
50 488 488 239003 2220953 316965 3568229 30400
50 488 488 239003 2228198 317888 3579201 30500
50 491 491 239003 2235673 318798 3590241 30600
51 492 492 239003 2243039 319702 3601350 30700
51 492 492 239003 2250376 320580 3612485 30800
52 495 495 239003 2257892 321546 3624116 30900
52 496 496 239003 2265466 322492 3635547 31000
52 497 497 239003 2272872 323446 3646702 31100
52 498 498 239003 2280421 324335 3658201 31200
52 501 501 239003 2287813 325254 3669402 31300
52 502 502 239003 2295271 326176 3680729 31400
53 503 503 239003 2302692 327082 3691722 31500
53 504 504 239003 2310184 327981 3702891 31600
54 507 507 239003 2317513 328869 3713742 31700
54 509 509 239003 2324949 329882 3725024 31800
54 509 509 239003 2332341 330874 3736220 31900
54 511 511 256500 2339859 331808 3747584 32000
55 512 512 261082 2347178 332821 3763273 32100
55 513 513 270889 2354562 333872 3784194 32200
55 516 516 275780 2361874 334905 3800282 32300
55 516 516 275780 2369198 336007 3811475 32400
55 516 516 275780 2376613 337087 3822637 32500
55 516 516 275780 2383998 338099 3833622 32600
55 516 516 275780 2391449 339194 3844796 32700
55 516 516 275780 2398799 340329 3855717 32800
55 516 516 275780 2406111 341470 3866552 32900
55 516 516 275780 2413216 342565 3877298 33000
55 516 516 275780 2420632 343719 3888251 33100
55 517 517 275780 2427857 344893 3899108 33200
56 518 518 275780 2435067 346150 3910057 33300
56 520 520 275780 2442458 347320 3921162 33400
56 523 523 275780 2449833 348467 3932274 33500
56 523 523 275780 2457206 349647 3943365 33600
58 526 526 275780 2464573 350697 3954276 33700
60 530 530 275780 2471810 351788 3965032 33800
60 535 535 275780 2479034 352809 3975912 33900
60 537 537 275780 2486395 353790 3986889 34000
61 538 538 275780 2493840 354785 3997988 34100
61 541 541 275780 2501157 355798 4009007 34200
61 541 541 275780 2508533 356743 4019953 34300
61 543 543 275780 2515922 357588 4030714 34400
61 545 545 275780 2523223 358620 4041628 34500
61 547 547 275780 2530615 359618 4052590 34600
61 549 549 275780 2537981 360554 4063369 34700
61 549 549 275780 2545406 361493 4074232 34800
61 549 549 275780 2552725 362308 4084692 34900
62 550 550 275780 2560004 363196 4095176 35000
62 551 551 275780 2567277 364035 4105812 35100
62 551 551 275780 2574741 364968 4116785 35200
62 553 553 275780 2582180 365891 4127941 35300
62 553 553 275780 2589566 366889 4139038 35400
62 555 555 275780 2596810 367814 4149980 35500
63 556 556 275780 2604139 368762 4161091 35600
63 556 556 275780 2611502 369795 4172158 35700
63 556 556 275780 2618889 370844 4183290 35800
63 558 558 275780 2626140 371941 4194392 35900
64 559 559 293280 2633599 373025 4205566 36000
64 559 559 298146 2640844 374157 4221591 36100
64 559 559 308212 2648334 375286 4243133 36200
64 560 560 313380 2655761 376394 4259891 36300
64 560 560 313380 2663114 377531 4271556 36400
64 560 560 313380 2670604 378776 4283377 36500
64 560 560 313380 2678107 379992 4295301 36600
64 561 561 313380 2685554 381197 4307238 36700
64 561 561 313380 2692983 382397 4319160 36800
64 563 563 313380 2700367 383556 4331000 36900
64 565 565 313380 2707844 384577 4343009 37000
64 567 567 313380 2715166 385615 4354796 37100
64 569 569 313380 2722564 386704 4366651 37200
64 570 570 313380 2730035 387799 4378466 37300
64 571 571 313380 2737397 388818 4389978 37400
64 571 571 313380 2744865 389824 4401485 37500
64 572 572 313380 2752260 390878 4412889 37600
64 574 574 313380 2759645 391789 4423964 37700
65 574 574 313380 2766995 392729 4435080 37800
65 576 576 313380 2774265 393649 4446083 37900
65 577 577 313380 2781669 394615 4457125 38000
66 577 577 313380 2789045 395499 4467818 38100
66 578 578 313380 2796261 396379 4478434 38200
66 579 579 313380 2803597 397192 4489000 38300
67 580 580 313380 2810834 398064 4499448 38400
67 581 581 313380 2818025 398836 4509785 38500
67 581 581 313380 2825283 399632 4520266 38600
67 581 581 313380 2832587 400342 4530768 38700
67 582 582 313380 2839772 401088 4541311 38800
67 583 583 313380 2847131 401843 4552164 38900
67 584 584 313380 2854525 402550 4562977 39000
67 587 587 313380 2861896 403260 4573684 39100
67 588 588 313380 2869256 403971 4584275 39200
67 590 590 313380 2876431 404721 4594861 39300
67 593 593 313380 2883749 405475 4605589 39400
68 595 595 313380 2891155 406249 4616372 39500
68 600 600 313380 2898300 407013 4626636 39600
68 603 603 313380 2905489 407746 4636851 39700
68 604 604 313380 2912840 408555 4647360 39800
68 607 607 313380 2920027 409305 4657629 39900
68 607 607 330880 2927325 410096 4668001 40000
68 607 607 336165 2934530 410848 4683442 40100
69 608 608 346872 2941640 411674 4704382 40200
69 610 610 352286 2948730 412571 4720197 40300
70 612 612 352286 2955982 413484 4730814 40400
70 613 613 352286 2963134 414410 4741379 40500
70 613 613 352286 2970357 415292 4752254 40600
70 617 617 352286 2977481 416200 4762972 40700
71 618 618 352286 2984802 417124 4774081 40800
72 621 621 352286 2992232 418051 4785444 40900
72 623 623 352286 2999571 418916 4796592 41000
72 624 624 352286 3006887 419876 4807771 41100
72 625 625 352286 3014299 420832 4819023 41200
72 625 625 352286 3021590 421771 4830225 41300
72 625 625 352286 3029077 422761 4841846 41400
72 625 625 352286 3036353 423803 4853415 41500
72 625 625 352286 3043809 424952 4865314 41600
72 625 625 352286 3051334 426106 4877237 41700
72 626 626 352286 3058864 427248 4889397 41800
73 629 629 352286 3066405 428400 4901392 41900
74 630 630 352286 3073914 429586 4913515 42000
74 630 630 352286 3081399 430774 4925519 42100
74 632 632 352286 3088830 432032 4937459 42200
74 633 633 352286 3096263 433308 4949279 42300
74 633 633 352286 3103623 434517 4961076 42400
74 634 634 352286 3111088 435780 4972994 42500
74 636 636 352286 3118493 436985 4984842 42600
74 636 636 352286 3125900 438249 4996604 42700
74 637 637 352286 3133314 439492 5008383 42800
74 637 637 352286 3140592 440783 5020156 42900
74 638 638 352286 3148112 442086 5032205 43000
74 639 639 352286 3155472 443351 5043968 43100
74 642 642 352286 3162896 444502 5055762 43200
74 643 643 352286 3170317 445694 5067448 43300
74 645 645 352286 3177823 446898 5079450 43400
75 647 647 352286 3185262 447997 5091384 43500
75 647 647 352286 3192666 449095 5103185 43600
75 647 647 352286 3200270 450174 5115155 43700
75 647 647 352286 3207789 451146 5126931 43800
75 649 649 352286 3215258 452201 5138492 43900
76 649 649 369786 3222676 453126 5149793 44000
76 650 650 374385 3230009 454130 5165487 44100
76 651 651 383651 3237336 455027 5185763 44200
76 651 651 388352 3244650 455913 5201374 44300
76 651 651 388352 3252060 456796 5212220 44400
76 651 651 388352 3259252 457594 5222841 44500
77 652 652 388352 3266528 458368 5233472 44600
77 653 653 388352 3273865 459167 5244161 44700
77 655 655 388352 3281321 459957 5255268 44800
77 658 658 388352 3288583 460754 5266160 44900
77 662 662 388352 3295964 461526 5277018 45000
77 664 664 388352 3303357 462220 5287865 45100
77 669 669 388352 3310725 462930 5298593 45200
77 671 671 388352 3318059 463675 5309430 45300
78 673 673 388352 3325429 464375 5320192 45400
78 676 676 388352 3332840 465150 5331044 45500
78 676 676 388352 3340131 465861 5341733 45600
78 677 677 388352 3347467 466598 5352458 45700
79 677 677 388352 3354719 467318 5362955 45800
79 678 678 388352 3362024 468086 5373833 45900
79 678 678 388352 3369424 468805 5384531 46000
79 680 680 388352 3376725 469511 5395092 46100
79 681 681 388352 3384122 470189 5405635 46200
79 683 683 388352 3391409 470892 5416377 46300
79 683 683 388352 3398674 471637 5426938 46400
79 683 683 388352 3406057 472407 5437582 46500
79 683 683 388352 3413313 473191 5448075 46600
79 685 685 388352 3420556 473899 5458600 46700
79 685 685 388352 3427711 474565 5469014 46800
79 685 685 388352 3435091 475241 5479459 46900
79 686 686 388352 3442348 475916 5489582 47000
79 687 687 388352 3449544 476605 5499561 47100
79 689 689 388352 3456757 477302 5509670 47200
79 691 691 388352 3463879 477944 5519565 47300
79 693 693 388352 3471074 478598 5529500 47400
80 695 695 388352 3478208 479235 5539200 47500
80 696 696 388352 3485268 479834 5548903 47600
81 696 696 388352 3492448 480440 5558863 47700
81 696 696 388352 3499532 481087 5568682 47800
81 697 697 388352 3506716 481754 5578491 47900
81 699 699 405851 3513793 482449 5588329 48000
81 701 701 410967 3520983 483125 5603505 48100
82 703 703 421776 3528138 483813 5624287 48200
82 707 707 427303 3535439 484453 5639959 48300
83 709 709 427303 3542532 485160 5650030 48400
83 710 710 427303 3549837 485808 5660309 48500
83 710 710 427303 3557027 486477 5670468 48600
83 713 713 427303 3564348 487136 5680760 48700
83 714 714 427303 3571669 487831 5691077 48800
84 716 716 427303 3578949 488520 5701426 48900
84 717 717 427303 3586130 489200 5711714 49000
84 719 719 427303 3593510 489928 5722082 49100
84 720 720 427303 3600762 490713 5732524 49200
84 720 720 427303 3608157 491467 5742946 49300
84 720 720 427303 3615331 492232 5753255 49400
84 720 720 427303 3622504 492994 5763620 49500
84 722 722 427303 3629716 493827 5773895 49600
84 722 722 427303 3636928 494664 5784286 49700
84 722 722 427303 3644211 495549 5794844 49800
85 723 723 427303 3651492 496490 5805446 49900
85 723 723 427303 3658878 497504 5816348 50000
85 724 724 427303 3666156 498557 5827230 50100
86 725 725 427303 3673481 499605 5838260 50200
87 726 726 427303 3680732 500617 5849309 50300
87 729 729 427303 3688107 501636 5860479 50400
87 729 729 427303 3695491 502740 5871999 50500
87 731 731 427303 3702927 503837 5883458 50600
87 732 732 427303 3710280 504823 5894886 50700
87 733 733 427303 3717647 505908 5906420 50800
87 734 734 427303 3724952 507000 5917948 50900
87 734 734 427303 3732435 508209 5929893 51000
87 735 735 427303 3739893 509419 5941586 51100
87 735 735 427303 3747231 510583 5952932 51200
88 737 737 427303 3754458 511827 5964211 51300
88 740 740 427303 3761759 513080 5975421 51400
88 741 741 427303 3768989 514419 5986586 51500
88 741 741 427303 3776242 515688 5997950 51600
88 742 742 427303 3783495 516890 6009196 51700
88 742 742 427303 3790659 518098 6020398 51800
88 742 742 427303 3797974 519243 6031452 51900
88 742 742 444803 3805201 520374 6042520 52000
88 743 743 449473 3812492 521521 6058389 52100
88 744 744 459150 3819782 522565 6079005 52200
88 745 745 464217 3827123 523666 6095080 52300
88 746 746 464217 3834338 524857 6106227 52400
88 746 746 464217 3841535 526039 6117215 52500
88 747 747 464217 3848843 527220 6128351 52600
88 748 748 464217 3856120 528413 6139514 52700
88 748 748 464217 3863426 529568 6150600 52800
88 749 749 464217 3870746 530793 6162078 52900
88 749 749 464217 3877909 532042 6173485 53000
88 752 752 464217 3885313 533379 6185248 53100
88 752 752 464217 3892727 534674 6197089 53200
88 752 752 464217 3900054 536026 6208796 53300
89 754 754 464217 3907342 537370 6220407 53400
89 755 755 464217 3914806 538676 6232173 53500
89 756 756 464217 3922124 540034 6243990 53600
89 757 757 464217 3929446 541399 6255799 53700
89 759 759 464217 3936933 542609 6267626 53800
89 760 760 464217 3944293 543919 6279257 53900
89 760 760 464217 3951568 545221 6290662 54000
89 761 761 464217 3958939 546434 6302171 54100
90 762 762 464217 3966314 547629 6313747 54200
90 762 762 464217 3973713 548920 6325523 54300
90 763 763 464217 3981281 550191 6337463 54400
90 765 765 464217 3988690 551436 6349224 54500
90 767 767 464217 3996211 552610 6360877 54600
91 767 767 464217 4003627 553756 6372513 54700
91 769 769 464217 4011259 554927 6384328 54800
91 769 769 464217 4018688 556057 6395948 54900
91 770 770 464217 4026173 557191 6407433 55000
91 771 771 464217 4033579 558260 6418741 55100
91 773 773 464217 4040975 559292 6429868 55200
91 775 775 464217 4048248 560317 6440789 55300
91 775 775 464217 4055581 561265 6451584 55400
91 775 775 464217 4062806 562224 6462268 55500
91 775 775 464217 4070089 563141 6472884 55600
91 775 775 464217 4077397 564077 6483575 55700
91 775 775 464217 4084659 565032 6494425 55800
91 775 775 464217 4091861 566076 6505299 55900
91 775 775 481716 4099242 567087 6516362 56000
91 775 775 486384 4106599 568037 6532013 56100
91 775 775 496238 4113937 569078 6553030 56200
91 776 776 501236 4121240 570197 6569310 56300
91 778 778 501236 4128770 571203 6580891 56400
91 778 778 501236 4136030 572312 6592288 56500
91 779 779 501236 4143474 573395 6604065 56600
91 781 781 501236 4150960 574459 6616041 56700
91 782 782 501236 4158540 575586 6628032 56800
91 783 783 501236 4166022 576622 6639872 56900
91 784 784 501236 4173594 577718 6651674 57000
91 784 784 501236 4180894 578843 6663124 57100
91 784 784 501236 4188290 580041 6674804 57200
91 784 784 501236 4195694 581232 6686322 57300
91 784 784 501236 4203192 582369 6698012 57400
91 785 785 501236 4210636 583465 6709456 57500
91 785 785 501236 4217971 584623 6720761 57600
91 785 785 501236 4225360 585763 6732285 57700
91 785 785 501236 4232891 586843 6743723 57800
91 785 785 501236 4240220 587884 6754910 57900
91 785 785 501236 4247816 588964 6766473 58000
91 785 785 501236 4255207 589952 6777908 58100
91 787 787 501236 4262604 590988 6789271 58200
91 787 787 501236 4270043 592052 6800724 58300
91 787 787 501236 4277507 593091 6812228 58400
91 788 788 501236 4284989 594218 6823797 58500
91 789 789 501236 4292374 595248 6835237 58600
91 790 790 501236 4299795 596235 6846673 58700
91 791 791 501236 4307322 597262 6858100 58800
91 792 792 501236 4314672 598303 6869472 58900
91 792 792 501236 4322097 599407 6881057 59000
91 792 792 501236 4329575 600557 6892613 59100
91 793 793 501236 4337032 601591 6903919 59200
91 794 794 501236 4344338 602661 6915176 59300
91 796 796 501236 4351773 603697 6926380 59400
92 796 796 501236 4359147 604776 6937589 59500
93 798 798 501236 4366549 605838 6948945 59600
93 799 799 501236 4373901 606939 6960221 59700
93 799 799 501236 4381416 607977 6971495 59800
93 800 800 501236 4388776 609120 6982679 59900
93 801 801 518736 4396143 610252 6993782 60000
93 803 803 523344 4403466 611383 7009713 60100
93 805 805 532901 4410925 612516 7031136 60200
93 806 806 537826 4418435 613729 7048125 60300
94 807 807 537826 4425853 614926 7060152 60400
94 808 808 537826 4433448 616131 7072388 60500
94 808 808 537826 4441059 617348 7084626 60600
94 810 810 537826 4448489 618496 7096694 60700
94 810 810 537826 4456025 619649 7108865 60800
94 811 811 537826 4463524 620779 7120875 60900
95 812 812 537826 4471069 621978 7132823 61000
95 813 813 537826 4478633 623166 7144647 61100
95 813 813 537826 4486036 624379 7156017 61200
96 814 814 537826 4493388 625587 7167580 61300
96 814 814 537826 4500764 626912 7179266 61400
96 815 815 537826 4508357 628104 7191188 61500
96 815 815 537826 4515813 629346 7202883 61600
96 817 817 537826 4523143 630607 7214503 61700
96 817 817 537826 4530664 632009 7226619 61800
96 818 818 537826 4538152 633267 7238615 61900
97 819 819 537826 4545862 634610 7250851 62000
97 821 821 537826 4553258 636004 7262735 62100
97 823 823 537826 4560679 637428 7274653 62200
97 828 828 537826 4568022 638748 7286392 62300
97 829 829 537826 4575508 640040 7298260 62400
98 830 830 537826 4582915 641484 7310384 62500
98 831 831 537826 4590400 642822 7322516 62600
99 833 833 537826 4597995 644272 7334951 62700
100 834 834 537826 4605520 645748 7347409 62800
100 835 835 537826 4613065 647190 7359907 62900
100 835 835 537826 4620575 648620 7372411 63000
100 836 836 537826 4628065 650095 7384646 63100
100 838 838 537826 4635498 651567 7396798 63200
100 840 840 537826 4643038 652989 7408952 63300
100 840 840 537826 4650494 654471 7421013 63400
100 841 841 537826 4657926 655919 7432939 63500
100 843 843 537826 4665325 657373 7444766 63600
100 844 844 537826 4672761 658892 7456711 63700
100 845 845 537826 4680083 660328 7468413 63800
101 846 846 537826 4687475 661775 7480048 63900
101 847 847 555325 4694889 663232 7491817 64000
101 847 847 559713 4702292 664664 7507961 64100
101 848 848 568491 4709704 666075 7528296 64200
101 848 848 572911 4717046 667542 7544292 64300
101 849 849 572911 4724563 668957 7555917 64400
101 850 850 572911 4731939 670337 7567382 64500
101 850 850 572911 4739205 671734 7578671 64600
101 851 851 572911 4746590 673149 7590051 64700
101 851 851 572911 4753950 674557 7601478 64800
101 851 851 572911 4761276 675940 7612791 64900
101 851 851 572911 4768620 677321 7624078 65000
101 852 852 572911 4775998 678672 7635307 65100
102 853 853 572911 4783347 680217 7647035 65200
102 853 853 572911 4790644 681643 7658571 65300
102 854 854 572911 4798056 683008 7670182 65400
102 854 854 572911 4805554 684331 7681879 65500
102 854 854 572911 4812915 685727 7693471 65600
102 854 854 572911 4820324 687089 7705205 65700
104 856 856 572911 4827730 688414 7716917 65800
104 857 857 572911 4835236 689771 7728745 65900
104 857 857 572911 4842522 691117 7740317 66000
104 858 858 572911 4850065 692420 7752070 66100
104 858 858 572911 4857469 693750 7763808 66200
104 859 859 572911 4864829 695007 7775353 66300
104 859 859 572911 4872344 696310 7787007 66400
104 859 859 572911 4879610 697745 7798668 66500
104 861 861 572911 4887075 699206 7810563 66600
104 862 862 572911 4894510 700702 7822725 66700
104 864 864 572911 4902042 702243 7835070 66800
104 867 867 572911 4909446 703772 7847246 66900
105 868 868 572911 4917046 705247 7859417 67000
105 869 869 572911 4924450 706696 7871436 67100
105 870 870 572911 4932024 708151 7883605 67200
105 872 872 572911 4939430 709585 7895684 67300
105 872 872 572911 4947007 711075 7907812 67400
106 873 873 572911 4954366 712620 7919895 67500
106 876 876 572911 4961771 714094 7931891 67600
106 877 877 572911 4969224 715607 7943936 67700
106 877 877 572911 4976614 717095 7955852 67800
106 878 878 572911 4984052 718565 7968008 67900
106 878 878 590411 4991428 720042 7980326 68000
106 878 878 594632 4999028 721494 7996997 68100
106 878 878 603270 5006519 722958 8017903 68200
106 879 879 607635 5014038 724435 8034553 68300
106 879 879 607635 5021538 725970 8046982 68400
106 880 880 607635 5029146 727452 8059421 68500
106 880 880 607635 5036753 728950 8071904 68600
106 881 881 607635 5044231 730490 8084368 68700
106 882 882 607635 5051860 732037 8097180 68800
106 884 884 607635 5059475 733510 8109847 68900
106 884 884 607635 5067119 735038 8122606 69000
106 885 885 607635 5074688 736512 8135049 69100
106 885 885 607635 5082179 737928 8147202 69200
106 885 885 607635 5089689 739343 8159192 69300
106 885 885 607635 5097140 740672 8171114 69400
106 887 887 607635 5104677 742004 8183105 69500
106 888 888 607635 5112275 743272 8194965 69600
107 890 890 607635 5119656 744489 8206570 69700
107 891 891 607635 5127090 745661 8218009 69800
108 893 893 607635 5134456 746799 8229231 69900
108 894 894 607635 5141739 747965 8240498 70000
108 895 895 607635 5149134 748978 8251874 70100
108 895 895 607635 5156547 750042 8263414 70200
108 895 895 607635 5163924 751037 8274929 70300
108 897 897 607635 5171448 752043 8286608 70400
108 897 897 607635 5178993 753154 8298445 70500
108 898 898 607635 5186480 754277 8310362 70600
108 899 899 607635 5193834 755291 8322045 70700
108 900 900 607635 5201454 756340 8333831 70800
108 901 901 607635 5208942 757387 8345559 70900
108 901 901 607635 5216415 758453 8357290 71000
108 901 901 607635 5223900 759490 8368961 71100
108 902 902 607635 5231412 760568 8380776 71200
108 902 902 607635 5238878 761707 8392493 71300
108 903 903 607635 5246307 762825 8404083 71400
108 903 903 607635 5253753 763865 8415613 71500
108 903 903 607635 5261230 764875 8427081 71600
108 903 903 607635 5268575 765898 8438297 71700
108 904 904 607635 5275980 766983 8449581 71800
108 904 904 607635 5283321 768099 8461039 71900
108 904 904 625135 5290657 769266 8472461 72000
108 904 904 629474 5298097 770381 8488402 72100
108 904 904 638295 5305636 771391 8508774 72200
108 906 906 642765 5312960 772436 8524691 72300
108 907 907 642765 5320335 773473 8536211 72400
108 907 907 642765 5327755 774625 8547882 72500
108 909 909 642765 5335207 775771 8559518 72600
108 909 909 642765 5342704 776893 8571078 72700
108 909 909 642765 5350057 777997 8582383 72800
108 910 910 642765 5357322 779088 8593538 72900
108 911 911 642765 5364649 780226 8604641 73000
108 911 911 642765 5371904 781298 8615513 73100
108 913 913 642765 5379280 782398 8626613 73200
108 914 914 642765 5386605 783475 8637578 73300
108 914 914 642765 5393916 784578 8648515 73400
108 915 915 642765 5401116 785633 8659296 73500
108 915 915 642765 5408365 786673 8669890 73600
108 915 915 642765 5415513 787735 8680469 73700
108 916 916 642765 5422740 788887 8691072 73800
108 917 917 642765 5429995 789926 8701642 73900
108 918 918 642765 5437092 790862 8711946 74000
108 918 918 642765 5444286 791855 8722441 74100
108 920 920 642765 5451465 792841 8732820 74200
108 921 921 642765 5458657 793852 8743415 74300
108 922 922 642765 5465867 794805 8754071 74400
108 923 923 642765 5473123 795843 8764872 74500
108 923 923 642765 5480407 796903 8775942 74600
108 924 924 642765 5487747 798002 8787215 74700
109 924 924 642765 5495092 799172 8798390 74800
109 925 925 642765 5502483 800315 8809778 74900
109 925 925 642765 5509922 801560 8821366 75000
109 925 925 642765 5517319 802893 8833359 75100
109 927 927 642765 5524831 804146 8845528 75200
109 927 927 642765 5532330 805364 8857476 75300
110 928 928 642765 5539844 806656 8869483 75400
110 930 930 642765 5547318 807923 8881500 75500
110 932 932 642765 5554699 809173 8893659 75600
110 932 932 642765 5562256 810485 8905949 75700
110 936 936 642765 5569758 811794 8918199 75800
110 936 936 642765 5577251 813056 8930709 75900
110 938 938 660265 5584879 814358 8943351 76000
110 941 941 664589 5592519 815706 8960513 76100
110 941 941 673539 5600117 817058 8982481 76200
110 941 941 678175 5607763 818417 8999899 76300
110 942 942 678175 5615407 819725 9012333 76400
110 942 942 678175 5622812 820981 9024511 76500
110 942 942 678175 5630474 822232 9037173 76600
110 943 943 678175 5637972 823503 9049881 76700
110 943 943 678175 5645765 824782 9062638 76800
110 943 943 678175 5653272 825954 9074940 76900
110 943 943 678175 5660985 827094 9087361 77000
110 944 944 678175 5668562 828259 9099699 77100
110 944 944 678175 5676061 829327 9111782 77200
110 944 944 678175 5683603 830432 9123773 77300
110 944 944 678175 5691113 831493 9135480 77400
110 945 945 678175 5698564 832504 9146829 77500
110 945 945 678175 5705861 833509 9158028 77600
110 946 946 678175 5713333 834421 9169200 77700
110 948 948 678175 5720699 835327 9180540 77800
110 948 948 678175 5728080 836299 9191971 77900
110 948 948 678175 5735587 837235 9203439 78000
110 949 949 678175 5743020 838188 9214747 78100
110 950 950 678175 5750518 839138 9226108 78200
110 950 950 678175 5757984 840082 9237345 78300
110 951 951 678175 5765444 841011 9248618 78400
110 951 951 678175 5772906 841880 9259717 78500
110 951 951 678175 5780215 842772 9270516 78600
110 951 951 678175 5787627 843799 9281511 78700
110 952 952 678175 5794809 844835 9292281 78800
110 952 952 678175 5802060 845907 9303247 78900
110 953 953 678175 5809365 846979 9314199 79000
110 954 954 678175 5816679 848084 9325316 79100
110 955 955 678175 5824001 849171 9336491 79200
110 956 956 678175 5831237 850324 9347903 79300
110 956 956 678175 5838719 851456 9359610 79400
110 957 957 678175 5846208 852665 9371426 79500
110 957 957 678175 5853811 853880 9383407 79600
110 957 957 678175 5861206 854997 9395280 79700
110 957 957 678175 5868625 856222 9407276 79800
110 957 957 678175 5876144 857479 9419387 79900
110 957 957 695674 5883637 858735 9431395 80000
110 957 957 700058 5891096 860004 9447774 80100
110 958 958 709043 5898494 861280 9468876 80200
110 958 958 713596 5906078 862583 9485744 80300
110 958 958 713596 5913536 863841 9497766 80400
110 959 959 713596 5921016 865088 9509675 80500
110 959 959 713596 5928529 866401 9521784 80600
110 960 960 713596 5936100 867580 9533911 80700
110 960 960 713596 5943584 868738 9545908 80800
110 961 961 713596 5951217 869952 9558115 80900
110 961 961 713596 5958810 871190 9570183 81000
110 962 962 713596 5966282 872458 9582093 81100
110 963 963 713596 5973780 873740 9593882 81200
110 964 964 713596 5981275 874932 9605599 81300
113 965 965 713596 5988607 876141 9617156 81400
113 968 968 713596 5996040 877305 9628779 81500
113 968 968 713596 6003461 878363 9640300 81600
113 969 969 713596 6010819 879459 9651790 81700
113 970 970 713596 6018188 880540 9663177 81800
113 970 970 713596 6025656 881662 9674687 81900
114 970 970 713596 6033169 882809 9686510 82000
114 971 971 713596 6040662 883955 9697952 82100
114 971 971 713596 6048070 885012 9709331 82200
114 971 971 713596 6055533 886059 9720605 82300
114 973 973 713596 6062994 887074 9731898 82400
114 974 974 713596 6070443 888154 9743209 82500
115 974 974 713596 6077764 889213 9754475 82600
115 975 975 713596 6085288 890263 9765964 82700
116 975 975 713596 6092737 891284 9777443 82800
116 975 975 713596 6100281 892301 9788988 82900
116 975 975 713596 6107801 893462 9800599 83000
117 976 976 713596 6115201 894606 9811979 83100
117 976 976 713596 6122576 895646 9823200 83200
117 976 976 713596 6129960 896733 9834508 83300
117 977 977 713596 6137367 897908 9846141 83400
117 977 977 713596 6144905 899098 9858070 83500
117 977 977 713596 6152312 900256 9869760 83600
117 978 978 713596 6159965 901428 9881697 83700
117 978 978 713596 6167361 902597 9893344 83800
117 979 979 713596 6174817 903828 9905080 83900
117 979 979 731096 6182188 904983 9916769 84000
117 980 980 735551 6189706 906233 9933106 84100
117 981 981 744878 6197096 907443 9954073 84200
117 983 983 749520 6204583 908601 9970406 84300
117 983 983 749520 6211990 909879 9982405 84400
117 984 984 749520 6219476 910944 9994295 84500
118 984 984 749520 6227109 911974 10006481 84600
118 984 984 749520 6234648 913006 10018688 84700
118 989 989 749520 6242259 914078 10030875 84800
120 989 989 749520 6249745 915131 10042773 84900
120 991 991 749520 6257296 916139 10054572 85000
120 991 991 749520 6264719 917167 10066003 85100
120 992 992 749520 6272133 918191 10077641 85200
120 992 992 749520 6279632 919193 10089361 85300
120 993 993 749520 6287047 920185 10100873 85400
120 994 994 749520 6294480 921205 10112280 85500
121 995 995 749520 6301870 922202 10123630 85600
121 998 998 749520 6309198 923177 10134918 85700
122 1000 1000 749520 6316733 924128 10146419 85800
122 1003 1003 749520 6324148 925080 10157709 85900
123 1005 1005 749520 6331565 925940 10168887 86000
123 1005 1005 749520 6339073 926810 10180137 86100
123 1006 1006 749520 6346441 927733 10191322 86200
123 1006 1006 749520 6353637 928755 10202387 86300
123 1008 1008 749520 6360947 929722 10213503 86400
123 1009 1009 749520 6368392 930725 10224787 86500
123 1009 1009 749520 6375815 931681 10236119 86600
123 1010 1010 749520 6383157 932611 10247424 86700
123 1010 1010 749520 6390647 933540 10259006 86800
123 1010 1010 749520 6398100 934500 10270473 86900
123 1010 1010 749520 6405681 935479 10281970 87000
123 1011 1011 749520 6413049 936398 10293226 87100
123 1013 1013 749520 6420593 937336 10304478 87200
125 1015 1015 749520 6427872 938252 10315425 87300
125 1016 1016 749520 6435361 939176 10326621 87400
125 1016 1016 749520 6442797 940059 10337684 87500
125 1018 1018 749520 6450110 940953 10348672 87600
125 1020 1020 749520 6457565 941802 10359710 87700
126 1022 1022 749520 6464956 942632 10370700 87800
126 1023 1023 749520 6472309 943461 10381494 87900
126 1024 1024 767020 6479678 944303 10392372 88000
126 1024 1024 771554 6486919 945135 10407559 88100
126 1025 1025 780971 6494187 945959 10427677 88200
126 1026 1026 785766 6501545 946859 10443359 88300
126 1028 1028 785766 6508924 947698 10454264 88400
127 1029 1029 785766 6516291 948564 10465385 88500
127 1030 1030 785766 6523610 949521 10476777 88600
127 1031 1031 785766 6531180 950464 10488701 88700
127 1031 1031 785766 6538736 951333 10500493 88800
127 1033 1033 785766 6546385 952298 10512556 88900
128 1035 1035 785766 6553940 953222 10524368 89000
128 1035 1035 785766 6561651 954081 10536267 89100
128 1036 1036 785766 6569141 955000 10547807 89200
128 1036 1036 785766 6576584 955891 10559150 89300
128 1038 1038 785766 6584071 956799 10570256 89400
128 1038 1038 785766 6591449 957662 10581229 89500
128 1038 1038 785766 6598811 958476 10592029 89600
128 1039 1039 785766 6606112 959322 10602754 89700
128 1040 1040 785766 6613431 960084 10613593 89800
128 1040 1040 785766 6620774 960901 10624409 89900
128 1041 1041 785766 6628069 961679 10635101 90000
128 1042 1042 785766 6635371 962510 10645701 90100
128 1044 1044 785766 6642670 963318 10656305 90200
129 1046 1046 785766 6649858 964133 10666822 90300
130 1046 1046 785766 6657156 964890 10677233 90400
130 1046 1046 785766 6664484 965738 10687849 90500
130 1046 1046 785766 6671810 966536 10698250 90600
130 1046 1046 785766 6679088 967350 10708479 90700
130 1046 1046 785766 6686289 968161 10718638 90800
131 1046 1046 785766 6693417 968946 10728602 90900
131 1047 1047 785766 6700605 969688 10738640 91000
131 1047 1047 785766 6707793 970495 10748778 91100
131 1048 1048 785766 6715156 971300 10758987 91200
131 1048 1048 785766 6722399 972124 10769196 91300
132 1050 1050 785766 6729551 972928 10779233 91400
132 1050 1050 785766 6736862 973748 10789439 91500
132 1051 1051 785766 6743947 974564 10799360 91600
132 1051 1051 785766 6751272 975423 10809641 91700
132 1051 1051 785766 6758609 976331 10820144 91800
132 1053 1053 785766 6765977 977132 10830652 91900
133 1053 1053 803266 6773150 978001 10841024 92000
133 1053 1053 808576 6780600 978895 10857215 92100
134 1055 1055 819306 6787889 979898 10878717 92200
136 1056 1056 824882 6795239 980814 10895088 92300
136 1057 1057 824882 6802654 981767 10906050 92400
136 1057 1057 824882 6810105 982745 10917375 92500
136 1059 1059 824882 6817520 983691 10928758 92600
136 1061 1061 824882 6824880 984664 10940336 92700
136 1061 1061 824882 6832415 985576 10952032 92800
136 1061 1061 824882 6839801 986535 10963621 92900
136 1061 1061 824882 6847186 987464 10975112 93000
136 1062 1062 824882 6854738 988457 10986632 93100
136 1063 1063 824882 6862049 989424 10997977 93200
137 1066 1066 824882 6869314 990433 11009085 93300
137 1067 1067 824882 6876630 991412 11020207 93400
137 1067 1067 824882 6883969 992329 11031237 93500
137 1068 1068 824882 6891292 993276 11042419 93600
137 1068 1068 824882 6898519 994251 11053359 93700
137 1070 1070 824882 6905752 995214 11064221 93800
137 1070 1070 824882 6913129 996259 11075246 93900
137 1070 1070 824882 6920492 997275 11086490 94000
137 1070 1070 824882 6927844 998362 11097724 94100
137 1071 1071 824882 6935156 999394 11108881 94200
137 1072 1072 824882 6942380 1000469 11119903 94300
137 1072 1072 824882 6949547 1001469 11130696 94400
137 1072 1072 824882 6956746 1002606 11141666 94500
137 1072 1072 824882 6964039 1003701 11152698 94600
137 1072 1072 824882 6971195 1004741 11163688 94700
137 1072 1072 824882 6978519 1005808 11174762 94800
137 1072 1072 824882 6985941 1006813 11185985 94900
137 1072 1072 824882 6993142 1007834 11197050 95000
137 1073 1073 824882 7000451 1008896 11208247 95100
137 1073 1073 824882 7007780 1009965 11219422 95200
137 1073 1073 824882 7015178 1011078 11230704 95300
137 1073 1073 824882 7022430 1012123 11241741 95400
137 1076 1076 824882 7029797 1013131 11252819 95500
137 1077 1077 824882 7036978 1014180 11263910 95600
137 1078 1078 824882 7044343 1015131 11274954 95700
137 1080 1080 824882 7051649 1016100 11285931 95800
137 1080 1080 824882 7058986 1017094 11296867 95900
139 1081 1081 842382 7066233 1018036 11307582 96000
139 1083 1083 847121 7073503 1019040 11323191 96100
139 1083 1083 856893 7080754 1020143 11343935 96200
140 1085 1085 861922 7088051 1021178 11360059 96300
140 1085 1085 861922 7095373 1022205 11371185 96400
140 1086 1086 861922 7102802 1023301 11382456 96500
140 1086 1086 861922 7110210 1024368 11393645 96600
140 1086 1086 861922 7117509 1025396 11404665 96700
140 1086 1086 861922 7124853 1026402 11415533 96800
140 1088 1088 861922 7132154 1027389 11426442 96900
141 1089 1089 861922 7139469 1028452 11437254 97000
141 1090 1090 861922 7146798 1029486 11448203 97100
141 1090 1090 861922 7154112 1030517 11459235 97200
141 1091 1091 861922 7161388 1031614 11470261 97300
141 1091 1091 861922 7168728 1032764 11481450 97400
141 1091 1091 861922 7176192 1033889 11492694 97500
141 1092 1092 861922 7183496 1034965 11503997 97600
141 1092 1092 861922 7190980 1036172 11515685 97700
141 1092 1092 861922 7198578 1037458 11527465 97800
141 1092 1092 861922 7206071 1038744 11539321 97900
141 1092 1092 861922 7213499 1039953 11551024 98000
141 1092 1092 861922 7221105 1041179 11563087 98100
141 1092 1092 861922 7228612 1042383 11575300 98200
141 1092 1092 861922 7236158 1043717 11587681 98300
141 1092 1092 861922 7243776 1045001 11600046 98400
141 1093 1093 861922 7251385 1046366 11612632 98500
141 1093 1093 861922 7259010 1047610 11625067 98600
141 1093 1093 861922 7266550 1048898 11637551 98700
141 1093 1093 861922 7274283 1050191 11650133 98800
141 1093 1093 861922 7281844 1051497 11662686 98900
141 1093 1093 861922 7289445 1052805 11675188 99000
141 1093 1093 861922 7297165 1054114 11687768 99100
142 1094 1094 861922 7304595 1055337 11699812 99200
142 1094 1094 861922 7312219 1056567 11712058 99300
142 1094 1094 861922 7319672 1057809 11723926 99400
142 1095 1095 861922 7327231 1058948 11735870 99500
142 1096 1096 861922 7334652 1060053 11747764 99600
142 1096 1096 861922 7342232 1061210 11759918 99700
142 1098 1098 861922 7349739 1062343 11772026 99800
142 1098 1098 861922 7357413 1063471 11784104 99900
142 1100 1100 879421 7364792 1064595 11795669 100000
142 1100 1100 883603 7372225 1065664 11811444 100100
143 1102 1102 891891 7379753 1066691 11831401 100200
143 1102 1102 896171 7387299 1067715 11847277 100300
143 1103 1103 896171 7394671 1068804 11858605 100400
143 1105 1105 896171 7402049 1069790 11869734 100500
143 1105 1105 896171 7409435 1070738 11880938 100600
143 1106 1106 896171 7416787 1071647 11891942 100700
144 1108 1108 896171 7424149 1072539 11902984 100800
144 1110 1110 896171 7431654 1073387 11914164 100900
144 1111 1111 896171 7438963 1074238 11925057 101000
144 1112 1112 896171 7446322 1075090 11935921 101100
144 1113 1113 896171 7453610 1075902 11946628 101200
144 1113 1113 896171 7460897 1076712 11957435 101300
144 1114 1114 896171 7468368 1077532 11968669 101400
144 1114 1114 896171 7475868 1078374 11980066 101500
145 1115 1115 896171 7483334 1079293 11991506 101600
145 1115 1115 896171 7490819 1080165 12003052 101700
145 1117 1117 896171 7498138 1081111 12014545 101800
145 1117 1117 896171 7505677 1082158 12026181 101900
145 1118 1118 896171 7513229 1083171 12037677 102000
145 1118 1118 896171 7520593 1084188 12049011 102100
145 1118 1118 896171 7528025 1085184 12060250 102200
145 1118 1118 896171 7535490 1086222 12071677 102300
145 1119 1119 896171 7542836 1087211 12082876 102400
145 1121 1121 896171 7550349 1088291 12094318 102500
145 1121 1121 896171 7557724 1089404 12105801 102600
145 1122 1122 896171 7565088 1090458 12117053 102700
145 1124 1124 896171 7572438 1091544 12128393 102800
146 1125 1125 896171 7579751 1092529 12139603 102900
146 1125 1125 896171 7587094 1093590 12150893 103000
146 1126 1126 896171 7594286 1094542 12161967 103100
146 1126 1126 896171 7601761 1095474 12173341 103200
146 1126 1126 896171 7609123 1096408 12184534 103300
146 1126 1126 896171 7616577 1097352 12195725 103400
149 1129 1129 896171 7623844 1098334 12206601 103500
149 1131 1131 896171 7631045 1099186 12217358 103600
149 1133 1133 896171 7638410 1099981 12228056 103700
149 1135 1135 896171 7645605 1100820 12238460 103800
149 1135 1135 896171 7652868 1101637 12248814 103900
149 1135 1135 913671 7660089 1102545 12259197 104000
150 1136 1136 918540 7667090 1103418 12274318 104100
150 1137 1137 928542 7674449 1104350 12295228 104200
150 1138 1138 933677 7681756 1105296 12311313 104300
150 1138 1138 933677 7689006 1106238 12322165 104400
150 1138 1138 933677 7696413 1107213 12333011 104500
150 1138 1138 933677 7703719 1108180 12343809 104600
150 1139 1139 933677 7711088 1109149 12354634 104700
150 1139 1139 933677 7718220 1110146 12365346 104800
150 1141 1141 933677 7725664 1111119 12376246 104900
150 1141 1141 933677 7732944 1112109 12387068 105000
150 1141 1141 933677 7740337 1113104 12398236 105100
150 1141 1141 933677 7747760 1114131 12409528 105200
150 1142 1142 933677 7755311 1115197 12421006 105300
150 1143 1143 933677 7762694 1116229 12432209 105400
150 1143 1143 933677 7769966 1117243 12443360 105500
150 1145 1145 933677 7777411 1118315 12454768 105600
151 1145 1145 933677 7784858 1119498 12466229 105700
151 1145 1145 933677 7792192 1120665 12477336 105800
151 1148 1148 933677 7799567 1121851 12488501 105900
151 1148 1148 933677 7806888 1122956 12499632 106000
151 1148 1148 933677 7814313 1124012 12510670 106100
152 1149 1149 933677 7821566 1125184 12521581 106200
152 1150 1150 933677 7828855 1126321 12532514 106300
152 1151 1151 933677 7836224 1127471 12543412 106400
152 1151 1151 933677 7843403 1128594 12554031 106500
152 1153 1153 933677 7850631 1129710 12564746 106600
152 1153 1153 933677 7857918 1130911 12575758 106700
152 1153 1153 933677 7865033 1132115 12586586 106800
152 1154 1154 933677 7872354 1133251 12597820 106900
152 1154 1154 933677 7879635 1134449 12608998 107000
152 1154 1154 933677 7887004 1135571 12620489 107100
152 1155 1155 933677 7894361 1136743 12631838 107200
152 1155 1155 933677 7901674 1137913 12643177 107300
152 1155 1155 933677 7908945 1139114 12654591 107400
152 1155 1155 933677 7916302 1140299 12666183 107500
153 1155 1155 933677 7923722 1141463 12677784 107600
153 1156 1156 933677 7931171 1142671 12689380 107700
153 1156 1156 933677 7938485 1143868 12700934 107800
153 1157 1157 933677 7945945 1144999 12712555 107900
154 1158 1158 951177 7953310 1146257 12724233 108000
154 1158 1158 955887 7960885 1147354 12740747 108100
155 1159 1159 965545 7968285 1148551 12762079 108200
155 1160 1160 970593 7975664 1149730 12778618 108300
155 1160 1160 970593 7983051 1150932 12790128 108400
155 1161 1161 970593 7990408 1152113 12801651 108500
155 1161 1161 970593 7997766 1153208 12813279 108600
156 1163 1163 970593 8005110 1154369 12824961 108700
156 1164 1164 970593 8012543 1155535 12836878 108800
156 1165 1165 970593 8020043 1156694 12848532 108900
156 1166 1166 970593 8027348 1157893 12859984 109000
157 1168 1168 970593 8034680 1159170 12871552 109100
157 1169 1169 970593 8042107 1160467 12883287 109200
157 1169 1169 970593 8049429 1161712 12894831 109300
157 1170 1170 970593 8056776 1163082 12906409 109400
157 1170 1170 970593 8064082 1164421 12917895 109500
157 1171 1171 970593 8071365 1165783 12929469 109600
157 1171 1171 970593 8078823 1167161 12941026 109700
157 1171 1171 970593 8086136 1168489 12952338 109800
157 1171 1171 970593 8093565 1169793 12963710 109900
157 1172 1172 970593 8100797 1171172 12974996 110000
157 1172 1172 970593 8108033 1172613 12986352 110100
157 1172 1172 970593 8115427 1174001 12997924 110200
157 1172 1172 970593 8122728 1175362 13009584 110300
157 1172 1172 970593 8130044 1176685 13021084 110400
157 1172 1172 970593 8137346 1177974 13032657 110500
157 1172 1172 970593 8144754 1179293 13044333 110600
158 1173 1173 970593 8152086 1180500 13055866 110700
158 1177 1177 970593 8159546 1181779 13067783 110800
158 1177 1177 970593 8167014 1183014 13079889 110900
158 1177 1177 970593 8174568 1184208 13092001 111000
158 1177 1177 970593 8181983 1185541 13103933 111100
158 1177 1177 970593 8189506 1186807 13115856 111200
159 1178 1178 970593 8196989 1187999 13127826 111300
159 1179 1179 970593 8204505 1189228 13139923 111400
159 1180 1180 970593 8212048 1190604 13152302 111500
159 1182 1182 970593 8219686 1191861 13164643 111600
160 1182 1182 970593 8227192 1193064 13176936 111700
160 1183 1183 970593 8234825 1194240 13189140 111800
160 1183 1183 970593 8242504 1195326 13201315 111900
160 1183 1183 988093 8249937 1196435 13212914 112000
160 1183 1183 992342 8257435 1197496 13228702 112100
160 1184 1184 1001021 8264740 1198576 13248640 112200
160 1184 1184 1005471 8272152 1199610 13264209 112300
160 1185 1185 1005471 8279515 1200648 13275148 112400
160 1188 1188 1005471 8286852 1201661 13286029 112500
160 1189 1189 1005471 8294119 1202691 13296882 112600
160 1190 1190 1005471 8301473 1203695 13307891 112700
161 1191 1191 1005471 8308781 1204690 13318871 112800
161 1192 1192 1005471 8316106 1205656 13329683 112900
161 1193 1193 1005471 8323441 1206677 13340872 113000
161 1195 1195 1005471 8330807 1207688 13352118 113100
162 1196 1196 1005471 8338246 1208685 13363337 113200
162 1196 1196 1005471 8345477 1209678 13374299 113300
162 1196 1196 1005471 8352894 1210606 13385406 113400
162 1197 1197 1005471 8360194 1211580 13396632 113500
162 1198 1198 1005471 8367562 1212568 13407853 113600
162 1198 1198 1005471 8374972 1213534 13419199 113700
163 1199 1199 1005471 8382295 1214502 13430444 113800
163 1202 1202 1005471 8389680 1215447 13441756 113900
163 1202 1202 1005471 8397147 1216362 13453048 114000
164 1205 1205 1005471 8404576 1217312 13464303 114100
165 1206 1206 1005471 8411875 1218244 13475535 114200
165 1207 1207 1005471 8419365 1219170 13486906 114300
165 1207 1207 1005471 8426799 1220059 13498183 114400
165 1208 1208 1005471 8434229 1220936 13509403 114500
165 1208 1208 1005471 8441560 1221804 13520534 114600
165 1208 1208 1005471 8448833 1222769 13531536 114700
165 1208 1208 1005471 8456142 1223638 13542435 114800
165 1208 1208 1005471 8463393 1224553 13553291 114900
165 1208 1208 1005471 8470581 1225451 13564126 115000
165 1208 1208 1005471 8477916 1226413 13575462 115100
165 1208 1208 1005471 8485304 1227303 13586730 115200
165 1208 1208 1005471 8492612 1228224 13597846 115300
165 1208 1208 1005471 8499972 1229175 13608891 115400
166 1208 1208 1005471 8507211 1230142 13619848 115500
166 1209 1209 1005471 8514508 1231060 13630892 115600
166 1209 1209 1005471 8521913 1232002 13642050 115700
166 1209 1209 1005471 8529223 1232921 13653258 115800
166 1209 1209 1005471 8536451 1233887 13664111 115900
166 1209 1209 1022970 8543828 1234873 13675015 116000
167 1209 1209 1027564 8551122 1235832 13690458 116100
167 1211 1211 1037048 8558410 1236830 13711025 116200
168 1211 1211 1041804 8565771 1237830 13726930 116300
168 1212 1212 1041804 8573028 1238863 13738092 116400
168 1212 1212 1041804 8580444 1239915 13749462 116500
168 1213 1213 1041804 8587758 1240914 13760699 116600
168 1214 1214 1041804 8595198 1241978 13772110 116700
168 1215 1215 1041804 8602445 1242934 13783263 116800
168 1216 1216 1041804 8609743 1243908 13794539 116900
168 1216 1216 1041804 8617044 1244864 13805907 117000
168 1218 1218 1041804 8624389 1245839 13817331 117100
169 1219 1219 1041804 8631661 1246766 13828585 117200
169 1220 1220 1041804 8638919 1247769 13839830 117300
169 1220 1220 1041804 8646266 1248823 13851391 117400
169 1221 1221 1041804 8653592 1249830 13863128 117500
169 1222 1222 1041804 8661003 1250890 13874800 117600
170 1222 1222 1041804 8668366 1251933 13886393 117700
170 1223 1223 1041804 8675743 1252951 13897917 117800
171 1223 1223 1041804 8683009 1253910 13909153 117900
171 1223 1223 1041804 8690393 1254838 13920583 118000
171 1223 1223 1041804 8697690 1255668 13931769 118100
171 1223 1223 1041804 8705138 1256568 13943026 118200
171 1224 1224 1041804 8712521 1257413 13954221 118300
171 1225 1225 1041804 8719889 1258288 13965478 118400
171 1225 1225 1041804 8727254 1259214 13976686 118500
171 1226 1226 1041804 8734521 1260164 13987921 118600
171 1226 1226 1041804 8741978 1261075 13999151 118700
171 1226 1226 1041804 8749303 1262007 14010163 118800
171 1228 1228 1041804 8756670 1262831 14021010 118900
171 1229 1229 1041804 8763928 1263793 14031909 119000
171 1229 1229 1041804 8771154 1264659 14042644 119100
171 1230 1230 1041804 8778438 1265576 14053513 119200
171 1230 1230 1041804 8785698 1266532 14064381 119300
171 1231 1231 1041804 8793070 1267417 14075201 119400
171 1231 1231 1041804 8800179 1268294 14085776 119500
171 1231 1231 1041804 8807476 1269183 14096702 119600
171 1231 1231 1041804 8814812 1269991 14107771 119700
171 1231 1231 1041804 8822197 1270881 14119104 119800
171 1232 1232 1041804 8829623 1271777 14130438 119900
