0 0 0 0 0 0 0 0
0 8 8 0 3239 0 3277 100
0 16 16 0 7291 7 7404 200
0 16 16 0 9080 14 9260 300
0 21 21 0 11472 14 11692 400
0 24 24 0 14119 19 14382 500
0 27 27 0 17295 27 17611 600
0 27 27 0 20858 34 21258 700
0 29 29 0 24723 37 25244 800
0 29 29 0 28942 49 29623 900
0 30 30 0 33487 75 34411 1000
0 31 31 0 38269 108 39526 1100
0 33 33 0 43424 186 45091 1200
0 34 34 0 48867 298 51144 1300
0 36 36 0 54422 421 57480 1400
0 37 37 0 60083 602 64052 1500
0 38 38 0 65982 794 70915 1600
0 40 40 0 71942 1052 78044 1700
0 45 45 0 78089 1330 85557 1800
0 48 48 0 84305 1625 93272 1900
0 50 50 0 90725 1987 101437 2000
0 50 50 0 97153 2376 109744 2100
0 54 54 0 103780 2768 118291 2200
0 55 55 0 110512 3172 126915 2300
0 59 59 0 117259 3546 135591 2400
0 63 63 0 123961 3982 144444 2500
0 67 67 0 130714 4462 153475 2600
0 72 72 0 137618 4998 162922 2700
0 75 75 0 144593 5548 172519 2800
0 80 80 0 151581 6198 182334 2900
0 81 81 9747 158627 6888 192206 3000
0 86 86 12717 165724 7628 205140 3100
0 91 91 18781 172889 8450 221180 3200
0 93 93 21857 179998 9214 234394 3300
0 98 98 21857 187117 10009 244554 3400
0 101 101 21857 194322 10983 255087 3500
0 105 105 21857 201402 11865 265636 3600
0 111 111 21857 208505 12793 276276 3700
0 112 112 21857 215783 13673 287267 3800
0 114 114 21857 223019 14649 298360 3900
0 119 119 21857 230287 15744 309813 4000
0 122 122 21857 237680 16760 321334 4100
0 124 124 21857 245052 17809 332668 4200
0 125 125 21857 252481 18867 343933 4300
0 128 128 21857 259829 19957 355408 4400
0 130 130 21857 267256 21065 367165 4500
0 130 130 21857 274870 22202 379253 4600
0 136 136 21857 282272 23238 391158 4700
0 140 140 21857 290002 24374 403528 4800
0 144 144 21857 297516 25546 415649 4900
1 148 148 21857 305061 26744 427941 5000
1 152 152 21857 312621 27931 440168 5100
1 157 157 21857 320121 29155 452258 5200
1 158 158 21857 327587 30353 464224 5300
1 165 165 21857 334987 31448 476011 5400
1 169 169 21857 342473 32606 487962 5500
1 172 172 21857 349915 33758 499973 5600
1 176 176 21857 357381 34936 511859 5700
1 178 178 21857 364764 36042 523708 5800
1 185 185 21857 372206 37218 535723 5900
1 188 188 31816 379668 38430 547737 6000
1 195 195 33418 387177 39646 561392 6100
1 195 195 36711 394595 40936 576814 6200
1 198 198 38428 402245 42133 590792 6300
1 200 200 38428 409818 43376 603127 6400
1 200 200 38428 417469 44586 615428 6500
1 200 200 38428 424985 45740 627693 6600
1 201 201 38428 432492 46967 639892 6700
1 202 202 38428 440172 48092 652134 6800
1 204 204 38428 447645 49274 663959 6900
1 204 204 38428 455308 50459 675931 7000
2 204 204 38428 462739 51641 687643 7100
2 208 208 38428 470320 52811 699457 7200
2 208 208 38428 477838 53899 711140 7300
2 209 209 38428 485366 55150 723249 7400
2 211 211 38428 492908 56371 735213 7500
2 212 212 38428 500506 57556 747358 7600
2 213 213 38428 508067 58822 759688 7700
2 214 214 38428 515777 60095 772485 7800
2 216 216 38428 523490 61370 785581 7900
2 216 216 38428 531294 62541 798884 8000
2 219 219 38428 539056 63745 812203 8100
2 220 220 38428 546893 64965 825551 8200
2 220 220 38428 554687 66167 838782 8300
2 221 221 38428 562440 67272 851820 8400
2 223 223 38428 570318 68399 864855 8500
2 226 226 38428 578090 69417 877532 8600
2 228 228 38428 585717 70422 889951 8700
2 232 232 38428 593331 71357 902268 8800
2 234 234 38428 600858 72297 914194 8900
2 237 237 48420 608423 73261 926194 9000
2 238 238 49940 615966 74301 939837 9100
2 240 240 53142 623496 75247 955155 9200
2 244 244 54758 631039 76293 968880 9300
2 245 245 54758 638581 77364 980799 9400
2 248 248 54758 646031 78416 992611 9500
2 249 249 54758 653541 79424 1004441 9600
2 249 249 54758 661130 80399 1016382 9700
2 249 249 54758 668672 81410 1028255 9800
2 250 250 54758 676344 82390 1040291 9900
2 250 250 54758 683765 83332 1051910 10000
2 253 253 54758 691286 84255 1063794 10100
2 255 255 54758 698826 85132 1075629 10200
3 257 257 54758 706480 85970 1087447 10300
3 258 258 54758 714111 86818 1099091 10400
3 259 259 54758 721680 87679 1110619 10500
3 260 260 54758 729206 88603 1122261 10600
3 262 262 54758 736713 89455 1133737 10700
3 262 262 54758 744259 90254 1144977 10800
4 267 267 54758 751566 91068 1156003 10900
4 270 270 54758 759050 91886 1167257 11000
4 272 272 54758 766544 92693 1178390 11100
4 275 275 54758 773796 93523 1189443 11200
5 276 276 54758 781238 94333 1200610 11300
5 279 279 54758 788616 95142 1211814 11400
5 282 282 54758 796075 95945 1222971 11500
5 287 287 54758 803444 96703 1233982 11600
5 289 289 54758 810806 97549 1244836 11700
5 292 292 54758 818145 98373 1255529 11800
5 292 292 54758 825316 99225 1265827 11900
5 294 294 64758 832531 100061 1276308 12000
5 296 296 66959 839893 100906 1289087 12100
5 299 299 71400 847078 101814 1304292 12200
5 299 299 73750 854400 102725 1317494 12300
5 301 301 73750 861785 103587 1328581 12400
5 303 303 73750 869195 104513 1339646 12500
5 305 305 73750 876514 105433 1350663 12600
5 306 306 73750 883824 106307 1361760 12700
5 308 308 73750 891208 107329 1372870 12800
5 310 310 73750 898587 108289 1383852 12900
5 311 311 73750 905830 109254 1394666 13000
5 311 311 73750 913066 110158 1405441 13100
5 311 311 73750 920383 111038 1416349 13200
5 312 312 73750 927701 111909 1427312 13300
5 314 314 73750 935013 112859 1438361 13400
5 315 315 73750 942431 113778 1449713 13500
5 315 315 73750 949786 114712 1461059 13600
5 316 316 73750 957254 115728 1472568 13700
5 317 317 73750 964619 116837 1484066 13800
5 318 318 73750 972034 117980 1495601 13900
6 320 320 73750 979515 119220 1507159 14000
6 320 320 73750 986949 120446 1518683 14100
6 321 321 73750 994352 121677 1530148 14200
6 322 322 73750 1001848 122858 1541771 14300
6 323 323 73750 1009374 124056 1553795 14400
6 324 324 73750 1016937 125271 1565960 14500
6 324 324 73750 1024677 126464 1578294 14600
6 324 324 73750 1032217 127648 1590512 14700
6 324 324 73750 1039733 128813 1602583 14800
6 325 325 73750 1047337 129871 1614373 14900
6 325 325 83750 1054918 130996 1626218 15000
6 326 326 85664 1062536 132093 1639929 15100
6 328 328 89704 1069961 133180 1655382 15200
6 328 328 91710 1077398 134199 1668682 15300
6 330 330 91710 1084784 135147 1680077 15400
6 332 332 91710 1092252 136187 1691526 15500
6 332 332 91710 1099550 137209 1702671 15600
6 334 334 91710 1107161 138208 1714168 15700
6 335 335 91710 1114453 139242 1725456 15800
6 336 336 91710 1121911 140259 1736822 15900
6 337 337 91710 1129461 141280 1748304 16000
6 341 341 91710 1136964 142304 1759892 16100
6 343 343 91710 1144404 143379 1771684 16200
7 345 345 91710 1151870 144336 1783426 16300
7 346 346 91710 1159444 145340 1795285 16400
7 348 348 91710 1166960 146416 1807099 16500
7 349 349 91710 1174522 147396 1818749 16600
7 352 352 91710 1182081 148409 1830349 16700
7 354 354 91710 1189481 149435 1842006 16800
7 354 354 91710 1197108 150475 1853860 16900
7 357 357 91710 1204649 151548 1865677 17000
7 359 359 91710 1212262 152602 1877497 17100
7 362 362 91710 1219731 153664 1889229 17200
7 365 365 91710 1227344 154735 1901213 17300
8 366 366 91710 1234954 155819 1913354 17400
8 369 369 91710 1242696 156968 1925609 17500
8 369 369 91710 1250286 158123 1937642 17600
8 369 369 91710 1257921 159203 1949658 17700
8 370 370 91710 1265507 160325 1961743 17800
8 371 371 91710 1273163 161536 1973983 17900
8 371 371 101710 1280838 162777 1986281 18000
8 372 372 103385 1288480 163941 2000218 18100
8 373 373 106858 1296135 165105 2016145 18200
9 376 376 108680 1303830 166287 2030328 18300
9 378 378 108680 1311539 167503 2042952 18400
9 380 380 108680 1319186 168710 2055612 18500
9 382 382 108680 1326891 169941 2068467 18600
9 383 383 108680 1334716 171176 2081112 18700
9 384 384 108680 1342334 172332 2093452 18800
9 387 387 108680 1349903 173439 2105556 18900
9 390 390 108680 1357423 174624 2117655 19000
9 390 390 108680 1365098 175879 2130166 19100
9 390 390 108680 1372702 177178 2142735 19200
9 393 393 108680 1380454 178353 2155580 19300
9 394 394 108680 1388095 179601 2168343 19400
9 395 395 108680 1395729 180883 2181075 19500
9 396 396 108680 1403408 182255 2193838 19600
9 397 397 108680 1410984 183552 2206314 19700
9 398 398 108680 1418449 184865 2218673 19800
10 400 400 108680 1425962 186148 2231082 19900
10 400 400 108680 1433554 187500 2243821 20000
10 401 401 108680 1441146 188742 2256266 20100
10 401 401 108680 1448800 189945 2268553 20200
10 403 403 108680 1456397 191136 2280719 20300
10 403 403 108680 1463929 192337 2292804 20400
10 404 404 108680 1471430 193526 2304788 20500
10 406 406 108680 1478997 194644 2316751 20600
10 407 407 108680 1486493 195700 2328647 20700
10 410 410 108680 1494034 196788 2340699 20800
10 412 412 108680 1501676 197821 2352821 20900
10 412 412 118680 1509291 198892 2365133 21000
10 413 413 120156 1516968 200003 2379167 21100
10 415 415 123212 1524788 201029 2394933 21200
10 415 415 124782 1532428 202079 2408752 21300
10 419 419 124782 1540095 203188 2420907 21400
10 420 420 124782 1547824 204153 2433139 21500
10 422 422 124782 1555210 205150 2444887 21600
11 423 423 124782 1562874 206256 2456961 21700
11 426 426 124782 1570278 207324 2468645 21800
11 429 429 124782 1577702 208403 2480109 21900
11 429 429 124782 1585242 209428 2491720 22000
11 433 433 124782 1592615 210539 2503218 22100
11 435 435 124782 1600106 211586 2514518 22200
11 438 438 124782 1607511 212651 2525901 22300
11 442 442 124782 1614848 213667 2537124 22400
11 443 443 124782 1622301 214767 2548633 22500
12 444 444 124782 1629786 215888 2560094 22600
12 445 445 124782 1637086 216907 2571277 22700
12 446 446 124782 1644541 217983 2582444 22800
12 447 447 124782 1651788 219011 2593406 22900
12 448 448 124782 1659158 220032 2604493 23000
12 448 448 124782 1666490 221078 2615387 23100
12 448 448 124782 1673788 222034 2626132 23200
12 449 449 124782 1681128 223003 2636953 23300
12 451 451 124782 1688497 224002 2647840 23400
12 451 451 124782 1695771 225008 2658723 23500
12 451 451 124782 1703183 225998 2669611 23600
12 452 452 124782 1710578 227032 2680595 23700
12 453 453 124782 1717907 227968 2691542 23800
12 456 456 124782 1725154 228971 2702439 23900
12 458 458 134782 1732530 229896 2713522 24000
12 459 459 137008 1739909 230891 2727088 24100
12 463 463 141467 1747243 231805 2742799 24200
12 464 464 143746 1754746 232775 2756605 24300
12 467 467 143746 1762288 233673 2768307 24400
13 467 467 143746 1769804 234606 2779998 24500
13 467 467 143746 1777331 235611 2791841 24600
13 467 467 143746 1784825 236486 2803467 24700
14 469 469 143746 1792374 237367 2815042 24800
14 469 469 143746 1799813 238253 2826349 24900
14 470 470 143746 1807332 239204 2837653 25000
14 471 471 143746 1814712 240127 2848876 25100
14 475 475 143746 1822114 241047 2859945 25200
14 476 476 143746 1829571 242005 2871200 25300
14 480 480 143746 1836841 242988 2882240 25400
14 480 480 143746 1844305 243894 2893478 25500
14 482 482 143746 1851752 244809 2904811 25600
14 483 483 143746 1859229 245659 2916062 25700
14 485 485 143746 1866654 246601 2927536 25800
14 488 488 143746 1874176 247565 2939283 25900
14 488 488 143746 1881674 248512 2950764 26000
14 488 488 143746 1889176 249355 2962022 26100
14 488 488 143746 1896659 250254 2973129 26200
15 488 488 143746 1904039 251201 2984345 26300
15 489 489 143746 1911443 252133 2995484 26400
15 490 490 143746 1918931 253039 3006753 26500
15 492 492 143746 1926291 253906 3017724 26600
15 494 494 143746 1933648 254792 3028940 26700
15 495 495 143746 1941082 255682 3040289 26800
15 497 497 143746 1948666 256526 3051762 26900
15 497 497 153746 1956249 257416 3063268 27000
15 497 497 155634 1963755 258292 3076622 27100
15 499 499 159682 1971248 259163 3092150 27200
15 499 499 161742 1978827 260076 3105691 27300
15 499 499 161742 1986268 260931 3116948 27400
15 501 501 161742 1993725 261811 3128384 27500
15 502 502 161742 2001254 262678 3139844 27600
15 502 502 161742 2008691 263636 3151142 27700
15 504 504 161742 2016068 264592 3162383 27800
15 506 506 161742 2023488 265512 3173708 27900
16 508 508 161742 2030992 266408 3185315 28000
16 509 509 161742 2038459 267357 3196809 28100
16 511 511 161742 2046099 268305 3208513 28200
16 512 512 161742 2053591 269274 3220014 28300
16 514 514 161742 2061081 270117 3231519 28400
16 514 514 161742 2068580 271046 3243083 28500
16 516 516 161742 2076205 271957 3254617 28600
16 519 519 161742 2083672 272795 3265879 28700
16 520 520 161742 2091198 273686 3277249 28800
16 521 521 161742 2098599 274615 3288496 28900
16 523 523 161742 2106048 275558 3299924 29000
17 525 525 161742 2113603 276393 3311421 29100
17 525 525 161742 2121097 277250 3322777 29200
17 526 526 161742 2128550 278111 3334147 29300
17 526 526 161742 2136124 278917 3345388 29400
17 528 528 161742 2143644 279743 3356801 29500
17 532 532 161742 2151039 280606 3367963 29600
17 532 532 161742 2158452 281368 3379044 29700
17 532 532 161742 2165845 282147 3390215 29800
17 534 534 161742 2173326 282966 3401568 29900
17 536 536 171741 2180731 283809 3412670 30000
17 537 537 173609 2188116 284598 3425481 30100
17 540 540 177507 2195500 285362 3440267 30200
17 540 540 179521 2202920 286205 3453217 30300
17 542 542 179521 2210279 287047 3464132 30400
17 544 544 179521 2217724 287864 3474977 30500
17 545 545 179521 2224922 288689 3485611 30600
17 546 546 179521 2232297 289524 3496375 30700
17 550 550 179521 2239590 290286 3506956 30800
17 550 550 179521 2246909 291032 3517512 30900
17 550 550 179521 2254214 291774 3528005 31000
17 551 551 179521 2261619 292465 3538683 31100
17 552 552 179521 2269071 293193 3549502 31200
17 554 554 179521 2276536 293893 3560382 31300
17 554 554 179521 2284039 294584 3571444 31400
17 556 556 179521 2291541 295297 3582452 31500
17 557 557 179521 2299015 295956 3593267 31600
17 558 558 179521 2306569 296610 3604104 31700
17 559 559 179521 2313920 297261 3614685 31800
18 560 560 179521 2321325 297900 3625150 31900
18 560 560 179521 2328690 298551 3635559 32000
18 562 562 179521 2335992 299286 3645917 32100
18 563 563 179521 2343341 299889 3656209 32200
18 563 563 179521 2350689 300486 3666685 32300
18 563 563 179521 2357983 301145 3677078 32400
18 565 565 179521 2365210 301849 3687446 32500
19 566 566 179521 2372499 302514 3697993 32600
19 566 566 179521 2379809 303278 3708769 32700
19 566 566 179521 2387266 304054 3719771 32800
19 566 566 179521 2394646 304856 3730693 32900
19 567 567 189520 2402083 305597 3741643 33000
19 567 567 191747 2409446 306395 3754867 33100
19 567 567 196301 2416801 307132 3770401 33200
19 569 569 198682 2424241 307947 3783990 33300
19 571 571 198682 2431733 308737 3795196 33400
19 572 572 198682 2439027 309643 3806227 33500
19 572 572 198682 2446464 310522 3817443 33600
19 573 573 198682 2453833 311419 3828577 33700
19 573 573 198682 2461194 312324 3839614 33800
19 574 574 198682 2468658 313242 3850691 33900
19 574 574 198682 2475918 314222 3861642 34000
19 574 574 198682 2483194 315150 3872523 34100
19 574 574 198682 2490476 316218 3883479 34200
19 576 576 198682 2497920 317203 3894607 34300
19 576 576 198682 2505243 318189 3905655 34400
19 576 576 198682 2512670 319167 3916824 34500
19 579 579 198682 2520048 320154 3927990 34600
19 580 580 198682 2527470 321069 3939114 34700
19 582 582 198682 2534867 321949 3950076 34800
19 584 584 198682 2542329 322922 3961442 34900
19 586 586 198682 2549848 323874 3972886 35000
19 587 587 198682 2557313 324875 3984337 35100
19 588 588 198682 2564817 325794 3995725 35200
19 588 588 198682 2572295 326726 4007011 35300
19 589 589 198682 2579724 327654 4018261 35400
19 589 589 198682 2587171 328626 4029607 35500
19 589 589 198682 2594580 329589 4040899 35600
19 590 590 198682 2602019 330614 4052204 35700
19 592 592 198682 2609478 331667 4063734 35800
19 593 593 198682 2616893 332725 4075209 35900
19 597 597 208682 2624307 333734 4086630 36000
19 598 598 210601 2631807 334769 4100059 36100
20 598 598 214648 2639250 335856 4115420 36200
20 599 599 216686 2646618 337013 4128644 36300
20 599 599 216686 2653927 338185 4139873 36400
20 600 600 216686 2661328 339364 4151149 36500
20 600 600 216686 2668761 340583 4162633 36600
20 600 600 216686 2676078 341760 4173929 36700
20 601 601 216686 2683470 343010 4185439 36800
20 602 602 216686 2690917 344246 4196800 36900
20 602 602 216686 2698141 345387 4207966 37000
20 602 602 216686 2705512 346627 4219286 37100
20 603 603 216686 2712969 347898 4231047 37200
20 605 605 216686 2720381 349282 4242989 37300
20 605 605 216686 2727786 350743 4255056 37400
20 606 606 216686 2735186 352149 4267018 37500
21 607 607 216686 2742695 353488 4279070 37600
21 608 608 216686 2750184 354880 4291040 37700
21 608 608 216686 2757523 356246 4302840 37800
21 608 608 216686 2765011 357630 4314994 37900
21 609 609 216686 2772485 358990 4326783 38000
21 610 610 216686 2779906 360249 4338490 38100
21 610 610 216686 2787318 361558 4350273 38200
21 610 610 216686 2794699 362811 4362027 38300
21 610 610 216686 2802212 364089 4373885 38400
21 612 612 216686 2809658 365358 4385788 38500
21 612 612 216686 2817104 366620 4397821 38600
21 614 614 216686 2824593 367846 4409943 38700
21 614 614 216686 2832056 369058 4421705 38800
21 614 614 216686 2839460 370143 4433338 38900
21 614 614 226686 2846856 371160 4444739 39000
21 614 614 228560 2854161 372236 4457795 39100
21 615 615 232370 2861369 373251 4472600 39200
21 615 615 234374 2868605 374253 4485505 39300
21 620 620 234374 2875910 375212 4496449 39400
21 621 621 234374 2883074 376106 4507049 39500
21 621 621 234374 2890373 376982 4517767 39600
21 625 625 234374 2897620 377784 4528391 39700
22 625 625 234374 2904913 378598 4538922 39800
22 626 626 234374 2912205 379456 4549361 39900
22 628 628 234374 2919307 380285 4559675 40000
22 628 628 234374 2926613 381048 4570094 40100
22 629 629 234374 2933760 381842 4580466 40200
22 632 632 234374 2941056 382632 4590907 40300
22 634 634 234374 2948270 383517 4601485 40400
22 634 634 234374 2955626 384391 4612175 40500
22 634 634 234374 2962899 385334 4622843 40600
22 635 635 234374 2970280 386324 4633776 40700
23 635 635 234374 2977626 387361 4644875 40800
23 637 637 234374 2985011 388392 4655961 40900
23 637 637 234374 2992311 389435 4666726 41000
23 638 638 234374 2999609 390471 4677585 41100
23 638 638 234374 3006859 391541 4688409 41200
23 639 639 234374 3014188 392578 4699288 41300
23 639 639 234374 3021506 393619 4710246 41400
23 639 639 234374 3028931 394643 4721554 41500
23 640 640 234374 3036227 395770 4732701 41600
23 642 642 234374 3043614 396873 4744046 41700
23 642 642 234374 3051024 397891 4755326 41800
23 642 642 234374 3058375 399074 4766634 41900
23 642 642 244374 3065772 400231 4778003 42000
23 644 644 246579 3073060 401409 4791414 42100
24 645 645 251102 3080401 402609 4807257 42200
24 645 645 253456 3087687 403789 4820835 42300
24 646 646 253456 3094977 404967 4831842 42400
24 647 647 253456 3102376 406124 4843152 42500
24 648 648 253456 3109604 407217 4854268 42600
24 648 648 253456 3116918 408301 4865483 42700
24 648 648 253456 3124292 409530 4876830 42800
24 649 649 253456 3131595 410741 4888080 42900
24 651 651 253456 3139062 411884 4899469 43000
24 653 653 253456 3146381 413027 4910790 43100
24 654 654 253456 3153714 414245 4922059 43200
24 656 656 253456 3161157 415378 4933483 43300
24 656 656 253456 3168398 416481 4944871 43400
25 657 657 253456 3175819 417654 4956522 43500
26 658 658 253456 3183212 418809 4967976 43600
26 658 658 253456 3190545 419960 4979366 43700
26 659 659 253456 3197843 421174 4990884 43800
26 659 659 253456 3205194 422355 5002270 43900
26 659 659 253456 3212437 423520 5013515 44000
26 660 660 253456 3219831 424614 5024887 44100
26 661 661 253456 3227046 425791 5036357 44200
26 662 662 253456 3234436 426959 5047824 44300
26 663 663 253456 3241792 428076 5059211 44400
26 665 665 253456 3249283 429236 5070709 44500
26 665 665 253456 3256615 430359 5082097 44600
26 666 666 253456 3263968 431476 5093599 44700
26 667 667 253456 3271367 432645 5105431 44800
26 667 667 253456 3278877 433765 5117516 44900
26 668 668 263456 3286453 434862 5129652 45000
26 669 669 265378 3293894 435933 5143425 45100
26 670 670 269407 3301477 437134 5159474 45200
26 671 671 271342 3308920 438220 5172841 45300
26 673 673 271342 3316263 439379 5184143 45400
27 675 675 271342 3323687 440480 5195599 45500
27 675 675 271342 3331102 441581 5207022 45600
27 675 675 271342 3338386 442658 5218140 45700
27 675 675 271342 3345631 443786 5229369 45800
27 675 675 271342 3353073 444869 5240621 45900
27 675 675 271342 3360406 445952 5251802 46000
27 676 676 271342 3367690 447035 5262984 46100
27 678 678 271342 3374963 448071 5274256 46200
27 679 679 271342 3382430 449160 5285887 46300
27 681 681 271342 3389885 450334 5297840 46400
27 683 683 271342 3397362 451507 5309853 46500
27 683 683 271342 3404836 452659 5321824 46600
27 683 683 271342 3412216 453830 5333602 46700
27 684 684 271342 3419670 455040 5345396 46800
27 685 685 271342 3426983 456268 5357059 46900
27 685 685 271342 3434373 457448 5368690 47000
27 686 686 271342 3441802 458591 5380422 47100
27 687 687 271342 3449335 459658 5392087 47200
27 687 687 271342 3456762 460729 5403653 47300
27 690 690 271342 3464123 461834 5414972 47400
27 690 690 271342 3471530 462989 5426581 47500
27 690 690 271342 3478996 464155 5438094 47600
27 692 692 271342 3486336 465288 5449335 47700
27 694 694 271342 3493714 466422 5460608 47800
27 694 694 271342 3500950 467535 5471845 47900
27 696 696 281342 3508282 468560 5482900 48000
27 696 696 283389 3515623 469558 5495773 48100
27 696 696 287568 3522973 470580 5510594 48200
27 697 697 289700 3530225 471540 5523446 48300
27 697 697 289700 3537481 472438 5534332 48400
27 698 698 289700 3544757 473452 5545515 48500
27 700 700 289700 3552046 474355 5556742 48600
27 700 700 289700 3559569 475287 5568252 48700
27 700 700 289700 3566908 476244 5579547 48800
27 701 701 289700 3574273 477151 5590843 48900
27 701 701 289700 3581694 477993 5602111 49000
27 701 701 289700 3589045 478897 5613222 49100
27 701 701 289700 3596412 479765 5624242 49200
27 702 702 289700 3603832 480613 5635287 49300
28 704 704 289700 3611042 481535 5646137 49400
28 705 705 289700 3618391 482445 5656886 49500
28 706 706 289700 3625741 483292 5667640 49600
28 706 706 289700 3633011 484162 5678184 49700
28 706 706 289700 3640256 485047 5688626 49800
28 706 706 289700 3647386 485913 5698901 49900
28 707 707 289700 3654630 486712 5709383 50000
28 707 707 289700 3661930 487548 5719996 50100
28 707 707 289700 3669210 488381 5730461 50200
28 709 709 289700 3676553 489204 5741047 50300
28 710 710 289700 3683704 490059 5751413 50400
28 710 710 289700 3691020 490840 5761761 50500
28 712 712 289700 3698344 491679 5772539 50600
28 714 714 289700 3705625 492492 5783173 50700
28 716 716 289700 3712950 493289 5793869 50800
28 717 717 289700 3720336 494153 5804616 50900
28 717 717 299700 3727613 495042 5815496 51000
28 719 719 302102 3735010 495943 5828982 51100
28 720 720 306978 3742296 496740 5844789 51200
28 722 722 309586 3749660 497620 5858565 51300
28 723 723 309586 3757058 498589 5869547 51400
28 724 724 309586 3764388 499614 5880617 51500
28 724 724 309586 3771746 500628 5891852 51600
28 724 724 309586 3779028 501580 5902813 51700
28 725 725 309586 3786509 502631 5913929 51800
28 726 726 309586 3793875 503554 5924855 51900
28 727 727 309586 3801064 504545 5935610 52000
28 727 727 309586 3808566 505492 5946749 52100
28 728 728 309586 3815929 506536 5957780 52200
29 729 729 309586 3823214 507568 5968831 52300
29 730 730 309586 3830548 508681 5980193 52400
29 732 732 309586 3837854 509785 5991500 52500
29 734 734 309586 3845328 510910 6003027 52600
29 736 736 309586 3852785 512052 6014592 52700
29 738 738 309586 3860253 513163 6026169 52800
29 738 738 309586 3867774 514317 6038016 52900
29 740 740 309586 3875216 515456 6049542 53000
29 741 741 309586 3882690 516480 6061050 53100
29 743 743 309586 3890116 517449 6072169 53200
29 743 743 309586 3897443 518438 6083132 53300
29 744 744 309586 3904739 519443 6094136 53400
29 746 746 309586 3912121 520491 6105245 53500
29 747 747 309586 3919510 521435 6116382 53600
29 748 748 309586 3926909 522412 6127338 53700
29 750 750 309586 3934333 523385 6138283 53800
30 750 750 309586 3941673 524323 6149042 53900
30 751 751 319586 3948944 525183 6159529 54000
30 753 753 321708 3956275 526090 6172498 54100
30 754 754 326147 3963686 527018 6187885 54200
30 755 755 328464 3970994 527976 6200841 54300
30 759 759 328464 3978452 528960 6211803 54400
30 761 761 328464 3985771 529922 6222713 54500
31 762 762 328464 3993131 530806 6233452 54600
31 762 762 328464 4000410 531673 6244309 54700
31 765 765 328464 4007832 532599 6255344 54800
31 765 765 328464 4015196 533500 6266260 54900
31 766 766 328464 4022525 534433 6277292 55000
31 767 767 328464 4029957 535340 6288267 55100
31 769 769 328464 4037470 536251 6299417 55200
31 770 770 328464 4044833 537156 6310491 55300
31 772 772 328464 4052327 538052 6321602 55400
31 773 773 328464 4059822 538914 6332666 55500
31 774 774 328464 4067218 539864 6343756 55600
31 776 776 328464 4074663 540772 6354972 55700
31 778 778 328464 4082004 541728 6366082 55800
31 779 779 328464 4089417 542729 6377396 55900
31 780 780 328464 4096840 543756 6388717 56000
31 785 785 328464 4104327 544742 6399816 56100
31 785 785 328464 4111689 545765 6410824 56200
31 786 786 328464 4118924 546773 6421717 56300
31 787 787 328464 4126250 547856 6432828 56400
32 790 790 328464 4133531 548891 6443858 56500
32 792 792 328464 4140868 549982 6454901 56600
32 792 792 328464 4148318 551087 6466099 56700
32 792 792 328464 4155577 552180 6477124 56800
32 793 793 328464 4162879 553241 6488003 56900
32 793 793 338464 4170184 554246 6498954 57000
32 793 793 340581 4177553 555266 6512078 57100
32 793 793 345060 4184714 556365 6527211 57200
32 793 793 347372 4192170 557579 6540799 57300
32 795 795 347372 4199447 558776 6551839 57400
32 795 795 347372 4206781 560014 6563046 57500
32 796 796 347372 4214081 561172 6574195 57600
32 796 796 347372 4221563 562369 6585482 57700
32 796 796 347372 4228771 563568 6596381 57800
32 796 796 347372 4236176 564745 6607516 57900
32 797 797 347372 4243451 565967 6618464 58000
32 798 798 347372 4250706 567114 6629295 58100
32 798 798 347372 4258106 568265 6640258 58200
32 798 798 347372 4265325 569414 6650958 58300
32 799 799 347372 4272649 570578 6661919 58400
32 799 799 347372 4280025 571687 6672827 58500
32 800 800 347372 4287355 572757 6683681 58600
32 802 802 347372 4294681 573883 6694579 58700
32 803 803 347372 4301966 575027 6705761 58800
32 804 804 347372 4309306 576149 6716893 58900
32 807 807 347372 4316671 577269 6728211 59000
32 807 807 347372 4324022 578378 6739502 59100
32 809 809 347372 4331421 579440 6750875 59200
32 810 810 347372 4338873 580638 6762540 59300
32 811 811 347372 4346221 581878 6774337 59400
32 811 811 347372 4353543 583047 6785825 59500
32 813 813 347372 4360962 584185 6797606 59600
32 814 814 347372 4368535 585314 6809464 59700
33 815 815 347372 4375891 586444 6821072 59800
33 817 817 347372 4383327 587683 6832776 59900
33 819 819 357372 4390772 588848 6844380 60000
33 819 819 359456 4398055 590045 6857886 60100
33 820 820 363760 4405458 591158 6873709 60200
33 821 821 365896 4412792 592261 6887099 60300
33 824 824 365896 4420299 593242 6898289 60400
33 824 824 365896 4427348 594219 6909173 60500
33 825 825 365896 4434750 595290 6920367 60600
33 825 825 365896 4442142 596318 6931582 60700
33 826 826 365896 4449605 597407 6942997 60800
33 826 826 365896 4456826 598358 6953903 60900
33 827 827 365896 4464184 599381 6965194 61000
33 827 827 365896 4471606 600363 6976435 61100
33 828 828 365896 4478892 601355 6987591 61200
33 829 829 365896 4486226 602318 6998669 61300
33 831 831 365896 4493637 603243 7009617 61400
33 831 831 365896 4500941 604130 7020248 61500
33 831 831 365896 4508157 605089 7030912 61600
33 831 831 365896 4515448 606029 7041631 61700
33 831 831 365896 4522702 606968 7052336 61800
33 831 831 365896 4530084 607891 7063185 61900
33 834 834 365896 4537366 608706 7073966 62000
33 834 834 365896 4544765 609654 7084997 62100
33 834 834 365896 4552229 610575 7095939 62200
33 838 838 365896 4559533 611471 7106571 62300
33 838 838 365896 4566827 612297 7116980 62400
34 841 841 365896 4574086 613122 7127243 62500
34 844 844 365896 4581356 613887 7137442 62600
34 846 846 365896 4588519 614724 7147683 62700
34 848 848 365896 4595745 615522 7158131 62800
34 849 849 365896 4602970 616303 7168567 62900
34 850 850 375896 4610385 617134 7179233 63000
34 851 851 378187 4617498 617991 7191858 63100
36 854 854 382819 4624673 618773 7206584 63200
36 857 857 385250 4631794 619565 7219102 63300
36 858 858 385250 4639036 620438 7229351 63400
36 859 859 385250 4646124 621310 7239574 63500
36 861 861 385250 4653388 622240 7250043 63600
36 861 861 385250 4660577 623112 7260258 63700
36 862 862 385250 4667778 624019 7270650 63800
36 862 862 385250 4675009 624911 7281095 63900
36 863 863 385250 4682224 625841 7291498 64000
36 863 863 385250 4689455 626721 7301754 64100
36 864 864 385250 4696546 627660 7311964 64200
36 864 864 385250 4703770 628684 7322514 64300
36 864 864 385250 4711036 629697 7333157 64400
36 864 864 385250 4718307 630675 7343924 64500
36 864 864 385250 4725627 631695 7354811 64600
36 865 865 385250 4732890 632724 7365593 64700
36 866 866 385250 4740220 633815 7376434 64800
36 866 866 385250 4747530 634958 7387332 64900
36 866 866 385250 4754813 636164 7398304 65000
36 866 866 385250 4762132 637362 7409275 65100
36 866 866 385250 4769292 638497 7419993 65200
36 866 866 385250 4776669 639566 7430855 65300
36 867 867 385250 4783934 640656 7441972 65400
36 867 867 385250 4791313 641811 7453239 65500
36 867 867 385250 4798620 642854 7464353 65600
36 869 869 385250 4806003 643960 7475641 65700
36 869 869 385250 4813318 645091 7487064 65800
36 869 869 385250 4820836 646190 7498781 65900
36 871 871 395250 4828308 647297 7510510 66000
36 871 871 397499 4835683 648328 7524360 66100
36 871 871 402154 4843116 649393 7540666 66200
36 872 872 404530 4850592 650442 7554842 66300
36 874 874 404530 4858072 651509 7566654 66400
36 875 875 404530 4865407 652579 7578218 66500
36 876 876 404530 4872940 653616 7589900 66600
36 877 877 404530 4880296 654615 7601303 66700
36 878 878 404530 4887876 655659 7613088 66800
36 878 878 404530 4895316 656625 7624515 66900
36 879 879 404530 4902820 657579 7636151 67000
36 881 881 404530 4910235 658516 7647536 67100
36 882 882 404530 4917736 659387 7658704 67200
36 882 882 404530 4925202 660234 7669768 67300
36 882 882 404530 4932496 661108 7680645 67400
36 885 885 404530 4939911 661942 7691484 67500
36 885 885 404530 4947223 662763 7702150 67600
36 885 885 404530 4954592 663628 7712835 67700
36 887 887 404530 4961890 664448 7723489 67800
36 888 888 404530 4969172 665287 7734004 67900
36 888 888 404530 4976477 666117 7744628 68000
36 890 890 404530 4983736 666959 7755168 68100
37 893 893 404530 4991019 667810 7765687 68200
37 893 893 404530 4998182 668629 7776140 68300
37 894 894 404530 5005378 669393 7786606 68400
37 895 895 404530 5012508 670203 7796942 68500
37 896 896 404530 5019718 671030 7807522 68600
37 896 896 404530 5026852 671740 7817832 68700
37 897 897 404530 5034101 672449 7828208 68800
37 899 899 404530 5041311 673241 7838558 68900
38 899 899 414530 5048467 673986 7848771 69000
38 901 901 416957 5055693 674815 7861647 69100
38 902 902 421865 5063001 675657 7877062 69200
38 904 904 424356 5070220 676486 7889948 69300
38 905 905 424356 5077471 677282 7900261 69400
38 906 906 424356 5084762 678248 7910903 69500
38 907 907 424356 5091958 679174 7921282 69600
38 907 907 424356 5099271 680082 7932017 69700
38 907 907 424356 5106663 681033 7942938 69800
38 908 908 424356 5113948 681971 7953800 69900
38 910 910 424356 5121382 682935 7964826 70000
38 914 914 424356 5128744 683977 7976050 70100
38 915 915 424356 5135929 684941 7987048 70200
38 918 918 424356 5143442 685931 7998291 70300
38 922 922 424356 5150745 686842 8009363 70400
39 924 924 424356 5158025 687869 8020443 70500
40 925 925 424356 5165391 688902 8031601 70600
41 928 928 424356 5172731 689839 8042511 70700
41 929 929 424356 5180162 690798 8053522 70800
41 929 929 424356 5187354 691810 8064335 70900
41 930 930 424356 5194689 692795 8075264 71000
41 931 931 424356 5201920 693709 8085855 71100
42 933 933 424356 5209327 694710 8096887 71200
43 934 934 424356 5216581 695686 8107838 71300
43 938 938 424356 5223978 696705 8119172 71400
43 938 938 424356 5231452 697863 8130690 71500
43 938 938 424356 5238787 698904 8142043 71600
43 938 938 424356 5246245 699963 8153496 71700
43 939 939 424356 5253642 701037 8165067 71800
43 939 939 424356 5261199 702101 8176520 71900
43 940 940 434356 5268567 703201 8187873 72000
43 941 941 436498 5275953 704268 8201551 72100
43 942 942 440836 5283455 705345 8217442 72200
43 943 943 443038 5290874 706361 8230845 72300
43 944 944 443038 5298327 707312 8242039 72400
43 948 948 443038 5305728 708258 8253275 72500
43 949 949 443038 5313118 709278 8264677 72600
43 950 950 443038 5320543 710210 8275963 72700
43 950 950 443038 5328047 711121 8287264 72800
43 951 951 443038 5335514 712022 8298350 72900
43 952 952 443038 5342819 712937 8309115 73000
43 953 953 443038 5350196 713850 8319593 73100
43 954 954 443038 5357382 714818 8330012 73200
43 957 957 443038 5364669 715717 8340448 73300
43 959 959 443038 5371912 716625 8350824 73400
43 960 960 443038 5379090 717575 8361244 73500
43 962 962 443038 5386397 718532 8371826 73600
43 962 962 443038 5393589 719502 8382248 73700
43 962 962 443038 5400877 720420 8392860 73800
43 964 964 443038 5408057 721390 8403413 73900
43 964 964 443038 5415377 722355 8414142 74000
43 965 965 443038 5422679 723238 8424805 74100
43 966 966 443038 5430031 724161 8435344 74200
43 967 967 443038 5437429 725104 8446157 74300
43 969 969 443038 5444714 726062 8456986 74400
43 969 969 443038 5451955 727122 8467776 74500
43 969 969 443038 5459332 728094 8478791 74600
43 972 972 443038 5466644 729127 8489954 74700
43 973 973 443038 5474040 730199 8501287 74800
43 977 977 443038 5481273 731267 8512519 74900
43 978 978 453038 5488782 732331 8523983 75000
43 978 978 455304 5496133 733342 8537698 75100
43 978 978 460061 5503588 734485 8554108 75200
43 978 978 462502 5511054 735572 8568118 75300
43 979 979 462502 5518364 736592 8579355 75400
43 979 979 462502 5525749 737666 8590822 75500
43 980 980 462502 5533160 738635 8602403 75600
43 981 981 462502 5540743 739611 8614039 75700
43 982 982 462502 5548100 740673 8625453 75800
43 982 982 462502 5555565 741685 8637181 75900
43 982 982 462502 5563046 742650 8648760 76000
43 982 982 462502 5570631 743736 8660401 76100
43 982 982 462502 5578009 744770 8671841 76200
43 982 982 462502 5585317 745814 8683155 76300
43 982 982 462502 5592606 746892 8694485 76400
43 983 983 462502 5600132 748057 8706289 76500
43 983 983 462502 5607435 749146 8717918 76600
43 983 983 462502 5614882 750182 8729486 76700
43 983 983 462502 5622232 751270 8740892 76800
43 985 985 462502 5629576 752342 8752134 76900
43 985 985 462502 5636935 753428 8763576 77000
43 986 986 462502 5644197 754545 8775038 77100
43 986 986 462502 5651535 755649 8786530 77200
43 988 988 462502 5658904 756709 8797988 77300
43 988 988 462502 5666251 757826 8809520 77400
43 990 990 462502 5673681 758971 8821108 77500
43 994 994 462502 5681208 760093 8832829 77600
43 995 995 462502 5688611 761206 8844289 77700
43 995 995 462502 5696064 762215 8855810 77800
43 996 996 462502 5703498 763236 8867279 77900
43 997 997 472502 5710982 764272 8878847 78000
43 997 997 474269 5718387 765319 8892132 78100
43 998 998 477984 5725919 766317 8907386 78200
43 998 998 479940 5733317 767419 8920899 78300
43 999 999 479940 5740840 768409 8932486 78400
43 999 999 479940 5748174 769394 8943823 78500
43 1001 1001 479940 5755647 770377 8955302 78600
43 1001 1001 479940 5762992 771296 8966613 78700
43 1003 1003 479940 5770424 772267 8977961 78800
43 1004 1004 479940 5777996 773140 8989242 78900
43 1004 1004 479940 5785392 774054 9000039 79000
43 1007 1007 479940 5792750 774968 9010855 79100
43 1007 1007 479940 5799871 775841 9021451 79200
43 1007 1007 479940 5807326 776707 9032206 79300
43 1007 1007 479940 5814552 777586 9042957 79400
43 1007 1007 479940 5821907 778479 9053964 79500
43 1007 1007 479940 5829201 779361 9064846 79600
43 1007 1007 479940 5836508 780295 9075763 79700
43 1009 1009 479940 5843937 781247 9086778 79800
43 1010 1010 479940 5851285 782155 9097783 79900
43 1010 1010 479940 5858562 783108 9108765 80000
43 1011 1011 479940 5866090 784029 9119919 80100
43 1011 1011 479940 5873316 784963 9130681 80200
43 1013 1013 479940 5880723 785961 9141581 80300
43 1014 1014 479940 5888049 787031 9152490 80400
43 1014 1014 479940 5895282 788013 9163253 80500
43 1018 1018 479940 5902588 788967 9174166 80600
43 1019 1019 479940 5909992 790007 9185440 80700
43 1020 1020 479940 5917346 791045 9196647 80800
43 1020 1020 479940 5924799 792024 9207778 80900
43 1021 1021 489940 5932251 792988 9219105 81000
43 1021 1021 492038 5939622 794060 9232360 81100
43 1021 1021 496400 5947096 795148 9247997 81200
43 1021 1021 498562 5954452 796203 9261189 81300
43 1022 1022 498562 5961830 797173 9272123 81400
43 1023 1023 498562 5969248 798063 9283065 81500
43 1024 1024 498562 5976565 799036 9293995 81600
43 1024 1024 498562 5983938 800107 9305186 81700
43 1024 1024 498562 5991265 801057 9316203 81800
43 1025 1025 498562 5998643 802150 9327446 81900
43 1026 1026 498562 6006053 803131 9338623 82000
43 1027 1027 498562 6013438 804056 9349775 82100
43 1028 1028 498562 6020953 805085 9361110 82200
43 1028 1028 498562 6028390 806111 9372540 82300
43 1028 1028 498562 6035976 807144 9383987 82400
43 1028 1028 498562 6043514 808144 9395310 82500
43 1029 1029 498562 6050927 809166 9406557 82600
43 1029 1029 498562 6058408 810203 9417963 82700
43 1029 1029 498562 6065808 811228 9429160 82800
43 1029 1029 498562 6073322 812178 9440342 82900
43 1029 1029 498562 6080762 813160 9451310 83000
43 1029 1029 498562 6088133 814159 9462287 83100
43 1029 1029 498562 6095531 815140 9473269 83200
43 1030 1030 498562 6102952 816086 9484189 83300
43 1032 1032 498562 6110341 817085 9495048 83400
43 1032 1032 498562 6117647 818044 9505868 83500
43 1032 1032 498562 6125054 819111 9516752 83600
43 1034 1034 498562 6132364 820141 9527439 83700
43 1035 1035 498562 6139683 821130 9538045 83800
43 1035 1035 498562 6146919 822066 9548394 83900
43 1035 1035 508561 6154133 823057 9558885 84000
43 1036 1036 510812 6161405 824077 9571685 84100
43 1037 1037 515454 6168596 825174 9586815 84200
43 1038 1038 517807 6175825 826193 9599632 84300
43 1040 1040 517807 6183009 827180 9609903 84400
43 1040 1040 517807 6190305 828134 9620257 84500
43 1043 1043 517807 6197398 829044 9630455 84600
43 1044 1044 517807 6204593 829971 9640766 84700
43 1045 1045 517807 6211799 830821 9651160 84800
44 1046 1046 517807 6219159 831769 9661941 84900
44 1048 1048 517807 6226316 832675 9672236 85000
44 1050 1050 517807 6233594 833576 9682590 85100
44 1052 1052 517807 6240769 834429 9692833 85200
45 1054 1054 517807 6248034 835268 9703107 85300
46 1055 1055 517807 6255100 836119 9713411 85400
47 1059 1059 517807 6262294 836973 9723711 85500
47 1060 1060 517807 6269600 837850 9734090 85600
47 1060 1060 517807 6276810 838674 9744503 85700
48 1063 1063 517807 6284057 839508 9755053 85800
48 1065 1065 517807 6291358 840375 9765642 85900
48 1065 1065 517807 6298622 841238 9776359 86000
48 1066 1066 517807 6305935 842106 9786939 86100
48 1066 1066 517807 6313215 842989 9797424 86200
48 1066 1066 517807 6320469 843922 9807919 86300
48 1066 1066 517807 6327730 844848 9818319 86400
48 1066 1066 517807 6334914 845749 9828607 86500
48 1066 1066 517807 6342186 846642 9838850 86600
48 1066 1066 517807 6349355 847573 9849094 86700
48 1066 1066 517807 6356582 848546 9859428 86800
48 1066 1066 517807 6363757 849501 9869764 86900
48 1067 1067 527807 6370851 850456 9879870 87000
48 1068 1068 530286 6378078 851552 9892761 87100
48 1068 1068 535499 6385313 852531 9908266 87200
49 1070 1070 538183 6392521 853608 9921279 87300
49 1070 1070 538183 6399710 854627 9931650 87400
49 1070 1070 538183 6406844 855744 9942016 87500
49 1071 1071 538183 6414083 856758 9952487 87600
49 1072 1072 538183 6421292 857769 9962871 87700
49 1073 1073 538183 6428531 858814 9973402 87800
49 1075 1075 538183 6435727 859778 9983951 87900
49 1076 1076 538183 6443045 860739 9994751 88000
49 1078 1078 538183 6450313 861692 10005574 88100
49 1080 1080 538183 6457686 862751 10016628 88200
49 1080 1080 538183 6465081 863902 10028014 88300
49 1081 1081 538183 6472439 865014 10039419 88400
49 1082 1082 538183 6479773 866129 10051017 88500
49 1084 1084 538183 6487298 867277 10062796 88600
49 1086 1086 538183 6494760 868415 10074476 88700
49 1087 1087 538183 6502161 869647 10085983 88800
49 1089 1089 538183 6509595 871013 10097720 88900
49 1090 1090 538183 6516934 872228 10109467 89000
49 1093 1093 538183 6524334 873424 10121022 89100
49 1095 1095 538183 6531811 874669 10132735 89200
49 1097 1097 538183 6539224 875909 10144352 89300
49 1098 1098 538183 6546576 877220 10156028 89400
49 1100 1100 538183 6553963 878523 10167717 89500
49 1101 1101 538183 6561343 879825 10179324 89600
49 1103 1103 538183 6568751 881129 10191025 89700
49 1103 1103 538183 6576136 882429 10203060 89800
49 1103 1103 538183 6583618 883843 10215287 89900
49 1103 1103 548183 6591240 885305 10227966 90000
49 1106 1106 550117 6598842 886798 10242566 90100
49 1106 1106 554001 6606331 888217 10258865 90200
49 1106 1106 555979 6614011 889527 10273389 90300
49 1106 1106 555979 6621551 890866 10285727 90400
49 1108 1108 555979 6628956 892294 10298057 90500
49 1110 1110 555979 6636496 893700 10310335 90600
49 1110 1110 555979 6643910 895072 10322541 90700
49 1111 1111 555979 6651437 896434 10334755 90800
49 1111 1111 555979 6658911 897761 10346680 90900
50 1111 1111 555979 6666272 899006 10358363 91000
50 1112 1112 555979 6673610 900303 10370184 91100
50 1113 1113 555979 6681136 901655 10382254 91200
50 1113 1113 555979 6688593 902978 10394278 91300
50 1114 1114 555979 6695958 904208 10406258 91400
50 1115 1115 555979 6703391 905328 10418194 91500
50 1116 1116 555979 6710929 906484 10430063 91600
50 1119 1119 555979 6718239 907679 10441783 91700
50 1120 1120 555979 6725583 908736 10453312 91800
50 1121 1121 555979 6732994 909859 10465043 91900
50 1122 1122 555979 6740452 910995 10476791 92000
50 1124 1124 555979 6747929 912013 10488528 92100
50 1126 1126 555979 6755324 913064 10500161 92200
50 1128 1128 555979 6762636 914169 10511854 92300
50 1128 1128 555979 6770159 915351 10523801 92400
50 1129 1129 555979 6777588 916460 10535561 92500
50 1130 1130 555979 6785005 917502 10547235 92600
50 1133 1133 555979 6792430 918415 10558469 92700
50 1133 1133 555979 6799804 919336 10569442 92800
50 1134 1134 555979 6807026 920195 10580115 92900
50 1137 1137 565979 6814218 921151 10590596 93000
50 1138 1138 568087 6821467 922070 10603284 93100
50 1139 1139 572425 6828598 923025 10618187 93200
50 1139 1139 574655 6835915 923902 10630950 93300
51 1141 1141 574655 6843190 924849 10641577 93400
51 1141 1141 574655 6850424 925701 10652186 93500
51 1141 1141 574655 6857608 926571 10662741 93600
51 1142 1142 574655 6864868 927345 10673329 93700
51 1142 1142 574655 6872131 928255 10684012 93800
51 1143 1143 574655 6879412 929094 10694643 93900
51 1144 1144 574655 6886627 929956 10704974 94000
51 1144 1144 574655 6893766 930822 10715181 94100
51 1145 1145 574655 6900819 931585 10725291 94200
51 1146 1146 574655 6908089 932473 10735770 94300
51 1147 1147 574655 6915340 933372 10746014 94400
51 1147 1147 574655 6922425 934265 10756173 94500
51 1148 1148 574655 6929686 935107 10766585 94600
51 1148 1148 574655 6936893 935976 10776970 94700
51 1148 1148 574655 6944134 936839 10787387 94800
51 1148 1148 574655 6951332 937727 10797882 94900
51 1149 1149 574655 6958506 938589 10808283 95000
51 1153 1153 574655 6965683 939446 10818557 95100
51 1153 1153 574655 6972917 940299 10828999 95200
51 1155 1155 574655 6980335 941206 10839760 95300
51 1155 1155 574655 6987495 942115 10850440 95400
51 1155 1155 574655 6994882 942992 10861406 95500
51 1156 1156 574655 7002157 943900 10872519 95600
51 1156 1156 574655 7009397 944815 10883418 95700
51 1157 1157 574655 7016789 945794 10894727 95800
51 1158 1158 574655 7024236 946757 10906097 95900
51 1158 1158 584655 7031721 947695 10917621 96000
51 1159 1159 586990 7039164 948691 10931497 96100
52 1161 1161 591803 7046544 949771 10947773 96200
52 1163 1163 594179 7053943 950776 10961569 96300
52 1163 1163 594179 7061368 951780 10972928 96400
52 1164 1164 594179 7068773 952825 10984301 96500
53 1166 1166 594179 7076302 953920 10996101 96600
53 1166 1166 594179 7083759 954918 11007737 96700
53 1168 1168 594179 7091213 955887 11019256 96800
53 1169 1169 594179 7098703 956940 11030849 96900
53 1172 1172 594179 7106071 957869 11042064 97000
53 1172 1172 594179 7113427 958882 11053121 97100
53 1173 1173 594179 7120754 959894 11064200 97200
53 1173 1173 594179 7128115 960881 11075141 97300
53 1174 1174 594179 7135351 961904 11085884 97400
53 1176 1176 594179 7142580 963005 11096694 97500
53 1177 1177 594179 7149959 963940 11107424 97600
54 1177 1177 594179 7157161 964890 11117981 97700
54 1178 1178 594179 7164468 965831 11128698 97800
54 1178 1178 594179 7171708 966735 11139432 97900
54 1179 1179 594179 7179037 967668 11150327 98000
54 1181 1181 594179 7186361 968574 11161137 98100
54 1182 1182 594179 7193568 969501 11171878 98200
54 1183 1183 594179 7200844 970357 11182582 98300
54 1185 1185 594179 7208196 971285 11193507 98400
54 1185 1185 594179 7215479 972246 11204229 98500
54 1186 1186 594179 7222778 973161 11215081 98600
54 1187 1187 594179 7230045 974071 11225733 98700
54 1187 1187 594179 7237203 974942 11236426 98800
54 1188 1188 594179 7244496 975819 11247275 98900
54 1188 1188 604179 7251852 976775 11258287 99000
54 1188 1188 606570 7259016 977666 11271483 99100
54 1188 1188 611340 7266285 978579 11287259 99200
54 1188 1188 613811 7273711 979597 11300962 99300
54 1188 1188 613811 7280987 980654 11312085 99400
54 1188 1188 613811 7288344 981673 11323212 99500
54 1190 1190 613811 7295683 982678 11334215 99600
54 1190 1190 613811 7302988 983727 11345183 99700
54 1191 1191 613811 7310391 984801 11356374 99800
54 1191 1191 613811 7317646 985866 11367456 99900
54 1192 1192 613811 7324973 986948 11378686 100000
54 1192 1192 613811 7332441 988005 11390079 100100
54 1192 1192 613811 7339721 989045 11401282 100200
54 1195 1195 613811 7347043 990167 11412614 100300
54 1195 1195 613811 7354413 991236 11423901 100400
54 1196 1196 613811 7361682 992275 11435113 100500
54 1197 1197 613811 7369016 993323 11446440 100600
54 1197 1197 613811 7376375 994470 11458030 100700
54 1197 1197 613811 7383810 995651 11469656 100800
54 1197 1197 613811 7391263 996783 11481451 100900
54 1197 1197 613811 7398663 997930 11493320 101000
54 1198 1198 613811 7406181 999032 11505219 101100
54 1198 1198 613811 7413625 1000154 11517045 101200
54 1198 1198 613811 7421085 1001315 11529052 101300
54 1198 1198 613811 7428552 1002451 11541050 101400
54 1199 1199 613811 7436016 1003574 11552874 101500
54 1199 1199 613811 7443403 1004643 11564479 101600
54 1200 1200 613811 7450868 1005660 11575880 101700
54 1202 1202 613811 7458236 1006676 11587179 101800
54 1202 1202 613811 7465595 1007678 11598493 101900
54 1202 1202 623811 7472975 1008697 11609693 102000
54 1206 1206 625623 7480369 1009657 11622753 102100
54 1206 1206 629420 7487769 1010682 11637818 102200
54 1206 1206 631321 7495059 1011633 11650892 102300
54 1208 1208 631321 7502517 1012678 11662509 102400
54 1209 1209 631321 7509846 1013671 11673779 102500
55 1209 1209 631321 7517365 1014584 11684949 102600
55 1210 1210 631321 7524702 1015546 11696218 102700
55 1211 1211 631321 7532111 1016494 11707333 102800
55 1213 1213 631321 7539546 1017425 11718380 102900
55 1214 1214 631321 7546824 1018280 11729174 103000
55 1215 1215 631321 7554157 1019179 11740159 103100
55 1215 1215 631321 7561474 1020136 11751199 103200
55 1216 1216 631321 7568835 1020974 11761956 103300
55 1218 1218 631321 7576036 1021843 11772664 103400
55 1218 1218 631321 7583309 1022728 11783342 103500
55 1218 1218 631321 7590613 1023591 11793781 103600
55 1221 1221 631321 7597746 1024424 11803935 103700
55 1223 1223 631321 7605008 1025232 11814443 103800
55 1223 1223 631321 7612263 1026065 11824838 103900
55 1225 1225 631321 7619528 1026844 11835002 104000
55 1226 1226 631321 7626742 1027592 11845006 104100
55 1227 1227 631321 7633835 1028386 11855164 104200
55 1228 1228 631321 7640937 1029185 11865399 104300
55 1230 1230 631321 7648157 1029992 11875764 104400
55 1231 1231 631321 7655407 1030908 11886382 104500
55 1232 1232 631321 7662626 1031817 11896997 104600
55 1232 1232 631321 7669841 1032741 11907605 104700
55 1233 1233 631321 7677183 1033627 11918319 104800
56 1235 1235 631321 7684384 1034583 11929138 104900
56 1235 1235 641321 7691580 1035489 11939813 105000
56 1235 1235 643697 7698934 1036397 11952819 105100
56 1235 1235 648505 7706154 1037369 11968127 105200
56 1236 1236 651041 7713319 1038266 11981149 105300
56 1237 1237 651041 7720492 1039169 11991661 105400
57 1239 1239 651041 7727770 1040063 12002396 105500
57 1240 1240 651041 7735009 1040957 12013127 105600
58 1242 1242 651041 7742325 1041869 12023908 105700
58 1243 1243 651041 7749573 1042824 12034845 105800
58 1243 1243 651041 7757017 1043815 12045853 105900
58 1247 1247 651041 7764341 1044845 12057012 106000
58 1249 1249 651041 7771681 1045872 12068095 106100
58 1250 1250 651041 7779161 1046893 12079376 106200
58 1250 1250 651041 7786503 1047843 12090418 106300
58 1250 1250 651041 7793971 1048881 12101685 106400
58 1250 1250 651041 7801295 1049888 12112803 106500
58 1250 1250 651041 7808653 1050947 12123940 106600
58 1250 1250 651041 7815978 1051964 12134954 106700
58 1252 1252 651041 7823397 1053061 12146097 106800
58 1252 1252 651041 7830644 1054159 12157148 106900
58 1252 1252 651041 7837986 1055199 12168201 107000
58 1253 1253 651041 7845442 1056266 12179473 107100
58 1253 1253 651041 7852873 1057295 12190596 107200
59 1253 1253 651041 7860196 1058242 12201627 107300
59 1254 1254 651041 7867495 1059147 12212397 107400
59 1257 1257 651041 7874677 1060008 12222982 107500
60 1259 1259 651041 7881983 1060825 12233744 107600
60 1260 1260 651041 7889282 1061650 12244531 107700
60 1262 1262 651041 7896541 1062506 12255466 107800
60 1262 1262 651041 7903869 1063388 12266467 107900
60 1263 1263 661041 7911086 1064240 12277356 108000
60 1263 1263 663288 7918544 1065121 12290670 108100
60 1264 1264 667940 7925963 1065975 12306329 108200
60 1265 1265 670289 7933265 1066802 12319445 108300
60 1266 1266 670289 7940431 1067640 12330007 108400
60 1267 1267 670289 7947740 1068475 12340482 108500
60 1270 1270 670289 7954979 1069365 12350958 108600
61 1271 1271 670289 7962328 1070203 12361505 108700
61 1272 1272 670289 7969387 1071059 12371903 108800
61 1272 1272 670289 7976649 1071901 12382503 108900
61 1272 1272 670289 7983933 1072732 12392951 109000
61 1272 1272 670289 7991138 1073559 12403193 109100
61 1272 1272 670289 7998319 1074391 12413539 109200
61 1273 1273 670289 8005708 1075183 12423960 109300
61 1274 1274 670289 8012936 1076031 12434349 109400
61 1275 1275 670289 8020159 1076837 12444677 109500
61 1277 1277 670289 8027362 1077586 12454905 109600
61 1279 1279 670289 8034576 1078332 12465219 109700
61 1281 1281 670289 8041774 1079075 12475552 109800
61 1281 1281 670289 8049030 1079893 12486093 109900
61 1282 1282 670289 8056274 1080761 12496528 110000
61 1283 1283 670289 8063470 1081638 12506897 110100
61 1284 1284 670289 8070723 1082472 12517355 110200
61 1285 1285 670289 8077840 1083260 12527703 110300
61 1287 1287 670289 8084999 1084157 12538098 110400
62 1289 1289 670289 8092159 1085042 12548653 110500
62 1290 1290 670289 8099408 1085933 12559194 110600
62 1292 1292 670289 8106612 1086784 12569589 110700
62 1294 1294 670289 8113850 1087621 12579999 110800
62 1294 1294 670289 8121046 1088533 12590492 110900
62 1296 1296 680289 8128288 1089400 12601033 111000
63 1296 1296 682666 8135471 1090276 12613923 111100
63 1298 1298 687496 8142766 1091155 12629338 111200
63 1298 1298 690021 8149993 1092078 12642261 111300
63 1299 1299 690021 8157059 1092923 12652352 111400
63 1300 1300 690021 8164276 1093742 12662575 111500
63 1300 1300 690021 8171455 1094654 12672967 111600
63 1301 1301 690021 8178655 1095578 12683397 111700
63 1302 1302 690021 8185890 1096481 12693868 111800
63 1304 1304 690021 8193003 1097417 12704213 111900
63 1305 1305 690021 8200274 1098302 12714584 112000
63 1307 1307 690021 8207539 1099189 12725026 112100
63 1307 1307 690021 8214611 1100052 12735216 112200
63 1309 1309 690021 8221839 1100956 12745548 112300
63 1311 1311 690021 8228941 1101911 12755840 112400
63 1311 1311 690021 8236167 1102948 12766596 112500
63 1312 1312 690021 8243433 1103925 12777246 112600
63 1314 1314 690021 8250707 1104821 12787849 112700
63 1315 1315 690021 8257935 1105794 12798601 112800
63 1315 1315 690021 8265163 1106751 12809204 112900
63 1316 1316 690021 8272278 1107643 12819911 113000
63 1317 1317 690021 8279496 1108592 12830735 113100
63 1319 1319 690021 8286812 1109576 12841822 113200
63 1319 1319 690021 8294096 1110596 12852762 113300
63 1319 1319 690021 8301298 1111547 12863553 113400
63 1320 1320 690021 8308543 1112506 12874328 113500
63 1321 1321 690021 8315723 1113501 12885155 113600
63 1321 1321 690021 8323123 1114494 12896224 113700
63 1321 1321 690021 8330488 1115452 12907174 113800
63 1322 1322 690021 8337761 1116439 12918023 113900
63 1322 1322 700021 8345153 1117477 12928991 114000
63 1322 1322 702483 8352544 1118552 12942518 114100
63 1324 1324 707454 8359893 1119556 12958630 114200
63 1325 1325 710029 8367274 1120498 12972323 114300
63 1325 1325 710029 8374675 1121551 12983534 114400
63 1325 1325 710029 8382079 1122696 12995063 114500
63 1325 1325 710029 8389545 1123761 13006789 114600
63 1328 1328 710029 8397058 1124867 13018940 114700
65 1328 1328 710029 8404561 1125877 13030919 114800
65 1331 1331 710029 8412120 1126951 13043189 114900
65 1333 1333 710029 8419675 1128004 13055558 115000
65 1334 1334 710029 8427209 1129104 13067879 115100
65 1335 1335 710029 8434742 1130265 13080150 115200
65 1335 1335 710029 8442354 1131410 13092496 115300
65 1337 1337 710029 8449968 1132558 13104533 115400
66 1341 1341 710029 8457259 1133625 13116282 115500
67 1344 1344 710029 8464744 1134743 13128075 115600
67 1345 1345 710029 8472207 1135895 13139880 115700
67 1347 1347 710029 8479725 1136981 13151539 115800
67 1348 1348 710029 8487123 1138048 13162955 115900
68 1351 1351 710029 8494579 1139054 13174386 116000
68 1353 1353 710029 8501992 1140030 13185628 116100
68 1354 1354 710029 8509434 1140964 13196926 116200
68 1354 1354 710029 8516925 1141874 13208270 116300
68 1356 1356 710029 8524326 1142784 13219590 116400
68 1356 1356 710029 8531874 1143644 13231049 116500
68 1356 1356 710029 8539522 1144516 13242727 116600
68 1358 1358 710029 8547022 1145433 13254150 116700
68 1360 1360 710029 8554518 1146346 13265222 116800
68 1362 1362 710029 8561950 1147211 13276163 116900
68 1362 1362 720028 8569215 1148036 13286757 117000
68 1363 1363 722094 8576612 1148877 13299748 117100
68 1364 1364 726253 8584147 1149700 13315136 117200
68 1364 1364 728320 8591512 1150507 13328077 117300
68 1366 1366 728320 8598970 1151340 13338976 117400
68 1366 1366 728320 8606388 1152121 13349764 117500
68 1366 1366 728320 8613730 1152910 13360485 117600
68 1366 1366 728320 8621189 1153738 13371283 117700
68 1367 1367 728320 8628415 1154543 13381854 117800
68 1367 1367 728320 8635821 1155344 13392965 117900
68 1368 1368 728320 8643248 1156106 13404187 118000
69 1369 1369 728320 8650753 1156949 13415530 118100
69 1370 1370 728320 8658241 1157878 13427233 118200
69 1371 1371 728320 8665769 1158810 13438955 118300
69 1372 1372 728320 8673149 1159733 13450487 118400
69 1375 1375 728320 8680703 1160749 13462138 118500
69 1376 1376 728320 8688108 1161773 13473479 118600
69 1378 1378 728320 8695539 1162819 13484842 118700
69 1378 1378 728320 8702970 1163845 13496243 118800
69 1378 1378 728320 8710255 1164909 13507435 118900
69 1378 1378 728320 8717728 1165975 13518942 119000
69 1379 1379 728320 8725208 1166964 13530471 119100
69 1380 1380 728320 8732488 1168028 13542017 119200
69 1382 1382 728320 8739982 1169123 13553840 119300
69 1382 1382 728320 8747522 1170213 13565642 119400
69 1384 1384 728320 8755035 1171326 13577542 119500
69 1384 1384 728320 8762595 1172414 13589530 119600
69 1384 1384 728320 8770359 1173601 13601753 119700
69 1385 1385 728320 8777807 1174787 13613574 119800
69 1386 1386 728320 8785294 1175876 13625217 119900
