0 10775 0 0 12880245 10483 20709849 99900
947 0 5112 0 0 99900
813.7808632962364 2133.8200321340996 16868 3.7973635584020196 322.24318244538546
0 10197 0 0 12740278 9864 20174430 99900
798 0 4879 0 0 99900
779.0890236116701 2429.5865184216523 16063 3.6727990888335182 324.97806197103233
0 10550 0 0 12681198 10227 19969201 99900
793 0 5124 0 0 99900
734.543076941405 2281.3199666264277 15931 3.5625347587643175 339.53443342272624
0 10332 0 0 12830499 10009 20520213 99900
802 0 4845 0 0 99900
811.0134873706024 2249.086780635968 16350 3.670712151626111 317.22831946798306
0 10011 0 0 12633972 9644 19784959 99900
827 0 4931 0 0 99900
749.0046307569015 3462.3745518209143 15713 3.688782802957284 328.1110437474157
0 10338 0 0 12823183 10017 20509861 99900
859 0 4924 0 0 99900
790.3096834841997 2273.526512025541 16391 3.68273269230934 315.6240194602344
0 10574 0 0 12726486 10275 20124186 99900
917 0 5200 0 0 99900
813.5271867516001 2125.107476487613 16013 3.6635582621540306 314.2560001555415
0 10381 0 0 12818127 10045 20468733 99900
808 0 5026 0 0 99900
809.1651904403218 2203.05608270992 16504 3.7473233227476177 334.25828144664433
