0 10407 0 0 12726778 10071 20156652 99900
0 0 0 0 0 99900
755.574866776201 2202.588674328722 16207 3.6098956023720903 318.8395441836254
0 10153 0 0 12894125 9852 20759638 99900
0 0 0 0 0 99900
857.0502980166202 2282.090300954295 17054 3.824324492478439 311.86442988843766
0 10498 0 0 12733168 10176 20169672 99900
0 0 0 0 0 99900
781.0824219260165 2175.137599106709 16412 3.775225741235015 326.57541613341334
0 10741 0 0 12692775 10437 20040319 99900
0 0 0 0 0 99900
739.5189348410141 2166.8276538018995 16058 3.5752723315139674 326.05224426959666
0 10362 0 0 12751290 10009 20246457 99900
0 0 0 0 0 99900
750.6600507275322 2256.4485824490503 16162 3.6999218853241334 330.5618198853954
0 10038 0 0 12786855 9729 20353693 99900
0 0 0 0 0 99900
779.4619921407046 2099.643723317802 16384 3.6421737515821118 323.40603466640823
0 10421 0 0 12746337 10116 20171326 99900
0 0 0 0 0 99900
781.0033618396022 2279.6033828137342 16368 3.679810045247244 330.921477510368
0 10428 0 0 12872173 10114 20663614 99900
0 0 0 0 0 99900
820.8710811900762 2547.9381080757876 16547 3.6903123087075325 322.02480030018916
