0 0 1 0 0 0
0 0 1 0 0 100
0 0 1 0 1 200
0 0 2 0 1 300
0 0 4 0 1 400
0 0 4 0 2 500
0 0 5 0 4 600
0 0 5 0 4 700
0 0 6 0 5 800
0 0 7 0 5 900
0 0 8 1 6 1000
0 0 8 1 7 1100
0 0 8 1 7 1200
0 0 9 1 7 1300
0 0 10 1 8 1400
0 0 11 1 8 1500
0 0 12 1 10 1600
0 0 13 1 11 1700
0 0 14 1 11 1800
0 0 17 1 12 1900
0 0 17 1 12 2000
0 0 19 2 13 2100
0 0 21 2 16 2200
0 0 22 2 17 2300
0 0 24 2 20 2400
0 0 26 2 21 2500
0 0 28 2 24 2600
1 0 35 2 25 2700
1 0 35 2 30 2800
1 0 38 2 33 2900
1 0 41 2 35 3000
2 0 42 2 36 3100
2 0 44 2 37 3200
2 0 46 2 38 3300
3 0 48 2 39 3400
3 0 52 2 41 3500
3 0 54 2 45 3600
3 0 60 2 47 3700
3 0 67 2 51 3800
4 0 69 2 54 3900
4 0 73 2 61 4000
5 0 77 2 66 4100
5 0 82 3 72 4200
5 0 85 3 74 4300
5 0 89 3 81 4400
5 0 92 3 84 4500
6 0 93 3 92 4600
7 0 98 3 94 4700
7 0 99 3 96 4800
7 0 99 4 99 4900
7 0 104 4 101 5000
7 0 108 4 105 5100
7 0 111 4 108 5200
7 0 112 4 110 5300
7 0 114 4 115 5400
9 0 118 4 117 5500
9 0 120 4 120 5600
9 0 120 5 123 5700
10 0 121 5 124 5800
10 0 124 5 125 5900
11 0 124 5 125 6000
12 1 128 5 127 6100
12 1 128 5 129 6200
13 1 128 5 131 6300
13 2 129 5 131 6400
13 2 133 5 133 6500
13 2 134 5 136 6600
13 2 136 5 136 6700
13 2 138 5 139 6800
13 2 142 5 139 6900
13 3 145 5 142 7000
13 3 146 6 144 7100
13 3 148 8 145 7200
14 3 150 8 147 7300
14 3 152 8 147 7400
14 3 154 8 147 7500
14 3 156 8 149 7600
14 3 156 8 149 7700
14 3 161 9 149 7800
14 3 165 9 150 7900
15 3 169 9 153 8000
15 3 170 9 155 8100
15 3 173 9 158 8200
16 3 178 9 160 8300
16 3 179 9 164 8400
16 3 182 9 166 8500
16 3 184 9 169 8600
16 3 185 9 170 8700
16 3 185 9 172 8800
16 3 188 9 172 8900
16 3 189 9 173 9000
16 3 189 9 175 9100
16 3 190 9 175 9200
16 3 191 9 176 9300
16 3 191 9 178 9400
16 3 191 9 178 9500
16 4 191 9 179 9600
16 4 193 10 180 9700
17 4 193 10 181 9800
18 4 195 10 182 9900
21 4 196 10 183 10000
21 4 200 10 184 10100
21 4 202 10 186 10200
21 4 203 10 190 10300
21 4 203 10 192 10400
21 4 204 10 192 10500
21 4 205 10 193 10600
21 4 208 10 193 10700
22 4 209 10 195 10800
22 4 212 10 198 10900
22 4 214 11 201 11000
23 4 217 11 205 11100
23 4 221 11 207 11200
23 4 224 11 207 11300
23 4 224 11 210 11400
23 4 225 11 211 11500
24 4 227 11 212 11600
25 4 228 11 213 11700
27 4 230 11 215 11800
27 4 231 11 215 11900
27 4 231 11 216 12000
27 5 234 13 216 12100
27 5 235 13 217 12200
27 5 236 13 217 12300
27 5 236 13 219 12400
27 5 237 13 219 12500
27 5 239 13 220 12600
27 5 240 13 222 12700
27 5 240 13 223 12800
27 5 241 13 224 12900
28 5 244 13 224 13000
28 5 245 13 227 13100
28 5 245 13 229 13200
28 5 247 13 229 13300
28 5 249 13 229 13400
28 6 251 13 231 13500
29 6 251 13 234 13600
29 6 251 13 236 13700
31 6 252 13 236 13800
31 6 255 13 236 13900
32 6 256 13 237 14000
32 6 257 14 240 14100
32 6 260 14 241 14200
32 6 261 14 244 14300
32 6 262 14 245 14400
32 6 262 15 246 14500
32 6 263 15 247 14600
32 6 266 15 248 14700
32 6 267 15 251 14800
32 6 269 15 252 14900
32 6 270 15 253 15000
32 6 272 15 254 15100
32 6 273 15 256 15200
32 6 275 15 257 15300
32 6 276 15 259 15400
32 6 280 15 260 15500
32 6 280 15 261 15600
32 6 281 15 265 15700
33 6 281 15 266 15800
33 6 282 15 266 15900
33 6 283 15 266 16000
33 6 283 15 268 16100
33 6 285 15 269 16200
33 6 286 15 271 16300
34 6 287 15 272 16400
35 6 289 15 272 16500
35 6 289 15 274 16600
35 6 292 16 274 16700
35 6 292 16 275 16800
35 6 294 17 276 16900
35 6 294 17 277 17000
36 6 297 17 277 17100
36 6 297 17 278 17200
36 6 299 17 279 17300
36 6 302 17 280 17400
36 6 304 17 281 17500
36 6 304 17 283 17600
37 6 305 18 283 17700
37 6 306 18 285 17800
37 6 307 18 287 17900
37 6 309 18 287 18000
37 6 311 18 290 18100
38 6 311 18 291 18200
38 6 312 18 293 18300
38 6 312 18 294 18400
38 6 312 18 295 18500
38 6 314 18 295 18600
38 6 316 18 296 18700
38 6 316 18 298 18800
39 6 316 18 299 18900
39 6 320 18 299 19000
39 6 321 18 301 19100
39 6 321 18 303 19200
39 6 321 18 303 19300
39 6 323 18 303 19400
40 6 326 18 304 19500
40 6 328 19 307 19600
40 6 331 19 309 19700
41 6 332 19 312 19800
41 6 335 19 313 19900
42 6 336 20 314 20000
42 6 337 21 316 20100
43 6 337 21 318 20200
44 6 338 21 318 20300
44 6 339 21 318 20400
44 6 341 21 318 20500
44 6 341 21 320 20600
45 6 343 21 321 20700
46 6 345 23 321 20800
46 6 346 25 321 20900
46 6 348 25 323 21000
46 6 351 26 324 21100
46 6 353 26 325 21200
46 6 353 26 329 21300
46 6 353 26 329 21400
46 6 353 27 329 21500
47 6 355 27 329 21600
47 6 355 27 331 21700
47 6 358 27 331 21800
47 6 359 27 333 21900
47 6 363 27 334 22000
47 6 364 27 338 22100
47 6 365 27 340 22200
47 6 366 27 341 22300
48 6 366 27 342 22400
48 6 366 27 343 22500
48 6 367 27 344 22600
48 6 367 27 345 22700
48 6 367 27 345 22800
48 6 367 28 345 22900
48 6 368 28 346 23000
48 6 370 28 346 23100
49 6 374 28 348 23200
49 6 376 28 350 23300
49 6 377 28 354 23400
50 6 379 28 357 23500
51 6 380 29 358 23600
51 6 382 29 360 23700
51 6 383 30 360 23800
52 6 383 30 361 23900
52 6 383 30 361 24000
52 6 384 30 361 24100
52 6 385 30 361 24200
52 6 385 30 362 24300
52 6 387 30 362 24400
52 6 387 30 364 24500
52 6 388 30 365 24600
52 6 389 30 365 24700
52 6 391 30 366 24800
52 6 392 30 369 24900
52 6 393 30 371 25000
52 6 393 30 372 25100
52 6 394 30 372 25200
53 6 395 31 374 25300
53 6 396 31 375 25400
54 6 397 31 376 25500
55 6 398 32 377 25600
56 6 399 32 379 25700
56 6 401 32 379 25800
56 6 402 32 381 25900
56 6 403 32 382 26000
56 6 404 32 384 26100
57 6 406 32 384 26200
58 6 408 32 386 26300
58 6 410 32 388 26400
58 6 412 32 391 26500
58 6 413 33 392 26600
60 6 414 33 393 26700
60 6 415 33 393 26800
60 6 417 33 395 26900
60 6 418 33 396 27000
61 6 418 33 397 27100
61 6 419 33 397 27200
61 6 422 33 398 27300
61 6 422 33 398 27400
61 6 422 33 401 27500
61 6 422 33 401 27600
61 6 423 33 401 27700
61 6 424 33 401 27800
61 6 424 33 403 27900
61 7 427 33 403 28000
61 7 428 33 404 28100
61 7 430 34 405 28200
61 7 430 34 407 28300
61 7 430 34 408 28400
61 7 431 34 409 28500
61 7 431 34 409 28600
62 7 431 34 410 28700
63 7 432 34 410 28800
64 7 434 34 410 28900
64 7 434 34 411 29000
64 7 436 34 412 29100
64 7 436 34 412 29200
64 7 436 34 412 29300
64 7 437 34 412 29400
65 7 437 34 413 29500
67 7 437 34 414 29600
67 7 439 34 414 29700
67 7 439 34 416 29800
67 7 440 34 416 29900
67 8 442 34 416 30000
67 8 444 34 417 30100
67 8 446 34 418 30200
67 8 446 34 420 30300
67 8 446 34 420 30400
67 8 446 35 420 30500
67 8 446 35 420 30600
67 8 446 35 420 30700
67 8 446 35 420 30800
67 8 447 35 420 30900
67 8 447 35 420 31000
68 8 448 36 420 31100
69 8 451 36 421 31200
70 8 453 36 422 31300
70 8 455 36 424 31400
70 8 459 37 427 31500
71 8 459 37 430 31600
71 8 461 37 431 31700
72 8 462 37 432 31800
72 8 463 37 433 31900
72 8 463 37 434 32000
72 8 463 37 434 32100
73 8 463 37 435 32200
73 8 464 37 435 32300
73 8 465 37 435 32400
73 8 466 37 436 32500
74 8 468 37 436 32600
74 8 470 37 437 32700
74 8 470 37 439 32800
74 8 471 37 440 32900
74 8 472 37 440 33000
74 8 472 37 441 33100
74 8 475 37 442 33200
74 8 476 37 443 33300
74 8 477 37 445 33400
74 8 479 37 446 33500
74 8 479 37 446 33600
74 8 479 37 448 33700
75 8 479 37 448 33800
75 8 479 37 448 33900
75 8 479 37 448 34000
75 8 479 37 448 34100
75 8 480 37 448 34200
76 8 481 37 448 34300
76 8 481 38 450 34400
76 8 481 38 450 34500
76 8 481 38 450 34600
76 8 481 38 450 34700
77 8 481 38 450 34800
78 8 482 38 450 34900
78 8 482 38 450 35000
78 8 482 38 452 35100
78 8 483 38 452 35200
78 8 483 38 452 35300
78 8 483 38 453 35400
78 8 483 38 453 35500
78 8 485 38 454 35600
78 8 486 38 457 35700
78 8 486 38 458 35800
79 8 486 38 459 35900
79 8 487 38 459 36000
79 8 489 38 461 36100
79 8 490 38 462 36200
79 8 490 38 465 36300
79 8 491 38 465 36400
80 8 491 38 466 36500
80 8 493 39 466 36600
81 8 494 39 468 36700
81 8 495 39 469 36800
81 8 495 39 469 36900
81 8 495 39 471 37000
81 8 495 39 471 37100
81 8 495 39 471 37200
81 8 495 39 471 37300
81 8 495 39 471 37400
81 8 495 39 471 37500
81 8 496 39 471 37600
81 8 498 39 471 37700
81 8 499 39 474 37800
82 8 500 39 475 37900
83 8 501 39 477 38000
85 8 502 39 479 38100
85 8 505 39 479 38200
87 8 506 39 482 38300
88 8 506 39 484 38400
88 8 507 39 484 38500
88 8 507 40 484 38600
88 8 507 40 486 38700
88 8 507 40 487 38800
88 8 507 40 487 38900
88 8 507 41 487 39000
88 8 508 42 487 39100
88 8 508 42 487 39200
88 8 509 42 488 39300
88 8 509 42 489 39400
88 8 509 42 489 39500
88 8 509 42 489 39600
88 8 510 42 489 39700
88 8 510 42 490 39800
88 8 510 42 491 39900
88 8 511 42 491 40000
88 8 512 43 492 40100
90 8 513 43 492 40200
90 8 514 45 493 40300
90 8 514 45 494 40400
91 8 515 45 495 40500
91 8 517 45 495 40600
91 8 518 45 497 40700
91 8 518 45 499 40800
93 8 518 45 499 40900
93 8 520 45 499 41000
93 8 521 45 501 41100
95 8 522 45 502 41200
97 8 523 45 503 41300
99 8 525 45 504 41400
101 8 526 45 504 41500
101 8 528 45 506 41600
101 8 530 45 506 41700
101 8 531 45 508 41800
101 9 532 45 511 41900
102 9 534 45 513 42000
102 9 536 45 515 42100
103 9 537 45 518 42200
103 9 539 45 518 42300
103 9 540 45 520 42400
103 9 540 45 521 42500
103 9 541 45 522 42600
103 10 541 45 523 42700
104 10 541 45 524 42800
104 10 541 45 524 42900
105 10 541 45 525 43000
105 10 543 45 525 43100
105 10 544 45 526 43200
105 10 549 45 526 43300
105 10 549 45 528 43400
106 10 549 45 530 43500
106 10 549 45 530 43600
106 10 549 45 530 43700
106 10 550 45 530 43800
106 10 550 45 531 43900
106 10 550 45 531 44000
106 10 551 45 532 44100
107 10 552 45 534 44200
108 10 553 45 534 44300
108 10 556 45 537 44400
108 10 557 45 539 44500
108 10 558 46 541 44600
108 10 560 46 543 44700
108 10 560 46 543 44800
109 10 564 46 545 44900
109 10 566 46 547 45000
109 10 567 46 552 45100
109 10 568 46 552 45200
109 10 569 46 554 45300
110 10 572 47 555 45400
110 10 575 47 557 45500
110 10 578 47 560 45600
110 10 581 47 562 45700
110 10 581 47 564 45800
111 10 582 47 565 45900
111 10 582 49 566 46000
111 10 582 49 566 46100
111 10 585 49 566 46200
111 10 585 49 569 46300
111 10 588 49 569 46400
111 10 588 49 570 46500
111 10 589 49 572 46600
111 10 590 49 572 46700
111 10 591 49 575 46800
111 11 593 49 575 46900
111 11 594 49 576 47000
111 11 595 49 576 47100
111 11 596 49 577 47200
111 11 596 50 578 47300
112 11 596 50 579 47400
112 11 597 50 580 47500
112 11 598 50 581 47600
112 12 598 50 581 47700
112 12 599 50 581 47800
112 12 599 51 582 47900
112 12 600 51 583 48000
113 12 600 51 583 48100
113 12 600 51 584 48200
113 12 600 51 584 48300
113 12 600 51 585 48400
114 12 600 52 585 48500
114 13 602 52 586 48600
114 13 603 52 587 48700
115 13 604 52 589 48800
115 13 606 52 590 48900
115 14 607 52 590 49000
115 14 607 53 592 49100
115 14 608 54 592 49200
116 14 608 54 593 49300
116 14 610 54 593 49400
116 14 610 54 594 49500
117 14 611 54 596 49600
117 14 611 54 596 49700
118 14 612 54 597 49800
118 14 612 55 597 49900
118 14 612 55 598 50000
118 14 612 55 598 50100
118 14 612 55 598 50200
119 14 612 55 598 50300
120 14 612 55 598 50400
121 14 613 55 598 50500
121 14 613 55 599 50600
122 14 615 55 600 50700
122 14 616 55 601 50800
122 14 617 55 603 50900
123 14 618 55 605 51000
123 14 619 55 606 51100
123 14 619 55 607 51200
123 14 620 56 607 51300
123 14 621 56 607 51400
123 14 621 56 608 51500
123 14 622 56 609 51600
124 14 622 56 610 51700
124 14 623 56 610 51800
124 14 623 56 611 51900
124 14 624 56 611 52000
125 14 626 56 611 52100
125 14 626 56 614 52200
125 14 628 57 614 52300
126 14 628 57 616 52400
126 14 629 57 616 52500
126 14 630 57 616 52600
126 14 630 57 618 52700
126 14 631 57 618 52800
126 14 631 58 619 52900
126 14 633 58 619 53000
126 14 633 58 620 53100
126 14 634 58 621 53200
128 14 634 58 621 53300
128 14 634 58 622 53400
128 14 634 58 623 53500
128 14 635 58 623 53600
128 14 636 58 624 53700
128 14 636 58 626 53800
128 14 636 58 626 53900
128 14 638 58 628 54000
129 14 639 58 628 54100
129 14 640 58 630 54200
129 14 641 58 631 54300
129 14 642 58 632 54400
129 14 642 58 633 54500
129 14 643 58 633 54600
129 14 644 58 634 54700
129 14 644 58 635 54800
129 14 644 58 635 54900
129 14 644 58 635 55000
129 14 644 59 635 55100
129 14 644 59 635 55200
129 14 645 59 635 55300
129 14 645 59 635 55400
129 14 646 59 635 55500
129 14 646 59 635 55600
129 14 646 59 636 55700
129 14 647 59 636 55800
129 14 647 59 637 55900
129 14 647 59 638 56000
129 14 647 59 638 56100
129 14 647 59 638 56200
129 14 647 59 638 56300
129 14 647 59 638 56400
129 14 649 59 638 56500
129 14 649 59 638 56600
130 14 649 59 640 56700
131 14 650 59 640 56800
131 14 651 59 641 56900
131 14 651 59 641 57000
131 14 654 59 643 57100
132 14 654 59 644 57200
132 14 656 59 646 57300
132 15 656 59 649 57400
132 15 658 59 649 57500
132 15 661 59 649 57600
132 15 662 59 653 57700
133 15 664 60 654 57800
133 15 665 60 655 57900
134 15 666 60 656 58000
136 15 667 60 656 58100
136 15 669 61 657 58200
137 15 671 61 657 58300
138 15 671 61 661 58400
138 15 673 61 661 58500
138 15 673 62 661 58600
138 15 673 62 662 58700
138 15 674 62 662 58800
139 15 674 62 664 58900
139 15 674 62 664 59000
139 15 674 62 664 59100
139 15 674 62 664 59200
139 15 675 62 664 59300
140 15 675 62 665 59400
140 15 675 62 665 59500
140 15 675 62 666 59600
140 15 675 62 666 59700
140 15 676 62 666 59800
140 15 679 62 666 59900
140 15 681 62 668 60000
140 15 681 62 670 60100
141 15 683 62 671 60200
141 15 684 62 672 60300
141 15 685 62 673 60400
142 15 686 62 674 60500
142 15 688 62 677 60600
142 15 689 62 678 60700
142 15 689 62 680 60800
143 15 689 62 683 60900
144 15 692 62 683 61000
145 15 692 62 683 61100
145 15 693 63 686 61200
145 15 693 63 688 61300
145 15 693 64 689 61400
145 15 694 64 691 61500
145 15 696 64 691 61600
145 15 696 64 693 61700
145 15 698 64 693 61800
145 15 700 64 693 61900
145 15 702 64 694 62000
145 15 703 65 695 62100
145 15 703 65 696 62200
145 15 705 65 696 62300
145 15 705 65 697 62400
146 15 706 65 698 62500
146 15 706 65 699 62600
146 15 706 65 699 62700
146 15 708 65 699 62800
146 15 708 65 699 62900
146 15 709 65 701 63000
146 15 709 65 701 63100
146 15 710 65 702 63200
147 15 712 65 703 63300
147 15 714 65 704 63400
147 15 715 65 706 63500
147 15 716 65 707 63600
147 15 716 65 708 63700
147 15 716 65 709 63800
147 15 717 65 709 63900
148 15 717 65 710 64000
148 15 717 65 711 64100
148 15 717 65 711 64200
149 15 718 65 712 64300
149 15 719 65 713 64400
149 15 719 66 713 64500
149 15 719 66 714 64600
149 15 719 66 715 64700
149 15 719 66 715 64800
149 15 721 66 715 64900
150 15 721 66 716 65000
150 15 722 66 716 65100
150 15 723 66 717 65200
151 15 723 66 718 65300
151 15 723 66 718 65400
151 15 727 66 718 65500
151 15 727 66 720 65600
151 15 727 66 721 65700
152 15 727 66 721 65800
152 15 728 66 722 65900
152 15 729 66 722 66000
152 15 729 66 722 66100
152 15 729 66 724 66200
153 15 731 66 724 66300
153 15 731 66 724 66400
153 15 732 66 726 66500
153 15 732 66 726 66600
153 15 733 66 727 66700
153 15 735 66 728 66800
154 15 735 66 729 66900
155 15 735 67 729 67000
155 15 737 67 729 67100
156 15 737 67 730 67200
156 15 737 67 731 67300
156 15 738 67 731 67400
156 15 738 67 732 67500
157 15 738 67 732 67600
157 15 738 67 732 67700
157 15 740 67 732 67800
158 15 740 68 732 67900
158 15 740 68 734 68000
158 15 740 68 735 68100
158 16 740 68 735 68200
158 16 740 68 735 68300
158 16 740 68 735 68400
158 16 740 68 735 68500
158 16 740 68 735 68600
158 16 740 68 735 68700
159 16 740 68 735 68800
159 17 741 68 736 68900
159 17 741 69 736 69000
159 18 741 69 738 69100
160 18 742 69 738 69200
160 18 743 69 739 69300
160 18 743 69 740 69400
160 18 744 69 740 69500
160 18 745 69 741 69600
160 18 746 69 741 69700
160 18 746 69 742 69800
160 18 746 69 743 69900
161 18 747 69 743 70000
161 19 748 70 744 70100
162 19 749 70 745 70200
162 19 749 70 746 70300
162 19 751 70 746 70400
162 19 751 70 747 70500
162 19 751 70 748 70600
162 19 751 70 748 70700
163 19 752 70 749 70800
163 19 753 70 749 70900
163 19 753 70 751 71000
163 19 753 70 751 71100
163 19 753 70 751 71200
163 19 754 70 751 71300
163 19 754 70 751 71400
163 19 755 70 752 71500
163 19 755 70 752 71600
163 19 755 70 753 71700
163 19 756 70 753 71800
163 19 757 70 754 71900
163 19 757 70 755 72000
163 20 757 70 756 72100
165 20 758 70 756 72200
167 20 759 70 756 72300
167 20 760 70 758 72400
167 20 760 70 758 72500
167 20 760 70 759 72600
168 20 760 70 759 72700
169 20 762 70 759 72800
170 20 762 70 759 72900
171 20 763 70 760 73000
171 20 764 70 761 73100
171 20 765 70 762 73200
171 20 766 70 765 73300
171 21 767 70 767 73400
171 21 768 70 767 73500
171 21 768 70 768 73600
171 21 768 70 769 73700
171 21 768 70 769 73800
171 21 768 70 770 73900
172 21 769 70 770 74000
172 21 769 70 770 74100
172 21 771 70 771 74200
172 21 772 70 772 74300
172 21 773 70 773 74400
172 21 774 71 774 74500
172 21 774 72 776 74600
172 21 775 72 777 74700
172 21 775 72 777 74800
172 21 776 72 778 74900
172 21 776 72 779 75000
172 21 777 72 779 75100
173 21 777 72 779 75200
174 21 778 72 780 75300
174 21 779 72 780 75400
174 21 779 72 781 75500
174 21 779 72 782 75600
174 21 779 72 782 75700
174 21 779 72 782 75800
174 21 779 72 782 75900
174 21 779 72 782 76000
174 21 782 72 782 76100
174 21 783 72 783 76200
174 21 784 72 786 76300
174 22 785 72 786 76400
174 22 786 72 789 76500
174 22 787 72 790 76600
174 22 787 72 792 76700
175 22 789 72 793 76800
175 22 790 72 793 76900
176 22 792 72 795 77000
176 22 792 72 796 77100
176 22 795 72 799 77200
178 23 796 72 800 77300
178 23 798 72 801 77400
178 23 798 72 802 77500
178 23 800 72 803 77600
178 23 803 72 803 77700
178 23 803 72 806 77800
178 23 803 72 807 77900
178 23 804 72 807 78000
178 23 807 72 807 78100
178 23 807 73 807 78200
178 23 807 73 810 78300
178 23 808 74 810 78400
178 23 808 74 811 78500
178 23 809 74 811 78600
178 23 810 74 811 78700
178 23 810 74 812 78800
178 23 811 74 812 78900
178 23 813 74 813 79000
178 23 815 74 814 79100
178 23 816 74 816 79200
178 23 817 74 816 79300
178 23 817 74 818 79400
178 23 817 74 818 79500
178 23 817 74 818 79600
178 23 817 74 818 79700
178 23 817 74 819 79800
178 24 819 74 820 79900
178 24 820 74 822 80000
178 24 820 74 824 80100
178 24 821 75 824 80200
178 24 821 76 826 80300
179 24 823 76 827 80400
180 24 824 76 827 80500
180 24 824 76 830 80600
180 24 824 76 830 80700
180 24 825 76 830 80800
181 24 825 77 831 80900
181 24 826 77 831 81000
181 24 826 77 832 81100
181 24 827 77 833 81200
181 24 828 77 833 81300
181 24 828 77 834 81400
181 24 828 78 835 81500
181 24 829 78 835 81600
181 24 829 78 836 81700
182 24 830 78 836 81800
183 24 830 78 837 81900
183 24 830 78 837 82000
183 24 830 78 838 82100
183 24 830 78 838 82200
183 24 830 78 839 82300
183 25 830 78 841 82400
184 25 830 78 841 82500
184 25 831 78 841 82600
184 25 831 78 842 82700
184 25 832 78 842 82800
184 25 833 78 843 82900
184 25 834 79 844 83000
184 25 834 79 844 83100
184 25 834 79 844 83200
184 25 834 79 844 83300
184 25 834 79 844 83400
184 25 834 79 844 83500
184 25 835 79 844 83600
184 25 835 79 845 83700
185 25 835 79 846 83800
185 25 835 79 846 83900
185 25 836 79 846 84000
185 25 836 79 846 84100
185 25 836 79 847 84200
186 25 838 79 847 84300
186 25 838 79 848 84400
186 25 838 79 849 84500
186 25 838 79 849 84600
186 25 838 79 849 84700
186 25 838 79 849 84800
186 25 838 79 849 84900
186 25 838 79 849 85000
186 25 839 79 849 85100
186 25 839 79 849 85200
186 25 840 79 850 85300
186 25 840 79 850 85400
187 25 841 79 851 85500
188 25 842 79 851 85600
189 25 843 79 851 85700
190 25 843 79 852 85800
190 25 844 79 854 85900
192 25 845 79 855 86000
192 26 845 79 857 86100
192 26 845 79 857 86200
192 27 845 79 858 86300
192 27 845 79 858 86400
192 27 846 79 858 86500
192 27 847 79 859 86600
192 27 847 79 860 86700
193 27 847 79 860 86800
193 27 848 79 861 86900
193 27 849 79 861 87000
193 27 849 80 862 87100
193 27 849 80 863 87200
193 27 850 80 863 87300
193 27 850 80 864 87400
193 27 851 80 864 87500
193 27 854 80 864 87600
194 27 854 81 866 87700
194 27 854 81 866 87800
195 27 854 81 866 87900
195 27 855 81 866 88000
195 27 857 81 867 88100
195 27 857 81 868 88200
195 27 858 81 868 88300
195 27 858 81 868 88400
196 27 859 82 869 88500
196 27 860 82 869 88600
197 27 862 82 869 88700
197 27 863 82 872 88800
198 27 864 82 872 88900
199 27 865 82 874 89000
199 27 865 82 875 89100
200 27 865 82 875 89200
200 27 866 82 875 89300
200 27 867 82 875 89400
200 27 869 82 876 89500
201 27 869 82 878 89600
203 28 869 82 879 89700
204 28 870 82 879 89800
204 28 871 82 879 89900
204 28 873 82 879 90000
204 28 873 83 879 90100
204 28 875 84 880 90200
204 28 876 84 881 90300
204 28 876 84 881 90400
204 28 876 85 882 90500
204 28 877 85 882 90600
204 28 877 85 882 90700
204 28 878 85 882 90800
204 28 878 85 882 90900
204 28 878 85 882 91000
204 28 879 85 882 91100
204 28 880 85 882 91200
205 28 880 85 883 91300
205 28 881 85 884 91400
205 28 882 85 884 91500
205 28 884 85 884 91600
206 28 885 85 884 91700
206 28 886 85 886 91800
206 28 887 85 887 91900
206 28 887 85 887 92000
206 28 887 85 888 92100
206 28 888 85 888 92200
206 28 889 85 888 92300
206 28 889 85 889 92400
206 28 890 85 891 92500
206 28 890 85 891 92600
206 28 891 85 891 92700
207 28 891 85 892 92800
208 28 892 85 893 92900
208 28 892 85 893 93000
208 28 892 85 893 93100
208 28 892 85 893 93200
208 28 894 85 893 93300
208 28 895 85 894 93400
208 28 895 85 895 93500
209 28 895 85 895 93600
210 28 895 85 895 93700
210 28 895 85 895 93800
210 28 895 85 895 93900
210 28 895 85 895 94000
210 28 895 85 895 94100
210 28 895 85 895 94200
210 28 895 85 895 94300
210 28 896 85 895 94400
211 28 896 85 895 94500
212 28 896 85 895 94600
212 28 896 85 895 94700
212 28 896 85 895 94800
212 28 896 85 895 94900
212 28 896 85 895 95000
212 28 897 85 896 95100
212 28 898 85 897 95200
212 28 898 85 899 95300
212 28 900 85 899 95400
212 28 901 85 899 95500
212 28 901 85 902 95600
212 28 903 85 902 95700
212 28 903 85 902 95800
212 28 904 85 904 95900
212 28 904 85 904 96000
212 28 904 85 904 96100
212 28 905 85 904 96200
212 28 905 85 904 96300
212 28 906 85 904 96400
212 28 906 85 905 96500
212 28 906 85 906 96600
212 28 906 85 906 96700
212 28 907 85 906 96800
212 28 907 85 906 96900
213 28 907 85 906 97000
213 28 908 86 906 97100
213 28 908 86 906 97200
213 28 908 86 907 97300
213 28 908 86 907 97400
213 28 910 87 907 97500
213 28 910 87 909 97600
213 28 911 87 910 97700
213 28 911 87 912 97800
213 28 912 87 912 97900
213 28 913 87 912 98000
213 28 913 88 913 98100
213 28 915 88 913 98200
213 28 915 88 913 98300
213 28 915 88 915 98400
214 28 915 88 916 98500
214 28 917 88 916 98600
214 28 918 88 917 98700
214 28 919 88 919 98800
215 28 922 88 920 98900
215 28 923 88 921 99000
215 28 924 88 923 99100
215 28 925 88 924 99200
215 28 926 88 926 99300
215 28 926 88 927 99400
215 28 926 88 928 99500
215 29 926 88 928 99600
215 29 926 88 929 99700
215 29 927 88 929 99800
215 30 927 88 929 99900
215 30 927 88 929 100000
215 30 927 88 929 100100
215 30 927 88 929 100200
217 30 927 88 929 100300
217 30 927 88 929 100400
218 30 929 89 929 100500
218 30 931 89 930 100600
218 30 932 89 932 100700
218 30 934 89 934 100800
218 30 934 89 934 100900
218 30 934 89 936 101000
219 30 934 90 937 101100
222 30 934 90 937 101200
223 30 935 90 937 101300
223 30 937 90 937 101400
224 30 937 90 938 101500
224 30 937 90 940 101600
224 30 937 90 940 101700
224 30 938 90 940 101800
224 30 938 90 940 101900
224 30 938 90 941 102000
224 30 938 90 941 102100
224 30 938 90 942 102200
224 30 938 90 942 102300
224 30 938 90 942 102400
224 30 938 90 942 102500
224 30 938 90 942 102600
224 30 938 90 942 102700
224 30 938 90 942 102800
224 30 938 90 942 102900
224 30 938 90 942 103000
224 30 938 90 942 103100
224 30 938 90 942 103200
224 30 938 90 942 103300
224 30 938 90 942 103400
224 30 938 90 942 103500
224 30 939 90 942 103600
224 30 939 90 942 103700
224 30 940 90 943 103800
224 30 940 90 943 103900
224 30 940 90 944 104000
224 30 940 90 944 104100
224 30 940 90 944 104200
224 30 941 90 944 104300
224 30 942 90 945 104400
224 30 942 90 946 104500
225 30 943 90 946 104600
225 30 944 90 946 104700
225 30 944 90 947 104800
225 30 945 90 948 104900
225 30 945 90 949 105000
225 30 945 90 950 105100
225 30 945 90 950 105200
225 30 945 90 950 105300
225 30 945 90 950 105400
225 30 945 90 950 105500
225 30 945 90 950 105600
225 30 945 90 950 105700
225 30 945 90 950 105800
225 30 945 90 950 105900
225 30 946 90 950 106000
225 30 946 90 951 106100
225 30 946 90 951 106200
226 30 947 90 951 106300
226 30 947 91 952 106400
226 30 948 91 952 106500
226 30 948 91 953 106600
226 30 949 91 954 106700
227 30 949 91 955 106800
227 30 949 92 955 106900
227 30 949 92 955 107000
227 30 950 92 955 107100
227 30 950 92 955 107200
228 30 951 92 956 107300
228 30 953 92 956 107400
228 30 953 92 959 107500
229 30 954 92 959 107600
232 30 955 92 959 107700
233 30 957 92 959 107800
233 30 958 92 961 107900
233 30 960 92 963 108000
234 30 960 92 963 108100
234 30 960 92 965 108200
234 30 961 92 965 108300
234 30 962 92 967 108400
234 30 964 92 968 108500
234 30 966 92 971 108600
235 30 967 92 971 108700
236 30 967 93 972 108800
237 30 968 93 973 108900
237 30 969 93 974 109000
237 30 970 93 974 109100
237 30 970 93 976 109200
237 30 970 93 977 109300
237 30 973 93 977 109400
237 30 973 93 979 109500
237 30 974 93 980 109600
237 30 975 93 981 109700
237 30 976 93 981 109800
238 30 977 93 982 109900
238 30 977 93 984 110000
238 30 977 93 984 110100
238 30 977 93 984 110200
238 30 977 93 984 110300
238 30 977 93 984 110400
239 30 978 93 984 110500
239 30 978 93 985 110600
239 30 978 93 985 110700
239 30 979 93 985 110800
239 30 979 93 986 110900
239 30 979 93 986 111000
239 30 979 93 986 111100
239 30 981 93 987 111200
241 30 981 93 987 111300
242 30 981 93 989 111400
242 30 982 93 989 111500
242 30 983 94 990 111600
242 30 983 94 991 111700
242 30 983 95 992 111800
242 30 985 95 993 111900
242 30 986 95 994 112000
243 30 987 95 995 112100
243 30 988 95 995 112200
243 30 989 95 997 112300
243 30 989 96 997 112400
243 30 990 96 998 112500
243 30 991 96 998 112600
243 30 993 96 999 112700
243 30 993 96 1000 112800
243 30 993 96 1002 112900
243 30 993 96 1002 113000
243 30 994 96 1003 113100
243 30 995 96 1004 113200
243 30 995 96 1004 113300
243 30 996 96 1005 113400
243 30 997 96 1006 113500
243 30 997 96 1006 113600
243 30 997 96 1006 113700
243 30 997 97 1006 113800
243 30 997 97 1006 113900
243 30 997 97 1006 114000
243 30 997 97 1006 114100
243 30 997 97 1006 114200
243 30 997 97 1008 114300
244 30 998 97 1008 114400
244 30 998 98 1009 114500
244 30 998 98 1010 114600
244 30 998 98 1010 114700
244 30 998 98 1010 114800
244 30 998 98 1010 114900
244 30 998 98 1010 115000
245 30 998 98 1010 115100
245 30 999 98 1010 115200
245 30 1000 98 1010 115300
246 30 1000 98 1011 115400
246 30 1000 98 1012 115500
246 30 1000 98 1013 115600
247 30 1001 98 1013 115700
247 30 1003 98 1013 115800
247 30 1003 98 1016 115900
247 30 1004 98 1016 116000
247 30 1005 98 1017 116100
247 30 1005 98 1018 116200
247 30 1007 98 1019 116300
247 30 1009 98 1021 116400
247 30 1009 99 1022 116500
248 30 1010 99 1024 116600
248 30 1012 99 1025 116700
248 30 1013 99 1028 116800
248 30 1015 99 1029 116900
249 30 1017 99 1030 117000
249 30 1019 100 1030 117100
249 30 1020 101 1032 117200
249 30 1021 102 1034 117300
249 31 1021 102 1034 117400
249 31 1021 102 1035 117500
249 31 1021 102 1036 117600
249 31 1021 102 1037 117700
249 31 1022 102 1039 117800
249 31 1022 102 1039 117900
249 31 1022 102 1039 118000
249 31 1023 102 1039 118100
249 31 1024 102 1040 118200
250 31 1025 102 1040 118300
250 31 1026 102 1042 118400
251 31 1026 102 1042 118500
252 31 1026 102 1044 118600
253 31 1026 102 1044 118700
253 32 1028 102 1046 118800
253 32 1028 102 1046 118900
253 32 1029 102 1047 119000
253 32 1031 104 1048 119100
253 32 1031 104 1049 119200
255 32 1031 104 1050 119300
255 32 1031 104 1051 119400
255 33 1031 104 1051 119500
255 33 1031 104 1052 119600
255 33 1033 104 1052 119700
255 33 1033 104 1052 119800
255 33 1033 104 1054 119900
