0 9753 0 0 11657291 9536 15972174 99900
897 0 6239 0 0 99900
393.46176979885246 1412.1874079814488 12983 2.9884194603173855 367.22867005782473
0 9665 0 0 11672704 9444 16068007 99900
904 0 6164 0 0 99900
383.0534576826881 1464.0774180008386 13120 2.991000570812885 384.38663458076184
0 9488 0 0 11697383 9247 16177072 99900
792 0 5814 0 0 99900
427.079164124328 1666.527290097743 13317 3.0116110395750133 365.3483173693972
0 9635 0 0 11683327 9392 16112602 99900
802 0 6168 0 0 99900
383.9466010361441 1504.365239933184 13217 2.934010220506768 357.07534034281804
0 9879 0 0 11701244 9648 16262648 99900
898 0 6447 0 0 99900
392.6209861812763 1862.7354161093535 13322 3.114049834614822 371.52840559293094
0 9536 0 0 11670595 9286 16147520 99900
846 0 6105 0 0 99900
400.7685040663852 1677.9003239000858 13236 3.09690444808111 380.3752111393512
0 9504 0 0 11661905 9289 16016854 99900
937 0 5944 0 0 99900
402.9791438136473 1961.8000657007835 13006 2.9149445643032332 367.8223350940791
0 9537 0 0 11664620 9286 16042922 99900
850 0 6183 0 0 99900
401.66175634208713 1579.8998211117178 13191 3.006243701701322 357.1784239657872
