0 7159 0 0 11987645 782462 18292197 99900
0 0 0 0 0 99900
518.62328286669 1739.1653617507254 14731 15.628148575892732 604.6075825601034
0 7669 0 0 12001346 757759 18373881 99900
0 0 0 0 0 99900
545.3218852576459 1593.9814656703654 14752 15.4128090748363 622.3888201330523
0 7747 0 0 12001944 775845 18404297 99900
0 0 0 0 0 99900
533.3198296947636 1616.9691295657308 14926 15.669439530643993 624.059302482358
0 7483 0 0 11936337 773844 18161924 99900
0 0 0 0 0 99900
509.4736671711352 1428.8058951964201 14654 15.61265604808912 626.2545167736532
0 7539 0 0 11970494 755544 18261758 99900
0 0 0 0 0 99900
553.000684840381 1553.7052365556185 14729 15.539527760639078 622.1728228040504
0 7515 0 0 11957468 745158 18126718 99900
0 0 0 0 0 99900
510.48109218551645 1466.7950430414176 14556 15.934586085302705 634.3516732050225
0 7636 0 0 11982240 726557 18206468 99900
0 0 0 0 0 99900
529.9303431307051 1508.8447565890817 14819 15.937243352219346 632.3941096113587
0 7635 0 0 12018698 723377 18369567 99900
0 0 0 0 0 99900
546.1235503921564 1549.4324089388638 14827 15.385951577672513 634.3947634952242
