0 7412 0 0 11925036 749621 18057413 99900
0 0 0 0 0 99900
512.7593222176351 1417.8208782260363 14539 15.8605856111701 618.093060829457
0 7265 0 0 11958667 720518 18174291 99900
0 0 0 0 0 99900
536.9347978460034 1607.7352376539022 14721 15.581891153955052 609.3742811438265
0 7590 0 0 12028032 754282 18458141 99900
0 0 0 0 0 99900
547.7790722498772 1624.926971642578 14867 15.780749239481127 622.4153595969453
0 7620 0 0 12005793 743691 18364054 99900
0 0 0 0 0 99900
525.4552975357445 1578.5266361413235 14862 15.666900527947503 628.3193760478322
0 7307 0 0 11968575 723594 18171512 99900
0 0 0 0 0 99900
530.3355476649969 1565.3473479356921 14717 15.754188038701832 626.9313946671366
0 7242 0 0 11984407 741535 18273346 99900
0 0 0 0 0 99900
539.2649136237256 1679.2359676387782 14726 15.267793952547153 610.1948452220875
0 7237 0 0 11949943 724073 18078262 99900
0 0 0 0 0 99900
513.5014478659784 1479.0772572654835 14632 15.627928919575995 610.4655529569793
0 7232 0 0 11921509 742661 18014846 99900
0 0 0 0 0 99900
520.74390412248 8986.205753597946 14410 15.204341706055745 616.6140235986311
