0 9831 0 0 11883231 9543 16860489 99900
0 0 0 0 0 99900
489.301268544046 1703.2967282912055 13786 3.2559527985928822 372.7394164950257
0 10141 0 0 11903992 9877 17011389 99900
0 0 0 0 0 99900
490.5616659679863 1744.5119560916069 13944 3.2113470775927135 360.48122621177407
0 10158 0 0 11930139 9882 17116899 99900
0 0 0 0 0 99900
491.0012189204189 2033.952598373885 13983 3.18408358728431 358.5390245320024
0 10121 0 0 11895425 9857 16972103 99900
0 0 0 0 0 99900
486.1883543679911 1753.2538814491295 13842 3.106489750216424 358.7591108412734
0 10363 0 0 11879958 10088 16904023 99900
0 0 0 0 0 99900
487.1643916161621 1761.0976911981643 13837 3.186249950118504 360.29512751242027
0 10308 0 0 11921140 10029 17060008 99900
0 0 0 0 0 99900
480.07525706911633 1822.8374342083018 13956 3.0732143590777024 356.05961889907917
0 10329 0 0 11924839 10051 17043086 99900
0 0 0 0 0 99900
477.38448505614156 1702.7967106564831 13875 3.1417133723767257 358.1131491930936
0 10311 0 0 11829059 10071 16684942 99900
0 0 0 0 0 99900
479.0117316705404 2484.24223781183 13617 3.164717986383452 371.6336225459438
