0 0 0 0 0 0 0 0
0 10 0 0 4897 0 5026 100
0 26 0 0 11731 7 12036 200
0 28 0 0 15657 20 16072 300
0 30 0 0 20657 22 21146 400
0 33 0 0 26509 24 27059 500
0 38 0 0 33136 26 33787 600
0 42 0 0 40202 30 41040 700
0 46 0 0 47882 35 49008 800
0 49 0 0 56171 38 57741 900
0 50 0 0 64779 39 67016 1000
0 52 0 0 73917 41 77012 1100
0 54 0 0 83574 43 87873 1200
0 57 0 0 93456 45 99278 1300
0 64 0 0 103847 49 111424 1400
0 70 0 0 114204 55 123900 1500
0 76 0 0 124675 60 136787 1600
0 85 0 0 135146 69 149995 1700
0 95 0 0 145881 77 163724 1800
0 107 0 0 156851 85 177879 1900
0 117 0 0 167759 94 192217 2000
0 132 0 0 178790 105 206906 2100
0 143 0 0 190049 119 221989 2200
0 155 0 0 201246 129 237319 2300
0 174 0 0 212543 146 253076 2400
0 192 0 0 223974 162 269405 2500
0 208 0 0 235542 182 286199 2600
0 233 0 0 247188 198 303374 2700
0 247 0 0 258885 220 320774 2800
0 268 0 0 270823 235 338879 2900
0 282 0 0 282785 256 357098 3000
0 297 0 0 294855 269 375354 3100
0 321 0 0 306775 287 393511 3200
0 338 0 0 318740 311 411778 3300
0 353 0 0 330648 324 430143 3400
0 372 0 0 342620 337 448497 3500
0 387 0 0 354557 359 466913 3600
0 399 0 0 366710 370 485545 3700
0 413 0 0 378794 384 504374 3800
0 428 0 0 390942 400 523056 3900
0 448 0 0 403119 414 541931 4000
0 461 0 0 415176 431 560723 4100
0 472 0 0 427351 446 579686 4200
0 492 0 0 439466 458 598631 4300
0 511 0 0 451591 475 617355 4400
0 525 0 0 463724 494 636070 4500
0 540 0 0 475979 507 654643 4600
0 556 0 0 488006 522 673194 4700
0 568 0 0 500099 539 691559 4800
0 587 0 0 512190 554 710361 4900
0 597 0 0 524463 571 729409 5000
0 617 0 0 536748 583 748640 5100
0 629 0 0 548886 599 767532 5200
0 646 0 0 561138 612 786699 5300
0 660 0 0 573427 630 805862 5400
0 674 0 0 585756 642 825159 5500
0 693 0 0 598027 657 844317 5600
0 711 0 0 610187 672 863433 5700
0 720 0 0 622701 690 882660 5800
0 735 0 0 635001 700 901906 5900
0 755 0 0 647349 715 921349 6000
0 772 0 0 659694 734 940727 6100
0 786 0 0 672059 750 960170 6200
0 805 0 0 684568 767 979971 6300
0 823 0 0 697110 783 999878 6400
0 838 0 0 709697 803 1019494 6500
0 859 0 0 722125 815 1038923 6600
0 876 0 0 734684 838 1058327 6700
0 891 0 0 747088 855 1077813 6800
0 903 0 0 759484 870 1097289 6900
0 920 0 0 771933 882 1116486 7000
0 935 0 0 784268 897 1135533 7100
0 952 0 0 796567 912 1154393 7200
0 963 0 0 808783 927 1173043 7300
0 970 0 0 821079 940 1191691 7400
0 986 0 0 833340 947 1210190 7500
0 996 0 0 845552 959 1228659 7600
0 1004 0 0 857843 968 1247032 7700
0 1018 0 0 870090 979 1265190 7800
0 1026 0 0 882223 993 1283283 7900
0 1036 0 0 894497 1000 1301419 8000
0 1045 0 0 906528 1011 1319286 8100
0 1052 0 0 918374 1018 1336799 8200
0 1062 0 0 930283 1028 1354356 8300
0 1073 0 0 942208 1036 1371865 8400
0 1095 0 0 954042 1048 1389139 8500
0 1113 0 0 965931 1067 1406503 8600
0 1126 0 0 978000 1087 1424356 8700
0 1135 0 0 989855 1102 1442260 8800
0 1150 0 0 1002010 1111 1460687 8900
0 1161 0 0 1014213 1123 1478886 9000
0 1172 0 0 1026166 1133 1496856 9100
0 1193 0 0 1038047 1147 1514267 9200
0 1206 0 0 1050186 1165 1532035 9300
0 1222 0 0 1062138 1180 1549816 9400
0 1244 0 0 1074056 1193 1567136 9500
0 1256 0 0 1086095 1220 1584821 9600
0 1265 0 0 1098036 1228 1602610 9700
0 1278 0 0 1110116 1238 1620420 9800
0 1290 0 0 1121989 1250 1638077 9900
0 1307 0 0 1134180 1262 1656058 10000
0 1323 0 0 1146133 1280 1673969 10100
0 1343 0 0 1158232 1295 1692104 10200
0 1350 0 0 1170449 1312 1710842 10300
0 1364 0 0 1182538 1321 1729503 10400
0 1378 0 0 1194832 1335 1748209 10500
0 1388 0 0 1207167 1346 1767240 10600
0 1403 0 0 1219468 1359 1786167 10700
0 1413 0 0 1231783 1373 1805132 10800
0 1427 0 0 1244089 1383 1823924 10900
0 1441 0 0 1256126 1394 1842157 11000
0 1453 0 0 1268343 1410 1860599 11100
0 1465 0 0 1280409 1419 1878884 11200
0 1484 0 0 1292533 1434 1897570 11300
0 1497 0 0 1304711 1456 1916439 11400
0 1515 0 0 1316930 1469 1935394 11500
0 1525 0 0 1329198 1482 1954024 11600
0 1541 0 0 1341409 1495 1972353 11700
0 1551 0 0 1353510 1509 1990585 11800
0 1566 0 0 1365684 1520 2008765 11900
0 1580 0 0 1377842 1532 2026958 12000
0 1591 0 0 1390047 1545 2044923 12100
0 1607 0 0 1401998 1558 2062509 12200
0 1618 0 0 1414085 1573 2080371 12300
0 1632 0 0 1426028 1584 2098229 12400
0 1646 0 0 1438074 1598 2116118 12500
0 1659 0 0 1450136 1611 2133787 12600
0 1668 0 0 1462105 1627 2151314 12700
0 1683 0 0 1474126 1633 2168421 12800
0 1694 0 0 1485910 1645 2185337 12900
0 1704 0 0 1497772 1658 2202441 13000
0 1718 0 0 1509542 1670 2219453 13100
0 1727 0 0 1521422 1680 2236532 13200
0 1746 0 0 1533473 1691 2253930 13300
0 1758 0 0 1545305 1709 2271299 13400
0 1771 0 0 1557265 1720 2288877 13500
0 1786 0 0 1569274 1732 2306581 13600
0 1804 0 0 1581294 1747 2324354 13700
0 1815 0 0 1593318 1765 2342394 13800
0 1833 0 0 1605595 1773 2360683 13900
0 1844 0 0 1617782 1791 2378967 14000
0 1856 0 0 1629947 1802 2397176 14100
0 1872 0 0 1642106 1814 2415219 14200
0 1884 0 0 1654301 1830 2433417 14300
0 1899 0 0 1666509 1842 2451699 14400
0 1911 0 0 1678626 1856 2469994 14500
0 1929 0 0 1690868 1867 2488482 14600
0 1945 0 0 1703034 1888 2506869 14700
0 1956 0 0 1715326 1901 2525711 14800
0 1976 0 0 1727580 1916 2544134 14900
0 1987 0 0 1739770 1933 2562692 15000
0 2002 0 0 1751991 1947 2581401 15100
0 2015 0 0 1764355 1959 2600266 15200
0 2022 0 0 1776508 1969 2619029 15300
0 2030 0 0 1788852 1977 2637831 15400
0 2036 0 0 1800919 1985 2656351 15500
0 2052 0 0 1813202 1988 2674624 15600
0 2066 0 0 1825451 2007 2692656 15700
0 2072 0 0 1837605 2017 2710630 15800
0 2082 0 0 1849735 2024 2728401 15900
0 2088 0 0 1861686 2037 2745774 16000
0 2097 0 0 1873605 2044 2762986 16100
0 2112 0 0 1885514 2054 2780090 16200
0 2124 0 0 1897359 2065 2796957 16300
0 2135 0 0 1909195 2077 2813765 16400
0 2147 0 0 1921052 2088 2830540 16500
0 2158 0 0 1932957 2097 2847506 16600
0 2169 0 0 1944767 2112 2864187 16700
0 2180 0 0 1956579 2121 2881074 16800
0 2194 0 0 1968447 2133 2898004 16900
0 2207 0 0 1980213 2146 2914844 17000
0 2219 0 0 1992127 2159 2932013 17100
0 2233 0 0 2003949 2170 2949128 17200
0 2246 0 0 2016041 2184 2966626 17300
0 2259 0 0 2028005 2198 2983829 17400
0 2265 0 0 2039901 2209 3000990 17500
0 2277 0 0 2051735 2218 3018105 17600
0 2284 0 0 2063683 2227 3035132 17700
0 2291 0 0 2075478 2235 3052156 17800
0 2302 0 0 2087291 2244 3069134 17900
0 2309 0 0 2099261 2253 3086025 18000
0 2318 0 0 2111172 2263 3102958 18100
0 2326 0 0 2122987 2267 3119572 18200
0 2336 0 0 2134652 2279 3135999 18300
0 2348 0 0 2146503 2286 3152541 18400
0 2357 0 0 2158345 2294 3169087 18500
0 2365 0 0 2170183 2307 3185741 18600
0 2374 0 0 2181873 2315 3202364 18700
0 2383 0 0 2193810 2325 3219221 18800
0 2392 0 0 2205713 2333 3236214 18900
0 2401 0 0 2217372 2343 3252898 19000
0 2417 0 0 2229157 2354 3269540 19100
0 2424 0 0 2240890 2365 3286054 19200
0 2430 0 0 2252796 2374 3302969 19300
0 2441 0 0 2264605 2379 3319563 19400
0 2449 0 0 2276305 2391 3335665 19500
0 2462 0 0 2288041 2397 3351892 19600
0 2472 0 0 2299609 2414 3367876 19700
0 2482 0 0 2311440 2419 3384251 19800
0 2492 0 0 2323296 2430 3400830 19900
0 2500 0 0 2335027 2439 3417187 20000
0 2512 0 0 2346968 2449 3433707 20100
0 2523 0 0 2358795 2464 3450434 20200
0 2531 0 0 2370713 2472 3467425 20300
0 2543 0 0 2382548 2482 3484363 20400
0 2553 0 0 2394240 2493 3500877 20500
0 2566 0 0 2406058 2500 3517448 20600
0 2575 0 0 2417705 2511 3533944 20700
0 2585 0 0 2429563 2519 3550482 20800
0 2592 0 0 2441539 2529 3567174 20900
0 2599 0 0 2453315 2539 3583849 21000
0 2612 0 0 2465090 2547 3600494 21100
0 2625 0 0 2477022 2559 3617050 21200
0 2636 0 0 2488702 2569 3633454 21300
0 2645 0 0 2500589 2579 3649907 21400
0 2655 0 0 2512330 2590 3666529 21500
0 2666 0 0 2524036 2603 3682934 21600
0 2678 0 0 2535928 2614 3699456 21700
0 2691 0 0 2547685 2623 3715820 21800
0 2700 0 0 2559379 2635 3731967 21900
0 2706 0 0 2571047 2644 3748120 22000
0 2714 0 0 2582606 2656 3763922 22100
0 2725 0 0 2594321 2660 3779931 22200
0 2732 0 0 2606059 2668 3796079 22300
0 2744 0 0 2617837 2675 3812390 22400
0 2753 0 0 2629621 2687 3828885 22500
0 2759 0 0 2641454 2696 3845311 22600
0 2766 0 0 2653356 2703 3861701 22700
0 2778 0 0 2665180 2709 3878070 22800
0 2788 0 0 2676965 2724 3894562 22900
0 2795 0 0 2688766 2731 3910880 23000
0 2806 0 0 2700605 2740 3927294 23100
0 2817 0 0 2712348 2751 3943528 23200
0 2827 0 0 2724109 2762 3959712 23300
0 2843 0 0 2735909 2770 3975940 23400
0 2851 0 0 2747544 2783 3992066 23500
0 2859 0 0 2759283 2794 4008439 23600
0 2866 0 0 2771109 2800 4024997 23700
0 2875 0 0 2782759 2809 4041565 23800
0 2884 0 0 2794589 2818 4058372 23900
0 2897 0 0 2806322 2828 4075212 24000
0 2907 0 0 2818273 2836 4092129 24100
0 2919 0 0 2829851 2851 4108583 24200
0 2933 0 0 2841590 2864 4125214 24300
0 2951 0 0 2853389 2873 4141794 24400
0 2961 0 0 2865148 2891 4158528 24500
0 2977 0 0 2877052 2902 4175404 24600
0 2983 0 0 2888845 2917 4192009 24700
0 2997 0 0 2900739 2925 4208815 24800
0 3004 0 0 2912511 2936 4225508 24900
0 3015 0 0 2924324 2944 4242062 25000
0 3027 0 0 2936197 2954 4258725 25100
0 3041 0 0 2947990 2969 4275440 25200
0 3053 0 0 2959816 2981 4292096 25300
0 3067 0 0 2971708 2992 4309006 25400
0 3074 0 0 2983675 3006 4325918 25500
0 3089 0 0 2995548 3014 4342811 25600
0 3095 0 0 3007363 3026 4359564 25700
0 3108 0 0 3019183 3033 4376404 25800
0 3118 0 0 3030968 3043 4393036 25900
0 3125 0 0 3042895 3054 4409716 26000
0 3134 0 0 3054567 3062 4425988 26100
0 3147 0 0 3066283 3072 4442362 26200
0 3161 0 0 3078096 3085 4458901 26300
0 3165 0 0 3089828 3095 4475204 26400
0 3182 0 0 3101554 3105 4491351 26500
0 3191 0 0 3113249 3116 4507584 26600
0 3199 0 0 3124874 3128 4523867 26700
0 3209 0 0 3136633 3134 4540458 26800
0 3226 0 0 3148360 3149 4556921 26900
0 3240 0 0 3160121 3161 4573633 27000
0 3255 0 0 3172058 3177 4590370 27100
0 3268 0 0 3183901 3197 4606926 27200
0 3279 0 0 3195632 3202 4623388 27300
0 3290 0 0 3207291 3219 4639771 27400
0 3305 0 0 3219151 3227 4656510 27500
0 3319 0 0 3231106 3241 4673458 27600
0 3328 0 0 3242847 3253 4689879 27700
0 3340 0 0 3254646 3265 4706302 27800
0 3346 0 0 3266441 3275 4722624 27900
0 3356 0 0 3278171 3283 4739052 28000
0 3365 0 0 3289907 3292 4755459 28100
0 3369 0 0 3301520 3301 4771577 28200
0 3378 0 0 3313301 3304 4787537 28300
0 3383 0 0 3324996 3315 4803341 28400
0 3389 0 0 3336548 3317 4818662 28500
0 3403 0 0 3348099 3324 4834051 28600
0 3406 0 0 3359578 3338 4849327 28700
0 3414 0 0 3371097 3344 4864706 28800
0 3423 0 0 3382630 3349 4880076 28900
0 3432 0 0 3394238 3358 4895497 29000
0 3436 0 0 3405757 3367 4910963 29100
0 3449 0 0 3417473 3373 4926501 29200
0 3460 0 0 3429133 3383 4942319 29300
0 3471 0 0 3440930 3397 4958599 29400
0 3481 0 0 3452671 3406 4974845 29500
0 3491 0 0 3464583 3415 4991195 29600
0 3499 0 0 3476454 3424 5007604 29700
0 3506 0 0 3488144 3431 5023638 29800
0 3518 0 0 3499907 3438 5039688 29900
0 3524 0 0 3511473 3447 5055377 30000
0 3530 0 0 3522983 3456 5071070 30100
0 3545 0 0 3534652 3464 5086793 30200
0 3552 0 0 3546197 3477 5102264 30300
0 3565 0 0 3557677 3486 5117742 30400
0 3577 0 0 3569144 3495 5133255 30500
0 3587 0 0 3580650 3507 5148697 30600
0 3593 0 0 3592097 3518 5164264 30700
0 3603 0 0 3603621 3522 5179736 30800
0 3611 0 0 3614915 3537 5194939 30900
0 3621 0 0 3626261 3547 5209941 31000
0 3630 0 0 3637672 3553 5224955 31100
0 3638 0 0 3648984 3563 5239923 31200
0 3642 0 0 3660283 3570 5254680 31300
0 3652 0 0 3671712 3573 5269604 31400
0 3653 0 0 3683180 3583 5284540 31500
0 3658 0 0 3694530 3585 5299373 31600
0 3665 0 0 3706014 3592 5314313 31700
0 3676 0 0 3717415 3597 5329066 31800
0 3683 0 0 3728955 3606 5343995 31900
0 3688 0 0 3740438 3613 5358619 32000
0 3697 0 0 3751697 3621 5373096 32100
0 3703 0 0 3763309 3629 5387873 32200
0 3710 0 0 3774858 3636 5402755 32300
0 3719 0 0 3786178 3645 5417462 32400
0 3725 0 0 3797705 3650 5432612 32500
0 3739 0 0 3809137 3658 5447755 32600
0 3747 0 0 3820753 3671 5463338 32700
0 3750 0 0 3832262 3677 5478691 32800
0 3758 0 0 3843798 3682 5493952 32900
0 3764 0 0 3855262 3689 5509262 33000
0 3771 0 0 3866754 3697 5524505 33100
0 3777 0 0 3878232 3704 5539798 33200
0 3788 0 0 3889653 3707 5555130 33300
0 3797 0 0 3901258 3717 5570813 33400
0 3804 0 0 3912784 3727 5586360 33500
0 3815 0 0 3924275 3736 5602116 33600
0 3823 0 0 3935923 3745 5617697 33700
0 3830 0 0 3947534 3755 5633193 33800
0 3839 0 0 3959068 3761 5648562 33900
0 3850 0 0 3970479 3768 5663906 34000
0 3855 0 0 3981874 3780 5679128 34100
0 3864 0 0 3993328 3787 5694351 34200
0 3873 0 0 4004804 3795 5709665 34300
0 3879 0 0 4016232 3802 5724927 34400
0 3885 0 0 4027867 3810 5740414 34500
0 3896 0 0 4039280 3815 5755719 34600
0 3903 0 0 4050900 3823 5771268 34700
0 3912 0 0 4062503 3833 5786780 34800
0 3922 0 0 4074103 3843 5802451 34900
0 3932 0 0 4085672 3854 5818330 35000
0 3937 0 0 4097362 3862 5834258 35100
0 3945 0 0 4109255 3869 5850248 35200
0 3954 0 0 4120897 3875 5865863 35300
0 3960 0 0 4132349 3885 5881389 35400
0 3968 0 0 4143983 3891 5896626 35500
0 3981 0 0 4155468 3896 5911968 35600
0 3984 0 0 4166852 3905 5927397 35700
0 3991 0 0 4178584 3912 5943291 35800
0 4002 0 0 4190158 3921 5959031 35900
0 4011 0 0 4201740 3927 5974635 36000
0 4019 0 0 4213274 3939 5990298 36100
0 4026 0 0 4224914 3948 6006112 36200
0 4038 0 0 4236448 3954 6021627 36300
0 4044 0 0 4248058 3966 6037214 36400
0 4054 0 0 4259577 3973 6052756 36500
0 4063 0 0 4271169 3981 6068279 36600
0 4072 0 0 4282849 3990 6084057 36700
0 4078 0 0 4294344 3999 6099523 36800
0 4090 0 0 4306038 4007 6115231 36900
0 4097 0 0 4317522 4018 6130714 37000
0 4108 0 0 4329267 4025 6146643 37100
0 4121 0 0 4340775 4036 6162337 37200
0 4125 0 0 4352526 4048 6178240 37300
0 4134 0 0 4364215 4054 6194008 37400
0 4147 0 0 4375704 4063 6209354 37500
0 4156 0 0 4387359 4073 6225175 37600
0 4168 0 0 4398854 4084 6240981 37700
0 4174 0 0 4410563 4093 6257042 37800
0 4184 0 0 4422216 4099 6272803 37900
0 4190 0 0 4433973 4112 6288681 38000
0 4200 0 0 4445563 4118 6304316 38100
0 4212 0 0 4457011 4127 6319897 38200
0 4218 0 0 4468726 4139 6335504 38300
0 4225 0 0 4480299 4145 6351147 38400
0 4238 0 0 4491941 4153 6366953 38500
0 4245 0 0 4503722 4164 6383054 38600
0 4251 0 0 4515458 4171 6398905 38700
0 4259 0 0 4527057 4178 6414588 38800
0 4265 0 0 4538816 4185 6430304 38900
0 4267 0 0 4550523 4191 6445935 39000
0 4276 0 0 4562153 4192 6461573 39100
0 4285 0 0 4573745 4198 6476983 39200
0 4291 0 0 4585251 4210 6492552 39300
0 4305 0 0 4596914 4217 6508159 39400
0 4313 0 0 4608370 4230 6523425 39500
0 4318 0 0 4619887 4236 6538849 39600
0 4329 0 0 4631520 4243 6554284 39700
0 4340 0 0 4643096 4255 6569777 39800
0 4348 0 0 4654542 4264 6584998 39900
0 4352 0 0 4666056 4272 6600322 40000
0 4362 0 0 4677572 4279 6615469 40100
0 4368 0 0 4689112 4286 6630632 40200
0 4372 0 0 4700656 4292 6645909 40300
0 4379 0 0 4712257 4295 6661197 40400
0 4385 0 0 4723856 4303 6676402 40500
0 4391 0 0 4735325 4309 6691557 40600
0 4402 0 0 4746995 4315 6706671 40700
0 4409 0 0 4758510 4325 6721615 40800
0 4413 0 0 4769841 4333 6736307 40900
0 4423 0 0 4781332 4338 6751075 41000
0 4433 0 0 4792654 4345 6765669 41100
0 4438 0 0 4804065 4357 6780207 41200
0 4445 0 0 4815374 4362 6794881 41300
0 4452 0 0 4826715 4368 6809419 41400
0 4453 0 0 4838006 4374 6823939 41500
0 4458 0 0 4849453 4376 6838588 41600
0 4463 0 0 4860809 4382 6853196 41700
0 4467 0 0 4872132 4387 6867826 41800
0 4475 0 0 4883408 4390 6882499 41900
0 4478 0 0 4894867 4398 6897332 42000
0 4488 0 0 4906231 4404 6912332 42100
0 4495 0 0 4917664 4411 6927683 42200
0 4504 0 0 4929271 4415 6943070 42300
0 4509 0 0 4940848 4423 6958378 42400
0 4517 0 0 4952313 4429 6973468 42500
0 4520 0 0 4963920 4435 6988494 42600
0 4526 0 0 4975404 4441 7003397 42700
0 4533 0 0 4986795 4448 7018215 42800
0 4535 0 0 4998288 4454 7033163 42900
0 4541 0 0 5009797 4456 7047922 43000
0 4551 0 0 5021263 4463 7062714 43100
0 4558 0 0 5032767 4472 7077818 43200
0 4564 0 0 5044465 4480 7093162 43300
0 4570 0 0 5056110 4487 7108776 43400
0 4573 0 0 5067730 4490 7124222 43500
0 4579 0 0 5079605 4492 7139744 43600
0 4583 0 0 5091307 4497 7154913 43700
0 4586 0 0 5102754 4502 7169971 43800
0 4592 0 0 5114337 4508 7184995 43900
0 4604 0 0 5125849 4512 7200082 44000
0 4612 0 0 5137472 4519 7215360 44100
0 4617 0 0 5149051 4533 7230831 44200
0 4633 0 0 5160748 4540 7246278 44300
0 4642 0 0 5172347 4553 7261667 44400
0 4647 0 0 5184039 4562 7277100 44500
0 4659 0 0 5195801 4567 7292659 44600
0 4669 0 0 5207526 4579 7308087 44700
0 4680 0 0 5219138 4587 7323538 44800
0 4687 0 0 5230843 4596 7338886 44900
0 4694 0 0 5242520 4606 7354207 45000
0 4698 0 0 5254276 4614 7369618 45100
0 4705 0 0 5265904 4618 7384869 45200
0 4716 0 0 5277381 4627 7399881 45300
0 4723 0 0 5289010 4637 7415038 45400
0 4729 0 0 5300555 4642 7429927 45500
0 4734 0 0 5312041 4648 7444596 45600
0 4740 0 0 5323463 4653 7459441 45700
0 4747 0 0 5334980 4659 7474303 45800
0 4755 0 0 5346496 4667 7488977 45900
0 4762 0 0 5357916 4676 7503713 46000
0 4765 0 0 5369283 4681 7518401 46100
0 4768 0 0 5380495 4686 7532963 46200
0 4777 0 0 5391911 4688 7547741 46300
0 4785 0 0 5403273 4697 7562257 46400
0 4792 0 0 5414642 4703 7576643 46500
0 4800 0 0 5425990 4710 7591131 46600
0 4806 0 0 5437240 4719 7605357 46700
0 4811 0 0 5448417 4726 7619573 46800
0 4816 0 0 5459704 4731 7634055 46900
0 4826 0 0 5471039 4734 7648415 47000
0 4827 0 0 5482430 4744 7662841 47100
0 4833 0 0 5493705 4747 7677131 47200
0 4837 0 0 5504865 4751 7691260 47300
0 4842 0 0 5516220 4758 7705532 47400
0 4848 0 0 5527286 4761 7719478 47500
0 4854 0 0 5538452 4767 7733562 47600
0 4864 0 0 5549563 4772 7747588 47700
0 4869 0 0 5560820 4783 7761843 47800
0 4880 0 0 5571916 4788 7775821 47900
0 4885 0 0 5583229 4798 7790186 48000
0 4889 0 0 5594451 4804 7804513 48100
0 4896 0 0 5605730 4808 7818807 48200
0 4901 0 0 5617007 4815 7833042 48300
0 4904 0 0 5628117 4819 7847115 48400
0 4910 0 0 5639411 4823 7861267 48500
0 4917 0 0 5650558 4830 7875292 48600
0 4922 0 0 5661809 4836 7889436 48700
0 4925 0 0 5673043 4841 7903629 48800
0 4931 0 0 5684274 4845 7917643 48900
0 4937 0 0 5695420 4850 7931386 49000
0 4943 0 0 5706772 4856 7945288 49100
0 4946 0 0 5717739 4860 7958999 49200
0 4950 0 0 5728939 4865 7972804 49300
0 4953 0 0 5740108 4869 7986420 49400
0 4960 0 0 5751242 4873 8000106 49500
0 4967 0 0 5762373 4878 8013844 49600
0 4977 0 0 5773508 4888 8027709 49700
0 4983 0 0 5784720 4898 8041915 49800
0 4991 0 0 5795890 4902 8056120 49900
0 4996 0 0 5807101 4910 8070411 50000
0 5002 0 0 5818345 4914 8084581 50100
0 5007 0 0 5829683 4920 8098972 50200
0 5012 0 0 5840951 4926 8113156 50300
0 5021 0 0 5852145 4933 8127327 50400
0 5028 0 0 5863492 4939 8141653 50500
0 5033 0 0 5874776 4947 8156009 50600
0 5040 0 0 5886274 4953 8170705 50700
0 5051 0 0 5897656 4960 8185327 50800
0 5056 0 0 5908880 4968 8199823 50900
0 5064 0 0 5920272 4974 8214542 51000
0 5070 0 0 5931856 4981 8229521 51100
0 5083 0 0 5943205 4988 8244237 51200
0 5087 0 0 5954642 5001 8258979 51300
0 5102 0 0 5966208 5006 8274120 51400
0 5111 0 0 5977733 5019 8289300 51500
0 5117 0 0 5989347 5028 8304786 51600
0 5123 0 0 6000785 5035 8319997 51700
0 5132 0 0 6012184 5039 8335136 51800
0 5136 0 0 6023645 5049 8350424 51900
0 5144 0 0 6035323 5055 8365986 52000
0 5146 0 0 6046714 5061 8381217 52100
0 5155 0 0 6058285 5066 8396437 52200
0 5164 0 0 6069815 5073 8411577 52300
0 5171 0 0 6081077 5082 8426313 52400
0 5182 0 0 6092512 5089 8441056 52500
0 5191 0 0 6103991 5098 8455621 52600
0 5197 0 0 6115250 5110 8470059 52700
0 5202 0 0 6126551 5115 8484537 52800
0 5210 0 0 6137956 5120 8499232 52900
0 5218 0 0 6149401 5126 8514037 53000
0 5221 0 0 6161045 5134 8529188 53100
0 5227 0 0 6172483 5139 8544043 53200
0 5240 0 0 6183961 5143 8558996 53300
0 5246 0 0 6195347 5153 8573968 53400
0 5251 0 0 6206823 5161 8588975 53500
0 5264 0 0 6218170 5167 8603790 53600
0 5270 0 0 6229718 5182 8618601 53700
0 5282 0 0 6241124 5187 8633327 53800
0 5293 0 0 6252544 5196 8648047 53900
0 5298 0 0 6263793 5205 8662498 54000
0 5309 0 0 6275229 5213 8677152 54100
0 5318 0 0 6286433 5224 8691501 54200
0 5328 0 0 6297761 5234 8706067 54300
0 5337 0 0 6309249 5242 8720975 54400
0 5348 0 0 6320609 5249 8735585 54500
0 5358 0 0 6332096 5260 8750377 54600
0 5367 0 0 6343420 5272 8765230 54700
0 5382 0 0 6355281 5282 8780633 54800
0 5389 0 0 6366807 5296 8795938 54900
0 5400 0 0 6378229 5302 8810955 55000
0 5406 0 0 6389935 5312 8826255 55100
0 5413 0 0 6401390 5319 8841226 55200
0 5426 0 0 6413016 5328 8856262 55300
0 5432 0 0 6424529 5337 8871048 55400
0 5441 0 0 6436024 5346 8885888 55500
0 5448 0 0 6447379 5355 8900544 55600
0 5456 0 0 6458856 5361 8915203 55700
0 5464 0 0 6470160 5369 8929704 55800
0 5471 0 0 6481568 5377 8944319 55900
0 5477 0 0 6492996 5383 8958962 56000
0 5482 0 0 6504419 5390 8973486 56100
0 5492 0 0 6515745 5394 8988047 56200
0 5497 0 0 6527110 5405 9002606 56300
0 5503 0 0 6538547 5409 9017246 56400
0 5512 0 0 6549980 5415 9031847 56500
0 5514 0 0 6561252 5422 9046274 56600
0 5519 0 0 6572751 5426 9060974 56700
0 5526 0 0 6584175 5431 9075702 56800
0 5535 0 0 6595469 5438 9090174 56900
0 5543 0 0 6606943 5445 9104941 57000
0 5548 0 0 6618375 5452 9119438 57100
0 5555 0 0 6629709 5459 9133884 57200
0 5561 0 0 6641118 5469 9148371 57300
0 5567 0 0 6652384 5472 9162636 57400
0 5572 0 0 6663790 5478 9176986 57500
0 5582 0 0 6675100 5482 9191400 57600
0 5586 0 0 6686591 5490 9205974 57700
0 5591 0 0 6697957 5495 9220331 57800
0 5597 0 0 6709297 5501 9234597 57900
0 5598 0 0 6720612 5506 9248842 58000
0 5600 0 0 6732123 5507 9263173 58100
0 5603 0 0 6743488 5509 9277340 58200
0 5604 0 0 6754760 5510 9291216 58300
0 5606 0 0 6766014 5513 9305323 58400
0 5612 0 0 6777274 5517 9319250 58500
0 5615 0 0 6788510 5519 9333065 58600
0 5624 0 0 6799728 5523 9346924 58700
0 5628 0 0 6811017 5532 9361013 58800
0 5635 0 0 6822291 5536 9375013 58900
0 5644 0 0 6833602 5539 9389156 59000
0 5651 0 0 6845008 5552 9403509 59100
0 5658 0 0 6856413 5558 9418031 59200
0 5663 0 0 6867894 5566 9432556 59300
0 5669 0 0 6879490 5570 9447246 59400
0 5678 0 0 6890817 5577 9461764 59500
0 5689 0 0 6902287 5583 9476451 59600
0 5695 0 0 6913711 5593 9491053 59700
0 5703 0 0 6925130 5600 9505738 59800
0 5710 0 0 6936645 5607 9520666 59900
0 5716 0 0 6948093 5615 9535448 60000
0 5722 0 0 6959547 5622 9550159 60100
0 5726 0 0 6971106 5628 9564789 60200
0 5734 0 0 6982632 5633 9579485 60300
0 5737 0 0 6994166 5640 9593955 60400
0 5743 0 0 7005530 5644 9608254 60500
0 5749 0 0 7016885 5649 9622658 60600
0 5761 0 0 7028423 5654 9637242 60700
0 5767 0 0 7039867 5664 9651838 60800
0 5776 0 0 7051174 5673 9666422 60900
0 5784 0 0 7062451 5682 9680854 61000
0 5791 0 0 7073898 5690 9695489 61100
0 5794 0 0 7085281 5696 9710107 61200
0 5800 0 0 7096803 5698 9724752 61300
0 5804 0 0 7108077 5704 9739187 61400
0 5809 0 0 7119410 5709 9753571 61500
0 5815 0 0 7130712 5716 9767631 61600
0 5822 0 0 7142015 5720 9781800 61700
0 5830 0 0 7153316 5727 9795985 61800
0 5841 0 0 7164625 5734 9810144 61900
0 5846 0 0 7175979 5744 9824246 62000
0 5851 0 0 7187313 5751 9838499 62100
0 5856 0 0 7198505 5755 9852540 62200
0 5863 0 0 7209747 5762 9866718 62300
0 5866 0 0 7221135 5769 9880919 62400
0 5874 0 0 7232239 5772 9894827 62500
0 5880 0 0 7243634 5780 9909018 62600
0 5886 0 0 7254813 5785 9922975 62700
0 5888 0 0 7265882 5791 9936931 62800
0 5892 0 0 7277118 5793 9950913 62900
0 5898 0 0 7288276 5797 9964893 63000
0 5900 0 0 7299550 5803 9978921 63100
0 5905 0 0 7310850 5805 9993104 63200
0 5911 0 0 7322085 5809 10007094 63300
0 5919 0 0 7333335 5817 10021091 63400
0 5926 0 0 7344633 5823 10035071 63500
0 5934 0 0 7355927 5830 10049135 63600
0 5943 0 0 7367278 5839 10063497 63700
0 5949 0 0 7378699 5849 10077763 63800
0 5961 0 0 7390102 5852 10092186 63900
0 5966 0 0 7401422 5866 10106715 64000
0 5969 0 0 7412958 5871 10121307 64100
0 5979 0 0 7424474 5875 10135911 64200
0 5984 0 0 7435636 5883 10150002 64300
0 5987 0 0 7447003 5889 10164443 64400
0 5990 0 0 7458434 5890 10178843 64500
0 5995 0 0 7469731 5895 10192971 64600
0 6002 0 0 7480874 5899 10207034 64700
0 6004 0 0 7492362 5904 10221387 64800
0 6010 0 0 7503560 5908 10235307 64900
0 6012 0 0 7515015 5912 10249616 65000
0 6018 0 0 7526366 5915 10263702 65100
0 6024 0 0 7537576 5920 10277665 65200
0 6025 0 0 7549114 5925 10291847 65300
0 6034 0 0 7560199 5929 10305647 65400
0 6038 0 0 7571613 5934 10319488 65500
0 6044 0 0 7582773 5941 10333413 65600
0 6052 0 0 7593943 5945 10347256 65700
0 6056 0 0 7605437 5953 10361603 65800
0 6067 0 0 7616692 5957 10375688 65900
0 6071 0 0 7628017 5967 10389706 66000
0 6078 0 0 7639210 5973 10403646 66100
0 6082 0 0 7650595 5980 10417600 66200
0 6085 0 0 7661741 5982 10431286 66300
0 6094 0 0 7672954 5986 10445193 66400
0 6096 0 0 7684083 5994 10458991 66500
0 6101 0 0 7695284 5997 10472855 66600
0 6104 0 0 7706620 6002 10486688 66700
0 6109 0 0 7717946 6005 10500658 66800
0 6115 0 0 7729245 6010 10514587 66900
0 6118 0 0 7740518 6014 10528503 67000
0 6123 0 0 7751891 6019 10542531 67100
0 6129 0 0 7763026 6024 10556499 67200
0 6132 0 0 7774332 6030 10570730 67300
0 6133 0 0 7785652 6032 10584976 67400
0 6141 0 0 7797014 6036 10599208 67500
0 6143 0 0 7808352 6041 10613512 67600
0 6152 0 0 7819579 6046 10627766 67700
0 6153 0 0 7831036 6052 10642201 67800
0 6160 0 0 7842278 6054 10656047 67900
0 6167 0 0 7853517 6060 10669891 68000
0 6173 0 0 7864777 6067 10683792 68100
0 6174 0 0 7876072 6070 10697885 68200
0 6181 0 0 7887315 6076 10711702 68300
0 6185 0 0 7898666 6081 10725759 68400
0 6193 0 0 7909859 6087 10739607 68500
0 6198 0 0 7921234 6093 10753703 68600
0 6203 0 0 7932350 6098 10767656 68700
0 6210 0 0 7943671 6105 10781825 68800
0 6214 0 0 7954957 6111 10795848 68900
0 6218 0 0 7966039 6116 10809792 69000
0 6222 0 0 7977282 6119 10823701 69100
0 6235 0 0 7988464 6123 10837626 69200
0 6240 0 0 7999695 6134 10851690 69300
0 6246 0 0 8010799 6140 10865570 69400
0 6252 0 0 8022222 6146 10879897 69500
0 6257 0 0 8033628 6152 10894167 69600
0 6260 0 0 8044961 6158 10908457 69700
0 6265 0 0 8056259 6161 10922653 69800
0 6273 0 0 8067381 6167 10936594 69900
0 6279 0 0 8078869 6173 10951025 70000
0 6283 0 0 8090276 6180 10965214 70100
0 6287 0 0 8101578 6183 10979430 70200
0 6294 0 0 8113158 6188 10993715 70300
0 6297 0 0 8124394 6193 11007669 70400
0 6304 0 0 8135853 6197 11021848 70500
0 6311 0 0 8147067 6205 11035839 70600
0 6316 0 0 8158552 6212 11050146 70700
0 6325 0 0 8169904 6216 11064385 70800
0 6330 0 0 8181370 6224 11078727 70900
0 6336 0 0 8192587 6229 11092807 71000
0 6342 0 0 8203984 6237 11107108 71100
0 6346 0 0 8215243 6241 11121179 71200
0 6355 0 0 8226516 6248 11135301 71300
0 6358 0 0 8237869 6253 11149501 71400
0 6363 0 0 8249216 6257 11163786 71500
0 6368 0 0 8260468 6262 11177816 71600
0 6371 0 0 8271918 6269 11192019 71700
0 6374 0 0 8283284 6273 11206170 71800
0 6383 0 0 8294661 6276 11220432 71900
0 6388 0 0 8306067 6281 11234658 72000
0 6391 0 0 8317531 6287 11248922 72100
0 6397 0 0 8328885 6291 11263286 72200
0 6408 0 0 8340260 6299 11277555 72300
0 6415 0 0 8351538 6308 11291895 72400
0 6423 0 0 8363050 6313 11306358 72500
0 6428 0 0 8374454 6324 11320574 72600
0 6433 0 0 8385733 6328 11334733 72700
0 6439 0 0 8397149 6332 11348988 72800
0 6444 0 0 8408395 6339 11363094 72900
0 6448 0 0 8419673 6344 11377260 73000
0 6453 0 0 8430994 6347 11391404 73100
0 6458 0 0 8442294 6351 11405519 73200
0 6464 0 0 8453720 6360 11419732 73300
0 6470 0 0 8464975 6364 11433697 73400
0 6476 0 0 8476446 6371 11448034 73500
0 6483 0 0 8487787 6376 11462045 73600
0 6494 0 0 8499072 6383 11476111 73700
0 6501 0 0 8510433 6393 11490595 73800
0 6506 0 0 8521957 6398 11505061 73900
0 6512 0 0 8533324 6405 11519351 74000
0 6520 0 0 8544704 6412 11533690 74100
0 6527 0 0 8556229 6418 11548195 74200
0 6533 0 0 8567521 6424 11562544 74300
0 6541 0 0 8578894 6432 11576733 74400
0 6545 0 0 8590269 6439 11590948 74500
0 6553 0 0 8601628 6445 11605217 74600
0 6558 0 0 8613031 6452 11619454 74700
0 6566 0 0 8624318 6458 11633569 74800
0 6573 0 0 8635471 6469 11647397 74900
0 6579 0 0 8646750 6472 11661373 75000
0 6585 0 0 8657977 6478 11675404 75100
0 6591 0 0 8669253 6485 11689597 75200
0 6595 0 0 8680452 6489 11703453 75300
0 6599 0 0 8691732 6495 11717454 75400
0 6607 0 0 8703100 6497 11731355 75500
0 6613 0 0 8714200 6503 11745054 75600
0 6618 0 0 8725473 6512 11758986 75700
0 6626 0 0 8736557 6516 11772691 75800
0 6634 0 0 8747851 6526 11786627 75900
0 6638 0 0 8759055 6530 11800610 76000
0 6645 0 0 8770475 6537 11814715 76100
0 6650 0 0 8781685 6542 11828758 76200
0 6662 0 0 8793004 6549 11843005 76300
0 6667 0 0 8804332 6560 11857165 76400
0 6674 0 0 8815541 6566 11871269 76500
0 6678 0 0 8826912 6572 11885405 76600
0 6687 0 0 8838172 6576 11899238 76700
0 6692 0 0 8849324 6584 11913083 76800
0 6697 0 0 8860583 6590 11927008 76900
0 6707 0 0 8871817 6597 11940830 77000
0 6709 0 0 8883177 6603 11954678 77100
0 6716 0 0 8894473 6609 11968526 77200
0 6721 0 0 8905807 6614 11982313 77300
0 6727 0 0 8917136 6619 11996109 77400
0 6734 0 0 8928577 6625 12010340 77500
0 6742 0 0 8939884 6630 12024241 77600
0 6749 0 0 8951040 6638 12038011 77700
0 6755 0 0 8962524 6645 12052087 77800
0 6763 0 0 8973788 6651 12066088 77900
0 6770 0 0 8985288 6658 12080516 78000
0 6781 0 0 8996473 6665 12094663 78100
0 6782 0 0 9007906 6677 12108850 78200
0 6787 0 0 9019265 6678 12122907 78300
0 6794 0 0 9030575 6683 12136925 78400
0 6799 0 0 9041925 6690 12150845 78500
0 6803 0 0 9053215 6696 12164874 78600
0 6810 0 0 9064474 6700 12178895 78700
0 6819 0 0 9075781 6707 12192859 78800
0 6824 0 0 9087079 6716 12206800 78900
0 6831 0 0 9098298 6720 12220689 79000
0 6840 0 0 9109519 6726 12234530 79100
0 6847 0 0 9120891 6736 12248511 79200
0 6853 0 0 9132073 6743 12262427 79300
0 6858 0 0 9143413 6748 12276649 79400
0 6864 0 0 9154643 6755 12290563 79500
0 6869 0 0 9165887 6761 12304629 79600
0 6874 0 0 9177174 6764 12318795 79700
0 6880 0 0 9188618 6769 12332981 79800
0 6885 0 0 9199899 6776 12346911 79900
0 6890 0 0 9211237 6781 12361053 80000
0 6896 0 0 9222332 6784 12374838 80100
0 6902 0 0 9233437 6791 12388615 80200
0 6907 0 0 9244669 6798 12402690 80300
0 6912 0 0 9255907 6802 12416673 80400
0 6917 0 0 9267039 6805 12430504 80500
0 6924 0 0 9278332 6813 12444513 80600
0 6929 0 0 9289416 6818 12458255 80700
0 6938 0 0 9300705 6824 12472082 80800
0 6945 0 0 9311789 6835 12485912 80900
0 6953 0 0 9323054 6842 12500060 81000
0 6958 0 0 9334287 6847 12514076 81100
0 6967 0 0 9345488 6853 12527874 81200
0 6972 0 0 9356762 6862 12541893 81300
0 6976 0 0 9367883 6867 12555675 81400
0 6982 0 0 9378992 6872 12569320 81500
0 6988 0 0 9390204 6874 12583130 81600
0 6992 0 0 9401321 6881 12597002 81700
0 7001 0 0 9412478 6887 12610891 81800
0 7010 0 0 9423736 6895 12624734 81900
0 7013 0 0 9434876 6902 12638797 82000
0 7022 0 0 9446001 6908 12652708 82100
0 7031 0 0 9457204 6917 12666804 82200
0 7034 0 0 9468570 6922 12681057 82300
0 7040 0 0 9479723 6928 12695111 82400
0 7048 0 0 9491037 6934 12709258 82500
0 7054 0 0 9502342 6942 12723270 82600
0 7058 0 0 9513515 6947 12737170 82700
0 7061 0 0 9524826 6952 12751203 82800
0 7063 0 0 9535908 6956 12764666 82900
0 7068 0 0 9547288 6959 12778364 83000
0 7069 0 0 9558410 6961 12791767 83100
0 7072 0 0 9569616 6964 12805316 83200
0 7074 0 0 9580827 6966 12818945 83300
0 7079 0 0 9591997 6968 12832541 83400
0 7082 0 0 9603151 6973 12846128 83500
0 7088 0 0 9614272 6977 12859857 83600
0 7096 0 0 9625517 6982 12873820 83700
0 7097 0 0 9636654 6990 12887636 83800
0 7103 0 0 9647886 6991 12901662 83900
0 7112 0 0 9659062 6998 12915609 84000
0 7117 0 0 9670355 7005 12929574 84100
0 7125 0 0 9681683 7012 12943667 84200
0 7137 0 0 9692897 7020 12957716 84300
0 7142 0 0 9704096 7029 12971675 84400
0 7153 0 0 9715117 7038 12985427 84500
0 7160 0 0 9726455 7044 12999455 84600
0 7169 0 0 9737551 7053 13013097 84700
0 7177 0 0 9748740 7061 13026968 84800
0 7184 0 0 9759956 7070 13041009 84900
0 7192 0 0 9771073 7075 13055041 85000
0 7200 0 0 9782545 7086 13069243 85100
0 7209 0 0 9793687 7092 13083252 85200
0 7214 0 0 9805003 7099 13097270 85300
0 7220 0 0 9816193 7107 13111375 85400
0 7224 0 0 9827446 7112 13125437 85500
0 7233 0 0 9838857 7118 13139722 85600
0 7242 0 0 9850033 7125 13154031 85700
0 7246 0 0 9861434 7135 13168420 85800
0 7254 0 0 9872703 7139 13182782 85900
0 7258 0 0 9884043 7146 13197124 86000
0 7261 0 0 9895431 7150 13211525 86100
0 7271 0 0 9906800 7156 13226111 86200
0 7274 0 0 9918165 7164 13240597 86300
0 7281 0 0 9929460 7168 13255046 86400
0 7287 0 0 9940855 7175 13269525 86500
0 7293 0 0 9952179 7178 13283979 86600
0 7297 0 0 9963611 7183 13298648 86700
0 7300 0 0 9974884 7187 13312948 86800
0 7308 0 0 9986248 7191 13326998 86900
0 7311 0 0 9997488 7199 13340916 87000
0 7315 0 0 10008737 7202 13354884 87100
0 7321 0 0 10019851 7206 13368662 87200
0 7329 0 0 10031125 7213 13382326 87300
0 7332 0 0 10042222 7218 13395794 87400
0 7338 0 0 10053429 7224 13409344 87500
0 7345 0 0 10064752 7229 13423034 87600
0 7348 0 0 10075899 7236 13436548 87700
0 7350 0 0 10087161 7239 13450144 87800
0 7355 0 0 10098192 7241 13463417 87900
0 7359 0 0 10109482 7246 13477190 88000
0 7365 0 0 10120879 7250 13490922 88100
0 7368 0 0 10132071 7258 13504441 88200
0 7376 0 0 10143224 7261 13517810 88300
0 7382 0 0 10154440 7267 13531339 88400
0 7386 0 0 10165664 7273 13544956 88500
0 7391 0 0 10176836 7277 13558491 88600
0 7395 0 0 10187943 7283 13572028 88700
0 7396 0 0 10199258 7286 13585764 88800
0 7400 0 0 10210469 7287 13599639 88900
0 7408 0 0 10221865 7290 13613759 89000
0 7412 0 0 10233086 7299 13627659 89100
0 7416 0 0 10244463 7304 13641801 89200
0 7421 0 0 10255472 7308 13655422 89300
0 7427 0 0 10266659 7312 13669153 89400
0 7433 0 0 10277780 7317 13683039 89500
0 7439 0 0 10288835 7325 13696715 89600
0 7445 0 0 10300114 7331 13710622 89700
0 7452 0 0 10311364 7336 13724607 89800
0 7458 0 0 10322576 7342 13738656 89900
0 7465 0 0 10333784 7348 13752649 90000
0 7471 0 0 10344891 7354 13766437 90100
0 7478 0 0 10356148 7361 13780362 90200
0 7484 0 0 10367356 7366 13794236 90300
0 7486 0 0 10378568 7372 13807967 90400
0 7489 0 0 10389561 7375 13821484 90500
0 7492 0 0 10400730 7376 13835413 90600
0 7500 0 0 10411976 7381 13849141 90700
0 7506 0 0 10423361 7386 13863069 90800
0 7514 0 0 10434514 7394 13876850 90900
0 7518 0 0 10445615 7401 13890416 91000
0 7526 0 0 10456949 7408 13904198 91100
0 7530 0 0 10468071 7412 13917934 91200
0 7535 0 0 10479155 7417 13931783 91300
0 7540 0 0 10490492 7423 13945760 91400
0 7546 0 0 10501755 7428 13959639 91500
0 7550 0 0 10513114 7433 13973623 91600
0 7556 0 0 10524215 7437 13987409 91700
0 7562 0 0 10535393 7443 14001346 91800
0 7567 0 0 10546630 7450 14015344 91900
0 7580 0 0 10558019 7457 14029318 92000
0 7586 0 0 10569332 7468 14043287 92100
0 7593 0 0 10580531 7473 14057019 92200
0 7600 0 0 10591721 7480 14070858 92300
0 7604 0 0 10602902 7489 14084700 92400
0 7613 0 0 10614248 7493 14098494 92500
0 7618 0 0 10625418 7501 14112214 92600
0 7627 0 0 10636744 7508 14126138 92700
0 7634 0 0 10647813 7514 14139820 92800
0 7642 0 0 10659228 7522 14153931 92900
0 7649 0 0 10670371 7529 14167812 93000
0 7654 0 0 10681762 7536 14181908 93100
0 7658 0 0 10692987 7543 14195893 93200
0 7664 0 0 10704221 7546 14209831 93300
0 7672 0 0 10715497 7551 14224172 93400
0 7677 0 0 10726785 7559 14238204 93500
0 7686 0 0 10738091 7565 14252551 93600
0 7689 0 0 10749350 7571 14266664 93700
0 7695 0 0 10760705 7578 14280966 93800
0 7704 0 0 10772179 7581 14295277 93900
0 7707 0 0 10783607 7590 14309299 94000
0 7711 0 0 10794753 7595 14322972 94100
0 7719 0 0 10806062 7597 14336836 94200
0 7721 0 0 10817129 7605 14350466 94300
0 7724 0 0 10828378 7608 14364075 94400
0 7731 0 0 10839551 7611 14377812 94500
0 7738 0 0 10850698 7618 14391518 94600
0 7741 0 0 10861796 7625 14404961 94700
0 7751 0 0 10872856 7628 14418265 94800
0 7757 0 0 10883918 7637 14431724 94900
0 7763 0 0 10895075 7643 14445322 95000
0 7772 0 0 10906104 7650 14458922 95100
0 7781 0 0 10917374 7661 14472644 95200
0 7789 0 0 10928523 7669 14486378 95300
0 7801 0 0 10939618 7675 14499968 95400
0 7806 0 0 10950640 7687 14513525 95500
0 7813 0 0 10961918 7692 14527593 95600
0 7823 0 0 10973322 7698 14541780 95700
0 7833 0 0 10984545 7709 14555922 95800
0 7839 0 0 10995897 7719 14570000 95900
0 7844 0 0 11007155 7724 14583957 96000
0 7854 0 0 11018463 7728 14597884 96100
0 7859 0 0 11029734 7739 14611700 96200
0 7868 0 0 11040877 7744 14625393 96300
0 7874 0 0 11052220 7752 14639238 96400
0 7881 0 0 11063603 7759 14653410 96500
0 7888 0 0 11075098 7767 14667581 96600
0 7896 0 0 11086472 7773 14681651 96700
0 7900 0 0 11097788 7780 14695452 96800
0 7908 0 0 11109050 7785 14709277 96900
0 7915 0 0 11120506 7795 14723349 97000
0 7922 0 0 11131697 7800 14737168 97100
0 7926 0 0 11143044 7808 14751061 97200
0 7934 0 0 11154289 7810 14764918 97300
0 7939 0 0 11165721 7818 14779124 97400
0 7944 0 0 11177151 7823 14793241 97500
0 7953 0 0 11188424 7831 14806988 97600
0 7959 0 0 11199757 7841 14820733 97700
0 7963 0 0 11211008 7843 14834526 97800
0 7968 0 0 11222446 7847 14848614 97900
0 7974 0 0 11233820 7855 14862508 98000
0 7980 0 0 11245148 7860 14876492 98100
0 7989 0 0 11256643 7865 14890515 98200
0 7993 0 0 11267767 7873 14904080 98300
0 7999 0 0 11279037 7879 14917962 98400
0 8002 0 0 11290476 7885 14931922 98500
0 8007 0 0 11301657 7888 14945738 98600
0 8012 0 0 11312946 7892 14959539 98700
0 8017 0 0 11324401 7896 14973651 98800
0 8018 0 0 11335811 7901 14987728 98900
0 8027 0 0 11347095 7904 15001619 99000
0 8030 0 0 11358401 7914 15015496 99100
0 8035 0 0 11369660 7915 15029354 99200
0 8039 0 0 11380864 7919 15043071 99300
0 8042 0 0 11392199 7922 15056819 99400
0 8047 0 0 11403390 7927 15070438 99500
0 8050 0 0 11414426 7931 15083904 99600
0 8056 0 0 11425602 7935 15097475 99700
0 8061 0 0 11436754 7941 15111154 99800
0 8068 0 0 11447958 7949 15124792 99900
