0 0 4 0 0 0
0 0 4 0 0 100
0 0 7 0 0 200
0 0 8 0 0 300
0 0 9 0 0 400
0 0 12 0 0 500
0 0 13 0 0 600
0 0 16 0 0 700
0 0 18 0 0 800
0 0 20 0 0 900
0 0 26 0 0 1000
0 0 32 0 0 1100
0 0 36 0 0 1200
0 0 39 0 0 1300
0 0 48 0 0 1400
0 0 53 0 0 1500
0 0 64 0 0 1600
0 0 75 0 0 1700
0 0 90 0 0 1800
0 0 103 0 0 1900
0 0 111 0 0 2000
1 0 124 0 0 2100
1 0 138 0 0 2200
1 0 148 0 0 2300
1 0 160 0 0 2400
1 0 171 0 0 2500
1 0 183 0 0 2600
1 0 194 0 0 2700
2 0 207 0 0 2800
2 0 224 0 0 2900
2 0 239 0 0 3000
2 0 254 0 0 3100
2 0 264 0 0 3200
2 0 281 0 0 3300
2 0 298 0 0 3400
2 0 321 0 0 3500
2 0 340 0 0 3600
2 0 358 0 0 3700
2 0 380 0 0 3800
3 0 393 0 0 3900
3 0 411 0 0 4000
3 0 424 0 0 4100
3 0 443 0 0 4200
3 0 452 0 0 4300
5 0 472 0 0 4400
5 0 487 0 0 4500
6 0 499 0 0 4600
7 0 524 0 0 4700
8 0 534 0 0 4800
8 0 550 0 0 4900
9 0 565 0 0 5000
9 0 576 0 0 5100
10 0 582 0 0 5200
10 0 592 0 0 5300
11 0 610 0 0 5400
11 0 620 0 0 5500
11 0 628 0 0 5600
12 0 638 0 0 5700
12 0 648 0 0 5800
12 0 660 0 0 5900
12 0 675 0 0 6000
13 0 684 0 0 6100
14 0 696 0 0 6200
14 0 712 0 0 6300
14 0 720 0 0 6400
14 0 740 0 0 6500
14 0 750 0 0 6600
16 0 765 0 0 6700
18 0 776 0 0 6800
18 0 789 0 0 6900
20 0 804 0 0 7000
22 0 815 0 0 7100
25 0 828 0 0 7200
26 0 840 0 0 7300
27 0 857 0 0 7400
28 0 871 0 0 7500
29 0 882 0 0 7600
30 0 895 0 0 7700
30 0 905 0 0 7800
31 0 916 0 0 7900
31 0 927 0 0 8000
33 0 941 0 0 8100
34 0 955 0 0 8200
35 0 974 0 0 8300
35 0 986 0 0 8400
36 0 1001 0 0 8500
37 0 1013 0 0 8600
40 0 1026 0 0 8700
42 0 1043 0 0 8800
42 0 1057 0 0 8900
42 0 1066 0 0 9000
43 0 1080 0 0 9100
43 0 1095 0 0 9200
43 0 1108 0 0 9300
45 0 1117 0 0 9400
45 0 1129 0 0 9500
45 0 1145 0 0 9600
48 0 1152 0 0 9700
49 0 1165 0 0 9800
49 0 1175 0 0 9900
50 0 1184 0 0 10000
50 0 1199 0 0 10100
51 0 1206 0 0 10200
51 0 1214 0 0 10300
51 0 1229 0 0 10400
52 0 1235 0 0 10500
53 0 1248 0 0 10600
55 0 1260 0 0 10700
57 0 1268 0 0 10800
59 0 1279 0 0 10900
59 0 1293 0 0 11000
61 0 1308 0 0 11100
61 0 1318 0 0 11200
61 0 1329 0 0 11300
62 0 1337 0 0 11400
63 0 1354 0 0 11500
63 0 1362 0 0 11600
63 0 1375 0 0 11700
63 0 1388 0 0 11800
63 0 1402 0 0 11900
64 0 1410 0 0 12000
65 0 1428 0 0 12100
65 0 1437 0 0 12200
65 0 1451 0 0 12300
66 0 1461 0 0 12400
66 0 1473 0 0 12500
66 0 1490 0 0 12600
67 0 1502 0 0 12700
67 0 1509 0 0 12800
69 0 1524 0 0 12900
69 0 1533 0 0 13000
69 0 1544 0 0 13100
69 0 1552 0 0 13200
71 0 1561 0 0 13300
72 0 1579 0 0 13400
73 0 1585 0 0 13500
75 0 1598 0 0 13600
75 0 1610 0 0 13700
75 0 1622 0 0 13800
76 0 1630 0 0 13900
77 0 1647 0 0 14000
78 0 1654 0 0 14100
78 0 1665 0 0 14200
79 0 1675 0 0 14300
80 0 1683 0 0 14400
80 0 1694 0 0 14500
80 0 1708 0 0 14600
82 0 1717 0 0 14700
82 0 1727 0 0 14800
83 0 1739 0 0 14900
84 0 1746 0 0 15000
84 0 1754 0 0 15100
84 0 1760 0 0 15200
85 0 1772 0 0 15300
85 0 1777 0 0 15400
85 0 1785 0 0 15500
85 0 1797 0 0 15600
85 0 1809 0 0 15700
87 0 1824 0 0 15800
88 0 1832 0 0 15900
88 0 1840 0 0 16000
88 0 1849 0 0 16100
89 0 1862 0 0 16200
90 0 1874 0 0 16300
90 0 1886 0 0 16400
92 0 1893 0 0 16500
92 0 1903 0 0 16600
93 0 1908 0 0 16700
94 0 1925 0 0 16800
95 0 1932 0 0 16900
96 0 1949 0 0 17000
96 0 1957 0 0 17100
97 0 1964 0 0 17200
97 0 1971 0 0 17300
98 0 1980 0 0 17400
98 0 1987 0 0 17500
98 0 1993 0 0 17600
99 0 2003 0 0 17700
100 0 2010 0 0 17800
100 0 2019 0 0 17900
100 0 2025 0 0 18000
101 0 2031 0 0 18100
101 0 2042 0 0 18200
102 0 2050 0 0 18300
103 0 2055 0 0 18400
103 0 2063 0 0 18500
103 0 2068 0 0 18600
103 0 2078 0 0 18700
104 0 2086 0 0 18800
105 0 2092 0 0 18900
105 0 2101 0 0 19000
105 0 2114 0 0 19100
105 0 2121 0 0 19200
106 0 2126 0 0 19300
106 0 2136 0 0 19400
106 0 2144 0 0 19500
107 0 2150 0 0 19600
107 0 2158 0 0 19700
107 0 2167 0 0 19800
107 0 2177 0 0 19900
107 0 2187 0 0 20000
107 0 2199 0 0 20100
107 0 2208 0 0 20200
109 0 2219 0 0 20300
109 0 2228 0 0 20400
110 0 2234 0 0 20500
111 0 2246 0 0 20600
111 0 2254 0 0 20700
112 0 2262 0 0 20800
112 0 2269 0 0 20900
114 0 2278 0 0 21000
114 0 2285 0 0 21100
114 0 2293 0 0 21200
114 0 2304 0 0 21300
114 0 2311 0 0 21400
115 0 2318 0 0 21500
115 0 2329 0 0 21600
115 0 2339 0 0 21700
115 0 2347 0 0 21800
115 0 2359 0 0 21900
115 0 2365 0 0 22000
117 0 2372 0 0 22100
117 0 2379 0 0 22200
117 0 2390 0 0 22300
119 0 2399 0 0 22400
120 0 2407 0 0 22500
121 0 2420 0 0 22600
121 0 2429 0 0 22700
121 0 2441 0 0 22800
123 0 2443 0 0 22900
123 0 2449 0 0 23000
123 0 2456 0 0 23100
123 0 2464 0 0 23200
124 0 2471 0 0 23300
124 0 2481 0 0 23400
125 0 2489 0 0 23500
125 0 2492 0 0 23600
125 0 2502 0 0 23700
125 0 2507 0 0 23800
125 0 2515 0 0 23900
125 0 2523 0 0 24000
126 0 2536 0 0 24100
126 0 2540 0 0 24200
126 0 2552 0 0 24300
129 0 2558 0 0 24400
129 0 2563 0 0 24500
131 0 2572 0 0 24600
131 0 2579 0 0 24700
131 0 2589 0 0 24800
132 0 2602 0 0 24900
133 0 2610 0 0 25000
133 0 2626 0 0 25100
133 0 2635 0 0 25200
135 0 2642 0 0 25300
137 0 2651 0 0 25400
137 0 2660 0 0 25500
138 0 2666 0 0 25600
138 0 2674 0 0 25700
140 0 2683 0 0 25800
140 0 2690 0 0 25900
140 0 2699 0 0 26000
140 0 2710 0 0 26100
141 0 2719 0 0 26200
141 0 2725 0 0 26300
143 0 2737 0 0 26400
143 0 2748 0 0 26500
143 0 2756 0 0 26600
144 0 2766 0 0 26700
144 0 2774 0 0 26800
144 0 2785 0 0 26900
145 0 2793 0 0 27000
146 0 2801 0 0 27100
148 0 2805 0 0 27200
149 0 2815 0 0 27300
149 0 2821 0 0 27400
150 0 2830 0 0 27500
151 0 2839 0 0 27600
152 0 2845 0 0 27700
153 0 2855 0 0 27800
153 0 2863 0 0 27900
154 0 2869 0 0 28000
154 0 2879 0 0 28100
155 0 2887 0 0 28200
155 0 2898 0 0 28300
156 0 2908 0 0 28400
157 0 2915 0 0 28500
158 0 2919 0 0 28600
158 0 2927 0 0 28700
158 0 2928 0 0 28800
158 0 2937 0 0 28900
158 0 2942 0 0 29000
159 0 2951 0 0 29100
160 0 2954 0 0 29200
161 0 2963 0 0 29300
163 0 2970 0 0 29400
164 0 2974 0 0 29500
167 0 2977 0 0 29600
167 0 2986 0 0 29700
169 0 2990 0 0 29800
170 0 2993 0 0 29900
170 0 3001 0 0 30000
171 0 3008 0 0 30100
171 0 3017 0 0 30200
171 0 3023 0 0 30300
171 0 3028 0 0 30400
171 0 3032 0 0 30500
171 0 3037 0 0 30600
173 0 3044 0 0 30700
174 0 3046 0 0 30800
174 0 3055 0 0 30900
174 0 3056 0 0 31000
175 0 3064 0 0 31100
175 0 3066 0 0 31200
175 0 3076 0 0 31300
175 0 3083 0 0 31400
175 0 3088 0 0 31500
175 0 3092 0 0 31600
175 0 3100 0 0 31700
176 0 3108 0 0 31800
177 0 3116 0 0 31900
178 0 3120 0 0 32000
178 0 3132 0 0 32100
178 0 3137 0 0 32200
178 0 3145 0 0 32300
180 0 3153 0 0 32400
180 0 3158 0 0 32500
180 0 3161 0 0 32600
181 0 3166 0 0 32700
181 0 3169 0 0 32800
181 0 3171 0 0 32900
182 0 3180 0 0 33000
183 0 3184 0 0 33100
183 0 3188 0 0 33200
183 0 3198 0 0 33300
183 0 3205 0 0 33400
183 0 3213 0 0 33500
184 0 3219 0 0 33600
184 0 3226 0 0 33700
184 0 3234 0 0 33800
184 0 3240 0 0 33900
184 0 3249 0 0 34000
186 0 3253 0 0 34100
186 0 3258 0 0 34200
186 0 3263 0 0 34300
188 0 3271 0 0 34400
188 0 3277 0 0 34500
190 0 3287 0 0 34600
190 0 3297 0 0 34700
190 0 3302 0 0 34800
191 0 3309 0 0 34900
192 0 3313 0 0 35000
193 0 3319 0 0 35100
193 0 3326 0 0 35200
195 0 3332 0 0 35300
196 0 3335 0 0 35400
197 0 3341 0 0 35500
197 0 3347 0 0 35600
198 0 3352 0 0 35700
199 0 3360 0 0 35800
201 0 3369 0 0 35900
202 0 3376 0 0 36000
202 0 3385 0 0 36100
202 0 3394 0 0 36200
202 0 3400 0 0 36300
203 0 3410 0 0 36400
203 0 3416 0 0 36500
204 0 3424 0 0 36600
204 0 3427 0 0 36700
205 0 3433 0 0 36800
205 0 3438 0 0 36900
205 0 3445 0 0 37000
205 0 3453 0 0 37100
205 0 3460 0 0 37200
205 0 3469 0 0 37300
206 0 3475 0 0 37400
208 0 3486 0 0 37500
209 0 3492 0 0 37600
209 0 3497 0 0 37700
209 0 3506 0 0 37800
209 0 3510 0 0 37900
210 0 3514 0 0 38000
211 0 3520 0 0 38100
211 0 3525 0 0 38200
212 0 3531 0 0 38300
212 0 3539 0 0 38400
212 0 3549 0 0 38500
214 0 3555 0 0 38600
215 0 3563 0 0 38700
216 0 3572 0 0 38800
217 0 3579 0 0 38900
217 0 3592 0 0 39000
217 0 3598 0 0 39100
217 0 3604 0 0 39200
218 0 3610 0 0 39300
218 0 3616 0 0 39400
218 0 3623 0 0 39500
218 0 3626 0 0 39600
218 0 3634 0 0 39700
218 0 3641 0 0 39800
218 0 3643 0 0 39900
218 0 3646 0 0 40000
218 0 3654 0 0 40100
218 0 3660 0 0 40200
218 0 3664 0 0 40300
219 0 3670 0 0 40400
219 0 3678 0 0 40500
219 0 3686 0 0 40600
219 0 3692 0 0 40700
219 0 3701 0 0 40800
219 0 3711 0 0 40900
221 0 3716 0 0 41000
221 0 3724 0 0 41100
221 0 3727 0 0 41200
221 0 3732 0 0 41300
221 0 3740 0 0 41400
221 0 3746 0 0 41500
223 0 3752 0 0 41600
225 0 3757 0 0 41700
227 0 3769 0 0 41800
227 0 3774 0 0 41900
227 0 3780 0 0 42000
227 0 3785 0 0 42100
229 0 3794 0 0 42200
229 0 3797 0 0 42300
230 0 3804 0 0 42400
230 0 3810 0 0 42500
231 0 3817 0 0 42600
231 0 3821 0 0 42700
233 0 3830 0 0 42800
234 0 3835 0 0 42900
235 0 3840 0 0 43000
235 0 3847 0 0 43100
237 0 3851 0 0 43200
237 0 3858 0 0 43300
241 0 3864 0 0 43400
242 0 3867 0 0 43500
243 0 3870 0 0 43600
244 0 3874 0 0 43700
245 0 3879 0 0 43800
245 0 3888 0 0 43900
245 0 3893 0 0 44000
245 0 3901 0 0 44100
245 0 3907 0 0 44200
247 0 3914 0 0 44300
247 0 3917 0 0 44400
248 0 3923 0 0 44500
249 0 3928 0 0 44600
249 0 3933 0 0 44700
250 0 3939 0 0 44800
250 0 3945 0 0 44900
250 0 3950 0 0 45000
252 0 3956 0 0 45100
252 0 3965 0 0 45200
252 0 3970 0 0 45300
252 0 3979 0 0 45400
252 0 3982 0 0 45500
253 0 3991 0 0 45600
255 0 3999 0 0 45700
256 0 4008 0 0 45800
256 0 4011 0 0 45900
256 0 4018 0 0 46000
256 0 4026 0 0 46100
257 0 4030 0 0 46200
257 0 4039 0 0 46300
258 0 4046 0 0 46400
259 0 4054 0 0 46500
259 0 4064 0 0 46600
259 0 4070 0 0 46700
259 0 4075 0 0 46800
260 0 4083 0 0 46900
260 0 4093 0 0 47000
260 0 4104 0 0 47100
261 0 4116 0 0 47200
261 0 4119 0 0 47300
263 0 4130 0 0 47400
264 0 4141 0 0 47500
264 0 4144 0 0 47600
264 0 4151 0 0 47700
264 0 4156 0 0 47800
265 0 4161 0 0 47900
266 0 4170 0 0 48000
267 0 4178 0 0 48100
267 0 4180 0 0 48200
267 0 4186 0 0 48300
267 0 4195 0 0 48400
268 0 4205 0 0 48500
268 0 4217 0 0 48600
268 0 4228 0 0 48700
268 0 4241 0 0 48800
269 0 4253 0 0 48900
269 0 4264 0 0 49000
269 0 4270 0 0 49100
270 0 4277 0 0 49200
271 0 4283 0 0 49300
272 0 4286 0 0 49400
273 0 4293 0 0 49500
274 0 4303 0 0 49600
274 0 4306 0 0 49700
275 0 4315 0 0 49800
275 0 4318 0 0 49900
275 0 4327 0 0 50000
275 0 4331 0 0 50100
275 0 4338 0 0 50200
277 0 4345 0 0 50300
277 0 4352 0 0 50400
278 0 4356 0 0 50500
278 0 4365 0 0 50600
280 0 4369 0 0 50700
280 0 4381 0 0 50800
282 0 4388 0 0 50900
283 0 4397 0 0 51000
285 0 4401 0 0 51100
285 0 4403 0 0 51200
286 0 4412 0 0 51300
286 0 4423 0 0 51400
287 0 4429 0 0 51500
288 0 4437 0 0 51600
288 0 4442 0 0 51700
288 0 4451 0 0 51800
289 0 4459 0 0 51900
289 0 4467 0 0 52000
289 0 4476 0 0 52100
290 0 4485 0 0 52200
290 0 4491 0 0 52300
291 0 4498 0 0 52400
291 0 4505 0 0 52500
292 0 4510 0 0 52600
293 0 4519 0 0 52700
293 0 4524 0 0 52800
295 0 4531 0 0 52900
296 0 4537 0 0 53000
299 0 4541 0 0 53100
300 0 4546 0 0 53200
302 0 4558 0 0 53300
304 0 4565 0 0 53400
304 0 4572 0 0 53500
304 0 4578 0 0 53600
305 0 4585 0 0 53700
307 0 4589 0 0 53800
307 0 4592 0 0 53900
308 0 4597 0 0 54000
308 0 4604 0 0 54100
308 0 4608 0 0 54200
308 0 4614 0 0 54300
309 0 4618 0 0 54400
311 0 4626 0 0 54500
311 0 4627 0 0 54600
312 0 4632 0 0 54700
312 0 4639 0 0 54800
314 0 4641 0 0 54900
314 0 4646 0 0 55000
314 0 4650 0 0 55100
316 0 4656 0 0 55200
317 0 4666 0 0 55300
317 0 4671 0 0 55400
317 0 4673 0 0 55500
318 0 4680 0 0 55600
318 0 4681 0 0 55700
318 0 4686 0 0 55800
318 0 4689 0 0 55900
318 0 4696 0 0 56000
318 0 4701 0 0 56100
318 0 4710 0 0 56200
318 0 4717 0 0 56300
318 0 4721 0 0 56400
318 0 4725 0 0 56500
318 0 4729 0 0 56600
318 0 4734 0 0 56700
318 0 4741 0 0 56800
319 0 4748 0 0 56900
319 0 4753 0 0 57000
319 0 4756 0 0 57100
319 0 4758 0 0 57200
322 0 4761 0 0 57300
324 0 4765 0 0 57400
325 0 4769 0 0 57500
325 0 4779 0 0 57600
325 0 4782 0 0 57700
327 0 4786 0 0 57800
327 0 4791 0 0 57900
327 0 4798 0 0 58000
328 0 4799 0 0 58100
328 0 4806 0 0 58200
330 0 4815 0 0 58300
330 0 4818 0 0 58400
331 0 4823 0 0 58500
331 0 4827 0 0 58600
332 0 4829 0 0 58700
332 0 4839 0 0 58800
332 0 4845 0 0 58900
332 0 4852 0 0 59000
332 0 4854 0 0 59100
333 0 4860 0 0 59200
334 0 4864 0 0 59300
334 0 4872 0 0 59400
335 0 4877 0 0 59500
335 0 4881 0 0 59600
336 0 4886 0 0 59700
336 0 4892 0 0 59800
336 0 4896 0 0 59900
336 0 4906 0 0 60000
337 0 4913 0 0 60100
337 0 4920 0 0 60200
338 0 4925 0 0 60300
338 0 4930 0 0 60400
339 0 4936 0 0 60500
340 0 4942 0 0 60600
341 0 4947 0 0 60700
341 0 4949 0 0 60800
341 0 4954 0 0 60900
341 0 4957 0 0 61000
344 0 4959 0 0 61100
345 0 4962 0 0 61200
346 0 4963 0 0 61300
346 0 4966 0 0 61400
348 0 4969 0 0 61500
348 0 4972 0 0 61600
349 0 4974 0 0 61700
349 0 4977 0 0 61800
349 0 4981 0 0 61900
351 0 4989 0 0 62000
352 0 4993 0 0 62100
353 0 4995 0 0 62200
356 0 5004 0 0 62300
357 0 5008 0 0 62400
358 0 5012 0 0 62500
361 0 5017 0 0 62600
361 0 5019 0 0 62700
364 0 5025 0 0 62800
364 0 5028 0 0 62900
365 0 5032 0 0 63000
368 0 5037 0 0 63100
368 0 5042 0 0 63200
369 0 5046 0 0 63300
369 0 5053 0 0 63400
370 0 5055 0 0 63500
372 0 5058 0 0 63600
373 0 5066 0 0 63700
373 0 5070 0 0 63800
374 0 5072 0 0 63900
374 0 5075 0 0 64000
375 0 5076 0 0 64100
375 0 5086 0 0 64200
375 0 5088 0 0 64300
375 0 5094 0 0 64400
377 0 5099 0 0 64500
377 0 5103 0 0 64600
377 0 5108 0 0 64700
380 0 5111 0 0 64800
380 0 5113 0 0 64900
380 0 5114 0 0 65000
382 0 5117 0 0 65100
382 0 5121 0 0 65200
382 0 5126 0 0 65300
383 0 5132 0 0 65400
384 0 5135 0 0 65500
384 0 5140 0 0 65600
384 0 5148 0 0 65700
384 0 5152 0 0 65800
384 0 5160 0 0 65900
384 0 5165 0 0 66000
384 0 5173 0 0 66100
384 0 5177 0 0 66200
384 0 5183 0 0 66300
385 0 5188 0 0 66400
386 0 5192 0 0 66500
387 0 5196 0 0 66600
388 0 5201 0 0 66700
388 0 5206 0 0 66800
389 0 5210 0 0 66900
389 0 5214 0 0 67000
390 0 5217 0 0 67100
390 0 5222 0 0 67200
391 0 5230 0 0 67300
392 0 5234 0 0 67400
392 0 5241 0 0 67500
392 0 5244 0 0 67600
392 0 5255 0 0 67700
392 0 5258 0 0 67800
393 0 5265 0 0 67900
395 0 5269 0 0 68000
396 0 5271 0 0 68100
398 0 5274 0 0 68200
399 0 5278 0 0 68300
399 0 5283 0 0 68400
402 0 5291 0 0 68500
402 0 5295 0 0 68600
402 0 5303 0 0 68700
403 0 5308 0 0 68800
403 0 5315 0 0 68900
404 0 5323 0 0 69000
404 0 5328 0 0 69100
405 0 5335 0 0 69200
406 0 5339 0 0 69300
406 0 5347 0 0 69400
406 0 5351 0 0 69500
406 0 5355 0 0 69600
406 0 5359 0 0 69700
408 0 5362 0 0 69800
409 0 5369 0 0 69900
409 0 5372 0 0 70000
409 0 5374 0 0 70100
410 0 5380 0 0 70200
412 0 5385 0 0 70300
412 0 5390 0 0 70400
413 0 5392 0 0 70500
415 0 5397 0 0 70600
416 0 5400 0 0 70700
418 0 5408 0 0 70800
419 0 5415 0 0 70900
420 0 5424 0 0 71000
421 0 5431 0 0 71100
421 0 5436 0 0 71200
422 0 5440 0 0 71300
423 0 5444 0 0 71400
424 0 5450 0 0 71500
425 0 5453 0 0 71600
427 0 5457 0 0 71700
428 0 5458 0 0 71800
428 0 5464 0 0 71900
428 0 5467 0 0 72000
430 0 5472 0 0 72100
431 0 5478 0 0 72200
432 0 5481 0 0 72300
432 0 5488 0 0 72400
434 0 5494 0 0 72500
434 0 5499 0 0 72600
435 0 5504 0 0 72700
436 0 5513 0 0 72800
439 0 5515 0 0 72900
439 0 5520 0 0 73000
440 0 5529 0 0 73100
441 0 5531 0 0 73200
441 0 5539 0 0 73300
442 0 5542 0 0 73400
442 0 5545 0 0 73500
443 0 5551 0 0 73600
443 0 5555 0 0 73700
444 0 5557 0 0 73800
445 0 5562 0 0 73900
446 0 5566 0 0 74000
448 0 5569 0 0 74100
449 0 5574 0 0 74200
449 0 5575 0 0 74300
450 0 5579 0 0 74400
451 0 5583 0 0 74500
453 0 5589 0 0 74600
455 0 5591 0 0 74700
456 0 5598 0 0 74800
457 0 5605 0 0 74900
457 0 5609 0 0 75000
459 0 5616 0 0 75100
460 0 5621 0 0 75200
460 0 5626 0 0 75300
460 0 5635 0 0 75400
461 0 5635 0 0 75500
462 0 5640 0 0 75600
462 0 5644 0 0 75700
464 0 5648 0 0 75800
464 0 5654 0 0 75900
465 0 5655 0 0 76000
465 0 5661 0 0 76100
466 0 5666 0 0 76200
466 0 5673 0 0 76300
466 0 5675 0 0 76400
467 0 5681 0 0 76500
468 0 5689 0 0 76600
470 0 5695 0 0 76700
472 0 5702 0 0 76800
473 0 5704 0 0 76900
473 0 5710 0 0 77000
473 0 5714 0 0 77100
473 0 5719 0 0 77200
474 0 5725 0 0 77300
474 0 5732 0 0 77400
474 0 5738 0 0 77500
476 0 5743 0 0 77600
476 0 5745 0 0 77700
476 0 5754 0 0 77800
476 0 5756 0 0 77900
477 0 5763 0 0 78000
478 0 5768 0 0 78100
478 0 5770 0 0 78200
480 0 5775 0 0 78300
480 0 5780 0 0 78400
481 0 5781 0 0 78500
481 0 5786 0 0 78600
481 0 5789 0 0 78700
482 0 5794 0 0 78800
484 0 5799 0 0 78900
484 0 5800 0 0 79000
484 0 5813 0 0 79100
485 0 5816 0 0 79200
485 0 5822 0 0 79300
486 0 5826 0 0 79400
486 0 5829 0 0 79500
486 0 5833 0 0 79600
486 0 5835 0 0 79700
486 0 5839 0 0 79800
486 0 5841 0 0 79900
486 0 5844 0 0 80000
487 0 5847 0 0 80100
487 0 5848 0 0 80200
487 0 5851 0 0 80300
487 0 5853 0 0 80400
487 0 5855 0 0 80500
487 0 5862 0 0 80600
487 0 5866 0 0 80700
488 0 5868 0 0 80800
489 0 5872 0 0 80900
489 0 5874 0 0 81000
489 0 5877 0 0 81100
489 0 5879 0 0 81200
490 0 5883 0 0 81300
491 0 5887 0 0 81400
492 0 5890 0 0 81500
492 0 5897 0 0 81600
494 0 5899 0 0 81700
495 0 5902 0 0 81800
496 0 5907 0 0 81900
497 0 5911 0 0 82000
497 0 5916 0 0 82100
498 0 5921 0 0 82200
498 0 5924 0 0 82300
500 0 5927 0 0 82400
500 0 5933 0 0 82500
500 0 5937 0 0 82600
501 0 5940 0 0 82700
502 0 5945 0 0 82800
503 0 5950 0 0 82900
503 0 5951 0 0 83000
503 0 5955 0 0 83100
503 0 5960 0 0 83200
504 0 5963 0 0 83300
505 0 5966 0 0 83400
505 0 5973 0 0 83500
505 0 5978 0 0 83600
506 0 5982 0 0 83700
506 0 5984 0 0 83800
507 0 5986 0 0 83900
509 0 5991 0 0 84000
509 0 5996 0 0 84100
509 0 5997 0 0 84200
510 0 6004 0 0 84300
510 0 6007 0 0 84400
511 0 6012 0 0 84500
513 0 6014 0 0 84600
514 0 6017 0 0 84700
514 0 6021 0 0 84800
514 0 6026 0 0 84900
514 0 6027 0 0 85000
514 0 6032 0 0 85100
514 0 6033 0 0 85200
514 0 6037 0 0 85300
515 0 6040 0 0 85400
515 0 6043 0 0 85500
515 0 6046 0 0 85600
515 0 6048 0 0 85700
516 0 6050 0 0 85800
516 0 6052 0 0 85900
517 0 6054 0 0 86000
517 0 6059 0 0 86100
517 0 6063 0 0 86200
519 0 6069 0 0 86300
521 0 6071 0 0 86400
521 0 6072 0 0 86500
522 0 6075 0 0 86600
523 0 6080 0 0 86700
527 0 6083 0 0 86800
527 0 6086 0 0 86900
528 0 6089 0 0 87000
528 0 6094 0 0 87100
528 0 6101 0 0 87200
528 0 6107 0 0 87300
529 0 6112 0 0 87400
530 0 6118 0 0 87500
531 0 6119 0 0 87600
531 0 6125 0 0 87700
532 0 6129 0 0 87800
532 0 6135 0 0 87900
532 0 6138 0 0 88000
533 0 6141 0 0 88100
533 0 6148 0 0 88200
534 0 6149 0 0 88300
536 0 6158 0 0 88400
536 0 6160 0 0 88500
536 0 6163 0 0 88600
536 0 6167 0 0 88700
536 0 6174 0 0 88800
537 0 6177 0 0 88900
540 0 6180 0 0 89000
542 0 6180 0 0 89100
543 0 6183 0 0 89200
544 0 6187 0 0 89300
544 0 6189 0 0 89400
544 0 6192 0 0 89500
545 0 6197 0 0 89600
546 0 6200 0 0 89700
547 0 6204 0 0 89800
547 0 6209 0 0 89900
547 0 6212 0 0 90000
548 0 6217 0 0 90100
549 0 6221 0 0 90200
550 0 6226 0 0 90300
550 0 6233 0 0 90400
550 0 6240 0 0 90500
551 0 6241 0 0 90600
551 0 6244 0 0 90700
552 0 6251 0 0 90800
553 0 6254 0 0 90900
553 0 6259 0 0 91000
555 0 6263 0 0 91100
555 0 6266 0 0 91200
555 0 6273 0 0 91300
557 0 6277 0 0 91400
558 0 6282 0 0 91500
559 0 6287 0 0 91600
562 0 6294 0 0 91700
563 0 6296 0 0 91800
564 0 6300 0 0 91900
564 0 6310 0 0 92000
565 0 6315 0 0 92100
566 0 6322 0 0 92200
566 0 6327 0 0 92300
568 0 6332 0 0 92400
568 0 6338 0 0 92500
569 0 6344 0 0 92600
569 0 6346 0 0 92700
569 0 6350 0 0 92800
569 0 6354 0 0 92900
569 0 6363 0 0 93000
570 0 6368 0 0 93100
570 0 6373 0 0 93200
570 0 6377 0 0 93300
571 0 6381 0 0 93400
572 0 6385 0 0 93500
574 0 6391 0 0 93600
574 0 6395 0 0 93700
576 0 6399 0 0 93800
576 0 6400 0 0 93900
576 0 6405 0 0 94000
576 0 6408 0 0 94100
576 0 6410 0 0 94200
577 0 6415 0 0 94300
577 0 6423 0 0 94400
578 0 6426 0 0 94500
578 0 6432 0 0 94600
578 0 6436 0 0 94700
578 0 6442 0 0 94800
580 0 6443 0 0 94900
580 0 6447 0 0 95000
581 0 6449 0 0 95100
582 0 6454 0 0 95200
584 0 6460 0 0 95300
584 0 6463 0 0 95400
584 0 6469 0 0 95500
584 0 6475 0 0 95600
584 0 6479 0 0 95700
584 0 6481 0 0 95800
584 0 6482 0 0 95900
584 0 6489 0 0 96000
584 0 6492 0 0 96100
584 0 6497 0 0 96200
584 0 6502 0 0 96300
584 0 6505 0 0 96400
584 0 6509 0 0 96500
585 0 6513 0 0 96600
585 0 6522 0 0 96700
585 0 6529 0 0 96800
586 0 6533 0 0 96900
587 0 6538 0 0 97000
587 0 6545 0 0 97100
587 0 6548 0 0 97200
588 0 6553 0 0 97300
588 0 6559 0 0 97400
589 0 6565 0 0 97500
589 0 6570 0 0 97600
589 0 6572 0 0 97700
591 0 6575 0 0 97800
592 0 6577 0 0 97900
593 0 6580 0 0 98000
593 0 6583 0 0 98100
593 0 6589 0 0 98200
594 0 6592 0 0 98300
594 0 6594 0 0 98400
595 0 6598 0 0 98500
596 0 6601 0 0 98600
598 0 6604 0 0 98700
599 0 6607 0 0 98800
599 0 6610 0 0 98900
599 0 6615 0 0 99000
600 0 6617 0 0 99100
600 0 6622 0 0 99200
601 0 6625 0 0 99300
601 0 6629 0 0 99400
602 0 6631 0 0 99500
602 0 6634 0 0 99600
603 0 6636 0 0 99700
603 0 6642 0 0 99800
604 0 6644 0 0 99900
