0 0 0 0 0 0 0 0
0 14 0 0 4898 0 4956 100
0 19 0 0 11405 9 11555 200
0 23 0 0 14765 16 14986 300
0 31 0 0 19442 19 19712 400
0 34 0 0 24984 26 25306 500
0 39 0 0 31385 30 31782 600
0 42 0 0 38375 34 38896 700
0 46 0 0 46198 36 46927 800
0 50 0 0 54382 42 55475 900
0 52 0 0 62927 45 64519 1000
0 58 0 0 71855 49 74158 1100
0 61 0 0 81175 53 84446 1200
0 69 0 0 90747 55 95285 1300
0 77 0 0 100732 66 106836 1400
0 88 0 0 110801 70 118858 1500
0 100 0 0 121118 80 131491 1600
0 113 0 0 131644 93 144674 1700
0 125 0 0 142307 105 158256 1800
0 139 0 0 153212 116 172354 1900
0 160 0 0 164286 132 187011 2000
0 176 0 0 175419 148 202049 2100
0 194 0 0 186771 166 217567 2200
0 207 0 0 198157 181 233672 2300
0 227 0 0 209700 196 250092 2400
0 243 0 0 221216 217 266795 2500
0 267 0 0 232904 233 283979 2600
0 284 0 0 244488 252 301311 2700
0 310 0 0 256338 274 318800 2800
0 332 0 0 268032 297 336329 2900
0 356 0 0 279897 317 353884 3000
0 384 0 0 291649 342 371563 3100
0 410 0 0 303436 369 389655 3200
0 426 0 0 315502 395 408089 3300
0 449 0 0 327661 410 427073 3400
0 467 0 0 339782 432 445893 3500
0 490 0 0 351990 446 464620 3600
0 505 0 0 364174 466 483221 3700
0 522 0 0 376442 486 502018 3800
0 546 0 0 388747 508 520856 3900
0 559 0 0 400941 525 539162 4000
0 573 0 0 413007 536 557475 4100
0 582 0 0 425168 548 575875 4200
0 597 0 0 437500 560 594533 4300
0 620 0 0 449509 575 613214 4400
0 626 0 0 461671 596 631845 4500
0 651 0 0 473797 604 650454 4600
0 669 0 0 486016 621 669112 4700
0 683 0 0 498326 646 688058 4800
0 695 0 0 510471 657 707064 4900
0 715 0 0 522788 669 726385 5000
0 728 0 0 535152 685 745827 5100
0 742 0 0 547398 699 764848 5200
0 757 0 0 559767 712 784131 5300
0 771 0 0 571915 724 803004 5400
0 788 0 0 584111 738 821842 5500
0 809 0 0 596312 754 840526 5600
0 825 0 0 608437 776 859323 5700
0 844 0 0 620527 793 878246 5800
0 855 0 0 632785 810 897535 5900
0 867 0 0 645082 818 916886 6000
0 875 0 0 657325 828 935922 6100
0 887 0 0 669682 840 955093 6200
0 903 0 0 682017 855 973959 6300
0 918 0 0 694175 866 992734 6400
0 934 0 0 706552 880 1011635 6500
0 945 0 0 718732 896 1030353 6600
0 958 0 0 731132 910 1049780 6700
0 980 0 0 743630 924 1069398 6800
0 996 0 0 756112 941 1089052 6900
0 1011 0 0 768445 958 1108895 7000
0 1030 0 0 780878 972 1128423 7100
0 1048 0 0 793341 993 1148251 7200
0 1065 0 0 805811 1011 1168247 7300
0 1085 0 0 818342 1025 1188414 7400
0 1099 0 0 830963 1044 1208562 7500
0 1117 0 0 843469 1058 1228378 7600
0 1134 0 0 855861 1075 1247946 7700
0 1147 0 0 868170 1095 1267533 7800
0 1170 0 0 880668 1108 1287413 7900
0 1189 0 0 893133 1131 1307180 8000
0 1207 0 0 905506 1150 1326398 8100
0 1229 0 0 917852 1164 1345799 8200
0 1242 0 0 930268 1186 1365096 8300
0 1260 0 0 942585 1200 1384153 8400
0 1272 0 0 954993 1216 1402984 8500
0 1293 0 0 967279 1234 1421620 8600
0 1305 0 0 979427 1246 1439918 8700
0 1323 0 0 991653 1263 1458490 8800
0 1337 0 0 1003703 1274 1476812 8900
0 1354 0 0 1015939 1292 1495603 9000
0 1367 0 0 1028095 1308 1514225 9100
0 1377 0 0 1040379 1319 1532771 9200
0 1387 0 0 1052432 1333 1551106 9300
0 1405 0 0 1064543 1342 1569287 9400
0 1422 0 0 1076630 1361 1587655 9500
0 1439 0 0 1088814 1373 1605927 9600
0 1450 0 0 1100855 1390 1624009 9700
0 1461 0 0 1112902 1404 1642021 9800
0 1480 0 0 1125025 1412 1660151 9900
0 1490 0 0 1137133 1430 1678640 10000
0 1504 0 0 1149465 1440 1697367 10100
0 1519 0 0 1161641 1451 1715910 10200
0 1529 0 0 1173887 1466 1734561 10300
0 1548 0 0 1186078 1479 1753021 10400
0 1554 0 0 1198357 1497 1771710 10500
0 1565 0 0 1210611 1502 1790150 10600
0 1574 0 0 1222930 1512 1808636 10700
0 1592 0 0 1234999 1522 1826985 10800
0 1605 0 0 1247230 1540 1845449 10900
0 1617 0 0 1259451 1550 1863693 11000
0 1632 0 0 1271502 1561 1881836 11100
0 1645 0 0 1283627 1576 1900254 11200
0 1658 0 0 1295789 1589 1918531 11300
0 1664 0 0 1307916 1601 1936515 11400
0 1675 0 0 1320027 1608 1954734 11500
0 1686 0 0 1332128 1618 1972862 11600
0 1696 0 0 1344163 1627 1990962 11700
0 1710 0 0 1356382 1638 2009467 11800
0 1722 0 0 1368593 1651 2028150 11900
0 1742 0 0 1380892 1662 2046831 12000
0 1755 0 0 1393058 1683 2065363 12100
0 1772 0 0 1405310 1693 2084102 12200
0 1784 0 0 1417607 1709 2103047 12300
0 1801 0 0 1429919 1723 2122041 12400
0 1811 0 0 1442079 1738 2140841 12500
0 1823 0 0 1454301 1752 2159390 12600
0 1839 0 0 1466563 1762 2178093 12700
0 1845 0 0 1478799 1779 2196474 12800
0 1866 0 0 1490988 1784 2214425 12900
0 1873 0 0 1502887 1804 2232034 13000
0 1887 0 0 1515046 1813 2249581 13100
0 1900 0 0 1526995 1825 2266798 13200
0 1914 0 0 1538954 1839 2283910 13300
0 1922 0 0 1550893 1852 2301004 13400
0 1932 0 0 1562876 1859 2318313 13500
0 1943 0 0 1574680 1874 2335325 13600
0 1954 0 0 1586642 1883 2352429 13700
0 1966 0 0 1598298 1893 2368903 13800
0 1977 0 0 1610197 1904 2385732 13900
0 1991 0 0 1622222 1917 2402663 14000
0 2001 0 0 1633986 1931 2419579 14100
0 2016 0 0 1645853 1939 2436551 14200
0 2028 0 0 1657671 1952 2453489 14300
0 2036 0 0 1669565 1965 2470550 14400
0 2052 0 0 1681343 1976 2487569 14500
0 2062 0 0 1693102 1993 2504725 14600
0 2081 0 0 1704902 2001 2521808 14700
0 2091 0 0 1716769 2017 2538943 14800
0 2097 0 0 1728534 2029 2555847 14900
0 2116 0 0 1740450 2037 2573033 15000
0 2127 0 0 1752409 2056 2590335 15100
0 2144 0 0 1764305 2065 2607970 15200
0 2154 0 0 1776339 2079 2625987 15300
0 2171 0 0 1788396 2094 2643661 15400
0 2190 0 0 1800417 2109 2661465 15500
0 2202 0 0 1812494 2129 2679254 15600
0 2223 0 0 1824594 2139 2697227 15700
0 2236 0 0 1836514 2159 2715004 15800
0 2248 0 0 1848718 2174 2732989 15900
0 2258 0 0 1860813 2186 2750646 16000
0 2270 0 0 1872913 2196 2768207 16100
0 2280 0 0 1884765 2205 2785172 16200
0 2293 0 0 1896763 2217 2802258 16300
0 2304 0 0 1908674 2230 2819134 16400
0 2321 0 0 1920520 2242 2836191 16500
0 2332 0 0 1932446 2254 2853370 16600
0 2339 0 0 1944519 2266 2870818 16700
0 2348 0 0 1956441 2272 2888157 16800
0 2362 0 0 1968457 2283 2905462 16900
0 2375 0 0 1980329 2296 2922804 17000
0 2389 0 0 1992283 2311 2940317 17100
0 2406 0 0 2004508 2323 2958188 17200
0 2422 0 0 2016629 2341 2976475 17300
0 2437 0 0 2028793 2355 2994951 17400
0 2450 0 0 2040894 2371 3013438 17500
0 2460 0 0 2053238 2387 3032007 17600
0 2477 0 0 2065396 2396 3050342 17700
0 2488 0 0 2077491 2408 3068434 17800
0 2501 0 0 2089552 2423 3086714 17900
0 2515 0 0 2101621 2436 3105023 18000
0 2530 0 0 2113810 2447 3123159 18100
0 2541 0 0 2125989 2459 3141206 18200
0 2553 0 0 2137960 2475 3158923 18300
0 2569 0 0 2149991 2485 3176578 18400
0 2579 0 0 2161725 2500 3193986 18500
0 2587 0 0 2173762 2512 3211574 18600
0 2594 0 0 2185748 2520 3229097 18700
0 2604 0 0 2197778 2528 3246464 18800
0 2611 0 0 2209756 2537 3263432 18900
0 2618 0 0 2221538 2544 3280013 19000
0 2628 0 0 2233038 2553 3295937 19100
0 2639 0 0 2244861 2561 3312107 19200
0 2649 0 0 2256489 2572 3327973 19300
0 2657 0 0 2268199 2582 3344055 19400
0 2668 0 0 2279864 2588 3359975 19500
0 2678 0 0 2291575 2600 3376075 19600
0 2692 0 0 2303268 2610 3392253 19700
0 2702 0 0 2314992 2622 3408497 19800
0 2710 0 0 2326659 2633 3424561 19900
0 2720 0 0 2338438 2641 3440838 20000
0 2729 0 0 2350049 2649 3457234 20100
0 2742 0 0 2361803 2660 3473637 20200
0 2753 0 0 2373592 2671 3490127 20300
0 2767 0 0 2385507 2686 3506738 20400
0 2780 0 0 2397173 2700 3523399 20500
0 2795 0 0 2409038 2710 3540092 20600
0 2803 0 0 2420923 2726 3556994 20700
0 2825 0 0 2432632 2734 3573700 20800
0 2836 0 0 2444381 2755 3590642 20900
0 2849 0 0 2456115 2765 3607534 21000
0 2860 0 0 2467836 2779 3624233 21100
0 2869 0 0 2479709 2789 3641073 21200
0 2879 0 0 2491519 2798 3657848 21300
0 2892 0 0 2503203 2808 3674226 21400
0 2902 0 0 2514985 2819 3690634 21500
0 2915 0 0 2526725 2831 3707179 21600
0 2927 0 0 2538501 2844 3724280 21700
0 2941 0 0 2550463 2855 3741625 21800
0 2950 0 0 2562496 2868 3759096 21900
0 2963 0 0 2574326 2877 3776311 22000
0 2969 0 0 2586118 2889 3793447 22100
0 2979 0 0 2597899 2895 3810449 22200
0 2992 0 0 2609679 2904 3827550 22300
0 3002 0 0 2621521 2915 3844707 22400
0 3015 0 0 2633359 2926 3862007 22500
0 3020 0 0 2645253 2940 3879109 22600
0 3034 0 0 2656983 2946 3896094 22700
0 3050 0 0 2668762 2960 3913154 22800
0 3061 0 0 2680397 2975 3929668 22900
0 3070 0 0 2692053 2984 3946170 23000
0 3085 0 0 2703663 2996 3962579 23100
0 3101 0 0 2715333 3008 3979200 23200
0 3110 0 0 2727101 3023 3995708 23300
0 3118 0 0 2738952 3030 4012395 23400
0 3133 0 0 2750572 3040 4028935 23500
0 3140 0 0 2762365 3053 4045665 23600
0 3148 0 0 2774001 3059 4062262 23700
0 3156 0 0 2786039 3067 4079364 23800
0 3170 0 0 2797766 3076 4096251 23900
0 3182 0 0 2809597 3090 4113123 24000
0 3191 0 0 2821492 3101 4130207 24100
0 3205 0 0 2833335 3109 4147269 24200
0 3214 0 0 2845348 3122 4164554 24300
0 3231 0 0 2857176 3129 4181409 24400
0 3239 0 0 2868944 3142 4198339 24500
0 3262 0 0 2880776 3157 4215112 24600
0 3272 0 0 2892598 3178 4232045 24700
0 3289 0 0 2904410 3190 4248714 24800
0 3299 0 0 2916343 3206 4265528 24900
0 3315 0 0 2928190 3216 4282321 25000
0 3326 0 0 2939991 3232 4298910 25100
0 3337 0 0 2951896 3241 4316031 25200
0 3346 0 0 2963888 3252 4333016 25300
0 3357 0 0 2975714 3260 4349892 25400
0 3370 0 0 2987451 3268 4366783 25500
0 3374 0 0 2999440 3281 4384098 25600
0 3385 0 0 3011393 3288 4401275 25700
0 3390 0 0 3023166 3296 4417981 25800
0 3405 0 0 3035018 3305 4434808 25900
0 3409 0 0 3046832 3315 4451415 26000
0 3418 0 0 3058664 3326 4467973 26100
0 3426 0 0 3070373 3331 4484371 26200
0 3435 0 0 3081993 3339 4500464 26300
0 3442 0 0 3093537 3349 4516248 26400
0 3452 0 0 3105229 3356 4532074 26500
0 3457 0 0 3116864 3364 4547492 26600
0 3466 0 0 3128394 3370 4562694 26700
0 3475 0 0 3139809 3379 4577691 26800
0 3484 0 0 3151407 3388 4593173 26900
0 3490 0 0 3162926 3400 4608605 27000
0 3501 0 0 3174372 3403 4624081 27100
0 3511 0 0 3186035 3414 4639976 27200
0 3517 0 0 3197791 3420 4655971 27300
0 3528 0 0 3209390 3426 4671725 27400
0 3535 0 0 3220945 3435 4687360 27500
0 3547 0 0 3232547 3441 4703063 27600
0 3555 0 0 3244164 3457 4718641 27700
0 3566 0 0 3255694 3463 4734251 27800
0 3576 0 0 3267251 3474 4750210 27900
0 3580 0 0 3278771 3484 4765846 28000
0 3590 0 0 3290395 3490 4781593 28100
0 3596 0 0 3302055 3499 4797551 28200
0 3602 0 0 3313551 3504 4813370 28300
0 3612 0 0 3325044 3511 4829145 28400
0 3620 0 0 3336707 3518 4844953 28500
0 3633 0 0 3348148 3528 4860648 28600
0 3642 0 0 3359577 3540 4876159 28700
0 3653 0 0 3371260 3548 4892015 28800
0 3663 0 0 3382869 3558 4907911 28900
0 3669 0 0 3394410 3568 4923302 29000
0 3680 0 0 3406092 3576 4938849 29100
0 3685 0 0 3417592 3586 4954030 29200
0 3695 0 0 3429000 3594 4969146 29300
0 3701 0 0 3440529 3601 4984410 29400
0 3710 0 0 3452162 3606 4999517 29500
0 3719 0 0 3463661 3619 5014548 29600
0 3725 0 0 3475090 3626 5029592 29700
0 3735 0 0 3486664 3634 5044824 29800
0 3746 0 0 3498174 3643 5060001 29900
0 3751 0 0 3509772 3651 5075344 30000
0 3763 0 0 3521220 3661 5090742 30100
0 3779 0 0 3532860 3670 5106244 30200
0 3789 0 0 3544431 3685 5121774 30300
0 3797 0 0 3556035 3696 5137537 30400
0 3804 0 0 3567665 3706 5153397 30500
0 3814 0 0 3579406 3711 5169312 30600
0 3823 0 0 3591063 3718 5185296 30700
0 3835 0 0 3602558 3729 5201245 30800
0 3846 0 0 3614364 3737 5217333 30900
0 3855 0 0 3625909 3752 5233132 31000
0 3865 0 0 3637563 3760 5249040 31100
0 3873 0 0 3649122 3773 5264722 31200
0 3888 0 0 3660538 3780 5280446 31300
0 3900 0 0 3672191 3794 5296435 31400
0 3909 0 0 3683760 3804 5312344 31500
0 3921 0 0 3695428 3813 5328269 31600
0 3933 0 0 3707070 3826 5343896 31700
0 3945 0 0 3718558 3837 5359386 31800
0 3952 0 0 3730216 3849 5375306 31900
0 3966 0 0 3741878 3859 5391320 32000
0 3977 0 0 3753505 3871 5407276 32100
0 3990 0 0 3765149 3883 5423359 32200
0 4000 0 0 3776977 3897 5439728 32300
0 4011 0 0 3788621 3905 5455680 32400
0 4020 0 0 3800451 3915 5471836 32500
0 4031 0 0 3812156 3926 5487689 32600
0 4033 0 0 3823864 3935 5503541 32700
0 4043 0 0 3835387 3938 5519368 32800
0 4054 0 0 3846985 3948 5535187 32900
0 4069 0 0 3858640 3958 5551036 33000
0 4075 0 0 3870173 3970 5566710 33100
0 4087 0 0 3881868 3981 5582457 33200
0 4095 0 0 3893419 3988 5598066 33300
0 4105 0 0 3905049 3999 5613748 33400
0 4118 0 0 3916641 4009 5629328 33500
0 4126 0 0 3928043 4017 5644663 33600
0 4138 0 0 3939512 4031 5660009 33700
0 4143 0 0 3951102 4039 5675380 33800
0 4151 0 0 3962599 4046 5690633 33900
0 4162 0 0 3974111 4054 5705991 34000
0 4171 0 0 3985539 4061 5721295 34100
0 4181 0 0 3996916 4073 5736766 34200
0 4187 0 0 4008483 4083 5752307 34300
0 4197 0 0 4019979 4089 5767749 34400
0 4205 0 0 4031359 4099 5782928 34500
0 4215 0 0 4042959 4105 5798426 34600
0 4224 0 0 4054337 4117 5813614 34700
0 4236 0 0 4065805 4126 5828936 34800
0 4246 0 0 4077261 4138 5844275 34900
0 4263 0 0 4088614 4146 5859485 35000
0 4274 0 0 4100180 4160 5874835 35100
0 4286 0 0 4111691 4170 5890406 35200
0 4297 0 0 4123101 4181 5905786 35300
0 4309 0 0 4134762 4195 5921467 35400
0 4322 0 0 4146227 4207 5936923 35500
0 4332 0 0 4157791 4220 5952583 35600
0 4348 0 0 4169263 4230 5968107 35700
0 4358 0 0 4180918 4250 5984019 35800
0 4371 0 0 4192478 4258 5999626 35900
0 4380 0 0 4204304 4270 6015490 36000
0 4389 0 0 4215768 4278 6030883 36100
0 4397 0 0 4227565 4286 6046838 36200
0 4410 0 0 4239101 4296 6062495 36300
0 4428 0 0 4250630 4308 6078029 36400
0 4437 0 0 4262319 4323 6093837 36500
0 4446 0 0 4273898 4335 6109343 36600
0 4457 0 0 4285663 4343 6125302 36700
0 4468 0 0 4297254 4354 6141131 36800
0 4479 0 0 4308886 4365 6157255 36900
0 4496 0 0 4320423 4377 6173428 37000
0 4504 0 0 4332421 4391 6189895 37100
0 4513 0 0 4344078 4403 6206087 37200
0 4528 0 0 4355772 4412 6222188 37300
0 4539 0 0 4367560 4426 6238297 37400
0 4559 0 0 4379374 4439 6254654 37500
0 4569 0 0 4391129 4455 6270676 37600
0 4583 0 0 4402737 4466 6286555 37700
0 4590 0 0 4414413 4480 6302239 37800
0 4605 0 0 4425932 4487 6317718 37900
0 4614 0 0 4437663 4499 6333328 38000
0 4626 0 0 4449010 4512 6348289 38100
0 4632 0 0 4460653 4522 6363504 38200
0 4643 0 0 4472238 4529 6378692 38300
0 4646 0 0 4483579 4537 6393346 38400
0 4651 0 0 4494973 4544 6408157 38500
0 4658 0 0 4506328 4547 6422826 38600
0 4665 0 0 4517658 4552 6437445 38700
0 4674 0 0 4529018 4561 6452136 38800
0 4686 0 0 4540462 4572 6466940 38900
0 4695 0 0 4551762 4583 6481577 39000
0 4706 0 0 4563194 4593 6496439 39100
0 4715 0 0 4574578 4604 6511360 39200
0 4725 0 0 4586027 4612 6526463 39300
0 4734 0 0 4597430 4620 6541546 39400
0 4744 0 0 4608908 4629 6556690 39500
0 4754 0 0 4620286 4638 6571680 39600
0 4760 0 0 4631883 4650 6587199 39700
0 4764 0 0 4643600 4654 6602618 39800
0 4771 0 0 4655086 4661 6617720 39900
0 4779 0 0 4666557 4667 6632586 40000
0 4784 0 0 4677891 4674 6647416 40100
0 4790 0 0 4689306 4680 6662292 40200
0 4798 0 0 4700744 4685 6677092 40300
0 4803 0 0 4712148 4695 6692140 40400
0 4809 0 0 4723648 4700 6707365 40500
0 4819 0 0 4735171 4704 6722506 40600
0 4828 0 0 4746508 4714 6737528 40700
0 4833 0 0 4757967 4721 6752609 40800
0 4842 0 0 4769260 4729 6767441 40900
0 4851 0 0 4780585 4737 6782268 41000
0 4861 0 0 4792105 4748 6797218 41100
0 4870 0 0 4803640 4755 6812153 41200
0 4877 0 0 4815051 4764 6826952 41300
0 4884 0 0 4826519 4771 6841854 41400
0 4892 0 0 4837919 4779 6856667 41500
0 4901 0 0 4849209 4787 6871407 41600
0 4907 0 0 4860679 4796 6886403 41700
0 4912 0 0 4872134 4804 6901449 41800
0 4924 0 0 4883629 4808 6916669 41900
0 4931 0 0 4894981 4821 6931389 42000
0 4934 0 0 4906398 4826 6946543 42100
0 4942 0 0 4917821 4830 6961594 42200
0 4951 0 0 4929280 4838 6976796 42300
0 4958 0 0 4940685 4845 6991908 42400
0 4965 0 0 4952213 4854 7007127 42500
0 4977 0 0 4963495 4860 7021984 42600
0 4983 0 0 4974833 4870 7036872 42700
0 4992 0 0 4986309 4879 7051962 42800
0 5001 0 0 4997643 4889 7066625 42900
0 5014 0 0 5009040 4898 7081306 43000
0 5029 0 0 5020367 4909 7096028 43100
0 5030 0 0 5031789 4920 7110948 43200
0 5039 0 0 5043210 4925 7125849 43300
0 5043 0 0 5054570 4934 7140602 43400
0 5053 0 0 5066143 4938 7155568 43500
0 5060 0 0 5077382 4947 7170354 43600
0 5066 0 0 5088802 4953 7185113 43700
0 5070 0 0 5100344 4959 7200035 43800
0 5081 0 0 5111768 4963 7214929 43900
0 5087 0 0 5123229 4973 7230088 44000
0 5091 0 0 5134682 4980 7245085 44100
0 5097 0 0 5146144 4984 7260283 44200
0 5106 0 0 5157854 4989 7275575 44300
0 5113 0 0 5169073 4997 7290130 44400
0 5121 0 0 5180347 5004 7304834 44500
0 5133 0 0 5191778 5011 7319707 44600
0 5138 0 0 5203240 5023 7334527 44700
0 5150 0 0 5214529 5027 7349182 44800
0 5159 0 0 5226014 5040 7364089 44900
0 5169 0 0 5237316 5047 7378842 45000
0 5179 0 0 5248760 5059 7393760 45100
0 5186 0 0 5260300 5068 7409004 45200
0 5191 0 0 5271749 5076 7424184 45300
0 5196 0 0 5283329 5081 7439403 45400
0 5202 0 0 5294851 5086 7454477 45500
0 5213 0 0 5306405 5091 7469473 45600
0 5217 0 0 5317868 5101 7484461 45700
0 5222 0 0 5329270 5105 7499241 45800
0 5227 0 0 5340628 5110 7514022 45900
0 5232 0 0 5351889 5113 7528586 46000
0 5238 0 0 5363215 5122 7543069 46100
0 5243 0 0 5374559 5127 7557620 46200
0 5255 0 0 5385833 5132 7571974 46300
0 5260 0 0 5397173 5142 7586430 46400
0 5267 0 0 5408428 5150 7600642 46500
0 5271 0 0 5419733 5156 7614929 46600
0 5283 0 0 5431017 5161 7629357 46700
0 5288 0 0 5442334 5166 7643832 46800
0 5295 0 0 5453599 5177 7658439 46900
0 5298 0 0 5464931 5183 7672961 47000
0 5306 0 0 5476285 5186 7687532 47100
0 5315 0 0 5487589 5195 7701866 47200
0 5322 0 0 5498910 5203 7716334 47300
0 5327 0 0 5510215 5209 7730987 47400
0 5332 0 0 5521535 5214 7745416 47500
0 5338 0 0 5532937 5218 7760035 47600
0 5343 0 0 5544459 5226 7775071 47700
0 5351 0 0 5555686 5230 7789476 47800
0 5358 0 0 5567134 5237 7804098 47900
0 5360 0 0 5578553 5245 7818581 48000
0 5369 0 0 5589837 5248 7832895 48100
0 5377 0 0 5601176 5258 7847335 48200
0 5383 0 0 5612566 5265 7861751 48300
0 5389 0 0 5623928 5269 7876081 48400
0 5399 0 0 5635342 5277 7890771 48500
0 5406 0 0 5646663 5286 7905365 48600
0 5414 0 0 5658118 5293 7920184 48700
0 5423 0 0 5669525 5301 7934913 48800
0 5430 0 0 5681105 5308 7949734 48900
0 5435 0 0 5692481 5314 7964314 49000
0 5441 0 0 5703787 5321 7978787 49100
0 5447 0 0 5715072 5327 7993195 49200
0 5458 0 0 5726474 5332 8007674 49300
0 5464 0 0 5737955 5341 8022352 49400
0 5473 0 0 5749472 5351 8037201 49500
0 5477 0 0 5761025 5358 8052193 49600
0 5485 0 0 5772659 5365 8067226 49700
0 5494 0 0 5784144 5372 8082399 49800
0 5505 0 0 5795829 5381 8097895 49900
0 5509 0 0 5807357 5391 8113264 50000
0 5520 0 0 5818999 5395 8128726 50100
0 5527 0 0 5830690 5408 8144449 50200
0 5536 0 0 5842215 5412 8160146 50300
0 5543 0 0 5853786 5420 8175934 50400
0 5548 0 0 5865468 5430 8191758 50500
0 5554 0 0 5877135 5434 8207560 50600
0 5566 0 0 5888559 5442 8222926 50700
0 5575 0 0 5900090 5449 8238290 50800
0 5579 0 0 5911746 5460 8253629 50900
0 5589 0 0 5923109 5465 8268671 51000
0 5595 0 0 5934556 5475 8283570 51100
0 5602 0 0 5946011 5480 8298492 51200
0 5608 0 0 5957392 5489 8313353 51300
0 5614 0 0 5968937 5496 8328467 51400
0 5627 0 0 5980288 5502 8343365 51500
0 5632 0 0 5991740 5513 8358286 51600
0 5640 0 0 6003164 5518 8373188 51700
0 5650 0 0 6014687 5527 8387954 51800
0 5657 0 0 6025995 5534 8402537 51900
0 5666 0 0 6037399 5542 8417200 52000
0 5675 0 0 6048833 5556 8431964 52100
0 5682 0 0 6060218 5563 8446513 52200
0 5690 0 0 6071494 5570 8461039 52300
0 5698 0 0 6082823 5576 8475575 52400
0 5705 0 0 6094295 5583 8490236 52500
0 5711 0 0 6105574 5588 8504564 52600
0 5720 0 0 6116837 5596 8519106 52700
0 5727 0 0 6128305 5604 8533781 52800
0 5731 0 0 6139723 5609 8548354 52900
0 5738 0 0 6151113 5617 8562750 53000
0 5745 0 0 6162426 5623 8577143 53100
0 5756 0 0 6173917 5628 8591675 53200
0 5758 0 0 6185268 5640 8606008 53300
0 5765 0 0 6196627 5643 8620349 53400
0 5773 0 0 6207920 5652 8634780 53500
0 5783 0 0 6219202 5660 8649258 53600
0 5790 0 0 6230722 5667 8663963 53700
0 5800 0 0 6242048 5675 8678658 53800
0 5808 0 0 6253589 5682 8693517 53900
0 5812 0 0 6264943 5693 8708342 54000
0 5822 0 0 6276246 5698 8722986 54100
0 5830 0 0 6287640 5706 8737670 54200
0 5837 0 0 6299027 5714 8752343 54300
0 5848 0 0 6310411 5724 8766949 54400
0 5855 0 0 6321737 5732 8781549 54500
0 5865 0 0 6333315 5736 8796570 54600
0 5871 0 0 6344643 5748 8811287 54700
0 5880 0 0 6356279 5755 8826261 54800
0 5885 0 0 6367741 5764 8841059 54900
0 5894 0 0 6379183 5768 8855700 55000
0 5897 0 0 6390638 5777 8870363 55100
0 5904 0 0 6402015 5783 8885181 55200
0 5915 0 0 6413483 5789 8899997 55300
0 5919 0 0 6424873 5798 8914674 55400
0 5924 0 0 6436104 5803 8929098 55500
0 5932 0 0 6447351 5810 8943600 55600
0 5939 0 0 6458605 5814 8958004 55700
0 5945 0 0 6469780 5820 8972289 55800
0 5952 0 0 6481039 5827 8986881 55900
0 5956 0 0 6492338 5833 9001435 56000
0 5965 0 0 6503607 5839 9016037 56100
0 5970 0 0 6514968 5846 9030788 56200
0 5982 0 0 6526261 5853 9045444 56300
0 5988 0 0 6537715 5863 9060381 56400
0 5997 0 0 6549041 5870 9075213 56500
0 6005 0 0 6560417 5877 9090116 56600
0 6011 0 0 6571902 5887 9105175 56700
0 6017 0 0 6583457 5890 9120179 56800
0 6027 0 0 6594771 5897 9134835 56900
0 6034 0 0 6606191 5908 9149648 57000
0 6043 0 0 6617645 5913 9164527 57100
0 6051 0 0 6629108 5921 9179327 57200
0 6058 0 0 6640556 5930 9194383 57300
0 6065 0 0 6651955 5936 9209240 57400
0 6071 0 0 6663381 5943 9223878 57500
0 6077 0 0 6674762 5950 9238544 57600
0 6085 0 0 6686033 5955 9253016 57700
0 6094 0 0 6697398 5963 9267587 57800
0 6099 0 0 6708787 5971 9282220 57900
0 6107 0 0 6720218 5976 9296784 58000
0 6113 0 0 6731526 5983 9311201 58100
0 6117 0 0 6742727 5990 9325399 58200
0 6126 0 0 6753995 5995 9339756 58300
0 6131 0 0 6765267 6002 9354188 58400
0 6135 0 0 6776584 6008 9368745 58500
0 6141 0 0 6787767 6014 9383252 58600
0 6154 0 0 6799247 6019 9398129 58700
0 6161 0 0 6810644 6032 9413113 58800
0 6167 0 0 6821963 6039 9427773 58900
0 6174 0 0 6833458 6046 9442675 59000
0 6185 0 0 6844801 6053 9457373 59100
0 6198 0 0 6856173 6062 9472106 59200
0 6208 0 0 6867583 6074 9486851 59300
0 6213 0 0 6878923 6084 9501901 59400
0 6225 0 0 6890427 6089 9516948 59500
0 6231 0 0 6901831 6098 9531971 59600
0 6237 0 0 6913189 6106 9546738 59700
0 6246 0 0 6924484 6111 9561809 59800
0 6252 0 0 6935957 6121 9576721 59900
0 6261 0 0 6947392 6127 9591537 60000
0 6271 0 0 6958801 6135 9606149 60100
0 6280 0 0 6970156 6146 9620780 60200
0 6290 0 0 6981507 6151 9635443 60300
0 6295 0 0 6992915 6165 9650010 60400
0 6300 0 0 7004333 6169 9664596 60500
0 6310 0 0 7015679 6173 9679028 60600
0 6318 0 0 7027070 6185 9693653 60700
0 6325 0 0 7038537 6192 9708288 60800
0 6331 0 0 7049987 6198 9722844 60900
0 6340 0 0 7061253 6203 9737177 61000
0 6344 0 0 7072573 6211 9751605 61100
0 6353 0 0 7083931 6216 9766185 61200
0 6361 0 0 7095306 6225 9780625 61300
0 6369 0 0 7106703 6234 9795048 61400
0 6381 0 0 7117927 6242 9809542 61500
0 6388 0 0 7129144 6255 9823804 61600
0 6396 0 0 7140517 6260 9838212 61700
0 6400 0 0 7151774 6270 9852674 61800
0 6409 0 0 7163120 6274 9867163 61900
0 6413 0 0 7174351 6282 9881618 62000
0 6416 0 0 7185790 6286 9896206 62100
0 6423 0 0 7197102 6289 9910731 62200
0 6428 0 0 7208414 6294 9925318 62300
0 6436 0 0 7219793 6302 9939678 62400
0 6443 0 0 7231214 6309 9954052 62500
0 6450 0 0 7242514 6315 9968159 62600
0 6463 0 0 7253842 6323 9982561 62700
0 6468 0 0 7265391 6334 9997251 62800
0 6479 0 0 7276604 6340 10011721 62900
0 6486 0 0 7288231 6350 10026921 63000
0 6493 0 0 7299680 6356 10041842 63100
0 6502 0 0 7311158 6365 10057000 63200
0 6509 0 0 7322591 6370 10071956 63300
0 6517 0 0 7334112 6379 10086848 63400
0 6528 0 0 7345527 6388 10101537 63500
0 6538 0 0 7356875 6397 10116025 63600
0 6546 0 0 7368332 6406 10130618 63700
0 6554 0 0 7379707 6416 10145243 63800
0 6563 0 0 7391059 6424 10160021 63900
0 6572 0 0 7402607 6434 10174960 64000
0 6578 0 0 7414042 6440 10189732 64100
0 6586 0 0 7425591 6447 10204555 64200
0 6594 0 0 7436977 6454 10218965 64300
0 6601 0 0 7448347 6463 10233499 64400
0 6611 0 0 7459733 6473 10248106 64500
0 6618 0 0 7471036 6480 10262699 64600
0 6624 0 0 7482484 6485 10277621 64700
0 6630 0 0 7494086 6491 10292740 64800
0 6636 0 0 7505609 6496 10307744 64900
0 6642 0 0 7517045 6504 10322775 65000
0 6650 0 0 7528417 6511 10337575 65100
0 6661 0 0 7539905 6517 10352475 65200
0 6666 0 0 7551252 6528 10367105 65300
0 6670 0 0 7562415 6535 10381591 65400
0 6676 0 0 7573870 6538 10396089 65500
0 6682 0 0 7585133 6544 10410404 65600
0 6693 0 0 7596519 6550 10424845 65700
0 6701 0 0 7607536 6561 10438752 65800
0 6706 0 0 7618815 6568 10452991 65900
0 6716 0 0 7630102 6574 10467147 66000
0 6717 0 0 7641391 6582 10481384 66100
0 6725 0 0 7652719 6585 10495572 66200
0 6735 0 0 7663932 6592 10509680 66300
0 6738 0 0 7675275 6601 10523769 66400
0 6744 0 0 7686552 6605 10537799 66500
0 6747 0 0 7697708 6611 10551550 66600
0 6756 0 0 7708966 6613 10565541 66700
0 6763 0 0 7720166 6622 10579395 66800
0 6767 0 0 7731487 6630 10593410 66900
0 6776 0 0 7742944 6634 10607667 67000
0 6780 0 0 7754285 6641 10621880 67100
0 6784 0 0 7765358 6648 10635625 67200
0 6791 0 0 7776714 6650 10649750 67300
0 6791 0 0 7788039 6655 10663608 67400
0 6796 0 0 7799428 6656 10677529 67500
0 6799 0 0 7810614 6661 10691248 67600
0 6802 0 0 7821995 6664 10704851 67700
0 6805 0 0 7833037 6667 10718343 67800
0 6810 0 0 7844365 6670 10732219 67900
0 6814 0 0 7855649 6674 10746099 68000
0 6818 0 0 7866765 6678 10759825 68100
0 6822 0 0 7878034 6684 10773722 68200
0 6830 0 0 7889255 6686 10787657 68300
0 6834 0 0 7900493 6694 10801465 68400
0 6840 0 0 7911590 6699 10815389 68500
0 6844 0 0 7922922 6705 10829554 68600
0 6846 0 0 7934251 6709 10843837 68700
0 6853 0 0 7945694 6711 10858125 68800
0 6856 0 0 7956886 6716 10872012 68900
0 6862 0 0 7968093 6723 10885897 69000
0 6865 0 0 7979476 6728 10900149 69100
0 6872 0 0 7990764 6730 10914326 69200
0 6875 0 0 8001963 6737 10928428 69300
0 6881 0 0 8013403 6740 10942839 69400
0 6888 0 0 8024658 6747 10957016 69500
0 6893 0 0 8036019 6754 10971554 69600
0 6898 0 0 8047382 6757 10985940 69700
0 6901 0 0 8058599 6763 10999995 69800
0 6904 0 0 8069700 6766 11013863 69900
0 6908 0 0 8080938 6769 11027771 70000
0 6911 0 0 8091961 6772 11041485 70100
0 6914 0 0 8103229 6777 11055614 70200
0 6916 0 0 8114381 6779 11069596 70300
0 6919 0 0 8125580 6781 11083576 70400
0 6923 0 0 8136764 6783 11097536 70500
0 6930 0 0 8147892 6788 11111403 70600
0 6939 0 0 8159026 6794 11125197 70700
0 6945 0 0 8170052 6804 11138988 70800
0 6951 0 0 8181225 6808 11153274 70900
0 6960 0 0 8192548 6816 11167626 71000
0 6968 0 0 8203721 6826 11181871 71100
0 6974 0 0 8215028 6833 11196180 71200
0 6981 0 0 8226330 6838 11210655 71300
0 6991 0 0 8237558 6844 11224981 71400
0 6994 0 0 8248817 6853 11239604 71500
0 7005 0 0 8260223 6861 11254265 71600
0 7013 0 0 8271566 6872 11268815 71700
0 7017 0 0 8282888 6877 11283256 71800
0 7028 0 0 8294362 6883 11297784 71900
0 7036 0 0 8305616 6892 11312015 72000
0 7045 0 0 8317001 6899 11326353 72100
0 7050 0 0 8328133 6909 11340599 72200
0 7058 0 0 8339557 6914 11355111 72300
0 7063 0 0 8351004 6923 11369659 72400
0 7066 0 0 8362416 6928 11384267 72500
0 7068 0 0 8373764 6930 11398683 72600
0 7072 0 0 8385276 6933 11412962 72700
0 7078 0 0 8396584 6937 11427003 72800
0 7085 0 0 8407865 6943 11440929 72900
0 7095 0 0 8419320 6948 11455030 73000
0 7098 0 0 8430497 6958 11468812 73100
0 7109 0 0 8441697 6964 11482567 73200
0 7115 0 0 8453118 6974 11496535 73300
0 7122 0 0 8464296 6979 11510200 73400
0 7131 0 0 8475609 6986 11524008 73500
0 7137 0 0 8486944 6995 11537836 73600
0 7146 0 0 8498195 7000 11551594 73700
0 7148 0 0 8509512 7009 11565509 73800
0 7155 0 0 8520826 7012 11579358 73900
0 7159 0 0 8532150 7017 11593203 74000
0 7170 0 0 8543585 7023 11607247 74100
0 7176 0 0 8554866 7030 11621096 74200
0 7181 0 0 8566124 7039 11635011 74300
0 7189 0 0 8577503 7043 11649049 74400
0 7192 0 0 8588743 7053 11663061 74500
0 7196 0 0 8600129 7056 11677053 74600
0 7203 0 0 8611479 7063 11690845 74700
0 7211 0 0 8622765 7067 11704599 74800
0 7220 0 0 8633906 7074 11718446 74900
0 7222 0 0 8645229 7082 11732445 75000
0 7230 0 0 8656630 7086 11746675 75100
0 7236 0 0 8667862 7094 11760647 75200
0 7242 0 0 8678998 7098 11774390 75300
0 7245 0 0 8690316 7104 11788389 75400
0 7250 0 0 8701578 7108 11802270 75500
0 7255 0 0 8712823 7112 11816032 75600
0 7260 0 0 8724027 7115 11829820 75700
0 7269 0 0 8735340 7123 11843858 75800
0 7276 0 0 8746553 7133 11857860 75900
0 7282 0 0 8757791 7139 11871845 76000
0 7287 0 0 8769003 7144 11885837 76100
0 7294 0 0 8780147 7149 11899594 76200
0 7301 0 0 8791332 7156 11913522 76300
0 7306 0 0 8802443 7163 11927305 76400
0 7316 0 0 8813613 7171 11940890 76500
0 7327 0 0 8824736 7179 11954714 76600
0 7332 0 0 8836037 7188 11968534 76700
0 7337 0 0 8847215 7193 11982286 76800
0 7347 0 0 8858424 7198 11995937 76900
0 7350 0 0 8869560 7209 12009689 77000
0 7355 0 0 8880903 7213 12023568 77100
0 7360 0 0 8892165 7216 12037414 77200
0 7364 0 0 8903415 7222 12051040 77300
0 7369 0 0 8914579 7226 12064630 77400
0 7378 0 0 8925721 7232 12078241 77500
0 7382 0 0 8936915 7237 12091812 77600
0 7389 0 0 8947943 7244 12105487 77700
0 7396 0 0 8959149 7251 12119500 77800
0 7404 0 0 8970269 7258 12133263 77900
0 7413 0 0 8981391 7268 12147110 78000
0 7417 0 0 8992710 7274 12161218 78100
0 7422 0 0 9003929 7280 12175428 78200
0 7429 0 0 9015241 7286 12189758 78300
0 7435 0 0 9026655 7292 12204067 78400
0 7442 0 0 9037930 7296 12218037 78500
0 7447 0 0 9049223 7303 12231998 78600
0 7454 0 0 9060414 7308 12245719 78700
0 7463 0 0 9071662 7314 12259476 78800
0 7466 0 0 9082875 7324 12273313 78900
0 7473 0 0 9094121 7327 12287176 79000
0 7473 0 0 9105372 7333 12301330 79100
0 7481 0 0 9116757 7334 12315479 79200
0 7483 0 0 9127981 7339 12329382 79300
0 7488 0 0 9139164 7344 12343210 79400
0 7491 0 0 9150279 7347 12356939 79500
0 7496 0 0 9161384 7352 12370565 79600
0 7500 0 0 9172507 7354 12384091 79700
0 7505 0 0 9183611 7359 12397642 79800
0 7509 0 0 9194574 7363 12411309 79900
0 7516 0 0 9205749 7369 12425247 80000
0 7519 0 0 9216861 7375 12439072 80100
0 7523 0 0 9228140 7380 12453180 80200
0 7530 0 0 9239367 7383 12467314 80300
0 7537 0 0 9250570 7388 12481345 80400
0 7542 0 0 9261735 7397 12495365 80500
0 7548 0 0 9272978 7402 12509281 80600
0 7554 0 0 9284192 7407 12523168 80700
0 7562 0 0 9295355 7414 12537069 80800
0 7568 0 0 9306473 7420 12550788 80900
0 7573 0 0 9317747 7426 12564836 81000
0 7582 0 0 9328938 7432 12578776 81100
0 7584 0 0 9339929 7439 12592463 81200
0 7592 0 0 9351206 7444 12606417 81300
0 7595 0 0 9362318 7448 12620153 81400
0 7603 0 0 9373605 7452 12634107 81500
0 7609 0 0 9384806 7460 12647922 81600
0 7611 0 0 9396111 7466 12661879 81700
0 7617 0 0 9407364 7470 12675819 81800
0 7621 0 0 9418720 7474 12689557 81900
0 7629 0 0 9429971 7479 12703316 82000
0 7633 0 0 9441364 7486 12717141 82100
0 7633 0 0 9452730 7489 12730910 82200
0 7638 0 0 9463972 7491 12744516 82300
0 7641 0 0 9475109 7494 12758153 82400
0 7643 0 0 9486331 7496 12771756 82500
0 7648 0 0 9497678 7500 12785604 82600
0 7652 0 0 9508899 7505 12799320 82700
0 7654 0 0 9520134 7506 12813132 82800
0 7660 0 0 9531315 7511 12827045 82900
0 7665 0 0 9542557 7516 12841006 83000
0 7674 0 0 9553824 7521 12855075 83100
0 7676 0 0 9564984 7531 12869035 83200
0 7685 0 0 9576136 7534 12883002 83300
0 7693 0 0 9587341 7541 12896868 83400
0 7700 0 0 9598558 7548 12910824 83500
0 7703 0 0 9609675 7551 12924571 83600
0 7710 0 0 9620722 7557 12938315 83700
0 7714 0 0 9632024 7565 12952316 83800
0 7720 0 0 9643130 7570 12966295 83900
0 7729 0 0 9654278 7576 12980062 84000
0 7735 0 0 9665377 7585 12993597 84100
0 7740 0 0 9676436 7589 13007158 84200
0 7747 0 0 9687559 7593 13020745 84300
0 7750 0 0 9698617 7601 13034300 84400
0 7756 0 0 9709848 7604 13047808 84500
0 7760 0 0 9721039 7611 13061383 84600
0 7761 0 0 9732205 7615 13074918 84700
0 7763 0 0 9743490 7617 13088597 84800
0 7768 0 0 9754530 7618 13102014 84900
0 7777 0 0 9765681 7624 13115613 85000
0 7781 0 0 9776867 7631 13129352 85100
0 7786 0 0 9788138 7636 13143228 85200
0 7793 0 0 9799092 7642 13156779 85300
0 7802 0 0 9810391 7647 13170705 85400
0 7806 0 0 9821498 7655 13184513 85500
0 7810 0 0 9832778 7660 13198370 85600
0 7815 0 0 9844025 7665 13212055 85700
0 7823 0 0 9855098 7669 13225563 85800
0 7825 0 0 9866448 7676 13239309 85900
0 7831 0 0 9877751 7679 13253182 86000
0 7834 0 0 9888937 7684 13267033 86100
0 7842 0 0 9900092 7689 13280901 86200
0 7850 0 0 9911298 7696 13294910 86300
0 7858 0 0 9922622 7705 13308999 86400
0 7866 0 0 9933878 7715 13323150 86500
0 7869 0 0 9945297 7719 13337433 86600
0 7876 0 0 9956612 7723 13351363 86700
0 7880 0 0 9967926 7730 13365183 86800
0 7887 0 0 9979215 7734 13379055 86900
0 7894 0 0 9990332 7740 13392794 87000
0 7901 0 0 10001628 7746 13406863 87100
0 7909 0 0 10012865 7754 13420722 87200
0 7912 0 0 10024170 7762 13434832 87300
0 7917 0 0 10035383 7766 13448991 87400
0 7920 0 0 10046790 7770 13463391 87500
0 7928 0 0 10058166 7774 13477563 87600
0 7933 0 0 10069616 7780 13491935 87700
0 7935 0 0 10080869 7786 13506006 87800
0 7939 0 0 10092149 7787 13520003 87900
0 7945 0 0 10103532 7793 13534271 88000
0 7950 0 0 10114741 7797 13548239 88100
0 7955 0 0 10126116 7801 13562460 88200
0 7960 0 0 10137426 7808 13576517 88300
0 7967 0 0 10148830 7812 13590615 88400
0 7972 0 0 10160232 7820 13604644 88500
0 7974 0 0 10171503 7824 13618523 88600
0 7980 0 0 10182976 7828 13632691 88700
0 7987 0 0 10194246 7832 13646581 88800
0 7993 0 0 10205733 7837 13660885 88900
0 7997 0 0 10217097 7844 13675038 89000
0 8005 0 0 10228424 7849 13689392 89100
0 8007 0 0 10239882 7856 13703972 89200
0 8020 0 0 10251397 7858 13718883 89300
0 8031 0 0 10262945 7869 13733817 89400
0 8037 0 0 10274464 7881 13748661 89500
0 8048 0 0 10285855 7887 13763340 89600
0 8057 0 0 10297364 7899 13778152 89700
0 8067 0 0 10308863 7908 13793110 89800
0 8079 0 0 10320358 7918 13807824 89900
0 8093 0 0 10331601 7930 13822445 90000
0 8103 0 0 10343007 7942 13837143 90100
0 8111 0 0 10354276 7954 13851655 90200
0 8121 0 0 10365783 7962 13866252 90300
0 8127 0 0 10377145 7969 13880772 90400
0 8136 0 0 10388451 7977 13895179 90500
0 8141 0 0 10399966 7986 13909826 90600
0 8151 0 0 10411183 7991 13924127 90700
0 8158 0 0 10422561 8001 13938496 90800
0 8163 0 0 10433788 8007 13952645 90900
0 8173 0 0 10445071 8011 13966811 91000
0 8180 0 0 10456434 8022 13981123 91100
0 8189 0 0 10467658 8029 13995371 91200
0 8201 0 0 10478906 8037 14009862 91300
0 8207 0 0 10490231 8049 14024589 91400
0 8217 0 0 10501618 8056 14039543 91500
0 8221 0 0 10513039 8064 14054339 91600
0 8233 0 0 10524367 8070 14069021 91700
0 8238 0 0 10535697 8080 14083559 91800
0 8247 0 0 10547067 8088 14098164 91900
0 8251 0 0 10558531 8095 14112752 92000
0 8256 0 0 10569954 8101 14127048 92100
0 8267 0 0 10581244 8103 14141170 92200
0 8272 0 0 10592609 8113 14155545 92300
0 8279 0 0 10603834 8121 14169577 92400
0 8284 0 0 10615196 8129 14183786 92500
0 8292 0 0 10626345 8132 14197636 92600
0 8297 0 0 10637577 8139 14211623 92700
0 8303 0 0 10648805 8145 14225689 92800
0 8309 0 0 10660092 8151 14239609 92900
0 8316 0 0 10671372 8157 14253638 93000
0 8323 0 0 10682449 8164 14267435 93100
0 8330 0 0 10693696 8171 14281213 93200
0 8338 0 0 10704961 8178 14295036 93300
0 8349 0 0 10716265 8186 14309026 93400
0 8358 0 0 10727490 8195 14323030 93500
0 8370 0 0 10738851 8205 14337163 93600
0 8375 0 0 10750031 8214 14351277 93700
0 8380 0 0 10761457 8222 14365678 93800
0 8387 0 0 10772805 8228 14379917 93900
0 8396 0 0 10784154 8235 14394161 94000
0 8401 0 0 10795461 8243 14408319 94100
0 8408 0 0 10806716 8248 14422474 94200
0 8415 0 0 10818009 8253 14436630 94300
0 8419 0 0 10829235 8260 14450484 94400
0 8428 0 0 10840386 8265 14464343 94500
0 8434 0 0 10851578 8273 14478082 94600
0 8442 0 0 10862749 8280 14491511 94700
0 8448 0 0 10873837 8289 14504940 94800
0 8453 0 0 10884942 8293 14518311 94900
0 8463 0 0 10896113 8298 14531798 95000
0 8466 0 0 10907282 8306 14545285 95100
0 8472 0 0 10918500 8310 14558688 95200
0 8482 0 0 10929723 8316 14572161 95300
0 8487 0 0 10941080 8323 14585956 95400
0 8490 0 0 10952321 8327 14599671 95500
0 8496 0 0 10963643 8333 14613613 95600
0 8503 0 0 10974922 8339 14627391 95700
0 8511 0 0 10986115 8346 14641144 95800
0 8514 0 0 10997246 8354 14654644 95900
0 8520 0 0 11008586 8358 14668394 96000
0 8526 0 0 11019634 8362 14681936 96100
0 8532 0 0 11030862 8366 14695725 96200
0 8537 0 0 11041995 8374 14709224 96300
0 8539 0 0 11053037 8379 14722571 96400
0 8546 0 0 11064116 8382 14735870 96500
0 8546 0 0 11075196 8386 14749289 96600
0 8549 0 0 11086316 8388 14762680 96700
0 8554 0 0 11097350 8391 14776041 96800
0 8554 0 0 11108545 8396 14789702 96900
0 8562 0 0 11119646 8397 14803298 97000
0 8566 0 0 11130741 8404 14816917 97100
0 8573 0 0 11141944 8406 14830513 97200
0 8575 0 0 11152890 8413 14843798 97300
0 8581 0 0 11164010 8416 14857339 97400
0 8588 0 0 11175041 8426 14870989 97500
0 8592 0 0 11186081 8430 14884610 97600
0 8598 0 0 11197383 8435 14898496 97700
0 8604 0 0 11208495 8439 14912101 97800
0 8606 0 0 11219692 8447 14925887 97900
0 8612 0 0 11230788 8448 14939586 98000
0 8614 0 0 11241970 8454 14953160 98100
0 8622 0 0 11253105 8457 14966831 98200
0 8625 0 0 11264140 8465 14980323 98300
0 8633 0 0 11275332 8467 14993962 98400
0 8638 0 0 11286452 8476 15007290 98500
0 8645 0 0 11297700 8482 15021054 98600
0 8653 0 0 11308969 8489 15034865 98700
0 8658 0 0 11320214 8494 15048864 98800
0 8663 0 0 11331421 8501 15062750 98900
0 8664 0 0 11342537 8505 15076484 99000
0 8671 0 0 11353689 8506 15090327 99100
0 8675 0 0 11364923 8511 15104038 99200
0 8683 0 0 11375986 8517 15117752 99300
0 8690 0 0 11387135 8527 15131261 99400
0 8693 0 0 11398400 8532 15145149 99500
0 8699 0 0 11409517 8535 15158901 99600
0 8703 0 0 11420618 8541 15172498 99700
0 8707 0 0 11432047 8545 15186432 99800
0 8711 0 0 11443230 8549 15200169 99900
