0 Infinity null 0 NaN 0
0 Infinity null 0 NaN 100
0.04369614911200985 31.0 7986 0.0 0.0 200
0.16623452063226787 20.5 6856 0.0 0.0 300
0.4498166126168652 20.333333333333332 6760 0.0 0.0 400
0.9411091142351734 23.5 6887 0.0 0.0 500
1.5965736639546684 26.6 7070 0.0 0.0 600
2.4725692061105704 30.833333333333332 7330 0.0 0.0 700
3.6029960686264197 40.142857142857146 7649 0.0 0.0 800
5.015640301681317 48.875 7983 0.0 0.0 900
6.728150017782484 60.333333333333336 8330 0.0 0.0 1000
8.743952974534093 75.3 8680 0.0 0.0 1100
11.058153650804663 91.18181818181819 9045 0.0 0.0 1200
13.472611310705963 104.08333333333333 9400 0.0 0.0 1300
16.12094312817047 119.61538461538461 9770 0.0 0.0 1400
18.994339926994822 136.85714285714286 10139 0.0 0.0 1500
22.328659507517294 157.06666666666666 10495 0.0 0.0 1600
25.92985129326729 172.375 10852 0.0 0.0 1700
29.495243292826718 192.88235294117646 11211 0.0 0.0 1800
32.975771035994995 210.72222222222223 11562 0.0 0.0 1900
36.39452134126674 230.68421052631578 11937 0.0 0.0 2000
39.99618489601519 247.8 12280 0.0 0.0 2100
43.80264933399366 268.2857142857143 12653 0.0 0.0 2200
47.564506044246166 303.45454545454544 12979 0.045454545454545456 0.5909090909090909 2300
51.306167280871925 321.6521739130435 13328 0.13043478260869565 5.173913043478261 2400
55.53862799374465 361.9583333333333 13681 0.20833333333333334 13.541666666666666 2500
59.53316006697732 402.32 14013 0.24 24.96 2600
63.27767689284523 441.9230769230769 14328 0.3076923076923077 33.11538461538461 2700
67.36954147339956 456.51851851851853 14614 0.4074074074074074 41.25925925925926 2800
71.51405945434513 473.07142857142856 14931 0.4642857142857143 53.82142857142857 2900
75.4772191034332 489.37931034482756 15241 0.4827586206896552 68.96551724137932 3000
79.10373154012409 504.6 15542 0.5 86.43333333333334 3100
83.56472074618172 514.6451612903226 15819 0.5161290322580645 91.83870967741936 3200
88.56225412957671 556.71875 16072 0.53125 92.0 3300
93.41810742661559 609.4242424242424 16303 0.5303030303030303 91.45454545454545 3400
97.96990777794242 670.5294117647059 16541 0.5441176470588235 91.3529411764706 3500
102.10213139013815 697.4285714285714 16780 0.5714285714285714 92.37142857142857 3600
105.78351753893733 718.8055555555555 17023 0.5972222222222222 96.11111111111111 3700
109.46474517768034 728.4594594594595 17221 0.6081081081081081 100.37837837837837 3800
112.79447165364792 740.5 17413 0.631578947368421 104.10526315789474 3900
116.17311684941852 753.6410256410256 17581 0.6794871794871795 105.1025641025641 4000
119.41845085454845 766.275 17750 0.7125 102.875 4100
122.49193662417774 782.3170731707318 17914 0.7317073170731707 103.17073170731707 4200
125.49620643758155 801.2380952380952 18050 0.7619047619047619 102.35714285714286 4300
128.65452964401786 816.4186046511628 18179 0.7906976744186046 101.83720930232558 4400
131.79786012420973 837.5227272727273 18325 0.8522727272727273 101.11363636363636 4500
135.24561511161704 872.5333333333333 18450 0.9222222222222223 100.82222222222222 4600
138.55118129155244 897.304347826087 18592 0.9746376811594203 100.3913043478261 4700
142.25046874713095 924.2765957446809 18720 1.0319148936170213 100.08510638297872 4800
145.65006696232658 946.7708333333334 18848 1.059027777777778 99.16666666666667 4900
148.77807103887278 963.7142857142857 18983 1.0578231292517006 101.46938775510205 5000
152.16768371280287 977.8 19120 1.0633333333333335 104.14 5100
155.35610973137423 987.8627450980392 19249 1.1111111111111112 106.54901960784314 5200
158.55672782601593 997.3461538461538 19372 1.1474358974358976 109.65384615384616 5300
161.82196248961847 1009.9056603773585 19491 1.1823899371069184 111.18867924528301 5400
165.00199209654127 1026.8703703703704 19604 1.2438271604938274 113.20370370370371 5500
167.75002093371901 1048.1090909090908 19700 1.284848484848485 117.32727272727273 5600
169.9460551438518 1071.5 19801 1.3422619047619049 120.96428571428571 5700
171.935880547719 1087.842105263158 19906 1.4064327485380117 125.33333333333333 5800
173.97518068675046 1087.3793103448277 20011 1.4770114942528736 128.13793103448276 5900
176.32221550401178 1087.2203389830509 20092 1.5197740112994351 131.28813559322035 6000
178.759379589662 1090.6166666666666 20171 1.5611111111111111 134.8 6100
180.94229273180466 1095.2622950819673 20254 1.6010928961748634 137.31147540983608 6200
183.26188630405173 1095.4354838709678 20326 1.631720430107527 140.53225806451613 6300
185.1693304828004 1095.1746031746031 20395 1.6693121693121693 139.9206349206349 6400
187.17153655311498 1105.609375 20457 1.7213541666666667 139.265625 6500
189.02355332923162 1114.4153846153847 20513 1.771794871794872 138.3230769230769 6600
190.67973441787612 1118.3636363636363 20568 1.8055555555555556 136.95454545454547 6700
192.4926177722806 1118.7611940298507 20628 1.8383084577114428 137.13432835820896 6800
193.7563594356685 1122.0882352941176 20682 1.8112745098039216 135.11764705882354 6900
194.92435802569756 1126.7391304347825 20727 1.7850241545893721 133.15942028985506 7000
196.0104965938371 1133.5428571428572 20762 1.7595238095238095 131.25714285714287 7100
196.90559988367517 1140.9718309859154 20798 1.7347417840375587 129.40845070422534 7200
197.6646269119532 1144.7083333333333 20834 1.7106481481481481 127.61111111111111 7300
198.20401101857848 1148.958904109589 20869 1.6872146118721463 125.86301369863014 7400
198.57160058544204 1151.5945945945946 20891 1.6644144144144144 124.16216216216216 7500
198.9893827899058 1157.5333333333333 20910 1.6422222222222222 122.50666666666666 7600
199.47903781388453 1168.5394736842106 20941 1.6206140350877194 120.89473684210526 7700
199.7771549563181 1175.909090909091 20969 1.5995670995670996 119.32467532467533 7800
200.1403978792996 1176.7692307692307 21002 1.5790598290598292 117.7948717948718 7900
200.53837497956872 1174.1898734177216 21022 1.559071729957806 116.30379746835443 8000
201.20122491904658 1169.9 21048 1.5395833333333333 114.85 8100
201.77339911064513 1166.7283950617284 21066 1.5205761316872428 113.4320987654321 8200
202.3253474404556 1168.719512195122 21080 1.5020325203252034 112.04878048780488 8300
202.9300113259809 1169.9518072289156 21094 1.4839357429718876 110.6987951807229 8400
203.61478088019166 1180.857142857143 21109 1.4662698412698414 109.38095238095238 8500
204.28821325050154 1189.4588235294118 21125 1.4490196078431372 108.09411764705882 8600
204.6367265570087 1205.4651162790697 21152 1.432170542635659 106.83720930232558 8700
205.1946485187391 1210.551724137931 21180 1.4157088122605364 105.60919540229885 8800
205.81792951298684 1215.6477272727273 21210 1.3996212121212122 104.4090909090909 8900
206.3807724590711 1215.1685393258426 21236 1.3838951310861425 103.23595505617978 9000
206.91836215480762 1214.2555555555555 21262 1.3685185185185185 102.08888888888889 9100
207.48369720385364 1217.5054945054944 21287 1.3571428571428572 101.6923076923077 9200
208.02755575401855 1212.7173913043478 21316 1.3496376811594204 101.52173913043478 9300
208.78395594284314 1216.1290322580646 21338 1.3494623655913978 101.49462365591398 9400
209.78797880795284 1216.2340425531916 21352 1.349290780141844 102.47872340425532 9500
210.5183557749978 1217.9894736842105 21367 1.3535087719298244 103.41052631578947 9600
211.1738972152225 1222.5416666666667 21385 1.353298611111111 106.15625 9700
211.8477881694899 1222.4020618556701 21406 1.3599656357388314 108.44329896907216 9800
212.21945247226685 1222.357142857143 21427 1.3732993197278909 110.72448979591837 9900
212.85459617487734 1221.8686868686868 21452 1.3755892255892253 113.32323232323232 10000
213.2029763240936 1220.7 21474 1.383833333333333 115.32 10100
213.53677834208992 1220.960396039604 21493 1.4047854785478544 116.48514851485149 10200
213.93142363203492 1223.137254901961 21507 1.4228758169934637 118.25490196078431 10300
214.46222846649735 1226.0970873786407 21521 1.4357605177993524 120.42718446601941 10400
215.01250999999618 1231.076923076923 21537 1.4459935897435894 122.23076923076923 10500
215.524439300795 1233.2761904761905 21555 1.4560317460317458 123.12380952380953 10600
216.0902948162402 1234.9622641509434 21572 1.4611635220125783 124.43396226415095 10700
216.55593634145626 1234.588785046729 21590 1.4699376947040497 124.58878504672897 10800
216.90905220269676 1231.6296296296296 21609 1.4702160493827157 125.71296296296296 10900
217.29714478990934 1228.6605504587155 21623 1.4689602446483179 126.57798165137615 11000
217.53356422159845 1229.3454545454545 21634 1.4722727272727272 127.55454545454545 11100
217.88443301239488 1232.8648648648648 21644 1.4725225225225225 128.32432432432432 11200
218.31796576615983 1236.7410714285713 21654 1.4754464285714286 128.48214285714286 11300
218.6063372235862 1238.8053097345132 21667 1.4924778761061948 128.44247787610618 11400
218.95540090880857 1236.9298245614036 21685 1.5021929824561404 128.94736842105263 11500
219.23805355258528 1237.7217391304348 21707 1.5065217391304349 129.9391304347826 11600
219.63207662703863 1238.1120689655172 21724 1.5095443349753694 131.14655172413794 11700
219.95072722017264 1238.1880341880342 21737 1.5137362637362637 132.89743589743588 11800
220.23747361686995 1235.3474576271187 21746 1.5263317191283294 133.8728813559322 11900
220.59439950495872 1233.09243697479 21753 1.5317126850740295 135.47058823529412 12000
220.9439964564617 1231.1833333333334 21763 1.5453373015873015 136.74166666666667 12100
221.15810217245019 1230.3553719008264 21769 1.5718221172766627 138.61157024793388 12200
221.2973095969221 1229.0409836065573 21773 1.5978727556596408 141.12295081967213 12300
221.49288876857796 1228.0650406504064 21774 1.6194347657762291 144.4471544715447 12400
221.63123175490082 1225.524193548387 21773 1.6466973886328724 147.1290322580645 12500
221.67871663401996 1223.88 21773 1.6755238095238094 150.088 12600
221.73782914047786 1222.3333333333333 21777 1.6979402872260014 153.62698412698413 12700
221.87507394192008 1219.9448818897638 21782 1.712129733783277 157.30708661417322 12800
221.99619239963198 1217.15625 21792 1.7221912202380951 157.8046875 12900
222.20751521709366 1213.8062015503876 21795 1.7398486526393502 158.10852713178295 13000
222.35292099101767 1211.4153846153847 21797 1.7764652014652014 158.27692307692308 13100
222.52521354392508 1209.0839694656488 21793 1.8087059251181388 158.96946564885496 13200
222.60403307125893 1209.0 21789 1.8328823953823952 160.02272727272728 13300
222.67552041783807 1210.4135338345864 21790 1.8566953097028285 161.31578947368422 13400
222.73570016193565 1211.134328358209 21787 1.8577647476901207 163.59701492537314 13500
222.78541344154385 1211.9333333333334 21785 1.868694885361552 166.0222222222222 13600
222.79265517520884 1211.3161764705883 21785 1.8880427170868348 168.75735294117646 13700
222.8118377111422 1211.5620437956204 21784 1.896159193604449 171.65693430656935 13800
222.74524408344828 1210.7753623188405 21784 1.9114044168391995 174.1159420289855 13900
222.7526253745457 1210.6618705035971 21783 1.9012504282288454 173.02877697841726 14000
222.79250301195185 1208.9357142857143 21784 1.887670068027211 171.79285714285714 14100
222.91724774209086 1207.8014184397164 21784 1.8766464032421477 170.7163120567376 14200
223.0329161252287 1205.7112676056338 21787 1.8657780013413814 170.35915492957747 14300
223.11030232335384 1207.7762237762238 21790 1.8550616050616047 170.7062937062937 14400
223.12822663714144 1209.1875 21794 1.844494047619047 171.74305555555554 14500
223.17062468518023 1210.5724137931034 21802 1.8352216748768466 172.06896551724137 14600
223.18594602458262 1210.0684931506848 21812 1.8295009784735807 172.07534246575344 14700
223.16050016425328 1208.7687074829932 21821 1.8323615160349849 171.8095238095238 14800
223.20243468715003 1208.7567567567567 21826 1.8334942084942079 171.8108108108108 14900
223.27751615931723 1207.1677852348994 21834 1.8379674017257905 172.13422818791946 15000
223.57375462967704 1209.18 21839 1.857380952380952 172.10666666666665 15100
225.96405417643737 1223.0986842105262 21700 1.9178101503759393 173.59868421052633 15200
228.37315463925543 1235.448051948052 21564 1.9630333951762513 176.0974025974026 15300
230.8044235067818 1243.224358974359 21435 2.022481684981684 178.78846153846155 15400
233.38294101326977 1251.23417721519 21308 2.0848553345388776 181.4493670886076 15500
235.83135423534827 1265.73125 21191 2.1212946428571415 184.20625 15600
238.0987350359658 1279.6358024691358 21075 2.153747795414461 185.6851851851852 15700
240.22085919758217 1295.591463414634 20961 2.1899825783972116 186.109756097561 15800
242.27529986991374 1310.7048192771085 20845 2.217814113597245 187.53614457831324 15900
244.3408995208077 1322.7916666666667 20733 2.23704648526077 190.29166666666666 16000
246.43732722356273 1333.629411764706 20625 2.2577871148459376 194.85294117647058 16100
248.34423105938592 1352.0174418604652 20518 2.2819213732004426 199.66860465116278 16200
250.02742030513997 1369.6494252873563 20417 2.29975369458128 201.7471264367816 16300
251.61061250339708 1377.5852272727273 20316 2.2906655844155837 200.48295454545453 16400
253.24055648925687 1375.5 20219 2.278972712680577 199.96067415730337 16500
254.8875296571393 1373.3333333333333 20116 2.2592063492063486 200.20555555555555 16600
256.6533742615605 1373.3351648351647 20015 2.237127158555729 198.54945054945054 16700
258.52425252055656 1378.0978260869565 19921 2.223680124223602 198.1141304347826 16800
260.440960185004 1385.6129032258063 19829 2.21589861751152 197.8279569892473 16900
262.3673684193333 1390.0425531914893 19743 2.2065096251266456 197.31914893617022 17000
264.2339227986607 1390.657894736842 19659 2.197318295739348 196.82105263157894 17100
265.8322379539331 1389.4479166666667 19574 2.193526785714285 196.875 17200
267.3632791578349 1387.2525773195875 19486 2.1880952380952374 197.64948453608247 17300
268.7658883993235 1385.3622448979593 19395 2.187876579203109 199.22448979591837 17400
270.0207030042769 1385.2373737373737 19307 2.1893458393458385 201.6919191919192 17500
271.2324642759684 1386.73 19223 2.1882857142857133 204.915 17600
272.39896736978534 1390.7722772277227 19141 2.1938472418670427 207.84653465346534 17700
273.5250228125495 1395.8529411764705 19061 2.21032913165266 210.27941176470588 17800
274.6057036638859 1402.5388349514562 18983 2.2289181692094306 213.70873786407768 17900
275.6023165081006 1405.2932692307693 18905 2.2495535714285704 217.625 18000
276.6759904454882 1406.3190476190475 18828 2.2733673469387745 220.97142857142856 18100
277.9326913462346 1409.7216981132076 18754 2.291543126684635 223.22169811320754 18200
279.3931511181327 1421.2102803738317 18682 2.308444592790386 224.84112149532712 18300
281.15044802835484 1433.888888888889 18612 2.339847883597882 225.44444444444446 18400
282.8748792455443 1443.2935779816514 18550 2.3798492791612045 225.6880733944954 18500
284.5769126472956 1443.6636363636364 18489 2.412305194805194 225.9227272727273 18600
286.29654609728874 1444.2252252252251 18426 2.4401222651222643 225.57207207207207 18700
288.0174723904627 1443.8526785714287 18359 2.474139030612244 225.39285714285714 18800
289.6766300326309 1443.4380530973451 18293 2.511241045090602 225.73451327433628 18900
291.06691886427984 1442.328947368421 18228 2.5454991645781115 226.10087719298247 19000
292.40577870751315 1440.9913043478261 18163 2.57843685300207 226.30434782608697 19100
293.891352907744 1440.9870689655172 18098 2.615835385878489 226.53879310344828 19200
295.4936664907434 1441.3461538461538 18036 2.6568681318681313 226.71794871794873 19300
297.2187064916974 1441.9957627118645 17974 2.692261904761904 227.1906779661017 19400
299.04334294231444 1443.7016806722688 17914 2.7207583033213276 228.31932773109244 19500
300.8122792107197 1448.4958333333334 17855 2.7321130952380943 230.0375 19600
302.4880435825932 1452.3264462809918 17797 2.7377705627705624 231.97107438016528 19700
304.3210897087451 1453.577868852459 17742 2.7378708040593285 233.89754098360655 19800
306.11144047944725 1453.638211382114 17686 2.735936895083237 235.5609756097561 19900
307.7987590303296 1454.5040322580646 17628 2.737528801843319 237.01209677419354 20000
309.4721418962269 1455.808 17573 2.7492285714285725 237.06 20100
311.09731482130155 1456.936507936508 17520 2.750651927437643 236.82539682539684 20200
312.7075520673822 1456.9960629921259 17466 2.7514904386951646 236.71653543307087 20300
314.18086824845466 1456.15625 17414 2.7540829613095252 236.7265625 20400
315.7191148799912 1453.953488372093 17364 2.7559892949427844 236.56201550387595 20500
317.2169424335059 1453.6115384615384 17314 2.7572252747252755 236.8846153846154 20600
318.5650643835556 1456.4465648854962 17265 2.7648037077426397 237.10687022900763 20700
319.7876723459405 1462.9848484848485 17216 2.7687500000000007 237.1931818181818 20800
320.8926183503325 1470.6766917293232 17170 2.766013247404225 237.51127819548873 20900
321.9479764156008 1476.5074626865671 17123 2.7609186211798153 237.3955223880597 21000
323.16168554630934 1477.8703703703704 17075 2.7540476190476193 236.83333333333334 21100
324.42421958056207 1478.2132352941176 17029 2.7624737394957988 236.09191176470588 21200
325.6817789387032 1479.7299270072992 16981 2.7853753910323253 235.4160583941606 21300
326.83948342218184 1480.7717391304348 16935 2.8043219461697726 235.22826086956522 21400
328.0048451596049 1480.5611510791366 16891 2.8098064405618364 235.3273381294964 21500
329.1413077165698 1479.0785714285714 16848 2.8129506802721096 235.43214285714285 21600
330.28372172547256 1478.031914893617 16802 2.8125042215467757 236.1241134751773 21700
331.34484809539856 1479.3767605633802 16754 2.811477196512409 237.26408450704224 21800
332.2333765982456 1480.5524475524476 16711 2.8111638361638374 237.8846153846154 21900
332.94759848227017 1480.2916666666667 16667 2.8145585317460333 238.0 22000
333.67047804186944 1479.655172413793 16624 2.819285714285716 238.33793103448275 22100
334.50075003166313 1480.0376712328766 16581 2.8254892367906086 238.46917808219177 22200
335.1958544494285 1480.8299319727892 16539 2.832628765792033 238.23469387755102 22300
335.7726341145416 1480.6216216216217 16498 2.845583976833979 237.7331081081081 22400
336.28998648877365 1480.1107382550335 16458 2.8558485139022074 237.4765100671141 22500
336.57219494051805 1481.97 16417 2.8659761904761925 237.25 22600
336.70949094841313 1482.708609271523 16375 2.8767975402081385 237.28807947019868 22700
336.78978979782295 1482.3815789473683 16334 2.8795817669172954 238.08223684210526 22800
336.8272327381102 1481.075163398693 16295 2.8777544351073785 239.29084967320262 22900
336.91977296739856 1480.1168831168832 16255 2.877736549165123 240.5 23000
337.01419940551943 1479.4741935483871 16217 2.877718894009219 242.08064516129033 23100
337.165920635061 1477.948717948718 16180 2.8813873626373647 243.39423076923077 23200
337.3663509772921 1476.6624203821657 16143 2.887238398544133 244.43312101910828 23300
337.66608015105913 1475.7151898734178 16106 2.893648282097651 245.93987341772151 23400
337.9937010761556 1475.6666666666667 16071 2.898719676549867 247.84591194968553 23500
338.27616914948817 1474.703125 16036 2.9112276785714304 249.375 23600
338.5861957705937 1473.8478260869565 16001 2.9307231588287506 250.93167701863354 23700
338.8702674290656 1473.4166666666667 15966 2.9542989417989434 252.820987654321 23800
339.14045922017476 1473.4294478527606 15930 2.977585451358459 253.94478527607362 23900
339.35905911347345 1473.658536585366 15896 3.0021123693379805 254.3109756097561 24000
339.5634571585667 1473.2969696969697 15861 3.0286147186147203 255.0030303030303 24100
339.76105317073313 1472.683734939759 15829 3.0555507745266794 255.7289156626506 24200
339.92929485305916 1473.1437125748503 15797 3.079918733960651 255.7814371257485 24300
340.1802557834797 1476.2767857142858 15765 3.088371598639457 255.9345238095238 24400
340.47215523410057 1480.7573964497042 15734 3.087848689771768 256.2307692307692 24500
340.66396490951456 1483.5970588235293 15703 3.0824299719887964 257.7676470588235 24600
340.7633567756353 1483.388888888889 15673 3.078780284043442 261.1666666666667 24700
340.8176761603677 1481.4796511627908 15642 3.0645141196013292 266.51162790697674 24800
340.8338802570616 1478.5433526011561 15610 3.0522914946325357 269.0346820809249 24900
340.7963382075683 1476.1752873563219 15577 3.0392036124794757 272.5057471264368 25000
340.70771302567454 1474.962857142857 15545 3.026836734693879 273.80285714285714 25100
340.65097667722716 1474.590909090909 15512 3.0160308441558454 272.94034090909093 25200
340.7098957363293 1473.90395480226 15480 3.0150928167877336 271.65819209039546 25300
340.8481762836472 1473.2303370786517 15448 3.013884430176567 270.89044943820227 25400
341.00779530133383 1471.2094972067039 15417 3.007102952913011 270.4860335195531 25500
341.2203171256669 1469.2583333333334 15387 2.9992857142857163 269.875 25600
341.4216900365505 1467.7348066298343 15358 2.990449881610105 269.02762430939225 25700
341.6188186909728 1466.3461538461538 15328 2.9847331240188404 267.9258241758242 25800
341.83877961829273 1464.8825136612022 15299 2.980991412958628 266.92622950819674 25900
342.0635118139521 1463.5407608695652 15270 2.9751164596273303 266.0978260869565 26000
342.30793127006757 1461.954054054054 15242 2.9628185328185337 265.1918918918919 26100
342.45452851486414 1459.4005376344087 15213 2.9485023041474667 264.0752688172043 26200
342.53221639229787 1456.6283422459894 15183 2.935408708938122 263.379679144385 26300
342.6290033892088 1453.3510638297873 15155 2.9256458966565355 262.70212765957444 26400
342.6710905542609 1450.3015873015872 15126 2.9185437137818098 262.16402116402116 26500
342.68437031433336 1447.4131578947367 15097 2.9123934837092746 261.8157894736842 26600
342.7676101612877 1444.2722513089004 15068 2.908052854649715 261.9005235602094 26700
342.8594022944335 1441.1380208333333 15039 2.9093998015873033 262.0182291666667 26800
342.9484075464258 1437.8549222797928 15010 2.914618800888233 262.2746113989637 26900
343.04447036488256 1434.9381443298969 14983 2.9189248895434483 263.2319587628866 27000
343.1469504884945 1432.5 14956 2.9244688644688663 264.5358974358974 27100
343.308113156031 1431.188775510204 14931 2.931231778425658 265.7551020408163 27200
343.5268224200049 1429.8781725888325 14906 2.9349649504471857 266.88578680203045 27300
343.7554119630075 1428.0984848484848 14881 2.937397787397789 267.4570707070707 27400
344.0406070747042 1426.4497487437186 14857 2.936396267049535 267.95477386934675 27500
344.3080004489901 1425.12 14833 2.9307619047619062 267.8175 27600
344.59089660107145 1423.5746268656717 14808 2.9267945984363903 267.60199004975124 27700
344.8562014602743 1422.170792079208 14785 2.9241867043847245 267.44554455445547 27800
344.9831267489812 1420.6059113300494 14763 2.9234107436077874 267.3743842364532 27900
345.0675322792785 1419.5392156862745 14740 2.931547619047618 267.7156862745098 28000
345.20625774077877 1418.2024390243903 14718 2.9513937282229956 268.3536585365854 28100
345.3943679488901 1417.1747572815534 14698 2.973474341192787 269.5145631067961 28200
345.5778715745261 1416.304347826087 14676 2.9965493443754303 271.1159420289855 28300
345.6764994511715 1415.3701923076924 14655 3.0194024725274717 272.8269230769231 28400
345.73126924179917 1414.4258373205741 14634 3.030075187969924 275.27272727272725 28500
345.82297676092634 1413.759523809524 14611 3.0275510204081626 277.4809523809524 28600
345.853605898624 1413.239336492891 14589 3.0238659444820573 277.5165876777251 28700
345.8544065824271 1413.1084905660377 14569 3.0119609164420478 276.8018867924528 28800
345.8922197641027 1412.7042253521126 14547 2.9989939637826954 275.50704225352115 28900
345.96945363148205 1412.2219626168223 14526 2.989652870493991 274.2570093457944 29000
346.0924943323218 1411.3255813953488 14505 2.985049833887042 273.2325581395349 29100
346.23589060204114 1411.0833333333333 14484 2.986276455026454 272.74305555555554 29200
346.353579858444 1411.4354838709678 14463 2.9878757954794817 272.5622119815668 29300
346.5456412149761 1411.084862385321 14444 2.984682175622542 272.4403669724771 29400
346.78045734371693 1410.2100456621004 14425 2.9818982387475534 272.51141552511416 29500
347.0514439301696 1409.5522727272728 14406 2.9865259740259735 272.15 29600
347.2433138497738 1408.8235294117646 14387 2.9950711053652226 272.1018099547511 29700
347.4004642124242 1407.8288288288288 14370 3.002413127413127 272.3828828828829 29800
347.5996176236798 1406.8991031390135 14352 3.011370916079436 272.56053811659194 29900
347.8490525402554 1405.810267857143 14335 3.014110331632653 272.97098214285717 30000
348.09747290319086 1404.2044444444443 14319 3.012380952380952 273.3288888888889 30100
348.2347638559942 1402.6858407079646 14302 3.004029709228824 274.4778761061947 30200
348.39966391108015 1402.5506607929515 14284 2.9979546884833224 275.4162995594714 30300
348.579475458575 1404.8377192982457 14266 2.995222431077694 276.0328947368421 30400
348.815284747174 1407.0152838427948 14250 2.9889114160948216 277.5349344978166 30500
349.08992125786705 1407.3086956521738 14233 2.980698757763974 279.07608695652175 30600
349.36374369617573 1405.4848484848485 14216 2.9751546072974637 279.46320346320346 30700
349.6139466250121 1403.6120689655172 14197 2.9713823891625615 279.02370689655174 30800
349.8453613328958 1402.431330472103 14179 2.967642550582465 279.05150214592277 30900
350.0322028487703 1401.621794871795 14161 2.9641483516483524 279.27564102564105 31000
350.1921609209085 1400.6574468085107 14143 2.960577507598785 280.04468085106384 31100
350.3728643183433 1399.7542372881355 14125 2.9575665859564175 280.76271186440675 31200
350.52376583724384 1398.3966244725739 14108 2.9588004822182046 281.1476793248945 31300
350.64963333522525 1396.7100840336134 14089 2.9610744297719096 281.96638655462186 31400
350.77945141331145 1394.9267782426778 14073 2.9622833233711905 283.06694560669456 31500
350.9038560288333 1392.85625 14056 2.963690476190477 283.9 31600
351.0430230722194 1390.8651452282159 14039 2.9621813870776528 284.7282157676349 31700
351.143999043824 1389.0723140495868 14022 2.960788075560803 284.97314049586777 31800
351.23822219699485 1387.2119341563787 14004 2.958377425044092 284.53909465020575 31900
351.35944197987845 1385.127049180328 13985 2.9600848946135834 284.30122950819674 32000
351.52498301971525 1382.942857142857 13968 2.9607580174927115 284.16530612244895 32100
351.6978156990569 1380.8028455284552 13952 2.961933797909408 284.119918699187 32200
351.80609133536933 1379.342105263158 13935 2.9691729323308276 284.11538461538464 32300
351.8862508285466 1379.350806451613 13919 2.9769585253456223 284.1471774193548 32400
351.9481775179382 1379.289156626506 13901 2.9818703384968446 283.9859437751004 32500
352.00234353823504 1378.47 13884 2.987942857142857 283.876 32600
352.0530884505845 1376.3087649402391 13867 2.994365395560615 283.9043824701195 32700
352.12207652105496 1374.9087301587301 13851 2.9971655328798192 283.6984126984127 32800
352.23424832793506 1374.48814229249 13835 2.9971767363071713 282.9347826086956 32900
352.3813146156765 1374.1929133858268 13821 2.989313835770529 282.0590551181102 33000
352.49172731233864 1375.4843137254902 13808 2.981120448179272 281.3235294117647 33100
352.5994600241487 1378.890625 13794 2.976116071428572 280.822265625 33200
352.7284670075399 1380.31906614786 13782 2.9723179544191227 280.420233463035 33300
352.9023252507562 1378.9341085271317 13769 2.969324473975638 280.09302325581393 33400
353.05486495501776 1377.5366795366795 13756 2.970086412943557 279.8127413127413 33500
353.19214374892266 1376.1615384615384 13742 2.9724450549450556 279.62115384615385 33600
353.2943153885803 1374.0804597701149 13729 2.978297755883964 279.72030651341 33700
353.3571812981197 1371.8167938931297 13714 2.985378044347511 279.76145038167937 33800
353.40918360051717 1369.7376425855514 13699 2.980363932645303 279.5152091254753 33900
353.42180327846665 1368.1344696969697 13683 2.9690746753246766 278.4564393939394 34000
353.3884452080269 1366.8377358490566 13668 2.958499550763703 277.57358490566037 34100
353.32186142896893 1365.6597744360902 13654 2.9486305048335133 276.8646616541353 34200
353.3070802642502 1364.5318352059926 13640 2.9375869448903167 275.82771535580525 34300
353.3230110387567 1363.7929104477612 13625 2.927558635394457 274.875 34400
353.3586478388931 1362.864312267658 13610 2.9199283058948495 274.24163568773236 34500
353.4428804671505 1361.887037037037 13596 2.913280423280424 274.1166666666667 34600
353.46776580767136 1360.728782287823 13582 2.908372869442981 274.2361623616236 34700
353.4582293929132 1359.0 13569 2.9056460084033624 274.12867647058823 34800
353.4829284945461 1357.2307692307693 13556 2.901107622536195 274.1300366300366 34900
353.4776298461387 1356.2901459854015 13542 2.8984271810914155 274.32481751824815 35000
353.4754391012313 1356.8672727272726 13528 2.897584415584417 274.74727272727273 35100
353.528889349641 1357.802536231884 13516 2.8965967908902703 275.3242753623188 35200
353.64270591702876 1358.2707581227437 13504 2.8924574522949986 275.956678700361 35300
353.7499487741585 1357.320143884892 13491 2.886998972250772 276.7571942446043 35400
353.8545149630357 1356.9068100358422 13479 2.881579621095751 277.47670250896056 35500
353.9813491787636 1358.0214285714285 13466 2.877181122448981 277.83214285714286 35600
354.1101240387201 1359.9804270462635 13455 2.871568378240977 278.01601423487546 35700
354.1951839585724 1362.5531914893618 13443 2.8663500506585624 278.65248226950354 35800
354.27021215014037 1364.4505300353358 13433 2.8615219586067653 279.57773851590105 35900
354.37387149916503 1364.505281690141 13422 2.8598968812877277 280.1073943661972 36000
354.423972578017 1363.1842105263158 13410 2.8607393483709287 280.7438596491228 36100
354.4418569896424 1362.041958041958 13398 2.862624875124877 281.7097902097902 36200
354.4817026766034 1361.4599303135888 13386 2.863626182180191 282.9756097560976 36300
354.5315230234585 1360.6197916666667 13373 2.862074239417991 284.3576388888889 36400
354.55522756650066 1359.3391003460208 13360 2.862407315867525 285.5813148788927 36500
354.55881197612575 1358.0379310344827 13346 2.8637438423645336 286.45862068965516 36600
354.4892172926834 1356.8539518900343 13333 2.8633529700540024 286.7594501718213 36700
354.37621109861055 1355.8647260273972 13320 2.860396281800393 286.9571917808219 36800
354.28559046187485 1354.6569965870308 13307 2.8560945880058526 286.7542662116041 36900
354.19401290787454 1353.1173469387754 13293 2.8525024295432475 286.28061224489795 37000
354.1060929609759 1351.506779661017 13279 2.848313155770785 285.99830508474577 37100
354.03752906041547 1350.8597972972973 13266 2.8426319176319192 286.4155405405405 37200
353.9934722362118 1352.2861952861954 13253 2.836147186147188 288.45286195286195 37300
353.957601717749 1353.6577181208054 13240 2.829426334292108 290.87919463087246 37400
353.91545877331043 1354.5886287625417 13227 2.824143971970061 292.29765886287623 37500
353.9085959234594 1355.6066666666666 13215 2.8219523809523834 293.5083333333333 37600
353.90802331715935 1356.310631229236 13202 2.823097611137481 294.5348837209302 37700
353.84054403259574 1356.1986754966888 13190 2.827684484389785 295.61920529801324 37800
353.73518085625113 1354.4257425742574 13178 2.8385667138142407 296.4438943894389 37900
353.64067369569983 1352.4292763157894 13166 2.851104323308273 297.0625 38000
353.56192542089707 1350.6868852459017 13153 2.8607728337236553 298.0360655737705 38100
353.4783918578121 1350.4624183006536 13142 2.8697245564892646 298.94607843137254 38200
353.40724254369667 1351.6921824104234 13130 2.8763378315495602 299.38110749185665 38300
353.3287630846597 1352.3814935064936 13119 2.8835575139146594 299.8344155844156 38400
353.24506469350683 1353.4805825242718 13108 2.8890044691015593 300.23624595469255 38500
353.1596319990073 1355.7387096774194 13096 2.891244239631339 300.1693548387097 38600
353.1034977454929 1360.2556270096463 13085 2.8940055121727175 299.85691318327974 38700
353.073583889997 1364.3942307692307 13075 2.8988324175824203 299.46314102564105 38800
353.0693402402709 1367.2619808306708 13064 2.9073026015518053 299.1533546325879 38900
353.1008453390867 1368.501592356688 13054 2.9151615104640607 299.0636942675159 39000
353.1871987844861 1369.6761904761904 13044 2.9229705215419526 299.02539682539685 39100
353.31284194831494 1370.995253164557 13034 2.928356690777579 298.98892405063293 39200
353.4148745022791 1371.9116719242902 13024 2.932131590806672 298.782334384858 39300
353.53575794722695 1372.4716981132076 13013 2.935227613057804 298.3883647798742 39400
353.63194657021376 1372.6128526645768 13003 2.9343857292133175 298.06739811912223 39500
353.6924093526406 1372.80625 12992 2.9280803571428597 297.55625 39600
353.7515170540571 1372.8831775700935 12981 2.921295060080109 296.77570093457945 39700
353.8633040606161 1373.027950310559 12970 2.914551907719612 296.4378881987578 39800
354.07724762097666 1372.9334365325078 12959 2.9101724900486534 296.3034055727554 39900
354.35745390805664 1372.6172839506173 12948 2.9078777189888325 295.9490740740741 40000
354.5884574201224 1372.323076923077 12937 2.900981684981687 295.4215384615385 40100
354.75649206780554 1371.9187116564417 12925 2.8941279579316412 294.5490797546012 40200
354.8798833170986 1371.3929663608562 12914 2.885277413717783 293.64831804281346 40300
354.9379232043709 1370.6737804878048 12903 2.876480836236936 292.7530487804878 40400
354.9457093843295 1370.5668693009118 12892 2.8677377333912313 291.8632218844985 40500
354.9635717920652 1370.5378787878788 12881 2.859552669552672 291.0 40600
355.0226064057654 1370.6737160120847 12871 2.8534311609840333 290.25528700906347 40700
355.08783751546895 1370.6144578313254 12861 2.852366609294322 289.7740963855422 40800
355.17866548129405 1370.7987987987988 12851 2.8543114543114565 289.6171171171171 40900
355.2596645391247 1370.8413173652696 12841 2.850256629597949 289.78443113772454 41000
355.2691053294228 1370.3611940298508 12830 2.847718550106612 290.1208955223881 41100
355.22711293228633 1369.763392857143 12820 2.848171768707485 290.3482142857143 41200
355.1840536477609 1369.072700296736 12810 2.8478804578211125 290.82047477744806 41300
355.1462778438915 1368.2366863905324 12799 2.8438926458157248 290.7795857988166 41400
355.1301759383125 1367.377581120944 12787 2.8362410450906044 289.9321533923304 41500
355.1048285053849 1366.5088235294118 12776 2.8293697478991615 289.1 41600
355.0690990508567 1365.4516129032259 12764 2.8210724759111874 288.25219941348973 41700
354.99541901326535 1364.3961988304093 12752 2.8128237259816227 287.4093567251462 41800
354.93524396734364 1363.402332361516 12741 2.804987505206166 286.59620991253644 41900
354.9333833637561 1362.4258720930231 12729 2.7975602159468456 285.8125 42000
355.01890710657403 1361.5579710144928 12718 2.7894513457556953 284.98405797101447 42100
355.09353242593926 1361.0014450867052 12708 2.7817506193228754 284.16473988439304 42200
355.1573284121938 1360.0518731988473 12698 2.774934815424731 283.3688760806916 42300
355.22839964288505 1358.9612068965516 12688 2.7688765736179546 282.6810344827586 42400
355.25859330865694 1357.9054441260746 12678 2.7638081593669006 282.1590257879656 42500
355.20749408704006 1357.107142857143 12668 2.759244897959186 281.74285714285713 42600
355.127182723799 1356.2663817663818 12657 2.7551824718491407 281.72507122507125 42700
355.0498248917043 1355.4786931818182 12647 2.7506696428571455 282.06107954545456 42800
354.94645347018275 1355.0254957507082 12637 2.748188992310808 282.6685552407932 42900
354.81176788341423 1355.2203389830509 12627 2.7474878934624725 283.9124293785311 43000
354.68953133744355 1355.212676056338 12617 2.746086519114691 285.53521126760563 43100
354.57213475245663 1354.443820224719 12607 2.745044141252009 287.37640449438203 43200
354.4696117611003 1352.9173669467787 12597 2.7444977991196504 288.9957983193277 43300
354.3860145072595 1351.1857541899442 12587 2.7438148443735058 290.4441340782123 43400
354.3241307774866 1349.5473537604457 12576 2.7448070035813785 291.81197771587745 43500
354.2621825708519 1347.9777777777779 12566 2.7480158730158744 292.8305555555556 43600
354.1531800438844 1346.5013850415512 12556 2.75129930088379 293.718836565097 43700
354.03862310488154 1345.2182320441989 12546 2.7536306235201278 294.23756906077347 43800
353.9776185239643 1344.081267217631 12535 2.755096418732784 294.3250688705234 43900
353.95297074313106 1342.73489010989 12526 2.7582957221350095 294.2293956043956 44000
353.96127988771974 1341.164383561644 12516 2.758321917808221 294.23561643835615 44100
353.96841548204145 1339.6120218579235 12507 2.7566403200624525 294.077868852459 44200
353.95020564150724 1338.1049046321525 12498 2.7553571428571444 293.8760217983651 44300
353.93624425748766 1336.421195652174 12489 2.7531104425465855 293.79755434782606 44400
353.9324530898728 1334.9227642276423 12479 2.7508759194734824 293.8590785907859 44500
353.9329444612665 1333.541891891892 12470 2.746554054054056 294.1783783783784 44600
353.95250339808666 1332.2371967654988 12461 2.742520215633425 294.5835579514825 44700
353.9457649041341 1330.869623655914 12453 2.739180107526884 295.1236559139785 44800
353.95717183375655 1329.378016085791 12444 2.737533512064345 295.40214477211794 44900
353.95469911457496 1327.6644385026739 12435 2.7368029029793757 295.7994652406417 45000
353.92141278643385 1325.9253333333334 12426 2.739790476190478 295.8826666666667 45100
353.8671082680089 1324.2313829787233 12417 2.7416223404255335 296.43882978723406 45200
353.8010167287272 1322.7864721485412 12409 2.7400341038272096 297.579575596817 45300
353.7345919554601 1321.376984126984 12400 2.7409423028470665 298.35714285714283 45400
353.6506961860659 1320.0079155672822 12391 2.7429450936047255 299.19656992084435 45500
353.55747246033485 1318.821052631579 12382 2.7474812030075197 299.72105263157897 45600
353.4841991110113 1317.5918635170603 12373 2.753218347706537 299.6929133858268 45700
353.40770383872933 1316.4005235602094 12364 2.7563575168287207 299.7657068062827 45800
353.35153886487814 1315.322454308094 12356 2.7596046251398723 299.8146214099217 45900
353.33787277478774 1314.37109375 12348 2.762752149470898 299.7721354166667 46000
353.34420090670784 1313.577922077922 12341 2.764432591218304 299.9103896103896 46100
353.37810341700714 1312.7253886010362 12333 2.7655825931408815 300.28108808290153 46200
353.4205900641575 1311.6899224806202 12326 2.7641785611746834 300.7997416020672 46300
353.45573391282767 1310.6417525773195 12319 2.7613678203240046 301.1791237113402 46400
353.51192713441554 1309.4511568123394 12312 2.758767903048107 301.31748071979433 46500
353.5909994466435 1308.376923076923 12306 2.75650183150183 301.4089743589744 46600
353.6720655430927 1307.386189258312 12299 2.7553891121666045 301.63299232736574 46700
353.7272414617977 1306.533163265306 12292 2.756195335276967 301.6900510204082 46800
353.7846044707381 1305.8575063613232 12285 2.7564521992002895 301.8956743002544 46900
353.7896539129014 1305.5951776649747 12279 2.7563451776649734 302.0989847715736 47000
353.7571417325787 1305.2025316455697 12272 2.7548824593128383 302.39113924050633 47100
353.7534837065046 1305.013888888889 12266 2.75297619047619 302.45959595959596 47200
353.76599257156914 1304.8337531486145 12259 2.750449802087081 302.42821158690174 47300
353.7646385256725 1304.5188442211056 12252 2.7499999999999996 302.3391959798995 47400
353.7158201341858 1304.204260651629 12244 2.7506265664160403 302.4624060150376 47500
353.65214728808604 1303.87375 12237 2.75 302.6575 47600
353.5987837693244 1303.294264339152 12230 2.749376558603491 302.85536159600997 47700
353.53273127033503 1302.5074626865671 12222 2.7488672707889115 303.10696517412936 47800
353.4666280574545 1301.8250620347394 12214 2.747009039347748 303.5334987593052 47900
353.4331025622569 1300.9851485148515 12207 2.7446958981612437 304.08168316831683 48000
353.4471168998525 1300.020987654321 12199 2.7427028218694876 304.8135802469136 48100
353.49604774292135 1299.1847290640394 12192 2.7422760770975043 305.4100985221675 48200
353.55123789430974 1298.374692874693 12185 2.742499804999803 306.002457002457 48300
353.59730377161117 1297.3848039215686 12178 2.7435394296607507 306.4424019607843 48400
353.6354318747219 1296.416870415648 12172 2.7463397950867363 306.30195599022005 48500
353.66882835731036 1295.389024390244 12165 2.7484625435540044 306.07560975609755 48600
353.7021529154114 1294.3187347931873 12158 2.748466284323946 305.8844282238443 48700
353.71650957147716 1293.1941747572816 12152 2.747741851595004 305.751213592233 48800
353.708375627449 1292.2118644067796 12145 2.746200372804486 305.5145278450363 48900
353.70225741122573 1291.3285024154588 12139 2.7445321486082324 305.20772946859904 49000
353.70176158262154 1290.6614457831324 12132 2.7439429145151997 304.955421686747 49100
353.6946504507584 1290.0252403846155 12126 2.743757154304025 304.8293269230769 49200
353.71812812126626 1289.3585131894483 12119 2.744371645540706 304.7973621103117 49300
353.76144052635135 1288.6806220095693 12112 2.744641433128271 304.8480861244019 49400
353.8368545616521 1288.27446300716 12106 2.743823161722919 304.74463007159903 49500
353.89855317631884 1288.267857142857 12099 2.742498582766436 304.725 49600
353.947744911992 1288.0570071258908 12092 2.7416256645175845 304.88479809976246 49700
353.9990234621331 1287.7654028436018 12085 2.740164466260434 305.20971563981044 49800
354.0746775704387 1287.21158392435 12078 2.7383302375323613 305.5354609929078 49900
354.0961538332139 1286.5495283018868 12071 2.7381892969451895 305.80306603773585 50000
354.0735407903323 1286.0258823529412 12064 2.7407661064425732 306.17529411764707 50100
354.0332698522292 1285.2957746478874 12056 2.7441132908562444 306.57159624413146 50200
354.01122933852406 1284.7002341920374 12049 2.7484205977472915 306.615925058548 50300
354.0010107577947 1284.2172897196263 12042 2.752172340898972 306.7196261682243 50400
354.0051145104285 1283.7156177156178 12034 2.7546439671439624 306.9801864801865 50500
354.0383663001298 1283.3232558139534 12027 2.7584122369878137 307.3406976744186 50600
354.04248438038707 1282.9176334106728 12020 2.7621952454609024 307.915313225058 50700
354.0431230329549 1282.3935185185185 12013 2.765558862433858 308.21064814814815 50800
354.0486780437553 1281.622401847575 12006 2.7694201583635722 308.50230946882215 50900
354.05953378560514 1280.8202764976959 11999 2.772111586570108 309.147465437788 51000
354.0966578014827 1280.0068965517241 11993 2.7707881773398975 309.63448275862066 51100
354.1691668236373 1279.3119266055046 11987 2.7685288335517657 309.2144495412844 51200
354.23720516133886 1278.5686498855835 11981 2.7656260215756747 308.71510297482837 51300
354.25285468708614 1277.6917808219177 11975 2.761431833007172 308.1552511415525 51400
354.26058368047245 1276.5318906605924 11969 2.7587482373359333 307.5876993166287 51500
354.2626015319101 1275.9011363636364 11962 2.7560768398268363 307.0875 51600
354.2643756863065 1276.3219954648525 11955 2.753417557499187 306.6451247165533 51700
354.2724044662266 1276.5316742081448 11950 2.752197802197799 306.1108597285068 51800
354.3018213085078 1275.9887133182845 11945 2.7513060303127994 305.7189616252822 51900
354.37298328730293 1275.2364864864865 11940 2.7510617760617726 305.4313063063063 52000
354.47116952720336 1274.3516853932583 11935 2.752718031032634 305.2056179775281 52100
354.54284503741115 1274.182735426009 11929 2.7576073030108867 305.32286995515693 52200
354.5873214426858 1274.851230425056 11923 2.7576648556514285 305.82774049217 52300
354.6217440285844 1275.4620535714287 11918 2.7563456632653014 306.2578125 52400
354.6463799691107 1276.1926503340758 11912 2.7580019090041317 306.62138084632517 52500
354.65751948284253 1277.7922222222223 11906 2.7596507936507892 307.0588888888889 52600
354.6225953494414 1279.1330376940134 11900 2.755749128919856 307.47117516629714 52700
354.55863474337224 1280.0630530973451 11895 2.750758533501892 307.1526548672566 52800
354.4785985665935 1280.7008830022075 11888 2.7479974771365456 307.6026490066225 52900
354.38507118169525 1281.2224669603524 11882 2.744697923222148 307.852422907489 53000
354.28980221992924 1282.2703296703296 11875 2.740313971742539 307.63516483516486 53100
354.2087880830961 1283.2006578947369 11869 2.7359492481202965 307.74780701754383 53200
354.14258829770176 1284.0525164113785 11863 2.731603626133162 308.1881838074398 53300
354.120499318866 1284.495633187773 11857 2.7267311291328715 308.4017467248908 53400
354.0854838486235 1284.7570806100218 11851 2.7207905384375928 307.7298474945534 53500
354.00647963055695 1285.0391304347827 11844 2.715419254658381 307.0728260869565 53600
353.90809525400203 1285.2993492407809 11838 2.712782770374957 306.47939262472886 53700
353.8136443576962 1285.5919913419914 11831 2.7134044526901624 306.07034632034635 53800
353.72290993146123 1285.8207343412528 11824 2.7129435359456915 306.0107991360691 53900
353.62441033440325 1286.0915948275863 11818 2.7108682266009807 306.08943965517244 54000
353.5246391297336 1286.1774193548388 11812 2.7098771121351724 305.98709677419356 54100
353.44191207593735 1286.0150214592275 11805 2.707817290006127 306.44742489270385 54200
353.3725413260266 1285.7558886509637 11799 2.7095136127256 307.6477516059957 54300
353.2911075355907 1285.4679487179487 11793 2.7240231990231947 308.53632478632477 54400
353.2148328795605 1284.7761194029852 11787 2.7406031069144032 309.3379530916844 54500
353.1459820654589 1284.3223404255318 11781 2.7523252279635213 310.42765957446807 54600
353.02974074850187 1284.4713375796177 11775 2.753912647861688 311.3524416135881 54700
352.889226602029 1284.573093220339 11768 2.75372780468119 311.42161016949154 54800
352.73542903263194 1284.6797040169133 11762 2.753191382261146 311.09302325581393 54900
352.55349653189086 1284.6276371308018 11756 2.7551185453084153 310.8976793248945 55000
352.3527482865883 1284.3831578947368 11750 2.7570375939849585 310.88631578947366 55100
352.15060591796095 1283.9936974789916 11742 2.757197879151657 311.1186974789916 55200
351.9759346900697 1283.691823899371 11735 2.757008086253365 311.5796645702306 55300
351.8109254774856 1283.3493723849372 11728 2.7569934249850525 312.1642259414226 55400
351.6718533308994 1282.866388308977 11722 2.757239785266921 312.6544885177453 55500
351.55364794974923 1282.3052083333334 11715 2.758005952380948 312.8510416666667 55600
351.41325924809325 1281.6496881496882 11708 2.755390555390551 313.0727650727651 55700
351.26765255365933 1281.0767634854772 11701 2.7551200355660894 312.7002074688797 55800
351.17202218450615 1280.5424430641822 11694 2.7569210292812736 312.407867494824 55900
351.10493689727554 1280.0723140495868 11687 2.759489374262097 312.1735537190083 56000
351.0127392931306 1279.719587628866 11681 2.759985272459495 311.9463917525773 56100
350.88909534152066 1279.2746913580247 11674 2.757804232804229 311.7438271604938 56200
350.7545304331178 1278.6909650924024 11668 2.756299501320031 311.45687885010267 56300
350.60542301332123 1278.075819672131 11662 2.755945062451206 311.3340163934426 56400
350.452624513112 1277.4703476482618 11655 2.757466647190569 311.25357873210635 56500
350.3118592634603 1276.7204081632653 11649 2.7566010689990237 311.38367346938776 56600
350.18093165527586 1275.9409368635438 11641 2.754381243332359 311.4704684317719 56700
350.0236566114084 1275.2083333333333 11635 2.7504766744095965 311.6819105691057 56800
349.8575363012132 1274.579107505071 11628 2.746249879262045 312.1764705882353 56900
349.69448908796556 1273.9048582995952 11622 2.7427149604781134 312.4676113360324 57000
349.56219812365214 1273.1949494949495 11616 2.739194324194319 312.9979797979798 57100
349.45715403919303 1272.342741935484 11610 2.7353518625191957 314.09576612903226 57200
349.3669554384293 1271.5342052313883 11604 2.73118951806074 315.6066398390342 57300
349.2984169651807 1270.70281124498 11598 2.727713233887927 316.5793172690763 57400
349.23431793595256 1269.8867735470942 11591 2.7240838820498077 317.4328657314629 57500
349.17433169307327 1269.141 11585 2.719635714285708 317.368 57600
349.12206009676095 1268.5419161676646 11579 2.7142072996863353 316.7345309381237 57700
349.06163248749954 1268.184262948207 11573 2.7097965281730163 316.12749003984067 57800
349.00550953792316 1267.7196819085486 11567 2.710373473445038 315.59542743538765 57900
348.9655918364662 1267.169642857143 11561 2.7169005102040757 315.15277777777777 58000
348.9366917299068 1266.6257425742574 11556 2.7234016973125823 314.84653465346537 58100
348.9242875602793 1266.1620553359685 11551 2.7259246188593953 314.5148221343874 58200
348.9160762038223 1265.7652859960551 11546 2.721041138348825 313.9871794871795 58300
348.91653834497396 1265.4055118110236 11541 2.7181453880764845 313.6545275590551 58400
348.9468435010783 1264.9715127701375 11536 2.7167344934044286 313.39292730844795 58500
348.99997177790056 1264.592156862745 11531 2.7146755368814133 313.2147058823529 58600
349.0497537509885 1264.146771037182 11526 2.712624638896649 313.192759295499 58700
349.0618727591588 1263.5322265625 11521 2.709605189732137 313.5380859375 58800
349.0402897468301 1263.3011695906432 11516 2.707003620161509 313.7573099415205 58900
349.0046797597902 1262.9474708171206 11511 2.7041689827681985 313.88229571984436 59000
348.9865474477661 1262.5291262135922 11506 2.701830790568649 313.9844660194175 59100
348.9766890861028 1262.2151162790697 11500 2.700470653377624 314.07073643410854 59200
348.9565201499066 1261.9758220502902 11494 2.701050013815965 314.1257253384913 59300
348.9209777916582 1261.4555984555984 11489 2.7006618863761664 314.55212355212353 59400
348.91612666385913 1260.9200385356455 11484 2.697866776768505 315.02601156069363 59500
348.923469863145 1260.3028846153845 11478 2.6946016483516426 314.8951923076923 59600
348.9071506104776 1259.6084452975049 11472 2.6930285165889716 314.7207293666027 59700
348.87678825635606 1258.9463601532566 11467 2.6925629447181114 314.4961685823755 59800
348.84819230736025 1258.0697896749523 11462 2.69200355094236 314.39005736137665 59900
348.7894946956849 1257.203244274809 11457 2.6925913304252944 314.2003816793893 60000
348.71188135160094 1256.6361904761904 11452 2.6935578231292463 314.04571428571427 60100
348.6588045859465 1255.795627376426 11447 2.695471211298202 314.0199619771863 60200
348.61133689779575 1254.6024667931688 11442 2.698326104635397 314.13282732447817 60300
348.53750175078335 1253.465909090909 11437 2.7026853354978293 314.3162878787879 60400
348.45608798642377 1252.304347826087 11432 2.7085403726708015 314.4990548204159 60500
348.3760524053249 1251.1301886792453 11427 2.7168261455525546 314.67641509433963 60600
348.30416897303525 1249.8813559322034 11422 2.725959555196838 314.9340866290019 60700
348.24100536030255 1248.4614661654136 11417 2.7335235409953405 315.3496240601504 60800
348.18814695467233 1246.9971857410883 11411 2.74152818725989 315.83489681050656 60900
348.1484911188958 1245.559925093633 11406 2.7479423042625246 316.2874531835206 61000
348.128713830179 1244.2953271028036 11400 2.7530863373386687 316.53644859813085 61100
348.1228244152251 1243.1949626865671 11395 2.758122334754792 316.63432835820896 61200
348.100673326556 1242.1284916201118 11390 2.7625631816972547 316.6247672253259 61300
348.08536511464075 1241.0669144981412 11384 2.7660581518852845 316.6310408921933 61400
348.0824395590778 1240.0102040816328 11379 2.766889742910146 316.67161410018554 61500
348.10471848092516 1238.7925925925927 11374 2.763639770723099 316.78055555555557 61600
348.14531626250874 1237.5443622920518 11368 2.7614580582695134 316.7689463955638 61700
348.18253394092955 1236.3551660516605 11363 2.759284396415388 316.8570110701107 61800
348.20604487422526 1235.1850828729282 11358 2.757886082609835 316.74585635359114 61900
348.1912125375516 1233.9742647058824 11352 2.7557269782913116 316.5477941176471 62000
348.1461217460942 1232.688990825688 11347 2.753178243774569 316.22201834862386 62100
348.0889239732391 1231.423076923077 11341 2.7499672946101468 315.8333333333333 62200
348.0462825773725 1230.1435100548447 11336 2.748047793157477 315.5274223034735 62300
347.9984227604772 1228.9607664233577 11330 2.745952815432737 315.36222627737226 62400
347.967044383664 1227.8032786885246 11325 2.7442297684100905 315.3879781420765 62500
347.9289858176004 1226.5681818181818 11319 2.742694805194799 315.60818181818183 62600
347.9039703980526 1225.5499092558985 11314 2.7415283899403624 315.9283121597096 62700
347.9046400342203 1224.8577898550725 11308 2.7405473602484416 316.3179347826087 62800
347.9262426510037 1224.3408679927668 11304 2.740519245672947 316.6681735985533 62900
347.9321233070957 1223.7978339350182 11299 2.741739728382322 316.74277978339353 63000
347.9305795690518 1223.1 11294 2.7443071643071586 316.7198198198198 63100
347.91349552126934 1222.5611510791366 11290 2.7482142857142797 316.65287769784175 63200
347.8760229870978 1221.8743267504487 11286 2.7500128238009687 316.689407540395 63300
347.83793710312426 1221.2894265232974 11281 2.751132872503834 316.71774193548384 63400
347.78110938860175 1220.808586762075 11277 2.7508326944373396 316.8488372093023 63500
347.7215130647504 1220.3321428571428 11272 2.7494919217687013 317.525 63600
347.6659938460972 1219.5588235294117 11268 2.7460763093115967 318.4269162210339 63700
347.6190418199161 1218.693950177936 11263 2.74200559227249 318.7846975088968 63800
347.59717793234654 1218.0071047957372 11259 2.738245369195629 319.14831261101244 63900
347.62089795160165 1217.5239361702127 11255 2.7358282674771974 319.1648936170213 64000
347.64955514793894 1216.832743362832 11250 2.7338621997471493 319.15398230088493 64100
347.6441907057934 1216.231448763251 11246 2.731461383139822 319.0565371024735 64200
347.6401556392702 1215.4779541446208 11242 2.7299508692365775 318.79982363315696 64300
347.64041986913367 1214.769366197183 11238 2.728401659959752 318.47095070422534 64400
347.63619308957516 1214.1247803163444 11234 2.727253326638206 318.2328646748682 64500
347.63372883022964 1213.501754385965 11230 2.7270739348370863 318.0622807017544 64600
347.59980517803046 1212.737302977233 11226 2.7259465432407572 317.9877408056042 64700
347.53493191460296 1211.8741258741259 11221 2.723511904761898 317.96416083916085 64800
347.47757686766846 1211.0357766143106 11217 2.722176514584885 317.87958115183244 64900
347.43214659269916 1210.1062717770035 11213 2.7202650572424028 317.8937282229965 65000
347.3953074854997 1209.075652173913 11208 2.717490683229807 317.82695652173913 65100
347.3600200389229 1208.1041666666667 11204 2.7149429563491996 317.4470486111111 65200
347.32552875568723 1207.4384748700174 11199 2.7128373359742444 317.1637781629116 65300
347.295822343295 1206.901384083045 11195 2.7109552644587183 316.7750865051903 65400
347.2706694328067 1206.1856649395509 11191 2.7090077308989158 316.3635578583765 65500
347.23821323997373 1205.3103448275863 11187 2.70663587848932 316.12844827586207 65600
347.1805675879372 1204.3356282271945 11183 2.7048459142693155 316.05851979345954 65700
347.0997407496214 1203.3522336769759 11179 2.7027757322860344 316.24484536082474 65800
347.0136147040786 1202.328473413379 11175 2.702999673282685 316.25471698113205 65900
346.9299059628614 1201.2457191780823 11170 2.7057913405087994 316.3039383561644 66000
346.8515101375897 1200.1700854700855 11166 2.7105677655677587 316.34017094017094 66100
346.79271497989583 1199.098976109215 11161 2.7139058183000095 316.4675767918089 66200
346.761657059789 1198.0144804088586 11156 2.7180842865255066 316.64395229982966 66300
346.71964068992736 1196.937925170068 11152 2.7222485422740457 316.73639455782313 66400
346.66013356489907 1195.8701188455009 11147 2.7241349341094603 316.70033955857383 66500
346.6001732646192 1194.843220338983 11143 2.7229075867635117 316.6898305084746 66600
346.55321126791335 1193.7318104906938 11138 2.7205563612923944 316.80795262267344 66700
346.49504130570773 1192.6993243243244 11134 2.719339205276698 316.77618243243245 66800
346.4253997687323 1191.5969645868465 11129 2.718126154340313 316.8237774030354 66900
346.3383240860938 1190.7457912457912 11125 2.7170574795574733 317.0016835016835 67000
346.24366370769377 1190.2983193277312 11120 2.7158523409363684 317.65714285714284 67100
346.1474920215224 1190.0008389261745 11117 2.7142317833173473 318.6258389261745 67200
346.0556665621494 1189.6348408710219 11113 2.713454175640099 319.4112227805695 67300
345.96721136033534 1189.1722408026756 11109 2.712679168657423 320.3595317725752 67400
345.86807964119197 1188.4298831385643 11105 2.7110720248032374 321.3939899833055 67500
345.75725463664315 1187.5333333333333 11101 2.707803571428565 321.9025 67600
345.6515304471615 1186.6414309484194 11096 2.7041300213929103 321.3951747088186 67700
345.54169249078376 1185.6686046511627 11092 2.7004686758424237 320.8662790697674 67800
345.41989164008993 1184.7587064676618 11087 2.6976486614546253 320.3441127694859 67900
345.29019417840885 1183.989238410596 11082 2.69318235572374 319.8137417218543 68000
345.1773138069771 1183.299173553719 11077 2.6890062967335635 319.28677685950413 68100
345.0872739386786 1182.6518151815183 11073 2.6855315888731672 318.7887788778878 68200
345.0016655461447 1181.817957166392 11068 2.6823429042127502 318.4225700164745 68300
344.91949263336863 1180.891447368421 11064 2.679164708646611 318.3042763157895 68400
344.84200326924696 1180.1009852216748 11059 2.675996950504334 318.4326765188834 68500
344.77061716422384 1179.327868852459 11055 2.6736592505854744 318.58196721311475 68600
344.71247162861886 1178.4909983633388 11051 2.672965863923305 318.5278232405892 68700
344.64679928255663 1177.4117647058824 11047 2.6718662464985936 318.718954248366 68800
344.57352206094515 1176.2667210440457 11042 2.670498329837639 319.02283849918433 68900
344.5042417457106 1175.1351791530944 11038 2.670492089343875 319.14495114006513 69000
344.4523745825924 1173.9934959349594 11034 2.6707568718544263 319.179674796748 69100
344.3836822358986 1172.8668831168832 11029 2.6697356215213293 319.4431818181818 69200
344.30187293111254 1171.72528363047 11024 2.6682449641120565 319.6993517017828 69300
344.2228766050476 1170.6294498381876 11019 2.6683772538141404 319.584142394822 69400
344.15113353073053 1169.5638126009694 11015 2.668509116085846 319.3925686591276 69500
344.07176574964643 1168.5475806451614 11010 2.6692453917050627 319.2056451612903 69600
343.99657997299227 1167.5394524959743 11006 2.6681677018633474 319.0096618357488 69700
343.9463710514818 1166.5594855305467 11002 2.667294441892506 318.87861736334406 69800
343.9114157296861 1165.5786516853932 10998 2.6658220591607367 318.7303370786517 69900
343.8856135049478 1164.559294871795 10994 2.664274267399261 318.64903846153845 70000
343.862006390886 1163.5888 10990 2.663051428571422 318.4296 70100
343.8541266121542 1162.6980830670927 10986 2.661992240985845 318.1238019169329 70200
343.8630184943633 1161.8740031897926 10982 2.662531328320796 317.9322169059011 70300
343.8610392741341 1160.9864649681529 10979 2.6627502274795205 317.8829617834395 70400
343.857096014257 1160.0198728139906 10975 2.661855553032017 318.0039745627981 70500
343.85297291538757 1158.9690476190476 10972 2.660328798185935 318.25079365079364 70600
343.8490649494686 1157.9144215530903 10969 2.6592823183155927 318.4889064976228 70700
343.8548346884915 1156.9011075949368 10965 2.6580809222423083 318.75712025316454 70800
343.85172980954707 1155.9897314375987 10961 2.656751673813279 319.01421800947867 70900
343.81820630586094 1155.129337539432 10958 2.655137449301481 319.45347003154575 71000
343.75931635816556 1154.0779527559055 10954 2.655365579302581 319.7834645669291 71100
343.71222517323736 1153.0267295597484 10950 2.656850853548961 320.34827044025155 71200
343.6812753172294 1152.0470957613816 10946 2.658959407938994 321.21193092621667 71300
343.6743393731638 1151.1755485893416 10942 2.66200179131213 322.141065830721 71400
343.6810055678853 1150.3270735524256 10938 2.6642521797451315 323.1017214397496 71500
343.6882688509801 1149.34140625 10934 2.66649553571428 323.9921875 71600
343.699869509395 1148.2433697347894 10930 2.6699409404947567 324.92667706708266 71700
343.727265825431 1147.2772585669782 10927 2.674349132176229 325.8613707165109 71800
343.7443654753698 1146.5940902021773 10924 2.678549211286375 326.7496111975117 71900
343.7626762785832 1145.9037267080746 10921 2.683318544809222 327.67857142857144 72000
343.78389427418637 1145.2062015503875 10918 2.689235880398665 328.42868217054263 72100
343.81826427923795 1144.513931888545 10914 2.6959088898717325 328.7260061919505 72200
343.8451967717013 1143.8485316846986 10911 2.7010156767498286 329.08268933539415 72300
343.86136405033807 1143.3503086419753 10908 2.705489417989412 329.3132716049383 72400
343.88857818692094 1142.57781201849 10905 2.7093330398415083 329.6633281972265 72500
343.9230863394582 1141.716923076923 10901 2.714587912087906 329.9146153846154 72600
343.9516010345522 1141.0445468509984 10898 2.720786701777479 329.92933947772656 72700
343.9773809099554 1140.478527607362 10895 2.726327417470049 329.89493865030676 72800
343.989316720979 1139.9831546707503 10892 2.7280226792095026 329.70750382848394 72900
344.00679723044703 1139.301987767584 10889 2.7286933886704468 329.67125382263 73000
344.0257420700115 1138.5091603053436 10886 2.7283442384587357 329.63053435114506 73100
344.0413774140968 1137.6722560975609 10883 2.727742087688727 329.4481707317073 73200
344.0501348399135 1136.9003044140031 10880 2.7266344132782425 329.00228310502285 73300
344.04654718506157 1136.2325227963527 10877 2.725530105659279 328.6496960486322 73400
344.01527289360814 1135.5834597875569 10874 2.724429149505016 328.3474962063733 73500
343.99634420440236 1134.9340909090909 10871 2.7230790043289987 327.9840909090909 73600
344.00676120204236 1134.372163388805 10868 2.7219850875297116 327.696671709531 73700
344.00931750977014 1133.9388217522658 10865 2.720894475615014 327.2953172205438 73800
344.0089682666909 1133.4841628959275 10862 2.7175447101917634 326.85972850678735 73900
343.9963102167792 1133.3802710843374 10859 2.715711058519788 326.6167168674699 74000
343.95604130108677 1133.0360902255638 10855 2.713131041890435 326.39172932330825 74100
343.90388643777374 1132.5525525525525 10852 2.709057271557266 325.90165165165166 74200
343.8372974568419 1132.1934032983509 10849 2.704995716427495 325.4130434782609 74300
343.77383325564557 1131.556886227545 10846 2.700946321642424 324.9258982035928 74400
343.71975544685614 1130.7511210762332 10843 2.696909032671359 324.44020926756355 74500
343.66198816642316 1129.8768656716418 10839 2.693256929637521 324.0231343283582 74600
343.6054292213535 1128.957526080477 10836 2.690360868639552 323.81594634873323 74700
343.5532286738363 1128.092261904762 10833 2.687473426870743 323.8325892857143 74800
343.507572518362 1127.221396731055 10829 2.684594565909568 324.07206537890045 74900
343.4729104982107 1126.353115727003 10826 2.6820951674438267 324.35459940652817 75000
343.4554554448356 1125.4792592592592 10822 2.681084656084651 324.3911111111111 75100
343.4472487536868 1124.667899408284 10819 2.6815564243448806 324.42899408284023 75200
343.43519695603857 1123.7887740029541 10815 2.6816575226841053 324.6669128508124 75300
343.43365514473487 1123.0398230088495 10811 2.680652128107875 325.21386430678467 75400
343.45347239605707 1122.5618556701031 10808 2.678913317904476 326.24226804123714 75500
343.4768624865732 1122.1 10805 2.6775472689075577 327.3110294117647 75600
343.5144256903178 1121.616005873715 10801 2.67728655338787 328.129221732746 75700
343.5463226366714 1121.1686217008798 10798 2.677759740259735 328.9046920821114 75800
343.55408943567227 1120.6888726207906 10795 2.677865509307671 329.8038067349927 75900
343.5334038672502 1120.2543859649122 10792 2.6783364661654083 330.5796783625731 76000
343.5009228056486 1119.7029197080292 10788 2.6820907194994734 330.9357664233577 76100
343.473031335445 1119.0546647230321 10785 2.6891139108704656 331.2842565597668 76200
343.4494644820305 1118.2008733624455 10782 2.6983000623830264 331.646288209607 76300
343.4453077708247 1117.218023255814 10779 2.7078228820597956 332.14171511627904 76400
343.4591586937177 1116.2358490566037 10775 2.718406593406588 332.7133526850508 76500
343.4669807508846 1115.2702898550724 10771 2.7300465838509265 333.16521739130434 76600
343.4775084880639 1114.301013024602 10768 2.7427382675211858 333.46888567293774 76700
343.47319318515866 1113.3381502890174 10764 2.7557545417010685 333.77890173410407 76800
343.4421173472783 1112.3795093795093 10761 2.76620799835085 333.83477633477634 76900
343.4131745585624 1111.391930835735 10757 2.773029024289826 333.73559077809796 77000
343.3941192471626 1110.4194244604316 10753 2.780070229530656 333.63525179856117 77100
343.37118222177594 1109.8764367816093 10750 2.786612274220028 333.4367816091954 77200
343.3740310089393 1110.1771879483501 10747 2.7907921705267427 333.2015781922525 77300
343.39700510561187 1110.2055873925501 10744 2.7920947605403144 333.0214899713467 77400
343.4095042639417 1109.4055793991417 10740 2.789495197220514 332.93633762517885 77500
343.3967625951933 1108.6642857142858 10737 2.7874744897959136 332.9921428571429 77600
343.401924736516 1108.2539229671897 10734 2.7859944976564046 333.0756062767475 77700
343.4120872717764 1107.954415954416 10730 2.784518722018717 333.1502849002849 77800
343.4143456239017 1107.5689900426742 10727 2.7835805730542527 333.1386913229019 77900
343.4623529300804 1106.965909090909 10724 2.782112418831164 333.30965909090907 78000
343.59797403509253 1106.22695035461 10721 2.780471124620056 333.5851063829787 78100
343.6912405363733 1105.4737960339944 10718 2.779188587616345 333.7584985835694 78200
343.7209597178127 1104.7807637906649 10715 2.77826328551222 333.87411598302685 78300
343.6990325580751 1104.0748587570622 10712 2.7776937046004795 334.1348870056497 78400
343.67639290354043 1103.3913963328632 10709 2.776949425750549 334.5190409026798 78500
343.64178955195473 1102.780985915493 10705 2.7784372904091166 334.7514084507042 78600
343.58858880785243 1102.177918424754 10702 2.782851115129591 334.55696202531647 78700
343.53660987122447 1101.5372191011236 10699 2.7891252006420495 334.37640449438203 78800
343.4815406361943 1100.9775596072932 10696 2.7964335804447957 334.30294530154276 78900
343.4106452187407 1100.5035014005603 10693 2.801970788315321 334.2647058823529 79000
343.35281732221745 1100.0062937062937 10690 2.8053946053946004 334.248951048951 79100
343.31682358996073 1099.445530726257 10688 2.8091580207501945 334.3519553072626 79200
343.2713704677434 1098.8389121338912 10685 2.812446038387456 334.3723849372385 79300
343.22198423072723 1098.5097493036212 10682 2.813635760710965 334.36420612813373 79400
343.15908628457345 1098.2183588317107 10679 2.8145903702231885 334.4728789986092 79500
343.0999697371798 1097.8465277777777 10676 2.815773809523804 334.59166666666664 79600
343.0526220199021 1097.3238557558946 10673 2.8205369526451305 334.6366158113731 79700
343.0061825252823 1096.8926592797784 10670 2.8259794222398047 334.53324099722994 79800
342.9563445147159 1096.5788381742739 10668 2.831752618059667 334.3644536652835 79900
342.9053953913499 1096.2437845303868 10665 2.8382004735595845 334.23204419889504 80000
342.86392332773 1095.7296551724137 10662 2.8446305418719158 333.99172413793104 80100
342.8367087015489 1095.2093663911846 10659 2.8524203069657563 333.82851239669424 80200
342.8107436982083 1094.7262723521321 10656 2.8636274317154595 333.7400275103164 80300
342.79618406963243 1094.3248626373627 10654 2.8765208006279384 333.78914835164835 80400
342.78242964898163 1094.0212620027435 10651 2.8890358612580784 333.8628257887517 80500
342.7709862885155 1093.8712328767124 10648 2.89672211350293 333.9719178082192 80600
342.78646162564945 1093.7510259917922 10645 2.899257377369547 334.2359781121751 80700
342.8246388178577 1093.6079234972678 10643 2.9024687743949986 334.2643442622951 80800
342.8470642821831 1093.1514324693042 10640 2.9041934645618084 334.3144611186903 80900
342.8727421832021 1092.6151226158038 10638 2.902507460749962 334.3242506811989 81000
342.9039310752036 1092.0414965986395 10635 2.89987366375121 333.90816326530614 81100
342.9374352533447 1091.5448369565217 10632 2.8970205745341566 333.5197010869565 81200
342.9573600910012 1091.1309362279512 10630 2.893768172126376 333.1696065128901 81300
342.97554805105835 1090.7649051490514 10627 2.8903890824622476 332.7649051490515 81400
343.0120445106889 1090.372801082544 10625 2.887695727817508 332.4627875507442 81500
343.0726478501718 1089.9358108108108 10622 2.8859555984555922 332.2567567567568 81600
343.12526698903173 1089.369770580297 10620 2.8842426579268614 332.18825910931173 81700
343.1703758021659 1088.7648247978436 10617 2.882152483634956 332.2425876010782 81800
343.22138926510473 1088.1581426648722 10614 2.880292251490091 332.4461641991925 81900
343.2608445460701 1087.516129032258 10611 2.8784370199692706 332.80040322580646 82000
343.27601533555844 1086.859731543624 10608 2.8764189837008556 333.50872483221474 82100
343.29210351482953 1086.378016085791 10605 2.8742387973956265 334.4088471849866 82200
343.29534067899976 1086.2469879518073 10602 2.8727337923120984 335.1526104417671 82300
343.3173518131684 1086.183155080214 10599 2.8717898523045506 335.75066844919786 82400
343.3359736123309 1085.921228304406 10596 2.870848432831069 336.4138851802403 82500
343.32377096977336 1085.4533333333334 10594 2.8705761904761835 336.948 82600
343.28417163250697 1085.1338215712383 10591 2.8704156362944575 337.3728362183755 82700
343.2365479292841 1084.8344414893618 10587 2.8699230623100234 337.90026595744683 82800
343.18940269579247 1084.332005312085 10584 2.8704278125592797 338.3625498007968 82900
343.1472022061186 1083.8249336870026 10581 2.8719259189086705 338.8242705570292 83000
343.10056286949515 1083.2092715231788 10578 2.874413434247864 339.182119205298 83100
343.0465596994873 1082.5873015873017 10574 2.8776659737969195 339.3042328042328 83200
342.9979051641625 1081.9326287978863 10571 2.881130087437875 339.41743725231174 83300
342.95621085692704 1081.2658311345647 10568 2.883705553461484 339.4769129287599 83400
342.92720951079303 1080.6205533596838 10565 2.884078361252268 339.57707509881425 83500
342.87129744050776 1080.1243421052632 10562 2.8840115914786906 339.64934210526314 83600
342.80646435395414 1079.6754270696451 10560 2.884383017333077 339.7720105124836 83700
342.7447755572297 1079.1292650918635 10557 2.883277090363699 340.11482939632543 83800
342.6840137822267 1078.4436435124508 10554 2.88097266429507 340.66644823066844 83900
342.62998363130333 1077.7761780104713 10552 2.8788378833208617 341.10274869109946 84000
342.5782741164543 1077.1607843137256 10549 2.8770354808590044 340.9738562091503 84100
342.52767792056824 1076.539817232376 10546 2.8763256869327307 340.68276762402087 84200
342.4759282828966 1076.0019556714471 10544 2.8767042279754094 340.4530638852673 84300
342.435953170651 1075.3776041666667 10541 2.875345672123011 340.501953125 84400
342.4067475165496 1074.778933680104 10538 2.874532478791252 340.7581274382315 84500
342.3915485508711 1074.3032467532466 10536 2.87348330241187 341.11753246753244 84600
342.3896294837928 1073.7931258106355 10533 2.873387993329624 341.64396887159535 84700
342.40840059617443 1073.2636010362694 10531 2.8735519985196114 341.9598445595855 84800
342.40455051645864 1072.6151358344114 10529 2.8735862132692627 342.08344113842173 84900
342.3562044922859 1071.8798449612402 10526 2.873361941675892 342.1524547803618 85000
342.3007821174797 1071.151612903226 10523 2.873783410138246 342.32193548387096 85100
342.2323212746058 1070.4497422680413 10520 2.8754924521354908 342.61275773195877 85200
342.1687511458375 1069.7039897039897 10517 2.877454495311636 343.0572715572716 85300
342.1200059157306 1068.9164524421594 10514 2.8793686497735314 343.58997429305913 85400
342.0731604635943 1068.0930680359436 10510 2.879309554373736 343.9935815147625 85500
342.00845545513977 1067.325641025641 10507 2.8777548840048808 344.0025641025641 85600
341.9537516172679 1066.613956466069 10504 2.8771645021644985 344.04033290653007 85700
341.90707507195583 1065.9814578005114 10501 2.8777478382657375 344.07480818414325 85800
341.88196408661526 1065.411238825032 10498 2.8789682539682504 344.17177522349937 85900
341.8601132163678 1064.8839285714287 10495 2.880929603984447 344.33035714285717 86000
341.8334462298146 1064.2853503184713 10493 2.88223384895359 344.6796178343949 86100
341.8033171050276 1063.6284987277354 10490 2.8832015630679706 345.0973282442748 86200
341.7552527448714 1063.040660736976 10487 2.8848323954740676 345.3373570520966 86300
341.6883508041413 1062.4841370558377 10484 2.8851900531786265 345.49619289340103 86400
341.61950004522834 1061.896070975919 10481 2.885018709638477 345.6571609632446 86500
341.54932467657994 1061.2892405063292 10479 2.885465641952979 345.8050632911392 86600
341.4793184559668 1060.783185840708 10476 2.8860619469026503 345.94690265486724 86700
341.430444364493 1060.6546717171718 10473 2.8876488095238053 345.95959595959596 86800
341.4025334306346 1060.6437578814628 10470 2.890672851738421 345.95523329129884 86900
341.394904707188 1060.4949622166246 10468 2.894229039222737 345.9584382871536 87000
341.40178210386273 1060.074213836478 10465 2.897401916741534 345.96603773584906 87100
341.4157372280258 1059.5672110552764 10462 2.899310540799229 346.02386934673365 87200
341.4208933642291 1059.116687578419 10460 2.9011098165740523 346.02258469259726 87300
341.415522226587 1058.6359649122808 10457 2.90227801646974 346.13408521303256 87400
341.3926580415993 1058.1382978723404 10454 2.904277668514209 346.3698372966208 87500
341.36231718251855 1057.575625 10452 2.9066473214285664 346.720625 87600
341.3296862981598 1056.9900124843946 10450 2.9095416443731 347.00249687890135 87700
341.2910464972836 1056.3572319201994 10447 2.911992340577124 347.47319201995015 87800
341.26671594113736 1055.681195516812 10444 2.9142812666785223 348.0361145703611 87900
341.24764717222024 1054.9863184079602 10441 2.9152170694148256 348.56778606965173 88000
341.2191673566266 1054.2981366459628 10438 2.9136660751256973 349.0726708074534 88100
341.19899810972214 1053.689205955335 10436 2.9113434952144583 349.76736972704714 88200
341.17929186182835 1053.1325898389096 10433 2.908871776715638 349.97583643122675 88300
341.1620236865704 1052.5810643564357 10430 2.90609677039132 349.6095297029703 88400
341.15798749627396 1052.0686032138442 10427 2.9037406557184013 349.40976514215083 88500
341.15871248552537 1051.611111111111 10424 2.9018018812463215 349.32469135802467 88600
341.1717128436566 1051.150431565968 10422 2.9008954259879 349.25955610357585 88700
341.17798619529367 1050.8054187192117 10419 2.900299085151298 349.304802955665 88800
341.181150902791 1050.521525215252 10417 2.8991917062027723 349.41820418204185 88900
341.1895371822177 1049.9570024570025 10415 2.8977799227799186 349.47972972972974 89000
341.2178418231597 1049.3601226993865 10413 2.896923751095526 349.4239263803681 89100
341.25619941398924 1048.7555147058824 10410 2.896437324929967 349.3406862745098 89200
341.29848489698827 1048.1750305997552 10408 2.8971760797342143 349.29130966952266 89300
341.3428622026258 1047.8691931540343 10406 2.898157527069503 349.39364303178485 89400
341.37029241888706 1047.8510378510377 10403 2.8983734519448756 349.5995115995116 89500
341.37875336657675 1047.570731707317 10401 2.8975827526132356 349.7951219512195 89600
341.3806802866292 1047.068209500609 10399 2.8957586566904427 350.01644336175394 89700
341.3805489946107 1046.793795620438 10397 2.8935132082029846 350.13868613138686 89800
341.3998843579349 1046.5777642770352 10395 2.890807440837813 350.2746051032807 89900
341.41571428799995 1046.4211165048544 10393 2.8881082408691583 350.19478155339806 90000
341.4383905885753 1046.2563636363636 10391 2.8859206349206303 350.07575757575756 90100
341.46753361342667 1046.2221549636804 10389 2.883868038740915 350.0550847457627 90200
341.4865042781354 1045.9002418379685 10387 2.881503713940226 350.21160822249095 90300
341.48170947107826 1045.5658212560386 10385 2.878843167701858 350.55012077294685 90400
341.4795666559469 1045.1797346200242 10383 2.8764044459762137 350.93244873341376 90500
341.49598369518475 1044.798795180723 10381 2.8742010900745782 351.27289156626506 90600
341.52112429857965 1044.4729241877255 10379 2.871888430462432 351.8658243080626 90700
341.5569492484277 1044.204326923077 10377 2.869638564560434 352.3395432692308 90800
341.58986196013393 1044.0354141656662 10375 2.8680479334590925 352.4171668667467 90900
341.610706722263 1043.810551558753 10373 2.8673818088386382 352.4406474820144 91000
341.6314576022332 1043.4814371257485 10372 2.867305389221552 352.49880239520957 91100
341.64509960205504 1043.1297846889952 10369 2.867293233082702 352.5604066985646 91200
341.6500234996644 1042.9044205495818 10367 2.8675371223758273 352.64038231780165 91300
341.6463452392244 1042.6378281622913 10365 2.867865666553012 352.83353221957043 91400
341.6271895689635 1042.274135876043 10363 2.86827856291503 352.9934445768772 91500
341.59439771527394 1041.7779761904762 10360 2.8692857142857093 353.1821428571429 91600
341.55767583343345 1041.321640903686 10358 2.8702904705282775 353.46848989298456 91700
341.5196709705191 1040.812351543943 10356 2.8708828186856645 353.81947743467936 91800
341.4792321413108 1040.2538552787664 10353 2.871431395808616 354.2313167259787 91900
341.44664804485376 1039.6623222748815 10351 2.872768562401259 354.51362559241704 92000
341.42881420208727 1039.087573964497 10348 2.874260355029581 354.3786982248521 92100
341.4168369231795 1038.5360520094562 10345 2.8732269503546055 354.1111111111111 92200
341.38555127757286 1037.9634002361274 10343 2.871605667060208 353.83825265643446 92300
341.3469657390944 1037.4215801886792 10341 2.870459905660373 353.5831367924528 92400
341.3242382393474 1036.9004711425207 10338 2.8684040047114205 353.3032979976443 92500
341.311386447741 1036.38 10335 2.86532352941176 352.89941176470586 92600
341.2955206884865 1035.7843713278496 10333 2.861956521739126 352.4847238542891 92700
341.2738672773166 1035.1613849765258 10330 2.859184272300465 352.2306338028169 92800
341.2629255732885 1034.5574443141852 10328 2.857590855803043 352.5093786635404 92900
341.2690997460923 1034.0204918032787 10325 2.856147540983602 353.11007025761126 93000
341.26563572248597 1033.4040935672515 10323 2.8547076023391766 353.72280701754386 93100
341.25621109886373 1032.740070093458 10321 2.8532710280373785 354.61682242990656 93200
341.243890498908 1032.0746791131855 10319 2.8525670945157477 355.0262543757293 93300
341.2374350897192 1031.420745920746 10317 2.8508449883449836 355.16783216783216 93400
341.23980174676063 1030.7991850989522 10314 2.848981373690333 355.4138533178114 93500
341.2213855494107 1030.1622093023257 10312 2.847800387596895 355.55232558139534 93600
341.19501612934204 1029.5174216027874 10309 2.8475900116143977 355.5371660859466 93700
341.17325494559384 1028.9327146171693 10307 2.8476218097447754 355.3909512761021 93800
341.15184949326135 1028.3841251448437 10305 2.847363847045187 355.24507531865584 93900
341.13374315089555 1027.8640046296296 10302 2.8468171296296254 355.10590277777777 94000
341.1372826310061 1027.3595375722543 10300 2.845693641618493 354.87398843930634 94100
341.15368151967124 1026.8129330254042 10298 2.8444284064665086 354.6304849884527 94200
341.17038724028384 1026.2370242214533 10295 2.8428777393310223 354.43425605536333 94300
341.1762579548131 1025.6756912442397 10293 2.8419066820276457 354.17453917050693 94400
341.1782805081894 1025.222669735328 10291 2.8420886075949325 353.91426927502874 94500
341.1755016563282 1024.739655172414 10288 2.841839080459766 353.7994252873563 94600
341.1654782894025 1024.0654420206658 10286 2.8407290470723265 353.82433983926524 94700
341.15626991272273 1023.4340596330276 10283 2.8397649082568766 353.92660550458714 94800
341.12538134192295 1022.8367697594501 10281 2.839375715922104 353.98625429553266 94900
341.0996313620849 1022.4233409610983 10278 2.8387013729977078 354.20366132723115 95000
341.0758829752006 1022.3251428571429 10275 2.836314285714282 354.7474285714286 95100
341.06288892406496 1022.2254566210046 10273 2.8339326484018224 355.46118721461187 95200
341.0741446505125 1022.051881413911 10270 2.831271379703531 355.87685290763966 95300
341.07134142704393 1021.874145785877 10268 2.82804669703872 355.4715261958998 95400
341.07201902016936 1021.7184300341297 10266 2.8253981797497114 355.09499431171787 95500
341.07918147277115 1021.5210227272727 10264 2.824744318181814 354.79545454545456 95600
341.0804677169194 1021.2729852440409 10262 2.825321604237605 354.53972758229287 95700
341.06070862962207 1021.092403628118 10259 2.8243858654572906 354.2998866213152 95800
341.0370122953301 1020.8374858437146 10257 2.82307474518686 354.0464326160815 95900
341.0239123814781 1020.5169683257918 10255 2.8230863499245826 353.7217194570136 96000
341.02487452629026 1020.1751412429378 10253 2.8229096045197717 353.41412429378533 96100
341.02556695014647 1019.9610609480812 10251 2.823391647855528 353.16139954853276 96200
341.0247577769164 1019.8416009019165 10249 2.823872604284101 353.0383314543405 96300
341.0227575111177 1019.6221846846847 10247 2.8229448198198175 353.04673423423424 96400
341.02342377490874 1019.5314960629921 10245 2.8220191226096714 352.9212598425197 96500
341.028613134275 1019.4814606741573 10243 2.8224999999999976 352.7696629213483 96600
341.03175846310296 1019.4545454545455 10241 2.8229797979797957 352.7895622895623 96700
341.0404175419813 1019.3632286995515 10239 2.822897982062778 352.94282511210764 96800
341.0354600372938 1019.2620380739082 10237 2.8244960806270973 353.005039193729 96900
341.02895167870116 1019.0967561521253 10236 2.827209172259505 353.0967561521253 97000
341.03261522865677 1018.8167597765363 10234 2.828798882681562 353.09608938547484 97100
341.0385354454799 1018.5452008928571 10232 2.8281529017857117 352.78013392857144 97200
341.05933762693263 1018.2742474916388 10231 2.826672240802673 352.43366778149385 97300
341.09220836300784 1017.9047884187082 10229 2.8235244988864117 352.0412026726058 97400
341.1329798517927 1017.4538375973303 10227 2.8203837597330343 351.6496106785317 97500
341.16836894198934 1016.9894444444444 10225 2.817527777777775 351.265 97600
341.20473454229733 1016.8712541620422 10223 2.8149556048834605 350.8873473917869 97700
341.24065338812903 1017.4223946784922 10221 2.811834811529931 350.49833702882484 97800
341.28037626327324 1018.0725359911406 10220 2.8087209302325555 350.110188261351 97900
341.30232828510265 1018.8191371681415 10218 2.8058904867256613 349.74059734513276 98000
341.32538543979615 1019.8149171270718 10216 2.8036187845303844 349.43480662983427 98100
341.36187488824714 1020.6832229580574 10214 2.801628035320086 349.19260485651216 98200
341.39741918795573 1021.0887541345094 10213 2.799641675854463 348.91345093715546 98300
341.4174190746492 1020.6850220264317 10211 2.7965583700440506 348.5291850220264 98400
341.4256845531594 1020.3448844884489 10209 2.793481848184816 348.1457645764576 98500
341.43524989549724 1020.0027472527472 10207 2.7904120879120855 347.7631868131868 98600
341.4540011306963 1019.6536772777168 10206 2.7876234906695916 347.3847420417124 98700
341.46143147111553 1019.2472587719299 10204 2.78566337719298 347.05866228070175 98800
341.45417998917003 1018.8532311062431 10202 2.7837075575027357 346.7749178532311 98900
341.4555135212284 1018.4223194748358 10200 2.780844274252368 346.449124726477 99000
341.4640607118878 1017.9300546448087 10198 2.778715846994533 346.23333333333335 99100
341.4722966632589 1017.4350436681223 10196 2.7781386462882067 346.01582969432314 99200
341.467288291594 1016.937840785169 10194 2.7783805888767694 345.7813522355507 99300
341.44518168032545 1016.4150326797386 10192 2.776988017429191 345.55936819172115 99400
341.4188611784919 1015.8857453754081 10189 2.7755984766050026 345.379760609358 99500
341.3852424962669 1015.4201086956522 10187 2.7738496376811566 345.1902173913044 99600
341.3566113890103 1014.957654723127 10184 2.7713807455664097 345.0325732899023 99700
341.3442525180299 1014.4956616052061 10182 2.7689172089660117 345.0379609544469 99800
341.34921172549576 1013.9913326110509 10180 2.7664590104730906 345.2058504875406 99900
