0 Infinity null 0 NaN 0
0 Infinity null 0 NaN 100
0.054658168165546146 4318.0 8243 0.0 0.0 200
0.17654234748396427 3252.5 6919 0.0 0.0 300
0.4336950186921773 2896.0 6801 0.0 0.0 400
0.8916228364605072 2720.0 6855 0.0 0.0 500
1.5339740682551637 2616.4 7028 0.0 0.0 600
2.395407849276964 2549.3333333333335 7263 0.0 0.0 700
3.5136533197511093 2505.4285714285716 7528 0.0 0.0 800
4.903789131771194 2475.25 7836 0.0 0.0 900
6.535553804958228 2451.5555555555557 8127 0.0 0.0 1000
8.42382635214479 2436.0 8446 0.0 0.0 1100
10.543544928559914 2422.909090909091 8756 0.0 0.0 1200
13.102113707584166 2409.3333333333335 9078 0.08333333333333333 1.8333333333333333 1300
15.86661518129889 2397.076923076923 9468 0.23076923076923078 7.923076923076923 1400
18.83181122645633 2384.3571428571427 9826 0.42857142857142855 18.142857142857142 1500
21.69740163672208 2380.266666666667 10230 0.6 29.6 1600
24.777011631222678 2370.8125 10631 0.84375 38.3125 1700
27.956580677805345 2360.764705882353 11041 0.9313725490196079 49.76470588235294 1800
31.297695112810143 2340.1666666666665 11451 1.0277777777777777 53.388888888888886 1900
34.76507877603315 2322.2105263157896 11865 1.118421052631579 56.421052631578945 2000
37.987863855593076 2345.55 12277 1.2958333333333334 62.2 2100
40.89697781322885 2366.0 12706 1.4722222222222223 70.9047619047619 2200
43.92924770617675 2379.5 13094 1.6325757575757578 81.13636363636364 2300
46.952631860690346 2354.0 13488 1.7644927536231885 91.73913043478261 2400
49.73649822080441 2318.0 13855 1.857638888888889 103.375 2500
52.4668310198837 2303.68 14194 1.97 109.08 2600
55.3408210840122 2287.153846153846 14507 2.0993589743589745 110.84615384615384 2700
57.7957988559422 2270.5555555555557 14806 2.219135802469136 109.5925925925926 2800
60.212696753755445 2238.75 15091 2.354166666666667 109.53571428571429 2900
62.5902336775388 2203.6206896551726 15333 2.454022988505747 110.37931034482759 3000
65.11366641692186 2171.0666666666666 15588 2.5222222222222226 113.66666666666667 3100
67.75355055547725 2158.7741935483873 15848 2.610215053763441 115.25806451612904 3200
70.41118849854823 2145.5 16084 2.6411458333333333 117.3125 3300
73.13797907908672 2129.909090909091 16333 2.724747474747475 119.3030303030303 3400
76.05004832185868 2112.764705882353 16565 2.7446078431372554 123.55882352941177 3500
78.90455800833865 2095.0857142857144 16813 2.787619047619048 129.0857142857143 3600
81.49231685418249 2086.3611111111113 17029 2.828240740740741 136.5 3700
84.29299630203242 2069.2162162162163 17248 2.8463963963963965 146.8108108108108 3800
87.30645401722064 2052.8684210526317 17452 2.8635964912280705 158.07894736842104 3900
90.2070348482522 2037.1025641025642 17647 2.873504273504274 170.87179487179486 4000
93.11627802798799 2021.175 17825 2.8641666666666667 183.425 4100
95.72608894524258 2010.3170731707316 17990 2.849186991869919 196.3658536585366 4200
98.13590762884567 1993.7857142857142 18141 2.8111111111111113 202.6904761904762 4300
100.9212102466867 1979.9767441860465 18283 2.7829457364341086 208.13953488372093 4400
103.7929870253568 1960.2954545454545 18414 2.746969696969697 208.72727272727272 4500
106.74457825815597 1946.6222222222223 18519 2.7125925925925927 205.2888888888889 4600
109.90296201618553 1948.4565217391305 18632 2.691666666666667 201.7608695652174 4700
113.28034483196751 1946.0851063829787 18770 2.6397163120567377 199.85106382978722 4800
117.27348184207061 1952.2291666666667 18918 2.6211805555555556 196.66666666666666 4900
120.91401279468013 1963.591836734694 19066 2.603401360544218 194.48979591836735 5000
123.84442667893607 1975.94 19207 2.5713333333333335 192.8 5100
126.67379720922193 1982.9803921568628 19333 2.560130718954248 191.50980392156862 5200
129.28101850964885 1980.9807692307693 19442 2.6134615384615385 188.96153846153845 5300
131.9955198817924 1982.9811320754718 19548 2.639622641509434 186.62264150943398 5400
134.5068683999528 1969.2592592592594 19656 2.6462962962962964 184.7962962962963 5500
137.08149660004793 1957.709090909091 19762 2.6345454545454547 182.72727272727272 5600
139.5229719084242 1943.7142857142858 19851 2.605357142857143 180.10714285714286 5700
141.6975218959219 1929.7894736842106 19952 2.568421052631579 178.8421052631579 5800
143.64190641943688 1916.9137931034484 20052 2.524137931034483 175.75862068965517 5900
145.34282473939143 1902.6949152542372 20147 2.48135593220339 172.77966101694915 6000
146.9044418905907 1891.5666666666666 20220 2.44 169.9 6100
148.4711243139708 1880.0 20280 2.4 167.11475409836066 6200
149.89556285054454 1867.9516129032259 20343 2.361290322580645 164.41935483870967 6300
151.10575044505958 1854.063492063492 20414 2.323809523809524 161.8095238095238 6400
152.48650728517993 1838.625 20484 2.2875 159.28125 6500
153.7723972129942 1824.446153846154 20557 2.2523076923076926 156.83076923076922 6600
155.01695314785863 1811.5454545454545 20620 2.2181818181818183 154.45454545454547 6700
156.50939104406422 1802.1492537313434 20693 2.1850746268656716 152.1492537313433 6800
157.86761887957226 1800.5735294117646 20757 2.152941176470588 149.91176470588235 6900
159.2903088766232 1804.2173913043478 20818 2.1362318840579713 148.14492753623188 7000
160.80178222602544 1817.642857142857 20879 2.12 147.0857142857143 7100
162.15780693474332 1836.7042253521126 20939 2.11830985915493 147.46478873239437 7200
163.5469375839165 1844.263888888889 21005 2.102777777777778 148.47222222222223 7300
164.99590062353053 1839.0821917808219 21072 2.0876712328767124 146.83561643835617 7400
166.3991605967329 1834.2702702702702 21130 2.072972972972973 146.59459459459458 7500
167.77503242482706 1828.4933333333333 21183 2.052 147.69333333333333 7600
168.9652808739704 1821.171052631579 21222 2.031578947368421 150.07894736842104 7700
170.07222685607647 1812.4805194805194 21261 2.011688311688312 153.7012987012987 7800
171.29620761653632 1812.974358974359 21298 1.9987179487179487 154.42307692307693 7900
172.71873881525306 1816.860759493671 21324 1.9902953586497891 155.72151898734177 8000
174.01139169229663 1817.1125 21342 1.990416666666667 157.0625 8100
175.51814235661246 1812.7283950617284 21372 1.9905349794238685 157.93827160493828 8200
176.9313295742239 1806.9512195121952 21391 1.994715447154472 159.6219512195122 8300
178.22686484239608 1805.6626506024097 21419 1.998795180722892 161.02409638554218 8400
179.4177170425251 1805.4285714285713 21447 1.99484126984127 163.26190476190476 8500
180.67051835745403 1803.5058823529412 21471 1.994901960784314 165.91764705882352 8600
181.8931132899349 1800.9767441860465 21492 1.9949612403100778 168.2674418604651 8700
183.09129728574416 1802.6436781609195 21520 1.9950191570881228 169.3448275862069 8800
184.25416838334226 1803.7386363636363 21551 2.0064393939393943 168.86363636363637 8900
185.3240019295538 1803.5280898876404 21586 2.0288389513108616 168.61797752808988 9000
186.46447110720604 1799.7444444444445 21619 2.061851851851852 168.56666666666666 9100
187.75854674941914 1793.2417582417581 21639 2.0941391941391942 168.98901098901098 9200
188.72045916171587 1788.1195652173913 21661 2.1076086956521745 169.9673913043478 9300
189.71857483671621 1784.4301075268818 21676 2.135125448028674 170.43010752688173 9400
190.75983933510437 1780.563829787234 21689 2.172695035460993 170.96808510638297 9500
191.8152645520617 1774.5684210526315 21705 2.2024561403508773 172.0842105263158 9600
192.6933140783151 1774.9583333333333 21732 2.2177083333333334 173.51041666666666 9700
193.6178552471861 1770.721649484536 21753 2.2326460481099657 173.77319587628867 9800
194.3461621526819 1764.6122448979593 21769 2.235374149659864 173.37755102040816 9900
195.09762530331076 1764.5959595959596 21799 2.2304713804713803 173.55555555555554 10000
195.8528531319103 1766.7 21821 2.2231666666666667 173.51 10100
196.50926328361987 1767.7920792079208 21843 2.220957095709571 172.78217821782178 10200
197.30307279006854 1764.313725490196 21868 2.2040849673202616 175.7549019607843 10300
197.89521960116875 1760.7087378640776 21884 2.1859223300970876 175.84466019417476 10400
198.55363686818853 1757.2211538461538 21898 2.1681089743589745 176.89423076923077 10500
199.29719538016334 1753.4666666666667 21909 2.1522222222222225 177.2095238095238 10600
200.0347949769867 1748.7169811320755 21926 2.136635220125786 178.46226415094338 10700
200.66198090385222 1742.8504672897195 21941 2.1213395638629287 180.62616822429908 10800
201.14010017836296 1737.5277777777778 21954 2.1078703703703705 181.7314814814815 10900
201.67612351183257 1730.2477064220184 21967 2.097706422018349 182.09174311926606 11000
202.23388276957684 1723.0727272727272 21978 2.0846969696969695 184.21818181818182 11100
202.79858080393498 1717.1981981981983 21987 2.0719219219219216 186.23423423423424 11200
203.34389908300247 1713.3214285714287 21998 2.065327380952381 186.90178571428572 11300
203.77876499917008 1710.3008849557523 22012 2.0536873156342184 185.93805309734512 11400
204.2394911968077 1707.8070175438597 22022 2.0385964912280703 184.31578947368422 11500
204.68937760176334 1704.9478260869564 22027 2.0324637681159423 183.1304347826087 11600
205.12104144223642 1700.0172413793102 22034 2.0264367816091955 182.69827586206895 11700
205.55860925350206 1693.4358974358975 22045 2.021937321937322 182.63247863247864 11800
205.8827418800454 1689.4406779661017 22050 2.0175141242937857 183.24576271186442 11900
206.1389719747414 1684.764705882353 22057 2.008963585434174 185.0420168067227 12000
206.54913452035615 1679.7333333333333 22063 1.996388888888889 187.65833333333333 12100
206.88216397360063 1673.3471074380166 22076 1.99435261707989 190.01652892561984 12200
207.2627972018022 1668.4918032786886 22086 1.998497267759563 190.01639344262296 12300
207.61667317877885 1663.4634146341464 22098 2.0005420054200544 190.8780487804878 12400
207.96211404450847 1658.6854838709678 22108 2.0126344086021506 191.44354838709677 12500
208.3044767895139 1660.192 22119 2.0157333333333334 192.696 12600
208.59470738821457 1661.4920634920634 22132 2.015608465608466 193.07142857142858 12700
208.90138367506972 1662.716535433071 22141 2.0167979002624676 193.59055118110237 12800
209.21909142422692 1658.1953125 22149 2.0153645833333336 194.328125 12900
209.5302875381995 1652.031007751938 22148 2.0100775193798452 194.27906976744185 13000
209.78277404624703 1645.1538461538462 22145 2.0061538461538464 194.14615384615385 13100
210.01625078825137 1645.6870229007634 22151 2.006106870229008 194.67175572519085 13200
210.20233091445553 1646.0227272727273 22151 2.0047979797979796 195.49242424242425 13300
210.3533285316822 1652.2255639097743 22149 2.0022556390977444 196.6390977443609 13400
210.53487890265922 1653.1641791044776 22149 2.004726368159204 196.8582089552239 13500
210.79237336254985 1653.4 22152 2.017037037037037 196.7925925925926 13600
211.03532427500875 1651.9117647058824 22164 2.0254901960784317 197.08823529411765 13700
211.33692932455506 1649.7591240875913 22172 2.0282238442822385 198.24087591240877 13800
211.56493735823568 1654.4492753623188 22177 2.0381642512077294 198.6231884057971 13900
211.89599292501933 1657.863309352518 22183 2.0378896882494004 199.12230215827338 14000
212.24301524427926 1660.6 22191 2.0501190476190474 199.67142857142858 14100
212.5696662571798 1657.1702127659576 22196 2.059219858156028 201.2836879432624 14200
212.88200231437872 1655.119718309859 22203 2.065845070422535 203.82394366197184 14300
213.18600620104158 1652.4615384615386 22212 2.0793706293706293 205.6853146853147 14400
213.39958968382658 1648.5208333333333 22215 2.095023148148148 207.13888888888889 14500
213.56730285962436 1645.1655172413793 22222 2.112758620689655 208.2 14600
213.68963611096274 1643.041095890411 22223 2.1302511415525114 209.46575342465752 14700
213.79271428985476 1639.4285714285713 22223 2.14297052154195 210.52380952380952 14800
213.93440712974208 1635.304054054054 22225 2.145382882882883 211.72972972972974 14900
214.05618154704115 1632.3892617449665 22225 2.1544742729306487 212.59731543624162 15000
214.17912838302627 1628.8866666666668 22225 2.1617777777777776 213.52 15100
215.8985414272648 1634.2565789473683 22080 2.1958333333333333 218.07236842105263 15200
217.3895409488218 1649.642857142857 21941 2.2306277056277057 222.4025974025974 15300
218.7004789257241 1667.378205128205 21804 2.2642094017094014 224.78846153846155 15400
219.97390704989223 1688.7784810126582 21676 2.2776371308016876 227.33544303797467 15500
221.22061596728486 1703.81875 21545 2.2897916666666664 230.225 15600
222.61857469809144 1703.5555555555557 21415 2.300102880658436 234.01234567901236 15700
224.01421578956922 1699.5853658536585 21289 2.3193089430894305 238.5121951219512 15800
225.51710482637006 1699.9578313253012 21164 2.345582329317269 243.1144578313253 15900
226.97887384340308 1702.767857142857 21045 2.3712301587301585 248.52380952380952 16000
228.34513646813463 1706.570588235294 20928 2.4153921568627448 252.38823529411764 16100
229.92404013715532 1710.0523255813953 20815 2.4585271317829456 255.36046511627907 16200
231.49364941274732 1715.867816091954 20705 2.493486590038314 257.44827586206895 16300
233.06446318112296 1720.1420454545455 20600 2.527651515151515 257.9431818181818 16400
234.80854705620555 1727.112359550562 20499 2.565262172284644 258.685393258427 16500
236.64842200466805 1735.8666666666666 20399 2.599259259259259 258.85 16600
238.45155077406676 1741.6153846153845 20296 2.632509157509157 258.7912087912088 16700
240.29995070430212 1746.2391304347825 20194 2.662047101449275 258.4619565217391 16800
242.01023073883678 1747.6612903225807 20096 2.6861111111111104 257.94086021505376 16900
243.46443599311007 1750.7074468085107 19999 2.710726950354609 258.09574468085106 17000
244.8579230670605 1750.9105263157894 19900 2.7358771929824552 258.37368421052633 17100
245.98929846155423 1753.1510416666667 19805 2.763628472222221 258.1354166666667 17200
246.93394634052865 1753.2319587628865 19713 2.784621993127147 258.5773195876289 17300
247.76169419498748 1750.9132653061224 19620 2.8041666666666667 259.6683673469388 17400
248.42860646098026 1752.2727272727273 19531 2.821296296296296 260.34343434343435 17500
249.07608825349587 1758.015 19439 2.8364166666666666 259.635 17600
249.81309389922325 1762.6831683168316 19353 2.8471122112211216 259.1287128712871 17700
250.639276757181 1762.8970588235295 19268 2.8592320261437902 258.5686274509804 17800
251.67002945295175 1758.0533980582525 19184 2.8783980582524262 258.3543689320388 17900
252.71589071989087 1752.0528846153845 19101 2.8995993589743585 258.99038461538464 18000
253.68425656013574 1746.142857142857 19024 2.9219841269841265 259.64761904761906 18100
254.61098757900282 1740.7641509433963 18945 2.9329402515723264 260.0566037735849 18200
255.57260084357972 1736.9906542056074 18869 2.921884735202491 261.17289719626166 18300
256.5180710494775 1733.9212962962963 18791 2.9148919753086404 262.2175925925926 18400
257.52460844887605 1730.1376146788991 18716 2.9194954128440354 263.05045871559633 18500
258.5657512353055 1724.7454545454545 18641 2.9331060606060593 264.07272727272726 18600
259.33696705662965 1718.5855855855855 18565 2.9595345345345327 265.07207207207205 18700
259.8960749938878 1712.763392857143 18491 3.0081101190476174 265.9375 18800
260.30156346111414 1707.4424778761063 18420 3.067330383480824 266.6592920353982 18900
260.7743573110452 1701.8508771929824 18350 3.140423976608185 266.75 19000
261.2584383653048 1696.2304347826087 18279 3.218550724637679 267.2826086956522 19100
261.6757029102017 1691.9353448275863 18211 3.305028735632182 268.4698275862069 19200
261.90445782447443 1690.9273504273503 18144 3.3953703703703684 270.35042735042737 19300
261.9960518721627 1690.6440677966102 18078 3.4682909604519754 272.2330508474576 19400
262.17372827500003 1688.8781512605042 18015 3.534733893557421 272.9579831932773 19500
262.4441843819552 1686.1708333333333 17951 3.5823611111111093 272.87916666666666 19600
262.77457010119247 1682.5371900826447 17890 3.6395316804407694 273.7314049586777 19700
263.1078774753385 1678.0040983606557 17828 3.6916666666666647 274.5860655737705 19800
263.4764092535856 1673.0691056910568 17767 3.7338075880758788 275.0243902439024 19900
263.87688107382485 1668.9959677419354 17706 3.767204301075267 275.7782258064516 20000
264.2571474859433 1665.1 17649 3.7963999999999984 277.104 20100
264.55257083968263 1662.5238095238096 17592 3.8390211640211627 278.6666666666667 20200
264.8383616569399 1660.8622047244094 17536 3.858661417322833 279.90551181102364 20300
265.0569064029497 1659.45703125 17483 3.845442708333332 280.125 20400
265.2791103035345 1656.5 17430 3.8324289405684735 279.73643410852713 20500
265.55508816539606 1652.8153846153846 17377 3.8144871794871777 278.6 20600
265.8212345274769 1648.6603053435115 17325 3.7968193384223903 279.1526717557252 20700
266.30480831304897 1644.746212121212 17273 3.784154040404039 283.2083333333333 20800
267.075876005431 1640.4248120300751 17221 3.7876566416040083 287.9624060150376 20900
267.6367133125696 1635.8768656716418 17171 3.8103855721393014 290.7723880597015 21000
268.01439965993774 1632.4851851851852 17120 3.845123456790122 291.68888888888887 21100
268.35314797974485 1631.6176470588234 17071 3.880575980392156 290.9007352941176 21200
268.64725744718805 1636.405109489051 17025 3.901520681265206 289.9270072992701 21300
268.9634413862765 1639.177536231884 16979 3.8889492753623176 288.42391304347825 21400
269.3369800711169 1637.7553956834533 16931 3.872961630695442 288.0935251798561 21500
269.76950672798125 1636.3428571428572 16885 3.851249999999999 289.0642857142857 21600
270.22125257282505 1632.8936170212767 16841 3.8286643026004716 289.70567375886526 21700
270.6957290146449 1628.5211267605634 16797 3.8110915492957735 287.82042253521126 21800
271.1308398127579 1624.1818181818182 16755 3.795512820512819 286.16783216783216 21900
271.4456294740889 1620.0659722222222 16711 3.7743634259259244 285.14930555555554 22000
271.63581214576936 1616.3655172413794 16669 3.752643678160918 284.5310344827586 22100
271.949739801451 1613.390410958904 16627 3.728652968036528 283.93150684931504 22200
272.33973035134403 1610.8299319727892 16585 3.704138321995463 282.0646258503401 22300
272.82534441077115 1608.7972972972973 16543 3.682488738738737 280.4695945945946 22400
273.3047871989011 1606.0570469798658 16501 3.663143176733779 279.3020134228188 22500
273.75629264247186 1603.5533333333333 16459 3.645103174603172 278.59 22600
274.25638529528516 1600.8211920529802 16417 3.629005045726898 278.1291390728477 22700
274.71661444556946 1597.782894736842 16375 3.617191416040099 277.81907894736844 22800
275.0825647079618 1594.3071895424837 16333 3.610511982570805 277.859477124183 22900
275.54176430884723 1590.7564935064936 16292 3.6056199752628317 278.36038961038963 23000
275.950141099734 1586.3096774193548 16250 3.602519201228878 278.8838709677419 23100
276.26330616922655 1582.4423076923076 16207 3.6034645909645904 279.57371794871796 23200
276.5423308200029 1580.4299363057326 16166 3.6096299666363354 280.6528662420382 23300
276.8008159052971 1579.1645569620252 16129 3.6152652200120547 282.246835443038 23400
277.08688145392654 1577.4842767295597 16091 3.6182464809823296 284.2295597484277 23500
277.5501892398082 1576.271875 16054 3.61985119047619 286.096875 23600
278.03782625942483 1575.1335403726707 16017 3.619883170659568 288.2888198757764 23700
278.5089585974325 1573.9506172839506 15983 3.625315990593768 289.74074074074076 23800
279.0103241538529 1572.1472392638036 15950 3.633366199240432 290.2638036809816 23900
279.4782053302536 1570.5823170731708 15918 3.6378883565621365 290.5365853658537 24000
279.90574966712967 1569.8 15887 3.6393253968253965 291.2939393939394 24100
280.32722520141397 1571.5210843373493 15856 3.6328384968445206 292.8644578313253 24200
280.80015020800323 1572.4071856287426 15824 3.622954091816367 295.1736526946108 24300
281.2754102497379 1572.2142857142858 15793 3.610742630385488 297.2083333333333 24400
281.77889558739656 1570.3520710059172 15761 3.603324880247958 296.55325443786984 24500
282.3324269513372 1568.7411764705882 15729 3.5976750700280116 295.5352941176471 24600
282.796961177049 1567.1023391812867 15697 3.5964076858813705 294.4356725146199 24700
283.16639363267586 1565.4912790697674 15667 3.586157253599114 293.71802325581393 24800
283.4856711609023 1564.549132947977 15637 3.5746765758326453 292.71676300578036 24900
283.77272420353904 1564.1637931034484 15606 3.563184181718665 291.85632183908046 25000
284.0226272391777 1565.202857142857 15578 3.5490136054421777 292.1657142857143 25100
284.27648918295137 1565.1988636363637 15551 3.5340570887445897 292.56534090909093 25200
284.5219171448708 1565.8050847457628 15524 3.5197403820285187 291.10169491525426 25300
284.72860795966 1568.9522471910113 15495 3.5074571963616923 289.8230337078652 25400
284.9801321047294 1573.7150837988827 15468 3.4934490555998954 288.963687150838 25500
285.2031830853232 1578.0194444444444 15443 3.4791335978836004 287.71944444444443 25600
285.4000362431802 1579.875690607735 15417 3.4640555117074476 286.58839779005524 25700
285.59901774190985 1578.7527472527472 15388 3.4491431187859782 286.29395604395603 25800
285.8671907343254 1578.103825136612 15360 3.4343937028363283 286.20765027322403 25900
286.14522419650314 1577.4972826086957 15333 3.420257505175986 285.48097826086956 26000
286.43576241945453 1576.381081081081 15308 3.4053732303732334 284.53783783783786 26100
286.7314132070679 1575.2903225806451 15281 3.3924411162314416 283.0403225806452 26200
286.9753771872054 1575.2005347593583 15255 3.3890056022408994 281.8155080213904 26300
287.18534046352454 1574.9335106382978 15227 3.3842768490374904 281.07712765957444 26400
287.42004888968114 1574.7460317460318 15201 3.382243638196022 280.79100529100526 26500
287.67069907396444 1574.971052631579 15174 3.382863408521306 280.8421052631579 26600
287.90755105125515 1574.1701570680627 15150 3.388712291199205 280.76439790575915 26700
288.1755324229988 1572.7786458333333 15125 3.3905939980158757 281.453125 26800
288.4350967939093 1572.3937823834196 15101 3.388570194917348 282.4222797927461 26900
288.59390261589834 1572.4690721649486 15075 3.3917218949435473 283.4458762886598 27000
288.757965253527 1573.4410256410256 15052 3.3909951159951186 285.05897435897435 27100
288.9319903246073 1571.8647959183672 15029 3.3915512633624907 286.0229591836735 27200
289.1628881990707 1570.3375634517768 15004 3.3882946579647113 287.93908629441626 27300
289.47287088411423 1568.330808080808 14981 3.378757816257819 289.3484848484849 27400
289.8162551044224 1566.324120603015 14958 3.362616654702084 287.9472361809045 27500
290.18096661493604 1564.615 14935 3.3491369047619073 286.85 27600
290.5810080826402 1562.7985074626865 14912 3.3382788438758615 286.2363184079602 27700
290.9551823955935 1561.240099009901 14890 3.331653701084397 285.86633663366337 27800
291.38630243035647 1559.6896551724137 14866 3.3316619751348844 285.6847290640394 27900
291.89730780401476 1558.0441176470588 14842 3.3365721288515435 285.7598039215686 28000
292.31651492239763 1556.2853658536585 14819 3.346312427409991 285.93658536585366 28100
292.6417978927606 1553.5898058252428 14797 3.361621590383729 286.28155339805824 28200
293.0040011803779 1551.4082125603866 14774 3.3791982976765613 286.6376811594203 28300
293.3146784276756 1549.1274038461538 14753 3.388192536630039 287.33653846153845 28400
293.55339818075754 1546.16985645933 14731 3.389923672818412 288.64114832535887 28500
293.7941067805236 1542.9809523809524 14708 3.39401927437642 290.00714285714287 28600
294.04507981364105 1539.6824644549763 14684 3.4004457233130245 291.2037914691943 28700
294.24314527961883 1536.0896226415093 14661 3.4009153189577743 292.3561320754717 28800
294.38166677297386 1532.8521126760563 14638 3.3955119606528084 292.9107981220657 28900
294.5271537845828 1529.7242990654206 14615 3.383149755229197 292.5420560747664 29000
294.7500983059849 1526.4883720930231 14592 3.369739756367666 291.2093023255814 29100
294.9600839078633 1523.962962962963 14570 3.3552965167548527 289.8888888888889 29200
295.1673088123445 1523.278801843318 14548 3.3421384682905444 288.60829493087556 29300
295.3726864876354 1523.1032110091744 14526 3.326807557885542 287.2844036697248 29400
295.6018664387026 1522.189497716895 14506 3.3116166557947406 285.972602739726 29500
295.8683563714076 1521.3727272727272 14485 3.2988365800865824 284.74545454545455 29600
296.16538143396144 1522.7307692307693 14465 3.2914511958629626 283.83031674208144 29700
296.4785138245245 1521.0247747747749 14445 3.28563384813385 283.4594594594595 29800
296.7772400213011 1520.0560538116592 14425 3.2783739056160597 283.80044843049325 29900
297.05455386356124 1520.029017857143 14406 3.2689466411564645 284.47544642857144 30000
297.3600952935425 1519.068888888889 14386 3.2603439153439173 284.94666666666666 30100
297.7047384020085 1518.9203539823009 14368 3.2503423935946087 285.0575221238938 30200
298.0305994373746 1520.5044052863436 14347 3.244467170127966 283.9383259911894 30300
298.2704182477397 1523.4912280701753 14327 3.2444914369256503 283.1951754385965 30400
298.46374919940166 1527.6943231441048 14308 3.2423320856727 282.7139737991266 30500
298.65130381643314 1529.2586956521739 14289 3.2412784679089057 282.33478260869566 30600
298.76735695865693 1530.6298701298701 14268 3.232658214801075 282.22294372294374 30700
298.7717076005685 1530.5064655172414 14249 3.2251898604269322 282.14870689655174 30800
298.7270905362866 1528.480686695279 14229 3.2231504189658726 281.5257510729614 30900
298.6269997877302 1528.034188034188 14209 3.215786528286531 280.5705128205128 31000
298.51584819613885 1531.0765957446808 14190 3.2021023302938225 279.37659574468086 31100
298.43247336551616 1532.0656779661017 14171 3.1927713882163062 278.20762711864404 31200
298.36486500731553 1528.8818565400843 14151 3.187738597548727 277.0632911392405 31300
298.24829778227013 1525.689075630252 14131 3.174344737895161 275.89915966386553 31400
298.1383013183262 1522.7928870292887 14111 3.161062960749156 274.744769874477 31500
298.02054626343585 1519.99375 14091 3.1478918650793677 273.6 31600
297.8865948456798 1517.2946058091286 14072 3.134830073108084 272.46473029045643 31700
297.7699964792427 1514.5227272727273 14053 3.121876229830778 271.3388429752066 31800
297.6732038691001 1512.5617283950617 14035 3.111086615716248 270.2510288065844 31900
297.6311790220473 1510.8647540983607 14015 3.10653298204528 269.3340163934426 32000
297.61283134459137 1508.7 13997 3.1040573372206053 268.734693877551 32100
297.56161490082656 1506.6158536585365 13979 3.0975367789392205 268.5467479674797 32200
297.46572782358254 1504.2712550607287 13960 3.092081164449588 268.53036437246965 32300
297.3287980499079 1502.2943548387098 13942 3.090701804915517 268.195564516129 32400
297.2052687359121 1500.4738955823293 13924 3.092345572767262 268.36345381526104 32500
297.1038455203637 1498.498 13907 3.090976190476193 268.898 32600
297.0733795097766 1497.3605577689243 13889 3.0861316638209093 269.19322709163345 32700
297.06014605639353 1496.8412698412699 13872 3.078349395313684 269.0297619047619 32800
297.0119143847563 1495.3853754940712 13856 3.0711227178618508 268.55928853754943 32900
296.9328632145811 1493.486220472441 13839 3.0654293213348356 268.15157480314963 33000
296.845751781513 1491.070588235294 13823 3.0609243697479016 268.1745098039216 33100
296.7408997819023 1488.884765625 13807 3.0587332589285734 268.396484375 33200
296.6777140507968 1486.7821011673152 13790 3.0604502501389677 268.5350194552529 33300
296.6418111548793 1484.5523255813953 13774 3.0608619416758964 268.75581395348837 33400
296.6097969351175 1482.0752895752896 13759 3.058052950910095 269.2084942084942 33500
296.561752130008 1479.9384615384615 13743 3.0539835164835174 270.3115384615385 33600
296.4998874718381 1479.1379310344828 13728 3.0505838350665946 272.3524904214559 33700
296.42708398654355 1478.3454198473282 13714 3.0491185023627785 274.3167938931298 33800
296.3721236797319 1477.180608365019 13699 3.0482980264349098 276.6920152091255 33900
296.3491859292936 1474.9886363636363 13683 3.046221139971142 279.83522727272725 34000
296.37351719139156 1472.911320754717 13668 3.0429020664869744 282.711320754717 34100
296.3996969194158 1470.907894736842 13654 3.038354815610457 285.0921052631579 34200
296.37814726786945 1468.4775280898875 13640 3.037586944890318 286.6629213483146 34300
296.32786850623785 1466.1044776119404 13625 3.039934257285006 288.25932835820896 34400
296.2774835966326 1464.0241635687732 13610 3.04365816958754 290.23234200743497 34500
296.2199568925388 1461.898148148148 13594 3.0476631393298086 292.3925925925926 34600
296.16401549402207 1459.4243542435424 13577 3.0530223159374477 295.07749077490774 34700
296.1659808962873 1457.2628676470588 13563 3.062478116246501 298.16360294117646 34800
296.1647994780586 1455.89010989011 13548 3.07461189604047 301.75457875457874 34900
296.1771897291121 1455.434306569343 13535 3.0884819256169647 305.24087591240874 35000
296.2352827855412 1455.750909090909 13520 3.106341991341994 307.9909090909091 35100
296.29530931584776 1455.519927536232 13506 3.123619737750175 311.08514492753625 35200
296.35108130589316 1454.384476534296 13492 3.1370723740759865 314.5613718411552 35300
296.3748554285611 1452.4820143884892 13480 3.1437735525865045 316.8003597122302 35400
296.3451007933942 1450.616487455197 13467 3.140749274620245 316.9605734767025 35500
296.3289419997613 1448.5107142857144 13453 3.1391751700680297 316.61071428571427 35600
296.38014102128267 1446.4110320284697 13439 3.140459244195901 316.4074733096085 35700
296.4510091147328 1444.6063829787233 13424 3.1374788922661283 316.27659574468083 35800
296.49934101835555 1442.9540636042402 13409 3.1334595322227847 316.0 35900
296.56060974082084 1441.5669014084508 13395 3.1326374916163666 315.84330985915494 36000
296.66678004719444 1441.3333333333333 13382 3.1305931495405197 315.6421052631579 36100
296.8351804277682 1442.131118881119 13369 3.126202963702965 315.9597902097902 36200
297.05468376115164 1441.5418118466898 13358 3.120536751285882 316.27351916376307 36300
297.26459283373504 1441.015625 13346 3.1166459986772503 316.81944444444446 36400
297.49554736741857 1440.2474048442907 13335 3.1127821716922077 316.4965397923875 36500
297.72507277462364 1438.5172413793102 13324 3.1106691297208555 316.4413793103448 36600
297.90147628380754 1437.139175257732 13313 3.1057069219440367 317.12886597938143 36700
297.9925324308934 1436.1421232876712 13303 3.10249103065884 318.0804794520548 36800
298.0722619183169 1434.655290102389 13292 3.1021412319193904 318.74914675767917 36900
298.1681689534443 1433.0272108843537 13282 3.10519517330742 319.3078231292517 37000
298.25005320550486 1431.528813559322 13270 3.1087933817594857 320.2118644067797 37100
298.3349526026015 1430.462837837838 13260 3.1140564671814692 321.2787162162162 37200
298.3916209083878 1429.2609427609427 13249 3.121528779862115 322.5218855218855 37300
298.45028627326013 1428.0939597315437 13240 3.1345437839565373 323.68624161073825 37400
298.5170885829338 1426.6989966555184 13230 3.1533245739767497 324.74247491638795 37500
298.596151955474 1425.8666666666666 13219 3.167813492063494 325.77666666666664 37600
298.6779890863329 1425.4950166112956 13208 3.1768074671729174 326.1461794019934 37700
298.71880823891024 1425.2235099337747 13198 3.183258435824663 326.2135761589404 37800
298.73666171742383 1424.4785478547856 13187 3.1855414112839875 326.05445544554453 37900
298.725384661331 1422.9901315789473 13176 3.186164630325816 325.75986842105266 38000
298.7187703602287 1421.004918032787 13163 3.184734582357535 325.60819672131146 38100
298.68759830287064 1418.5996732026144 13151 3.178820417055713 325.48366013071893 38200
298.6035720417493 1416.3387622149837 13138 3.171886148596248 325.78338762214986 38300
298.49989409910114 1414.0048701298701 13126 3.1654839208410652 326.21753246753246 38400
298.4405344886812 1411.6812297734627 13113 3.161064879026046 326.40453074433657 38500
298.37802233060654 1409.375806451613 13100 3.1563517665130587 326.98064516129034 38600
298.2705467563275 1407.1623794212219 13088 3.1514278058490297 327.81832797427654 38700
298.1662215162679 1405.1266025641025 13075 3.148538614163616 328.51121794871796 38800
298.0853210691142 1403.3067092651756 13062 3.1480640499011123 328.83226837060704 38900
298.0151894474878 1401.5477707006369 13050 3.1491848650288157 328.9156050955414 39000
297.938804136852 1399.5174603174603 13038 3.152282690854121 328.8777777777778 39100
297.8236141578287 1397.4667721518988 13026 3.154569770946355 329.0901898734177 39200
297.6758177408065 1395.6766561514196 13014 3.1596026738771235 329.42902208201895 39300
297.5392385078463 1394.0094339622642 13002 3.1643418688230027 330.1949685534591 39400
297.4136179897565 1392.3887147335424 12990 3.1680064188684893 331.41379310344826 39500
297.3021722350956 1391.0546875 12978 3.1674813988095254 332.6515625 39600
297.19648090578676 1389.7133956386292 12966 3.1677384661029535 333.79595015576325 39700
297.1176072570798 1388.3105590062112 12954 3.1679939367051184 335.2950310559006 39800
297.01891984216996 1386.4024767801857 12942 3.165151850213771 338.08513931888547 39900
296.92777652463326 1384.3425925925926 12930 3.1607840975896546 341.0895061728395 40000
296.8459611016266 1382.5984615384616 12918 3.1541355311355326 342.03846153846155 40100
296.7329216108517 1381.1042944785277 12907 3.1490614957639513 342.69325153374234 40200
296.58776553527275 1379.5336391437309 12895 3.145547546235621 343.3975535168196 40300
296.4777634483258 1377.7057926829268 12885 3.1458659988385613 343.7896341463415 40400
296.4347278230328 1375.5273556231002 12874 3.1477022723983223 344.6580547112462 40500
296.3996087295616 1373.3151515151515 12863 3.1502849927849943 345.7878787878788 40600
296.3596015183432 1371.655589123867 12851 3.155873255646671 346.761329305136 40700
296.3028190201006 1370.2530120481927 12839 3.1614278542742413 347.2259036144578 40800
296.2598806332612 1368.43993993994 12828 3.162444587444589 347.5840840840841 40900
296.240656147852 1366.809880239521 12817 3.1664492443684074 347.24700598802394 41000
296.2046808689693 1365.079104477612 12806 3.167444918265815 346.8134328358209 41100
296.1776796310555 1363.044642857143 12795 3.1624822845805003 345.82886904761904 41200
296.1528053783065 1361.2492581602373 12784 3.1575491027271454 344.82789317507417 41300
296.1473571476802 1359.7381656804735 12773 3.1526451112989586 343.9600591715976 41400
296.1520764936756 1358.684365781711 12762 3.147770051973593 343.53982300884957 41500
296.2004208412285 1358.270588235294 12751 3.1429236694677885 343.2294117647059 41600
296.2375048268245 1357.599706744868 12741 3.1381057114928095 342.6950146627566 41700
296.2637213465961 1356.5862573099416 12730 3.1333159287106667 342.60233918128654 41800
296.26313702902735 1355.1778425655978 12720 3.1270963487435806 342.402332361516 41900
296.27577411630415 1353.8372093023256 12710 3.118005952380954 341.40697674418607 42000
296.2583185759302 1352.408695652174 12700 3.110417529330574 340.5420289855073 42100
296.2311184147567 1351.1445086705203 12690 3.1100984035232604 339.82369942196533 42200
296.22735935806514 1350.0043227665706 12681 3.1184266501989857 339.0403458213257 42300
296.23779076734206 1348.778735632184 12672 3.1267070333880693 338.6925287356322 42400
296.257907495261 1347.583094555874 12663 3.13637262928094 338.7134670487106 42500
296.27542307766106 1346.3457142857144 12653 3.147411564625852 339.02142857142854 42600
296.29965152054183 1345.7934472934473 12644 3.1526895943562625 339.8005698005698 42700
296.29336468303893 1346.6491477272727 12635 3.1522558170995683 340.77840909090907 42800
296.278291703897 1347.3881019830028 12625 3.1518244975043856 341.4249291784703 42900
296.2512017497878 1347.7005649717514 12616 3.1513956147430737 342.49152542372883 43000
296.23628580959934 1347.225352112676 12607 3.152377598926896 343.3225352112676 43100
296.2079828680303 1346.2289325842696 12597 3.1561630551096855 343.2696629213483 43200
296.19006709905307 1345.4397759103642 12587 3.1627284247032157 343.37254901960785 43300
296.2089939906779 1344.5209497206704 12577 3.1734470603884026 343.33240223463685 43400
296.2608044410061 1343.9707520891366 12568 3.177142193924925 343.4442896935933 43500
296.31083043635863 1343.2930555555556 12559 3.172483465608467 343.1388888888889 43600
296.3586826162559 1342.2880886426592 12550 3.1678505474211858 342.3531855955679 43700
296.3508087058689 1340.9060773480662 12540 3.16600565640621 341.689226519337 43800
296.3409339204564 1339.422865013774 12531 3.1738128033582593 341.21349862258955 43900
296.33043886371377 1337.9574175824175 12521 3.193939691261121 341.92857142857144 44000
296.31806714941166 1336.627397260274 12513 3.229024787997392 343.35479452054796 44100
296.30349816324497 1335.299180327869 12504 3.2789454852979456 344.59289617486337 44200
296.29172025923003 1334.2643051771117 12496 3.3313189308420927 345.6648501362398 44300
296.2782263103353 1333.1915760869565 12487 3.383407738095239 346.0679347826087 44400
296.2534446394833 1332.418699186992 12478 3.435214221189832 345.7750677506775 44500
296.2251962736014 1332.3567567567568 12470 3.4867406692406706 345.2581081081081 44600
296.1859747302259 1332.1509433962265 12462 3.53798934668207 344.84366576819406 44700
296.1381536614675 1331.9193548387098 12453 3.577537762416796 344.5739247311828 44800
296.0727537452829 1331.2439678284181 12445 3.5934156772628634 344.61260053619304 44900
296.017908875021 1330.3770053475937 12437 3.606534886681947 344.75 45000
295.96540087706387 1329.312 12429 3.6169174603174614 344.86133333333333 45100
295.90896631626407 1328.3670212765958 12420 3.6259150202634256 345.0039893617021 45200
295.8790077680421 1327.393899204244 12412 3.635527977769358 345.1551724137931 45300
295.8497796340197 1326.345238095238 12404 3.65038107835727 345.48809523809524 45400
295.8203993002671 1325.5013192612137 12395 3.667794320894586 345.6372031662269 45500
295.79360814884075 1325.0697368421052 12386 3.6851159147869685 345.64473684210526 45600
295.7868320805673 1324.6167979002626 12378 3.6813492063492075 345.9698162729659 45700
295.77354515526076 1324.4253926701572 12370 3.6769477686362513 346.16230366492147 45800
295.7379492358248 1324.1227154046996 12362 3.6706110903891593 346.1031331592689 45900
295.75834798899905 1325.48828125 12356 3.6636563740079375 346.15625 46000
295.87371172031243 1330.5220779220779 12349 3.6593351886209042 346.33246753246755 46100
296.02355301473 1335.4689119170985 12342 3.6621607451270677 346.4041450777202 46200
296.18256745991874 1338.7674418604652 12336 3.675953611418729 346.4341085271318 46300
296.2740899104626 1341.2809278350514 12330 3.693541359842907 346.28092783505156 46400
296.33035777721375 1343.1555269922878 12324 3.7020412535194036 345.81748071979433 46500
296.3340732035283 1343.8320512820512 12318 3.6951129426129437 345.00128205128203 46600
296.3183409721205 1343.7442455242967 12311 3.690777615393985 344.2595907928389 46700
296.338727046362 1344.1798469387754 12304 3.6813623663751227 343.3813775510204 46800
296.3574918551811 1344.6959287531806 12297 3.671995032109537 342.50763358778624 46900
296.36779824148744 1344.73730964467 12290 3.6626752477640814 341.63832487309645 47000
296.35933719679304 1343.554430379747 12282 3.6534026522001217 340.77341772151897 47100
296.3421617397455 1342.5391414141413 12274 3.644176887926889 339.9128787878788 47200
296.3080560481822 1341.4886649874056 12266 3.6349976010555367 339.0566750629723 47300
296.24758143860976 1340.4095477386934 12258 3.6258644412538894 338.20477386934675 47400
296.17019164975056 1339.2305764411028 12250 3.6180301945339552 337.37719298245617 47500
296.1059192642957 1337.8075 12242 3.61273511904762 336.71875 47600
296.0160932942295 1336.2705735660847 12234 3.607466452915332 336.43765586034914 47700
295.92495715948496 1334.754975124378 12226 3.6022239990523586 336.53109452736317 47800
295.8382635440087 1333.3684863523574 12217 3.5994889519083078 336.6625310173697 47900
295.7562920681292 1332.1113861386139 12209 3.599861504007545 336.4987623762376 48000
295.6960691847759 1330.9592592592592 12201 3.597145796590242 336.6703703703704 48100
295.6464061583677 1329.8608374384237 12193 3.596085503166785 336.9100985221675 48200
295.60274031786315 1328.6560196560197 12185 3.595439920439922 336.83415233415235 48300
295.5586934953597 1327.3995098039215 12178 3.59357201213819 336.6654411764706 48400
295.50946105438567 1326.237163814181 12171 3.5908982419373627 336.8447432762836 48500
295.42992978414435 1325.4573170731708 12163 3.5882375145180028 337.31463414634146 48600
295.34163026793266 1324.8126520681265 12156 3.5843731896651603 337.8029197080292 48700
295.24348032388554 1324.4648058252428 12149 3.5785049699491442 338.18567961165047 48800
295.173947740922 1324.2384987893463 12143 3.573472270264037 339.1416464891041 48900
295.1200449440771 1324.340579710145 12136 3.5684638831377957 341.1823671497585 49000
295.06430924657013 1324.3457831325302 12129 3.56468445209409 343.310843373494 49100
295.02249410313226 1324.4098557692307 12123 3.5627260760073254 345.4651442307692 49200
294.9834116538849 1324.3872901678658 12117 3.5637746945300894 347.45323741007195 49300
294.9335017230032 1324.4928229665072 12111 3.5749857598541803 347.8755980861244 49400
294.88534598367625 1324.6706443914081 12104 3.586739970451187 348.2780429594272 49500
294.8505004063913 1324.442857142857 12098 3.5912953514739225 348.3833333333333 49600
294.8198633176628 1323.9857482185273 12093 3.59345379481959 348.36579572446556 49700
294.7861482354606 1323.8696682464456 12087 3.594022229744978 348.5509478672986 49800
294.77240428115005 1323.9066193853428 12081 3.5922239108409313 348.64539007092196 49900
294.78385958409444 1323.5495283018868 12075 3.591318508535489 348.5070754716981 50000
294.8044043374797 1322.7 12069 3.5893389355742293 348.22470588235296 50100
294.81696012700615 1321.9460093896714 12063 3.5873686563827403 347.9037558685446 50200
294.82232277201473 1321.2494145199064 12056 3.5838463254154114 347.6967213114754 50300
294.8385998191333 1320.66238317757 12049 3.5795616377392068 347.5140186915888 50400
294.86850812554354 1319.9067599067598 12043 3.5756854256854242 347.43123543123545 50500
294.9351416091968 1318.9674418604652 12037 3.572602436323365 347.5604651162791 50600
295.0368631804497 1318.0034802784223 12030 3.5693404043752057 347.953596287703 50700
295.1804653550951 1317.111111111111 12024 3.5660934744268067 348.400462962963 50800
295.350635145883 1316.2598152424941 12017 3.56352139008028 348.79792147806006 50900
295.52427756482183 1315.4481566820277 12011 3.560371406627165 349.18663594470047 51000
295.66719195907416 1314.4666666666667 12006 3.5572153804050335 349.30689655172415 51100
295.78198482679625 1313.5561926605506 12000 3.5555073176059393 349.26146788990826 51200
295.90708012522214 1312.561784897025 11995 3.5546039010569883 349.09382151029746 51300
296.04275151088154 1311.414383561644 11989 3.555457708197432 348.8082191780822 51400
296.15649721887576 1310.0933940774487 11983 3.5556567957479093 348.6845102505695 51500
296.25799562372845 1308.8625 11978 3.5540692640692613 348.6068181818182 51600
296.361162945777 1307.6655328798186 11972 3.5526509016304906 348.5657596371882 51700
296.4621216509676 1306.5712669683257 11966 3.550700280112041 348.8371040723982 51800
296.5710997191318 1305.6038374717832 11960 3.5475760507363177 348.9334085778781 51900
296.6792642974528 1304.6970720720722 11954 3.542964392964389 348.88513513513516 52000
296.7734781328728 1303.8494382022473 11948 3.537811663991435 349.1786516853933 52100
296.86673367723006 1302.9372197309417 11943 3.531747811232112 349.68609865470853 52200
296.9402004488289 1302.0413870246084 11937 3.525711089805045 349.81767337807605 52300
296.9910155519278 1301.2979910714287 11931 3.519329294217683 349.42857142857144 52400
297.0168903430167 1300.9832962138084 11926 3.513718315834124 349.38530066815144 52500
297.0516046750141 1300.87 11920 3.507947089947085 349.56444444444446 52600
297.07806035100975 1300.5576496674057 11914 3.5014623587794267 350.7439024390244 52700
297.1331149872081 1299.7345132743362 11907 3.494526970080062 352.23230088495575 52800
297.2076455195578 1298.971302428256 11901 3.488358036371276 351.53532008830024 52900
297.2752728516949 1298.7136563876652 11895 3.4824365428990927 350.94603524229075 53000
297.3186151530357 1298.1241758241758 11889 3.4767608581894245 350.6142857142857 53100
297.3131661727965 1296.875 11883 3.4729741019214653 350.3618421052632 53200
297.298975297576 1295.9901531728665 11877 3.4702980097947225 350.1881838074398 53300
297.2847214580196 1295.4344978165939 11870 3.4676336036597992 350.26637554585153 53400
297.28362136872454 1294.3202614379086 11864 3.4666147940657694 350.4673202614379 53500
297.3453105613535 1293.1847826086957 11857 3.466687370600409 350.5608695652174 53600
297.4207870348994 1292.1355748373103 11850 3.4640481355231847 350.6800433839479 53700
297.4646005080989 1291.2997835497836 11843 3.4646670789527882 350.62987012987014 53800
297.4924141455932 1290.4244060475162 11837 3.4642034351537543 350.9298056155508 53900
297.4890520342661 1289.4299568965516 11831 3.461766215106727 351.13577586206895 54000
297.46521833638275 1288.441935483871 11824 3.458981054787501 350.6516129032258 54100
297.40906497735114 1287.5858369098712 11818 3.454777232781519 350.17596566523605 54200
297.3424719047671 1286.8115631691649 11811 3.450056082390124 349.67558886509636 54300
297.27980195425437 1285.9647435897436 11804 3.4437525437525385 349.1955128205128 54400
297.1896245051594 1284.8869936034116 11797 3.43640978779571 348.45095948827293 54500
297.1055079847296 1283.845744680851 11790 3.4296301925025277 347.7468085106383 54600
297.0142105953434 1283.0063694267517 11783 3.4244717419876602 347.20594479830146 54700
296.91219412178845 1282.3177966101696 11776 3.420394471347856 346.9449152542373 54800
296.81156458377893 1281.4429175475686 11770 3.41633444075304 347.00211416490487 54900
296.7091757939251 1280.6466244725739 11763 3.4128189672493416 347.26371308016877 55000
296.5964224521003 1280.036842105263 11756 3.410897243107764 347.53473684210525 55100
296.48230958270625 1279.5336134453783 11749 3.4089835934373696 347.7636554621849 55200
296.3729535527205 1278.8406708595387 11743 3.4049815313966203 347.9224318658281 55300
296.23895918949614 1278.1694560669457 11736 3.4015192269376318 348.244769874477 55400
296.0909724932891 1277.6461377870564 11730 3.3985932995327515 348.72964509394575 55500
295.93867086415895 1277.2458333333334 11723 3.3953323412698357 349.27708333333334 55600
295.81145566122495 1276.7983367983368 11717 3.3941639441639384 348.9033264033264 55700
295.72303901588174 1276.2334024896265 11711 3.393207864058481 348.56016597510376 55800
295.65502751887476 1275.77950310559 11706 3.3905304150645708 348.3488612836439 55900
295.5946214124727 1275.301652892562 11700 3.388277253049975 348.0113636363636 56000
295.53354965022794 1274.5350515463917 11695 3.3840402552773634 347.6278350515464 56100
295.4722702145669 1273.6460905349795 11690 3.3787918871252147 347.1460905349794 56200
295.41406900704885 1272.993839835729 11684 3.3730517258237946 346.95071868583165 56300
295.3477540734888 1272.5829918032787 11678 3.3683938329430076 346.8821721311475 56400
295.27125174693396 1272.1840490797547 11672 3.3651524004284683 346.76278118609406 56500
295.1972567288075 1271.6755102040815 11667 3.3616861030126275 346.81734693877553 56600
295.12399183847646 1271.0743380855397 11662 3.358403646591013 346.91547861507127 56700
295.0609988491875 1270.3689024390244 11656 3.355981416957021 346.9471544715447 56800
295.01152964239793 1269.7170385395536 11650 3.3544141794648836 347.09127789046653 56900
294.9782086490109 1269.2439271255062 11644 3.3550462695199483 347.0131578947368 57000
294.9753266110996 1268.8222222222223 11639 3.3553391053391004 346.9949494949495 57100
294.9880989714561 1268.351814516129 11633 3.354790706605218 347.1592741935484 57200
294.99944751903206 1268.1931589537223 11628 3.352400114975563 347.5684104627767 57300
295.0071204603559 1268.1234939759036 11623 3.3493497800726675 348.10140562248995 57400
295.0035088678331 1267.7635270541082 11618 3.3455184177879524 348.5260521042084 57500
295.00946475403754 1267.181 11612 3.341952380952377 348.417 57600
295.02634590783225 1266.304391217565 11607 3.3391669042866607 348.2455089820359 57700
295.01876521860436 1265.4711155378486 11602 3.3356455131853497 348.1414342629482 57800
295.01128685522747 1264.600397614314 11597 3.3319961185269293 347.941351888668 57900
295.02886661458746 1263.702380952381 11592 3.3303453325774712 347.7718253968254 58000
295.08096281873713 1263.0049504950496 11586 3.332095709570953 347.7138613861386 58100
295.1458794921502 1262.2697628458498 11581 3.3365212685864813 347.77766798418975 58200
295.2247494515905 1261.4763313609467 11575 3.342479102094482 347.9368836291913 58300
295.32131510900626 1260.9035433070867 11570 3.351085020622418 348.12401574803147 58400
295.41597083189873 1260.4823182711198 11565 3.3614814295069655 348.2809430255403 58500
295.51851748700204 1260.2794117647059 11560 3.36959617180205 348.35686274509806 58600
295.6183380482259 1260.2818003913894 11556 3.3753028608703715 348.38845401174166 58700
295.687854784984 1260.1494140625 11551 3.3798711867559486 348.2822265625 58800
295.75426233883456 1259.672514619883 11546 3.386538104520557 348.12475633528265 58900
295.79024395029586 1259.260700389105 11542 3.396097368908649 348.0418287937743 59000
295.8115203897102 1258.995145631068 11537 3.4052311604253314 348.06019417475727 59100
295.83837775964025 1258.5542635658915 11532 3.4129729605020267 348.0591085271318 59200
295.88576339551594 1257.9226305609284 11526 3.4172031868840342 348.21083172147 59300
295.95164149393463 1257.1399613899614 11521 3.4210309799595473 348.33301158301157 59400
296.03803652726043 1256.5500963391137 11516 3.4274933480135754 348.3102119460501 59500
296.1264401099522 1256.325 11510 3.433161630036626 348.31538461538463 59600
296.2025628105742 1255.8368522072938 11505 3.435881089479934 348.3426103646833 59700
296.2940784697548 1255.9099616858236 11500 3.4356207808793973 348.11590038314176 59800
296.44347876807586 1256.3671128107076 11494 3.430198943822266 347.5554493307839 59900
296.63001876511555 1257.2452290076335 11489 3.4258951290439796 347.0896946564886 60000
296.7356739145957 1257.4885714285715 11484 3.4212743764172293 346.8742857142857 60100
296.86715440502996 1257.3840304182509 11480 3.416195908020999 346.6539923954373 60200
297.0510106392701 1256.9762808349146 11475 3.4116110960513195 346.073055028463 60300
297.2223742068998 1256.2945075757575 11470 3.409568903318899 345.5558712121212 60400
297.2967039816477 1255.6776937618147 11465 3.4091097308488565 345.1550094517958 60500
297.33757760330496 1255.156603773585 11460 3.4048787061994563 345.19528301886794 60600
297.39699311570246 1255.1949152542372 11455 3.3994081248318495 345.83427495291903 60700
297.4427468069931 1254.9351503759399 11450 3.3942713927676293 346.2161654135338 60800
297.4705421357548 1254.094746716698 11445 3.3905610649513047 345.780487804878 60900
297.4733686283129 1253.3848314606741 11439 3.3888933476012086 345.52247191011236 61000
297.4546688191729 1252.6383177570094 11435 3.3886337338673744 345.4084112149533 61100
297.42735277887846 1251.6445895522388 11430 3.3897743425728457 345.46175373134326 61200
297.38039430843264 1250.4785847299813 11425 3.3964972953799726 345.70856610800746 61300
297.34213329662253 1249.5204460966543 11419 3.41248893609488 346.23977695167287 61400
297.3350294395123 1249.1410018552876 11414 3.429348882410103 346.90909090909093 61500
297.3287539874245 1248.8018518518518 11408 3.4479982363315655 347.51296296296294 61600
297.33496943721775 1249.2079482439926 11403 3.4684270750814146 348.1432532347505 61700
297.3508209897664 1250.40036900369 11398 3.491548058337722 348.8238007380074 61800
297.3724338415341 1250.451197053407 11392 3.5136630711216306 349.2219152854512 61900
297.4567066678989 1251.0909926470588 11388 3.537535014005598 349.3602941176471 62000
297.6014767238952 1252.426605504587 11383 3.5622367846221015 349.3302752293578 62100
297.6892649176105 1253.1849816849817 11378 3.589595325309607 349.1163003663004 62200
297.7537684924185 1255.0758683729434 11374 3.6205101418995347 348.9305301645338 62300
297.8155698346709 1256.8786496350365 11370 3.6531369482099367 348.8485401459854 62400
297.89114649570683 1258.5664845173042 11366 3.68018041460664 348.8633879781421 62500
297.99056728765817 1260.2018181818182 11362 3.7062164502164463 349.0945454545455 62600
298.0969629827099 1261.7486388384755 11358 3.7385100682741292 349.2431941923775 62700
298.20041948329254 1263.088768115942 11354 3.758911318150444 349.0271739130435 62800
298.28243243469217 1264.483725135624 11350 3.752114010161022 348.3960216998192 62900
298.36224955600494 1266.0676895306858 11345 3.745341241189612 347.7671480144404 63000
298.43094893516724 1268.1927927927927 11340 3.738592878592874 347.14054054054054 63100
298.4573261536184 1270.1708633093526 11336 3.731868790681736 346.5161870503597 63200
298.4586468893024 1271.7917414721724 11331 3.725168846712828 345.8940754039497 63300
298.4488646613209 1272.7374551971327 11326 3.718492916880009 345.2741935483871 63400
298.44740859288936 1272.2826475849731 11321 3.7118408723059844 344.6565295169946 63500
298.47759562432753 1271.8321428571428 11317 3.705212585034009 344.04107142857146 63600
298.5028637832885 1271.2745098039215 11312 3.698607928019688 343.427807486631 63700
298.5778069926579 1270.6663701067616 11308 3.6921750550754067 342.83807829181495 63800
298.65461246605344 1270.6438721136767 11303 3.6862090839888313 342.341918294849 63900
298.71352484568314 1271.3936170212767 11298 3.6829238432961793 342.06205673758865 64000
298.7645638847072 1272.0398230088495 11293 3.682246101980611 341.94159292035397 64100
298.7909340193308 1272.6333922261483 11289 3.6776838297156282 341.6863957597173 64200
298.8081604368644 1273.2610229276895 11284 3.6738431174939077 341.52821869488537 64300
298.80762600352347 1273.925176056338 11280 3.6703093561368174 341.50792253521126 64400
298.8077970500863 1274.6247803163444 11276 3.6672273830446023 341.5114235500879 64500
298.82231310176064 1275.292105263158 11272 3.6641562238930625 341.5675438596491 64600
298.84367933277787 1275.9483362521892 11267 3.6618255358185277 341.70665499124345 64700
298.85389793774465 1276.9125874125873 11263 3.660085747585745 341.8662587412587 64800
298.8773073384076 1278.0279232111693 11260 3.6590791988697724 341.99912739965094 64900
298.92818217045175 1278.7648083623694 11255 3.6585116973618694 342.2883275261324 65000
298.97390964075447 1279.9713043478262 11252 3.6576563146997905 342.7678260869565 65100
298.9992135270078 1281.2291666666667 11248 3.655935846560845 343.2864583333333 65200
299.0140300165072 1282.0849220103987 11244 3.6555211686060884 343.4220103986135 65300
299.0037405789598 1282.8391003460208 11240 3.6557052232657745 343.4835640138408 65400
298.9895793478912 1283.4922279792745 11236 3.6543260136524367 343.7607944732297 65500
298.9827442100134 1284.0534482758621 11232 3.6540599343185534 344.0534482758621 65600
298.97360860541744 1284.6626506024097 11228 3.6552700598311594 344.3846815834768 65700
298.96772790351366 1285.2809278350514 11224 3.6559441989854333 344.80927835051546 65800
298.94967005779154 1286.1698113207547 11220 3.6568202238013536 345.25643224699826 65900
298.93527284785995 1287.3287671232877 11216 3.6584067188519227 345.7816780821918 66000
298.9203064352881 1288.4307692307693 11213 3.6603744403744396 346.1666666666667 66100
298.9006152899751 1289.3267918088736 11209 3.6631480578579554 346.1825938566553 66200
298.87671899974845 1290.0102214650767 11205 3.667007382169222 346.26660988074957 66300
298.8504061160893 1291.0059523809523 11201 3.6706106252024626 346.44302721088434 66400
298.8288706132724 1291.9405772495757 11197 3.6726251111650106 346.5314091680815 66500
298.80743854633585 1292.7525423728814 11192 3.671969330104924 346.5220338983051 66600
298.79211416972106 1293.691201353638 11188 3.672282652485699 346.5837563451777 66700
298.7985627038623 1294.6824324324325 11184 3.6725949163449165 346.7305743243243 66800
298.83984574408345 1295.64586846543 11181 3.672785674134747 346.9435075885329 66900
298.87859235581703 1296.6186868686868 11177 3.6726150392817067 347.04208754208753 67000
298.90103960499306 1297.1151260504203 11172 3.6717246898759512 347.03613445378153 67100
298.9150721526366 1297.6996644295302 11168 3.6699984020453824 347.00671140939596 67200
298.9374314428971 1298.1867671691791 11164 3.668397543271916 347.00167504187607 67300
298.95724427426717 1298.801839464883 11160 3.667115583691671 347.1279264214047 67400
298.9512864396938 1299.5325542570952 11156 3.666535164427485 347.2228714524207 67500
298.94440895974645 1300.2566666666667 11152 3.6644983465608463 347.4458333333333 67600
298.9444804549591 1300.5532445923461 11148 3.6610817288645907 347.6921797004992 67700
298.9430417626406 1299.8970099667774 11144 3.6576995333016926 348.05730897009965 67800
298.9371289134048 1299.3200663349917 11140 3.6550540946063337 348.44112769485906 67900
298.92246272953787 1298.8104304635763 11136 3.6528313229265215 348.9006622516556 68000
298.89003387109426 1298.4561983471074 11133 3.6508225108225107 349.30495867768593 68100
298.8607393499817 1297.9480198019803 11129 3.6496797894075126 349.21204620462044 68200
298.83119638297853 1297.4456342668864 11125 3.6478772783138522 349.2133443163097 68300
298.8012633091477 1297.2006578947369 11122 3.6459322133458643 349.22861842105266 68400
298.76151624378974 1296.6486042692939 11118 3.642613769645789 349.2118226600985 68500
298.7328829333929 1295.6795081967214 11114 3.6380766978922714 349.0254098360656 68600
298.72231962438207 1294.6374795417348 11111 3.6344410022601505 348.8117839607201 68700
298.71612120867326 1293.6446078431372 11107 3.6318611240792604 348.5457516339869 68800
298.7033924063809 1292.9575856443719 11103 3.6292896631191893 348.3181076672104 68900
298.7010945215183 1292.543973941368 11099 3.6265456155317715 348.13110749185665 69000
298.6900615176091 1292.3040650406504 11096 3.6239121176926052 347.9780487804878 69100
298.66367743690006 1292.0738636363637 11092 3.6206671304885587 347.8709415584416 69200
298.62705004166025 1291.7568881685575 11088 3.6172300686887393 347.88573743922205 69300
298.57886785599646 1291.1674757281553 11084 3.614035290491601 347.9757281553398 69400
298.5268783478252 1290.16155088853 11081 3.6116585891222406 348.00080775444263 69500
298.4727789709851 1289.1185483870968 11077 3.610614439324116 348.05887096774194 69600
298.39384698594785 1288.0684380032205 11073 3.610436316233417 348.3099838969404 69700
298.2943288124871 1287.1382636655949 11068 3.610419537589955 348.7636655948553 69800
298.20081711304675 1286.255216693419 11064 3.6127703890544973 349.25280898876406 69900
298.1212029069569 1285.2548076923076 11060 3.616195436507936 349.9647435897436 70000
298.058015961679 1284.1536 11056 3.620809523809523 350.6472 70100
297.99102953671985 1282.9920127795526 11052 3.62980184086414 351.07747603833866 70200
297.91876805129806 1281.8197767145136 11048 3.647138680033416 351.07814992025516 70300
297.8463098421414 1280.718949044586 11044 3.668799287230815 350.9800955414013 70400
297.77563628836697 1279.7257551669315 11040 3.6868139147550902 350.8672496025437 70500
297.73053088313316 1279.1468253968253 11036 3.696041194255479 350.7865079365079 70600
297.68091806073727 1278.5903328050713 11032 3.692560938797071 350.57131537242475 70700
297.6150260292311 1277.9580696202531 11028 3.689487266425557 350.24446202531647 70800
297.55310609414175 1277.1587677725117 11024 3.686028360791393 349.8744075829384 70900
297.49307153983307 1276.0544164037856 11020 3.6802144359321005 349.3225552050473 71000
297.43776983849983 1274.9724409448818 11017 3.6744188226471683 348.7724409448819 71100
297.397284463822 1274.062893081761 11014 3.669427598083258 348.24213836477986 71200
297.36308931441044 1273.5204081632653 11010 3.6660219032668 347.75667189952907 71300
297.32703098107186 1272.9686520376176 11006 3.6618431855500813 347.2617554858934 71400
297.28507721936404 1272.3458528951487 11003 3.6568950741485944 346.7292644757433 71500
297.2319271597347 1271.72109375 10999 3.654306175595237 346.21796875 71600
297.16158997314216 1271.0226209048362 10995 3.652895401530346 345.7308892355694 71700
297.09006111357894 1270.2328660436137 10991 3.6499313900014827 345.3613707165109 71800
297.0136107008 1269.4012441679627 10987 3.6454213878397383 345.02721617418354 71900
296.94388525324763 1268.5062111801242 10982 3.640537193138124 344.5085403726708 72000
296.8753686423513 1267.6713178294574 10978 3.636055740125507 343.97829457364344 72100
296.78351299226017 1266.8645510835913 10974 3.632749152292495 343.453560371517 72200
296.6856960042097 1265.9729520865533 10970 3.627134393169941 342.9227202472952 72300
296.5911921961237 1265.031635802469 10966 3.6215369635508514 342.39351851851853 72400
296.4914150299808 1264.175654853621 10961 3.615956783329664 341.86594761171034 72500
296.4035851866758 1263.4407692307693 10957 3.6103937728937723 341.34 72600
296.3168566987391 1262.8448540706606 10953 3.6056159022748875 340.83486943164365 72700
296.2167602744297 1262.2661042944785 10949 3.603153301197779 340.42638036809814 72800
296.1112968264562 1261.633996937213 10945 3.602229636111718 340.1439509954058 72900
296.02167579342233 1260.9824159021407 10941 3.6028378476772964 339.8891437308869 73000
295.9424091873046 1260.3694656488549 10937 3.6064976372228275 339.71908396946566 73100
295.8816665681131 1259.9001524390244 10933 3.610146268873402 339.7782012195122 73200
295.8524270908179 1259.461187214612 10929 3.614544828585924 340.0060882800609 73300
295.84220708108717 1258.901215805471 10926 3.620449775654942 340.3427051671733 73400
295.83189797695724 1258.2996965098635 10922 3.62557807645061 340.90895295902885 73500
295.8113037165186 1257.7704545454546 10918 3.6284181096681087 341.6363636363636 73600
295.77040190377573 1257.1565809379729 10915 3.6297366904401693 342.249621785174 73700
295.7339709474155 1256.536253776435 10912 3.6310512875845196 342.50981873111783 73800
295.71609821501784 1255.8129713423832 10908 3.6316077713136528 342.52564102564105 73900
295.69035568795516 1255.085843373494 10905 3.6299035427423973 342.56325301204816 74000
295.6571140842266 1254.3954887218044 10901 3.6274525599713563 342.69398496240603 74100
295.62007735375306 1253.6876876876877 10897 3.6250089375089365 342.51126126126127 74200
295.5851580914261 1252.9422788605698 10894 3.6203237666880836 342.05322338830587 74300
295.5561953228712 1252.2200598802394 10890 3.6164011263187903 341.65194610778445 74400
295.52386334288786 1251.8288490284006 10886 3.612490212826535 341.2085201793722 74500
295.5008221874499 1251.4007462686568 10882 3.6108297796730624 340.84253731343284 74600
295.47570941564265 1250.8658718330848 10878 3.6080565609254127 340.3889716840537 74700
295.4384314599166 1250.357142857143 10875 3.6056636196145115 340.0208333333333 74800
295.4014741467315 1249.6775631500743 10871 3.601791905469468 339.64635958395246 74900
295.34606929977866 1248.9132047477744 10868 3.5964480005652106 339.1424332344214 75000
295.2779197686038 1248.0977777777778 10864 3.591119929453262 338.64 75100
295.22014073168265 1247.3439349112425 10861 3.5858076218653134 338.1390532544379 75200
295.1602214988651 1246.4579025110784 10857 3.58051100794823 337.63958641063516 75300
295.0839862523136 1245.52802359882 10853 3.5755987498244126 337.16150442477874 75400
294.99224228478124 1244.7687776141383 10850 3.5714373378217257 336.7982326951399 75500
294.901725060729 1244.1573529411764 10846 3.5672881652661057 336.65661764705885 75600
294.82145206865687 1243.3788546255507 10842 3.5631511782392833 336.73568281938327 75700
294.7393014778081 1242.6825513196482 10838 3.5593928920541815 336.91129032258067 75800
294.6491805776558 1241.9626647144948 10834 3.5563776755211594 337.06002928257686 75900
294.5742708489684 1241.2302631578948 10830 3.5537367724867717 337.33698830409355 76000
294.51897678573823 1240.5861313868613 10826 3.552198470629127 337.57372262773725 76100
294.4882378169708 1239.9868804664723 10823 3.5521223795640697 337.7842565597668 76200
294.4752453930407 1239.3886462882097 10819 3.5531382130727103 337.9577874818049 76300
294.46381443743144 1238.6787790697674 10816 3.5534243493909186 338.19767441860466 76400
294.4318479077214 1237.967343976778 10813 3.553346810422281 338.50072568940493 76500
294.3971247607144 1237.286231884058 10810 3.5520617667356786 338.49202898550726 76600
294.37588355389636 1236.6931982633864 10807 3.5502980497553565 338.19753979739505 76700
294.3843471218501 1236.0917630057804 10804 3.5502253647123574 337.9284682080925 76800
294.4524541500903 1235.9805194805194 10801 3.551595890881604 337.7056277056277 76900
294.57560515174714 1236.4337175792507 10798 3.55224200631261 337.5648414985591 77000
294.641934640541 1235.9712230215828 10796 3.5514474134977716 337.4640287769784 77100
294.67964685747484 1235.6091954022988 10793 3.550224069512861 337.3692528735632 77200
294.71438767531953 1235.2604017216643 10790 3.5475695156111207 337.1413199426112 77300
294.7569848228942 1234.9061604584526 10788 3.5439197025515066 336.9090257879656 77400
294.80860345770844 1234.4635193133047 10786 3.541138701546426 336.66881258941345 77500
294.8735650238195 1233.8307142857143 10784 3.539615646258503 336.4507142857143 77600
294.9195759728081 1233.1490727532098 10781 3.5383109163779634 336.39514978602 77700
294.9358904567618 1232.3532763532764 10779 3.5370099036765703 336.4494301994302 77800
294.9146331155594 1231.5156472261735 10776 3.535463659147869 336.5689900426743 77900
294.8835401909019 1230.6484375 10773 3.533140557359306 336.8714488636364 78000
294.84714286753217 1229.8099290780142 10770 3.530020263424518 337.3262411347518 78100
294.79456406415653 1228.9525495750709 10767 3.5266727370835014 337.792492917847 78200
294.7388747694649 1228.2333804809052 10764 3.5239240250555666 338.04101838755304 78300
294.68304788967475 1227.7175141242938 10761 3.5215832660747917 338.441384180791 78400
294.6188532861495 1227.1022566995769 10758 3.519578212102894 339.02115655853316 78500
294.55435315760957 1226.5154929577466 10755 3.5178604963111995 339.61267605633805 78600
294.48890963149745 1225.9057665260198 10752 3.5167102002545034 340.14205344585093 78700
294.42714548634683 1225.2696629213483 10749 3.515984483681112 340.77106741573033 78800
294.36489508506713 1224.6044880785414 10745 3.515962065050423 341.2552594670407 78900
294.29540744787647 1223.8641456582634 10742 3.5156595971722004 341.5973389355742 79000
294.2445574677915 1223.0447552447552 10739 3.5152181152181132 341.87342657342657 79100
294.21016620785736 1222.1515363128492 10736 3.5146149241819615 341.98393854748605 79200
294.1733705707209 1221.28940027894 10733 3.514943215780035 341.8361227336123 79300
294.1308733800731 1220.5229805013928 10730 3.5168954768536933 341.5048746518106 79400
294.0836633391054 1219.750347705146 10727 3.5193059142989593 341.2134909596662 79500
294.03523770783227 1218.7868055555555 10724 3.520667989417989 341.0486111111111 79600
293.98868213838887 1217.866158113731 10721 3.519945842414635 340.9833564493759 79700
293.94318856040405 1217.009002770083 10718 3.5196873763355754 340.8531855955679 79800
293.896213304355 1216.0767634854772 10715 3.5198906671935717 340.75587828492394 79900
293.84604392813355 1215.0538674033148 10711 3.51848197842673 340.9585635359116 80000
293.78940893852626 1214.058620689655 10708 3.5158357963875204 341.41241379310344 80100
293.7418686809998 1213.116391184573 10705 3.5138856093401545 341.8133608815427 80200
293.7022889564039 1212.18431911967 10702 3.512674395755551 342.16231086657496 80300
293.6602857231036 1211.1771978021977 10699 3.5105965463108326 342.5989010989011 80400
293.6087148912309 1210.2256515775034 10696 3.5071526553008048 342.7448559670782 80500
293.55750071481623 1209.3267123287671 10693 3.504403131115462 342.4767123287671 80600
293.5141846094185 1208.4131326949384 10690 3.502573122272167 342.22913816689464 80700
293.46491183827675 1207.5983606557377 10687 3.499154306531358 341.95696721311475 80800
293.4026953006793 1206.9788540245565 10684 3.494380562593389 341.4904502046385 80900
293.3424050800477 1206.517029972752 10680 3.48961982613209 341.025204359673 81000
293.2753748204612 1205.8639455782313 10677 3.4848720440557197 340.5612244897959 81100
293.21555576422736 1204.9021739130435 10674 3.480137163561079 340.0985054347826 81200
293.15557399813594 1203.888738127544 10671 3.4754151321315523 339.6370420624152 81300
293.0848022565033 1202.909891598916 10667 3.470705897535168 339.1768292682927 81400
293.0235178817898 1202.031799729364 10664 3.4660094078226713 338.71786197564273 81500
292.97706582619514 1201.2297297297298 10661 3.4613256113256137 338.26013513513516 81600
292.9442399970121 1200.4905533063427 10657 3.456654456654459 337.80364372469637 81700
292.91188289317734 1199.8436657681941 10654 3.451995892696704 337.34838274932616 81800
292.8748460239447 1199.1520861372812 10651 3.4473498686150124 336.8943472409152 81900
292.83485444704525 1198.3104838709678 10648 3.4427163338453686 336.4415322580645 82000
292.80634206767184 1197.5409395973154 10645 3.4380952380952405 335.98993288590606 82100
292.8070320407079 1196.715147453083 10642 3.4334865313417615 335.53954423592495 82200
292.8170611625494 1196.0100401606426 10639 3.428890163829925 335.0903614457831 82300
292.80746634222174 1195.3282085561498 10635 3.4246403106697247 334.6470588235294 82400
292.7768984325437 1194.7096128170895 10632 3.4210693623243715 334.281041388518 82500
292.73341171577175 1194.1313333333333 10629 3.417507936507939 333.99466666666666 82600
292.67672146779154 1193.6025299600533 10626 3.414288884661723 333.6364846870839 82700
292.623361128396 1193.154255319149 10623 3.4117432877406304 333.4188829787234 82800
292.56795120203554 1192.9017264276229 10620 3.4087617782836928 333.3718459495352 82900
292.5025507759675 1192.9940318302388 10617 3.4055671340154112 333.31962864721487 83000
292.43990386365317 1193.0092715231788 10614 3.4037054556922115 333.1748344370861 83100
292.39020562665564 1192.6296296296296 10611 3.4014077853363576 333.28769841269843 83200
292.3439990935661 1191.7490092470277 10609 3.3981254324715366 333.71598414795244 83300
292.3114770327234 1190.8997361477573 10606 3.395126586254556 334.12335092348286 83400
292.2902835843272 1190.0540184453228 10603 3.39279440366397 334.39064558629775 83500
292.2685187322473 1189.2493421052632 10600 3.3899749373433594 334.87631578947367 83600
292.2403562042543 1188.5243101182655 10597 3.387819911144485 335.1333771353482 83700
292.2122413189496 1187.8490813648293 10594 3.386654793150857 335.3038057742782 83800
292.17293258106355 1187.0629095674967 10592 3.3872948261873566 335.478374836173 83900
292.11676064566296 1186.276832460733 10589 3.3907145973572685 335.895942408377 84000
292.05749995427243 1185.530065359477 10586 3.3947790227202 336.29934640522873 84100
291.9973368873037 1184.6847258485639 10583 3.398506465249286 336.8041775456919 84200
291.9330727303619 1183.8376792698828 10581 3.4033649965853368 337.3005215123859 84300
291.8684918841671 1183.0533854166667 10578 3.409512958829366 337.6686197916667 84400
291.8138690637329 1182.307542262679 10575 3.416295126633229 338.0156046814044 84500
291.76715824114524 1181.7422077922079 10572 3.423059678416822 338.3181818181818 84600
291.7406452477867 1181.0888456549935 10569 3.4280232845407954 338.5953307392996 84700
291.72529679718207 1180.3769430051814 10566 3.4294118554157427 338.8316062176166 84800
291.6906615418531 1179.5860284605433 10563 3.430581223433747 339.1940491591203 84900
291.64205822670573 1178.7267441860465 10560 3.430670911775565 339.5239018087855 85000
291.5765877310361 1177.8045161290322 10557 3.430330261136715 339.6909677419355 85100
291.497659186901 1176.8311855670104 10554 3.432030866470302 339.62113402061857 85200
291.43673083139714 1175.8050193050194 10551 3.433083593797882 339.6904761904762 85300
291.3876002181747 1174.8001285347043 10547 3.432526931080918 339.7654241645244 85400
291.3374830262774 1173.8478818998717 10544 3.432934470322149 339.7349165596919 85500
291.2796978723765 1172.874358974359 10541 3.4317384004884026 339.89230769230767 85600
291.20914500763337 1171.9302176696542 10538 3.43011859032986 339.859795134443 85700
291.1410759792048 1171.0070332480818 10535 3.426158506881015 339.43925831202046 85800
291.0725486673279 1170.1730523627075 10531 3.4227406799245896 339.0191570881226 85900
291.01898999007824 1169.4751275510205 10528 3.4207133746355702 338.62882653061223 86000
290.96771315431033 1168.7745222929937 10525 3.4178419775553555 338.2299363057325 86100
290.89693256584087 1167.9306615776081 10522 3.415083908881621 337.8142493638677 86200
290.8279169164688 1166.9656925031766 10519 3.4113798632540715 337.4066073697586 86300
290.78037847027764 1166.0913705583757 10515 3.4070507009910584 336.9784263959391 86400
290.7377987851016 1165.2243346007604 10512 3.4027325125233894 336.5513307984791 86500
290.68626072669656 1164.3506329113925 10509 3.398425256178423 336.1253164556962 86600
290.6296783642253 1163.5992414664981 10506 3.394444946120043 335.7629582806574 86700
290.5871349868342 1162.9198232323233 10503 3.3911060004810025 335.5896464646465 86800
290.52886119825723 1162.2005044136192 10500 3.387775475890232 335.6059268600252 86900
290.4686753615867 1161.4074307304786 10498 3.3843483867098496 335.8110831234257 87000
290.41373267946074 1160.5201257861636 10495 3.3807202755315977 336.20440251572325 87100
290.3593677826876 1159.6074120603016 10492 3.3771012802105775 336.785175879397 87200
290.3051407524154 1158.663111668758 10489 3.373700483957699 337.34504391468005 87300
290.24580290619826 1157.749373433584 10486 3.3709347774197407 337.58458646616543 87400
290.17643240294063 1156.886733416771 10484 3.3685931819536337 337.9117647058824 87500
290.0996668012292 1156.029375 10481 3.3664657738095247 338.50625 87600
290.014596345061 1155.2228464419475 10478 3.364967897271269 339.0343320848939 87700
289.9308957305369 1154.4127182044888 10475 3.364097197482485 339.53428927680795 87800
289.85273527059644 1153.6245330012453 10473 3.364473996323312 339.95641344956414 87900
289.7983401370661 1152.851368159204 10470 3.3666118810708365 340.2176616915423 88000
289.76137552345915 1152.1372670807452 10467 3.369727891156463 340.4335403726708 88100
289.7311689031774 1151.5099255583127 10464 3.3748522982393956 340.6004962779156 88200
289.7086252445291 1150.9052044609666 10462 3.381048268130053 340.8444857496902 88300
289.69828627790554 1150.2846534653465 10459 3.38800241631306 341.1559405940594 88400
289.70153441568453 1149.600741656366 10457 3.3937032785920307 341.57601977750306 88500
289.70833907644953 1148.8024691358025 10455 3.3953777189888306 342.1740740740741 88600
289.7115808564944 1147.9593094944512 10452 3.397972814279843 342.70098643649817 88700
289.7092056570375 1147.103448275862 10450 3.400356263194934 343.01908866995075 88800
289.6943400594148 1146.2675276752768 10448 3.4007863292918654 343.14145141451417 88900
289.66950564650614 1145.497542997543 10445 3.400396337896339 343.3550368550369 89000
289.65555002687256 1144.858282208589 10443 3.399802804557407 343.5153374233129 89100
289.65433930682656 1144.1495098039215 10440 3.3993420284780593 343.41482843137254 89200
289.6450912205188 1143.454100367197 10438 3.398503526257505 343.45287637698897 89300
289.62313213578244 1142.6986552567237 10435 3.3981910001164293 343.5880195599022 89400
289.5996757576548 1141.9175824175825 10433 3.398402523402525 343.7600732600733 89500
289.5825168934364 1141.0926829268292 10430 3.398787746806041 343.94451219512194 89600
289.5621699652238 1140.2478684531059 10428 3.3985738936256618 344.1516443361754 89700
289.5407208524302 1139.4154501216544 10425 3.397860908353611 344.3801703163017 89800
289.516307088827 1138.51822600243 10422 3.3976053057918207 344.42041312272175 89900
289.50187872640174 1137.5746359223301 10420 3.396927733472032 344.76881067961165 90000
289.49483182773827 1136.689090909091 10417 3.3936760461760485 346.2121212121212 90100
289.485894382766 1135.8710653753026 10415 3.3906916580191417 347.51271186440675 90200
289.47622320969816 1135.1245465538088 10412 3.388146340761215 347.9613059250302 90300
289.47147737176977 1134.4196859903382 10410 3.3858659707844496 348.0030193236715 90400
289.4819959724939 1133.723160434258 10407 3.3832464529840887 347.8998793727382 90500
289.4975064290313 1132.9813253012048 10405 3.380633247274814 347.7132530120482 90600
289.51280683038016 1132.3020457280386 10403 3.3773386911924823 347.56979542719614 90700
289.53310997744524 1131.576923076923 10401 3.374309609661173 347.6057692307692 90800
289.56689256260387 1130.875150060024 10398 3.372059538100956 347.59303721488595 90900
289.60872179852976 1130.1924460431655 10396 3.3702906722241273 347.5731414868105 91000
289.65010779078096 1129.574251497006 10394 3.3689905902480777 347.5808383233533 91100
289.6936738970637 1128.9599282296651 10392 3.3686239747095037 347.4706937799043 91200
289.7318439550898 1128.3178016726404 10390 3.3678102065198865 347.415770609319 91300
289.7722179784122 1127.6742243436754 10388 3.3665508864643736 347.33770883054893 91400
289.82254363291423 1127.123957091776 10386 3.364698620807086 347.2812872467223 91500
289.86432712704385 1126.720238095238 10384 3.3626275510204104 347.25416666666666 91600
289.9081075007071 1126.399524375743 10382 3.3612302531000533 347.2348394768133 91700
289.95992109218474 1125.8497624703089 10380 3.3599269973230803 347.2690023752969 91800
290.0089672105539 1125.237841043891 10378 3.359088148901318 347.27876631079477 91900
290.0610395916019 1124.6747630331754 10376 3.3584405326111506 347.4443127962085 92000
290.1098715070707 1124.169822485207 10374 3.3586080586080604 347.6828402366864 92100
290.1396810325158 1123.6973995271867 10372 3.359366205110888 348.02659574468083 92200
290.15497633127785 1123.1770956316411 10370 3.360048771574747 348.4734356552538 92300
290.16452838355053 1122.7228773584907 10368 3.3616141621743054 348.9003537735849 92400
290.18228496805153 1122.0912838633687 10365 3.3639435750743187 349.3474676089517 92500
290.19933809345224 1121.3729411764705 10363 3.36637254901961 349.91411764705884 92600
290.19825512387513 1120.6180963572267 10360 3.368762240501373 350.59811985898943 92700
290.1759435710989 1119.855633802817 10357 3.3700899843505496 351.2511737089202 92800
290.1525527332802 1119.1969519343493 10355 3.3711801484955077 351.6758499413834 92900
290.12388352287087 1118.7271662763467 10352 3.370511319281813 351.62236533957844 93000
290.09730140092523 1118.3076023391814 10350 3.3700779727095536 351.5684210526316 93100
290.0757627084532 1117.8714953271028 10347 3.3696456386292852 351.5011682242991 93200
290.0603545657749 1117.3471411901983 10345 3.3688642551536385 351.5192532088681 93300
290.0535162257441 1116.7301864801864 10343 3.367735042735044 351.5874125874126 93400
290.053931716619 1116.2532013969733 10341 3.3671129220023297 351.56344586728756 93500
290.05136809193084 1115.8517441860465 10338 3.3663953488372114 351.4808139534884 93600
290.0637172790064 1115.328106852497 10336 3.3663569492837806 351.40882694541233 93700
290.088161109434 1115.087006960557 10334 3.366550657385926 351.372969837587 93800
290.11044549441533 1115.1604866743917 10332 3.366734260332176 351.51042873696406 93900
290.12212593218896 1114.8628472222222 10330 3.367033179012347 351.80613425925924 94000
290.1316363282237 1114.557225433526 10328 3.3677649325626215 352.15953757225435 94100
290.1566851367373 1114.2482678983833 10326 3.3680619707467296 352.56870669745956 94200
290.1980404496882 1114.305074971165 10324 3.3679257977700896 352.9752018454441 94300
290.2553372554064 1114.7125576036867 10322 3.367213901689709 353.47638248847926 94400
290.3235265618893 1114.3187571921749 10320 3.3655255082470283 353.97928653624854 94500
290.37911507554344 1113.9080459770114 10318 3.3630363984674347 354.2747126436782 94600
290.397932228405 1113.4058553386913 10316 3.360323383084579 354.68828932261766 94700
290.3703854934761 1112.9197247706422 10314 3.357358562691133 355.3927752293578 94800
290.32734099435584 1112.7835051546392 10312 3.3550878197785425 355.8344788087056 94900
290.27692219295136 1113.2660183066362 10309 3.3533943554538532 356.1882151029748 95000
290.2080242349803 1113.6897142857142 10306 3.3521333333333345 356.56971428571427 95100
290.1394102688164 1113.927511415525 10304 3.3517313546423146 356.76312785388126 95200
290.0808923503014 1113.5074116305586 10301 3.3515583428354248 356.89965792474345 95300
290.0269868839191 1113.004555808656 10299 3.352069096431284 356.99544419134395 95400
289.9789545320571 1112.5227531285552 10296 3.352436480849451 357.09044368600684 95500
289.9240844078386 1112.0931818181818 10294 3.350994318181819 357.3846590909091 95600
289.8687384217576 1111.6538024971624 10291 3.3483257661748027 358.20374574347335 95700
289.8037048352769 1111.233560090703 10288 3.3460411942554815 358.95238095238096 95800
289.7410340806827 1110.8069082672707 10286 3.344328048320122 359.23895809739525 95900
289.6889542027771 1110.3348416289593 10284 3.3422417043740587 359.38800904977376 96000
289.65017356058195 1109.8135593220338 10281 3.3401600753295684 359.51581920903953 96100
289.61687017822896 1109.239841986456 10279 3.3386474793077516 359.37133182844246 96200
289.5818242609916 1108.6155580608793 10276 3.338829387448329 359.217587373168 96300
289.54318159462105 1107.9797297297298 10274 3.3398554804804816 359.1007882882883 96400
289.5044579103334 1107.3160854893138 10271 3.3405980502437207 359.06186726659166 96500
289.4638220009091 1106.6539325842696 10269 3.3411985018726607 359.0432584269663 96600
289.41614027392944 1106.0145903479238 10266 3.339973812196036 359.1268237934905 96700
289.3681217308869 1105.344730941704 10264 3.3381913303437982 359.3010089686099 96800
289.3179336582973 1104.6556550951848 10261 3.337476670399404 359.2698768197088 96900
289.27386473939924 1103.976510067114 10259 3.337211036539896 359.07214765100673 97000
289.23206887372163 1103.291061452514 10257 3.3361638733705776 358.9100558659218 97100
289.1955333575897 1102.5853794642858 10254 3.3350074404761907 358.7388392857143 97200
289.1750628631442 1101.9013377926422 10252 3.332404310665181 358.7240802675585 97300
289.1681650639014 1101.239420935412 10249 3.3302524127691173 358.65423162583517 97400
289.1679973895747 1100.5678531701892 10247 3.3285780496848356 358.5561735261401 97500
289.1550711986422 1099.8983333333333 10245 3.326546296296297 358.44055555555553 97600
289.130352380469 1099.2436182019978 10243 3.3239641139474667 358.2036625971143 97700
289.1075547804996 1098.540465631929 10241 3.321941980783445 358.0121951219512 97800
289.0890618185559 1097.8831672203764 10239 3.3203396087117025 357.86710963455147 97900
289.0786613383342 1097.2223451327434 10237 3.3197087020648977 357.7549778761062 98000
289.04910406344817 1096.5524861878453 10234 3.319355432780848 357.80331491712707 98100
289.00183467872716 1095.873068432671 10232 3.319278881530538 358.0055187637969 98200
288.9543149146861 1095.2783902976846 10230 3.320580668871739 358.335170893054 98300
288.90645579166886 1094.7802863436123 10228 3.322980910425845 358.9019823788546 98400
288.86369305049453 1094.2156215621562 10225 3.324275760909425 359.5885588558856 98500
288.8171996894324 1093.6538461538462 10223 3.3253846153846163 360.2785714285714 98600
288.7682064993533 1093.0570801317233 10221 3.3264910354921344 360.76838638858396 98700
288.72718801796344 1092.4451754385964 10219 3.329239766081872 361.21217105263156 98800
288.6886975165959 1091.7420591456737 10217 3.333260313983206 361.5580503833516 98900
288.64882279922176 1091.0016411378556 10215 3.335448577680526 361.8101750547046 99000
288.60499660881777 1090.2546448087433 10213 3.3353734061930793 361.76284153005463 99100
288.56619668394046 1089.551310043668 10210 3.3334788937409034 361.8793668122271 99200
288.5349026834919 1089.186477644493 10208 3.3311523082515464 362.2442748091603 99300
288.49969312326584 1089.369825708061 10206 3.328830791575891 362.7717864923747 99400
288.46261482450114 1089.5647442872687 10203 3.3266231410953955 363.392274211099 99500
288.4232562202168 1089.7896739130435 10201 3.324963768115944 363.8989130434783 99600
288.3773222286118 1090.0076004343105 10199 3.3239594643503465 364.1769815418024 99700
288.3321066306542 1090.2586767895878 10196 3.323065798987711 364.26681127982647 99800
288.2931986174455 1090.4696641386781 10194 3.3217407006139434 364.30823401950164 99900
