0 0 0 0 0 0 0 0
0 11 0 0 2331 0 2370 100
0 22 0 0 6642 11 6753 200
0 26 0 0 10920 18 11095 300
0 34 0 0 16018 19 16249 400
0 38 0 0 21693 27 21985 500
0 42 0 0 27755 30 28154 600
0 46 0 0 34209 40 34766 700
0 50 0 0 40659 58 41471 800
0 53 0 0 47260 91 48439 900
0 57 0 0 53997 141 55612 1000
0 60 0 0 60793 186 62916 1100
0 64 0 0 67554 236 70240 1200
0 67 0 0 74533 316 77950 1300
0 70 0 0 81493 405 85668 1400
0 75 0 0 88481 477 93379 1500
0 77 0 0 95477 578 101161 1600
0 81 0 0 102658 708 109264 1700
0 84 0 0 109581 834 117120 1800
0 87 0 0 116775 949 125363 1900
0 91 0 0 123866 1064 133478 2000
0 92 0 0 130832 1199 141478 2100
0 96 0 0 137883 1296 149534 2200
0 97 0 0 145007 1444 157745 2300
0 101 0 0 152075 1559 165864 2400
0 104 0 0 159161 1675 173958 2500
0 107 0 0 166326 1756 182225 2600
0 110 0 0 173332 1873 190283 2700
0 113 0 0 180374 1972 198439 2800
0 117 0 0 187470 2072 206705 2900
0 117 0 0 194562 2182 214927 3000
0 120 0 0 201748 2291 223193 3100
0 124 0 0 208793 2393 231216 3200
0 126 0 0 215799 2488 239155 3300
0 129 0 0 222894 2587 247160 3400
0 130 0 0 229926 2687 255192 3500
0 134 0 0 237025 2767 263318 3600
0 135 0 0 244047 2884 271331 3700
0 136 0 0 251064 2979 279319 3800
0 139 0 0 258077 3074 287326 3900
0 142 0 0 265198 3169 295446 4000
0 142 0 0 272271 3264 303627 4100
0 144 0 0 279381 3398 311888 4200
0 145 0 0 286433 3546 320192 4300
0 149 0 0 293543 3680 328472 4400
0 150 0 0 300682 3837 336719 4500
0 151 0 0 307695 3978 344861 4600
0 153 0 0 314709 4097 352996 4700
0 155 0 0 321810 4263 361213 4800
0 157 0 0 328761 4436 369207 4900
0 157 0 0 335894 4607 377333 5000
0 158 0 0 342839 4781 385268 5100
0 158 0 0 350024 4950 393544 5200
0 158 0 0 357005 5154 401674 5300
0 162 0 0 364068 5327 409759 5400
0 163 0 0 371074 5503 417860 5500
0 165 0 0 378128 5675 425927 5600
0 167 0 0 385132 5863 433983 5700
0 167 0 0 392143 6033 442047 5800
0 168 0 0 399136 6221 450067 5900
0 172 0 0 406197 6386 458072 6000
0 175 0 0 413197 6582 466083 6100
0 180 0 0 420140 6775 474103 6200
0 182 0 0 427189 6968 482220 6300
0 183 0 0 434302 7108 490319 6400
0 186 0 0 441227 7245 498281 6500
0 189 0 0 448351 7373 506348 6600
0 192 0 0 455299 7512 514309 6700
0 192 0 0 462367 7622 522314 6800
0 195 0 0 469336 7716 530189 6900
0 195 0 0 476373 7815 538167 7000
0 195 0 0 483400 7920 546124 7100
0 197 0 0 490435 8001 554115 7200
0 199 0 0 497431 8116 562156 7300
0 201 0 0 504379 8223 570059 7400
0 201 0 0 511398 8325 578045 7500
0 201 0 0 518397 8411 586026 7600
0 205 0 0 525385 8528 594007 7700
0 207 0 0 532368 8666 601919 7800
0 210 0 0 539362 8810 609919 7900
0 213 0 0 546238 8965 617799 8000
0 214 0 0 553296 9095 625765 8100
0 218 0 0 560198 9247 633630 8200
0 218 0 0 567224 9385 641579 8300
0 221 0 0 574209 9512 649554 8400
0 223 0 0 581354 9683 657670 8500
0 225 0 0 588230 9891 665549 8600
0 228 0 0 595385 10033 673712 8700
0 228 0 0 602362 10212 681721 8800
0 230 0 0 609378 10407 689686 8900
0 231 0 0 616523 10610 697877 9000
0 234 0 0 623359 10807 705688 9100
0 235 0 0 630442 10971 713789 9200
0 237 0 0 637418 11160 721923 9300
0 238 0 0 644435 11325 730043 9400
0 238 0 0 651394 11485 738026 9500
0 239 0 0 658389 11650 746025 9600
0 241 0 0 665356 11849 754099 9700
0 242 0 0 672392 12032 762094 9800
0 243 0 0 679289 12211 770016 9900
0 245 0 0 686298 12382 778016 10000
0 245 0 0 693315 12558 786086 10100
0 246 0 0 700346 12700 794008 10200
0 248 0 0 707376 12859 802035 10300
0 250 0 0 714354 13038 810012 10400
0 251 0 0 721264 13169 817861 10500
0 253 0 0 728256 13302 825807 10600
0 256 0 0 735353 13412 833719 10700
0 256 0 0 742282 13523 841541 10800
0 259 0 0 749370 13662 849507 10900
0 259 0 0 756334 13801 857408 11000
0 262 0 0 763375 13905 865301 11100
0 264 0 0 770203 14050 873211 11200
0 265 0 0 777314 14184 881321 11300
0 266 0 0 784362 14290 889346 11400
0 269 0 0 791304 14413 897378 11500
0 272 0 0 798330 14527 905479 11600
0 273 0 0 805445 14659 913534 11700
0 278 0 0 812429 14781 921394 11800
0 279 0 0 819494 14921 929418 11900
0 282 0 0 826444 15060 937314 12000
0 284 0 0 833392 15211 945265 12100
0 285 0 0 840373 15341 953216 12200
0 286 0 0 847432 15460 961247 12300
0 287 0 0 854290 15600 969076 12400
0 289 0 0 861295 15729 977102 12500
0 289 0 0 868265 15852 985088 12600
0 290 0 0 875289 16008 993160 12700
0 294 0 0 882344 16165 1001290 12800
0 295 0 0 889335 16359 1009329 12900
0 296 0 0 896373 16558 1017395 13000
0 297 0 0 903374 16751 1025492 13100
0 298 0 0 910321 16928 1033498 13200
0 299 0 0 917282 17119 1041585 13300
0 299 0 0 924298 17301 1049674 13400
0 301 0 0 931263 17506 1057674 13500
0 301 0 0 938279 17671 1065703 13600
0 302 0 0 945314 17833 1073739 13700
0 303 0 0 952255 17977 1081624 13800
0 305 0 0 959176 18127 1089569 13900
0 305 0 0 966121 18258 1097556 14000
0 305 0 0 973121 18409 1105645 14100
0 306 0 0 980122 18524 1113703 14200
0 308 0 0 987167 18677 1121891 14300
0 308 0 0 994112 18847 1129857 14400
0 309 0 0 1000963 18976 1137802 14500
0 310 0 0 1007907 19105 1145841 14600
0 312 0 0 1014879 19236 1153852 14700
0 312 0 0 1021882 19374 1161818 14800
0 313 0 0 1028805 19519 1169751 14900
0 314 0 0 1035734 19631 1177719 15000
0 315 0 0 1042726 19792 1185782 15100
0 315 0 0 1049766 19919 1193906 15200
0 317 0 0 1056714 20076 1201877 15300
0 319 0 0 1063622 20265 1209819 15400
0 321 0 0 1070499 20400 1217676 15500
0 325 0 0 1077393 20583 1225635 15600
0 326 0 0 1084381 20743 1233694 15700
0 334 0 0 1091274 20891 1241770 15800
0 335 0 0 1098249 21049 1249936 15900
0 337 0 0 1105165 21187 1258045 16000
0 341 0 0 1112236 21369 1266300 16100
0 341 0 0 1119088 21531 1274348 16200
0 342 0 0 1126124 21696 1282570 16300
0 344 0 0 1133045 21864 1290606 16400
0 344 0 0 1139896 22034 1298600 16500
0 347 0 0 1146816 22217 1306617 16600
0 348 0 0 1153814 22369 1314566 16700
0 349 0 0 1160677 22546 1322402 16800
0 351 0 0 1167541 22743 1330263 16900
0 351 0 0 1174550 22935 1338246 17000
0 352 0 0 1181447 23136 1346149 17100
0 352 0 0 1188390 23345 1354023 17200
0 352 0 0 1195308 23537 1361875 17300
0 354 0 0 1202268 23724 1369818 17400
0 354 0 0 1209207 23910 1377736 17500
0 355 0 0 1216259 24098 1385740 17600
0 355 0 0 1223209 24295 1393770 17700
0 355 0 0 1230244 24454 1401860 17800
0 358 0 0 1237134 24634 1409740 17900
0 359 0 0 1244108 24807 1417703 18000
0 361 0 0 1251100 25018 1425714 18100
0 361 0 0 1258033 25187 1433566 18200
0 363 0 0 1265049 25373 1441605 18300
0 364 0 0 1271988 25522 1449616 18400
0 364 0 0 1278955 25673 1457598 18500
0 364 0 0 1286019 25836 1465665 18600
0 365 0 0 1292909 26017 1473573 18700
0 365 0 0 1299827 26175 1481483 18800
0 366 0 0 1306844 26346 1489567 18900
0 369 0 0 1313709 26514 1497511 19000
0 370 0 0 1320762 26678 1505616 19100
0 371 0 0 1327730 26844 1513613 19200
0 375 0 0 1334744 27000 1521713 19300
0 377 0 0 1341608 27162 1529734 19400
0 379 0 0 1348577 27292 1537858 19500
0 381 0 0 1355555 27453 1545906 19600
0 383 0 0 1362602 27583 1553986 19700
0 387 0 0 1369649 27722 1562053 19800
0 392 0 0 1376604 27841 1569988 19900
0 393 0 0 1383559 28006 1577866 20000
0 395 0 0 1390435 28124 1585690 20100
0 396 0 0 1397363 28251 1593509 20200
0 397 0 0 1404252 28358 1601272 20300
0 399 0 0 1411205 28471 1609151 20400
0 403 0 0 1418091 28600 1617101 20500
0 404 0 0 1424979 28742 1625114 20600
0 407 0 0 1431942 28845 1633106 20700
0 410 0 0 1438935 28964 1641156 20800
0 410 0 0 1445920 29089 1649149 20900
0 412 0 0 1452824 29208 1657111 21000
0 415 0 0 1459749 29358 1665104 21100
0 418 0 0 1466756 29470 1673165 21200
0 420 0 0 1473724 29596 1681224 21300
0 424 0 0 1480670 29710 1689213 21400
0 425 0 0 1487653 29845 1697247 21500
0 429 0 0 1494476 30002 1705111 21600
0 433 0 0 1501544 30146 1713278 21700
0 436 0 0 1508484 30312 1721357 21800
0 439 0 0 1515478 30427 1729333 21900
0 442 0 0 1522524 30585 1737422 22000
0 443 0 0 1529539 30710 1745406 22100
0 444 0 0 1536566 30843 1753376 22200
0 447 0 0 1543598 30975 1761253 22300
0 449 0 0 1550548 31087 1769021 22400
0 451 0 0 1557562 31215 1776940 22500
0 451 0 0 1564429 31326 1784608 22600
0 453 0 0 1571379 31436 1792359 22700
0 456 0 0 1578327 31571 1800125 22800
0 458 0 0 1585257 31713 1807894 22900
0 460 0 0 1592261 31832 1815789 23000
0 462 0 0 1599225 31941 1823582 23100
0 464 0 0 1606228 32047 1831378 23200
0 466 0 0 1613218 32172 1839243 23300
0 468 0 0 1620036 32296 1846973 23400
0 469 0 0 1627088 32416 1854837 23500
0 471 0 0 1634153 32548 1862779 23600
0 474 0 0 1641159 32691 1870684 23700
0 476 0 0 1648063 32844 1878456 23800
0 479 0 0 1655043 32990 1886361 23900
0 480 0 0 1662022 33173 1894262 24000
0 481 0 0 1669019 33329 1902205 24100
0 482 0 0 1676122 33495 1910359 24200
0 483 0 0 1683131 33684 1918463 24300
0 485 0 0 1690139 33845 1926484 24400
0 487 0 0 1697114 34038 1934502 24500
0 488 0 0 1704068 34239 1942561 24600
0 489 0 0 1711126 34401 1950713 24700
0 490 0 0 1718166 34587 1958838 24800
0 490 0 0 1725221 34783 1966985 24900
0 491 0 0 1732163 34961 1975049 25000
0 491 0 0 1739209 35103 1983038 25100
0 493 0 0 1746341 35251 1991122 25200
0 493 0 0 1753260 35405 1999067 25300
0 494 0 0 1760368 35531 2007081 25400
0 495 0 0 1767284 35663 2014904 25500
0 495 0 0 1774182 35811 2022662 25600
0 497 0 0 1781141 35941 2030438 25700
0 497 0 0 1788148 36070 2038291 25800
0 497 0 0 1795147 36228 2046219 25900
0 498 0 0 1802084 36388 2054005 26000
0 499 0 0 1809151 36551 2061963 26100
0 501 0 0 1816075 36670 2069726 26200
0 503 0 0 1823037 36811 2077556 26300
0 503 0 0 1829926 36947 2085360 26400
0 503 0 0 1837075 37077 2093654 26500
0 504 0 0 1843971 37220 2101642 26600
0 504 0 0 1851092 37380 2109817 26700
0 506 0 0 1858120 37516 2117897 26800
0 506 0 0 1865145 37641 2125957 26900
0 507 0 0 1872166 37759 2133958 27000
0 509 0 0 1879106 37867 2141892 27100
0 513 0 0 1886063 38001 2149906 27200
0 515 0 0 1893002 38107 2157910 27300
0 517 0 0 1900071 38254 2166032 27400
0 520 0 0 1907006 38381 2173948 27500
0 521 0 0 1913993 38482 2181892 27600
0 522 0 0 1920908 38588 2189815 27700
0 522 0 0 1927932 38705 2197830 27800
0 524 0 0 1934807 38817 2205608 27900
0 524 0 0 1941695 38919 2213319 28000
0 527 0 0 1948564 39031 2221092 28100
0 528 0 0 1955532 39178 2229022 28200
0 529 0 0 1962350 39311 2236830 28300
0 529 0 0 1969306 39466 2244771 28400
0 531 0 0 1976321 39585 2252675 28500
0 531 0 0 1983144 39723 2260442 28600
0 532 0 0 1990125 39853 2268207 28700
0 532 0 0 1997080 39996 2276017 28800
0 534 0 0 2003967 40125 2283812 28900
0 538 0 0 2010972 40254 2291864 29000
0 540 0 0 2017932 40372 2299753 29100
0 541 0 0 2024833 40534 2307712 29200
0 542 0 0 2031837 40685 2315604 29300
0 543 0 0 2038700 40827 2323414 29400
0 544 0 0 2045640 40972 2331274 29500
0 546 0 0 2052686 41097 2339261 29600
0 548 0 0 2059684 41242 2347217 29700
0 548 0 0 2066518 41403 2355040 29800
0 549 0 0 2073536 41557 2362953 29900
0 550 0 0 2080586 41723 2370988 30000
0 553 0 0 2087447 41920 2378897 30100
0 553 0 0 2094500 42061 2386947 30200
0 554 0 0 2101529 42208 2394876 30300
0 555 0 0 2108505 42345 2402822 30400
0 555 0 0 2115440 42503 2410708 30500
0 556 0 0 2122414 42639 2418572 30600
0 556 0 0 2129383 42782 2426488 30700
0 559 0 0 2136432 42913 2434547 30800
0 559 0 0 2143527 43069 2442653 30900
0 560 0 0 2150578 43195 2450615 31000
0 561 0 0 2157559 43360 2458666 31100
0 565 0 0 2164584 43501 2466826 31200
0 569 0 0 2171569 43637 2474940 31300
0 571 0 0 2178625 43754 2483143 31400
0 574 0 0 2185531 43871 2491179 31500
0 575 0 0 2192536 44016 2499239 31600
0 578 0 0 2199499 44149 2507193 31700
0 579 0 0 2206487 44279 2515184 31800
0 581 0 0 2213440 44409 2523106 31900
0 581 0 0 2220516 44569 2531042 32000
0 583 0 0 2227547 44713 2539080 32100
0 584 0 0 2234503 44853 2546949 32200
0 585 0 0 2241533 44978 2554889 32300
0 589 0 0 2248496 45120 2562686 32400
0 589 0 0 2255510 45235 2570620 32500
0 591 0 0 2262481 45396 2578581 32600
0 592 0 0 2269509 45535 2586493 32700
0 594 0 0 2276519 45664 2594435 32800
0 596 0 0 2283611 45795 2602419 32900
0 597 0 0 2290636 45942 2610478 33000
0 599 0 0 2297560 46081 2618292 33100
0 599 0 0 2304529 46193 2626124 33200
0 603 0 0 2311439 46293 2633789 33300
0 603 0 0 2318480 46376 2641702 33400
0 605 0 0 2325548 46491 2649599 33500
0 607 0 0 2332535 46582 2657365 33600
0 609 0 0 2339433 46679 2665141 33700
0 612 0 0 2346367 46785 2672987 33800
0 613 0 0 2353499 46888 2681019 33900
0 614 0 0 2360490 46985 2688964 34000
0 617 0 0 2367442 47109 2696887 34100
0 617 0 0 2374453 47236 2704865 34200
0 619 0 0 2381585 47366 2712911 34300
0 619 0 0 2388555 47504 2720804 34400
0 620 0 0 2395460 47631 2728634 34500
0 621 0 0 2402403 47743 2736490 34600
0 623 0 0 2409343 47882 2744320 34700
0 625 0 0 2416396 47997 2752291 34800
0 627 0 0 2423458 48127 2760284 34900
0 629 0 0 2430405 48248 2768153 35000
0 629 0 0 2437471 48395 2776162 35100
0 632 0 0 2444497 48507 2784115 35200
0 634 0 0 2451583 48652 2792161 35300
0 635 0 0 2458559 48764 2800113 35400
0 637 0 0 2465602 48872 2808089 35500
0 638 0 0 2472584 48995 2816154 35600
0 640 0 0 2479483 49121 2824060 35700
0 642 0 0 2486538 49232 2832071 35800
0 642 0 0 2493559 49370 2840192 35900
0 646 0 0 2500553 49480 2848160 36000
0 646 0 0 2507585 49612 2856188 36100
0 646 0 0 2514531 49745 2864187 36200
0 647 0 0 2521549 49869 2872202 36300
0 647 0 0 2528585 49990 2880185 36400
0 648 0 0 2535521 50119 2888070 36500
0 650 0 0 2542525 50254 2895909 36600
0 651 0 0 2549356 50391 2903497 36700
0 651 0 0 2556432 50571 2911391 36800
0 651 0 0 2563289 50729 2919115 36900
0 652 0 0 2570307 50919 2927018 37000
0 652 0 0 2577148 51088 2934755 37100
0 652 0 0 2584106 51215 2942583 37200
0 652 0 0 2590920 51321 2950275 37300
0 652 0 0 2597979 51436 2958121 37400
0 652 0 0 2604904 51536 2965814 37500
0 653 0 0 2611835 51646 2973451 37600
0 654 0 0 2618798 51741 2981201 37700
0 655 0 0 2625747 51932 2989004 37800
0 655 0 0 2632674 52089 2996816 37900
0 657 0 0 2639690 52260 3004772 38000
0 659 0 0 2646672 52425 3012762 38100
0 661 0 0 2653702 52598 3020715 38200
0 661 0 0 2660664 52736 3028587 38300
0 661 0 0 2667717 52873 3036498 38400
0 663 0 0 2674594 52991 3044246 38500
0 663 0 0 2681701 53104 3052264 38600
0 664 0 0 2688582 53259 3060121 38700
0 664 0 0 2695529 53394 3067970 38800
0 667 0 0 2702596 53496 3075912 38900
0 668 0 0 2709539 53600 3083738 39000
0 670 0 0 2716520 53732 3091654 39100
0 670 0 0 2723560 53909 3099749 39200
0 672 0 0 2730540 54093 3107762 39300
0 673 0 0 2737529 54288 3115843 39400
0 674 0 0 2744556 54462 3123930 39500
0 675 0 0 2751491 54635 3131985 39600
0 676 0 0 2758430 54791 3140046 39700
0 676 0 0 2765535 54918 3148216 39800
0 678 0 0 2772479 55096 3156274 39900
0 679 0 0 2779462 55230 3164341 40000
0 679 0 0 2786527 55397 3172515 40100
0 679 0 0 2793471 55600 3180614 40200
0 681 0 0 2800476 55808 3188793 40300
0 682 0 0 2807499 56008 3196950 40400
0 682 0 0 2814514 56196 3205057 40500
0 682 0 0 2821600 56392 3213299 40600
0 682 0 0 2828626 56569 3221510 40700
0 682 0 0 2835640 56757 3229610 40800
0 683 0 0 2842745 56877 3237655 40900
0 683 0 0 2849802 57014 3245747 41000
0 684 0 0 2856832 57142 3253849 41100
0 686 0 0 2863895 57300 3262049 41200
0 686 0 0 2870981 57469 3270296 41300
0 687 0 0 2878071 57610 3278511 41400
0 689 0 0 2885035 57767 3286501 41500
0 689 0 0 2892149 57906 3294664 41600
0 689 0 0 2899077 58030 3302626 41700
0 689 0 0 2905973 58145 3310583 41800
0 689 0 0 2912995 58254 3318589 41900
0 689 0 0 2919983 58365 3326563 42000
0 689 0 0 2927024 58509 3334486 42100
0 690 0 0 2933960 58635 3342272 42200
0 690 0 0 2940849 58775 3349995 42300
0 692 0 0 2947680 58887 3357531 42400
0 692 0 0 2954785 58996 3365398 42500
0 692 0 0 2961661 59113 3373015 42600
0 693 0 0 2968578 59239 3380697 42700
0 693 0 0 2975562 59376 3388424 42800
0 694 0 0 2982396 59513 3395969 42900
0 694 0 0 2989349 59642 3403678 43000
0 694 0 0 2996270 59816 3411497 43100
0 697 0 0 3003274 59982 3419408 43200
0 697 0 0 3010298 60098 3427308 43300
0 697 0 0 3017255 60268 3435249 43400
0 697 0 0 3024043 60460 3443085 43500
0 698 0 0 3031064 60609 3451061 43600
0 701 0 0 3038080 60739 3459019 43700
0 701 0 0 3045040 60865 3466912 43800
0 703 0 0 3052094 60994 3474993 43900
0 705 0 0 3059047 61127 3482978 44000
0 705 0 0 3066173 61289 3491175 44100
0 705 0 0 3073165 61449 3499216 44200
0 706 0 0 3080095 61584 3507147 44300
0 706 0 0 3087106 61754 3515250 44400
0 707 0 0 3094094 61872 3523199 44500
0 707 0 0 3101066 62024 3531133 44600
0 707 0 0 3107991 62149 3539028 44700
0 707 0 0 3115031 62289 3547073 44800
0 707 0 0 3121942 62453 3555074 44900
0 708 0 0 3128929 62600 3563154 45000
0 708 0 0 3135775 62740 3571087 45100
0 710 0 0 3142777 62907 3579216 45200
0 712 0 0 3149776 63075 3587287 45300
0 713 0 0 3156672 63216 3595254 45400
0 715 0 0 3163629 63398 3603297 45500
0 717 0 0 3170580 63600 3611440 45600
0 717 0 0 3177540 63762 3619450 45700
0 719 0 0 3184476 63962 3627521 45800
0 721 0 0 3191414 64122 3635503 45900
0 721 0 0 3198416 64299 3643712 46000
0 723 0 0 3205280 64479 3651783 46100
0 723 0 0 3212333 64627 3659924 46200
0 724 0 0 3219201 64776 3667841 46300
0 724 0 0 3226181 64960 3675930 46400
0 725 0 0 3233152 65088 3683925 46500
0 725 0 0 3240098 65259 3691958 46600
0 725 0 0 3247119 65434 3700130 46700
0 726 0 0 3254026 65592 3708166 46800
0 726 0 0 3260982 65768 3716165 46900
0 730 0 0 3267890 65964 3724166 47000
0 730 0 0 3274753 66148 3732100 47100
0 732 0 0 3281724 66321 3740152 47200
0 733 0 0 3288673 66478 3748169 47300
0 733 0 0 3295594 66630 3756166 47400
0 736 0 0 3302499 66770 3764051 47500
0 738 0 0 3309496 66935 3772071 47600
0 739 0 0 3316425 67094 3780102 47700
0 741 0 0 3323369 67269 3787962 47800
0 741 0 0 3330212 67448 3795837 47900
0 743 0 0 3337155 67574 3803600 48000
0 743 0 0 3344090 67717 3811477 48100
0 743 0 0 3351002 67855 3819272 48200
0 748 0 0 3357961 67983 3827170 48300
0 748 0 0 3364879 68136 3835067 48400
0 748 0 0 3371902 68281 3842971 48500
0 749 0 0 3378768 68429 3850834 48600
0 750 0 0 3385876 68601 3858910 48700
0 750 0 0 3392793 68766 3866873 48800
0 751 0 0 3399877 68930 3874951 48900
0 751 0 0 3406895 69101 3882954 49000
0 752 0 0 3413839 69273 3890868 49100
0 752 0 0 3420818 69412 3898738 49200
0 753 0 0 3427880 69566 3906766 49300
0 753 0 0 3434862 69721 3914832 49400
0 754 0 0 3441964 69841 3922896 49500
0 756 0 0 3448862 69964 3930870 49600
0 756 0 0 3455892 70071 3938915 49700
0 758 0 0 3462925 70183 3946945 49800
0 759 0 0 3470008 70304 3955000 49900
0 761 0 0 3476968 70477 3963016 50000
0 762 0 0 3483996 70634 3971036 50100
0 766 0 0 3490913 70769 3978930 50200
0 766 0 0 3497982 70913 3986976 50300
0 768 0 0 3504992 71047 3995094 50400
0 769 0 0 3512067 71169 4003369 50500
0 770 0 0 3519062 71281 4011598 50600
0 770 0 0 3526178 71466 4019922 50700
0 770 0 0 3533371 71613 4028280 50800
0 770 0 0 3540371 71755 4036373 50900
0 770 0 0 3547501 71911 4044606 51000
0 772 0 0 3554554 72081 4052726 51100
0 773 0 0 3561625 72240 4060861 51200
0 774 0 0 3568690 72395 4069013 51300
0 774 0 0 3575754 72530 4077118 51400
0 775 0 0 3582840 72666 4085430 51500
0 775 0 0 3589809 72795 4093588 51600
0 775 0 0 3596937 72925 4101877 51700
0 776 0 0 3604050 73081 4110163 51800
0 776 0 0 3611061 73210 4118288 51900
0 777 0 0 3618190 73352 4126480 52000
0 777 0 0 3625280 73504 4134573 52100
0 777 0 0 3632253 73634 4142510 52200
0 778 0 0 3639280 73765 4150458 52300
0 779 0 0 3646344 73901 4158390 52400
0 779 0 0 3653238 74035 4166153 52500
0 780 0 0 3660389 74135 4174147 52600
0 781 0 0 3667373 74257 4182071 52700
0 782 0 0 3674400 74361 4190043 52800
0 782 0 0 3681396 74467 4197903 52900
0 782 0 0 3688430 74564 4205795 53000
0 783 0 0 3695370 74670 4213709 53100
0 784 0 0 3702368 74784 4221758 53200
0 785 0 0 3709283 74910 4229677 53300
0 787 0 0 3716330 75023 4237716 53400
0 787 0 0 3723326 75148 4245825 53500
0 789 0 0 3730250 75264 4253773 53600
0 789 0 0 3737341 75372 4261897 53700
0 789 0 0 3744287 75494 4269839 53800
0 789 0 0 3751267 75584 4277722 53900
0 789 0 0 3758207 75681 4285580 54000
0 790 0 0 3765097 75799 4293458 54100
0 790 0 0 3772183 75888 4301510 54200
0 790 0 0 3779148 75999 4309500 54300
0 791 0 0 3786267 76105 4317520 54400
0 791 0 0 3793208 76191 4325259 54500
0 792 0 0 3800212 76305 4333042 54600
0 793 0 0 3807183 76411 4340808 54700
0 794 0 0 3814153 76501 4348580 54800
0 794 0 0 3821091 76602 4356323 54900
0 795 0 0 3828066 76708 4364232 55000
0 796 0 0 3835045 76814 4372125 55100
0 796 0 0 3841964 76952 4379966 55200
0 796 0 0 3849099 77077 4388089 55300
0 796 0 0 3856064 77226 4396081 55400
0 796 0 0 3863117 77353 4404113 55500
0 796 0 0 3870064 77459 4411907 55600
0 796 0 0 3877027 77586 4419713 55700
0 797 0 0 3884009 77704 4427508 55800
0 797 0 0 3890846 77833 4435167 55900
0 797 0 0 3897809 77957 4443023 56000
0 797 0 0 3904793 78098 4450981 56100
0 798 0 0 3911831 78245 4458951 56200
0 799 0 0 3918774 78419 4466834 56300
0 799 0 0 3925746 78586 4474712 56400
0 801 0 0 3932771 78761 4482720 56500
0 804 0 0 3939753 78924 4490648 56600
0 806 0 0 3946717 79086 4498601 56700
0 808 0 0 3953726 79259 4506679 56800
0 808 0 0 3960898 79413 4514879 56900
0 809 0 0 3967783 79554 4522812 57000
0 809 0 0 3974868 79731 4530979 57100
0 811 0 0 3981782 79863 4538867 57200
0 812 0 0 3988829 80016 4546857 57300
0 815 0 0 3995766 80129 4554653 57400
0 815 0 0 4002729 80248 4562614 57500
0 818 0 0 4009733 80378 4570571 57600
0 821 0 0 4016678 80521 4578459 57700
0 822 0 0 4023682 80675 4586447 57800
0 823 0 0 4030674 80812 4594307 57900
0 823 0 0 4037662 80945 4602271 58000
0 824 0 0 4044729 81063 4610315 58100
0 825 0 0 4051802 81213 4618408 58200
0 828 0 0 4058821 81338 4626493 58300
0 828 0 0 4065853 81455 4634608 58400
0 829 0 0 4072874 81589 4642737 58500
0 829 0 0 4080062 81706 4651075 58600
0 830 0 0 4087147 81834 4659234 58700
0 831 0 0 4094147 81945 4667367 58800
0 833 0 0 4101195 82074 4675594 58900
0 833 0 0 4108226 82202 4683745 59000
0 833 0 0 4115202 82344 4691785 59100
0 834 0 0 4122334 82452 4699785 59200
0 835 0 0 4129298 82599 4707725 59300
0 835 0 0 4136311 82733 4715690 59400
0 836 0 0 4143165 82848 4723383 59500
0 836 0 0 4150306 82966 4731435 59600
0 837 0 0 4157248 83080 4739331 59700
0 837 0 0 4164177 83196 4747128 59800
0 842 0 0 4171229 83301 4755052 59900
0 842 0 0 4178127 83422 4762911 60000
0 844 0 0 4185061 83541 4770779 60100
0 845 0 0 4192020 83635 4778595 60200
0 846 0 0 4198997 83758 4786533 60300
0 848 0 0 4205840 83886 4794356 60400
0 849 0 0 4212920 83999 4802434 60500
0 851 0 0 4219887 84121 4810418 60600
0 853 0 0 4226923 84210 4818554 60700
0 853 0 0 4233866 84307 4826412 60800
0 855 0 0 4240871 84435 4834407 60900
0 855 0 0 4247607 84586 4842091 61000
0 856 0 0 4254682 84710 4850134 61100
0 858 0 0 4261589 84818 4857957 61200
0 859 0 0 4268557 84935 4865856 61300
0 861 0 0 4275579 85064 4873876 61400
0 862 0 0 4282527 85177 4881755 61500
0 863 0 0 4289696 85280 4889723 61600
0 865 0 0 4296635 85405 4897487 61700
0 866 0 0 4303635 85511 4905307 61800
0 868 0 0 4310556 85616 4913095 61900
0 870 0 0 4317447 85746 4920891 62000
0 872 0 0 4324451 85893 4928812 62100
0 873 0 0 4331454 86048 4936690 62200
0 873 0 0 4338436 86208 4944547 62300
0 876 0 0 4345426 86377 4952563 62400
0 877 0 0 4352487 86544 4960606 62500
0 877 0 0 4359415 86692 4968493 62600
0 883 0 0 4366467 86846 4976536 62700
0 883 0 0 4373412 87006 4984492 62800
0 885 0 0 4380496 87151 4992540 62900
0 885 0 0 4387474 87322 5000469 63000
0 887 0 0 4394516 87446 5008592 63100
0 887 0 0 4401614 87586 5016641 63200
0 887 0 0 4408631 87739 5024591 63300
0 888 0 0 4415612 87875 5032542 63400
0 890 0 0 4422631 87985 5040575 63500
0 890 0 0 4429622 88103 5048490 63600
0 891 0 0 4436611 88243 5056446 63700
0 892 0 0 4443593 88377 5064355 63800
0 892 0 0 4450577 88500 5072289 63900
0 892 0 0 4457670 88590 5080408 64000
0 893 0 0 4464686 88720 5088571 64100
0 893 0 0 4471561 88835 5096594 64200
0 894 0 0 4478639 88954 5104810 64300
0 894 0 0 4485729 89090 5113042 64400
0 896 0 0 4492728 89197 5121069 64500
0 896 0 0 4499769 89317 5129205 64600
0 896 0 0 4506722 89444 5137143 64700
0 898 0 0 4513688 89559 5145006 64800
0 899 0 0 4520747 89671 5153050 64900
0 899 0 0 4527688 89766 5160995 65000
0 900 0 0 4534576 89887 5168780 65100
0 901 0 0 4541692 89992 5176824 65200
0 902 0 0 4548665 90098 5184762 65300
0 902 0 0 4555636 90222 5192643 65400
0 902 0 0 4562510 90345 5200512 65500
0 902 0 0 4569500 90446 5208442 65600
0 902 0 0 4576510 90561 5216440 65700
0 902 0 0 4583516 90682 5224418 65800
0 902 0 0 4590555 90765 5232430 65900
0 902 0 0 4597524 90859 5240393 66000
0 903 0 0 4604627 90977 5248485 66100
0 905 0 0 4611644 91097 5256454 66200
0 906 0 0 4618523 91196 5264114 66300
0 906 0 0 4625592 91302 5272029 66400
0 908 0 0 4632495 91399 5279837 66500
0 908 0 0 4639554 91506 5287867 66600
0 908 0 0 4646563 91635 5295867 66700
0 909 0 0 4653622 91785 5303928 66800
0 909 0 0 4660678 91913 5311827 66900
0 909 0 0 4667688 92054 5319790 67000
0 910 0 0 4674730 92148 5327680 67100
0 910 0 0 4681696 92280 5335532 67200
0 910 0 0 4688780 92388 5343517 67300
0 910 0 0 4695800 92497 5351479 67400
0 910 0 0 4702892 92618 5359532 67500
0 910 0 0 4709826 92704 5367284 67600
0 910 0 0 4716893 92791 5375171 67700
0 911 0 0 4723917 92892 5383061 67800
0 911 0 0 4730981 93004 5391004 67900
0 911 0 0 4738081 93132 5399090 68000
0 912 0 0 4745076 93236 5407015 68100
0 913 0 0 4752146 93369 5415115 68200
0 913 0 0 4759171 93487 5423068 68300
0 913 0 0 4766209 93583 5431043 68400
0 913 0 0 4773204 93692 5439083 68500
0 914 0 0 4780230 93794 5447113 68600
0 914 0 0 4787399 93918 5455335 68700
0 915 0 0 4794321 94098 5463424 68800
0 917 0 0 4801329 94258 5471471 68900
0 918 0 0 4808420 94435 5479605 69000
0 918 0 0 4815531 94607 5487658 69100
0 920 0 0 4822596 94746 5495719 69200
0 921 0 0 4829493 94870 5503566 69300
0 922 0 0 4836604 95003 5511664 69400
0 923 0 0 4843407 95112 5519431 69500
0 923 0 0 4850458 95209 5527324 69600
0 923 0 0 4857378 95329 5535189 69700
0 924 0 0 4864305 95433 5543011 69800
0 924 0 0 4871324 95533 5550952 69900
0 925 0 0 4878390 95638 5558917 70000
0 925 0 0 4885386 95761 5566856 70100
0 925 0 0 4892332 95904 5574795 70200
0 926 0 0 4899380 96018 5582744 70300
0 926 0 0 4906411 96117 5590594 70400
0 926 0 0 4913397 96265 5598418 70500
0 926 0 0 4920428 96401 5606169 70600
0 927 0 0 4927310 96518 5613829 70700
0 927 0 0 4934318 96628 5621612 70800
0 927 0 0 4941312 96764 5629370 70900
0 927 0 0 4948197 96900 5637031 71000
0 927 0 0 4955254 97004 5644939 71100
0 927 0 0 4962241 97117 5652780 71200
0 928 0 0 4969287 97227 5660738 71300
0 929 0 0 4976164 97355 5668465 71400
0 929 0 0 4983147 97493 5676400 71500
0 930 0 0 4990086 97623 5684300 71600
0 930 0 0 4997133 97745 5692283 71700
0 931 0 0 5004211 97872 5700284 71800
0 932 0 0 5011208 98003 5708204 71900
0 933 0 0 5018182 98126 5716006 72000
0 934 0 0 5025066 98243 5723666 72100
0 934 0 0 5031945 98346 5731503 72200
0 937 0 0 5038952 98469 5739381 72300
0 937 0 0 5045977 98566 5747267 72400
0 938 0 0 5052897 98655 5754955 72500
0 938 0 0 5059907 98769 5762818 72600
0 940 0 0 5066897 98892 5770617 72700
0 941 0 0 5073757 98981 5778338 72800
0 942 0 0 5080777 99108 5786294 72900
0 943 0 0 5087723 99209 5794172 73000
0 944 0 0 5094856 99335 5802179 73100
0 945 0 0 5101858 99440 5810099 73200
0 945 0 0 5108850 99536 5818001 73300
0 945 0 0 5115823 99668 5825889 73400
0 946 0 0 5122860 99803 5833844 73500
0 947 0 0 5129832 99924 5841764 73600
0 947 0 0 5136816 100068 5849687 73700
0 949 0 0 5143874 100209 5857643 73800
0 950 0 0 5150901 100349 5865629 73900
0 951 0 0 5157821 100474 5873464 74000
0 952 0 0 5164912 100654 5881552 74100
0 952 0 0 5171832 100756 5889303 74200
0 952 0 0 5178828 100876 5897221 74300
0 952 0 0 5185839 100968 5905009 74400
0 955 0 0 5192855 101095 5912836 74500
0 957 0 0 5199777 101198 5920665 74600
0 957 0 0 5206709 101316 5928485 74700
0 957 0 0 5213706 101443 5936471 74800
0 957 0 0 5220662 101552 5944401 74900
0 957 0 0 5227619 101676 5952313 75000
0 957 0 0 5234675 101800 5960412 75100
0 958 0 0 5241662 101923 5968432 75200
0 958 0 0 5248745 102064 5976542 75300
0 958 0 0 5255701 102203 5984562 75400
0 961 0 0 5262678 102293 5992512 75500
0 963 0 0 5269653 102393 6000454 75600
0 964 0 0 5276578 102529 6008424 75700
0 965 0 0 5283583 102638 6016477 75800
0 967 0 0 5290603 102744 6024488 75900
0 967 0 0 5297592 102847 6032447 76000
0 968 0 0 5304544 102978 6040458 76100
0 969 0 0 5311636 103061 6048460 76200
0 970 0 0 5318659 103155 6056384 76300
0 970 0 0 5325693 103268 6064341 76400
0 970 0 0 5332676 103386 6072244 76500
0 970 0 0 5339637 103493 6080212 76600
0 970 0 0 5346658 103622 6088211 76700
0 970 0 0 5353563 103723 6095973 76800
0 971 0 0 5360660 103818 6104031 76900
0 971 0 0 5367734 103912 6112076 77000
0 972 0 0 5374804 104017 6120200 77100
0 972 0 0 5381692 104120 6128138 77200
0 972 0 0 5388695 104248 6136153 77300
0 972 0 0 5395720 104354 6144084 77400
0 972 0 0 5402843 104451 6152149 77500
0 972 0 0 5409772 104538 6159892 77600
0 973 0 0 5416780 104657 6167842 77700
0 975 0 0 5423797 104755 6175638 77800
0 976 0 0 5430791 104852 6183363 77900
0 976 0 0 5437703 104970 6191036 78000
0 977 0 0 5444685 105104 6198824 78100
0 977 0 0 5451659 105234 6206544 78200
0 977 0 0 5458612 105313 6214281 78300
0 977 0 0 5465677 105420 6222160 78400
0 977 0 0 5472666 105503 6230076 78500
0 977 0 0 5479672 105607 6237893 78600
0 978 0 0 5486652 105699 6245758 78700
0 978 0 0 5493732 105785 6253621 78800
0 978 0 0 5500620 105880 6261268 78900
0 980 0 0 5507545 105975 6269025 79000
0 980 0 0 5514598 106071 6276846 79100
0 980 0 0 5521551 106153 6284607 79200
0 982 0 0 5528498 106240 6292354 79300
0 983 0 0 5535497 106324 6300194 79400
0 983 0 0 5542513 106412 6308071 79500
0 983 0 0 5549500 106497 6315835 79600
0 983 0 0 5556504 106608 6323669 79700
0 984 0 0 5563486 106730 6331453 79800
0 985 0 0 5570491 106824 6339261 79900
0 986 0 0 5577461 106964 6347098 80000
0 986 0 0 5584377 107060 6354838 80100
0 988 0 0 5591464 107184 6362815 80200
0 991 0 0 5598368 107292 6370538 80300
0 992 0 0 5605464 107403 6378451 80400
0 993 0 0 5612442 107513 6386278 80500
0 993 0 0 5619459 107622 6394235 80600
0 993 0 0 5626460 107738 6402085 80700
0 993 0 0 5633456 107848 6409872 80800
0 993 0 0 5640369 107967 6417661 80900
0 993 0 0 5647521 108070 6425657 81000
0 993 0 0 5654567 108182 6433635 81100
0 994 0 0 5661475 108315 6441550 81200
0 995 0 0 5668553 108466 6449436 81300
0 996 0 0 5675551 108607 6457241 81400
0 996 0 0 5682533 108752 6465061 81500
0 996 0 0 5689493 108874 6472830 81600
0 996 0 0 5696588 109021 6480850 81700
0 996 0 0 5703503 109160 6488601 81800
0 996 0 0 5710618 109304 6496682 81900
0 996 0 0 5717705 109443 6504682 82000
0 996 0 0 5724708 109572 6512610 82100
0 996 0 0 5731798 109698 6520702 82200
0 998 0 0 5738803 109825 6528673 82300
0 998 0 0 5745861 109940 6536656 82400
0 999 0 0 5752924 110068 6544696 82500
0 1000 0 0 5759958 110177 6552772 82600
0 1001 0 0 5766942 110323 6560875 82700
0 1002 0 0 5773886 110465 6568851 82800
0 1003 0 0 5780910 110615 6576982 82900
0 1003 0 0 5787986 110743 6585070 83000
0 1003 0 0 5795037 110885 6593172 83100
0 1005 0 0 5802050 111009 6601237 83200
0 1005 0 0 5809146 111132 6609321 83300
0 1006 0 0 5816170 111217 6617234 83400
0 1006 0 0 5823192 111303 6625159 83500
0 1006 0 0 5830177 111418 6633039 83600
0 1007 0 0 5837267 111522 6640980 83700
0 1007 0 0 5844410 111621 6648892 83800
0 1008 0 0 5851332 111738 6656542 83900
0 1008 0 0 5858437 111827 6664378 84000
0 1008 0 0 5865463 111935 6672192 84100
0 1008 0 0 5872525 112042 6679965 84200
0 1008 0 0 5879451 112149 6687667 84300
0 1008 0 0 5886421 112258 6695358 84400
0 1008 0 0 5893502 112374 6703144 84500
0 1008 0 0 5900512 112509 6710930 84600
0 1008 0 0 5907498 112630 6718677 84700
0 1008 0 0 5914571 112768 6726657 84800
0 1008 0 0 5921451 112895 6734409 84900
0 1008 0 0 5928402 113004 6742154 85000
0 1010 0 0 5935465 113110 6749970 85100
0 1011 0 0 5942463 113219 6757719 85200
0 1011 0 0 5949441 113346 6765571 85300
0 1013 0 0 5956432 113468 6773425 85400
0 1015 0 0 5963572 113614 6781455 85500
0 1016 0 0 5970522 113745 6789412 85600
0 1017 0 0 5977587 113899 6797495 85700
0 1018 0 0 5984624 114017 6805548 85800
0 1019 0 0 5991674 114117 6813599 85900
0 1021 0 0 5998709 114253 6821558 86000
0 1022 0 0 6005742 114349 6829502 86100
0 1023 0 0 6012853 114469 6837533 86200
0 1023 0 0 6019828 114582 6845384 86300
0 1023 0 0 6026820 114706 6853272 86400
0 1023 0 0 6033803 114830 6861106 86500
0 1024 0 0 6040838 114951 6869028 86600
0 1024 0 0 6047747 115069 6876815 86700
0 1025 0 0 6054700 115223 6884701 86800
0 1026 0 0 6061710 115389 6892625 86900
0 1026 0 0 6068710 115509 6900517 87000
0 1027 0 0 6075639 115639 6908320 87100
0 1027 0 0 6082672 115776 6916215 87200
0 1027 0 0 6089646 115882 6924015 87300
0 1028 0 0 6096687 116044 6931918 87400
0 1028 0 0 6103666 116198 6939692 87500
0 1028 0 0 6110685 116334 6947574 87600
0 1028 0 0 6117799 116471 6955512 87700
0 1029 0 0 6124769 116619 6963292 87800
0 1029 0 0 6131775 116756 6971223 87900
0 1030 0 0 6138810 116896 6979208 88000
0 1030 0 0 6145850 117031 6987254 88100
0 1030 0 0 6152897 117176 6995276 88200
0 1031 0 0 6159951 117305 7003280 88300
0 1031 0 0 6166972 117476 7011283 88400
0 1032 0 0 6173888 117631 7019240 88500
0 1032 0 0 6180940 117794 7027329 88600
0 1032 0 0 6188040 117949 7035463 88700
0 1033 0 0 6195102 118091 7043490 88800
0 1033 0 0 6202073 118226 7051469 88900
0 1034 0 0 6208989 118401 7059474 89000
0 1035 0 0 6216005 118532 7067546 89100
0 1036 0 0 6223029 118687 7075755 89200
0 1038 0 0 6230090 118839 7083947 89300
0 1039 0 0 6237073 118966 7092012 89400
0 1040 0 0 6244137 119111 7100227 89500
0 1041 0 0 6251184 119254 7108367 89600
0 1042 0 0 6258164 119397 7116381 89700
0 1042 0 0 6265221 119538 7124500 89800
0 1043 0 0 6272223 119694 7132576 89900
0 1043 0 0 6279311 119822 7140667 90000
0 1043 0 0 6286303 119965 7148662 90100
0 1043 0 0 6293312 120108 7156656 90200
0 1043 0 0 6300305 120226 7164622 90300
0 1043 0 0 6307311 120346 7172618 90400
0 1044 0 0 6314474 120449 7180862 90500
0 1045 0 0 6321383 120559 7188759 90600
0 1047 0 0 6328351 120687 7196707 90700
0 1049 0 0 6335282 120807 7204607 90800
0 1050 0 0 6342239 120925 7212460 90900
0 1050 0 0 6349282 121036 7220376 91000
0 1050 0 0 6356176 121165 7228218 91100
0 1050 0 0 6363181 121308 7236182 91200
0 1050 0 0 6370178 121459 7244148 91300
0 1050 0 0 6377165 121632 7252132 91400
0 1051 0 0 6384219 121767 7260148 91500
0 1052 0 0 6391258 121898 7268208 91600
0 1052 0 0 6398313 122029 7276208 91700
0 1053 0 0 6405313 122145 7284117 91800
0 1054 0 0 6412281 122260 7292004 91900
0 1055 0 0 6419261 122357 7299912 92000
0 1056 0 0 6426313 122450 7307947 92100
0 1057 0 0 6433323 122567 7315935 92200
0 1058 0 0 6440412 122671 7323963 92300
0 1059 0 0 6447436 122789 7331992 92400
0 1059 0 0 6454504 122894 7339875 92500
0 1059 0 0 6461420 122994 7347695 92600
0 1061 0 0 6468458 123104 7355584 92700
0 1061 0 0 6475413 123197 7363406 92800
0 1061 0 0 6482477 123315 7371392 92900
0 1062 0 0 6489565 123438 7379328 93000
0 1062 0 0 6496390 123562 7387028 93100
0 1062 0 0 6503453 123674 7395066 93200
0 1062 0 0 6510538 123782 7403109 93300
0 1062 0 0 6517510 123872 7410963 93400
0 1063 0 0 6524561 123955 7418948 93500
0 1063 0 0 6531601 124050 7426771 93600
0 1064 0 0 6538518 124155 7434629 93700
0 1064 0 0 6545554 124248 7442585 93800
0 1064 0 0 6552488 124363 7450471 93900
0 1064 0 0 6559525 124464 7458442 94000
0 1065 0 0 6566547 124589 7466428 94100
0 1065 0 0 6573458 124694 7474345 94200
0 1065 0 0 6580586 124812 7482445 94300
0 1066 0 0 6587688 124921 7490521 94400
0 1066 0 0 6594598 125025 7498445 94500
0 1067 0 0 6601715 125117 7506565 94600
0 1067 0 0 6608749 125205 7514473 94700
0 1067 0 0 6615746 125284 7522307 94800
0 1068 0 0 6622765 125371 7530149 94900
0 1068 0 0 6629813 125450 7538008 95000
0 1068 0 0 6636735 125530 7545797 95100
0 1068 0 0 6643707 125613 7553606 95200
0 1068 0 0 6650648 125702 7561405 95300
0 1068 0 0 6657680 125794 7569296 95400
0 1068 0 0 6664726 125893 7577157 95500
0 1069 0 0 6671596 126011 7584798 95600
0 1069 0 0 6678642 126128 7592607 95700
0 1069 0 0 6685590 126226 7600337 95800
0 1069 0 0 6692599 126331 7608109 95900
0 1069 0 0 6699600 126460 7615921 96000
0 1069 0 0 6706460 126597 7623626 96100
0 1069 0 0 6713470 126724 7631413 96200
0 1070 0 0 6720395 126866 7639194 96300
0 1071 0 0 6727248 126991 7646920 96400
0 1071 0 0 6734275 127122 7654868 96500
0 1072 0 0 6741218 127284 7662787 96600
0 1072 0 0 6748058 127438 7670562 96700
0 1072 0 0 6755018 127572 7678383 96800
0 1073 0 0 6761951 127725 7686206 96900
0 1073 0 0 6768804 127831 7693940 97000
0 1073 0 0 6775725 127942 7701699 97100
0 1075 0 0 6782678 128051 7709492 97200
0 1075 0 0 6789574 128158 7717274 97300
0 1076 0 0 6796474 128256 7724998 97400
0 1077 0 0 6803436 128376 7732900 97500
0 1078 0 0 6810349 128501 7740771 97600
0 1078 0 0 6817366 128630 7748757 97700
0 1078 0 0 6824298 128740 7756530 97800
0 1079 0 0 6831205 128847 7764254 97900
0 1079 0 0 6838234 128939 7772115 98000
0 1080 0 0 6845133 129024 7779784 98100
0 1080 0 0 6851959 129103 7787360 98200
0 1081 0 0 6858929 129205 7795103 98300
0 1081 0 0 6865809 129308 7802672 98400
0 1082 0 0 6872724 129421 7810384 98500
0 1084 0 0 6879666 129524 7818142 98600
0 1084 0 0 6886540 129630 7825934 98700
0 1085 0 0 6893487 129733 7833713 98800
0 1085 0 0 6900519 129820 7841605 98900
0 1087 0 0 6907590 129911 7849482 99000
0 1088 0 0 6914495 129987 7857235 99100
0 1089 0 0 6921417 130057 7865031 99200
0 1090 0 0 6928422 130136 7872852 99300
0 1090 0 0 6935397 130210 7880632 99400
0 1092 0 0 6942324 130289 7888309 99500
0 1092 0 0 6949330 130360 7896054 99600
0 1093 0 0 6956300 130438 7903872 99700
0 1094 0 0 6963235 130504 7911606 99800
0 1094 0 0 6970169 130563 7919289 99900
0 1095 0 0 6977280 130617 7927166 100000
0 1096 0 0 6984195 130687 7934927 100100
0 1098 0 0 6991162 130767 7942750 100200
0 1100 0 0 6998201 130855 7950576 100300
0 1100 0 0 7005168 130931 7958401 100400
0 1101 0 0 7012081 131020 7966129 100500
0 1101 0 0 7019177 131097 7974044 100600
0 1102 0 0 7026205 131175 7981752 100700
0 1102 0 0 7033200 131251 7989423 100800
0 1103 0 0 7040093 131336 7997050 100900
0 1103 0 0 7046967 131414 8004648 101000
0 1104 0 0 7054001 131480 8012359 101100
0 1105 0 0 7060998 131552 8020034 101200
0 1105 0 0 7067876 131629 8027571 101300
0 1105 0 0 7074891 131699 8035287 101400
0 1106 0 0 7081939 131763 8043020 101500
0 1106 0 0 7088891 131837 8050765 101600
0 1106 0 0 7095914 131920 8058528 101700
0 1106 0 0 7102979 132008 8066345 101800
0 1106 0 0 7109984 132091 8074115 101900
0 1106 0 0 7116998 132177 8081910 102000
0 1106 0 0 7124059 132274 8089798 102100
0 1107 0 0 7131047 132364 8097660 102200
0 1107 0 0 7138052 132460 8105408 102300
0 1108 0 0 7145065 132554 8113201 102400
0 1108 0 0 7152129 132678 8121168 102500
0 1109 0 0 7159053 132792 8129004 102600
0 1109 0 0 7166132 132908 8137042 102700
0 1109 0 0 7173200 133016 8145042 102800
0 1110 0 0 7180189 133137 8152868 102900
0 1111 0 0 7187129 133266 8160716 103000
0 1111 0 0 7194104 133403 8168591 103100
0 1111 0 0 7201032 133576 8176404 103200
0 1112 0 0 7208067 133714 8184295 103300
0 1113 0 0 7215076 133830 8192208 103400
0 1114 0 0 7221989 133965 8200113 103500
0 1114 0 0 7229071 134078 8208126 103600
0 1114 0 0 7236112 134197 8216135 103700
0 1114 0 0 7243018 134300 8223894 103800
0 1114 0 0 7250003 134396 8231751 103900
0 1114 0 0 7257051 134494 8239666 104000
0 1116 0 0 7263865 134604 8247345 104100
0 1116 0 0 7270838 134717 8255076 104200
0 1116 0 0 7277798 134862 8262916 104300
0 1117 0 0 7284769 134963 8270750 104400
0 1118 0 0 7291716 135068 8278562 104500
0 1118 0 0 7298686 135170 8286322 104600
0 1119 0 0 7305646 135257 8294136 104700
0 1119 0 0 7312636 135349 8301983 104800
0 1120 0 0 7319591 135441 8309847 104900
0 1123 0 0 7326641 135549 8317794 105000
0 1124 0 0 7333700 135625 8325802 105100
0 1126 0 0 7340649 135720 8333754 105200
0 1127 0 0 7347785 135805 8341838 105300
0 1127 0 0 7354756 135886 8349706 105400
0 1129 0 0 7361826 136005 8357827 105500
0 1129 0 0 7368807 136100 8365716 105600
0 1131 0 0 7375777 136178 8373626 105700
0 1132 0 0 7382765 136259 8381473 105800
0 1134 0 0 7389809 136370 8389469 105900
0 1136 0 0 7396783 136475 8397403 106000
0 1137 0 0 7403852 136576 8405416 106100
0 1137 0 0 7410872 136694 8413342 106200
0 1140 0 0 7417766 136812 8421213 106300
0 1142 0 0 7424799 136959 8429338 106400
0 1144 0 0 7431778 137061 8437270 106500
0 1144 0 0 7438768 137169 8445339 106600
0 1145 0 0 7445747 137273 8453415 106700
0 1147 0 0 7452865 137415 8461617 106800
0 1150 0 0 7459869 137555 8469699 106900
0 1152 0 0 7466902 137695 8477752 107000
0 1155 0 0 7473859 137818 8485763 107100
0 1155 0 0 7480828 137937 8493776 107200
0 1157 0 0 7487791 138081 8501803 107300
0 1158 0 0 7494779 138225 8509951 107400
0 1160 0 0 7501825 138355 8517978 107500
0 1160 0 0 7508874 138470 8526031 107600
0 1162 0 0 7515871 138582 8534054 107700
0 1162 0 0 7522795 138669 8541905 107800
0 1162 0 0 7529945 138789 8550001 107900
0 1164 0 0 7536870 138902 8557884 108000
0 1164 0 0 7543777 138996 8565622 108100
0 1167 0 0 7550750 139092 8573469 108200
0 1169 0 0 7557776 139178 8581357 108300
0 1169 0 0 7564728 139277 8589062 108400
0 1170 0 0 7571572 139371 8596695 108500
0 1170 0 0 7578559 139463 8604407 108600
0 1172 0 0 7585611 139555 8612156 108700
0 1172 0 0 7592525 139638 8619782 108800
0 1173 0 0 7599466 139744 8627497 108900
0 1173 0 0 7606453 139858 8635255 109000
0 1174 0 0 7613524 139973 8643051 109100
0 1175 0 0 7620497 140081 8650764 109200
0 1175 0 0 7627549 140175 8658519 109300
0 1176 0 0 7634367 140265 8665987 109400
0 1176 0 0 7641470 140366 8673866 109500
0 1177 0 0 7648503 140445 8681638 109600
0 1178 0 0 7655464 140554 8689294 109700
0 1180 0 0 7662525 140632 8697111 109800
0 1180 0 0 7669470 140703 8704769 109900
0 1181 0 0 7676482 140816 8712504 110000
0 1183 0 0 7683501 140914 8720328 110100
0 1185 0 0 7690496 141031 8728129 110200
0 1188 0 0 7697589 141137 8736157 110300
0 1188 0 0 7704673 141243 8744079 110400
0 1190 0 0 7711656 141347 8751872 110500
0 1191 0 0 7718789 141430 8759828 110600
0 1191 0 0 7725716 141505 8767660 110700
0 1192 0 0 7732775 141602 8775641 110800
0 1193 0 0 7739812 141747 8783699 110900
0 1193 0 0 7746831 141836 8791743 111000
0 1195 0 0 7753827 141950 8799712 111100
0 1196 0 0 7760905 142041 8807807 111200
0 1197 0 0 7767881 142124 8815776 111300
0 1198 0 0 7774726 142232 8823478 111400
0 1199 0 0 7781912 142327 8831527 111500
0 1201 0 0 7788911 142448 8839421 111600
0 1202 0 0 7795933 142541 8847331 111700
0 1203 0 0 7802906 142649 8855192 111800
0 1203 0 0 7810011 142742 8863203 111900
0 1204 0 0 7817021 142839 8871113 112000
0 1205 0 0 7824121 142918 8879131 112100
0 1205 0 0 7831105 143024 8887039 112200
0 1207 0 0 7838155 143113 8894944 112300
0 1207 0 0 7845169 143211 8902823 112400
0 1208 0 0 7852278 143317 8910792 112500
0 1209 0 0 7859281 143411 8918581 112600
0 1210 0 0 7866270 143510 8926397 112700
0 1211 0 0 7873231 143582 8934178 112800
0 1212 0 0 7880344 143646 8942059 112900
0 1212 0 0 7887316 143750 8949915 113000
0 1212 0 0 7894411 143833 8957862 113100
0 1212 0 0 7901365 143906 8965729 113200
0 1212 0 0 7908337 143994 8973500 113300
0 1214 0 0 7915348 144101 8981490 113400
0 1214 0 0 7922304 144201 8989298 113500
0 1215 0 0 7929379 144297 8997347 113600
0 1217 0 0 7936423 144401 9005298 113700
0 1218 0 0 7943523 144511 9013422 113800
0 1219 0 0 7950620 144589 9021529 113900
0 1219 0 0 7957564 144669 9029443 114000
0 1222 0 0 7964631 144741 9037426 114100
0 1222 0 0 7971696 144821 9045393 114200
0 1223 0 0 7978787 144908 9053403 114300
0 1224 0 0 7985757 144994 9061273 114400
0 1225 0 0 7992768 145092 9069145 114500
0 1225 0 0 7999839 145159 9077102 114600
0 1226 0 0 8006874 145229 9085070 114700
0 1226 0 0 8013890 145308 9092995 114800
0 1228 0 0 8020881 145398 9100791 114900
0 1229 0 0 8027822 145483 9108565 115000
0 1229 0 0 8034827 145569 9116441 115100
0 1230 0 0 8041804 145660 9124285 115200
0 1230 0 0 8048798 145747 9132163 115300
0 1230 0 0 8055855 145840 9140097 115400
0 1232 0 0 8062927 145932 9148133 115500
0 1233 0 0 8069977 146015 9155965 115600
0 1233 0 0 8076913 146101 9163737 115700
0 1236 0 0 8083791 146189 9171383 115800
0 1236 0 0 8090895 146260 9179278 115900
0 1238 0 0 8097841 146349 9186991 116000
0 1239 0 0 8105007 146440 9194949 116100
0 1240 0 0 8111850 146526 9202528 116200
0 1240 0 0 8118960 146618 9210368 116300
0 1240 0 0 8125963 146690 9218192 116400
0 1240 0 0 8133064 146772 9226122 116500
0 1240 0 0 8139968 146862 9233813 116600
0 1241 0 0 8146928 146943 9241595 116700
0 1241 0 0 8154043 147007 9249461 116800
0 1241 0 0 8160985 147084 9257131 116900
0 1242 0 0 8167976 147145 9264844 117000
0 1243 0 0 8174996 147220 9272606 117100
0 1244 0 0 8181947 147302 9280398 117200
0 1245 0 0 8188953 147394 9288173 117300
0 1249 0 0 8196017 147477 9296055 117400
0 1249 0 0 8202907 147583 9303793 117500
0 1250 0 0 8209837 147684 9311509 117600
0 1250 0 0 8216856 147807 9319418 117700
0 1250 0 0 8223731 147933 9327286 117800
0 1251 0 0 8230795 148035 9335314 117900
0 1251 0 0 8237731 148151 9343290 118000
0 1253 0 0 8244851 148289 9351390 118100
0 1253 0 0 8251745 148405 9359223 118200
0 1253 0 0 8258820 148494 9367220 118300
0 1254 0 0 8265774 148628 9375147 118400
0 1254 0 0 8272751 148759 9383050 118500
0 1255 0 0 8279628 148880 9390796 118600
0 1256 0 0 8286674 149035 9398721 118700
0 1257 0 0 8293666 149145 9406679 118800
0 1258 0 0 8300620 149248 9414555 118900
0 1260 0 0 8307692 149377 9422547 119000
0 1260 0 0 8314679 149465 9430466 119100
0 1261 0 0 8321617 149559 9438270 119200
0 1261 0 0 8328777 149654 9446257 119300
0 1262 0 0 8335589 149739 9453935 119400
0 1263 0 0 8342610 149839 9461752 119500
0 1264 0 0 8349615 149921 9469565 119600
0 1265 0 0 8356616 150008 9477311 119700
0 1266 0 0 8363555 150084 9484996 119800
0 1267 0 0 8370491 150163 9492724 119900
