0 0 0 0 0 0 0 0
0 7 0 0 2611 0 2650 100
0 18 0 0 5877 6 5970 200
0 20 0 0 7208 14 7351 300
0 24 0 0 8957 15 9140 400
0 26 0 0 11091 20 11317 500
0 31 0 0 13580 21 13840 600
0 32 0 0 16375 25 16712 700
0 34 0 0 19426 33 19877 800
0 35 0 0 22617 59 23235 900
0 37 0 0 26113 114 26965 1000
0 39 0 0 30000 178 31176 1100
0 40 0 0 33993 245 35544 1200
0 42 0 0 38345 325 40314 1300
0 44 0 0 42745 409 45266 1400
0 47 0 0 47327 496 50498 1500
0 49 0 0 52005 590 55883 1600
0 49 0 0 56672 718 61341 1700
0 51 0 0 61539 874 67150 1800
0 53 0 0 66500 1015 73091 1900
0 55 0 0 71474 1180 79218 2000
0 58 0 0 76463 1391 85427 2100
0 60 0 0 81567 1636 91805 2200
0 62 0 0 86763 1913 98433 2300
0 63 0 0 92160 2178 105312 2400
0 65 0 0 97436 2510 112162 2500
0 66 0 0 102830 2865 119220 2600
0 71 0 0 108279 3197 126398 2700
0 74 0 0 113786 3496 133751 2800
0 78 0 0 119347 3904 141420 2900
0 79 0 0 125004 4276 149271 3000
0 84 0 0 130616 4651 157048 3100
0 87 0 0 136290 5054 164981 3200
0 94 0 0 141948 5389 172771 3300
0 98 0 0 147497 5814 180601 3400
0 103 0 0 153111 6261 188466 3500
0 107 0 0 158823 6709 196531 3600
0 110 0 0 164581 7183 204826 3700
0 112 0 0 170308 7691 213026 3800
0 114 0 0 176043 8224 221210 3900
0 118 0 0 181744 8800 229502 4000
0 121 0 0 187530 9405 237890 4100
0 124 0 0 193271 10023 246371 4200
0 125 0 0 199037 10701 254868 4300
0 126 0 0 204822 11433 263428 4400
0 133 0 0 210679 12143 272007 4500
0 136 0 0 216388 12831 280478 4600
0 141 0 0 222224 13552 289186 4700
0 145 0 0 228072 14307 297838 4800
0 147 0 0 233905 15033 306543 4900
0 150 0 0 239898 15752 315518 5000
0 152 0 0 245762 16582 324561 5100
0 155 0 0 251714 17338 333937 5200
0 159 0 0 257868 18131 343786 5300
0 161 0 0 263992 18957 353627 5400
0 163 0 0 270034 19697 363049 5500
0 167 0 0 276106 20445 372612 5600
0 169 0 0 282127 21141 381910 5700
0 171 0 0 288188 21808 391139 5800
0 174 0 0 294233 22554 400375 5900
0 177 0 0 300274 23242 409468 6000
0 178 0 0 306160 23939 418561 6100
0 182 0 0 312064 24686 427694 6200
0 184 0 0 318074 25367 436795 6300
0 185 0 0 324043 26109 445889 6400
0 191 0 0 329968 26869 455069 6500
0 194 0 0 335934 27649 464219 6600
0 197 0 0 341850 28487 473487 6700
0 201 0 0 347839 29377 482852 6800
0 205 0 0 353776 30216 492093 6900
0 209 0 0 359668 31070 501202 7000
0 210 0 0 365632 31899 510293 7100
0 213 0 0 371541 32684 519198 7200
0 218 0 0 377470 33453 528327 7300
0 220 0 0 383410 34215 537219 7400
0 222 0 0 389310 34993 546156 7500
0 223 0 0 395242 35786 555106 7600
0 227 0 0 401115 36491 563992 7700
0 229 0 0 407016 37201 572769 7800
0 230 0 0 412972 37918 581624 7900
0 233 0 0 418814 38603 590191 8000
0 234 0 0 424702 39302 598963 8100
0 234 0 0 430610 40059 607845 8200
0 234 0 0 436573 40795 616828 8300
0 235 0 0 442525 41511 625600 8400
0 236 0 0 448332 42322 634350 8500
0 236 0 0 454323 43014 643041 8600
0 236 0 0 460106 43711 651516 8700
0 237 0 0 465903 44308 659848 8800
0 238 0 0 471591 44950 668144 8900
0 239 0 0 477460 45633 676511 9000
0 242 0 0 483233 46346 684729 9100
0 242 0 0 488980 47023 692869 9200
0 242 0 0 494845 47729 701206 9300
0 243 0 0 500548 48482 709481 9400
0 244 0 0 506415 49235 717791 9500
0 248 0 0 512197 50003 726065 9600
0 248 0 0 517986 50758 734555 9700
0 251 0 0 523741 51550 743131 9800
0 251 0 0 529687 52311 751888 9900
0 252 0 0 535555 53066 760593 10000
0 254 0 0 541490 53774 769288 10100
0 257 0 0 547434 54499 777960 10200
0 258 0 0 553253 55172 786407 10300
0 259 0 0 559137 55910 795073 10400
0 261 0 0 564957 56603 803624 10500
0 262 0 0 570909 57339 812378 10600
0 264 0 0 576899 58019 821052 10700
0 266 0 0 582708 58690 829423 10800
0 270 0 0 588637 59365 838110 10900
0 270 0 0 594702 60018 847013 11000
0 272 0 0 600525 60658 855728 11100
0 273 0 0 606472 61300 864742 11200
0 276 0 0 612448 62013 873874 11300
0 278 0 0 618449 62742 883037 11400
0 280 0 0 624448 63551 892106 11500
0 284 0 0 630375 64218 901121 11600
0 285 0 0 636430 64845 910163 11700
0 287 0 0 642326 65581 919120 11800
0 289 0 0 648393 66245 928240 11900
0 290 0 0 654346 66910 937148 12000
0 290 0 0 660192 67582 945992 12100
0 292 0 0 666283 68263 955030 12200
0 293 0 0 672145 68893 963872 12300
0 293 0 0 678058 69547 972561 12400
0 294 0 0 683863 70277 981083 12500
0 296 0 0 689704 71027 989652 12600
0 298 0 0 695492 71680 998063 12700
0 299 0 0 701246 72361 1006342 12800
0 301 0 0 707081 73123 1014846 12900
0 304 0 0 712853 73913 1023416 13000
0 306 0 0 718729 74724 1032318 13100
0 310 0 0 724626 75494 1041239 13200
0 313 0 0 730456 76236 1050025 13300
0 316 0 0 736338 77062 1059014 13400
0 317 0 0 742237 77914 1068100 13500
0 318 0 0 748136 78706 1077229 13600
0 320 0 0 754055 79492 1086437 13700
0 321 0 0 759996 80257 1095538 13800
0 322 0 0 765964 81059 1104771 13900
0 322 0 0 771892 81873 1113915 14000
0 323 0 0 777864 82713 1123056 14100
0 326 0 0 783718 83552 1131888 14200
0 326 0 0 789449 84408 1140939 14300
0 327 0 0 795344 85223 1150057 14400
0 328 0 0 801304 86036 1159177 14500
0 329 0 0 807203 86793 1168197 14600
0 330 0 0 813116 87563 1177423 14700
0 332 0 0 818983 88378 1186632 14800
0 332 0 0 824939 89252 1195941 14900
0 332 0 0 830872 90127 1204859 15000
0 335 0 0 836819 90891 1213576 15100
0 337 0 0 842561 91678 1221944 15200
0 337 0 0 848317 92402 1230292 15300
0 339 0 0 854097 93176 1238625 15400
0 340 0 0 859802 93952 1246938 15500
0 342 0 0 865614 94619 1255371 15600
0 342 0 0 871444 95284 1263844 15700
0 343 0 0 877234 96019 1272385 15800
0 343 0 0 883030 96763 1280850 15900
0 347 0 0 888844 97509 1289485 16000
0 348 0 0 894721 98236 1298225 16100
0 349 0 0 900626 98927 1306734 16200
0 351 0 0 906555 99645 1315497 16300
0 352 0 0 912361 100404 1324011 16400
0 353 0 0 918238 101181 1332694 16500
0 354 0 0 924252 102003 1341501 16600
0 355 0 0 930132 102788 1350215 16700
0 355 0 0 936004 103557 1358860 16800
0 355 0 0 941900 104432 1367689 16900
0 358 0 0 947762 105293 1376361 17000
0 358 0 0 953526 106118 1385003 17100
0 359 0 0 959420 106980 1393669 17200
0 360 0 0 965251 107835 1402495 17300
0 362 0 0 971113 108643 1411322 17400
0 364 0 0 977050 109490 1420528 17500
0 364 0 0 983004 110335 1429552 17600
0 365 0 0 988928 111138 1438489 17700
0 366 0 0 994860 112025 1447564 17800
0 366 0 0 1000848 113018 1456646 17900
0 369 0 0 1006758 113925 1465503 18000
0 369 0 0 1012609 114848 1474191 18100
0 369 0 0 1018496 115802 1482940 18200
0 369 0 0 1024274 116836 1491819 18300
0 370 0 0 1030136 117911 1500695 18400
0 372 0 0 1036072 119037 1509870 18500
0 374 0 0 1041985 120036 1519040 18600
0 374 0 0 1047835 121129 1528408 18700
0 374 0 0 1053832 122205 1537776 18800
0 376 0 0 1059757 123294 1547244 18900
0 376 0 0 1065724 124412 1556923 19000
0 378 0 0 1071700 125497 1566523 19100
0 378 0 0 1077585 126538 1575924 19200
0 378 0 0 1083668 127650 1585725 19300
0 381 0 0 1089605 128820 1595598 19400
0 382 0 0 1095681 129958 1605359 19500
0 382 0 0 1101785 131013 1615099 19600
0 383 0 0 1107796 132069 1624712 19700
0 386 0 0 1113761 133082 1634163 19800
0 386 0 0 1119713 134046 1643336 19900
0 387 0 0 1125631 134977 1652365 20000
0 389 0 0 1131496 135789 1661138 20100
0 391 0 0 1137231 136595 1669722 20200
0 394 0 0 1143016 137438 1678267 20300
0 395 0 0 1148794 138180 1686734 20400
0 395 0 0 1154550 138884 1695029 20500
0 397 0 0 1160217 139557 1703253 20600
0 398 0 0 1166102 140181 1711725 20700
0 399 0 0 1172099 140783 1720221 20800
0 400 0 0 1177882 141447 1728508 20900
0 401 0 0 1183775 142039 1736875 21000
0 401 0 0 1189436 142644 1745129 21100
0 403 0 0 1195395 143276 1753569 21200
0 405 0 0 1201196 143951 1761896 21300
0 406 0 0 1206901 144571 1770009 21400
0 409 0 0 1212628 145191 1778210 21500
0 413 0 0 1218296 145827 1786466 21600
0 413 0 0 1224120 146436 1794948 21700
0 417 0 0 1229915 147052 1803306 21800
0 419 0 0 1235753 147670 1811840 21900
0 420 0 0 1241525 148274 1820155 22000
0 421 0 0 1247276 148844 1828273 22100
0 423 0 0 1253172 149408 1836537 22200
0 425 0 0 1258883 150023 1844640 22300
0 425 0 0 1264734 150586 1852922 22400
0 427 0 0 1270398 151099 1860953 22500
0 428 0 0 1276199 151593 1869101 22600
0 429 0 0 1281991 152120 1877137 22700
0 430 0 0 1287675 152662 1885069 22800
0 431 0 0 1293522 153196 1893156 22900
0 433 0 0 1299178 153768 1901044 23000
0 433 0 0 1304884 154227 1908793 23100
0 435 0 0 1310519 154693 1916435 23200
0 435 0 0 1316154 155182 1924042 23300
0 436 0 0 1321914 155673 1931756 23400
0 436 0 0 1327518 156149 1939433 23500
0 439 0 0 1333255 156712 1947290 23600
0 441 0 0 1339031 157233 1955356 23700
0 442 0 0 1344825 157757 1963343 23800
0 443 0 0 1350651 158281 1971534 23900
0 444 0 0 1356397 158792 1979582 24000
0 445 0 0 1362234 159375 1987726 24100
0 447 0 0 1367994 159918 1995828 24200
0 447 0 0 1373776 160561 2004006 24300
0 448 0 0 1379502 161180 2012195 24400
0 450 0 0 1385333 161914 2020616 24500
0 450 0 0 1391183 162598 2029058 24600
0 452 0 0 1396824 163261 2037149 24700
0 454 0 0 1402630 163961 2045392 24800
0 456 0 0 1408285 164678 2053456 24900
0 457 0 0 1414040 165476 2061764 25000
0 458 0 0 1419669 166329 2070186 25100
0 460 0 0 1425546 167148 2078720 25200
0 461 0 0 1431173 167982 2087164 25300
0 463 0 0 1436952 168815 2095827 25400
0 464 0 0 1442745 169583 2104394 25500
0 469 0 0 1448696 170509 2113293 25600
0 469 0 0 1454503 171420 2122133 25700
0 473 0 0 1460270 172367 2131052 25800
0 475 0 0 1466187 173366 2140381 25900
0 476 0 0 1471877 174295 2149376 26000
0 479 0 0 1477851 175260 2158693 26100
0 479 0 0 1483739 176287 2167955 26200
0 481 0 0 1489508 177381 2177155 26300
0 481 0 0 1495321 178448 2186477 26400
0 482 0 0 1501231 179514 2195958 26500
0 482 0 0 1507108 180572 2205385 26600
0 484 0 0 1512971 181696 2214899 26700
0 484 0 0 1518811 182874 2224257 26800
0 485 0 0 1524614 184018 2233691 26900
0 486 0 0 1530514 185110 2243145 27000
0 487 0 0 1536465 186184 2252454 27100
0 488 0 0 1542335 187303 2261883 27200
0 489 0 0 1548142 188531 2271326 27300
0 489 0 0 1554007 189673 2280574 27400
0 490 0 0 1559825 190753 2289473 27500
0 491 0 0 1565584 191748 2298273 27600
0 492 0 0 1571320 192676 2306870 27700
0 495 0 0 1577044 193625 2315575 27800
0 496 0 0 1582871 194543 2324396 27900
0 498 0 0 1588542 195374 2332896 28000
0 499 0 0 1594334 196198 2341685 28100
0 501 0 0 1600113 196990 2350523 28200
0 502 0 0 1606011 197856 2359542 28300
0 502 0 0 1611918 198722 2368685 28400
0 503 0 0 1617785 199545 2377659 28500
0 504 0 0 1623788 200322 2386780 28600
0 505 0 0 1629774 201084 2395799 28700
0 506 0 0 1635629 201790 2404675 28800
0 506 0 0 1641520 202470 2413582 28900
0 507 0 0 1647489 203168 2422502 29000
0 509 0 0 1653333 203925 2431358 29100
0 510 0 0 1659319 204676 2440514 29200
0 514 0 0 1665371 205422 2449692 29300
0 514 0 0 1671145 206215 2458560 29400
0 515 0 0 1677162 206964 2467609 29500
0 517 0 0 1683029 207674 2476446 29600
0 519 0 0 1688888 208356 2485275 29700
0 519 0 0 1694807 209027 2494159 29800
0 521 0 0 1700832 209742 2503271 29900
0 524 0 0 1706698 210379 2512035 30000
0 524 0 0 1712634 211026 2520780 30100
0 527 0 0 1718470 211633 2529417 30200
0 528 0 0 1724377 212264 2537998 30300
0 530 0 0 1730305 212932 2546591 30400
0 532 0 0 1736111 213548 2554945 30500
0 534 0 0 1741920 214219 2563438 30600
0 535 0 0 1747909 214961 2572152 30700
0 535 0 0 1753744 215742 2580933 30800
0 537 0 0 1759737 216513 2589899 30900
0 537 0 0 1765627 217242 2598768 31000
0 537 0 0 1771587 217965 2607529 31100
0 538 0 0 1777544 218655 2616343 31200
0 539 0 0 1783480 219369 2625150 31300
0 539 0 0 1789420 220129 2633980 31400
0 541 0 0 1795361 220831 2642773 31500
0 542 0 0 1801248 221567 2651616 31600
0 546 0 0 1807231 222339 2660803 31700
0 548 0 0 1813162 223141 2669933 31800
0 549 0 0 1819210 223871 2679161 31900
0 553 0 0 1825216 224653 2688386 32000
0 555 0 0 1831228 225441 2697765 32100
0 557 0 0 1837222 226256 2707181 32200
0 561 0 0 1843180 227068 2716372 32300
0 563 0 0 1849213 227866 2725592 32400
0 564 0 0 1855130 228678 2734609 32500
0 567 0 0 1861131 229520 2743710 32600
0 567 0 0 1867026 230322 2752791 32700
0 569 0 0 1873011 231067 2761712 32800
0 569 0 0 1878910 231824 2770586 32900
0 571 0 0 1884763 232608 2779459 33000
0 572 0 0 1890763 233415 2788491 33100
0 573 0 0 1896748 234171 2797374 33200
0 575 0 0 1902599 234880 2805872 33300
0 576 0 0 1908447 235521 2814276 33400
0 578 0 0 1914348 236163 2822643 33500
0 579 0 0 1920146 236785 2831009 33600
0 582 0 0 1925979 237337 2839432 33700
0 582 0 0 1931878 237925 2847780 33800
0 586 0 0 1937705 238606 2856256 33900
0 588 0 0 1943422 239245 2864728 34000
0 591 0 0 1949259 239867 2873362 34100
0 594 0 0 1955132 240522 2882077 34200
0 597 0 0 1960950 241166 2890701 34300
0 599 0 0 1966841 241867 2899399 34400
0 601 0 0 1972647 242538 2907903 34500
0 602 0 0 1978537 243184 2916400 34600
0 603 0 0 1984297 243797 2924725 34700
0 605 0 0 1990109 244459 2933167 34800
0 606 0 0 1995828 245075 2941439 34900
0 608 0 0 2001666 245632 2949844 35000
0 612 0 0 2007502 246243 2958353 35100
0 615 0 0 2013382 246778 2966609 35200
0 616 0 0 2019217 247325 2974829 35300
0 618 0 0 2024892 247897 2982907 35400
0 619 0 0 2030702 248519 2991223 35500
0 620 0 0 2036548 249103 2999561 35600
0 623 0 0 2042308 249670 3007729 35700
0 624 0 0 2048177 250298 3016017 35800
0 628 0 0 2053963 250890 3024232 35900
0 628 0 0 2059734 251566 3032426 36000
0 630 0 0 2065590 252169 3040568 36100
0 632 0 0 2071301 252809 3048619 36200
0 633 0 0 2076984 253366 3056468 36300
0 634 0 0 2082695 254037 3064452 36400
0 635 0 0 2088419 254661 3072335 36500
0 638 0 0 2094197 255322 3080271 36600
0 638 0 0 2099930 255985 3088218 36700
0 640 0 0 2105665 256655 3096281 36800
0 641 0 0 2111421 257382 3104410 36900
0 641 0 0 2117207 258057 3112586 37000
0 642 0 0 2123068 258743 3120983 37100
0 642 0 0 2129073 259442 3129639 37200
0 643 0 0 2134836 260158 3138297 37300
0 644 0 0 2140806 260894 3147172 37400
0 644 0 0 2146796 261617 3156054 37500
0 646 0 0 2152755 262321 3164817 37600
0 647 0 0 2158627 263091 3173624 37700
0 649 0 0 2164504 263873 3182492 37800
0 652 0 0 2170424 264673 3191445 37900
0 652 0 0 2176447 265425 3200518 38000
0 656 0 0 2182279 266240 3209315 38100
0 656 0 0 2188345 267052 3218436 38200
0 657 0 0 2194255 267968 3227366 38300
0 659 0 0 2200159 268851 3236299 38400
0 660 0 0 2206091 269760 3245230 38500
0 663 0 0 2211818 270727 3253912 38600
0 663 0 0 2217735 271691 3262799 38700
0 664 0 0 2223694 272694 3271782 38800
0 664 0 0 2229500 273657 3280696 38900
0 665 0 0 2235467 274570 3289826 39000
0 665 0 0 2241396 275472 3298767 39100
0 665 0 0 2247282 276394 3307623 39200
0 666 0 0 2253133 277280 3316445 39300
0 669 0 0 2259138 278241 3325466 39400
0 670 0 0 2265004 279139 3334417 39500
0 670 0 0 2270898 279972 3343282 39600
0 671 0 0 2276841 280807 3352250 39700
0 672 0 0 2282708 281601 3361113 39800
0 673 0 0 2288634 282449 3370084 39900
0 673 0 0 2294392 283350 3378865 40000
0 674 0 0 2300267 284137 3387634 40100
0 674 0 0 2306179 284961 3396358 40200
0 674 0 0 2311948 285831 3405073 40300
0 676 0 0 2317872 286649 3413764 40400
0 676 0 0 2323650 287509 3422502 40500
0 679 0 0 2329440 288321 3431287 40600
0 679 0 0 2335390 289157 3440289 40700
0 680 0 0 2341276 289953 3449173 40800
0 681 0 0 2347293 290758 3458170 40900
0 681 0 0 2353199 291520 3466954 41000
0 682 0 0 2359117 292285 3475719 41100
0 684 0 0 2364946 293001 3484305 41200
0 685 0 0 2370762 293705 3492826 41300
0 685 0 0 2376624 294435 3501482 41400
0 685 0 0 2382472 295131 3510204 41500
0 688 0 0 2388294 295768 3518836 41600
0 689 0 0 2394254 296463 3527667 41700
0 690 0 0 2400084 297035 3536173 41800
0 691 0 0 2406064 297624 3544953 41900
0 691 0 0 2411870 298281 3553529 42000
0 691 0 0 2417749 298930 3562014 42100
0 691 0 0 2423618 299479 3570329 42200
0 691 0 0 2429486 300127 3578775 42300
0 693 0 0 2435255 300792 3587101 42400
0 694 0 0 2441182 301444 3595387 42500
0 694 0 0 2446989 302120 3603566 42600
0 695 0 0 2452744 302801 3611786 42700
0 695 0 0 2458626 303518 3620187 42800
0 696 0 0 2464359 304255 3628567 42900
0 697 0 0 2470151 304943 3636910 43000
0 699 0 0 2475955 305666 3645486 43100
0 699 0 0 2481685 306333 3653957 43200
0 699 0 0 2487499 307062 3662748 43300
0 701 0 0 2493505 307744 3671728 43400
0 701 0 0 2499439 308502 3680664 43500
0 702 0 0 2505438 309219 3689614 43600
0 702 0 0 2511277 309959 3698315 43700
0 702 0 0 2517249 310658 3707144 43800
0 702 0 0 2523132 311381 3715654 43900
0 702 0 0 2528976 312113 3724261 44000
0 702 0 0 2534917 312812 3733047 44100
0 703 0 0 2540746 313570 3741969 44200
0 704 0 0 2546701 314347 3751003 44300
0 704 0 0 2552616 315159 3760139 44400
0 706 0 0 2558422 315936 3768838 44500
0 706 0 0 2564338 316734 3777764 44600
0 708 0 0 2570185 317556 3786385 44700
0 709 0 0 2575942 318330 3794865 44800
0 709 0 0 2581820 319003 3803524 44900
0 711 0 0 2587575 319763 3812023 45000
0 711 0 0 2593377 320562 3820575 45100
0 713 0 0 2599184 321315 3829121 45200
0 713 0 0 2605007 322087 3837800 45300
0 713 0 0 2611017 322835 3846810 45400
0 713 0 0 2616965 323576 3855801 45500
0 713 0 0 2623005 324377 3865013 45600
0 713 0 0 2628876 325196 3873907 45700
0 714 0 0 2634854 326016 3882910 45800
0 715 0 0 2640743 326816 3891584 45900
0 715 0 0 2646577 327706 3900160 46000
0 715 0 0 2652531 328506 3908747 46100
0 715 0 0 2658274 329340 3917134 46200
0 716 0 0 2664114 330125 3925426 46300
0 717 0 0 2669844 330900 3933752 46400
0 717 0 0 2675704 331629 3942093 46500
0 717 0 0 2681537 332423 3950578 46600
0 718 0 0 2687283 333233 3958827 46700
0 720 0 0 2693126 334017 3967264 46800
0 720 0 0 2698983 334757 3975721 46900
0 722 0 0 2704941 335464 3984253 47000
0 722 0 0 2710805 336203 3992903 47100
0 723 0 0 2716664 336996 4001535 47200
0 725 0 0 2722502 337810 4010311 47300
0 726 0 0 2728366 338614 4019147 47400
0 729 0 0 2734350 339426 4028197 47500
0 730 0 0 2740160 340205 4037076 47600
0 732 0 0 2746231 341034 4046062 47700
0 732 0 0 2752084 341889 4054772 47800
0 734 0 0 2757921 342725 4063526 47900
0 736 0 0 2763797 343494 4072247 48000
0 737 0 0 2769672 344270 4080966 48100
0 739 0 0 2775429 345017 4089425 48200
0 741 0 0 2781402 345812 4098232 48300
0 743 0 0 2787153 346588 4106708 48400
0 743 0 0 2792948 347326 4115106 48500
0 745 0 0 2798756 348041 4123560 48600
0 745 0 0 2804572 348716 4131944 48700
0 747 0 0 2810414 349345 4140376 48800
0 747 0 0 2816368 350011 4149080 48900
0 748 0 0 2822284 350720 4157872 49000
0 750 0 0 2828284 351377 4166735 49100
0 750 0 0 2834353 352071 4175641 49200
0 751 0 0 2840148 352685 4184183 49300
0 752 0 0 2846075 353347 4192867 49400
0 752 0 0 2852004 353974 4201421 49500
0 755 0 0 2857936 354601 4209995 49600
0 757 0 0 2863856 355243 4218473 49700
0 758 0 0 2869639 355940 4226963 49800
0 759 0 0 2875709 356557 4235792 49900
0 761 0 0 2881576 357227 4244433 50000
0 761 0 0 2887506 357887 4252961 50100
0 761 0 0 2893267 358512 4261163 50200
0 765 0 0 2899157 359191 4269431 50300
0 766 0 0 2904883 359886 4277597 50400
0 766 0 0 2910647 360528 4285781 50500
0 766 0 0 2916475 361188 4294122 50600
0 766 0 0 2922338 361911 4302701 50700
0 766 0 0 2928158 362659 4311251 50800
0 766 0 0 2933921 363332 4319585 50900
0 767 0 0 2939789 364062 4328099 51000
0 769 0 0 2945648 364745 4336517 51100
0 769 0 0 2951386 365395 4344865 51200
0 770 0 0 2957182 366091 4353169 51300
0 771 0 0 2963000 366739 4361618 51400
0 771 0 0 2968778 367339 4369960 51500
0 773 0 0 2974635 368013 4378439 51600
0 775 0 0 2980428 368647 4386855 51700
0 776 0 0 2986317 369295 4395295 51800
0 778 0 0 2992080 369910 4403651 51900
0 779 0 0 2997843 370556 4411843 52000
0 779 0 0 3003604 371181 4420104 52100
0 779 0 0 3009439 371836 4428440 52200
0 779 0 0 3015276 372473 4436747 52300
0 780 0 0 3020987 373091 4444762 52400
0 781 0 0 3026711 373627 4452675 52500
0 781 0 0 3032473 374142 4460690 52600
0 781 0 0 3038125 374711 4468613 52700
0 781 0 0 3044053 375261 4476708 52800
0 782 0 0 3049834 375738 4484567 52900
0 784 0 0 3055599 376249 4492396 53000
0 784 0 0 3061379 376707 4500266 53100
0 784 0 0 3067258 377156 4508201 53200
0 785 0 0 3073066 377617 4515969 53300
0 786 0 0 3078729 378095 4523623 53400
0 787 0 0 3084564 378584 4531245 53500
0 788 0 0 3090224 379107 4538739 53600
0 790 0 0 3095922 379548 4546264 53700
0 791 0 0 3101628 380012 4553834 53800
0 792 0 0 3107363 380565 4561525 53900
0 792 0 0 3113001 381129 4569081 54000
0 794 0 0 3118656 381723 4576869 54100
0 795 0 0 3124364 382348 4584721 54200
0 795 0 0 3130136 382988 4592876 54300
0 795 0 0 3135864 383747 4601149 54400
0 795 0 0 3141656 384510 4609484 54500
0 796 0 0 3147522 385218 4617987 54600
0 796 0 0 3153362 385976 4626575 54700
0 796 0 0 3159184 386774 4635190 54800
0 797 0 0 3164973 387607 4643951 54900
0 799 0 0 3170713 388458 4652789 55000
0 799 0 0 3176545 389389 4661839 55100
0 799 0 0 3182387 390302 4670796 55200
0 799 0 0 3188178 391150 4679848 55300
0 801 0 0 3194134 392044 4689179 55400
0 801 0 0 3200015 392962 4698585 55500
0 803 0 0 3205940 393862 4707950 55600
0 805 0 0 3211809 394674 4717006 55700
0 805 0 0 3217573 395499 4725892 55800
0 805 0 0 3223480 396331 4735029 55900
0 806 0 0 3229263 397145 4743689 56000
0 808 0 0 3235102 397865 4752371 56100
0 809 0 0 3240880 398592 4760807 56200
0 810 0 0 3246651 399282 4769478 56300
0 811 0 0 3252547 400004 4778299 56400
0 813 0 0 3258575 400713 4787124 56500
0 814 0 0 3264438 401454 4795757 56600
0 816 0 0 3270230 402152 4804101 56700
0 816 0 0 3275982 402790 4812346 56800
0 817 0 0 3281782 403506 4820564 56900
0 818 0 0 3287457 404304 4828845 57000
0 818 0 0 3293274 405005 4837103 57100
0 819 0 0 3299058 405679 4845305 57200
0 820 0 0 3304903 406441 4853612 57300
0 822 0 0 3310692 407162 4861702 57400
0 823 0 0 3316406 407923 4869873 57500
0 823 0 0 3322225 408646 4878169 57600
0 825 0 0 3327910 409407 4886440 57700
0 826 0 0 3333758 410178 4895028 57800
0 826 0 0 3339582 410923 4903587 57900
0 826 0 0 3345506 411721 4912098 58000
0 827 0 0 3351217 412493 4920410 58100
0 828 0 0 3357057 413321 4928896 58200
0 828 0 0 3362729 414089 4937238 58300
0 828 0 0 3368607 414829 4945735 58400
0 830 0 0 3374306 415633 4954267 58500
0 830 0 0 3380108 416431 4962953 58600
0 830 0 0 3386008 417188 4971700 58700
0 830 0 0 3391882 417989 4980549 58800
0 832 0 0 3397725 418749 4989448 58900
0 833 0 0 3403642 419491 4998100 59000
0 833 0 0 3409397 420187 5006720 59100
0 835 0 0 3415182 420932 5015238 59200
0 837 0 0 3421018 421648 5023903 59300
0 838 0 0 3426945 422369 5032558 59400
0 838 0 0 3432615 423043 5040994 59500
0 839 0 0 3438483 423708 5049385 59600
0 839 0 0 3444233 424375 5057799 59700
0 840 0 0 3450053 425111 5066207 59800
0 840 0 0 3455916 425810 5074600 59900
0 841 0 0 3461742 426553 5083017 60000
0 842 0 0 3467559 427271 5091437 60100
0 842 0 0 3473338 427970 5099723 60200
0 842 0 0 3479200 428680 5108186 60300
0 842 0 0 3484981 429396 5116393 60400
0 843 0 0 3490851 430117 5124660 60500
0 843 0 0 3496599 430820 5132770 60600
0 843 0 0 3502417 431505 5140935 60700
0 843 0 0 3508213 432266 5149309 60800
0 843 0 0 3514050 432982 5157646 60900
0 843 0 0 3519888 433680 5166021 61000
0 843 0 0 3525691 434379 5174428 61100
0 843 0 0 3531554 435086 5182916 61200
0 843 0 0 3537314 435802 5191597 61300
0 843 0 0 3543347 436523 5200748 61400
0 844 0 0 3549363 437221 5209755 61500
0 844 0 0 3555390 437926 5218639 61600
0 844 0 0 3561242 438647 5227364 61700
0 844 0 0 3567105 439349 5235964 61800
0 844 0 0 3572974 440064 5244682 61900
0 846 0 0 3578823 440775 5253402 62000
0 846 0 0 3584789 441457 5262076 62100
0 846 0 0 3590512 442164 5270551 62200
0 847 0 0 3596294 442931 5279178 62300
0 847 0 0 3602108 443657 5287843 62400
0 848 0 0 3608037 444384 5296456 62500
0 849 0 0 3613804 445098 5305004 62600
0 850 0 0 3619728 445844 5313808 62700
0 850 0 0 3625550 446599 5322474 62800
0 851 0 0 3631335 447337 5331018 62900
0 851 0 0 3637096 448064 5339518 63000
0 851 0 0 3642841 448779 5347968 63100
0 851 0 0 3648759 449533 5356708 63200
0 852 0 0 3654540 450249 5365142 63300
0 853 0 0 3660409 450977 5373789 63400
0 853 0 0 3666114 451686 5382285 63500
0 854 0 0 3672008 452424 5391033 63600
0 857 0 0 3677818 453158 5399651 63700
0 857 0 0 3683647 453914 5408243 63800
0 858 0 0 3689380 454681 5416887 63900
0 861 0 0 3695334 455358 5425440 64000
0 861 0 0 3701086 456096 5433832 64100
0 861 0 0 3706885 456794 5442393 64200
0 861 0 0 3712678 457485 5450751 64300
0 861 0 0 3718451 458143 5458917 64400
0 863 0 0 3724186 458736 5466913 64500
0 864 0 0 3729839 459320 5474769 64600
0 865 0 0 3735600 459862 5482828 64700
0 865 0 0 3741246 460460 5490761 64800
0 866 0 0 3747047 461100 5498985 64900
0 867 0 0 3752888 461690 5507159 65000
0 868 0 0 3758709 462251 5515188 65100
0 868 0 0 3764438 462836 5523166 65200
0 868 0 0 3770181 463400 5531107 65300
0 868 0 0 3776065 463954 5539213 65400
0 868 0 0 3781795 464555 5547155 65500
0 869 0 0 3787470 465133 5555176 65600
0 869 0 0 3793274 465700 5563135 65700
0 869 0 0 3799101 466228 5571185 65800
0 869 0 0 3804821 466773 5579257 65900
0 870 0 0 3810693 467357 5587450 66000
0 871 0 0 3816477 467942 5595534 66100
0 872 0 0 3822286 468469 5603673 66200
0 873 0 0 3828086 469025 5611891 66300
0 873 0 0 3833985 469619 5620329 66400
0 874 0 0 3839772 470236 5628743 66500
0 874 0 0 3845707 470749 5637144 66600
0 876 0 0 3851555 471311 5645627 66700
0 877 0 0 3857322 471882 5654124 66800
0 879 0 0 3863218 472526 5662770 66900
0 879 0 0 3869040 473226 5671403 67000
0 880 0 0 3875001 473882 5679978 67100
0 882 0 0 3880799 474564 5688471 67200
0 882 0 0 3886704 475250 5697274 67300
0 883 0 0 3892631 476007 5706171 67400
0 883 0 0 3898425 476757 5714866 67500
0 883 0 0 3904341 477447 5723560 67600
0 883 0 0 3910302 478134 5732303 67700
0 883 0 0 3916212 478850 5741293 67800
0 884 0 0 3922130 479559 5750164 67900
0 884 0 0 3928031 480231 5758856 68000
0 886 0 0 3933791 480978 5767543 68100
0 886 0 0 3939674 481740 5776350 68200
0 886 0 0 3945549 482567 5785258 68300
0 887 0 0 3951505 483424 5794289 68400
0 887 0 0 3957362 484281 5803065 68500
0 887 0 0 3963323 485130 5811794 68600
0 887 0 0 3969210 485896 5820390 68700
0 887 0 0 3975046 486656 5828852 68800
0 887 0 0 3980802 487457 5837186 68900
0 887 0 0 3986523 488203 5845180 69000
0 887 0 0 3992197 488998 5853285 69100
0 887 0 0 3997969 489756 5861621 69200
0 888 0 0 4003875 490490 5870000 69300
0 888 0 0 4009627 491236 5878377 69400
0 888 0 0 4015488 491928 5886751 69500
0 889 0 0 4021335 492565 5895073 69600
0 890 0 0 4027128 493310 5903550 69700
0 891 0 0 4033011 494014 5912117 69800
0 891 0 0 4038840 494731 5920608 69900
0 892 0 0 4044728 495411 5929043 70000
0 893 0 0 4050510 496042 5937303 70100
0 893 0 0 4056231 496733 5945402 70200
0 893 0 0 4062150 497351 5953660 70300
0 895 0 0 4067856 497942 5961622 70400
0 897 0 0 4073622 498556 5969641 70500
0 898 0 0 4079411 499113 5977742 70600
0 900 0 0 4085171 499636 5985764 70700
0 900 0 0 4090962 500206 5993786 70800
0 900 0 0 4096831 500718 6001770 70900
0 900 0 0 4102526 501219 6009655 71000
0 900 0 0 4108350 501770 6017700 71100
0 901 0 0 4114110 502307 6025588 71200
0 901 0 0 4119908 502846 6033498 71300
0 902 0 0 4125688 503444 6041522 71400
0 902 0 0 4131402 503985 6049522 71500
0 903 0 0 4137197 504594 6057520 71600
0 906 0 0 4142978 505188 6065581 71700
0 907 0 0 4148722 505766 6073474 71800
0 908 0 0 4154528 506348 6081480 71900
0 909 0 0 4160281 506942 6089459 72000
0 909 0 0 4166035 507539 6097509 72100
0 909 0 0 4171880 508126 6105499 72200
0 909 0 0 4177686 508699 6113711 72300
0 909 0 0 4183503 509366 6121983 72400
0 911 0 0 4189405 510026 6130425 72500
0 912 0 0 4195330 510676 6138934 72600
0 912 0 0 4201179 511383 6147198 72700
0 913 0 0 4206979 512116 6155526 72800
0 915 0 0 4212771 512843 6163787 72900
0 915 0 0 4218588 513555 6172008 73000
0 917 0 0 4224380 514317 6180268 73100
0 918 0 0 4230175 515131 6188802 73200
0 918 0 0 4235908 516013 6197290 73300
0 918 0 0 4241768 516887 6205994 73400
0 918 0 0 4247484 517754 6214479 73500
0 921 0 0 4253260 518699 6223332 73600
0 921 0 0 4259208 519598 6232368 73700
0 921 0 0 4264970 520520 6241189 73800
0 922 0 0 4270808 521466 6250158 73900
0 922 0 0 4276757 522428 6259387 74000
0 922 0 0 4282645 523405 6268714 74100
0 923 0 0 4288626 524421 6278329 74200
0 923 0 0 4294638 525391 6287935 74300
0 923 0 0 4300531 526443 6297585 74400
0 924 0 0 4306544 527422 6307233 74500
0 925 0 0 4312605 528316 6316911 74600
0 928 0 0 4318641 529279 6326781 74700
0 930 0 0 4324717 530207 6336596 74800
0 931 0 0 4330713 531133 6346265 74900
0 933 0 0 4336807 532050 6356081 75000
0 935 0 0 4342894 533011 6365679 75100
0 935 0 0 4348903 533946 6375397 75200
0 935 0 0 4354803 534856 6384852 75300
0 936 0 0 4360670 535746 6394287 75400
0 939 0 0 4366744 536611 6403990 75500
0 940 0 0 4372830 537476 6413646 75600
0 941 0 0 4378900 538359 6423280 75700
0 943 0 0 4384871 539270 6432746 75800
0 944 0 0 4390886 540200 6442036 75900
0 948 0 0 4396855 541093 6451114 76000
0 948 0 0 4402693 541908 6459920 76100
0 950 0 0 4408734 542763 6468826 76200
0 950 0 0 4414630 543615 6477675 76300
0 951 0 0 4420588 544416 6486445 76400
0 954 0 0 4426479 545201 6495081 76500
0 954 0 0 4432409 545906 6503717 76600
0 955 0 0 4438183 546700 6512356 76700
0 955 0 0 4444050 547447 6521190 76800
0 955 0 0 4449991 548200 6529993 76900
0 955 0 0 4455902 548881 6538626 77000
0 955 0 0 4461712 549584 6547029 77100
0 955 0 0 4467594 550245 6555475 77200
0 955 0 0 4473316 550934 6563743 77300
0 955 0 0 4479080 551656 6572097 77400
0 955 0 0 4484836 552435 6580636 77500
0 956 0 0 4490656 553202 6589343 77600
0 957 0 0 4496565 553969 6598320 77700
0 958 0 0 4502307 554779 6607202 77800
0 960 0 0 4508314 555552 6616393 77900
0 962 0 0 4514274 556404 6625758 78000
0 962 0 0 4520264 557296 6634956 78100
0 963 0 0 4526087 558203 6643974 78200
0 965 0 0 4531942 559064 6652901 78300
0 965 0 0 4537918 559876 6661741 78400
0 965 0 0 4543783 560659 6670377 78500
0 965 0 0 4549597 561483 6678947 78600
0 965 0 0 4555437 562260 6687488 78700
0 965 0 0 4561260 563000 6695966 78800
0 967 0 0 4567051 563760 6704517 78900
0 968 0 0 4572887 564488 6713152 79000
0 969 0 0 4578696 565152 6721582 79100
0 970 0 0 4584494 565862 6730114 79200
0 971 0 0 4590497 566506 6738762 79300
0 972 0 0 4596292 567207 6747267 79400
0 972 0 0 4602092 567889 6755753 79500
0 974 0 0 4608135 568618 6764806 79600
0 974 0 0 4614071 569316 6773850 79700
0 975 0 0 4620050 570033 6782941 79800
0 975 0 0 4626042 570775 6792157 79900
