0 0 0 0 0 0 0 0
0 9 0 0 2536 0 2583 100
0 17 0 0 6786 5 6897 200
0 18 0 0 10760 9 10920 300
0 21 0 0 15625 10 15826 400
0 22 0 0 21118 13 21360 500
0 27 0 0 26844 14 27175 600
0 28 0 0 33133 18 33621 700
0 31 0 0 39451 18 40141 800
0 31 0 0 46100 20 47049 900
0 32 0 0 52756 21 54038 1000
0 34 0 0 59504 22 61197 1100
0 34 0 0 66248 24 68369 1200
0 35 0 0 73167 24 75774 1300
0 39 0 0 80167 25 83382 1400
0 41 0 0 87039 28 90880 1500
0 43 0 0 94000 30 98503 1600
0 44 0 0 101044 32 106233 1700
0 45 0 0 107964 33 113903 1800
0 50 0 0 115014 35 121799 1900
0 51 0 0 122145 39 129850 2000
0 55 0 0 129086 42 137922 2100
0 58 0 0 136201 45 146057 2200
0 61 0 0 143235 47 154033 2300
0 65 0 0 150368 50 162193 2400
0 68 0 0 157436 55 170168 2500
0 72 0 0 164464 57 178124 2600
0 73 0 0 171574 60 186093 2700
0 74 0 0 178597 61 193898 2800
0 77 0 0 185584 61 201696 2900
0 79 0 0 192641 64 209659 3000
0 82 0 0 199661 67 217481 3100
0 83 0 0 206727 69 225380 3200
0 84 0 0 213774 71 233319 3300
0 87 0 0 220767 72 241126 3400
0 88 0 0 227856 74 249082 3500
0 91 0 0 234817 77 256829 3600
0 94 0 0 241940 79 264918 3700
0 96 0 0 248872 80 272716 3800
0 98 0 0 255912 84 280700 3900
0 99 0 0 263009 86 288612 4000
0 101 0 0 269995 88 296641 4100
0 102 0 0 276981 89 304667 4200
0 103 0 0 284154 90 312793 4300
0 106 0 0 291087 92 320644 4400
0 111 0 0 298158 94 328658 4500
0 112 0 0 305181 98 336716 4600
0 114 0 0 312148 100 344593 4700
0 115 0 0 319199 102 352551 4800
0 116 0 0 326227 104 360454 4900
0 119 0 0 333300 104 368442 5000
0 120 0 0 340400 106 376352 5100
0 124 0 0 347325 108 384149 5200
0 126 0 0 354364 112 392061 5300
0 128 0 0 361417 114 399964 5400
0 129 0 0 368370 115 407741 5500
0 130 0 0 375375 115 415543 5600
0 131 0 0 382374 116 423311 5700
0 132 0 0 389359 117 430947 5800
0 132 0 0 396253 118 438597 5900
0 132 0 0 403147 118 446283 6000
0 135 0 0 410068 118 453970 6100
0 136 0 0 416934 121 461619 6200
0 138 0 0 423906 122 469338 6300
0 139 0 0 430728 124 476907 6400
0 139 0 0 437696 125 484610 6500
0 142 0 0 444733 125 492343 6600
0 142 0 0 451581 128 499830 6700
0 143 0 0 458507 128 507437 6800
0 145 0 0 465439 130 515021 6900
0 147 0 0 472377 131 522640 7000
0 148 0 0 479270 133 530237 7100
0 150 0 0 486188 135 537815 7200
0 152 0 0 493220 136 545552 7300
0 154 0 0 500203 137 553304 7400
0 155 0 0 507128 140 561065 7500
0 157 0 0 514031 141 568766 7600
0 159 0 0 520949 141 576494 7700
0 159 0 0 527888 145 584183 7800
0 162 0 0 534812 145 591828 7900
0 166 0 0 541792 146 599591 8000
0 166 0 0 548717 150 607292 8100
0 168 0 0 555669 150 614957 8200
0 170 0 0 562569 153 622604 8300
0 174 0 0 569532 155 630312 8400
0 178 0 0 576469 159 638030 8500
0 182 0 0 583461 161 645736 8600
0 184 0 0 590479 164 653537 8700
0 186 0 0 597402 168 661273 8800
0 188 0 0 604414 170 669071 8900
0 190 0 0 611294 170 676808 9000
0 193 0 0 618299 175 684647 9100
0 193 0 0 625357 176 692664 9200
0 195 0 0 632275 177 700419 9300
0 196 0 0 639272 179 708314 9400
0 201 0 0 646144 181 716049 9500
0 204 0 0 653143 185 723923 9600
0 205 0 0 660139 186 731663 9700
0 205 0 0 667176 187 739546 9800
0 208 0 0 673892 188 747092 9900
0 209 0 0 680888 191 754762 10000
0 212 0 0 687835 192 762438 10100
0 216 0 0 694769 196 770047 10200
0 217 0 0 701708 198 777838 10300
0 218 0 0 708587 199 785560 10400
0 218 0 0 715645 200 793517 10500
0 219 0 0 722614 200 801328 10600
0 219 0 0 729604 200 809031 10700
0 219 0 0 736535 201 816681 10800
0 221 0 0 743473 201 824302 10900
0 221 0 0 750420 203 832066 11000
0 222 0 0 757354 203 839761 11100
0 223 0 0 764327 204 847525 11200
0 224 0 0 771343 205 855298 11300
0 224 0 0 778387 206 863123 11400
0 225 0 0 785226 206 870766 11500
0 228 0 0 792261 208 878695 11600
0 230 0 0 799331 210 886586 11700
0 231 0 0 806342 210 894499 11800
0 231 0 0 813361 211 902362 11900
0 234 0 0 820448 212 910359 12000
0 235 0 0 827415 215 918127 12100
0 235 0 0 834404 215 925940 12200
0 237 0 0 841444 215 933665 12300
0 238 0 0 848438 217 941423 12400
0 238 0 0 855329 217 949109 12500
0 239 0 0 862233 217 956722 12600
0 240 0 0 869086 218 964397 12700
0 241 0 0 876068 218 972300 12800
0 243 0 0 883040 220 980190 12900
0 245 0 0 890024 221 988048 13000
0 248 0 0 897072 226 996042 13100
0 248 0 0 903893 227 1003734 13200
0 249 0 0 910965 227 1011711 13300
0 249 0 0 917821 227 1019395 13400
0 251 0 0 924990 228 1027346 13500
0 252 0 0 931944 229 1035142 13600
0 254 0 0 938832 230 1042734 13700
0 254 0 0 945869 232 1050427 13800
0 255 0 0 952773 232 1058031 13900
0 255 0 0 959691 233 1065638 14000
0 257 0 0 966694 234 1073393 14100
0 257 0 0 973699 235 1081195 14200
0 258 0 0 980635 235 1088908 14300
0 258 0 0 987570 236 1096730 14400
0 258 0 0 994465 236 1104489 14500
0 258 0 0 1001508 236 1112367 14600
0 258 0 0 1008511 236 1120172 14700
0 258 0 0 1015437 236 1127924 14800
0 258 0 0 1022334 236 1135635 14900
0 258 0 0 1029392 236 1143578 15000
0 259 0 0 1036252 236 1151272 15100
0 259 0 0 1043178 237 1158975 15200
0 260 0 0 1050055 237 1166688 15300
0 261 0 0 1056955 238 1174460 15400
0 262 0 0 1063856 239 1182174 15500
0 262 0 0 1070915 240 1190064 15600
0 263 0 0 1077880 240 1197848 15700
0 263 0 0 1084837 241 1205573 15800
0 264 0 0 1091791 241 1213228 15900
0 265 0 0 1098768 242 1220876 16000
0 265 0 0 1105608 243 1228417 16100
0 266 0 0 1112495 244 1235956 16200
0 266 0 0 1119484 244 1243644 16300
0 267 0 0 1126368 245 1251287 16400
0 268 0 0 1133341 245 1258988 16500
0 269 0 0 1140261 246 1266564 16600
0 271 0 0 1147302 247 1274227 16700
0 271 0 0 1154178 249 1281820 16800
0 273 0 0 1161018 249 1289414 16900
0 273 0 0 1168027 251 1297256 17000
0 274 0 0 1175054 251 1305041 17100
0 275 0 0 1181926 252 1312706 17200
0 275 0 0 1188933 253 1320362 17300
0 276 0 0 1195836 253 1327880 17400
0 276 0 0 1202710 254 1335331 17500
0 276 0 0 1209539 254 1342696 17600
0 276 0 0 1216374 254 1350164 17700
0 276 0 0 1223242 254 1357702 17800
0 276 0 0 1230084 254 1365263 17900
0 277 0 0 1236949 255 1372792 18000
0 277 0 0 1243784 255 1380365 18100
0 279 0 0 1250658 255 1387982 18200
0 280 0 0 1257524 256 1395544 18300
0 281 0 0 1264396 258 1403141 18400
0 282 0 0 1271157 259 1410558 18500
0 283 0 0 1278022 260 1418136 18600
0 284 0 0 1284809 261 1425610 18700
0 284 0 0 1291688 261 1433250 18800
0 284 0 0 1298589 262 1440864 18900
0 287 0 0 1305469 262 1448413 19000
0 287 0 0 1312279 265 1455869 19100
0 288 0 0 1319114 265 1463370 19200
0 288 0 0 1326078 266 1471054 19300
0 288 0 0 1332884 266 1478579 19400
0 291 0 0 1339738 266 1486098 19500
0 291 0 0 1346634 269 1493687 19600
0 293 0 0 1353378 269 1501164 19700
0 294 0 0 1360293 270 1508858 19800
0 294 0 0 1367300 272 1516633 19900
0 296 0 0 1374143 273 1524322 20000
0 296 0 0 1381001 274 1532005 20100
0 296 0 0 1387841 274 1539594 20200
0 296 0 0 1394747 274 1547176 20300
0 297 0 0 1401516 274 1554679 20400
0 298 0 0 1408414 275 1562301 20500
0 299 0 0 1415175 276 1569675 20600
0 300 0 0 1421990 277 1577139 20700
0 302 0 0 1428836 277 1584673 20800
0 304 0 0 1435675 281 1592208 20900
0 305 0 0 1442546 282 1599820 21000
0 305 0 0 1449371 282 1607311 21100
0 305 0 0 1456294 283 1614916 21200
0 305 0 0 1463126 283 1622462 21300
0 306 0 0 1470072 283 1630083 21400
0 308 0 0 1477000 283 1637686 21500
0 310 0 0 1483977 285 1645345 21600
0 311 0 0 1490810 286 1652757 21700
0 316 0 0 1497725 287 1660268 21800
0 316 0 0 1504709 290 1667922 21900
0 316 0 0 1511542 291 1675471 22000
0 318 0 0 1518486 291 1683158 22100
0 322 0 0 1525371 294 1690827 22200
0 323 0 0 1532331 297 1698572 22300
0 323 0 0 1539249 297 1706250 22400
0 329 0 0 1546337 298 1714188 22500
0 330 0 0 1553239 304 1721820 22600
0 331 0 0 1560191 305 1729539 22700
0 332 0 0 1567095 306 1737293 22800
0 332 0 0 1574039 306 1744994 22900
0 332 0 0 1580963 307 1752587 23000
0 334 0 0 1587870 308 1760210 23100
0 335 0 0 1594713 309 1767864 23200
0 337 0 0 1601640 311 1775638 23300
0 340 0 0 1608536 312 1783370 23400
0 341 0 0 1615493 315 1791184 23500
0 345 0 0 1622501 316 1799163 23600
0 347 0 0 1629369 320 1806922 23700
0 349 0 0 1636201 322 1814644 23800
0 352 0 0 1643137 324 1822377 23900
0 355 0 0 1650000 326 1830021 24000
0 355 0 0 1656817 330 1837618 24100
0 358 0 0 1663605 330 1845227 24200
0 358 0 0 1670579 333 1852880 24300
0 361 0 0 1677596 333 1860656 24400
0 362 0 0 1684411 336 1868093 24500
0 363 0 0 1691368 337 1875699 24600
0 365 0 0 1698221 338 1883251 24700
0 366 0 0 1705130 339 1890900 24800
0 366 0 0 1712088 341 1898568 24900
0 367 0 0 1718960 341 1906078 25000
0 368 0 0 1725877 343 1913664 25100
0 370 0 0 1732772 343 1921254 25200
0 370 0 0 1739636 344 1928829 25300
0 370 0 0 1746460 345 1936325 25400
0 371 0 0 1753346 345 1943905 25500
0 372 0 0 1760162 347 1951369 25600
0 375 0 0 1767108 348 1959089 25700
0 376 0 0 1773979 351 1966616 25800
0 378 0 0 1781088 351 1974322 25900
0 379 0 0 1787974 353 1981787 26000
0 379 0 0 1794864 354 1989165 26100
0 380 0 0 1801709 355 1996564 26200
0 382 0 0 1808695 356 2004132 26300
0 383 0 0 1815610 357 2011718 26400
0 384 0 0 1822457 359 2019192 26500
0 386 0 0 1829463 359 2026866 26600
0 387 0 0 1836389 361 2034433 26700
0 390 0 0 1843278 362 2042180 26800
0 390 0 0 1850320 365 2050011 26900
0 392 0 0 1857095 365 2057580 27000
0 393 0 0 1864141 368 2065402 27100
0 393 0 0 1871059 368 2073040 27200
0 396 0 0 1877958 368 2080759 27300
0 397 0 0 1885020 371 2088531 27400
0 399 0 0 1891956 372 2096178 27500
0 400 0 0 1898844 375 2103814 27600
0 402 0 0 1905752 375 2111464 27700
0 402 0 0 1912703 376 2119068 27800
0 402 0 0 1919671 377 2126689 27900
0 403 0 0 1926620 377 2134260 28000
0 405 0 0 1933498 378 2141780 28100
0 406 0 0 1940479 379 2149427 28200
0 407 0 0 1947434 381 2157136 28300
0 408 0 0 1954374 382 2164869 28400
0 409 0 0 1961317 383 2172525 28500
0 411 0 0 1968380 383 2180224 28600
0 415 0 0 1975212 385 2187775 28700
0 415 0 0 1982179 390 2195330 28800
0 415 0 0 1989114 390 2202941 28900
0 417 0 0 1995991 390 2210483 29000
0 417 0 0 2002836 392 2217960 29100
0 417 0 0 2009767 392 2225628 29200
0 417 0 0 2016556 392 2233110 29300
0 420 0 0 2023497 392 2240698 29400
0 421 0 0 2030450 394 2248354 29500
0 423 0 0 2037276 396 2255813 29600
0 426 0 0 2044230 399 2263496 29700
0 427 0 0 2051096 401 2271055 29800
0 428 0 0 2057952 402 2278690 29900
0 430 0 0 2065036 403 2286596 30000
0 432 0 0 2071973 404 2294373 30100
0 432 0 0 2079025 407 2302254 30200
0 434 0 0 2085936 407 2310047 30300
0 435 0 0 2093009 409 2317924 30400
0 437 0 0 2099857 410 2325527 30500
0 438 0 0 2106865 411 2333214 30600
0 439 0 0 2113758 412 2340773 30700
0 439 0 0 2120751 414 2348391 30800
0 439 0 0 2127631 414 2355992 30900
0 440 0 0 2134515 414 2363486 31000
0 442 0 0 2141442 415 2371118 31100
0 442 0 0 2148367 416 2378741 31200
0 446 0 0 2155279 417 2386299 31300
0 446 0 0 2162163 421 2393884 31400
0 448 0 0 2169051 421 2401440 31500
0 450 0 0 2175975 422 2409122 31600
0 451 0 0 2182881 425 2416767 31700
0 452 0 0 2189754 426 2424470 31800
0 453 0 0 2196694 427 2432234 31900
0 454 0 0 2203700 428 2440163 32000
0 454 0 0 2210621 429 2447904 32100
0 454 0 0 2217539 429 2455694 32200
0 457 0 0 2224527 430 2463398 32300
0 458 0 0 2231445 432 2471055 32400
0 461 0 0 2238328 433 2478625 32500
0 463 0 0 2245169 437 2486173 32600
0 465 0 0 2252092 438 2493843 32700
0 468 0 0 2258996 439 2501510 32800
0 471 0 0 2265878 443 2509124 32900
0 475 0 0 2272857 446 2516844 33000
0 478 0 0 2279607 449 2524316 33100
0 478 0 0 2286487 451 2531947 33200
0 479 0 0 2293368 452 2539581 33300
0 484 0 0 2300293 454 2547284 33400
0 484 0 0 2307155 456 2554797 33500
0 485 0 0 2314081 458 2562362 33600
0 486 0 0 2320962 458 2569882 33700
0 487 0 0 2327826 459 2577333 33800
0 489 0 0 2334704 460 2584816 33900
0 490 0 0 2341659 462 2592361 34000
0 493 0 0 2348487 465 2599785 34100
0 495 0 0 2355387 466 2607324 34200
0 499 0 0 2362225 468 2614847 34300
0 500 0 0 2369057 471 2622533 34400
0 501 0 0 2376017 473 2630206 34500
0 504 0 0 2382890 473 2637832 34600
0 505 0 0 2389862 477 2645594 34700
0 508 0 0 2396880 478 2653301 34800
0 509 0 0 2403698 478 2660786 34900
0 509 0 0 2410650 480 2668452 35000
0 513 0 0 2417638 480 2676094 35100
0 513 0 0 2424497 482 2683697 35200
0 515 0 0 2431403 484 2691320 35300
0 518 0 0 2438418 486 2699064 35400
0 519 0 0 2445455 489 2706799 35500
0 522 0 0 2452371 490 2714443 35600
0 524 0 0 2459281 493 2722152 35700
0 526 0 0 2466208 496 2729931 35800
0 527 0 0 2473121 496 2737550 35900
0 529 0 0 2480135 498 2745253 36000
0 529 0 0 2487041 500 2752818 36100
0 529 0 0 2493991 500 2760460 36200
0 530 0 0 2500928 500 2768107 36300
0 530 0 0 2507806 501 2775697 36400
0 532 0 0 2514743 502 2783386 36500
0 533 0 0 2521706 503 2791153 36600
0 533 0 0 2528620 504 2798855 36700
0 534 0 0 2535565 504 2806524 36800
0 534 0 0 2542425 505 2814019 36900
0 535 0 0 2549305 505 2821557 37000
0 535 0 0 2556295 506 2829184 37100
0 538 0 0 2563231 507 2836783 37200
0 538 0 0 2570148 509 2844376 37300
0 540 0 0 2576943 509 2851857 37400
0 543 0 0 2583867 510 2859495 37500
0 544 0 0 2590871 513 2867272 37600
0 546 0 0 2597748 515 2874902 37700
0 547 0 0 2604583 517 2882512 37800
0 549 0 0 2611569 518 2890257 37900
0 550 0 0 2618374 520 2897827 38000
0 551 0 0 2625436 521 2905593 38100
0 554 0 0 2632273 523 2913293 38200
0 555 0 0 2639270 525 2921047 38300
0 555 0 0 2646136 526 2928671 38400
0 557 0 0 2653025 526 2936356 38500
0 557 0 0 2659880 528 2944010 38600
0 557 0 0 2666793 528 2951720 38700
0 558 0 0 2673737 528 2959431 38800
0 558 0 0 2680707 529 2967118 38900
0 558 0 0 2687606 529 2974698 39000
0 559 0 0 2694470 529 2982233 39100
0 560 0 0 2701395 530 2989925 39200
0 560 0 0 2708276 531 2997441 39300
0 561 0 0 2715230 531 3005080 39400
0 561 0 0 2722067 531 3012706 39500
0 561 0 0 2728928 532 3020269 39600
0 562 0 0 2735868 532 3027936 39700
0 562 0 0 2742803 533 3035547 39800
0 564 0 0 2749687 533 3043133 39900
0 565 0 0 2756598 535 3050795 40000
0 567 0 0 2763601 536 3058501 40100
0 568 0 0 2770530 537 3066232 40200
0 571 0 0 2777544 541 3074135 40300
0 571 0 0 2784511 542 3081991 40400
0 573 0 0 2791572 542 3089800 40500
0 574 0 0 2798547 543 3097504 40600
0 575 0 0 2805405 544 3105087 40700
0 575 0 0 2812394 545 3112762 40800
0 575 0 0 2819316 545 3120436 40900
0 577 0 0 2826338 545 3128218 41000
0 577 0 0 2833212 547 3135753 41100
0 579 0 0 2840131 547 3143306 41200
0 579 0 0 2847001 549 3150800 41300
0 581 0 0 2853976 549 3158388 41400
0 582 0 0 2861001 550 3166104 41500
0 583 0 0 2867819 552 3173606 41600
0 583 0 0 2874813 553 3181402 41700
0 585 0 0 2881806 553 3189182 41800
0 588 0 0 2888799 556 3196939 41900
0 588 0 0 2895773 558 3204745 42000
0 590 0 0 2902706 558 3212462 42100
0 590 0 0 2909653 559 3220132 42200
0 591 0 0 2916634 560 3227817 42300
0 591 0 0 2923555 561 3235473 42400
0 592 0 0 2930442 561 3242999 42500
0 592 0 0 2937453 562 3250658 42600
0 593 0 0 2944307 562 3258136 42700
0 595 0 0 2951273 563 3265688 42800
0 595 0 0 2958145 564 3273241 42900
0 596 0 0 2965087 565 3280858 43000
0 596 0 0 2972017 566 3288530 43100
0 597 0 0 2978903 566 3296243 43200
0 597 0 0 2985897 567 3304116 43300
0 598 0 0 2992930 567 3311982 43400
0 598 0 0 2999919 568 3319807 43500
0 599 0 0 3006963 568 3327659 43600
0 600 0 0 3013853 570 3335288 43700
0 600 0 0 3020760 570 3342899 43800
0 603 0 0 3027583 570 3350447 43900
0 603 0 0 3034527 573 3358129 44000
0 606 0 0 3041437 573 3365643 44100
0 607 0 0 3048324 576 3373194 44200
0 608 0 0 3055251 577 3380730 44300
0 608 0 0 3062089 578 3388173 44400
0 610 0 0 3069127 578 3395845 44500
0 610 0 0 3075983 580 3403420 44600
0 610 0 0 3082969 580 3411071 44700
0 611 0 0 3089986 580 3418817 44800
0 611 0 0 3096956 581 3426375 44900
0 611 0 0 3103781 581 3433822 45000
0 611 0 0 3110775 581 3441475 45100
0 612 0 0 3117742 581 3449149 45200
0 613 0 0 3124772 581 3456946 45300
0 615 0 0 3131716 583 3464613 45400
0 615 0 0 3138656 584 3472204 45500
0 618 0 0 3145528 586 3479715 45600
0 619 0 0 3152604 587 3487478 45700
0 622 0 0 3159550 589 3495209 45800
0 622 0 0 3166449 591 3502862 45900
0 624 0 0 3173429 592 3510626 46000
0 625 0 0 3180396 594 3518437 46100
0 626 0 0 3187298 594 3526191 46200
0 628 0 0 3194227 596 3533932 46300
0 628 0 0 3201194 598 3541722 46400
0 630 0 0 3208119 599 3549402 46500
0 632 0 0 3215034 600 3557068 46600
0 633 0 0 3221978 603 3564799 46700
0 635 0 0 3228959 603 3572538 46800
0 638 0 0 3235895 607 3580245 46900
0 639 0 0 3242842 608 3588110 47000
0 639 0 0 3249645 609 3595829 47100
0 640 0 0 3256662 609 3603766 47200
0 642 0 0 3263662 611 3611598 47300
0 642 0 0 3270608 612 3619445 47400
0 644 0 0 3277529 612 3627210 47500
0 645 0 0 3284551 615 3635026 47600
0 645 0 0 3291449 615 3642709 47700
0 647 0 0 3298376 616 3650457 47800
0 652 0 0 3305276 618 3658123 47900
0 653 0 0 3312168 622 3665858 48000
0 657 0 0 3319061 623 3673544 48100
0 658 0 0 3326036 626 3681316 48200
0 658 0 0 3332983 628 3688993 48300
0 660 0 0 3339881 629 3696592 48400
0 662 0 0 3346707 630 3704039 48500
0 664 0 0 3353651 632 3711687 48600
0 665 0 0 3360529 633 3719218 48700
0 666 0 0 3367485 636 3726931 48800
0 667 0 0 3374373 636 3734509 48900
0 667 0 0 3381407 637 3742227 49000
0 667 0 0 3388393 637 3749865 49100
0 667 0 0 3395305 637 3757470 49200
0 667 0 0 3402160 637 3764985 49300
0 668 0 0 3409083 638 3772568 49400
0 669 0 0 3415960 638 3780123 49500
0 671 0 0 3422881 640 3787691 49600
0 673 0 0 3429816 641 3795270 49700
0 674 0 0 3436755 643 3802863 49800
0 675 0 0 3443591 644 3810353 49900
0 676 0 0 3450535 645 3817950 50000
0 676 0 0 3457491 646 3825497 50100
0 678 0 0 3464291 647 3832921 50200
0 679 0 0 3471281 648 3840553 50300
0 680 0 0 3478132 649 3848032 50400
0 682 0 0 3485129 650 3855648 50500
0 684 0 0 3491961 652 3863104 50600
0 685 0 0 3498982 654 3870764 50700
0 686 0 0 3505872 655 3878317 50800
0 687 0 0 3512812 655 3885909 50900
0 687 0 0 3519743 656 3893505 51000
0 689 0 0 3526757 657 3901241 51100
0 690 0 0 3533684 658 3908861 51200
0 691 0 0 3540579 661 3916436 51300
0 693 0 0 3547417 661 3923938 51400
0 694 0 0 3554406 661 3931555 51500
0 695 0 0 3561196 663 3938935 51600
0 696 0 0 3568209 665 3946590 51700
0 696 0 0 3575178 666 3954300 51800
0 698 0 0 3581993 666 3961905 51900
0 699 0 0 3589034 668 3969705 52000
0 703 0 0 3595817 669 3977283 52100
0 703 0 0 3602812 673 3985047 52200
0 706 0 0 3609650 673 3992689 52300
0 707 0 0 3616689 676 4000434 52400
0 708 0 0 3623598 677 4008075 52500
0 711 0 0 3630472 679 4015664 52600
0 711 0 0 3637460 681 4023514 52700
0 711 0 0 3644393 681 4031274 52800
0 711 0 0 3651329 681 4039055 52900
0 712 0 0 3658309 681 4046850 53000
0 713 0 0 3665103 682 4054415 53100
0 713 0 0 3672123 683 4062226 53200
0 713 0 0 3679008 683 4069820 53300
0 713 0 0 3685950 683 4077550 53400
0 714 0 0 3692798 683 4085167 53500
0 714 0 0 3699595 683 4092701 53600
0 715 0 0 3706625 684 4100414 53700
0 715 0 0 3713530 685 4107961 53800
0 715 0 0 3720419 685 4115445 53900
0 716 0 0 3727241 686 4122857 54000
0 716 0 0 3734194 686 4130533 54100
0 716 0 0 3741007 686 4138031 54200
0 716 0 0 3747915 686 4145618 54300
0 716 0 0 3754871 686 4153269 54400
0 717 0 0 3761773 686 4160912 54500
0 717 0 0 3768632 687 4168485 54600
0 718 0 0 3775570 687 4176177 54700
0 718 0 0 3782509 688 4183805 54800
0 719 0 0 3789468 688 4191440 54900
0 721 0 0 3796228 689 4198958 55000
0 721 0 0 3803290 690 4206659 55100
0 722 0 0 3810152 691 4214277 55200
0 723 0 0 3817042 692 4221902 55300
0 724 0 0 3823900 693 4229429 55400
0 725 0 0 3830871 694 4237105 55500
0 726 0 0 3837833 695 4244708 55600
0 727 0 0 3844692 696 4252286 55700
0 727 0 0 3851665 697 4259922 55800
0 727 0 0 3858623 697 4267608 55900
0 727 0 0 3865543 697 4275183 56000
0 728 0 0 3872529 697 4282860 56100
0 729 0 0 3879381 698 4290369 56200
0 731 0 0 3886404 699 4298159 56300
0 732 0 0 3893292 700 4305817 56400
0 733 0 0 3900352 702 4313614 56500
0 733 0 0 3907227 703 4321247 56600
0 735 0 0 3914285 703 4329042 56700
0 736 0 0 3921168 705 4336692 56800
0 737 0 0 3928203 706 4344441 56900
0 737 0 0 3935055 707 4351976 57000
0 737 0 0 3942119 707 4359694 57100
0 738 0 0 3949005 707 4367275 57200
0 738 0 0 3955933 708 4374837 57300
0 738 0 0 3962803 708 4382422 57400
0 739 0 0 3969745 708 4390078 57500
0 742 0 0 3976655 709 4397703 57600
0 743 0 0 3983586 712 4405246 57700
0 745 0 0 3990516 713 4412787 57800
0 746 0 0 3997392 715 4420386 57900
0 749 0 0 4004356 716 4428012 58000
0 750 0 0 4011222 718 4435558 58100
0 752 0 0 4018254 720 4443384 58200
0 752 0 0 4025149 722 4451019 58300
0 753 0 0 4032154 723 4458849 58400
0 756 0 0 4039123 723 4466651 58500
0 758 0 0 4046076 725 4474393 58600
0 758 0 0 4053114 728 4482228 58700
0 762 0 0 4060058 728 4490060 58800
0 764 0 0 4067065 732 4497833 58900
0 765 0 0 4074061 734 4505556 59000
0 767 0 0 4081052 735 4513234 59100
0 769 0 0 4087960 737 4520774 59200
0 769 0 0 4094939 739 4528397 59300
0 770 0 0 4101786 740 4536050 59400
0 771 0 0 4108766 740 4543669 59500
0 771 0 0 4115715 741 4551236 59600
0 773 0 0 4122678 741 4558829 59700
0 774 0 0 4129733 743 4566498 59800
0 775 0 0 4136645 743 4574094 59900
0 776 0 0 4143536 744 4581647 60000
0 778 0 0 4150542 746 4589322 60100
0 778 0 0 4157440 748 4597020 60200
0 780 0 0 4164480 748 4604906 60300
0 780 0 0 4171523 750 4612736 60400
0 780 0 0 4178470 750 4620534 60500
0 781 0 0 4185408 750 4628240 60600
0 781 0 0 4192407 751 4635903 60700
0 782 0 0 4199340 751 4643501 60800
0 782 0 0 4206355 752 4651249 60900
0 784 0 0 4213185 752 4658832 61000
0 784 0 0 4220156 754 4666477 61100
0 785 0 0 4227140 754 4674157 61200
0 785 0 0 4234010 755 4681783 61300
0 786 0 0 4241229 755 4689784 61400
0 787 0 0 4248225 756 4697567 61500
0 788 0 0 4255137 757 4705342 61600
0 790 0 0 4262204 758 4713139 61700
0 791 0 0 4269127 760 4720822 61800
0 792 0 0 4276146 761 4728622 61900
0 792 0 0 4283093 762 4736391 62000
0 795 0 0 4290018 763 4744165 62100
0 798 0 0 4297098 766 4752105 62200
0 799 0 0 4303972 768 4759812 62300
0 799 0 0 4310907 769 4767660 62400
0 800 0 0 4317848 769 4775355 62500
0 801 0 0 4324869 770 4783171 62600
0 802 0 0 4331749 771 4790764 62700
0 802 0 0 4338734 772 4798564 62800
0 803 0 0 4345736 772 4806403 62900
0 805 0 0 4352865 772 4814359 63000
0 807 0 0 4359782 774 4822076 63100
0 810 0 0 4366783 777 4829748 63200
0 811 0 0 4373697 779 4837382 63300
0 811 0 0 4380623 780 4845014 63400
0 815 0 0 4387621 781 4852727 63500
0 816 0 0 4394601 783 4860392 63600
0 817 0 0 4401520 785 4868010 63700
0 818 0 0 4408557 786 4875790 63800
0 819 0 0 4415486 787 4883497 63900
0 821 0 0 4422529 787 4891396 64000
0 822 0 0 4429437 790 4899076 64100
0 823 0 0 4436428 791 4906771 64200
0 825 0 0 4443352 792 4914385 64300
0 825 0 0 4450310 794 4922030 64400
0 828 0 0 4457106 794 4929519 64500
0 829 0 0 4464074 797 4937230 64600
0 830 0 0 4471059 798 4945028 64700
0 831 0 0 4477993 799 4952677 64800
0 831 0 0 4484895 800 4960248 64900
0 832 0 0 4491811 800 4967837 65000
0 832 0 0 4498773 801 4975431 65100
0 833 0 0 4505759 801 4983101 65200
0 834 0 0 4512585 802 4990585 65300
0 835 0 0 4519469 803 4998149 65400
0 836 0 0 4526482 804 5005932 65500
0 836 0 0 4533424 805 5013603 65600
0 837 0 0 4540307 805 5021161 65700
0 837 0 0 4547311 806 5028864 65800
0 837 0 0 4554190 806 5036407 65900
0 839 0 0 4561185 807 5044130 66000
0 840 0 0 4568049 808 5051716 66100
0 840 0 0 4575019 809 5059338 66200
0 842 0 0 4581937 809 5066979 66300
0 842 0 0 4588937 811 5074725 66400
0 843 0 0 4595773 811 5082296 66500
0 843 0 0 4602723 812 5089914 66600
0 843 0 0 4609612 812 5097427 66700
0 844 0 0 4616577 813 5105088 66800
0 845 0 0 4623536 813 5112797 66900
0 845 0 0 4630438 814 5120428 67000
0 846 0 0 4637437 814 5128084 67100
0 849 0 0 4644463 815 5135871 67200
0 849 0 0 4651296 818 5143342 67300
0 851 0 0 4658287 818 5151060 67400
0 851 0 0 4665297 820 5158739 67500
0 852 0 0 4672163 820 5166221 67600
0 854 0 0 4679173 821 5173888 67700
0 854 0 0 4686160 823 5181540 67800
0 855 0 0 4693180 823 5189237 67900
0 857 0 0 4700138 825 5196923 68000
0 858 0 0 4707107 826 5204641 68100
0 859 0 0 4714057 826 5212219 68200
0 860 0 0 4721052 828 5219938 68300
0 861 0 0 4728048 829 5227605 68400
0 865 0 0 4734983 830 5235183 68500
0 865 0 0 4741941 833 5242706 68600
0 867 0 0 4748827 833 5250217 68700
0 868 0 0 4755787 834 5257865 68800
0 868 0 0 4762763 836 5265561 68900
0 870 0 0 4769706 836 5273322 69000
0 870 0 0 4776582 838 5280921 69100
0 871 0 0 4783609 838 5288670 69200
0 873 0 0 4790517 840 5296315 69300
0 874 0 0 4797495 842 5303910 69400
0 874 0 0 4804397 842 5311525 69500
0 875 0 0 4811303 842 5319022 69600
0 875 0 0 4818184 843 5326501 69700
0 876 0 0 4825021 843 5333947 69800
0 877 0 0 4831979 844 5341563 69900
0 877 0 0 4838774 845 5348999 70000
0 877 0 0 4845797 845 5356684 70100
0 880 0 0 4852583 845 5364102 70200
0 881 0 0 4859529 848 5371669 70300
0 883 0 0 4866421 849 5379309 70400
0 884 0 0 4873286 851 5386908 70500
0 885 0 0 4880222 852 5394582 70600
0 887 0 0 4887163 854 5402313 70700
0 889 0 0 4894049 855 5409926 70800
0 890 0 0 4901056 858 5417769 70900
0 890 0 0 4907921 858 5425311 71000
0 891 0 0 4914735 858 5432822 71100
0 892 0 0 4921667 859 5440409 71200
0 893 0 0 4928543 860 5447899 71300
0 893 0 0 4935354 860 5455326 71400
0 895 0 0 4942339 863 5462905 71500
0 897 0 0 4949300 863 5470442 71600
0 898 0 0 4956138 865 5477899 71700
0 898 0 0 4963046 866 5485542 71800
0 902 0 0 4969995 866 5493164 71900
0 903 0 0 4976875 869 5500673 72000
0 905 0 0 4983761 871 5508258 72100
0 906 0 0 4990821 873 5516003 72200
0 906 0 0 4997792 874 5523655 72300
0 908 0 0 5004741 874 5531389 72400
0 908 0 0 5011670 876 5538957 72500
0 908 0 0 5018533 876 5546513 72600
0 909 0 0 5025525 877 5554113 72700
0 912 0 0 5032448 877 5561695 72800
0 914 0 0 5039359 880 5569273 72900
0 915 0 0 5046303 882 5576903 73000
0 915 0 0 5053176 883 5584515 73100
0 918 0 0 5060101 885 5592137 73200
0 919 0 0 5067032 886 5599782 73300
0 921 0 0 5074017 887 5607450 73400
0 923 0 0 5080920 889 5615123 73500
0 926 0 0 5087913 891 5622863 73600
0 927 0 0 5094889 894 5630605 73700
0 928 0 0 5101746 895 5638216 73800
0 931 0 0 5108764 896 5645983 73900
0 932 0 0 5115727 898 5653718 74000
0 933 0 0 5122691 900 5661443 74100
0 935 0 0 5129572 900 5668935 74200
0 936 0 0 5136465 902 5676519 74300
0 938 0 0 5143378 904 5684178 74400
0 939 0 0 5150376 905 5691810 74500
0 939 0 0 5157313 906 5699412 74600
0 941 0 0 5164222 906 5707082 74700
0 942 0 0 5171101 908 5714639 74800
0 944 0 0 5178032 909 5722206 74900
0 944 0 0 5185069 910 5729984 75000
0 945 0 0 5191975 911 5737608 75100
0 946 0 0 5198957 912 5745233 75200
0 947 0 0 5205907 913 5752798 75300
0 947 0 0 5212895 913 5760319 75400
0 948 0 0 5219765 914 5767688 75500
0 948 0 0 5226700 915 5775264 75600
0 948 0 0 5233565 915 5782662 75700
0 949 0 0 5240410 915 5790029 75800
0 949 0 0 5247331 916 5797489 75900
0 949 0 0 5254310 916 5804995 76000
0 949 0 0 5261194 916 5812473 76100
0 950 0 0 5268065 916 5819865 76200
0 950 0 0 5274997 917 5827347 76300
0 951 0 0 5281988 917 5834927 76400
0 952 0 0 5288900 919 5842507 76500
0 952 0 0 5295835 919 5850084 76600
0 952 0 0 5302838 919 5857706 76700
0 955 0 0 5309793 920 5865321 76800
0 956 0 0 5316637 922 5872762 76900
0 956 0 0 5323571 923 5880356 77000
0 957 0 0 5330458 923 5887850 77100
0 957 0 0 5337364 923 5895303 77200
0 957 0 0 5344246 923 5902762 77300
0 959 0 0 5351200 923 5910316 77400
0 961 0 0 5358138 926 5917848 77500
0 961 0 0 5365064 926 5925301 77600
0 962 0 0 5371951 927 5932796 77700
0 962 0 0 5378822 928 5940232 77800
0 964 0 0 5385803 928 5947838 77900
0 964 0 0 5392698 930 5955406 78000
0 964 0 0 5399708 930 5963033 78100
0 965 0 0 5406599 930 5970562 78200
0 967 0 0 5413594 933 5978276 78300
0 968 0 0 5420476 933 5985840 78400
0 968 0 0 5427414 933 5993396 78500
0 969 0 0 5434179 934 6000852 78600
0 970 0 0 5441202 935 6008590 78700
0 971 0 0 5448122 935 6016182 78800
0 973 0 0 5455129 937 6024030 78900
0 975 0 0 5462017 938 6031729 79000
0 976 0 0 5468892 941 6039422 79100
0 976 0 0 5475930 942 6047287 79200
0 977 0 0 5483035 942 6055237 79300
0 977 0 0 5489844 943 6062828 79400
0 979 0 0 5496933 943 6070645 79500
0 980 0 0 5503814 945 6078281 79600
0 981 0 0 5510757 946 6085903 79700
0 981 0 0 5517705 946 6093495 79800
0 982 0 0 5524577 947 6101039 79900
0 983 0 0 5531610 948 6108734 80000
0 985 0 0 5538512 949 6116285 80100
0 986 0 0 5545579 951 6124081 80200
0 989 0 0 5552508 952 6131778 80300
0 990 0 0 5559442 954 6139515 80400
0 990 0 0 5566443 956 6147330 80500
0 991 0 0 5573505 956 6155140 80600
0 992 0 0 5580468 958 6162924 80700
0 993 0 0 5587427 958 6170655 80800
0 995 0 0 5594415 959 6178507 80900
0 996 0 0 5601445 961 6186342 81000
0 999 0 0 5608279 962 6193865 81100
0 1001 0 0 5615225 964 6201533 81200
0 1003 0 0 5622128 967 6209149 81300
0 1005 0 0 5629078 969 6216888 81400
0 1005 0 0 5635960 971 6224495 81500
0 1006 0 0 5642970 971 6232225 81600
0 1007 0 0 5649882 972 6239908 81700
0 1010 0 0 5656744 973 6247495 81800
0 1014 0 0 5663700 976 6255159 81900
0 1015 0 0 5670545 980 6262765 82000
0 1016 0 0 5677471 981 6270471 82100
0 1018 0 0 5684543 983 6278343 82200
0 1018 0 0 5691500 984 6286090 82300
0 1019 0 0 5698421 984 6293810 82400
0 1021 0 0 5705342 985 6301465 82500
0 1021 0 0 5712275 987 6309142 82600
0 1022 0 0 5719242 987 6316967 82700
0 1023 0 0 5726215 988 6324737 82800
0 1026 0 0 5733100 989 6332527 82900
0 1030 0 0 5740105 992 6340507 83000
0 1031 0 0 5747052 995 6348344 83100
0 1032 0 0 5753912 997 6356084 83200
0 1034 0 0 5760949 998 6364048 83300
0 1036 0 0 5767748 1000 6371718 83400
0 1038 0 0 5774756 1002 6379422 83500
0 1041 0 0 5781654 1005 6387113 83600
0 1044 0 0 5788566 1007 6394734 83700
0 1045 0 0 5795446 1010 6402391 83800
0 1046 0 0 5802437 1010 6410142 83900
0 1049 0 0 5809345 1012 6417767 84000
0 1049 0 0 5816237 1015 6425390 84100
0 1050 0 0 5823187 1015 6433078 84200
0 1051 0 0 5830037 1016 6440612 84300
0 1052 0 0 5836925 1017 6448131 84400
0 1054 0 0 5843877 1019 6455638 84500
0 1056 0 0 5850736 1020 6463100 84600
0 1059 0 0 5857567 1022 6470524 84700
0 1059 0 0 5864524 1023 6478140 84800
0 1060 0 0 5871336 1026 6485744 84900
0 1060 0 0 5878354 1026 6493466 85000
0 1063 0 0 5885310 1026 6501102 85100
0 1064 0 0 5892160 1029 6508686 85200
0 1065 0 0 5899036 1030 6516220 85300
0 1065 0 0 5905983 1031 6523794 85400
0 1065 0 0 5912865 1031 6531308 85500
0 1066 0 0 5919751 1031 6538841 85600
0 1067 0 0 5926709 1032 6546562 85700
0 1068 0 0 5933692 1033 6554266 85800
0 1068 0 0 5940655 1034 6561886 85900
0 1070 0 0 5947618 1034 6569550 86000
0 1072 0 0 5954582 1036 6577286 86100
0 1074 0 0 5961493 1038 6585021 86200
0 1074 0 0 5968497 1039 6592967 86300
0 1076 0 0 5975549 1040 6601002 86400
0 1079 0 0 5982572 1043 6608964 86500
0 1083 0 0 5989534 1045 6616736 86600
0 1084 0 0 5996453 1050 6624544 86700
0 1086 0 0 6003347 1050 6632302 86800
0 1088 0 0 6010278 1053 6640003 86900
0 1090 0 0 6017212 1054 6647684 87000
0 1094 0 0 6024110 1056 6655346 87100
0 1094 0 0 6031114 1060 6663089 87200
0 1098 0 0 6038033 1060 6670722 87300
0 1099 0 0 6044847 1063 6678232 87400
0 1100 0 0 6051784 1065 6685834 87500
0 1103 0 0 6058677 1067 6693326 87600
0 1104 0 0 6065605 1069 6700958 87700
0 1106 0 0 6072494 1070 6708606 87800
0 1107 0 0 6079479 1071 6716381 87900
0 1110 0 0 6086501 1073 6724188 88000
0 1111 0 0 6093477 1075 6731969 88100
0 1113 0 0 6100343 1077 6739621 88200
0 1115 0 0 6107393 1080 6747499 88300
0 1116 0 0 6114353 1081 6755325 88400
0 1118 0 0 6121155 1082 6762896 88500
0 1120 0 0 6128117 1085 6770650 88600
0 1121 0 0 6135163 1087 6778433 88700
0 1124 0 0 6142043 1087 6785944 88800
0 1125 0 0 6148942 1090 6793466 88900
0 1128 0 0 6155740 1091 6800885 89000
0 1129 0 0 6162637 1093 6808410 89100
0 1130 0 0 6169585 1095 6816122 89200
0 1131 0 0 6176455 1096 6823693 89300
0 1133 0 0 6183365 1097 6831278 89400
0 1136 0 0 6190388 1100 6839027 89500
0 1137 0 0 6197215 1102 6846491 89600
0 1138 0 0 6204220 1103 6854146 89700
0 1139 0 0 6211026 1104 6861661 89800
0 1140 0 0 6218030 1105 6869328 89900
0 1141 0 0 6224815 1105 6876731 90000
0 1143 0 0 6231755 1108 6884361 90100
0 1145 0 0 6238664 1108 6891924 90200
0 1145 0 0 6245637 1111 6899562 90300
0 1146 0 0 6252507 1111 6907031 90400
0 1147 0 0 6259524 1112 6914650 90500
0 1148 0 0 6266549 1113 6922266 90600
0 1151 0 0 6273541 1114 6929788 90700
0 1152 0 0 6280379 1115 6937097 90800
0 1153 0 0 6287314 1117 6944642 90900
0 1153 0 0 6294278 1118 6952112 91000
0 1154 0 0 6301198 1119 6959646 91100
0 1156 0 0 6308129 1120 6967265 91200
0 1157 0 0 6315113 1121 6974954 91300
0 1159 0 0 6321956 1122 6982475 91400
0 1162 0 0 6328965 1125 6990146 91500
0 1162 0 0 6335798 1126 6997733 91600
0 1162 0 0 6342786 1127 7005421 91700
0 1164 0 0 6349766 1127 7013024 91800
0 1166 0 0 6356766 1129 7020726 91900
0 1167 0 0 6363723 1131 7028423 92000
0 1167 0 0 6370673 1132 7036013 92100
0 1169 0 0 6377634 1132 7043625 92200
0 1169 0 0 6384571 1133 7051190 92300
0 1170 0 0 6391351 1134 7058685 92400
0 1171 0 0 6398330 1135 7066257 92500
0 1171 0 0 6405201 1135 7073794 92600
0 1175 0 0 6412191 1136 7081370 92700
0 1177 0 0 6419068 1138 7088834 92800
0 1178 0 0 6426026 1141 7096324 92900
0 1179 0 0 6432937 1142 7103885 93000
0 1180 0 0 6439911 1143 7111413 93100
0 1181 0 0 6446862 1144 7118968 93200
0 1182 0 0 6453677 1145 7126450 93300
0 1182 0 0 6460686 1146 7134117 93400
0 1183 0 0 6467609 1146 7141710 93500
0 1185 0 0 6474533 1147 7149231 93600
0 1186 0 0 6481651 1148 7157024 93700
0 1187 0 0 6488457 1150 7164484 93800
0 1189 0 0 6495381 1151 7172201 93900
0 1189 0 0 6502471 1153 7180116 94000
0 1191 0 0 6509398 1153 7187847 94100
0 1194 0 0 6516371 1156 7195553 94200
0 1198 0 0 6523290 1159 7203167 94300
0 1199 0 0 6530309 1162 7210843 94400
0 1201 0 0 6537185 1163 7218418 94500
0 1202 0 0 6544286 1165 7226299 94600
0 1204 0 0 6551184 1166 7234022 94700
0 1206 0 0 6558186 1167 7241810 94800
0 1207 0 0 6565194 1169 7249572 94900
0 1209 0 0 6572094 1171 7257276 95000
0 1210 0 0 6579166 1172 7265135 95100
0 1211 0 0 6586217 1173 7273011 95200
0 1214 0 0 6593136 1176 7280680 95300
0 1216 0 0 6600118 1177 7288498 95400
0 1218 0 0 6607018 1180 7296119 95500
0 1219 0 0 6614168 1181 7304002 95600
0 1220 0 0 6620949 1182 7311469 95700
0 1221 0 0 6627874 1183 7319108 95800
0 1222 0 0 6634727 1184 7326687 95900
0 1223 0 0 6641815 1186 7334436 96000
0 1227 0 0 6648723 1188 7342043 96100
0 1227 0 0 6655544 1190 7349559 96200
0 1231 0 0 6662553 1191 7357295 96300
0 1231 0 0 6669453 1194 7364996 96400
0 1232 0 0 6676410 1194 7372738 96500
0 1233 0 0 6683621 1195 7380851 96600
0 1236 0 0 6690576 1197 7388670 96700
0 1237 0 0 6697550 1199 7396468 96800
0 1237 0 0 6704528 1200 7404241 96900
0 1238 0 0 6711473 1200 7411997 97000
0 1240 0 0 6718528 1201 7419858 97100
0 1241 0 0 6725418 1203 7427413 97200
0 1241 0 0 6732392 1203 7435065 97300
0 1242 0 0 6739339 1204 7442714 97400
0 1242 0 0 6746141 1205 7450228 97500
0 1242 0 0 6753144 1205 7458047 97600
0 1243 0 0 6760077 1206 7465712 97700
0 1244 0 0 6767066 1206 7473475 97800
0 1245 0 0 6774035 1207 7481194 97900
0 1246 0 0 6781063 1208 7488995 98000
0 1248 0 0 6788049 1209 7496781 98100
0 1248 0 0 6794954 1211 7504449 98200
0 1250 0 0 6801940 1211 7512250 98300
0 1252 0 0 6808912 1211 7519958 98400
0 1252 0 0 6815853 1215 7527591 98500
0 1254 0 0 6822815 1215 7535292 98600
0 1256 0 0 6829752 1217 7542981 98700
0 1256 0 0 6836758 1219 7550767 98800
0 1258 0 0 6843674 1219 7558504 98900
0 1259 0 0 6850682 1220 7566180 99000
0 1260 0 0 6857694 1221 7573942 99100
0 1261 0 0 6864500 1223 7581398 99200
0 1261 0 0 6871522 1224 7589064 99300
0 1265 0 0 6878443 1224 7596658 99400
0 1265 0 0 6885407 1227 7604336 99500
0 1267 0 0 6892427 1228 7612208 99600
0 1270 0 0 6899468 1231 7620097 99700
0 1270 0 0 6906424 1233 7627900 99800
0 1273 0 0 6913386 1233 7635594 99900
0 1273 0 0 6920401 1236 7643279 100000
0 1275 0 0 6927291 1236 7650847 100100
0 1278 0 0 6934243 1238 7658490 100200
0 1278 0 0 6941067 1240 7666020 100300
0 1281 0 0 6947978 1242 7673590 100400
0 1284 0 0 6954925 1244 7681171 100500
0 1285 0 0 6961796 1246 7688591 100600
0 1285 0 0 6968713 1248 7696169 100700
0 1286 0 0 6975594 1248 7703620 100800
0 1288 0 0 6982442 1249 7711073 100900
0 1289 0 0 6989356 1251 7718651 101000
0 1290 0 0 6996291 1252 7726259 101100
0 1290 0 0 7003299 1253 7733901 101200
0 1296 0 0 7010241 1253 7741492 101300
0 1298 0 0 7017258 1259 7749126 101400
0 1302 0 0 7024145 1261 7756686 101500
0 1302 0 0 7031087 1263 7764250 101600
0 1302 0 0 7038160 1265 7771938 101700
0 1305 0 0 7045103 1266 7779566 101800
0 1306 0 0 7052091 1268 7787234 101900
0 1312 0 0 7059154 1269 7795002 102000
0 1312 0 0 7066117 1275 7802785 102100
0 1314 0 0 7073127 1275 7810623 102200
0 1316 0 0 7080045 1277 7818332 102300
0 1316 0 0 7087132 1279 7826091 102400
0 1317 0 0 7094020 1279 7833638 102500
0 1319 0 0 7101053 1280 7841313 102600
0 1319 0 0 7107964 1282 7849013 102700
0 1322 0 0 7114968 1282 7856782 102800
0 1323 0 0 7121969 1284 7864564 102900
0 1323 0 0 7129020 1286 7872348 103000
0 1323 0 0 7135916 1286 7879919 103100
0 1323 0 0 7142911 1286 7887565 103200
0 1323 0 0 7149868 1286 7895150 103300
0 1324 0 0 7156823 1286 7902759 103400
0 1329 0 0 7163778 1286 7910374 103500
0 1329 0 0 7170691 1291 7917878 103600
0 1332 0 0 7177757 1292 7925576 103700
0 1333 0 0 7184675 1294 7933110 103800
0 1334 0 0 7191639 1296 7940718 103900
0 1334 0 0 7198613 1297 7948358 104000
0 1335 0 0 7205713 1297 7956126 104100
0 1336 0 0 7212595 1298 7963723 104200
0 1337 0 0 7219660 1299 7971499 104300
0 1339 0 0 7226599 1300 7979109 104400
0 1339 0 0 7233611 1301 7986741 104500
0 1340 0 0 7240548 1303 7994251 104600
0 1340 0 0 7247446 1303 8001724 104700
0 1341 0 0 7254370 1303 8009243 104800
0 1341 0 0 7261326 1304 8016766 104900
0 1341 0 0 7268194 1304 8024243 105000
0 1341 0 0 7275231 1304 8031904 105100
0 1342 0 0 7282146 1304 8039450 105200
0 1343 0 0 7289193 1305 8047135 105300
0 1344 0 0 7296168 1306 8054717 105400
0 1344 0 0 7303160 1307 8062325 105500
0 1347 0 0 7310054 1308 8069936 105600
0 1349 0 0 7317157 1310 8077791 105700
0 1350 0 0 7324123 1312 8085418 105800
0 1354 0 0 7331142 1313 8093148 105900
0 1355 0 0 7337994 1316 8100728 106000
0 1355 0 0 7345001 1318 8108503 106100
0 1356 0 0 7352025 1318 8116281 106200
0 1356 0 0 7358986 1319 8124018 106300
0 1356 0 0 7365983 1319 8131825 106400
0 1357 0 0 7373049 1319 8139716 106500
0 1358 0 0 7380011 1320 8147460 106600
0 1359 0 0 7386982 1322 8155285 106700
0 1360 0 0 7393866 1323 8163027 106800
0 1360 0 0 7400933 1323 8170864 106900
0 1362 0 0 7407919 1323 8178725 107000
0 1364 0 0 7414957 1324 8186577 107100
0 1364 0 0 7421988 1327 8194381 107200
0 1364 0 0 7428984 1327 8202137 107300
0 1364 0 0 7435946 1327 8209844 107400
0 1364 0 0 7443009 1327 8217577 107500
0 1366 0 0 7449841 1327 8225089 107600
0 1366 0 0 7456870 1329 8232875 107700
0 1366 0 0 7463875 1329 8240615 107800
0 1367 0 0 7470868 1329 8248494 107900
0 1368 0 0 7477751 1330 8256248 108000
0 1371 0 0 7484865 1330 8264288 108100
0 1372 0 0 7491850 1334 8272185 108200
0 1374 0 0 7498902 1335 8280009 108300
0 1374 0 0 7505812 1337 8287722 108400
0 1375 0 0 7512794 1337 8295467 108500
0 1375 0 0 7519746 1338 8303169 108600
0 1377 0 0 7526708 1339 8310873 108700
0 1378 0 0 7533697 1340 8318631 108800
0 1378 0 0 7540698 1340 8326388 108900
0 1378 0 0 7547761 1341 8334191 109000
0 1383 0 0 7554744 1341 8341992 109100
0 1383 0 0 7561676 1346 8349728 109200
0 1386 0 0 7568702 1346 8357575 109300
0 1387 0 0 7575739 1348 8365476 109400
0 1388 0 0 7582775 1350 8373412 109500
0 1390 0 0 7589721 1352 8381242 109600
0 1391 0 0 7596780 1354 8389046 109700
0 1391 0 0 7603803 1354 8396753 109800
0 1392 0 0 7610790 1354 8404525 109900
0 1393 0 0 7617759 1355 8412215 110000
0 1394 0 0 7624737 1356 8419931 110100
0 1394 0 0 7631819 1357 8427661 110200
0 1396 0 0 7638732 1357 8435260 110300
0 1397 0 0 7645728 1359 8442980 110400
0 1398 0 0 7652631 1359 8450637 110500
0 1400 0 0 7659633 1362 8458431 110600
0 1403 0 0 7666591 1362 8466251 110700
0 1403 0 0 7673538 1366 8473988 110800
0 1404 0 0 7680572 1366 8481814 110900
0 1407 0 0 7687514 1367 8489520 111000
0 1407 0 0 7694560 1369 8497319 111100
0 1408 0 0 7701534 1370 8505026 111200
0 1408 0 0 7708517 1370 8512738 111300
0 1408 0 0 7715488 1371 8520492 111400
0 1408 0 0 7722506 1371 8528190 111500
0 1408 0 0 7729491 1371 8535729 111600
0 1409 0 0 7736404 1371 8543252 111700
0 1410 0 0 7743453 1372 8550898 111800
0 1411 0 0 7750319 1373 8558403 111900
0 1412 0 0 7757279 1374 8565985 112000
0 1412 0 0 7764263 1375 8573617 112100
0 1413 0 0 7771222 1375 8581200 112200
0 1416 0 0 7778181 1378 8588766 112300
0 1418 0 0 7785050 1379 8596245 112400
0 1420 0 0 7792095 1382 8603850 112500
0 1421 0 0 7798955 1383 8611306 112600
0 1421 0 0 7805986 1384 8618889 112700
0 1422 0 0 7812910 1384 8626458 112800
0 1422 0 0 7819875 1385 8634011 112900
0 1423 0 0 7826908 1385 8641659 113000
0 1423 0 0 7833862 1386 8649224 113100
0 1424 0 0 7840962 1386 8656902 113200
0 1424 0 0 7847786 1387 8664426 113300
0 1425 0 0 7854937 1387 8672335 113400
0 1425 0 0 7861959 1387 8680158 113500
0 1425 0 0 7868974 1388 8687987 113600
0 1427 0 0 7876006 1388 8695845 113700
0 1428 0 0 7882976 1390 8703679 113800
0 1428 0 0 7889955 1391 8711343 113900
0 1431 0 0 7896990 1393 8719210 114000
0 1432 0 0 7904043 1394 8727035 114100
0 1433 0 0 7910992 1395 8734701 114200
0 1434 0 0 7918074 1396 8742475 114300
0 1434 0 0 7925057 1397 8750091 114400
0 1435 0 0 7932056 1397 8757824 114500
0 1435 0 0 7939053 1398 8765491 114600
0 1437 0 0 7946136 1398 8773316 114700
0 1438 0 0 7953174 1400 8781108 114800
0 1440 0 0 7960167 1400 8788851 114900
0 1442 0 0 7967207 1403 8796710 115000
0 1446 0 0 7974255 1406 8804568 115100
0 1448 0 0 7981253 1408 8812322 115200
0 1448 0 0 7988187 1411 8819992 115300
0 1450 0 0 7995495 1411 8828102 115400
0 1451 0 0 8002495 1413 8835756 115500
0 1452 0 0 8009518 1413 8843447 115600
0 1453 0 0 8016427 1416 8851044 115700
0 1456 0 0 8023360 1416 8858573 115800
0 1457 0 0 8030386 1419 8866294 115900
0 1457 0 0 8037470 1419 8874080 116000
0 1462 0 0 8044491 1421 8881907 116100
0 1463 0 0 8051549 1425 8889786 116200
0 1464 0 0 8058612 1426 8897732 116300
0 1465 0 0 8065694 1427 8905605 116400
0 1467 0 0 8072766 1428 8913503 116500
0 1470 0 0 8079773 1429 8921393 116600
0 1471 0 0 8086866 1433 8929343 116700
0 1475 0 0 8093894 1435 8937154 116800
0 1476 0 0 8100995 1437 8945089 116900
0 1476 0 0 8107996 1438 8952851 117000
0 1476 0 0 8114942 1438 8960640 117100
0 1478 0 0 8121913 1438 8968376 117200
0 1479 0 0 8128859 1439 8975997 117300
0 1479 0 0 8135795 1441 8983651 117400
0 1481 0 0 8142802 1441 8991469 117500
0 1481 0 0 8149819 1443 8999255 117600
0 1483 0 0 8156752 1443 9006938 117700
0 1484 0 0 8163605 1444 9014587 117800
0 1485 0 0 8170568 1446 9022339 117900
0 1485 0 0 8177539 1447 9030127 118000
0 1485 0 0 8184463 1447 9037839 118100
0 1487 0 0 8191545 1447 9045777 118200
0 1489 0 0 8198440 1448 9053513 118300
0 1489 0 0 8205447 1450 9061387 118400
0 1490 0 0 8212389 1450 9069127 118500
0 1492 0 0 8219418 1451 9076941 118600
0 1493 0 0 8226423 1453 9084699 118700
0 1494 0 0 8233285 1453 9092380 118800
0 1495 0 0 8240350 1455 9100208 118900
0 1496 0 0 8247216 1456 9107808 119000
0 1497 0 0 8254174 1457 9115408 119100
0 1498 0 0 8261132 1458 9123170 119200
0 1498 0 0 8268117 1459 9130974 119300
0 1499 0 0 8275145 1459 9138728 119400
0 1500 0 0 8282190 1460 9146585 119500
0 1500 0 0 8289220 1461 9154368 119600
0 1500 0 0 8296147 1461 9162108 119700
0 1502 0 0 8302977 1462 9169680 119800
0 1502 0 0 8310074 1463 9177486 119900
