0 0 0 0 0 0
0 0 0 0 0 100
0 0 1 0 3 200
0 0 2 0 4 300
0 0 3 0 5 400
0 0 3 1 5 500
0 0 5 1 5 600
0 0 6 1 6 700
0 0 7 2 7 800
0 0 10 3 8 900
0 0 12 3 10 1000
0 0 15 3 13 1100
0 0 22 4 17 1200
0 0 24 4 24 1300
0 0 36 4 26 1400
0 0 41 5 35 1500
0 0 52 5 47 1600
0 0 62 6 53 1700
0 0 75 6 65 1800
0 0 84 7 75 1900
0 0 96 7 88 2000
0 0 106 8 102 2100
0 0 124 8 114 2200
0 0 145 8 127 2300
0 0 161 9 150 2400
0 0 177 10 174 2500
0 0 190 10 190 2600
0 0 206 10 209 2700
0 0 217 11 225 2800
0 0 237 11 239 2900
0 0 254 12 259 3000
0 0 274 14 274 3100
3 0 288 15 294 3200
4 0 303 16 310 3300
4 0 321 17 327 3400
5 0 336 22 346 3500
5 0 353 23 365 3600
6 0 367 24 379 3700
9 0 384 25 395 3800
9 0 395 26 415 3900
10 0 405 26 426 4000
11 0 418 27 442 4100
11 0 437 27 450 4200
11 0 443 29 464 4300
12 0 457 31 482 4400
12 0 467 31 487 4500
14 0 479 33 500 4600
15 0 489 34 509 4700
15 0 505 34 524 4800
15 0 522 35 536 4900
16 0 528 35 550 5000
18 0 538 37 563 5100
18 0 546 38 576 5200
18 0 563 40 585 5300
19 0 572 40 596 5400
19 0 583 40 612 5500
20 0 590 42 623 5600
21 0 594 42 632 5700
21 0 605 44 641 5800
21 0 616 44 648 5900
21 0 628 45 663 6000
21 0 644 47 670 6100
21 0 655 48 689 6200
21 0 666 49 699 6300
21 0 683 50 712 6400
21 0 699 50 729 6500
21 1 713 51 741 6600
21 1 724 52 759 6700
21 1 736 55 766 6800
21 1 744 57 783 6900
21 1 758 60 792 7000
21 1 771 62 809 7100
22 1 785 64 821 7200
23 1 797 64 838 7300
25 1 810 65 850 7400
26 1 819 66 864 7500
27 1 831 69 874 7600
27 1 845 69 889 7700
27 1 857 69 898 7800
27 1 866 72 915 7900
28 1 878 73 924 8000
28 1 895 74 936 8100
28 1 912 76 947 8200
29 1 926 76 965 8300
29 2 937 77 982 8400
30 2 956 78 997 8500
30 2 969 79 1015 8600
30 2 980 80 1031 8700
31 2 996 84 1049 8800
32 2 1004 84 1064 8900
32 2 1017 85 1076 9000
32 2 1027 86 1088 9100
32 2 1040 88 1093 9200
32 2 1052 91 1106 9300
33 2 1065 92 1121 9400
33 2 1078 94 1133 9500
34 2 1091 95 1143 9600
35 2 1102 98 1156 9700
37 2 1115 100 1168 9800
39 2 1124 106 1181 9900
39 2 1135 108 1193 10000
39 3 1152 109 1205 10100
39 3 1162 110 1217 10200
39 3 1168 110 1233 10300
41 3 1183 111 1241 10400
43 3 1194 111 1248 10500
44 4 1208 112 1264 10600
47 4 1215 112 1273 10700
48 5 1226 113 1289 10800
49 5 1239 115 1298 10900
50 5 1251 117 1310 11000
51 5 1263 119 1330 11100
52 5 1271 119 1339 11200
53 5 1281 120 1351 11300
54 5 1293 123 1360 11400
54 5 1302 124 1375 11500
54 5 1315 126 1388 11600
55 5 1332 126 1395 11700
56 5 1343 127 1414 11800
57 5 1358 127 1428 11900
57 5 1374 128 1441 12000
58 5 1381 129 1463 12100
60 7 1395 130 1478 12200
61 7 1403 131 1496 12300
61 7 1419 133 1509 12400
63 7 1431 133 1525 12500
64 8 1445 135 1540 12600
65 8 1457 135 1552 12700
66 8 1472 137 1566 12800
67 9 1484 138 1583 12900
68 9 1497 139 1596 13000
68 9 1505 141 1610 13100
68 9 1517 142 1623 13200
68 11 1534 143 1639 13300
69 11 1543 143 1652 13400
69 11 1557 144 1663 13500
69 11 1565 145 1682 13600
70 11 1583 148 1692 13700
72 12 1592 151 1704 13800
72 12 1607 153 1723 13900
73 12 1618 155 1734 14000
74 12 1629 156 1747 14100
74 12 1646 159 1756 14200
75 13 1653 162 1773 14300
75 13 1663 163 1786 14400
76 13 1682 164 1795 14500
77 13 1691 165 1809 14600
78 13 1703 169 1823 14700
79 13 1723 170 1832 14800
79 13 1735 171 1842 14900
79 13 1745 172 1864 15000
79 13 1756 174 1873 15100
81 13 1768 175 1886 15200
81 13 1780 175 1897 15300
82 13 1786 177 1911 15400
82 13 1800 177 1922 15500
82 13 1816 177 1930 15600
84 13 1824 179 1946 15700
84 13 1836 181 1961 15800
84 13 1842 182 1970 15900
87 13 1856 183 1982 16000
89 13 1862 185 1990 16100
89 13 1869 185 1995 16200
90 13 1873 191 2005 16300
91 13 1887 192 2017 16400
91 14 1896 193 2027 16500
91 14 1905 194 2038 16600
91 14 1914 195 2053 16700
91 14 1923 195 2059 16800
92 14 1933 195 2067 16900
92 14 1940 198 2078 17000
93 14 1947 198 2086 17100
97 14 1952 200 2089 17200
98 14 1961 204 2098 17300
99 14 1971 206 2106 17400
100 14 1978 208 2119 17500
100 14 1989 208 2131 17600
102 14 2002 208 2139 17700
102 14 2008 209 2153 17800
103 14 2019 211 2162 17900
104 14 2024 212 2176 18000
106 14 2035 215 2185 18100
107 14 2045 217 2198 18200
108 14 2054 217 2207 18300
109 14 2062 219 2223 18400
110 14 2073 220 2235 18500
110 14 2080 221 2244 18600
110 14 2086 225 2254 18700
110 14 2095 225 2263 18800
111 14 2106 226 2271 18900
111 14 2114 228 2282 19000
112 14 2124 228 2297 19100
113 14 2140 229 2302 19200
114 15 2150 230 2318 19300
114 15 2154 232 2329 19400
115 15 2165 233 2341 19500
116 15 2173 233 2357 19600
117 15 2181 233 2363 19700
117 15 2186 234 2377 19800
118 15 2203 234 2383 19900
118 15 2212 234 2394 20000
118 15 2224 234 2409 20100
120 15 2231 235 2416 20200
120 15 2238 235 2429 20300
120 15 2245 236 2436 20400
121 15 2253 237 2445 20500
121 15 2264 238 2449 20600
123 15 2269 238 2462 20700
125 15 2278 238 2470 20800
125 15 2285 239 2481 20900
127 15 2302 240 2485 21000
127 15 2305 244 2500 21100
128 15 2312 245 2512 21200
130 15 2324 246 2520 21300
130 15 2333 246 2531 21400
131 15 2339 246 2543 21500
132 15 2344 246 2551 21600
132 15 2355 247 2556 21700
133 15 2362 247 2565 21800
133 16 2370 248 2572 21900
133 16 2379 249 2581 22000
133 16 2385 250 2588 22100
133 16 2395 252 2595 22200
133 16 2404 253 2605 22300
133 16 2409 254 2615 22400
133 16 2424 255 2625 22500
134 16 2430 255 2633 22600
134 16 2440 256 2643 22700
135 16 2448 261 2651 22800
136 16 2451 261 2662 22900
136 16 2461 261 2671 23000
136 17 2467 261 2675 23100
137 17 2474 263 2688 23200
138 17 2483 263 2697 23300
138 17 2494 264 2708 23400
138 17 2499 265 2713 23500
138 17 2508 267 2722 23600
139 17 2512 268 2730 23700
139 17 2516 270 2737 23800
139 17 2519 270 2744 23900
139 17 2527 270 2746 24000
139 17 2535 271 2751 24100
139 17 2541 271 2762 24200
139 17 2549 272 2772 24300
139 17 2556 272 2781 24400
141 17 2572 273 2788 24500
142 18 2578 274 2803 24600
142 18 2589 274 2810 24700
142 18 2600 275 2823 24800
142 19 2610 277 2837 24900
143 19 2621 278 2845 25000
144 19 2629 278 2857 25100
145 19 2636 279 2871 25200
145 19 2644 280 2881 25300
146 19 2650 284 2886 25400
147 19 2659 286 2896 25500
148 19 2672 287 2905 25600
148 19 2684 288 2912 25700
149 19 2695 291 2924 25800
149 19 2700 292 2936 25900
150 19 2709 294 2945 26000
150 19 2720 295 2952 26100
151 19 2734 296 2963 26200
152 19 2741 297 2976 26300
153 19 2747 297 2987 26400
153 20 2758 297 2996 26500
153 20 2768 298 3006 26600
153 20 2775 299 3016 26700
153 20 2788 300 3023 26800
154 20 2795 303 3028 26900
155 20 2802 304 3041 27000
156 20 2810 307 3045 27100
157 20 2820 310 3051 27200
157 20 2831 313 3057 27300
158 21 2838 316 3072 27400
158 21 2844 317 3080 27500
158 21 2854 319 3091 27600
159 21 2857 321 3100 27700
159 21 2873 322 3110 27800
159 21 2880 323 3117 27900
159 22 2887 323 3130 28000
159 22 2898 325 3140 28100
160 22 2903 326 3150 28200
160 22 2907 326 3158 28300
161 22 2916 328 3168 28400
162 22 2922 328 3174 28500
164 22 2930 331 3182 28600
165 22 2939 333 3191 28700
166 22 2945 333 3198 28800
166 22 2953 333 3209 28900
166 22 2961 335 3217 29000
167 22 2967 335 3224 29100
167 22 2976 336 3231 29200
168 23 2986 338 3239 29300
169 23 2989 341 3248 29400
170 23 3000 342 3256 29500
171 23 3006 343 3263 29600
172 23 3013 344 3270 29700
173 23 3022 345 3277 29800
173 23 3032 346 3284 29900
173 23 3038 346 3295 30000
174 23 3051 348 3306 30100
175 24 3055 350 3318 30200
175 24 3061 354 3328 30300
175 24 3072 355 3335 30400
176 24 3078 359 3341 30500
177 24 3082 361 3350 30600
178 24 3089 364 3353 30700
178 24 3094 364 3361 30800
179 24 3100 365 3370 30900
180 24 3108 365 3378 31000
181 24 3111 365 3385 31100
182 25 3125 367 3390 31200
182 25 3129 368 3399 31300
182 25 3134 369 3406 31400
182 25 3145 370 3415 31500
183 25 3152 370 3424 31600
183 25 3161 370 3430 31700
184 25 3169 373 3438 31800
185 25 3173 373 3444 31900
186 26 3179 375 3450 32000
186 26 3185 376 3459 32100
187 27 3192 376 3469 32200
187 27 3197 378 3476 32300
188 27 3204 378 3481 32400
188 27 3211 378 3491 32500
189 27 3218 380 3495 32600
189 27 3223 380 3508 32700
189 27 3230 381 3512 32800
190 27 3230 381 3517 32900
193 27 3233 383 3522 33000
193 27 3237 385 3529 33100
194 27 3246 386 3536 33200
196 27 3253 387 3542 33300
197 27 3260 391 3551 33400
198 27 3266 392 3558 33500
200 27 3277 394 3569 33600
200 27 3283 395 3579 33700
201 28 3298 395 3595 33800
202 28 3310 397 3604 33900
202 28 3317 397 3616 34000
202 28 3324 399 3630 34100
202 28 3339 401 3638 34200
202 28 3342 401 3646 34300
202 28 3349 402 3658 34400
202 28 3355 404 3664 34500
202 28 3359 405 3669 34600
202 28 3371 406 3674 34700
202 28 3374 406 3680 34800
202 28 3381 407 3688 34900
203 29 3384 407 3696 35000
203 29 3394 407 3701 35100
204 29 3399 407 3711 35200
204 29 3403 409 3722 35300
204 29 3413 409 3727 35400
204 29 3423 411 3731 35500
205 29 3426 413 3736 35600
205 29 3434 413 3743 35700
206 29 3438 415 3750 35800
207 29 3445 415 3757 35900
207 29 3449 416 3766 36000
207 29 3456 416 3769 36100
207 29 3463 417 3774 36200
208 29 3467 422 3781 36300
208 29 3472 422 3788 36400
208 29 3479 423 3796 36500
208 29 3485 426 3796 36600
208 29 3491 426 3804 36700
211 29 3505 426 3812 36800
212 29 3511 428 3817 36900
212 29 3514 430 3833 37000
212 29 3530 431 3838 37100
212 29 3536 432 3843 37200
213 29 3542 432 3857 37300
214 29 3552 432 3862 37400
215 29 3560 432 3872 37500
215 29 3565 432 3882 37600
218 29 3575 433 3890 37700
218 30 3579 435 3900 37800
220 31 3590 437 3906 37900
222 31 3597 437 3921 38000
224 31 3604 437 3927 38100
225 31 3608 437 3936 38200
225 31 3615 437 3948 38300
225 31 3622 437 3955 38400
228 31 3629 437 3963 38500
228 31 3637 437 3968 38600
229 31 3640 437 3981 38700
231 31 3645 437 3986 38800
231 31 3652 439 3994 38900
231 31 3657 440 3998 39000
231 31 3662 440 4009 39100
231 31 3669 441 4011 39200
231 31 3671 441 4019 39300
232 31 3677 442 4022 39400
232 32 3685 443 4024 39500
232 32 3690 444 4036 39600
232 32 3699 444 4040 39700
233 32 3703 444 4052 39800
233 33 3709 444 4063 39900
234 33 3717 444 4068 40000
235 33 3719 444 4074 40100
235 33 3723 444 4079 40200
235 33 3728 445 4082 40300
236 33 3735 445 4089 40400
236 33 3750 446 4094 40500
236 33 3755 446 4103 40600
240 33 3764 450 4117 40700
240 33 3771 452 4123 40800
241 33 3774 454 4131 40900
241 34 3782 458 4137 41000
241 34 3787 460 4145 41100
241 34 3796 461 4151 41200
242 34 3800 462 4162 41300
244 35 3809 463 4167 41400
244 35 3812 463 4175 41500
245 35 3823 465 4182 41600
246 35 3828 466 4186 41700
247 35 3833 468 4199 41800
248 35 3842 469 4205 41900
250 36 3850 470 4212 42000
251 36 3854 470 4224 42100
253 36 3858 471 4230 42200
253 36 3863 471 4234 42300
253 36 3871 473 4239 42400
253 37 3876 475 4248 42500
253 37 3882 476 4255 42600
253 37 3887 476 4260 42700
253 37 3894 478 4266 42800
254 37 3901 479 4274 42900
254 37 3905 479 4281 43000
255 37 3914 485 4286 43100
256 37 3918 486 4293 43200
258 37 3924 487 4299 43300
258 38 3934 489 4306 43400
259 38 3942 489 4314 43500
261 38 3954 491 4326 43600
261 38 3962 492 4337 43700
261 38 3973 496 4347 43800
261 38 3981 498 4359 43900
262 38 3989 498 4368 44000
264 38 3993 500 4379 44100
265 38 4003 501 4388 44200
267 38 4010 502 4397 44300
267 38 4016 504 4407 44400
267 38 4024 505 4414 44500
270 38 4030 507 4423 44600
271 38 4031 507 4429 44700
274 38 4040 507 4435 44800
276 38 4045 509 4444 44900
276 38 4048 509 4455 45000
277 38 4053 509 4460 45100
278 38 4057 511 4465 45200
281 38 4063 511 4470 45300
283 38 4071 512 4476 45400
284 39 4080 512 4485 45500
285 39 4084 515 4490 45600
285 40 4087 515 4503 45700
285 40 4095 515 4510 45800
285 40 4096 516 4520 45900
288 40 4101 516 4523 46000
288 40 4108 517 4529 46100
291 40 4114 518 4537 46200
291 40 4118 518 4543 46300
292 40 4124 519 4548 46400
292 40 4130 520 4552 46500
292 40 4134 520 4558 46600
292 40 4143 520 4563 46700
293 41 4147 521 4569 46800
295 41 4149 521 4578 46900
296 41 4155 522 4585 47000
298 41 4161 522 4591 47100
299 41 4169 523 4597 47200
299 42 4179 523 4604 47300
300 42 4184 523 4615 47400
301 42 4194 525 4624 47500
302 42 4197 525 4632 47600
304 42 4205 526 4639 47700
306 42 4213 527 4642 47800
309 43 4217 528 4652 47900
309 43 4226 532 4663 48000
309 44 4230 533 4669 48100
309 44 4238 537 4679 48200
309 45 4243 541 4685 48300
310 45 4248 541 4691 48400
312 45 4256 542 4698 48500
315 45 4261 543 4703 48600
316 45 4273 544 4714 48700
319 45 4280 549 4722 48800
320 45 4287 549 4733 48900
320 45 4293 550 4741 49000
320 45 4298 550 4751 49100
320 45 4305 551 4760 49200
320 45 4312 553 4764 49300
320 45 4316 555 4776 49400
322 45 4323 557 4779 49500
323 45 4331 561 4788 49600
323 45 4334 562 4794 49700
324 45 4339 563 4800 49800
325 45 4345 565 4806 49900
328 45 4348 565 4812 50000
328 45 4351 565 4818 50100
328 45 4358 566 4823 50200
329 45 4362 568 4828 50300
329 45 4367 569 4833 50400
330 46 4372 571 4837 50500
330 46 4377 571 4848 50600
330 46 4383 571 4853 50700
330 47 4390 572 4857 50800
331 47 4393 572 4865 50900
331 47 4401 573 4870 51000
333 47 4404 573 4875 51100
334 47 4410 575 4882 51200
334 47 4412 576 4892 51300
334 48 4413 576 4898 51400
337 48 4416 576 4901 51500
338 48 4419 576 4906 51600
338 48 4422 576 4912 51700
338 48 4427 576 4917 51800
338 48 4431 576 4920 51900
340 48 4437 577 4924 52000
340 48 4445 577 4930 52100
340 48 4448 579 4936 52200
340 48 4452 580 4943 52300
341 48 4456 582 4948 52400
342 48 4459 583 4956 52500
343 48 4465 583 4958 52600
343 48 4469 585 4960 52700
345 48 4473 587 4970 52800
348 48 4478 587 4975 52900
348 48 4483 588 4981 53000
349 48 4486 588 4985 53100
350 49 4493 589 4991 53200
351 49 4498 589 5001 53300
351 49 4507 589 5008 53400
352 49 4512 589 5013 53500
352 49 4516 589 5024 53600
354 50 4520 590 5026 53700
354 50 4525 590 5033 53800
354 50 4529 591 5039 53900
354 50 4533 592 5045 54000
356 50 4538 593 5049 54100
358 50 4542 593 5055 54200
359 51 4545 594 5060 54300
359 51 4548 595 5063 54400
360 51 4553 595 5066 54500
364 51 4558 595 5072 54600
365 53 4559 596 5080 54700
365 53 4562 596 5086 54800
366 54 4564 596 5089 54900
368 55 4568 597 5095 55000
369 55 4571 597 5100 55100
369 56 4575 598 5107 55200
370 57 4577 599 5113 55300
372 57 4580 600 5118 55400
373 57 4584 600 5120 55500
374 57 4587 602 5124 55600
376 57 4590 602 5133 55700
377 57 4594 602 5137 55800
378 58 4596 602 5140 55900
378 59 4602 602 5149 56000
378 59 4605 602 5153 56100
379 59 4608 602 5158 56200
379 60 4609 602 5165 56300
379 60 4617 602 5167 56400
379 60 4620 603 5173 56500
379 61 4627 603 5177 56600
380 61 4629 604 5180 56700
380 61 4634 605 5189 56800
382 61 4642 606 5194 56900
382 61 4646 607 5203 57000
383 61 4655 608 5210 57100
386 62 4662 610 5221 57200
388 62 4671 612 5228 57300
388 63 4674 612 5240 57400
388 63 4688 614 5248 57500
389 64 4696 615 5256 57600
390 64 4702 618 5268 57700
392 65 4710 619 5277 57800
392 65 4716 620 5284 57900
393 65 4721 621 5291 58000
393 65 4725 621 5296 58100
394 65 4728 624 5299 58200
395 65 4733 628 5304 58300
396 65 4738 629 5311 58400
396 65 4746 631 5318 58500
396 65 4752 631 5324 58600
396 66 4756 632 5329 58700
397 66 4763 632 5337 58800
398 66 4773 633 5342 58900
399 66 4778 633 5350 59000
400 66 4784 634 5359 59100
400 66 4790 636 5366 59200
401 66 4798 636 5371 59300
401 66 4802 637 5380 59400
403 66 4810 637 5386 59500
403 66 4816 638 5391 59600
404 66 4818 639 5401 59700
405 66 4824 640 5405 59800
406 66 4829 640 5411 59900
408 66 4833 641 5418 60000
409 66 4834 642 5425 60100
410 66 4840 642 5429 60200
411 66 4843 643 5434 60300
411 66 4854 643 5439 60400
413 66 4858 644 5447 60500
413 66 4863 645 5459 60600
413 66 4870 647 5462 60700
416 66 4875 649 5474 60800
417 66 4880 649 5480 60900
417 66 4887 650 5490 61000
417 66 4890 650 5496 61100
418 66 4896 650 5500 61200
419 67 4901 650 5508 61300
419 67 4909 650 5512 61400
420 67 4912 650 5519 61500
421 67 4916 651 5527 61600
422 67 4922 651 5529 61700
424 67 4924 651 5535 61800
425 67 4926 653 5538 61900
425 67 4933 654 5541 62000
425 67 4940 654 5544 62100
426 67 4944 655 5550 62200
426 67 4947 657 5557 62300
426 67 4951 657 5564 62400
427 67 4957 657 5571 62500
430 67 4962 657 5576 62600
432 67 4966 659 5584 62700
434 67 4970 661 5587 62800
434 67 4973 662 5592 62900
436 67 4974 663 5597 63000
438 67 4978 664 5601 63100
438 67 4983 664 5604 63200
439 67 4988 664 5609 63300
439 67 4990 665 5616 63400
439 67 4992 666 5619 63500
439 67 4995 666 5622 63600
439 67 4996 668 5627 63700
439 67 5002 668 5629 63800
439 67 5004 668 5630 63900
440 68 5007 669 5634 64000
441 68 5011 671 5638 64100
444 68 5017 672 5640 64200
445 68 5018 673 5649 64300
445 68 5026 673 5658 64400
445 68 5031 673 5663 64500
447 68 5036 673 5674 64600
448 68 5044 673 5678 64700
448 68 5049 674 5685 64800
448 68 5052 677 5690 64900
448 68 5055 679 5696 65000
449 68 5060 680 5699 65100
449 69 5062 681 5706 65200
450 70 5068 682 5710 65300
450 70 5072 683 5714 65400
452 70 5077 684 5719 65500
452 71 5084 685 5722 65600
452 73 5086 686 5729 65700
452 73 5089 688 5733 65800
452 73 5095 689 5736 65900
454 73 5096 689 5739 66000
456 73 5098 691 5746 66100
456 73 5100 691 5751 66200
456 74 5103 692 5756 66300
459 74 5104 694 5758 66400
460 74 5105 694 5764 66500
460 74 5112 695 5766 66600
460 74 5118 695 5775 66700
460 75 5124 695 5782 66800
460 75 5126 696 5788 66900
462 75 5135 696 5793 67000
463 75 5138 696 5799 67100
463 75 5140 697 5807 67200
465 75 5148 698 5809 67300
465 75 5149 701 5812 67400
466 76 5156 701 5821 67500
467 76 5162 701 5831 67600
468 76 5167 702 5840 67700
468 77 5174 703 5845 67800
469 77 5177 703 5856 67900
469 77 5180 704 5858 68000
471 78 5185 705 5864 68100
471 78 5186 707 5865 68200
473 78 5190 708 5870 68300
474 78 5192 708 5874 68400
474 78 5196 710 5878 68500
476 78 5201 710 5882 68600
476 78 5203 712 5888 68700
476 78 5205 712 5890 68800
476 78 5207 713 5894 68900
477 78 5211 713 5896 69000
478 79 5215 713 5901 69100
478 79 5217 714 5907 69200
478 79 5225 714 5913 69300
479 79 5229 716 5920 69400
479 79 5235 718 5929 69500
479 79 5241 718 5936 69600
480 79 5244 718 5945 69700
480 79 5252 720 5950 69800
481 80 5257 720 5959 69900
481 80 5261 721 5971 70000
482 80 5266 722 5975 70100
482 80 5269 722 5981 70200
482 80 5277 723 5983 70300
482 80 5282 725 5988 70400
484 80 5285 726 5999 70500
485 81 5287 728 6004 70600
485 81 5291 728 6010 70700
486 81 5296 728 6012 70800
487 81 5298 731 6019 70900
487 81 5304 731 6024 71000
487 81 5307 731 6029 71100
487 81 5314 732 6033 71200
488 81 5318 733 6038 71300
489 81 5325 735 6044 71400
489 82 5329 735 6052 71500
490 84 5335 736 6062 71600
493 84 5341 737 6067 71700
494 84 5343 739 6077 71800
497 84 5343 741 6083 71900
497 85 5348 743 6090 72000
497 85 5354 744 6094 72100
498 86 5357 745 6103 72200
498 87 5362 745 6107 72300
499 87 5365 745 6114 72400
499 87 5372 746 6120 72500
500 87 5376 747 6124 72600
501 87 5380 748 6129 72700
501 87 5384 751 6136 72800
501 87 5389 752 6144 72900
502 87 5393 754 6148 73000
502 87 5398 754 6154 73100
505 87 5403 755 6158 73200
505 87 5408 757 6165 73300
506 87 5415 759 6172 73400
507 87 5422 759 6179 73500
510 87 5428 760 6190 73600
512 88 5431 760 6194 73700
513 88 5435 761 6204 73800
514 89 5441 761 6208 73900
514 89 5445 761 6216 74000
515 90 5454 763 6223 74100
516 90 5461 764 6231 74200
516 90 5469 765 6239 74300
518 91 5476 766 6244 74400
519 91 5482 767 6249 74500
519 91 5489 770 6257 74600
522 93 5491 773 6267 74700
523 93 5498 774 6275 74800
523 94 5500 775 6279 74900
524 94 5511 777 6284 75000
524 94 5517 778 6292 75100
524 94 5527 782 6298 75200
525 94 5531 782 6308 75300
526 94 5536 782 6318 75400
526 94 5540 783 6323 75500
527 95 5541 783 6334 75600
528 95 5542 783 6335 75700
529 96 5545 783 6338 75800
529 96 5551 786 6344 75900
530 96 5555 786 6350 76000
530 96 5559 786 6353 76100
531 96 5562 786 6360 76200
532 96 5565 787 6365 76300
532 96 5575 790 6370 76400
533 96 5579 791 6373 76500
534 96 5586 793 6383 76600
535 97 5589 796 6388 76700
535 98 5594 796 6392 76800
535 98 5597 798 6395 76900
536 98 5603 798 6402 77000
538 98 5608 799 6408 77100
538 98 5613 799 6415 77200
538 98 5617 799 6419 77300
538 98 5620 801 6423 77400
539 98 5629 801 6428 77500
540 98 5634 803 6436 77600
543 98 5641 803 6439 77700
543 98 5644 805 6448 77800
544 98 5648 806 6452 77900
544 99 5650 806 6460 78000
545 100 5655 806 6461 78100
546 100 5658 808 6465 78200
547 100 5662 809 6471 78300
549 100 5671 811 6474 78400
549 100 5672 811 6482 78500
549 101 5680 814 6485 78600
549 101 5683 814 6491 78700
549 102 5686 814 6493 78800
550 102 5690 816 6500 78900
551 102 5694 817 6503 79000
551 103 5695 820 6510 79100
552 103 5703 820 6515 79200
555 103 5708 821 6520 79300
555 103 5713 822 6525 79400
555 105 5717 823 6539 79500
555 105 5723 825 6546 79600
557 105 5732 825 6555 79700
558 105 5739 826 6558 79800
558 105 5742 829 6568 79900
560 105 5752 831 6574 80000
561 105 5753 831 6581 80100
562 106 5757 832 6591 80200
563 107 5759 832 6597 80300
565 107 5761 833 6602 80400
565 107 5764 834 6603 80500
565 107 5765 835 6607 80600
566 108 5768 835 6614 80700
568 108 5779 836 6619 80800
570 109 5783 836 6627 80900
570 109 5786 836 6636 81000
572 109 5794 836 6644 81100
573 109 5798 836 6651 81200
574 109 5807 836 6656 81300
576 109 5812 839 6665 81400
577 109 5816 839 6671 81500
580 109 5821 841 6676 81600
580 109 5824 843 6680 81700
580 109 5829 843 6684 81800
581 110 5834 845 6689 81900
581 111 5838 845 6699 82000
581 111 5842 846 6703 82100
583 111 5850 848 6705 82200
583 111 5857 848 6710 82300
584 112 5863 849 6719 82400
586 112 5870 853 6725 82500
589 112 5876 853 6733 82600
590 112 5881 854 6743 82700
590 113 5888 857 6754 82800
591 113 5889 858 6758 82900
592 113 5899 860 6764 83000
592 113 5904 863 6770 83100
592 113 5906 864 6775 83200
593 113 5911 864 6781 83300
594 113 5918 866 6785 83400
598 113 5924 870 6789 83500
599 113 5928 870 6796 83600
599 113 5936 872 6804 83700
600 113 5941 872 6814 83800
602 113 5947 873 6817 83900
602 113 5949 873 6828 84000
603 113 5958 874 6832 84100
605 113 5962 874 6839 84200
605 114 5966 874 6847 84300
606 114 5971 874 6851 84400
608 114 5976 875 6857 84500
608 114 5980 876 6864 84600
610 114 5984 878 6873 84700
610 114 5988 878 6876 84800
610 114 5993 880 6882 84900
612 114 5997 880 6884 85000
613 114 6001 882 6889 85100
615 114 6004 884 6897 85200
615 114 6008 884 6901 85300
616 115 6011 885 6908 85400
617 115 6012 886 6911 85500
618 115 6015 888 6918 85600
621 116 6017 888 6924 85700
621 116 6022 889 6926 85800
621 116 6024 889 6931 85900
622 116 6028 890 6937 86000
622 116 6034 890 6944 86100
622 117 6038 891 6946 86200
622 117 6044 892 6953 86300
624 117 6047 893 6958 86400
624 117 6050 894 6964 86500
626 118 6053 894 6972 86600
626 118 6057 894 6975 86700
627 118 6059 898 6979 86800
629 119 6063 901 6984 86900
630 119 6068 903 6990 87000
630 119 6070 903 6996 87100
631 119 6072 903 7001 87200
631 119 6077 903 7004 87300
631 119 6078 904 7008 87400
631 120 6079 904 7011 87500
632 121 6080 904 7011 87600
632 122 6083 904 7013 87700
632 122 6086 906 7015 87800
633 122 6089 906 7020 87900
633 122 6092 907 7023 88000
633 123 6096 907 7027 88100
634 123 6104 908 7030 88200
635 123 6107 908 7037 88300
636 123 6112 908 7044 88400
638 123 6117 909 7048 88500
640 123 6126 909 7057 88600
640 123 6129 909 7065 88700
641 123 6133 910 7070 88800
642 123 6134 911 7074 88900
643 123 6135 911 7079 89000
643 123 6141 911 7083 89100
644 123 6145 911 7087 89200
647 123 6149 912 7091 89300
650 123 6155 914 7096 89400
650 123 6160 915 7102 89500
652 123 6163 917 7106 89600
652 123 6169 918 7111 89700
654 124 6173 919 7120 89800
655 124 6176 920 7124 89900
656 125 6179 921 7126 90000
659 125 6182 923 7131 90100
659 125 6188 924 7137 90200
662 125 6191 924 7142 90300
662 125 6195 924 7149 90400
664 126 6199 924 7156 90500
667 126 6204 925 7162 90600
669 126 6208 925 7172 90700
670 126 6213 925 7174 90800
672 127 6216 927 7183 90900
673 127 6223 929 7190 91000
674 127 6228 930 7195 91100
676 127 6231 930 7206 91200
680 127 6235 932 7208 91300
681 128 6238 934 7212 91400
685 128 6241 937 7217 91500
687 128 6242 938 7224 91600
689 128 6247 938 7229 91700
690 128 6251 938 7230 91800
691 128 6255 940 7238 91900
692 128 6263 940 7242 92000
693 128 6267 941 7250 92100
693 128 6270 943 7256 92200
693 128 6274 943 7263 92300
694 128 6277 944 7272 92400
697 128 6279 944 7276 92500
697 128 6281 944 7281 92600
698 128 6285 946 7283 92700
699 128 6289 946 7286 92800
701 128 6291 946 7289 92900
701 128 6294 946 7294 93000
704 128 6297 946 7300 93100
705 129 6297 946 7304 93200
705 130 6300 948 7306 93300
706 130 6304 948 7308 93400
706 130 6308 948 7313 93500
706 130 6311 948 7317 93600
707 130 6314 949 7319 93700
709 130 6321 949 7322 93800
710 131 6323 949 7326 93900
710 132 6327 949 7335 94000
712 132 6329 950 7339 94100
713 132 6335 950 7342 94200
713 133 6338 950 7348 94300
713 133 6343 950 7353 94400
713 134 6346 951 7358 94500
714 134 6352 952 7363 94600
714 134 6353 952 7370 94700
716 134 6356 952 7371 94800
719 135 6358 952 7375 94900
719 136 6362 953 7377 95000
721 137 6366 954 7384 95100
723 137 6372 954 7390 95200
723 137 6374 954 7395 95300
727 137 6378 958 7398 95400
727 137 6381 959 7403 95500
727 139 6386 959 7408 95600
727 139 6390 959 7411 95700
728 139 6397 959 7416 95800
728 139 6404 959 7422 95900
730 140 6407 961 7431 96000
730 140 6409 961 7442 96100
733 143 6409 961 7450 96200
733 143 6411 961 7454 96300
735 143 6413 961 7458 96400
735 143 6416 965 7460 96500
737 143 6416 965 7467 96600
739 143 6420 965 7470 96700
741 143 6427 966 7475 96800
744 143 6430 966 7482 96900
745 144 6435 967 7489 97000
746 144 6440 967 7495 97100
747 144 6446 968 7498 97200
747 144 6451 970 7504 97300
747 144 6458 971 7508 97400
749 144 6462 971 7517 97500
750 144 6468 973 7520 97600
750 144 6473 973 7525 97700
752 144 6477 974 7529 97800
756 144 6481 974 7535 97900
756 144 6483 974 7544 98000
759 145 6487 975 7547 98100
760 146 6491 978 7551 98200
761 147 6496 978 7556 98300
762 147 6498 979 7562 98400
762 147 6501 979 7565 98500
762 148 6503 980 7569 98600
764 148 6507 983 7569 98700
764 148 6508 983 7577 98800
765 149 6512 984 7578 98900
765 149 6517 985 7583 99000
766 149 6519 985 7591 99100
766 150 6522 985 7596 99200
768 150 6524 985 7601 99300
769 150 6526 986 7606 99400
771 150 6531 986 7609 99500
771 151 6533 988 7616 99600
771 152 6539 988 7621 99700
771 152 6542 988 7625 99800
771 153 6545 988 7631 99900
0 0 5 0 0 0
0 0 6 0 3 100
0 0 8 0 6 200
0 0 12 0 8 300
0 0 14 0 10 400
0 0 16 1 11 500
0 0 20 3 13 600
0 0 21 4 16 700
0 0 25 4 17 800
0 0 27 4 20 900
0 0 34 5 21 1000
0 0 41 6 25 1100
0 0 44 6 30 1200
0 0 49 6 35 1300
0 0 57 6 38 1400
0 0 65 6 43 1500
0 0 74 6 53 1600
0 0 85 6 61 1700
0 0 99 6 68 1800
0 0 109 6 79 1900
0 0 124 6 93 2000
0 0 133 7 103 2100
1 0 143 7 118 2200
1 0 157 9 131 2300
1 0 168 9 142 2400
2 0 175 11 151 2500
2 0 189 12 161 2600
2 0 200 13 173 2700
2 0 212 14 186 2800
3 0 229 16 198 2900
3 0 243 17 210 3000
4 0 254 19 228 3100
5 0 267 19 236 3200
6 0 278 23 256 3300
7 0 296 23 269 3400
7 0 309 24 284 3500
7 0 317 25 300 3600
7 0 329 28 313 3700
7 0 341 28 323 3800
7 0 358 30 334 3900
7 0 371 31 344 4000
7 0 380 32 359 4100
7 0 398 35 367 4200
7 0 407 37 384 4300
9 0 425 38 393 4400
11 0 438 39 406 4500
11 0 449 42 424 4600
11 0 465 42 438 4700
14 1 480 43 456 4800
17 1 494 45 471 4900
17 1 507 46 488 5000
17 1 525 50 497 5100
18 1 537 52 511 5200
18 1 552 54 533 5300
19 1 565 55 543 5400
20 1 579 56 562 5500
22 1 596 57 573 5600
23 1 607 59 594 5700
25 1 622 60 612 5800
26 1 629 61 625 5900
26 1 644 62 641 6000
26 1 656 64 652 6100
26 1 664 66 667 6200
27 1 677 68 674 6300
29 1 684 69 686 6400
29 1 693 72 694 6500
31 1 707 74 707 6600
31 1 712 75 714 6700
31 1 724 75 728 6800
31 1 733 78 736 6900
31 1 743 79 744 7000
32 1 750 80 756 7100
32 1 765 83 767 7200
32 1 774 85 779 7300
32 1 784 86 787 7400
32 1 800 89 795 7500
32 1 814 91 811 7600
33 1 827 93 821 7700
34 1 841 95 837 7800
34 1 855 96 852 7900
34 1 865 97 868 8000
36 1 878 98 877 8100
36 1 887 99 892 8200
37 1 893 101 900 8300
37 1 902 102 908 8400
38 1 918 103 918 8500
38 1 925 105 934 8600
38 1 937 105 946 8700
39 1 947 105 960 8800
40 1 954 106 968 8900
41 1 967 108 975 9000
42 1 978 109 983 9100
42 1 991 110 996 9200
42 1 1001 113 1013 9300
43 1 1013 114 1026 9400
43 1 1026 118 1037 9500
43 1 1031 118 1050 9600
43 1 1041 121 1057 9700
44 1 1049 124 1066 9800
45 1 1064 125 1077 9900
46 1 1074 126 1088 10000
46 1 1085 126 1099 10100
47 1 1100 129 1111 10200
48 1 1114 131 1123 10300
48 1 1126 133 1141 10400
51 1 1139 136 1153 10500
51 1 1152 136 1166 10600
51 1 1162 139 1179 10700
53 1 1172 142 1193 10800
53 1 1181 144 1207 10900
54 1 1190 147 1217 11000
56 1 1194 149 1226 11100
56 1 1207 152 1233 11200
56 1 1217 153 1238 11300
57 1 1224 154 1250 11400
58 1 1231 156 1257 11500
59 1 1243 158 1266 11600
60 1 1254 158 1281 11700
60 1 1269 160 1293 11800
61 1 1279 160 1309 11900
62 1 1290 163 1318 12000
62 1 1298 164 1332 12100
63 1 1310 165 1340 12200
64 1 1320 167 1350 12300
65 1 1334 168 1363 12400
65 1 1348 170 1377 12500
66 1 1360 171 1385 12600
67 1 1370 171 1399 12700
67 1 1379 173 1411 12800
67 1 1389 175 1421 12900
70 1 1396 177 1429 13000
71 1 1403 179 1437 13100
71 1 1410 181 1445 13200
72 1 1420 182 1452 13300
72 1 1435 183 1458 13400
72 1 1449 186 1470 13500
72 1 1463 187 1490 13600
74 1 1475 187 1502 13700
75 1 1484 189 1518 13800
75 1 1495 190 1527 13900
76 1 1508 192 1542 14000
76 2 1518 193 1554 14100
78 2 1523 196 1562 14200
79 2 1532 198 1577 14300
80 2 1540 202 1586 14400
83 2 1548 203 1599 14500
84 2 1557 205 1609 14600
85 3 1566 207 1617 14700
87 3 1570 208 1627 14800
89 3 1582 211 1638 14900
90 4 1591 212 1648 15000
91 4 1607 213 1655 15100
92 4 1615 216 1672 15200
95 4 1622 220 1685 15300
96 4 1633 221 1696 15400
98 4 1644 222 1705 15500
98 4 1663 222 1716 15600
99 4 1671 226 1730 15700
100 4 1676 227 1752 15800
100 4 1690 228 1760 15900
103 5 1698 228 1771 16000
104 5 1708 230 1784 16100
104 5 1720 233 1795 16200
105 5 1727 233 1810 16300
105 5 1729 236 1817 16400
107 5 1738 238 1822 16500
107 5 1748 239 1829 16600
107 5 1758 239 1841 16700
108 5 1766 240 1852 16800
108 6 1779 240 1862 16900
108 6 1785 241 1871 17000
110 6 1793 241 1883 17100
112 6 1804 242 1894 17200
114 6 1808 244 1900 17300
114 6 1815 246 1910 17400
116 6 1821 246 1915 17500
117 6 1829 246 1923 17600
118 6 1837 248 1929 17700
119 6 1846 249 1940 17800
119 6 1855 250 1950 17900
119 6 1864 251 1956 18000
120 6 1872 252 1966 18100
121 6 1880 254 1977 18200
122 6 1890 256 1985 18300
123 6 1899 257 1995 18400
126 6 1909 258 2005 18500
128 6 1921 258 2017 18600
128 6 1931 260 2030 18700
128 6 1942 262 2041 18800
129 6 1955 263 2050 18900
129 6 1967 265 2066 19000
129 6 1981 267 2080 19100
129 6 1992 268 2092 19200
129 6 2000 269 2107 19300
130 6 2010 274 2118 19400
130 6 2015 275 2133 19500
131 6 2025 277 2139 19600
133 6 2031 278 2149 19700
133 6 2036 280 2160 19800
134 6 2044 280 2169 19900
134 6 2051 282 2178 20000
135 6 2060 283 2189 20100
135 6 2064 284 2198 20200
137 6 2069 285 2207 20300
137 6 2079 286 2217 20400
138 6 2086 286 2225 20500
138 6 2095 289 2233 20600
140 6 2106 290 2244 20700
140 6 2115 291 2255 20800
140 6 2129 292 2269 20900
141 6 2139 293 2276 21000
141 6 2146 297 2291 21100
141 6 2153 298 2296 21200
141 6 2158 301 2307 21300
142 6 2166 301 2311 21400
143 6 2170 301 2319 21500
144 6 2178 303 2325 21600
145 6 2185 306 2333 21700
146 6 2192 309 2341 21800
146 6 2203 310 2354 21900
146 6 2211 314 2361 22000
148 6 2218 317 2374 22100
148 6 2228 317 2377 22200
149 6 2238 319 2388 22300
149 6 2248 320 2403 22400
151 6 2258 321 2412 22500
151 6 2264 322 2421 22600
152 6 2271 325 2429 22700
153 6 2280 329 2435 22800
154 6 2287 331 2443 22900
155 6 2290 333 2449 23000
156 6 2299 337 2455 23100
157 6 2305 338 2460 23200
158 6 2313 340 2466 23300
158 6 2319 342 2475 23400
159 6 2322 342 2483 23500
159 6 2326 343 2487 23600
159 6 2334 343 2491 23700
160 7 2341 343 2498 23800
160 7 2347 343 2505 23900
162 7 2355 344 2511 24000
163 7 2360 346 2519 24100
163 8 2367 348 2526 24200
164 8 2379 349 2532 24300
164 8 2386 350 2541 24400
166 8 2395 352 2551 24500
166 9 2403 356 2555 24600
166 9 2410 356 2567 24700
166 9 2421 357 2576 24800
166 9 2428 357 2588 24900
167 9 2432 358 2596 25000
167 10 2438 358 2602 25100
168 10 2443 359 2606 25200
171 10 2449 362 2609 25300
171 10 2460 362 2618 25400
171 10 2469 363 2626 25500
171 10 2480 363 2636 25600
171 10 2486 363 2642 25700
172 10 2491 366 2649 25800
172 10 2495 372 2652 25900
172 10 2504 373 2656 26000
173 10 2514 376 2661 26100
175 11 2519 378 2674 26200
176 11 2528 379 2683 26300
176 11 2529 379 2695 26400
177 11 2537 380 2703 26500
177 11 2544 381 2708 26600
177 11 2551 382 2719 26700
177 12 2562 384 2725 26800
177 12 2568 385 2738 26900
178 12 2573 385 2746 27000
179 12 2578 386 2754 27100
180 12 2587 389 2759 27200
181 12 2591 391 2769 27300
181 12 2596 392 2776 27400
182 12 2613 394 2780 27500
183 12 2614 394 2790 27600
183 12 2619 395 2801 27700
184 12 2627 396 2803 27800
187 12 2633 399 2809 27900
187 12 2638 399 2818 28000
188 12 2639 402 2824 28100
188 13 2643 403 2827 28200
188 13 2652 406 2834 28300
190 13 2659 407 2840 28400
191 13 2664 407 2846 28500
191 13 2671 409 2852 28600
191 13 2678 410 2861 28700
193 13 2684 413 2867 28800
195 14 2688 413 2875 28900
195 14 2695 413 2884 29000
196 14 2702 415 2888 29100
197 14 2704 416 2897 29200
200 14 2709 417 2902 29300
201 14 2713 418 2905 29400
202 14 2721 418 2914 29500
202 14 2728 421 2920 29600
204 14 2735 423 2929 29700
205 14 2738 424 2933 29800
207 14 2746 425 2940 29900
207 14 2753 427 2946 30000
207 14 2761 429 2953 30100
208 14 2768 429 2958 30200
208 14 2774 431 2963 30300
211 14 2782 432 2968 30400
212 14 2786 434 2978 30500
212 14 2790 435 2987 30600
214 14 2796 439 2993 30700
214 14 2800 439 2998 30800
214 14 2803 439 3007 30900
214 14 2813 439 3010 31000
214 14 2817 440 3021 31100
215 14 2830 442 3026 31200
215 14 2833 442 3034 31300
216 14 2840 444 3041 31400
216 14 2848 445 3045 31500
216 14 2859 446 3056 31600
218 14 2865 448 3064 31700
219 14 2879 450 3078 31800
221 14 2888 452 3084 31900
221 14 2890 454 3100 32000
223 14 2897 455 3103 32100
223 14 2904 459 3113 32200
224 14 2912 459 3122 32300
225 14 2915 459 3129 32400
226 15 2923 460 3134 32500
226 15 2933 463 3143 32600
227 16 2936 464 3152 32700
228 16 2944 465 3160 32800
228 17 2947 467 3164 32900
229 17 2958 468 3175 33000
231 17 2964 469 3184 33100
231 17 2973 470 3192 33200
233 17 2981 471 3203 33300
234 17 2989 472 3211 33400
234 17 2997 472 3225 33500
234 17 3004 474 3234 33600
236 17 3012 475 3242 33700
236 17 3025 476 3249 33800
236 17 3033 476 3266 33900
236 17 3044 476 3275 34000
238 17 3054 476 3284 34100
239 17 3058 477 3294 34200
239 17 3071 478 3302 34300
240 17 3080 481 3313 34400
242 18 3088 481 3323 34500
243 18 3094 481 3333 34600
244 18 3103 482 3343 34700
244 18 3112 482 3354 34800
245 18 3121 483 3363 34900
247 18 3130 485 3371 35000
247 18 3136 486 3380 35100
247 19 3140 489 3390 35200
247 19 3144 490 3394 35300
249 19 3148 493 3398 35400
249 19 3156 495 3403 35500
250 20 3163 495 3409 35600
251 20 3168 497 3417 35700
252 20 3172 497 3423 35800
252 20 3174 498 3429 35900
255 20 3179 499 3431 36000
256 20 3183 499 3438 36100
256 20 3194 500 3442 36200
259 20 3198 500 3452 36300
259 20 3208 500 3460 36400
259 20 3218 501 3465 36500
259 20 3226 502 3475 36600
259 20 3232 502 3481 36700
259 20 3234 504 3489 36800
260 20 3243 504 3494 36900
260 20 3249 504 3498 37000
260 20 3257 505 3508 37100
261 20 3264 505 3514 37200
262 20 3268 505 3522 37300
264 20 3275 506 3531 37400
265 20 3286 506 3535 37500
266 20 3290 507 3545 37600
268 20 3296 507 3553 37700
269 20 3301 508 3559 37800
269 20 3312 510 3565 37900
271 20 3321 512 3577 38000
273 20 3329 513 3588 38100
275 21 3335 513 3594 38200
276 21 3345 513 3606 38300
276 21 3356 514 3615 38400
277 21 3364 516 3628 38500
277 21 3370 519 3636 38600
277 22 3381 520 3642 38700
277 23 3390 524 3650 38800
278 24 3399 527 3665 38900
279 24 3409 528 3675 39000
280 24 3412 529 3682 39100
281 24 3417 531 3691 39200
282 24 3424 535 3695 39300
282 24 3429 536 3705 39400
283 24 3437 538 3710 39500
283 24 3446 540 3716 39600
283 24 3448 540 3722 39700
283 24 3453 542 3727 39800
283 25 3460 543 3735 39900
284 25 3462 545 3740 40000
284 26 3464 545 3748 40100
285 26 3470 546 3754 40200
287 28 3475 546 3756 40300
287 28 3482 546 3766 40400
287 28 3486 548 3774 40500
292 28 3494 549 3780 40600
292 29 3500 549 3783 40700
292 29 3510 551 3794 40800
293 29 3512 551 3801 40900
294 29 3519 553 3806 41000
294 29 3526 554 3811 41100
294 29 3527 554 3818 41200
294 29 3532 555 3821 41300
295 30 3534 555 3826 41400
295 30 3538 556 3830 41500
297 30 3543 556 3833 41600
300 31 3548 556 3837 41700
300 31 3552 557 3847 41800
300 31 3558 557 3851 41900
300 31 3560 557 3859 42000
300 31 3567 558 3864 42100
301 31 3574 560 3868 42200
302 31 3581 561 3876 42300
302 31 3592 562 3881 42400
303 31 3599 564 3891 42500
303 31 3601 565 3902 42600
305 31 3606 566 3907 42700
305 32 3610 567 3909 42800
305 32 3613 567 3916 42900
306 32 3618 567 3919 43000
306 32 3621 570 3923 43100
306 32 3624 570 3928 43200
308 32 3630 570 3931 43300
308 33 3636 570 3939 43400
309 33 3639 571 3943 43500
309 33 3647 571 3946 43600
309 33 3652 571 3951 43700
309 33 3656 571 3959 43800
309 33 3661 571 3968 43900
309 33 3671 571 3973 44000
310 33 3676 572 3976 44100
310 33 3681 572 3986 44200
310 33 3690 573 3994 44300
310 34 3696 573 4000 44400
311 34 3703 575 4008 44500
311 34 3712 577 4014 44600
312 34 3716 577 4020 44700
313 34 3724 578 4027 44800
316 34 3728 579 4035 44900
316 34 3739 580 4043 45000
316 34 3745 581 4055 45100
317 34 3754 582 4063 45200
318 35 3767 582 4071 45300
318 35 3769 582 4088 45400
319 35 3776 583 4093 45500
319 35 3780 584 4097 45600
321 35 3787 585 4103 45700
322 35 3797 586 4108 45800
324 35 3801 587 4121 45900
325 35 3804 588 4127 46000
327 35 3806 590 4134 46100
327 37 3810 590 4140 46200
328 37 3816 590 4145 46300
328 37 3820 592 4151 46400
328 37 3826 593 4156 46500
328 37 3831 594 4162 46600
329 37 3837 597 4168 46700
330 37 3842 598 4175 46800
331 38 3846 601 4182 46900
332 38 3847 601 4189 47000
333 38 3853 602 4194 47100
334 38 3858 604 4198 47200
334 38 3864 606 4202 47300
335 38 3869 607 4210 47400
336 38 3874 608 4219 47500
338 38 3879 608 4227 47600
338 38 3888 610 4230 47700
339 38 3894 611 4237 47800
340 38 3903 612 4244 47900
342 38 3908 614 4254 48000
343 38 3911 616 4263 48100
346 38 3918 617 4269 48200
346 38 3922 617 4276 48300
346 38 3929 620 4284 48400
348 38 3935 620 4290 48500
348 38 3944 622 4298 48600
348 38 3949 622 4309 48700
349 38 3958 622 4312 48800
349 38 3960 622 4323 48900
349 39 3963 624 4326 49000
350 39 3965 626 4331 49100
351 39 3968 626 4336 49200
352 39 3972 628 4339 49300
352 39 3973 628 4342 49400
352 39 3977 630 4343 49500
352 40 3980 630 4346 49600
353 40 3980 632 4351 49700
355 40 3982 632 4354 49800
358 40 3987 632 4358 49900
358 40 3993 633 4363 50000
358 41 3996 634 4371 50100
359 41 4003 634 4376 50200
359 42 4006 634 4384 50300
364 42 4012 634 4395 50400
364 42 4022 635 4398 50500
364 42 4026 635 4410 50600
366 42 4030 636 4420 50700
369 42 4038 637 4428 50800
372 43 4039 638 4433 50900
372 44 4041 639 4442 51000
372 44 4047 641 4444 51100
374 44 4052 642 4448 51200
375 44 4055 644 4455 51300
376 45 4060 646 4464 51400
377 45 4070 647 4465 51500
378 45 4077 649 4472 51600
381 45 4082 652 4477 51700
382 45 4085 655 4486 51800
385 46 4090 655 4493 51900
385 46 4093 658 4497 52000
385 47 4096 659 4504 52100
385 48 4106 661 4511 52200
385 49 4112 661 4519 52300
385 49 4117 661 4528 52400
387 49 4123 664 4531 52500
388 49 4126 665 4537 52600
388 49 4136 665 4543 52700
390 49 4145 666 4553 52800
391 49 4151 666 4559 52900
391 49 4154 667 4566 53000
391 49 4158 669 4573 53100
392 50 4163 669 4581 53200
392 50 4169 670 4585 53300
393 50 4176 671 4590 53400
394 50 4182 674 4594 53500
394 50 4186 674 4601 53600
395 51 4194 674 4609 53700
395 51 4198 676 4614 53800
396 51 4200 676 4622 53900
396 51 4203 677 4627 54000
396 51 4208 679 4633 54100
398 51 4211 679 4638 54200
402 51 4217 680 4643 54300
404 51 4222 680 4650 54400
405 51 4225 682 4654 54500
405 52 4230 683 4660 54600
405 52 4233 683 4666 54700
406 52 4241 684 4671 54800
406 54 4246 684 4676 54900
406 54 4254 684 4685 55000
406 54 4258 686 4691 55100
408 54 4261 687 4695 55200
409 54 4268 688 4700 55300
409 54 4272 688 4707 55400
411 54 4279 689 4712 55500
412 54 4283 689 4718 55600
412 54 4286 690 4724 55700
413 54 4294 691 4728 55800
415 54 4298 691 4734 55900
417 55 4300 692 4742 56000
419 55 4304 693 4745 56100
419 55 4305 694 4752 56200
419 55 4309 694 4753 56300
421 55 4313 695 4761 56400
423 55 4317 695 4766 56500
423 55 4320 695 4774 56600
425 55 4324 695 4783 56700
428 55 4328 695 4786 56800
429 55 4329 696 4793 56900
432 55 4331 697 4797 57000
433 55 4332 697 4801 57100
434 55 4336 697 4805 57200
434 55 4339 697 4806 57300
435 55 4341 698 4812 57400
435 56 4346 698 4815 57500
435 56 4348 698 4818 57600
435 57 4352 698 4822 57700
435 57 4353 699 4825 57800
437 57 4360 699 4831 57900
438 57 4361 699 4833 58000
438 57 4365 700 4840 58100
438 57 4366 700 4843 58200
440 57 4368 700 4846 58300
441 58 4376 700 4848 58400
442 58 4378 700 4857 58500
442 58 4381 700 4861 58600
442 58 4385 701 4866 58700
444 58 4387 702 4869 58800
446 58 4390 702 4872 58900
446 58 4392 702 4875 59000
448 58 4396 703 4879 59100
449 58 4400 707 4885 59200
449 58 4405 707 4887 59300
449 58 4412 707 4894 59400
451 58 4417 709 4899 59500
451 58 4424 709 4903 59600
452 58 4429 710 4909 59700
452 59 4432 710 4920 59800
452 59 4439 710 4923 59900
452 60 4444 711 4929 60000
452 60 4453 712 4936 60100
452 61 4453 714 4943 60200
453 61 4455 714 4948 60300
453 62 4458 715 4948 60400
453 63 4464 717 4953 60500
453 63 4468 717 4955 60600
453 63 4473 718 4960 60700
454 63 4481 721 4965 60800
456 63 4484 721 4968 60900
456 63 4492 722 4977 61000
456 63 4497 723 4983 61100
458 63 4504 725 4987 61200
459 63 4508 725 4995 61300
460 63 4511 726 5003 61400
460 63 4515 727 5008 61500
461 63 4521 729 5011 61600
461 63 4524 729 5016 61700
462 63 4525 730 5021 61800
464 63 4528 731 5025 61900
465 63 4535 731 5029 62000
466 64 4536 733 5033 62100
466 64 4540 733 5038 62200
467 65 4547 734 5044 62300
468 65 4551 735 5051 62400
468 65 4557 739 5057 62500
469 65 4560 740 5061 62600
469 65 4562 740 5069 62700
469 65 4568 741 5074 62800
470 66 4575 741 5079 62900
471 67 4578 741 5084 63000
475 67 4581 745 5090 63100
475 67 4587 746 5097 63200
475 67 4589 747 5107 63300
475 67 4596 748 5109 63400
476 67 4603 749 5113 63500
477 67 4605 749 5121 63600
477 67 4610 749 5126 63700
481 68 4614 751 5132 63800
481 68 4619 752 5135 63900
482 68 4625 752 5143 64000
483 68 4629 752 5147 64100
483 69 4633 752 5154 64200
484 69 4639 752 5161 64300
485 70 4642 753 5169 64400
485 70 4647 754 5174 64500
488 70 4654 755 5180 64600
488 71 4660 755 5187 64700
490 71 4663 757 5195 64800
491 72 4669 758 5203 64900
492 72 4673 759 5208 65000
493 73 4675 759 5220 65100
494 73 4676 761 5224 65200
496 74 4682 763 5229 65300
497 74 4686 763 5234 65400
499 74 4691 764 5236 65500
502 74 4693 765 5240 65600
502 75 4696 766 5247 65700
505 75 4700 769 5251 65800
506 75 4703 769 5258 65900
509 75 4707 769 5262 66000
509 75 4713 770 5269 66100
511 75 4719 770 5275 66200
511 75 4723 770 5282 66300
511 75 4728 771 5290 66400
512 75 4732 773 5292 66500
513 76 4735 773 5299 66600
514 76 4739 776 5306 66700
517 76 4748 776 5310 66800
518 76 4751 779 5317 66900
520 78 4754 779 5326 67000
521 78 4758 780 5334 67100
523 79 4761 781 5340 67200
523 79 4768 782 5344 67300
524 80 4773 784 5351 67400
525 81 4782 785 5359 67500
527 81 4786 785 5369 67600
530 82 4787 787 5377 67700
532 84 4793 789 5382 67800
535 84 4797 789 5389 67900
535 84 4801 790 5396 68000
535 84 4807 790 5401 68100
536 85 4809 790 5408 68200
537 85 4811 792 5412 68300
537 85 4814 792 5416 68400
538 85 4817 792 5419 68500
538 85 4820 793 5421 68600
538 85 4823 793 5428 68700
538 85 4824 793 5430 68800
538 85 4828 794 5434 68900
538 86 4830 794 5437 69000
538 87 4836 795 5441 69100
538 87 4837 795 5447 69200
538 87 4839 795 5449 69300
539 87 4843 796 5456 69400
540 88 4845 796 5458 69500
541 88 4847 796 5461 69600
542 88 4850 796 5466 69700
542 88 4854 797 5470 69800
542 88 4857 797 5476 69900
542 88 4861 798 5481 70000
542 88 4865 798 5484 70100
542 88 4867 798 5493 70200
542 88 4871 798 5496 70300
542 88 4872 800 5499 70400
543 88 4876 800 5504 70500
545 88 4880 800 5510 70600
547 88 4882 800 5514 70700
550 88 4884 802 5518 70800
551 88 4891 803 5522 70900
552 88 4893 803 5529 71000
553 88 4899 805 5532 71100
553 90 4903 806 5538 71200
553 90 4908 810 5544 71300
553 90 4914 810 5550 71400
555 90 4918 810 5554 71500
556 90 4921 811 5564 71600
556 90 4930 813 5566 71700
556 90 4933 814 5574 71800
557 91 4943 816 5579 71900
557 91 4948 816 5587 72000
557 92 4956 816 5598 72100
557 93 4963 817 5603 72200
557 93 4969 820 5611 72300
558 94 4975 822 5618 72400
558 94 4982 823 5623 72500
558 94 4987 824 5634 72600
559 94 4993 824 5641 72700
562 94 4999 825 5649 72800
564 94 5002 825 5659 72900
565 94 5008 825 5664 73000
567 94 5010 826 5671 73100
568 94 5013 827 5677 73200
572 94 5021 828 5681 73300
574 94 5024 828 5688 73400
574 94 5028 828 5696 73500
576 94 5032 829 5703 73600
577 95 5035 829 5707 73700
577 95 5042 831 5715 73800
579 95 5049 831 5718 73900
580 95 5054 831 5732 74000
583 95 5062 831 5734 74100
584 96 5064 832 5740 74200
584 96 5070 833 5749 74300
585 97 5073 833 5754 74400
587 98 5081 836 5761 74500
587 98 5086 837 5766 74600
588 98 5088 838 5772 74700
590 98 5091 839 5776 74800
591 98 5095 840 5783 74900
591 99 5099 840 5785 75000
591 99 5103 840 5790 75100
592 99 5108 841 5791 75200
593 99 5114 841 5798 75300
593 100 5116 842 5805 75400
593 100 5118 842 5812 75500
594 100 5122 843 5817 75600
595 100 5127 843 5822 75700
596 100 5132 844 5829 75800
597 103 5135 845 5837 75900
597 103 5141 845 5840 76000
599 104 5146 846 5845 76100
600 104 5148 847 5852 76200
602 104 5152 847 5855 76300
604 104 5158 849 5860 76400
606 104 5161 850 5866 76500
606 104 5166 851 5871 76600
608 104 5171 851 5875 76700
609 104 5174 851 5879 76800
612 105 5180 851 5888 76900
614 105 5184 855 5894 77000
614 105 5186 855 5900 77100
614 105 5190 855 5903 77200
615 105 5193 857 5906 77300
615 105 5199 857 5910 77400
618 105 5205 858 5917 77500
618 105 5207 859 5927 77600
618 105 5215 859 5930 77700
618 105 5219 862 5933 77800
619 106 5222 863 5942 77900
619 106 5228 865 5947 78000
621 106 5232 866 5951 78100
621 107 5236 867 5955 78200
621 107 5242 868 5959 78300
621 108 5247 868 5965 78400
622 108 5252 870 5970 78500
625 108 5258 870 5980 78600
625 109 5266 871 5987 78700
627 109 5268 871 5990 78800
628 109 5274 875 5994 78900
630 109 5277 876 6001 79000
632 109 5278 877 6011 79100
633 109 5281 878 6016 79200
633 109 5288 878 6016 79300
633 109 5290 878 6018 79400
633 110 5293 878 6024 79500
633 110 5296 881 6028 79600
633 110 5298 882 6032 79700
633 110 5299 882 6038 79800
633 110 5300 882 6042 79900
633 110 5304 882 6044 80000
633 110 5307 882 6045 80100
633 111 5310 882 6051 80200
634 111 5310 882 6052 80300
634 111 5312 882 6056 80400
636 112 5315 882 6059 80500
636 112 5315 882 6061 80600
636 113 5317 883 6065 80700
640 114 5320 883 6069 80800
641 114 5322 883 6073 80900
643 114 5325 883 6077 81000
643 114 5329 884 6083 81100
644 114 5329 885 6088 81200
646 116 5332 886 6090 81300
646 116 5335 887 6092 81400
646 116 5339 887 6097 81500
648 116 5342 888 6101 81600
648 117 5346 889 6108 81700
648 117 5348 889 6111 81800
648 118 5352 890 6113 81900
648 119 5355 891 6117 82000
649 119 5361 892 6124 82100
650 120 5362 893 6129 82200
650 120 5365 894 6133 82300
650 120 5374 895 6134 82400
650 120 5377 895 6144 82500
650 120 5382 897 6149 82600
650 120 5387 898 6156 82700
651 121 5391 899 6161 82800
652 122 5394 900 6165 82900
657 122 5398 900 6168 83000
658 122 5402 901 6178 83100
661 122 5408 903 6184 83200
663 122 5413 903 6190 83300
663 123 5419 903 6196 83400
663 124 5426 906 6200 83500
666 124 5428 906 6204 83600
666 125 5430 906 6209 83700
666 125 5436 910 6211 83800
666 125 5439 911 6216 83900
666 126 5444 912 6220 84000
668 126 5446 912 6223 84100
668 126 5449 914 6228 84200
668 126 5454 915 6232 84300
668 126 5457 915 6236 84400
669 126 5458 918 6238 84500
669 126 5460 918 6241 84600
669 126 5466 918 6242 84700
669 126 5469 918 6248 84800
669 126 5473 918 6251 84900
670 127 5474 918 6257 85000
671 127 5476 918 6262 85100
672 127 5480 918 6265 85200
676 127 5484 918 6271 85300
679 127 5485 918 6273 85400
682 127 5490 920 6280 85500
683 127 5492 921 6287 85600
687 127 5497 921 6291 85700
687 127 5501 923 6295 85800
689 127 5506 923 6302 85900
690 128 5509 923 6305 86000
693 128 5513 923 6313 86100
695 128 5516 924 6322 86200
696 128 5521 924 6327 86300
697 129 5525 924 6333 86400
697 129 5529 924 6337 86500
697 129 5532 925 6342 86600
697 129 5536 926 6348 86700
699 130 5538 926 6352 86800
700 130 5539 926 6358 86900
701 130 5542 926 6360 87000
701 130 5545 926 6364 87100
701 130 5549 928 6368 87200
703 130 5551 928 6375 87300
704 130 5557 928 6377 87400
704 130 5560 928 6382 87500
706 130 5567 929 6388 87600
706 131 5569 929 6393 87700
708 131 5572 930 6399 87800
709 131 5575 931 6400 87900
709 131 5576 931 6407 88000
709 131 5583 931 6411 88100
709 131 5586 932 6415 88200
711 131 5586 932 6424 88300
712 131 5590 933 6425 88400
712 131 5592 934 6427 88500
712 132 5594 935 6432 88600
712 132 5599 936 6435 88700
713 132 5602 937 6440 88800
716 132 5608 937 6440 88900
716 132 5610 937 6446 89000
718 132 5613 939 6450 89100
723 132 5616 941 6455 89200
723 133 5620 942 6460 89300
724 133 5623 944 6466 89400
724 133 5628 945 6471 89500
725 133 5630 945 6473 89600
726 133 5634 946 6479 89700
728 133 5637 947 6483 89800
731 134 5646 948 6488 89900
731 134 5651 949 6492 90000
731 134 5658 951 6501 90100
733 134 5660 953 6508 90200
733 134 5660 954 6509 90300
733 134 5662 954 6514 90400
735 134 5666 955 6516 90500
738 135 5668 955 6518 90600
738 135 5672 956 6523 90700
740 135 5674 956 6529 90800
741 135 5678 956 6533 90900
743 136 5681 957 6540 91000
743 137 5687 958 6549 91100
744 139 5691 958 6553 91200
746 140 5694 958 6561 91300
748 140 5700 958 6565 91400
749 140 5704 958 6571 91500
750 140 5707 961 6575 91600
750 140 5710 964 6578 91700
750 140 5713 964 6581 91800
750 140 5716 965 6584 91900
750 140 5718 965 6589 92000
750 141 5724 965 6593 92100
751 141 5726 967 6598 92200
751 141 5730 968 6601 92300
751 141 5730 969 6604 92400
753 141 5734 969 6605 92500
754 142 5734 970 6609 92600
756 142 5736 972 6612 92700
756 142 5739 972 6614 92800
758 142 5744 973 6617 92900
759 142 5745 973 6624 93000
759 142 5751 973 6626 93100
759 142 5752 974 6631 93200
760 142 5757 975 6635 93300
760 143 5758 975 6638 93400
760 143 5762 976 6641 93500
761 143 5767 976 6646 93600
763 143 5769 976 6648 93700
763 144 5770 976 6656 93800
764 145 5771 976 6661 93900
766 145 5775 976 6666 94000
767 145 5777 977 6668 94100
770 145 5780 977 6674 94200
772 145 5782 978 6681 94300
773 145 5785 979 6682 94400
775 145 5788 979 6687 94500
775 146 5790 979 6692 94600
776 147 5795 980 6696 94700
778 147 5796 980 6701 94800
778 148 5799 982 6705 94900
778 150 5799 982 6709 95000
779 150 5802 982 6711 95100
781 150 5807 983 6713 95200
781 150 5807 983 6716 95300
781 150 5811 983 6720 95400
782 150 5819 985 6724 95500
782 151 5820 985 6729 95600
782 151 5821 986 6734 95700
784 151 5825 987 6737 95800
785 151 5829 987 6740 95900
785 152 5834 987 6743 96000
786 153 5837 988 6747 96100
786 153 5839 988 6756 96200
786 154 5843 989 6760 96300
789 154 5848 991 6764 96400
791 155 5852 991 6773 96500
793 155 5854 993 6776 96600
793 155 5858 995 6781 96700
794 155 5862 997 6786 96800
794 155 5866 998 6791 96900
795 155 5866 1000 6796 97000
795 155 5867 1002 6797 97100
796 156 5868 1002 6801 97200
800 156 5870 1002 6803 97300
801 156 5871 1002 6809 97400
803 156 5873 1002 6815 97500
803 156 5878 1002 6815 97600
804 157 5882 1003 6819 97700
804 157 5885 1004 6825 97800
805 157 5887 1005 6828 97900
806 157 5888 1005 6831 98000
807 157 5891 1005 6834 98100
808 157 5893 1005 6837 98200
809 158 5896 1006 6838 98300
809 158 5898 1008 6841 98400
809 159 5902 1008 6843 98500
809 160 5905 1008 6847 98600
809 161 5907 1008 6853 98700
810 162 5910 1008 6857 98800
811 162 5911 1008 6860 98900
811 162 5915 1008 6861 99000
813 162 5917 1008 6865 99100
814 162 5921 1009 6870 99200
815 162 5926 1010 6874 99300
817 162 5932 1011 6879 99400
817 163 5935 1011 6886 99500
817 163 5939 1011 6890 99600
818 163 5941 1013 6896 99700
820 163 5947 1014 6900 99800
820 163 5948 1016 6906 99900
