0 0 0 0 0 0 0 0
0 9 0 0 2669 0 2709 100
0 15 0 0 5939 7 6059 200
0 19 0 0 7146 10 7331 300
0 20 0 0 8859 13 9076 400
0 22 0 0 11112 15 11355 500
0 22 0 0 13603 17 13884 600
0 25 0 0 16486 17 16822 700
0 26 0 0 19706 20 20128 800
0 26 0 0 23276 21 23829 900
0 28 0 0 27120 24 27849 1000
0 32 0 0 31086 48 32073 1100
0 33 0 0 35264 75 36600 1200
0 34 0 0 39712 128 41462 1300
0 35 0 0 44190 199 46455 1400
0 36 0 0 48916 289 51745 1500
0 37 0 0 53726 401 57245 1600
0 39 0 0 58577 570 62856 1700
0 41 0 0 63543 778 68753 1800
0 46 0 0 68532 990 74686 1900
0 49 0 0 73625 1218 80779 2000
0 49 0 0 78744 1496 86979 2100
0 55 0 0 83891 1795 93363 2200
0 59 0 0 89099 2095 99900 2300
0 62 0 0 94459 2424 106669 2400
0 66 0 0 99729 2819 113413 2500
0 66 0 0 105219 3274 120422 2600
0 68 0 0 110685 3740 127590 2700
0 70 0 0 116215 4229 135092 2800
0 71 0 0 121848 4702 142647 2900
0 72 0 0 127512 5285 150310 3000
0 74 0 0 133158 5844 157915 3100
0 75 0 0 138846 6331 165529 3200
0 79 0 0 144505 6899 173226 3300
0 81 0 0 150210 7451 181146 3400
0 85 0 0 155904 8036 189206 3500
0 89 0 0 161613 8599 197179 3600
0 91 0 0 167306 9079 205229 3700
0 92 0 0 173097 9601 213483 3800
0 97 0 0 178888 10116 221609 3900
0 98 0 0 184725 10680 229911 4000
0 102 0 0 190544 11241 238172 4100
0 105 0 0 196444 11825 246571 4200
0 109 0 0 202229 12386 254857 4300
0 113 0 0 207997 12982 263049 4400
0 114 0 0 213795 13502 271204 4500
0 116 0 0 219644 14122 279533 4600
0 119 0 0 225502 14788 287906 4700
0 124 0 0 231417 15393 296447 4800
0 128 0 0 237254 16031 305018 4900
0 132 0 0 243233 16719 313828 5000
0 136 0 0 249168 17431 322699 5100
0 138 0 0 255091 18132 331469 5200
0 143 0 0 260964 18788 340504 5300
0 148 0 0 267037 19568 350009 5400
0 149 0 0 273079 20299 359504 5500
0 153 0 0 279173 21069 368999 5600
0 154 0 0 285191 21832 378378 5700
0 158 0 0 291225 22645 387778 5800
0 161 0 0 297178 23384 396729 5900
0 164 0 0 303135 24202 405575 6000
0 165 0 0 309052 24966 414293 6100
0 166 0 0 314898 25730 422847 6200
0 167 0 0 320828 26478 431498 6300
0 168 0 0 326696 27298 440140 6400
0 169 0 0 332574 28178 448888 6500
0 170 0 0 338476 29109 457683 6600
0 171 0 0 344342 30026 466495 6700
0 175 0 0 350220 30977 475448 6800
0 176 0 0 356187 31969 484688 6900
0 178 0 0 362078 32924 493844 7000
0 180 0 0 368053 33961 503346 7100
0 180 0 0 374053 34982 512711 7200
0 183 0 0 380061 35940 522394 7300
0 186 0 0 386017 36851 531811 7400
0 187 0 0 392084 37817 541485 7500
0 191 0 0 398138 38819 551049 7600
0 193 0 0 404184 39795 560486 7700
0 196 0 0 410182 40777 569829 7800
0 199 0 0 416187 41717 579306 7900
0 201 0 0 422294 42626 588848 8000
0 204 0 0 428378 43482 598197 8100
0 206 0 0 434401 44288 607348 8200
0 207 0 0 440345 45110 616405 8300
0 210 0 0 446276 45880 625549 8400
0 211 0 0 452257 46651 634728 8500
0 213 0 0 458344 47573 644127 8600
0 216 0 0 464188 48405 653416 8700
0 220 0 0 470261 49221 662883 8800
0 222 0 0 476223 50003 672224 8900
0 223 0 0 482350 50804 681777 9000
0 224 0 0 488415 51561 691331 9100
0 226 0 0 494471 52323 700935 9200
0 227 0 0 500517 53102 710532 9300
0 230 0 0 506707 53892 720120 9400
0 231 0 0 512645 54665 729274 9500
0 233 0 0 518627 55485 738565 9600
0 234 0 0 524557 56216 747615 9700
0 235 0 0 530504 56851 756532 9800
0 236 0 0 536392 57554 765363 9900
0 238 0 0 542261 58291 774277 10000
0 239 0 0 548146 58907 783029 10100
0 244 0 0 554004 59534 791693 10200
0 246 0 0 559775 60176 800085 10300
0 248 0 0 565537 60789 808451 10400
0 251 0 0 571316 61450 816724 10500
0 253 0 0 577090 62166 825089 10600
0 255 0 0 582783 62821 833355 10700
0 257 0 0 588506 63594 841763 10800
0 259 0 0 594190 64304 849937 10900
0 261 0 0 599966 65084 858418 11000
0 263 0 0 605856 65939 867341 11100
0 266 0 0 611738 66788 876286 11200
0 267 0 0 617625 67586 885324 11300
0 270 0 0 623439 68450 894396 11400
0 271 0 0 629362 69281 903559 11500
0 273 0 0 635262 70190 912749 11600
0 276 0 0 641129 71063 921931 11700
0 279 0 0 647002 71904 931153 11800
0 281 0 0 652981 72756 940560 11900
0 281 0 0 658914 73597 949962 12000
0 283 0 0 664950 74427 959519 12100
0 285 0 0 670894 75254 969041 12200
0 289 0 0 676879 76114 978576 12300
0 291 0 0 682907 76899 988084 12400
0 292 0 0 688934 77664 997390 12500
0 297 0 0 694872 78468 1006703 12600
0 298 0 0 700879 79229 1015894 12700
0 298 0 0 706747 79960 1024850 12800
0 298 0 0 712754 80679 1033986 12900
0 298 0 0 718718 81333 1043036 13000
0 298 0 0 724620 82027 1052123 13100
0 298 0 0 730647 82649 1061178 13200
0 300 0 0 736563 83291 1070029 13300
0 301 0 0 742405 83912 1078968 13400
0 301 0 0 748406 84629 1088170 13500
0 302 0 0 754326 85258 1097430 13600
0 304 0 0 760358 85886 1106610 13700
0 306 0 0 766344 86479 1115540 13800
0 308 0 0 772244 87155 1124401 13900
0 310 0 0 778203 87847 1133206 14000
0 312 0 0 784034 88496 1141653 14100
0 316 0 0 789874 89178 1150113 14200
0 318 0 0 795606 89854 1158564 14300
0 320 0 0 801528 90550 1167297 14400
0 323 0 0 807264 91286 1175965 14500
0 324 0 0 813244 91941 1184785 14600
0 326 0 0 819102 92539 1193415 14700
0 326 0 0 824975 93184 1202009 14800
0 326 0 0 831015 93799 1210871 14900
0 330 0 0 836826 94467 1219587 15000
0 331 0 0 842778 95091 1228377 15100
0 331 0 0 848745 95753 1237125 15200
0 333 0 0 854661 96450 1245863 15300
0 333 0 0 860532 97127 1254585 15400
0 334 0 0 866418 97825 1263337 15500
0 336 0 0 872251 98564 1271980 15600
0 337 0 0 878112 99338 1280745 15700
0 337 0 0 883989 100099 1289551 15800
0 338 0 0 889867 100799 1298256 15900
0 339 0 0 895655 101509 1306830 16000
0 339 0 0 901459 102187 1315402 16100
0 340 0 0 907419 102858 1324160 16200
0 341 0 0 913271 103556 1332824 16300
0 342 0 0 919268 104219 1341512 16400
0 343 0 0 925207 104867 1350204 16500
0 343 0 0 931072 105551 1358916 16600
0 347 0 0 937022 106226 1367799 16700
0 350 0 0 942902 106949 1376786 16800
0 352 0 0 948940 107660 1385819 16900
0 353 0 0 954874 108390 1394678 17000
0 353 0 0 960931 109125 1403499 17100
0 355 0 0 966796 109798 1412056 17200
0 355 0 0 972656 110510 1420737 17300
0 356 0 0 978388 111210 1429277 17400
0 358 0 0 984388 111913 1438054 17500
0 360 0 0 990307 112583 1446701 17600
0 362 0 0 996259 113309 1455579 17700
0 363 0 0 1002180 113986 1464378 17800
0 363 0 0 1008117 114693 1473352 17900
0 364 0 0 1014052 115384 1482118 18000
0 366 0 0 1019951 116086 1490998 18100
0 367 0 0 1025859 116750 1499740 18200
0 370 0 0 1031812 117438 1508518 18300
0 373 0 0 1037632 118150 1516860 18400
0 375 0 0 1043409 118840 1525246 18500
0 377 0 0 1049187 119510 1533545 18600
0 377 0 0 1055012 120233 1541826 18700
0 378 0 0 1060750 120946 1550156 18800
0 381 0 0 1066527 121689 1558548 18900
0 381 0 0 1072342 122410 1567208 19000
0 386 0 0 1078076 123113 1575704 19100
0 388 0 0 1084121 123839 1584656 19200
0 390 0 0 1089951 124549 1593441 19300
0 393 0 0 1095781 125296 1602234 19400
0 396 0 0 1101636 126063 1610981 19500
0 399 0 0 1107434 126704 1619562 19600
0 400 0 0 1113234 127334 1627985 19700
0 402 0 0 1119056 127998 1636353 19800
0 403 0 0 1124796 128627 1644621 19900
0 405 0 0 1130586 129230 1652909 20000
0 407 0 0 1136445 129836 1661209 20100
0 408 0 0 1142234 130449 1669490 20200
0 408 0 0 1147988 131062 1677610 20300
0 410 0 0 1153762 131710 1685757 20400
0 410 0 0 1159516 132363 1693813 20500
0 411 0 0 1165186 133036 1701965 20600
0 412 0 0 1170854 133711 1710060 20700
0 413 0 0 1176690 134419 1718412 20800
0 415 0 0 1182424 135185 1726774 20900
0 416 0 0 1188126 135906 1735013 21000
0 416 0 0 1193944 136577 1743212 21100
0 418 0 0 1199739 137295 1751413 21200
0 418 0 0 1205518 138030 1759531 21300
0 418 0 0 1211192 138759 1767664 21400
0 419 0 0 1216931 139411 1775842 21500
0 419 0 0 1222658 140137 1784156 21600
0 420 0 0 1228489 140808 1792558 21700
0 420 0 0 1234325 141465 1801043 21800
0 421 0 0 1240218 142101 1809454 21900
0 421 0 0 1245986 142792 1817787 22000
0 422 0 0 1251878 143452 1826094 22100
0 425 0 0 1257591 144112 1834136 22200
0 427 0 0 1263303 144722 1842145 22300
0 428 0 0 1269066 145332 1850351 22400
0 430 0 0 1274884 145988 1858646 22500
0 431 0 0 1280631 146679 1866901 22600
0 431 0 0 1286506 147376 1875446 22700
0 432 0 0 1292371 148031 1883958 22800
0 432 0 0 1298201 148783 1892499 22900
0 434 0 0 1304032 149488 1900927 23000
0 435 0 0 1309898 150208 1909651 23100
0 437 0 0 1315753 150928 1918435 23200
0 437 0 0 1321754 151682 1927391 23300
0 439 0 0 1327838 152487 1936715 23400
0 439 0 0 1333737 153278 1945690 23500
0 441 0 0 1339821 154053 1955060 23600
0 444 0 0 1345729 154889 1964486 23700
0 445 0 0 1351707 155763 1973959 23800
0 447 0 0 1357742 156641 1983598 23900
0 450 0 0 1363785 157553 1993132 24000
0 451 0 0 1369770 158415 2002476 24100
0 451 0 0 1375791 159235 2011711 24200
0 452 0 0 1381717 159981 2020715 24300
0 453 0 0 1387719 160804 2029929 24400
0 454 0 0 1393644 161658 2039047 24500
0 457 0 0 1399627 162476 2048063 24600
0 458 0 0 1405514 163282 2056893 24700
0 461 0 0 1411440 164106 2065830 24800
0 461 0 0 1417380 164890 2074732 24900
0 463 0 0 1423270 165657 2083520 25000
0 465 0 0 1429123 166420 2092201 25100
0 467 0 0 1434954 167212 2100867 25200
0 469 0 0 1440912 167996 2109764 25300
0 471 0 0 1446772 168844 2118490 25400
0 472 0 0 1452620 169641 2127227 25500
0 473 0 0 1458578 170457 2136259 25600
0 476 0 0 1464319 171325 2145138 25700
0 480 0 0 1470175 172183 2154114 25800
0 482 0 0 1476157 173005 2163111 25900
0 483 0 0 1481919 173892 2172029 26000
0 483 0 0 1487766 174731 2181015 26100
0 484 0 0 1493601 175548 2189939 26200
0 485 0 0 1499518 176368 2199149 26300
0 486 0 0 1505462 177233 2208412 26400
0 487 0 0 1511367 177998 2217630 26500
0 489 0 0 1517342 178730 2226551 26600
0 492 0 0 1523335 179568 2235574 26700
0 492 0 0 1529187 180356 2244378 26800
0 496 0 0 1535048 181181 2253205 26900
0 497 0 0 1540862 181917 2262007 27000
0 499 0 0 1546774 182750 2270994 27100
0 500 0 0 1552630 183671 2279983 27200
0 502 0 0 1558534 184511 2289010 27300
0 503 0 0 1564439 185371 2297992 27400
0 504 0 0 1570335 186198 2306910 27500
0 505 0 0 1576224 187176 2315753 27600
0 505 0 0 1582133 188149 2324620 27700
0 507 0 0 1587911 189151 2333488 27800
0 507 0 0 1593698 190100 2342546 27900
0 508 0 0 1599630 191076 2351818 28000
0 509 0 0 1605617 191993 2361433 28100
0 509 0 0 1611593 192896 2371061 28200
0 509 0 0 1617707 193772 2380863 28300
0 513 0 0 1623848 194710 2390702 28400
0 516 0 0 1629953 195669 2400463 28500
0 516 0 0 1636061 196576 2410098 28600
0 518 0 0 1642073 197414 2419302 28700
0 519 0 0 1647947 198300 2428269 28800
0 519 0 0 1653869 199123 2437069 28900
0 520 0 0 1659730 199925 2445715 29000
0 521 0 0 1665503 200673 2454330 29100
0 522 0 0 1671298 201452 2462959 29200
0 524 0 0 1677135 202211 2471598 29300
0 524 0 0 1682955 202922 2480142 29400
0 524 0 0 1688753 203643 2488622 29500
0 524 0 0 1694582 204349 2497088 29600
0 525 0 0 1700299 205050 2505529 29700
0 526 0 0 1706103 205755 2513975 29800
0 528 0 0 1711990 206454 2522448 29900
0 533 0 0 1717799 207153 2531054 30000
0 534 0 0 1723701 207881 2539725 30100
0 537 0 0 1729519 208609 2548181 30200
0 540 0 0 1735413 209301 2556614 30300
0 541 0 0 1741194 210030 2565073 30400
0 543 0 0 1747051 210740 2573547 30500
0 544 0 0 1752950 211490 2582185 30600
0 545 0 0 1758757 212146 2590691 30700
0 547 0 0 1764593 212865 2599264 30800
0 548 0 0 1770491 213557 2607757 30900
0 548 0 0 1776388 214201 2616025 31000
0 550 0 0 1782164 214894 2624257 31100
0 550 0 0 1787894 215593 2632231 31200
0 552 0 0 1793717 216218 2640145 31300
0 553 0 0 1799592 216794 2648084 31400
0 553 0 0 1805228 217464 2655986 31500
0 554 0 0 1811074 218076 2663996 31600
0 555 0 0 1816781 218767 2672119 31700
0 556 0 0 1822689 219408 2680474 31800
0 556 0 0 1828451 220097 2688997 31900
0 558 0 0 1834352 220775 2697645 32000
0 558 0 0 1840202 221433 2706277 32100
0 559 0 0 1846027 222128 2714807 32200
0 560 0 0 1851956 222742 2723371 32300
0 560 0 0 1857810 223444 2732009 32400
0 560 0 0 1863729 224164 2740787 32500
0 562 0 0 1869589 224922 2749648 32600
0 562 0 0 1875512 225653 2758633 32700
0 562 0 0 1881364 226360 2767532 32800
0 562 0 0 1887128 227158 2776352 32900
0 562 0 0 1892939 227911 2785080 33000
0 562 0 0 1898777 228649 2793764 33100
0 566 0 0 1904499 229425 2802331 33200
0 566 0 0 1910270 230241 2810908 33300
0 566 0 0 1916038 231018 2819386 33400
0 567 0 0 1921812 231767 2827973 33500
0 567 0 0 1927535 232552 2836434 33600
0 568 0 0 1933240 233289 2844884 33700
0 568 0 0 1939037 234080 2853475 33800
0 569 0 0 1944731 234808 2862032 33900
0 570 0 0 1950521 235599 2870779 34000
0 572 0 0 1956384 236363 2879631 34100
0 572 0 0 1962169 237106 2888230 34200
0 574 0 0 1967990 237884 2896936 34300
0 576 0 0 1973843 238633 2905615 34400
0 576 0 0 1979693 239417 2914034 34500
0 576 0 0 1985456 240196 2922326 34600
0 577 0 0 1991183 241022 2930587 34700
0 577 0 0 1996904 241823 2938821 34800
0 578 0 0 2002530 242718 2947178 34900
0 579 0 0 2008343 243546 2955711 35000
0 580 0 0 2014091 244430 2964201 35100
0 583 0 0 2019969 245316 2973178 35200
0 583 0 0 2025701 246229 2982146 35300
0 585 0 0 2031575 247192 2991266 35400
0 587 0 0 2037492 248170 3000585 35500
0 588 0 0 2043324 249064 3009698 35600
0 589 0 0 2049260 249984 3018954 35700
0 590 0 0 2055135 250847 3028066 35800
0 591 0 0 2061029 251701 3037040 35900
0 591 0 0 2066868 252653 3045834 36000
0 591 0 0 2072700 253539 3054488 36100
0 592 0 0 2078382 254402 3062849 36200
0 597 0 0 2084157 255208 3071356 36300
0 600 0 0 2089954 256003 3079967 36400
0 601 0 0 2095801 256781 3088487 36500
0 603 0 0 2101756 257557 3097243 36600
0 605 0 0 2107456 258272 3105744 36700
0 606 0 0 2113318 259010 3114384 36800
0 606 0 0 2119208 259732 3122943 36900
0 606 0 0 2124993 260395 3131310 37000
0 606 0 0 2130782 261031 3139589 37100
0 607 0 0 2136649 261722 3147968 37200
0 608 0 0 2142398 262410 3156276 37300
0 608 0 0 2148176 263092 3164635 37400
0 608 0 0 2153908 263733 3172984 37500
0 609 0 0 2159734 264400 3181524 37600
0 611 0 0 2165579 265127 3190285 37700
0 613 0 0 2171609 265834 3199208 37800
0 614 0 0 2177459 266500 3207966 37900
0 614 0 0 2183476 267150 3216797 38000
0 616 0 0 2189282 267864 3225458 38100
0 617 0 0 2195135 268567 3234120 38200
0 617 0 0 2201036 269254 3242788 38300
0 619 0 0 2206868 269888 3251069 38400
0 620 0 0 2212634 270560 3259356 38500
0 621 0 0 2218471 271237 3267926 38600
0 623 0 0 2224254 271876 3276399 38700
0 625 0 0 2230177 272509 3285180 38800
0 627 0 0 2236198 273122 3293978 38900
0 628 0 0 2242139 273773 3302735 39000
0 629 0 0 2247994 274456 3311465 39100
0 634 0 0 2253954 275137 3320185 39200
0 634 0 0 2259760 275841 3328675 39300
0 637 0 0 2265645 276518 3337032 39400
0 637 0 0 2271419 277177 3345330 39500
0 638 0 0 2277216 277898 3353495 39600
0 640 0 0 2282869 278535 3361355 39700
0 641 0 0 2288639 279186 3369354 39800
0 641 0 0 2294219 279866 3377154 39900
0 642 0 0 2299918 280513 3385120 40000
0 643 0 0 2305672 281187 3393260 40100
0 644 0 0 2311440 281854 3401398 40200
0 644 0 0 2317263 282598 3409679 40300
0 645 0 0 2322961 283356 3417905 40400
0 646 0 0 2328793 284050 3426243 40500
0 647 0 0 2334613 284730 3434625 40600
0 649 0 0 2340340 285475 3443178 40700
0 650 0 0 2346224 286158 3451693 40800
0 651 0 0 2352079 286801 3460237 40900
0 651 0 0 2357781 287528 3468783 41000
0 653 0 0 2363683 288251 3477412 41100
0 653 0 0 2369459 288980 3485937 41200
0 657 0 0 2375123 289731 3494397 41300
0 658 0 0 2380940 290446 3502898 41400
0 658 0 0 2386701 291178 3511434 41500
0 660 0 0 2392505 291902 3520145 41600
0 660 0 0 2398401 292643 3528980 41700
0 662 0 0 2404218 293346 3537741 41800
0 664 0 0 2409985 294058 3546321 41900
0 666 0 0 2415779 294856 3554970 42000
0 667 0 0 2421650 295618 3563600 42100
0 670 0 0 2427509 296421 3572289 42200
0 672 0 0 2433344 297193 3580976 42300
0 672 0 0 2439008 297935 3589405 42400
0 672 0 0 2444811 298638 3598030 42500
0 673 0 0 2450590 299381 3606483 42600
0 676 0 0 2456273 300101 3614829 42700
0 677 0 0 2462062 300810 3623438 42800
0 679 0 0 2467807 301611 3632044 42900
0 681 0 0 2473767 302374 3641053 43000
0 682 0 0 2479446 303150 3649792 43100
0 685 0 0 2485272 303890 3658573 43200
0 686 0 0 2491010 304613 3667430 43300
0 686 0 0 2496882 305399 3676576 43400
0 687 0 0 2502742 306222 3685520 43500
0 689 0 0 2508602 307001 3694517 43600
0 691 0 0 2514371 307689 3703112 43700
0 692 0 0 2520236 308379 3711705 43800
0 694 0 0 2525984 309089 3720154 43900
0 697 0 0 2531787 309842 3728811 44000
0 697 0 0 2537635 310526 3737477 44100
0 700 0 0 2543468 311240 3746082 44200
0 704 0 0 2549332 311925 3754604 44300
0 705 0 0 2555170 312600 3762989 44400
0 706 0 0 2560872 313252 3771137 44500
0 707 0 0 2566698 313794 3779324 44600
0 707 0 0 2572451 314343 3787447 44700
0 711 0 0 2578231 314870 3795509 44800
0 712 0 0 2583996 315436 3803355 44900
0 712 0 0 2589691 315963 3811129 45000
0 713 0 0 2595287 316525 3818972 45100
0 715 0 0 2601037 317139 3827065 45200
0 716 0 0 2606839 317801 3835253 45300
0 718 0 0 2612502 318433 3843355 45400
0 719 0 0 2618400 319120 3851790 45500
0 722 0 0 2624123 319761 3860029 45600
0 724 0 0 2629869 320406 3868305 45700
0 724 0 0 2635631 321131 3876541 45800
0 725 0 0 2641362 321754 3884771 45900
0 727 0 0 2647090 322359 3892843 46000
0 728 0 0 2652809 323003 3900907 46100
0 731 0 0 2658602 323710 3909221 46200
0 731 0 0 2664393 324408 3917485 46300
0 731 0 0 2670188 325041 3925657 46400
0 733 0 0 2675901 325833 3933896 46500
0 735 0 0 2681736 326581 3942261 46600
0 736 0 0 2687509 327341 3950589 46700
0 738 0 0 2693201 328094 3958761 46800
0 739 0 0 2698966 328888 3967069 46900
0 739 0 0 2704637 329627 3975160 47000
0 741 0 0 2710384 330367 3983418 47100
0 742 0 0 2716194 331161 3991812 47200
0 744 0 0 2721830 331984 4000095 47300
0 745 0 0 2727665 332870 4008728 47400
0 746 0 0 2733429 333729 4017434 47500
0 749 0 0 2739240 334553 4026024 47600
0 750 0 0 2745066 335380 4034733 47700
0 753 0 0 2750840 336371 4043732 47800
0 756 0 0 2756661 337296 4052734 47900
0 757 0 0 2762718 338268 4062055 48000
0 759 0 0 2768675 339188 4071432 48100
0 762 0 0 2774592 340132 4080584 48200
0 762 0 0 2780516 341132 4089893 48300
0 767 0 0 2786515 342109 4099270 48400
0 767 0 0 2792393 343037 4108384 48500
0 772 0 0 2798321 343948 4117630 48600
0 772 0 0 2804221 344827 4126726 48700
0 773 0 0 2810175 345654 4135742 48800
0 773 0 0 2816034 346416 4144645 48900
0 773 0 0 2821887 347188 4153585 49000
0 774 0 0 2827774 347952 4162495 49100
0 777 0 0 2833737 348655 4171319 49200
0 778 0 0 2839593 349331 4179918 49300
0 779 0 0 2845464 350005 4188495 49400
0 779 0 0 2851306 350714 4197109 49500
0 780 0 0 2857081 351399 4205552 49600
0 781 0 0 2863011 352131 4214115 49700
0 783 0 0 2868794 352808 4222496 49800
0 783 0 0 2874597 353455 4230838 49900
0 785 0 0 2880441 354061 4238955 50000
0 786 0 0 2886260 354675 4247223 50100
0 786 0 0 2892056 355381 4255493 50200
0 786 0 0 2897743 356047 4263479 50300
0 787 0 0 2903570 356693 4271524 50400
0 787 0 0 2909233 357336 4279377 50500
0 788 0 0 2914984 357987 4287341 50600
0 788 0 0 2920796 358611 4295431 50700
0 788 0 0 2926540 359264 4303733 50800
0 788 0 0 2932352 359916 4312309 50900
0 791 0 0 2938260 360584 4321028 51000
0 791 0 0 2944148 361189 4329714 51100
0 793 0 0 2949967 361879 4338220 51200
0 793 0 0 2955795 362626 4346719 51300
0 794 0 0 2961522 363427 4355097 51400
0 796 0 0 2967357 364083 4363604 51500
0 797 0 0 2973124 364857 4372128 51600
0 797 0 0 2978950 365622 4380873 51700
0 799 0 0 2984766 366363 4389601 51800
0 801 0 0 2990626 367207 4398334 51900
0 804 0 0 2996471 368064 4407197 52000
0 806 0 0 3002300 369031 4416105 52100
0 807 0 0 3008121 369869 4424912 52200
0 808 0 0 3014026 370769 4433829 52300
0 809 0 0 3019841 371642 4442593 52400
0 810 0 0 3025687 372547 4451442 52500
0 812 0 0 3031656 373421 4460616 52600
0 812 0 0 3037452 374345 4469529 52700
0 812 0 0 3043475 375215 4478619 52800
0 813 0 0 3049347 376045 4487554 52900
0 814 0 0 3055350 376948 4496662 53000
0 816 0 0 3061229 377878 4505623 53100
0 817 0 0 3067181 378843 4514682 53200
0 817 0 0 3073004 379704 4523633 53300
0 819 0 0 3078853 380610 4532815 53400
0 819 0 0 3084833 381559 4542149 53500
0 821 0 0 3090745 382505 4551521 53600
0 822 0 0 3096821 383479 4561119 53700
0 822 0 0 3102831 384383 4570474 53800
0 824 0 0 3108808 385268 4579698 53900
0 824 0 0 3114709 386076 4588589 54000
0 824 0 0 3120616 386980 4597548 54100
0 827 0 0 3126407 387801 4606387 54200
0 827 0 0 3132357 388602 4615287 54300
0 829 0 0 3138459 389292 4624246 54400
0 831 0 0 3144238 389943 4632836 54500
0 834 0 0 3150208 390546 4641355 54600
0 835 0 0 3156046 391198 4650019 54700
0 836 0 0 3161933 391827 4658416 54800
0 839 0 0 3167866 392376 4666817 54900
0 841 0 0 3173774 393077 4675431 55000
0 842 0 0 3179570 393680 4683938 55100
0 845 0 0 3185546 394310 4692561 55200
0 845 0 0 3191371 395037 4701111 55300
0 847 0 0 3197233 395696 4709610 55400
0 850 0 0 3203202 396371 4718159 55500
0 852 0 0 3208964 397012 4726524 55600
0 856 0 0 3214895 397719 4735021 55700
0 857 0 0 3220727 398428 4743459 55800
0 860 0 0 3226653 399128 4752022 55900
0 862 0 0 3232569 399823 4760659 56000
0 864 0 0 3238343 400526 4769109 56100
0 868 0 0 3244255 401221 4777781 56200
0 868 0 0 3250209 401896 4786408 56300
0 870 0 0 3256031 402485 4794765 56400
0 872 0 0 3261985 403131 4803290 56500
0 874 0 0 3267808 403800 4811599 56600
0 876 0 0 3273652 404510 4819961 56700
0 877 0 0 3279437 405210 4828302 56800
0 878 0 0 3285294 405887 4836798 56900
0 880 0 0 3291070 406583 4845183 57000
0 881 0 0 3296953 407280 4853781 57100
0 882 0 0 3302854 407937 4862506 57200
0 884 0 0 3308749 408673 4871309 57300
0 884 0 0 3314683 409321 4880015 57400
0 884 0 0 3320629 409967 4888738 57500
0 885 0 0 3326490 410604 4897372 57600
0 885 0 0 3332417 411292 4906082 57700
0 887 0 0 3338215 411977 4914631 57800
0 889 0 0 3344139 412657 4923196 57900
0 889 0 0 3349996 413329 4931780 58000
0 890 0 0 3355975 413996 4940415 58100
0 892 0 0 3361718 414690 4948875 58200
0 893 0 0 3367693 415386 4957590 58300
0 896 0 0 3373620 416060 4966383 58400
0 898 0 0 3379636 416806 4975250 58500
0 898 0 0 3385509 417485 4983715 58600
0 898 0 0 3391411 418158 4992262 58700
0 898 0 0 3397346 418823 5000883 58800
0 900 0 0 3403203 419549 5009478 58900
0 900 0 0 3409103 420211 5018022 59000
0 901 0 0 3414966 420821 5026611 59100
0 902 0 0 3421092 421430 5035563 59200
0 902 0 0 3427044 422104 5044416 59300
0 905 0 0 3432893 422794 5052990 59400
0 905 0 0 3438796 423438 5061439 59500
0 907 0 0 3444686 424081 5069784 59600
0 909 0 0 3450427 424739 5077997 59700
0 911 0 0 3456380 425478 5086464 59800
0 912 0 0 3462152 426212 5094850 59900
0 914 0 0 3468005 426949 5103455 60000
0 914 0 0 3473857 427716 5112171 60100
0 915 0 0 3479738 428514 5121097 60200
0 915 0 0 3485752 429306 5130307 60300
0 915 0 0 3491681 430065 5139457 60400
0 915 0 0 3497613 430851 5148664 60500
0 916 0 0 3503692 431708 5157988 60600
0 917 0 0 3509674 432552 5167209 60700
0 918 0 0 3515686 433365 5176387 60800
0 919 0 0 3521514 434252 5185442 60900
0 920 0 0 3527355 435186 5194683 61000
0 920 0 0 3533226 436097 5203826 61100
0 920 0 0 3539134 437030 5213264 61200
0 922 0 0 3545027 437997 5222751 61300
0 922 0 0 3550973 438893 5232203 61400
0 922 0 0 3556873 439777 5241556 61500
0 923 0 0 3562773 440763 5251157 61600
0 923 0 0 3568679 441730 5260860 61700
0 923 0 0 3574575 442766 5270527 61800
0 925 0 0 3580437 443737 5280044 61900
0 926 0 0 3586338 444661 5289504 62000
0 927 0 0 3592244 445681 5299195 62100
0 928 0 0 3598351 446633 5309011 62200
0 928 0 0 3604330 447596 5318674 62300
0 929 0 0 3610262 448564 5328040 62400
0 931 0 0 3616172 449582 5337376 62500
0 932 0 0 3622078 450463 5346538 62600
0 932 0 0 3627909 451358 5355606 62700
0 933 0 0 3633759 452220 5364728 62800
0 934 0 0 3639695 453169 5373761 62900
0 935 0 0 3645469 454049 5382576 63000
0 935 0 0 3651376 454832 5391373 63100
0 935 0 0 3657156 455608 5400098 63200
0 935 0 0 3663017 456438 5409003 63300
0 935 0 0 3668978 457246 5418093 63400
0 935 0 0 3674879 458064 5427216 63500
0 935 0 0 3680803 458958 5436409 63600
0 935 0 0 3686779 459851 5445741 63700
0 935 0 0 3692692 460745 5455077 63800
0 935 0 0 3698619 461681 5464484 63900
0 935 0 0 3704583 462612 5473795 64000
0 936 0 0 3710557 463538 5483145 64100
0 936 0 0 3716483 464438 5492466 64200
0 937 0 0 3722479 465366 5502176 64300
0 939 0 0 3728532 466266 5511960 64400
0 941 0 0 3734515 467115 5521623 64500
0 943 0 0 3740573 467959 5531286 64600
0 944 0 0 3746557 468777 5540878 64700
0 946 0 0 3752671 469608 5550383 64800
0 946 0 0 3758698 470489 5559929 64900
0 946 0 0 3764707 471261 5569231 65000
0 946 0 0 3770727 472061 5578381 65100
0 947 0 0 3776594 472839 5587137 65200
0 948 0 0 3782489 473489 5595823 65300
0 949 0 0 3788266 474199 5604435 65400
0 950 0 0 3794061 474891 5613135 65500
0 951 0 0 3799779 475597 5621694 65600
0 951 0 0 3805662 476269 5630393 65700
0 954 0 0 3811467 476922 5638892 65800
0 955 0 0 3817230 477528 5647341 65900
0 956 0 0 3823090 478151 5655869 66000
0 958 0 0 3828782 478820 5664192 66100
0 959 0 0 3834677 479423 5672638 66200
0 960 0 0 3840453 480049 5681067 66300
0 960 0 0 3846369 480653 5689470 66400
0 960 0 0 3852247 481371 5697927 66500
0 960 0 0 3857948 482071 5706217 66600
0 961 0 0 3863872 482729 5714869 66700
0 961 0 0 3869754 483447 5723522 66800
0 961 0 0 3875645 484123 5732091 66900
0 963 0 0 3881653 484776 5740682 67000
0 963 0 0 3887563 485458 5749319 67100
0 966 0 0 3893376 486119 5757779 67200
0 966 0 0 3899213 486752 5766171 67300
0 967 0 0 3905047 487404 5774597 67400
0 969 0 0 3910913 488077 5782988 67500
0 970 0 0 3916805 488744 5791406 67600
0 972 0 0 3922611 489377 5799875 67700
0 972 0 0 3928486 490107 5808468 67800
0 972 0 0 3934312 490833 5816988 67900
0 976 0 0 3940274 491550 5825706 68000
0 976 0 0 3946119 492338 5834685 68100
0 978 0 0 3951984 493070 5843487 68200
0 980 0 0 3957866 493794 5852227 68300
0 984 0 0 3963773 494532 5861085 68400
0 986 0 0 3969680 495282 5869999 68500
0 987 0 0 3975645 496049 5879033 68600
0 988 0 0 3981597 496877 5887891 68700
0 990 0 0 3987441 497680 5896558 68800
0 991 0 0 3993231 498431 5905158 68900
0 992 0 0 3998974 499191 5913739 69000
0 992 0 0 4004894 499987 5922616 69100
0 992 0 0 4010812 500777 5931518 69200
0 992 0 0 4016607 501575 5940292 69300
0 992 0 0 4022473 502306 5949194 69400
0 992 0 0 4028340 503046 5958218 69500
0 992 0 0 4034283 503809 5967281 69600
0 996 0 0 4040230 504589 5976505 69700
0 999 0 0 4046151 505422 5985816 69800
0 1002 0 0 4052130 506211 5994985 69900
0 1005 0 0 4058183 506982 6004169 70000
0 1008 0 0 4064001 507793 6013248 70100
0 1010 0 0 4069909 508538 6022213 70200
0 1012 0 0 4075873 509319 6031259 70300
0 1014 0 0 4081728 510087 6039955 70400
0 1016 0 0 4087626 510833 6048621 70500
0 1020 0 0 4093419 511496 6057048 70600
0 1020 0 0 4099191 512206 6065438 70700
0 1021 0 0 4104936 512883 6073811 70800
0 1023 0 0 4110737 513567 6082237 70900
0 1025 0 0 4116708 514313 6090970 71000
0 1027 0 0 4122491 515056 6099520 71100
0 1030 0 0 4128322 515846 6108164 71200
0 1030 0 0 4134238 516580 6116870 71300
0 1030 0 0 4140129 517293 6125587 71400
0 1031 0 0 4145994 518042 6134289 71500
0 1033 0 0 4151976 518717 6142980 71600
0 1033 0 0 4157797 519402 6151303 71700
0 1034 0 0 4163664 520116 6159656 71800
0 1034 0 0 4169439 520838 6167959 71900
0 1034 0 0 4175326 521471 6176309 72000
0 1035 0 0 4181123 522106 6184712 72100
0 1035 0 0 4187011 522814 6193288 72200
0 1035 0 0 4192781 523522 6201739 72300
0 1035 0 0 4198688 524249 6210295 72400
0 1035 0 0 4204646 524931 6218831 72500
0 1035 0 0 4210455 525629 6227235 72600
0 1037 0 0 4216224 526342 6235653 72700
0 1038 0 0 4222077 527013 6244131 72800
0 1039 0 0 4227947 527698 6252931 72900
0 1039 0 0 4233882 528428 6261926 73000
0 1042 0 0 4239845 529260 6270967 73100
0 1043 0 0 4245700 530033 6279795 73200
0 1043 0 0 4251660 530742 6288602 73300
0 1043 0 0 4257542 531472 6297428 73400
0 1043 0 0 4263458 532196 6306196 73500
0 1043 0 0 4269309 532896 6314877 73600
0 1044 0 0 4275239 533619 6323831 73700
0 1044 0 0 4281096 534354 6332640 73800
0 1044 0 0 4287054 535037 6341490 73900
0 1044 0 0 4292979 535812 6350330 74000
0 1045 0 0 4298763 536497 6359000 74100
0 1046 0 0 4304611 537229 6367631 74200
0 1046 0 0 4310575 538026 6376440 74300
0 1046 0 0 4316411 538751 6385033 74400
0 1048 0 0 4322218 539486 6393595 74500
0 1049 0 0 4328112 540230 6402336 74600
0 1049 0 0 4333877 540960 6410986 74700
0 1049 0 0 4339791 541745 6419820 74800
0 1051 0 0 4345609 542469 6428527 74900
0 1053 0 0 4351518 543226 6437320 75000
0 1054 0 0 4357476 544032 6446186 75100
0 1056 0 0 4363338 544780 6454796 75200
0 1057 0 0 4369267 545527 6463532 75300
0 1058 0 0 4375130 546232 6472096 75400
0 1058 0 0 4380979 546865 6480528 75500
0 1059 0 0 4386794 547589 6488902 75600
0 1059 0 0 4392636 548281 6497254 75700
0 1060 0 0 4398505 548872 6505452 75800
0 1061 0 0 4404351 549473 6513738 75900
0 1062 0 0 4410196 550055 6522019 76000
0 1063 0 0 4415929 550643 6530083 76100
0 1064 0 0 4421835 551218 6538242 76200
0 1065 0 0 4427683 551885 6546378 76300
0 1066 0 0 4433416 552568 6554517 76400
0 1068 0 0 4439149 553195 6562577 76500
0 1069 0 0 4444962 553834 6570632 76600
0 1069 0 0 4450654 554520 6578670 76700
0 1070 0 0 4456582 555194 6587086 76800
0 1071 0 0 4462203 555914 6595374 76900
0 1073 0 0 4468127 556575 6604185 77000
0 1073 0 0 4474055 557322 6613062 77100
0 1074 0 0 4479957 558026 6621828 77200
0 1075 0 0 4485921 558789 6630682 77300
0 1075 0 0 4491803 559505 6639342 77400
0 1077 0 0 4497620 560235 6648023 77500
0 1077 0 0 4503585 560975 6656896 77600
0 1079 0 0 4509481 561738 6665633 77700
0 1079 0 0 4515382 562517 6674518 77800
0 1080 0 0 4521285 563306 6683279 77900
0 1080 0 0 4527132 564099 6691928 78000
0 1081 0 0 4533049 564857 6700660 78100
0 1083 0 0 4538831 565623 6709333 78200
0 1085 0 0 4544596 566348 6717980 78300
0 1086 0 0 4550510 567065 6726608 78400
0 1087 0 0 4556500 567783 6735463 78500
0 1087 0 0 4562309 568462 6743864 78600
0 1088 0 0 4568273 569107 6752431 78700
0 1088 0 0 4574144 569837 6760762 78800
0 1088 0 0 4579863 570482 6769027 78900
0 1088 0 0 4585709 571067 6777219 79000
0 1088 0 0 4591534 571656 6785601 79100
0 1088 0 0 4597385 572286 6794031 79200
0 1089 0 0 4603168 573015 6802522 79300
0 1089 0 0 4609157 573683 6811101 79400
0 1092 0 0 4614944 574294 6819311 79500
0 1094 0 0 4620717 574887 6827693 79600
0 1095 0 0 4626616 575542 6836134 79700
0 1095 0 0 4632441 576189 6844374 79800
0 1097 0 0 4638301 576856 6852677 79900
0 1099 0 0 4644081 577526 6860931 80000
0 1099 0 0 4649928 578149 6869072 80100
0 1100 0 0 4655772 578828 6877297 80200
0 1102 0 0 4661437 579392 6885146 80300
0 1103 0 0 4667289 579944 6893287 80400
0 1103 0 0 4673046 580476 6901400 80500
0 1103 0 0 4678756 581037 6909522 80600
0 1104 0 0 4684673 581599 6917918 80700
0 1104 0 0 4690440 582155 6926117 80800
0 1104 0 0 4696240 582687 6934281 80900
0 1106 0 0 4702055 583286 6942658 81000
0 1107 0 0 4707904 583840 6950990 81100
0 1108 0 0 4713727 584376 6959432 81200
0 1110 0 0 4719651 584924 6967852 81300
0 1111 0 0 4725438 585527 6976110 81400
0 1112 0 0 4731132 586088 6984130 81500
0 1114 0 0 4736996 586685 6992349 81600
0 1115 0 0 4742803 587325 7000438 81700
0 1115 0 0 4748602 587973 7008603 81800
0 1115 0 0 4754270 588595 7016616 81900
0 1117 0 0 4759972 589229 7024583 82000
0 1119 0 0 4765762 589908 7032548 82100
0 1119 0 0 4771501 590570 7040519 82200
0 1120 0 0 4777208 591267 7048696 82300
0 1121 0 0 4783014 591900 7056888 82400
0 1123 0 0 4788734 592563 7064889 82500
0 1124 0 0 4794554 593214 7073195 82600
0 1127 0 0 4800333 593922 7081373 82700
0 1129 0 0 4806154 594656 7089762 82800
0 1131 0 0 4811970 595369 7098051 82900
0 1131 0 0 4817777 596121 7106548 83000
0 1132 0 0 4823568 596762 7114888 83100
0 1133 0 0 4829436 597494 7123475 83200
0 1135 0 0 4835258 598184 7131986 83300
0 1136 0 0 4841115 598973 7140609 83400
0 1137 0 0 4846876 599755 7149154 83500
0 1139 0 0 4852683 600514 7157668 83600
0 1140 0 0 4858452 601336 7166161 83700
0 1140 0 0 4864161 602126 7174576 83800
0 1140 0 0 4870058 602942 7183337 83900
0 1142 0 0 4875746 603695 7191807 84000
0 1143 0 0 4881561 604494 7200400 84100
0 1144 0 0 4887347 605316 7209025 84200
0 1144 0 0 4893091 606159 7217604 84300
0 1145 0 0 4898869 606986 7226322 84400
0 1147 0 0 4904607 607887 7234907 84500
0 1148 0 0 4910337 608792 7243394 84600
0 1148 0 0 4916116 609681 7251981 84700
0 1149 0 0 4921826 610537 7260531 84800
0 1149 0 0 4927581 611377 7268991 84900
0 1150 0 0 4933353 612258 7277551 85000
0 1150 0 0 4939057 613112 7285962 85100
0 1150 0 0 4944844 613939 7294503 85200
0 1151 0 0 4950632 614707 7302996 85300
0 1151 0 0 4956274 615479 7311247 85400
0 1153 0 0 4962069 616339 7319932 85500
0 1153 0 0 4967963 617147 7328613 85600
0 1154 0 0 4973793 617908 7337174 85700
0 1155 0 0 4979677 618712 7345780 85800
0 1155 0 0 4985540 619530 7354348 85900
0 1156 0 0 4991364 620307 7362908 86000
0 1157 0 0 4997157 621041 7371368 86100
0 1157 0 0 5002979 621783 7379867 86200
0 1157 0 0 5008837 622476 7388247 86300
0 1158 0 0 5014633 623175 7396701 86400
0 1159 0 0 5020448 623865 7405194 86500
0 1160 0 0 5026352 624527 7413729 86600
0 1161 0 0 5032126 625193 7422063 86700
0 1162 0 0 5037979 625835 7430412 86800
0 1163 0 0 5043639 626481 7438588 86900
0 1165 0 0 5049435 627065 7446761 87000
0 1166 0 0 5055276 627680 7455128 87100
0 1166 0 0 5061112 628253 7463485 87200
0 1166 0 0 5066884 628796 7471864 87300
0 1166 0 0 5072814 629352 7480455 87400
0 1167 0 0 5078661 629914 7489079 87500
0 1167 0 0 5084512 630514 7497848 87600
0 1170 0 0 5090397 631104 7506605 87700
0 1171 0 0 5096250 631686 7515385 87800
0 1173 0 0 5102153 632266 7524097 87900
0 1175 0 0 5108084 632868 7532879 88000
0 1176 0 0 5114050 633477 7541616 88100
0 1177 0 0 5119936 634041 7550165 88200
0 1181 0 0 5125887 634639 7558746 88300
0 1182 0 0 5131674 635270 7567275 88400
0 1183 0 0 5137462 635832 7575554 88500
0 1183 0 0 5143360 636457 7584135 88600
0 1184 0 0 5149174 637045 7592471 88700
0 1186 0 0 5154962 637632 7600859 88800
0 1186 0 0 5160812 638211 7609144 88900
0 1187 0 0 5166682 638729 7617434 89000
0 1187 0 0 5172489 639297 7625781 89100
0 1188 0 0 5178319 639814 7634002 89200
0 1190 0 0 5184205 640322 7642321 89300
0 1192 0 0 5189932 640925 7650460 89400
0 1195 0 0 5195743 641497 7658651 89500
0 1196 0 0 5201613 642093 7666975 89600
0 1198 0 0 5207529 642720 7675315 89700
0 1199 0 0 5213284 643353 7683596 89800
0 1199 0 0 5219047 644001 7691854 89900
0 1201 0 0 5224852 644669 7700322 90000
0 1202 0 0 5230732 645293 7708740 90100
0 1204 0 0 5236548 645948 7717220 90200
0 1205 0 0 5242270 646630 7725551 90300
0 1205 0 0 5248008 647276 7733903 90400
0 1205 0 0 5253834 647961 7742477 90500
0 1206 0 0 5259611 648661 7750973 90600
0 1207 0 0 5265428 649363 7759567 90700
0 1208 0 0 5271267 650104 7768210 90800
0 1209 0 0 5277280 650819 7776981 90900
0 1212 0 0 5283130 651598 7785476 91000
0 1213 0 0 5288887 652395 7793814 91100
0 1214 0 0 5294636 653104 7802263 91200
0 1215 0 0 5300474 653842 7810690 91300
0 1216 0 0 5306242 654477 7818990 91400
0 1217 0 0 5312017 655162 7827285 91500
0 1219 0 0 5317864 655818 7835738 91600
0 1219 0 0 5323631 656504 7844154 91700
0 1220 0 0 5329378 657165 7852511 91800
0 1221 0 0 5335173 657775 7860898 91900
0 1221 0 0 5340989 658384 7869326 92000
0 1222 0 0 5346785 659114 7877591 92100
0 1222 0 0 5352534 659780 7885814 92200
0 1222 0 0 5358227 660356 7893737 92300
0 1222 0 0 5363938 660935 7901514 92400
0 1224 0 0 5369658 661567 7909514 92500
0 1225 0 0 5375408 662230 7917606 92600
0 1227 0 0 5381102 662880 7925797 92700
0 1227 0 0 5386836 663559 7933943 92800
0 1229 0 0 5392746 664163 7942458 92900
0 1229 0 0 5398484 664768 7950792 93000
0 1231 0 0 5404301 665371 7959062 93100
0 1232 0 0 5410129 665991 7967405 93200
0 1233 0 0 5415904 666614 7975670 93300
0 1233 0 0 5421703 667228 7983907 93400
0 1234 0 0 5427573 667905 7992249 93500
0 1234 0 0 5433419 668531 8000515 93600
0 1237 0 0 5439146 669211 8008765 93700
0 1237 0 0 5444931 669881 8017015 93800
0 1238 0 0 5450764 670508 8025365 93900
0 1239 0 0 5456586 671134 8033745 94000
0 1240 0 0 5462398 671831 8042141 94100
0 1242 0 0 5468223 672589 8050654 94200
0 1245 0 0 5474105 673276 8059202 94300
0 1246 0 0 5479928 674042 8067846 94400
0 1247 0 0 5485738 674763 8076461 94500
0 1249 0 0 5491616 675501 8085046 94600
0 1251 0 0 5497520 676151 8093664 94700
0 1254 0 0 5503384 676836 8102239 94800
0 1255 0 0 5509192 677567 8110812 94900
0 1256 0 0 5515144 678287 8119541 95000
0 1258 0 0 5520922 678949 8127898 95100
0 1259 0 0 5526878 679642 8136492 95200
0 1259 0 0 5532617 680334 8144888 95300
0 1259 0 0 5538402 681034 8153336 95400
0 1260 0 0 5544142 681753 8161668 95500
0 1260 0 0 5550010 682466 8170115 95600
0 1260 0 0 5555801 683145 8178388 95700
0 1260 0 0 5561567 683814 8186615 95800
0 1260 0 0 5567269 684570 8194960 95900
0 1260 0 0 5573027 685264 8203108 96000
0 1260 0 0 5578781 685954 8211187 96100
0 1261 0 0 5584416 686654 8219158 96200
0 1261 0 0 5590102 687345 8227182 96300
0 1262 0 0 5595724 688052 8235137 96400
0 1263 0 0 5601515 688798 8243353 96500
0 1264 0 0 5607125 689487 8251302 96600
0 1264 0 0 5612818 690225 8259379 96700
0 1264 0 0 5618521 690905 8267359 96800
0 1264 0 0 5624238 691645 8275534 96900
0 1265 0 0 5629896 692398 8283711 97000
0 1265 0 0 5635657 693095 8291926 97100
0 1265 0 0 5641449 693841 8300233 97200
0 1265 0 0 5647271 694543 8308657 97300
0 1265 0 0 5653071 695307 8317288 97400
0 1266 0 0 5659011 696032 8325891 97500
0 1267 0 0 5664782 696709 8334346 97600
0 1267 0 0 5670624 697432 8342906 97700
0 1267 0 0 5676322 698121 8351273 97800
0 1268 0 0 5682117 698792 8359528 97900
0 1269 0 0 5687957 699523 8367907 98000
0 1271 0 0 5693685 700170 8375971 98100
0 1271 0 0 5699460 700774 8384012 98200
0 1271 0 0 5705254 701353 8392047 98300
0 1271 0 0 5710959 701906 8399866 98400
0 1272 0 0 5716710 702487 8407781 98500
0 1273 0 0 5722459 703053 8415555 98600
0 1273 0 0 5728156 703595 8423311 98700
0 1274 0 0 5733766 704125 8430929 98800
0 1274 0 0 5739463 704659 8438643 98900
0 1276 0 0 5745232 705279 8446555 99000
0 1277 0 0 5750910 705915 8454492 99100
0 1278 0 0 5756746 706575 8462781 99200
0 1279 0 0 5762640 707212 8471044 99300
0 1280 0 0 5768475 707870 8479225 99400
0 1282 0 0 5774318 708484 8487473 99500
0 1284 0 0 5780188 709123 8496011 99600
0 1285 0 0 5786100 709732 8504682 99700
0 1286 0 0 5791907 710385 8513118 99800
0 1286 0 0 5797757 711018 8521709 99900
0 1288 0 0 5803738 711725 8530655 100000
0 1289 0 0 5809599 712417 8539543 100100
0 1289 0 0 5815576 713136 8548513 100200
0 1291 0 0 5821407 713801 8557297 100300
0 1292 0 0 5827437 714489 8566191 100400
0 1294 0 0 5833355 715139 8574911 100500
0 1295 0 0 5839189 715796 8583606 100600
0 1295 0 0 5845121 716524 8592468 100700
0 1295 0 0 5851022 717278 8601307 100800
0 1295 0 0 5856943 717950 8609742 100900
0 1295 0 0 5862788 718647 8618040 101000
0 1295 0 0 5868390 719393 8626154 101100
0 1296 0 0 5874196 720049 8634308 101200
0 1296 0 0 5879947 720725 8642390 101300
0 1296 0 0 5885744 721373 8650442 101400
0 1296 0 0 5891457 721969 8658432 101500
0 1297 0 0 5897289 722642 8666836 101600
0 1297 0 0 5903116 723256 8675190 101700
0 1297 0 0 5908822 723866 8683539 101800
0 1298 0 0 5914711 724468 8691928 101900
0 1298 0 0 5920501 725064 8700275 102000
0 1298 0 0 5926347 725617 8708486 102100
0 1298 0 0 5931934 726091 8716465 102200
0 1299 0 0 5937773 726565 8724684 102300
0 1299 0 0 5943682 727048 8732814 102400
0 1299 0 0 5949409 727523 8740639 102500
0 1299 0 0 5955128 728052 8748520 102600
0 1299 0 0 5960906 728535 8756268 102700
0 1299 0 0 5966707 729058 8764102 102800
0 1300 0 0 5972383 729608 8771958 102900
0 1300 0 0 5978094 730138 8779779 103000
0 1302 0 0 5983817 730643 8787637 103100
0 1304 0 0 5989511 731162 8795546 103200
0 1305 0 0 5995277 731735 8803448 103300
0 1307 0 0 6001090 732353 8811586 103400
0 1308 0 0 6006816 732954 8819442 103500
0 1308 0 0 6012575 733517 8827408 103600
0 1309 0 0 6018396 734061 8835493 103700
0 1309 0 0 6024137 734573 8843460 103800
0 1312 0 0 6029895 735133 8851487 103900
0 1312 0 0 6035673 735658 8859498 104000
0 1312 0 0 6041533 736243 8867630 104100
0 1312 0 0 6047318 736804 8875654 104200
0 1312 0 0 6053071 737404 8883595 104300
0 1312 0 0 6058896 737949 8891427 104400
0 1312 0 0 6064615 738503 8899302 104500
0 1313 0 0 6070351 739037 8907117 104600
0 1313 0 0 6076172 739587 8914984 104700
0 1314 0 0 6081892 740142 8922850 104800
0 1314 0 0 6087670 740716 8930882 104900
0 1315 0 0 6093456 741294 8939085 105000
0 1315 0 0 6099189 741892 8947305 105100
0 1315 0 0 6105073 742555 8955655 105200
0 1315 0 0 6110845 743287 8963737 105300
0 1315 0 0 6116593 743969 8971762 105400
0 1316 0 0 6122322 744638 8979773 105500
0 1318 0 0 6128082 745367 8987889 105600
0 1318 0 0 6134026 746122 8996166 105700
0 1320 0 0 6139677 746866 9004168 105800
0 1321 0 0 6145512 747666 9012437 105900
0 1323 0 0 6151287 748441 9020823 106000
0 1325 0 0 6156984 749231 9029077 106100
0 1325 0 0 6162843 749974 9037468 106200
0 1325 0 0 6168732 750762 9046079 106300
0 1325 0 0 6174497 751503 9054544 106400
0 1325 0 0 6180329 752304 9063058 106500
0 1326 0 0 6186252 753138 9071847 106600
0 1327 0 0 6191992 753918 9080392 106700
0 1328 0 0 6197765 754685 9088845 106800
0 1329 0 0 6203669 755445 9097489 106900
0 1329 0 0 6209392 756206 9106001 107000
0 1331 0 0 6215201 756977 9114823 107100
0 1332 0 0 6221030 757717 9123546 107200
0 1333 0 0 6226849 758445 9132091 107300
0 1334 0 0 6232591 759205 9140478 107400
0 1335 0 0 6238436 759897 9148866 107500
0 1337 0 0 6244143 760589 9156995 107600
0 1338 0 0 6249884 761214 9165211 107700
0 1338 0 0 6255686 761923 9173642 107800
0 1339 0 0 6261618 762536 9182024 107900
0 1339 0 0 6267318 763164 9190157 108000
0 1339 0 0 6273151 763787 9198462 108100
0 1340 0 0 6278926 764446 9206710 108200
0 1340 0 0 6284816 765074 9215167 108300
0 1340 0 0 6290618 765707 9223596 108400
0 1340 0 0 6296467 766314 9231972 108500
0 1340 0 0 6302396 766856 9240296 108600
0 1341 0 0 6308136 767448 9248718 108700
0 1341 0 0 6314053 768064 9257328 108800
0 1341 0 0 6319844 768655 9265650 108900
0 1343 0 0 6325605 769239 9273871 109000
0 1343 0 0 6331317 769844 9281972 109100
0 1343 0 0 6336993 770434 9289872 109200
0 1344 0 0 6342574 770997 9297543 109300
0 1344 0 0 6348308 771591 9305390 109400
0 1345 0 0 6353922 772225 9313230 109500
0 1346 0 0 6359610 772790 9321110 109600
0 1348 0 0 6365342 773405 9329206 109700
0 1349 0 0 6371000 774060 9337211 109800
0 1350 0 0 6376726 774690 9345201 109900
0 1351 0 0 6382433 775304 9353017 110000
0 1351 0 0 6388039 775926 9360688 110100
0 1351 0 0 6393712 776595 9368591 110200
0 1352 0 0 6399414 777272 9376656 110300
0 1352 0 0 6405083 777958 9384775 110400
0 1352 0 0 6410819 778646 9392949 110500
0 1355 0 0 6416637 779317 9401314 110600
0 1355 0 0 6422440 780024 9409902 110700
0 1357 0 0 6428279 780726 9418452 110800
0 1357 0 0 6434175 781442 9427160 110900
0 1357 0 0 6440002 782157 9435811 111000
0 1357 0 0 6445781 782933 9444359 111100
0 1358 0 0 6451656 783744 9452975 111200
0 1359 0 0 6457425 784499 9461538 111300
0 1359 0 0 6463188 785316 9470080 111400
0 1359 0 0 6469039 786062 9478662 111500
0 1359 0 0 6474908 786782 9487316 111600
0 1359 0 0 6480749 787541 9496104 111700
0 1360 0 0 6486587 788273 9504673 111800
0 1360 0 0 6492434 788985 9513311 111900
0 1360 0 0 6498373 789704 9521946 112000
0 1360 0 0 6504125 790458 9530579 112100
0 1361 0 0 6510080 791199 9539368 112200
0 1363 0 0 6515989 791916 9548004 112300
0 1364 0 0 6521877 792628 9556674 112400
0 1368 0 0 6527915 793236 9565378 112500
0 1369 0 0 6533743 793843 9573977 112600
0 1370 0 0 6539679 794472 9582622 112700
0 1370 0 0 6545525 795041 9591135 112800
0 1372 0 0 6551338 795652 9599550 112900
0 1373 0 0 6557276 796211 9607857 113000
0 1373 0 0 6563088 796713 9615959 113100
0 1374 0 0 6568780 797199 9623886 113200
0 1374 0 0 6574672 797673 9631930 113300
0 1376 0 0 6580353 798198 9639852 113400
0 1376 0 0 6586153 798711 9647980 113500
0 1377 0 0 6591959 799252 9656004 113600
0 1378 0 0 6597705 799795 9663887 113700
0 1379 0 0 6603454 800359 9671893 113800
0 1381 0 0 6609062 800916 9679647 113900
0 1382 0 0 6614809 801424 9687621 114000
0 1385 0 0 6620593 802006 9695604 114100
0 1387 0 0 6626208 802597 9703450 114200
0 1390 0 0 6631961 803161 9711538 114300
0 1391 0 0 6637668 803737 9719594 114400
0 1391 0 0 6643426 804315 9727631 114500
0 1391 0 0 6649122 804875 9735674 114600
0 1391 0 0 6654866 805431 9743665 114700
0 1391 0 0 6660570 805968 9751579 114800
0 1392 0 0 6666231 806534 9759509 114900
0 1393 0 0 6671935 807137 9767520 115000
0 1394 0 0 6677653 807749 9775552 115100
0 1394 0 0 6683282 808404 9783586 115200
0 1394 0 0 6689001 809059 9791783 115300
0 1394 0 0 6694831 809685 9800022 115400
0 1394 0 0 6700575 810282 9808193 115500
0 1395 0 0 6706355 810912 9816319 115600
0 1395 0 0 6712079 811561 9824436 115700
0 1395 0 0 6717979 812291 9832756 115800
0 1395 0 0 6723629 812995 9840766 115900
0 1395 0 0 6729454 813671 9848837 116000
0 1395 0 0 6735198 814361 9856919 116100
0 1395 0 0 6740983 815010 9865051 116200
0 1395 0 0 6746794 815702 9873283 116300
0 1395 0 0 6752547 816392 9881416 116400
0 1395 0 0 6758224 817069 9889479 116500
0 1396 0 0 6764182 817739 9897764 116600
0 1396 0 0 6769849 818347 9905751 116700
0 1396 0 0 6775713 819009 9914141 116800
0 1399 0 0 6781554 819624 9922476 116900
0 1399 0 0 6787454 820227 9930842 117000
0 1401 0 0 6793347 820866 9938989 117100
0 1401 0 0 6799290 821494 9947090 117200
0 1401 0 0 6804960 822151 9955066 117300
0 1401 0 0 6810893 822817 9963186 117400
0 1402 0 0 6816722 823504 9971254 117500
0 1402 0 0 6822507 824199 9979421 117600
0 1404 0 0 6828321 824914 9987698 117700
0 1405 0 0 6834121 825607 9996050 117800
0 1406 0 0 6840037 826285 10004479 117900
0 1406 0 0 6845805 826889 10012664 118000
0 1407 0 0 6851622 827535 10020862 118100
0 1408 0 0 6857458 828214 10029024 118200
0 1408 0 0 6863162 828849 10036898 118300
0 1408 0 0 6869006 829456 10044887 118400
0 1408 0 0 6874806 830076 10052932 118500
0 1408 0 0 6880446 830657 10060847 118600
0 1408 0 0 6886395 831220 10069018 118700
0 1409 0 0 6892198 831820 10077147 118800
0 1409 0 0 6898034 832444 10085256 118900
0 1411 0 0 6903772 833064 10093432 119000
0 1411 0 0 6909567 833643 10101655 119100
0 1412 0 0 6915458 834217 10110081 119200
0 1414 0 0 6921248 834831 10118378 119300
0 1414 0 0 6927113 835473 10126736 119400
0 1414 0 0 6932837 836054 10134869 119500
0 1415 0 0 6938653 836645 10143016 119600
0 1417 0 0 6944429 837234 10151102 119700
0 1419 0 0 6950314 837779 10159441 119800
0 1421 0 0 6956157 838326 10167793 119900
0 1423 0 0 6961988 838865 10176106 120000
0 1425 0 0 6967773 839377 10184093 120100
0 1425 0 0 6973552 839890 10192027 120200
0 1426 0 0 6979269 840410 10199942 120300
0 1427 0 0 6985080 840954 10207979 120400
0 1427 0 0 6990744 841513 10215768 120500
0 1428 0 0 6996475 842105 10223682 120600
0 1428 0 0 7002133 842727 10231362 120700
0 1429 0 0 7007813 843372 10238975 120800
0 1429 0 0 7013468 844004 10246629 120900
0 1429 0 0 7019052 844650 10254121 121000
0 1429 0 0 7024747 845347 10261841 121100
0 1430 0 0 7030284 846026 10269382 121200
0 1431 0 0 7035754 846702 10276848 121300
0 1431 0 0 7041602 847415 10284848 121400
0 1433 0 0 7047147 848141 10292810 121500
0 1434 0 0 7053069 848889 10301271 121600
0 1436 0 0 7058880 849594 10309845 121700
0 1437 0 0 7064766 850387 10318507 121800
0 1437 0 0 7070594 851085 10327003 121900
0 1438 0 0 7076449 851745 10335398 122000
0 1440 0 0 7082356 852451 10343752 122100
0 1442 0 0 7088075 853103 10351792 122200
0 1444 0 0 7093806 853762 10359942 122300
0 1444 0 0 7099494 854473 10368088 122400
0 1447 0 0 7105163 855162 10376165 122500
0 1449 0 0 7110947 855901 10384388 122600
0 1449 0 0 7116602 856626 10392453 122700
0 1449 0 0 7122405 857331 10400665 122800
0 1450 0 0 7128132 858069 10408814 122900
0 1452 0 0 7133823 858774 10417035 123000
0 1452 0 0 7139575 859525 10425331 123100
0 1453 0 0 7145299 860257 10433557 123200
0 1453 0 0 7151163 860962 10441835 123300
0 1454 0 0 7156789 861649 10449901 123400
0 1454 0 0 7162584 862313 10457979 123500
0 1456 0 0 7168319 863004 10466066 123600
0 1458 0 0 7174074 863659 10474075 123700
0 1461 0 0 7179779 864354 10482121 123800
0 1461 0 0 7185547 865039 10490148 123900
0 1463 0 0 7191160 865647 10497989 124000
0 1465 0 0 7197026 866298 10506262 124100
0 1465 0 0 7202731 866882 10514413 124200
0 1466 0 0 7208533 867476 10522688 124300
0 1466 0 0 7214235 868097 10530836 124400
0 1467 0 0 7219994 868751 10538980 124500
0 1469 0 0 7225700 869345 10547048 124600
0 1470 0 0 7231383 869921 10555000 124700
0 1471 0 0 7237129 870553 10563117 124800
0 1471 0 0 7242778 871168 10571158 124900
0 1473 0 0 7248449 871775 10579245 125000
0 1473 0 0 7254150 872420 10587573 125100
0 1474 0 0 7259956 873091 10596098 125200
0 1474 0 0 7265660 873803 10604562 125300
0 1476 0 0 7271489 874540 10613097 125400
0 1477 0 0 7277117 875245 10621388 125500
0 1477 0 0 7282820 875889 10629602 125600
0 1478 0 0 7288501 876562 10637908 125700
0 1479 0 0 7294231 877175 10646282 125800
0 1479 0 0 7299983 877901 10654766 125900
0 1479 0 0 7305894 878584 10663402 126000
0 1480 0 0 7311627 879254 10671772 126100
0 1480 0 0 7317414 879960 10680239 126200
0 1480 0 0 7323061 880596 10688512 126300
0 1482 0 0 7328848 881254 10696967 126400
0 1482 0 0 7334511 881872 10705191 126500
0 1482 0 0 7340325 882566 10713726 126600
0 1483 0 0 7346002 883182 10722001 126700
0 1484 0 0 7351724 883857 10730310 126800
0 1485 0 0 7357483 884619 10738897 126900
0 1488 0 0 7363169 885430 10747459 127000
0 1489 0 0 7368962 886213 10756275 127100
0 1490 0 0 7374791 886970 10765101 127200
0 1492 0 0 7380647 887733 10773861 127300
0 1494 0 0 7386558 888449 10782676 127400
0 1497 0 0 7392401 889155 10791280 127500
0 1500 0 0 7398154 889837 10799739 127600
0 1501 0 0 7403945 890548 10808356 127700
0 1503 0 0 7409765 891237 10817026 127800
0 1504 0 0 7415629 891894 10825637 127900
0 1505 0 0 7421447 892578 10834256 128000
0 1507 0 0 7427254 893317 10842801 128100
0 1510 0 0 7433136 894009 10851361 128200
0 1512 0 0 7438865 894665 10859716 128300
0 1514 0 0 7444699 895373 10868373 128400
0 1515 0 0 7450585 896020 10876956 128500
0 1516 0 0 7456603 896703 10885652 128600
0 1518 0 0 7462293 897375 10893955 128700
0 1519 0 0 7468158 898048 10902276 128800
0 1519 0 0 7473851 898663 10910415 128900
0 1522 0 0 7479679 899219 10918626 129000
0 1522 0 0 7485453 899840 10926859 129100
0 1522 0 0 7491284 900466 10935061 129200
0 1523 0 0 7496993 901136 10943019 129300
0 1525 0 0 7502630 901779 10950827 129400
0 1526 0 0 7508408 902450 10958909 129500
0 1526 0 0 7514077 903128 10966972 129600
0 1527 0 0 7519948 903794 10975242 129700
0 1528 0 0 7525614 904413 10983349 129800
0 1529 0 0 7531566 905057 10991807 129900
0 1533 0 0 7537331 905721 11000098 130000
0 1533 0 0 7543209 906376 11008442 130100
0 1534 0 0 7549065 907051 11016782 130200
0 1534 0 0 7554792 907678 11025005 130300
0 1534 0 0 7560514 908298 11033074 130400
0 1535 0 0 7566257 908885 11040957 130500
0 1535 0 0 7571964 909520 11048937 130600
0 1535 0 0 7577675 910151 11056958 130700
0 1536 0 0 7583428 910751 11065011 130800
0 1536 0 0 7589173 911438 11073146 130900
0 1536 0 0 7594892 912093 11081422 131000
0 1536 0 0 7600641 912732 11089706 131100
0 1536 0 0 7606509 913370 11098007 131200
0 1537 0 0 7612268 914053 11106199 131300
0 1537 0 0 7617972 914689 11114187 131400
0 1538 0 0 7623808 915407 11122438 131500
0 1538 0 0 7629555 916039 11130586 131600
0 1538 0 0 7635276 916724 11138836 131700
0 1538 0 0 7640989 917397 11147051 131800
0 1539 0 0 7646785 918044 11155363 131900
0 1540 0 0 7652708 918697 11163903 132000
0 1541 0 0 7658442 919399 11172319 132100
0 1543 0 0 7664284 920055 11180735 132200
0 1544 0 0 7670072 920650 11189036 132300
0 1545 0 0 7675866 921252 11197128 132400
0 1545 0 0 7681649 921913 11205172 132500
0 1545 0 0 7687433 922564 11213299 132600
0 1545 0 0 7693102 923254 11221252 132700
0 1545 0 0 7698806 923943 11229144 132800
0 1545 0 0 7704488 924679 11237092 132900
0 1545 0 0 7710140 925451 11245097 133000
0 1545 0 0 7715899 926247 11253275 133100
0 1545 0 0 7721567 927006 11261493 133200
0 1545 0 0 7727453 927791 11269900 133300
0 1546 0 0 7733232 928564 11278230 133400
0 1546 0 0 7738955 929356 11286655 133500
0 1546 0 0 7744745 930137 11295098 133600
0 1547 0 0 7750639 930896 11303698 133700
0 1548 0 0 7756452 931697 11312386 133800
0 1549 0 0 7762348 932523 11321284 133900
0 1549 0 0 7768108 933443 11330222 134000
0 1550 0 0 7774003 934253 11339270 134100
0 1550 0 0 7779948 935080 11348408 134200
0 1552 0 0 7785858 935921 11357254 134300
0 1552 0 0 7791681 936752 11366020 134400
0 1553 0 0 7797577 937560 11374739 134500
0 1553 0 0 7803446 938362 11383265 134600
0 1554 0 0 7809168 939183 11391789 134700
0 1555 0 0 7815075 939933 11400449 134800
0 1555 0 0 7820769 940693 11408972 134900
0 1557 0 0 7826682 941469 11417717 135000
0 1557 0 0 7832617 942161 11426429 135100
0 1557 0 0 7838399 942804 11434867 135200
0 1557 0 0 7844228 943480 11443401 135300
0 1558 0 0 7850046 944124 11451721 135400
0 1559 0 0 7855839 944745 11460146 135500
0 1559 0 0 7861654 945373 11468521 135600
0 1560 0 0 7867440 946031 11476824 135700
0 1560 0 0 7873196 946715 11485173 135800
0 1560 0 0 7879045 947455 11493633 135900
0 1560 0 0 7884805 948169 11502135 136000
0 1561 0 0 7890616 948858 11510638 136100
0 1563 0 0 7896473 949523 11519202 136200
0 1564 0 0 7902301 950254 11527772 136300
0 1565 0 0 7908086 950935 11536363 136400
0 1566 0 0 7913958 951631 11545002 136500
0 1567 0 0 7919815 952336 11553581 136600
0 1572 0 0 7925729 952981 11562275 136700
0 1573 0 0 7931474 953657 11570771 136800
0 1575 0 0 7937359 954335 11579299 136900
0 1576 0 0 7943041 955016 11587580 137000
0 1576 0 0 7948841 955655 11595930 137100
0 1578 0 0 7954590 956258 11604166 137200
0 1579 0 0 7960332 956807 11612308 137300
0 1580 0 0 7966077 957348 11620387 137400
0 1581 0 0 7971891 957945 11628569 137500
0 1581 0 0 7977728 958493 11636605 137600
0 1581 0 0 7983525 959104 11644667 137700
0 1583 0 0 7989258 959662 11652705 137800
0 1585 0 0 7995269 960226 11661071 137900
0 1586 0 0 8000988 960816 11669303 138000
0 1587 0 0 8006922 961396 11677779 138100
0 1588 0 0 8012729 961937 11686087 138200
0 1589 0 0 8018607 962486 11694305 138300
0 1589 0 0 8024475 963033 11702760 138400
0 1590 0 0 8030361 963600 11711080 138500
0 1591 0 0 8036201 964155 11719462 138600
0 1592 0 0 8041927 964689 11727611 138700
0 1593 0 0 8047808 965271 11736050 138800
0 1594 0 0 8053552 965797 11744259 138900
0 1594 0 0 8059526 966336 11752629 139000
0 1595 0 0 8065247 966944 11761104 139100
0 1597 0 0 8071137 967603 11769885 139200
0 1597 0 0 8077106 968274 11778847 139300
0 1598 0 0 8083106 968980 11787850 139400
0 1599 0 0 8089041 969737 11796766 139500
0 1599 0 0 8095028 970527 11805710 139600
0 1601 0 0 8100934 971283 11814451 139700
0 1601 0 0 8106721 972060 11823258 139800
0 1601 0 0 8112722 972893 11832218 139900
0 1603 0 0 8118487 973734 11840945 140000
0 1604 0 0 8124395 974642 11849810 140100
0 1604 0 0 8130196 975454 11858587 140200
0 1605 0 0 8135975 976377 11867416 140300
0 1606 0 0 8141695 977259 11876337 140400
0 1607 0 0 8147633 978200 11885571 140500
0 1608 0 0 8153509 979165 11894838 140600
0 1609 0 0 8159464 980113 11904238 140700
0 1610 0 0 8165446 981031 11913595 140800
0 1611 0 0 8171288 981939 11922752 140900
0 1613 0 0 8177227 982746 11931921 141000
0 1613 0 0 8183117 983584 11941130 141100
0 1615 0 0 8188894 984419 11949984 141200
0 1616 0 0 8194845 985250 11959083 141300
0 1617 0 0 8200707 986030 11967981 141400
0 1619 0 0 8206443 986814 11976584 141500
0 1620 0 0 8212280 987561 11985178 141600
0 1622 0 0 8217954 988244 11993553 141700
0 1622 0 0 8223734 988909 12001969 141800
0 1624 0 0 8229366 989530 12010303 141900
0 1627 0 0 8235206 990153 12018741 142000
0 1631 0 0 8241045 990790 12027295 142100
0 1634 0 0 8246656 991485 12035649 142200
0 1635 0 0 8252506 992150 12044225 142300
0 1636 0 0 8258377 992823 12052761 142400
0 1636 0 0 8264186 993493 12061390 142500
0 1638 0 0 8269982 994273 12070105 142600
0 1639 0 0 8275829 995051 12079069 142700
0 1641 0 0 8281630 995873 12088069 142800
0 1643 0 0 8287597 996651 12097522 142900
0 1645 0 0 8293528 997529 12106998 143000
0 1646 0 0 8299616 998350 12116449 143100
0 1650 0 0 8305427 999160 12125828 143200
0 1652 0 0 8311325 999996 12135136 143300
0 1653 0 0 8317230 1000775 12144306 143400
0 1655 0 0 8323231 1001575 12153659 143500
0 1656 0 0 8329187 1002325 12162796 143600
0 1657 0 0 8335073 1003058 12171711 143700
0 1657 0 0 8340952 1003810 12180432 143800
0 1657 0 0 8346728 1004567 12189146 143900
0 1658 0 0 8352582 1005337 12197957 144000
0 1659 0 0 8358369 1006114 12206600 144100
0 1659 0 0 8364260 1006939 12215410 144200
0 1659 0 0 8370057 1007696 12224006 144300
0 1659 0 0 8375811 1008442 12232684 144400
0 1660 0 0 8381636 1009171 12241409 144500
0 1661 0 0 8387435 1009934 12250249 144600
0 1662 0 0 8393194 1010703 12258927 144700
0 1664 0 0 8399109 1011429 12267624 144800
0 1665 0 0 8404841 1012155 12276203 144900
0 1665 0 0 8410749 1013018 12285158 145000
0 1667 0 0 8416477 1013811 12293883 145100
0 1667 0 0 8422380 1014602 12302782 145200
0 1670 0 0 8428247 1015444 12311783 145300
0 1671 0 0 8434243 1016266 12320810 145400
0 1673 0 0 8440063 1017056 12329712 145500
0 1673 0 0 8445969 1017832 12338686 145600
0 1673 0 0 8451907 1018569 12347655 145700
0 1675 0 0 8457726 1019369 12356577 145800
0 1677 0 0 8463566 1020232 12365599 145900
0 1677 0 0 8469467 1021121 12374793 146000
0 1677 0 0 8475217 1022031 12383888 146100
0 1680 0 0 8481062 1022920 12393116 146200
0 1684 0 0 8486991 1023769 12402315 146300
0 1684 0 0 8492832 1024585 12411414 146400
0 1684 0 0 8498669 1025349 12420340 146500
0 1685 0 0 8504499 1026170 12429148 146600
0 1685 0 0 8510312 1026987 12437825 146700
0 1685 0 0 8516156 1027706 12446446 146800
0 1685 0 0 8521982 1028477 12454923 146900
0 1686 0 0 8527823 1029155 12463447 147000
0 1686 0 0 8533660 1029869 12471893 147100
0 1687 0 0 8539473 1030584 12480256 147200
0 1689 0 0 8545217 1031230 12488731 147300
0 1693 0 0 8550960 1031983 12497169 147400
0 1693 0 0 8556808 1032673 12505604 147500
0 1693 0 0 8562677 1033316 12513937 147600
0 1694 0 0 8568431 1033986 12522131 147700
0 1696 0 0 8574180 1034698 12530485 147800
0 1696 0 0 8579904 1035417 12538681 147900
0 1698 0 0 8585681 1036131 12547078 148000
0 1699 0 0 8591455 1036771 12555462 148100
0 1699 0 0 8597250 1037515 12564058 148200
0 1701 0 0 8603172 1038230 12572742 148300
0 1704 0 0 8608919 1038959 12581187 148400
0 1706 0 0 8614727 1039688 12589733 148500
0 1707 0 0 8620595 1040430 12598399 148600
0 1707 0 0 8626328 1041176 12606929 148700
0 1708 0 0 8632145 1041957 12615610 148800
0 1708 0 0 8637883 1042733 12624138 148900
0 1708 0 0 8643778 1043492 12632847 149000
0 1710 0 0 8649526 1044256 12641273 149100
0 1713 0 0 8655400 1044995 12649800 149200
0 1713 0 0 8661185 1045716 12658153 149300
0 1715 0 0 8667071 1046368 12666668 149400
0 1716 0 0 8672982 1047054 12675274 149500
0 1717 0 0 8678826 1047653 12683619 149600
0 1719 0 0 8684674 1048218 12691804 149700
0 1720 0 0 8690490 1048751 12699803 149800
0 1722 0 0 8696311 1049264 12707767 149900
0 1724 0 0 8702054 1049844 12715731 150000
0 1724 0 0 8707841 1050398 12723641 150100
0 1725 0 0 8713603 1050940 12731458 150200
0 1725 0 0 8719328 1051422 12739156 150300
0 1726 0 0 8725044 1051914 12746881 150400
0 1728 0 0 8730762 1052409 12754681 150500
0 1729 0 0 8736601 1052895 12762650 150600
0 1731 0 0 8742328 1053404 12770432 150700
0 1733 0 0 8748069 1053936 12778188 150800
0 1733 0 0 8753811 1054443 12785825 150900
0 1734 0 0 8759483 1054941 12793324 151000
0 1734 0 0 8765102 1055400 12800749 151100
0 1734 0 0 8770748 1055893 12808267 151200
0 1734 0 0 8776391 1056313 12815618 151300
0 1734 0 0 8781962 1056770 12822841 151400
0 1734 0 0 8787620 1057271 12830240 151500
0 1734 0 0 8793266 1057785 12837619 151600
0 1735 0 0 8798827 1058275 12844951 151700
0 1738 0 0 8804546 1058805 12852688 151800
0 1740 0 0 8810261 1059364 12860552 151900
0 1741 0 0 8815982 1059908 12868438 152000
0 1742 0 0 8821804 1060463 12876474 152100
0 1743 0 0 8827565 1061064 12884704 152200
0 1746 0 0 8833170 1061673 12892708 152300
0 1747 0 0 8838973 1062278 12900959 152400
0 1749 0 0 8844751 1062987 12909357 152500
0 1750 0 0 8850531 1063683 12917702 152600
0 1751 0 0 8856319 1064456 12926258 152700
0 1753 0 0 8862069 1065199 12934855 152800
0 1754 0 0 8867910 1065907 12943616 152900
0 1755 0 0 8873727 1066684 12952518 153000
0 1756 0 0 8879557 1067395 12961280 153100
0 1757 0 0 8885393 1068162 12970030 153200
0 1762 0 0 8891323 1068864 12978923 153300
0 1762 0 0 8897134 1069585 12987657 153400
0 1766 0 0 8903008 1070243 12996290 153500
0 1766 0 0 8908859 1070941 13004865 153600
0 1768 0 0 8914680 1071644 13013541 153700
0 1770 0 0 8920532 1072287 13022092 153800
0 1772 0 0 8926247 1072931 13030394 153900
0 1772 0 0 8932105 1073563 13038751 154000
0 1772 0 0 8937794 1074179 13047021 154100
0 1772 0 0 8943521 1074751 13055191 154200
0 1772 0 0 8949315 1075332 13063470 154300
0 1773 0 0 8955074 1075927 13071589 154400
0 1775 0 0 8960694 1076608 13079639 154500
0 1776 0 0 8966346 1077304 13087818 154600
0 1777 0 0 8972028 1077941 13096047 154700
0 1777 0 0 8977853 1078603 13104371 154800
0 1780 0 0 8983571 1079241 13112660 154900
0 1780 0 0 8989309 1079934 13120977 155000
0 1782 0 0 8995036 1080590 13129245 155100
0 1783 0 0 9000762 1081258 13137306 155200
0 1784 0 0 9006434 1081977 13145351 155300
0 1785 0 0 9012158 1082694 13153491 155400
0 1785 0 0 9017877 1083421 13161671 155500
0 1786 0 0 9023556 1084117 13169870 155600
0 1786 0 0 9029317 1084904 13178165 155700
0 1788 0 0 9034879 1085679 13186104 155800
0 1788 0 0 9040612 1086517 13194350 155900
0 1789 0 0 9046310 1087330 13202663 156000
0 1790 0 0 9051936 1088102 13210889 156100
0 1793 0 0 9057617 1088904 13219213 156200
0 1794 0 0 9063403 1089764 13227879 156300
0 1795 0 0 9069005 1090688 13236318 156400
0 1795 0 0 9074772 1091615 13245072 156500
0 1796 0 0 9080436 1092572 13253828 156600
0 1799 0 0 9086194 1093513 13262847 156700
0 1801 0 0 9092117 1094473 13272349 156800
0 1803 0 0 9097989 1095357 13281644 156900
0 1805 0 0 9103846 1096287 13290980 157000
0 1809 0 0 9109682 1097179 13300164 157100
0 1811 0 0 9115588 1098164 13309532 157200
0 1813 0 0 9121581 1099081 13319124 157300
0 1813 0 0 9127441 1100037 13328398 157400
0 1814 0 0 9133231 1100987 13337689 157500
0 1818 0 0 9138993 1101944 13346925 157600
0 1818 0 0 9144881 1102842 13356061 157700
0 1820 0 0 9150805 1103729 13365440 157800
0 1821 0 0 9156679 1104612 13374556 157900
0 1823 0 0 9162597 1105430 13383593 158000
0 1824 0 0 9168306 1106275 13392459 158100
0 1826 0 0 9174228 1107152 13401562 158200
0 1827 0 0 9180083 1107960 13410409 158300
0 1828 0 0 9186009 1108744 13419394 158400
0 1828 0 0 9191863 1109507 13427990 158500
0 1829 0 0 9197688 1110260 13436634 158600
0 1829 0 0 9203515 1111014 13445184 158700
0 1830 0 0 9209409 1111818 13454055 158800
0 1830 0 0 9215277 1112577 13462806 158900
0 1831 0 0 9221245 1113328 13471707 159000
0 1831 0 0 9227019 1114046 13480350 159100
0 1832 0 0 9233008 1114786 13489112 159200
0 1833 0 0 9238837 1115525 13497790 159300
0 1833 0 0 9244615 1116257 13506296 159400
0 1833 0 0 9250507 1116936 13515054 159500
0 1833 0 0 9256366 1117639 13523593 159600
0 1835 0 0 9262346 1118330 13532359 159700
0 1836 0 0 9268198 1119102 13540908 159800
0 1837 0 0 9274119 1119880 13549515 159900
0 1838 0 0 9279903 1120660 13557885 160000
0 1838 0 0 9285672 1121404 13566092 160100
0 1839 0 0 9291440 1122068 13574253 160200
0 1841 0 0 9297066 1122807 13582310 160300
0 1842 0 0 9302829 1123572 13590457 160400
0 1842 0 0 9308542 1124263 13598558 160500
0 1844 0 0 9314325 1124974 13606772 160600
0 1845 0 0 9320084 1125697 13615013 160700
0 1845 0 0 9325824 1126425 13623430 160800
0 1849 0 0 9331601 1127185 13631968 160900
0 1850 0 0 9337415 1128006 13640724 161000
0 1851 0 0 9343265 1128825 13649626 161100
0 1851 0 0 9349117 1129655 13658605 161200
0 1852 0 0 9354897 1130579 13667650 161300
0 1853 0 0 9360881 1131509 13677015 161400
0 1855 0 0 9366711 1132505 13686241 161500
0 1856 0 0 9372656 1133434 13695707 161600
0 1856 0 0 9378547 1134402 13705100 161700
0 1857 0 0 9384579 1135325 13714672 161800
0 1858 0 0 9390586 1136218 13724097 161900
0 1860 0 0 9396548 1137127 13733458 162000
0 1861 0 0 9402584 1138067 13742788 162100
0 1863 0 0 9408619 1138877 13751696 162200
0 1864 0 0 9414425 1139708 13760472 162300
0 1866 0 0 9420260 1140454 13769135 162400
0 1867 0 0 9426237 1141250 13777908 162500
0 1867 0 0 9432143 1142023 13786751 162600
0 1867 0 0 9438080 1142781 13795415 162700
0 1869 0 0 9443947 1143440 13804062 162800
0 1870 0 0 9449915 1144076 13812674 162900
0 1870 0 0 9455768 1144689 13820890 163000
0 1870 0 0 9461632 1145314 13829052 163100
0 1870 0 0 9467383 1145874 13836874 163200
0 1871 0 0 9473034 1146472 13844751 163300
0 1871 0 0 9478799 1147014 13852694 163400
0 1871 0 0 9484509 1147650 13860565 163500
0 1871 0 0 9490332 1148157 13868383 163600
0 1871 0 0 9496051 1148665 13876198 163700
0 1871 0 0 9501810 1149190 13884167 163800
0 1872 0 0 9507584 1149682 13892152 163900
0 1872 0 0 9513328 1150218 13900021 164000
0 1873 0 0 9518986 1150736 13907701 164100
0 1874 0 0 9524673 1151259 13915449 164200
0 1876 0 0 9530360 1151764 13923242 164300
0 1878 0 0 9536012 1152290 13931100 164400
0 1878 0 0 9541866 1152848 13939247 164500
0 1880 0 0 9547481 1153395 13947122 164600
0 1881 0 0 9553232 1153943 13955071 164700
0 1884 0 0 9558972 1154537 13963096 164800
0 1884 0 0 9564625 1155148 13971042 164900
0 1885 0 0 9570341 1155751 13979027 165000
0 1887 0 0 9576005 1156351 13987045 165100
0 1888 0 0 9581785 1156907 13995269 165200
0 1891 0 0 9587446 1157470 14003378 165300
0 1893 0 0 9593216 1158002 14011532 165400
0 1895 0 0 9598957 1158544 14019783 165500
0 1898 0 0 9604735 1159111 14028220 165600
0 1898 0 0 9610464 1159640 14036385 165700
0 1901 0 0 9616348 1160178 14044707 165800
0 1901 0 0 9622039 1160744 14052650 165900
0 1902 0 0 9627786 1161226 14060617 166000
0 1902 0 0 9633470 1161639 14068287 166100
0 1904 0 0 9639105 1162138 14075921 166200
0 1905 0 0 9644846 1162652 14083645 166300
0 1905 0 0 9650673 1163107 14091528 166400
0 1905 0 0 9656335 1163592 14099163 166500
0 1907 0 0 9662033 1164178 14106873 166600
0 1908 0 0 9667627 1164711 14114551 166700
0 1911 0 0 9673421 1165229 14122329 166800
0 1913 0 0 9679227 1165702 14129984 166900
0 1914 0 0 9684915 1166268 14137662 167000
0 1916 0 0 9690631 1166778 14145284 167100
0 1917 0 0 9696375 1167307 14152882 167200
0 1918 0 0 9702012 1167855 14160471 167300
0 1921 0 0 9707765 1168365 14168040 167400
0 1921 0 0 9713515 1168937 14176036 167500
0 1923 0 0 9719312 1169503 14184020 167600
0 1927 0 0 9725150 1170152 14192288 167700
0 1927 0 0 9730920 1170794 14200427 167800
0 1930 0 0 9736776 1171444 14208799 167900
0 1930 0 0 9742585 1172087 14217190 168000
0 1930 0 0 9748520 1172750 14225737 168100
0 1931 0 0 9754335 1173435 14234188 168200
0 1931 0 0 9760301 1174166 14242818 168300
0 1932 0 0 9766070 1174912 14251264 168400
0 1932 0 0 9771903 1175598 14259904 168500
0 1932 0 0 9777725 1176346 14268538 168600
0 1932 0 0 9783574 1177148 14277312 168700
0 1933 0 0 9789440 1177927 14286036 168800
0 1934 0 0 9795256 1178594 14294545 168900
0 1935 0 0 9801094 1179316 14303014 169000
0 1936 0 0 9806762 1179972 14311326 169100
0 1938 0 0 9812571 1180693 14319785 169200
0 1940 0 0 9818452 1181343 14328353 169300
0 1942 0 0 9824264 1182004 14336765 169400
0 1944 0 0 9829911 1182706 14344979 169500
0 1947 0 0 9835723 1183417 14353373 169600
0 1948 0 0 9841480 1184118 14361653 169700
0 1949 0 0 9847191 1184852 14370073 169800
0 1950 0 0 9852938 1185670 14378553 169900
0 1950 0 0 9858664 1186588 14387205 170000
0 1952 0 0 9864509 1187454 14395904 170100
0 1952 0 0 9870365 1188251 14404679 170200
0 1952 0 0 9876097 1189122 14413450 170300
0 1955 0 0 9881930 1189966 14422306 170400
0 1955 0 0 9887707 1190837 14431054 170500
0 1956 0 0 9893544 1191697 14439873 170600
0 1956 0 0 9899349 1192524 14448503 170700
0 1959 0 0 9905187 1193230 14456997 170800
0 1960 0 0 9910887 1193982 14465298 170900
0 1961 0 0 9916813 1194755 14473900 171000
0 1963 0 0 9922622 1195523 14482555 171100
0 1963 0 0 9928400 1196218 14490989 171200
0 1964 0 0 9934239 1196892 14499267 171300
0 1965 0 0 9940059 1197562 14507479 171400
0 1965 0 0 9945791 1198175 14515519 171500
0 1966 0 0 9951587 1198750 14523501 171600
0 1967 0 0 9957258 1199345 14531261 171700
0 1969 0 0 9962997 1199905 14539072 171800
0 1971 0 0 9968703 1200480 14547017 171900
0 1972 0 0 9974456 1201044 14554945 172000
0 1973 0 0 9980182 1201640 14562884 172100
0 1974 0 0 9985851 1202250 14570799 172200
0 1974 0 0 9991650 1202813 14578702 172300
0 1974 0 0 9997234 1203348 14586445 172400
0 1975 0 0 10002878 1203963 14594245 172500
0 1976 0 0 10008540 1204526 14601913 172600
0 1978 0 0 10014111 1205104 14609483 172700
0 1980 0 0 10019713 1205674 14617112 172800
0 1980 0 0 10025350 1206290 14624885 172900
0 1986 0 0 10031068 1206953 14632735 173000
0 1986 0 0 10036851 1207583 14640832 173100
0 1991 0 0 10042592 1208197 14648838 173200
0 1991 0 0 10048236 1208805 14656766 173300
0 1993 0 0 10054072 1209308 14664766 173400
0 1996 0 0 10059727 1209877 14672683 173500
0 1997 0 0 10065552 1210391 14680600 173600
0 1998 0 0 10071300 1210864 14688414 173700
0 1998 0 0 10076972 1211340 14696299 173800
0 2000 0 0 10082717 1211786 14704005 173900
0 2001 0 0 10088495 1212247 14711660 174000
0 2003 0 0 10094174 1212701 14719207 174100
0 2007 0 0 10099751 1213122 14726549 174200
0 2007 0 0 10105416 1213537 14733963 174300
0 2008 0 0 10111009 1213988 14741417 174400
0 2008 0 0 10116671 1214396 14748919 174500
0 2010 0 0 10122379 1214877 14756638 174600
0 2012 0 0 10128104 1215369 14764385 174700
0 2015 0 0 10133895 1215880 14772204 174800
0 2016 0 0 10139510 1216412 14779901 174900
0 2016 0 0 10145142 1216932 14787497 175000
0 2017 0 0 10150832 1217519 14795273 175100
0 2019 0 0 10156373 1218134 14802908 175200
0 2020 0 0 10162146 1218777 14810940 175300
0 2022 0 0 10167822 1219433 14818848 175400
0 2023 0 0 10173425 1220061 14826641 175500
0 2026 0 0 10179065 1220779 14834523 175600
0 2026 0 0 10184850 1221485 14842510 175700
0 2026 0 0 10190495 1222202 14850661 175800
0 2028 0 0 10196237 1222897 14858940 175900
0 2028 0 0 10202061 1223656 14867457 176000
0 2029 0 0 10207796 1224351 14875872 176100
0 2031 0 0 10213543 1225032 14884143 176200
0 2031 0 0 10219237 1225706 14892453 176300
0 2031 0 0 10224969 1226439 14900702 176400
0 2032 0 0 10230577 1227190 14908782 176500
0 2034 0 0 10236336 1227959 14917017 176600
0 2035 0 0 10242026 1228696 14925200 176700
0 2037 0 0 10247811 1229416 14933572 176800
0 2037 0 0 10253408 1230115 14941593 176900
0 2038 0 0 10259169 1230852 14949850 177000
0 2038 0 0 10264951 1231623 14958203 177100
0 2038 0 0 10270714 1232339 14966623 177200
0 2039 0 0 10276570 1233107 14975253 177300
0 2039 0 0 10282407 1233820 14983788 177400
0 2039 0 0 10288238 1234581 14992393 177500
0 2039 0 0 10294086 1235438 15001105 177600
0 2040 0 0 10299812 1236282 15009606 177700
0 2040 0 0 10305661 1237077 15018203 177800
0 2042 0 0 10311525 1237994 15026810 177900
0 2042 0 0 10317200 1238854 15035106 178000
0 2042 0 0 10322984 1239717 15043392 178100
0 2042 0 0 10328709 1240473 15051532 178200
0 2043 0 0 10334473 1241222 15059691 178300
0 2043 0 0 10340337 1241942 15068025 178400
0 2044 0 0 10346082 1242706 15076539 178500
0 2045 0 0 10351876 1243453 15085145 178600
0 2045 0 0 10357776 1244204 15093934 178700
0 2045 0 0 10363617 1244892 15102508 178800
0 2047 0 0 10369515 1245602 15111167 178900
0 2047 0 0 10375260 1246325 15119789 179000
0 2049 0 0 10381086 1247062 15128534 179100
0 2050 0 0 10387013 1247796 15137172 179200
0 2050 0 0 10392699 1248532 15145540 179300
0 2050 0 0 10398452 1249232 15153806 179400
0 2050 0 0 10404317 1249939 15162027 179500
0 2051 0 0 10409973 1250691 15170121 179600
0 2051 0 0 10415730 1251442 15178299 179700
0 2051 0 0 10421448 1252167 15186422 179800
0 2054 0 0 10427191 1252933 15194685 179900
0 2054 0 0 10432943 1253677 15202997 180000
0 2055 0 0 10438629 1254443 15211179 180100
0 2055 0 0 10444452 1255187 15219524 180200
0 2055 0 0 10450182 1255936 15227846 180300
0 2055 0 0 10455972 1256731 15236247 180400
0 2055 0 0 10461897 1257505 15244746 180500
0 2055 0 0 10467686 1258248 15253027 180600
0 2056 0 0 10473498 1259006 15261324 180700
0 2056 0 0 10479236 1259747 15269560 180800
0 2058 0 0 10484961 1260391 15277653 180900
0 2058 0 0 10490709 1261088 15285890 181000
0 2058 0 0 10496553 1261769 15294407 181100
0 2058 0 0 10502354 1262437 15303008 181200
0 2058 0 0 10508232 1263049 15311653 181300
0 2058 0 0 10514209 1263700 15320364 181400
0 2058 0 0 10520079 1264361 15328998 181500
0 2059 0 0 10525921 1265026 15337548 181600
0 2059 0 0 10531706 1265700 15345985 181700
0 2059 0 0 10537566 1266266 15354476 181800
0 2061 0 0 10543276 1266861 15362901 181900
0 2061 0 0 10549246 1267456 15371430 182000
0 2062 0 0 10554951 1268082 15379547 182100
0 2062 0 0 10560709 1268695 15387548 182200
0 2062 0 0 10566477 1269329 15395566 182300
0 2062 0 0 10572216 1269963 15403495 182400
0 2062 0 0 10577880 1270580 15411366 182500
0 2062 0 0 10583643 1271198 15419528 182600
0 2063 0 0 10589425 1271896 15427920 182700
0 2063 0 0 10595298 1272579 15436476 182800
0 2063 0 0 10601209 1273321 15445078 182900
0 2063 0 0 10607135 1274074 15453817 183000
0 2063 0 0 10612983 1274785 15462467 183100
0 2063 0 0 10618904 1275528 15471224 183200
0 2063 0 0 10624774 1276226 15479898 183300
0 2063 0 0 10630699 1277003 15488695 183400
0 2063 0 0 10636626 1277773 15497606 183500
0 2063 0 0 10642458 1278498 15506227 183600
0 2063 0 0 10648356 1279243 15514846 183700
0 2063 0 0 10654245 1279963 15523261 183800
0 2063 0 0 10660024 1280740 15531777 183900
0 2064 0 0 10665801 1281461 15540196 184000
0 2064 0 0 10671654 1282150 15548595 184100
0 2065 0 0 10677489 1282784 15556943 184200
0 2066 0 0 10683266 1283508 15565597 184300
0 2066 0 0 10689191 1284144 15574185 184400
0 2068 0 0 10695008 1284804 15582731 184500
0 2069 0 0 10700832 1285451 15591242 184600
0 2071 0 0 10706703 1286177 15599743 184700
0 2071 0 0 10712507 1286876 15608137 184800
0 2072 0 0 10718247 1287564 15616454 184900
0 2073 0 0 10724080 1288289 15624693 185000
0 2073 0 0 10729758 1288981 15632867 185100
0 2074 0 0 10735636 1289649 15641211 185200
0 2074 0 0 10741434 1290302 15649465 185300
0 2075 0 0 10747273 1290958 15657798 185400
0 2076 0 0 10753038 1291601 15665875 185500
0 2077 0 0 10758697 1292166 15673863 185600
0 2077 0 0 10764525 1292769 15681936 185700
0 2077 0 0 10770214 1293332 15689791 185800
0 2077 0 0 10775969 1293926 15697838 185900
0 2078 0 0 10781607 1294537 15705776 186000
0 2079 0 0 10787400 1295189 15713931 186100
0 2079 0 0 10793120 1295919 15722107 186200
0 2080 0 0 10798848 1296626 15730412 186300
0 2080 0 0 10804684 1297373 15738895 186400
0 2080 0 0 10810428 1298133 15747476 186500
0 2081 0 0 10816168 1298908 15755960 186600
0 2082 0 0 10822073 1299687 15764608 186700
0 2082 0 0 10827859 1300485 15773201 186800
0 2082 0 0 10833610 1301302 15781743 186900
0 2082 0 0 10839490 1302069 15790434 187000
0 2083 0 0 10845358 1302873 15799112 187100
0 2084 0 0 10851206 1303697 15807769 187200
0 2085 0 0 10857186 1304454 15816563 187300
0 2086 0 0 10862970 1305165 15825154 187400
0 2088 0 0 10868854 1305933 15833989 187500
0 2088 0 0 10874699 1306700 15842585 187600
0 2089 0 0 10880535 1307405 15851111 187700
0 2091 0 0 10886360 1308053 15859394 187800
0 2091 0 0 10892050 1308694 15867609 187900
0 2092 0 0 10897870 1309272 15875728 188000
0 2092 0 0 10903743 1309878 15884009 188100
0 2093 0 0 10909604 1310450 15892434 188200
0 2094 0 0 10915398 1311048 15900712 188300
0 2094 0 0 10921190 1311689 15908977 188400
0 2095 0 0 10927054 1312216 15917135 188500
0 2096 0 0 10932922 1312754 15925271 188600
0 2097 0 0 10938749 1313292 15933316 188700
0 2097 0 0 10944520 1313841 15941243 188800
0 2098 0 0 10950308 1314350 15949159 188900
0 2099 0 0 10956158 1314893 15957319 189000
0 2101 0 0 10961984 1315467 15965594 189100
0 2102 0 0 10967945 1316042 15974118 189200
0 2105 0 0 10973854 1316595 15982535 189300
0 2107 0 0 10979704 1317179 15990987 189400
0 2108 0 0 10985564 1317751 15999290 189500
0 2110 0 0 10991393 1318363 16007707 189600
0 2112 0 0 10997331 1319013 16016326 189700
0 2114 0 0 11003224 1319621 16024990 189800
0 2114 0 0 11009014 1320293 16033643 189900
0 2117 0 0 11014942 1320958 16042493 190000
0 2117 0 0 11020965 1321632 16051634 190100
0 2118 0 0 11026900 1322259 16060519 190200
0 2122 0 0 11032950 1322924 16069618 190300
0 2122 0 0 11038738 1323598 16078253 190400
0 2123 0 0 11044508 1324283 16086921 190500
0 2125 0 0 11050401 1324924 16095546 190600
0 2125 0 0 11056270 1325611 16104130 190700
0 2125 0 0 11062021 1326304 16112594 190800
0 2126 0 0 11067756 1327013 16120802 190900
0 2126 0 0 11073579 1327722 16129087 191000
0 2128 0 0 11079335 1328376 16137359 191100
0 2129 0 0 11085062 1329134 16145814 191200
0 2132 0 0 11090797 1329816 16154144 191300
0 2132 0 0 11096570 1330516 16162598 191400
0 2132 0 0 11102345 1331225 16170906 191500
0 2134 0 0 11108035 1331980 16179310 191600
0 2135 0 0 11113827 1332754 16187807 191700
0 2136 0 0 11119517 1333542 16196250 191800
0 2137 0 0 11125318 1334320 16204854 191900
0 2137 0 0 11131094 1335081 16213529 192000
0 2137 0 0 11136963 1335869 16222316 192100
0 2138 0 0 11142834 1336675 16231101 192200
0 2138 0 0 11148634 1337477 16239841 192300
0 2139 0 0 11154448 1338278 16248752 192400
0 2142 0 0 11160284 1339073 16257484 192500
0 2143 0 0 11166302 1339894 16266567 192600
0 2143 0 0 11172233 1340683 16275484 192700
0 2146 0 0 11178081 1341435 16284062 192800
0 2146 0 0 11183866 1342165 16292437 192900
0 2146 0 0 11189662 1342903 16300775 193000
0 2149 0 0 11195341 1343675 16308885 193100
0 2149 0 0 11201205 1344409 16317146 193200
0 2149 0 0 11207001 1345204 16325262 193300
0 2151 0 0 11212759 1345956 16333319 193400
0 2152 0 0 11218480 1346723 16341527 193500
0 2152 0 0 11224247 1347463 16349716 193600
0 2154 0 0 11230026 1348212 16358036 193700
0 2155 0 0 11235891 1349011 16366598 193800
0 2155 0 0 11241732 1349790 16375228 193900
0 2157 0 0 11247618 1350557 16383854 194000
0 2158 0 0 11253526 1351329 16392530 194100
0 2160 0 0 11259356 1352038 16400964 194200
0 2160 0 0 11265213 1352803 16409391 194300
0 2160 0 0 11271095 1353569 16417972 194400
0 2161 0 0 11276967 1354333 16426588 194500
0 2161 0 0 11282804 1355063 16435041 194600
0 2162 0 0 11288675 1355746 16443329 194700
0 2162 0 0 11294460 1356419 16451640 194800
0 2162 0 0 11300282 1357098 16459914 194900
0 2162 0 0 11306128 1357787 16468229 195000
0 2165 0 0 11311889 1358515 16476464 195100
0 2165 0 0 11317728 1359259 16484811 195200
0 2168 0 0 11323557 1360019 16493295 195300
0 2168 0 0 11329356 1360749 16501896 195400
0 2169 0 0 11335178 1361458 16510583 195500
0 2169 0 0 11341077 1362207 16519362 195600
0 2169 0 0 11346952 1362965 16528206 195700
0 2170 0 0 11352831 1363716 16536995 195800
0 2171 0 0 11358690 1364492 16545621 195900
0 2172 0 0 11364558 1365326 16554328 196000
0 2174 0 0 11370367 1366167 16563130 196100
0 2174 0 0 11376209 1366959 16571906 196200
0 2176 0 0 11382270 1367766 16581028 196300
0 2176 0 0 11388096 1368536 16589763 196400
0 2176 0 0 11394010 1369379 16598602 196500
0 2176 0 0 11399838 1370179 16607447 196600
0 2176 0 0 11405691 1370905 16616291 196700
0 2176 0 0 11411685 1371676 16625278 196800
0 2178 0 0 11417593 1372414 16634175 196900
0 2178 0 0 11423391 1373097 16642740 197000
0 2180 0 0 11429284 1373799 16651370 197100
0 2180 0 0 11435114 1374563 16659848 197200
0 2181 0 0 11440878 1375267 16668196 197300
0 2181 0 0 11446646 1375947 16676540 197400
0 2181 0 0 11452485 1376605 16684893 197500
0 2181 0 0 11458298 1377246 16693189 197600
0 2184 0 0 11464162 1377960 16701664 197700
0 2186 0 0 11469858 1378684 16710061 197800
0 2188 0 0 11475779 1379388 16718558 197900
0 2189 0 0 11481477 1380072 16726699 198000
0 2191 0 0 11487301 1380640 16734777 198100
0 2192 0 0 11493193 1381223 16742935 198200
0 2193 0 0 11498856 1381826 16750888 198300
0 2194 0 0 11504608 1382442 16758785 198400
0 2194 0 0 11510416 1383061 16766787 198500
0 2195 0 0 11516263 1383696 16774943 198600
0 2195 0 0 11521982 1384308 16782892 198700
0 2195 0 0 11527758 1384916 16790905 198800
0 2196 0 0 11533592 1385499 16798898 198900
0 2196 0 0 11539319 1386085 16806821 199000
0 2197 0 0 11545067 1386643 16814607 199100
0 2197 0 0 11550931 1387222 16822560 199200
0 2198 0 0 11556650 1387776 16830387 199300
0 2200 0 0 11562382 1388315 16838274 199400
0 2201 0 0 11568151 1388868 16846252 199500
0 2201 0 0 11573995 1389397 16854429 199600
0 2202 0 0 11579978 1389944 16862882 199700
0 2203 0 0 11585880 1390482 16871289 199800
0 2205 0 0 11591733 1391040 16879759 199900
