0 0 0 0 0 0 0 0
0 4 0 0 2539 0 2565 100
0 7 0 0 5769 2 5843 200
0 7 0 0 7267 6 7391 300
0 10 0 0 9187 6 9349 400
0 10 0 0 11400 9 11587 500
0 11 0 0 14013 9 14234 600
0 11 0 0 16818 10 17105 700
0 11 0 0 19907 10 20305 800
0 11 0 0 23241 10 23781 900
0 12 0 0 26687 10 27387 1000
0 12 0 0 30517 11 31390 1100
0 13 0 0 34632 11 35779 1200
0 13 0 0 38824 12 40283 1300
0 14 0 0 43324 12 45133 1400
0 14 0 0 47924 13 50113 1500
0 15 0 0 52599 13 55201 1600
0 16 0 0 57282 14 60400 1700
0 16 0 0 62218 15 65837 1800
0 16 0 0 67312 15 71534 1900
0 16 0 0 72415 15 77348 2000
0 19 0 0 77550 15 83306 2100
0 21 0 0 82869 17 89471 2200
0 21 0 0 88105 20 95618 2300
0 25 0 0 93446 20 101852 2400
0 25 0 0 98792 24 108121 2500
0 26 0 0 104182 24 114437 2600
0 28 0 0 109586 25 120753 2700
0 29 0 0 115015 26 127111 2800
0 30 0 0 120407 27 133428 2900
0 31 0 0 125824 29 139839 3000
0 33 0 0 131211 30 146345 3100
0 37 0 0 136709 32 153000 3200
0 38 0 0 142220 36 159782 3300
0 41 0 0 147789 37 166683 3400
0 47 0 0 153295 40 173531 3500
0 50 0 0 158891 44 180712 3600
0 54 0 0 164483 49 187845 3700
0 63 0 0 170105 53 195089 3800
0 66 0 0 175740 60 202400 3900
0 73 0 0 181459 63 209875 4000
0 81 0 0 187096 70 217506 4100
0 83 0 0 192803 76 225095 4200
0 90 0 0 198655 79 232819 4300
0 95 0 0 204442 85 240353 4400
0 100 0 0 210142 92 247777 4500
0 109 0 0 215956 95 255416 4600
0 114 0 0 221705 104 263047 4700
0 123 0 0 227512 108 270807 4800
0 129 0 0 233360 120 278602 4900
0 135 0 0 239155 124 286258 5000
0 141 0 0 244941 131 293808 5100
0 149 0 0 250768 136 301406 5200
0 160 0 0 256469 145 309088 5300
0 167 0 0 262250 155 316879 5400
0 175 0 0 268000 161 324622 5500
0 182 0 0 273751 168 332386 5600
0 190 0 0 279623 177 340427 5700
0 201 0 0 285500 184 348388 5800
0 206 0 0 291378 192 356580 5900
0 215 0 0 297351 198 364833 6000
0 220 0 0 303307 207 373137 6100
0 223 0 0 309272 213 381637 6200
0 232 0 0 315180 217 389914 6300
0 241 0 0 321081 224 398282 6400
0 247 0 0 326925 231 406479 6500
0 256 0 0 332816 237 414871 6600
0 263 0 0 338706 248 422996 6700
0 270 0 0 344561 254 431156 6800
0 277 0 0 350410 261 439313 6900
0 279 0 0 356275 268 447297 7000
0 292 0 0 362108 271 455371 7100
0 295 0 0 367956 280 463290 7200
0 306 0 0 373749 285 471096 7300
0 311 0 0 379551 293 478880 7400
0 317 0 0 385369 299 486961 7500
0 324 0 0 391193 302 495109 7600
0 334 0 0 397155 312 503344 7700
0 340 0 0 403189 321 511646 7800
0 344 0 0 409083 328 519897 7900
0 355 0 0 415062 333 528287 8000
0 361 0 0 421063 340 536862 8100
0 365 0 0 427013 348 545362 8200
0 376 0 0 433100 353 553902 8300
0 384 0 0 439145 365 562288 8400
0 388 0 0 445149 371 570543 8500
0 393 0 0 451147 377 578650 8600
0 399 0 0 457025 380 586587 8700
0 407 0 0 462951 386 594440 8800
0 415 0 0 468837 394 602172 8900
0 418 0 0 474716 401 609909 9000
0 424 0 0 480494 406 617576 9100
0 430 0 0 486421 412 625412 9200
0 436 0 0 492177 418 633116 9300
0 442 0 0 498025 424 641014 9400
0 448 0 0 503767 429 648884 9500
0 451 0 0 509646 434 656880 9600
0 456 0 0 515662 440 664962 9700
0 459 0 0 521612 442 672959 9800
0 465 0 0 527546 444 680907 9900
0 468 0 0 533376 452 688710 10000
0 474 0 0 539287 455 696449 10100
0 475 0 0 545186 460 704194 10200
0 479 0 0 550953 462 711827 10300
0 483 0 0 556871 467 719639 10400
0 485 0 0 562703 470 727288 10500
0 490 0 0 568661 472 734975 10600
0 494 0 0 574355 477 742454 10700
0 498 0 0 580148 482 749868 10800
0 504 0 0 585878 485 757190 10900
0 512 0 0 591622 491 764500 11000
0 517 0 0 597287 499 771827 11100
0 521 0 0 603134 504 779570 11200
0 532 0 0 608941 507 787141 11300
0 537 0 0 614797 517 794841 11400
0 540 0 0 620538 522 802399 11500
0 547 0 0 626322 526 809907 11600
0 551 0 0 632221 533 817326 11700
0 558 0 0 637983 537 824666 11800
0 562 0 0 643589 544 831866 11900
0 566 0 0 649417 546 839138 12000
0 568 0 0 655046 550 846322 12100
0 575 0 0 660862 551 853620 12200
0 579 0 0 666641 560 860930 12300
0 584 0 0 672504 565 868373 12400
0 588 0 0 678325 569 875935 12500
0 591 0 0 684050 574 883370 12600
0 597 0 0 689741 576 890670 12700
0 601 0 0 695578 582 897896 12800
0 603 0 0 701232 586 904923 12900
0 612 0 0 706910 590 912115 13000
0 617 0 0 712529 598 919268 13100
0 626 0 0 718202 603 926569 13200
0 627 0 0 723903 610 933812 13300
0 631 0 0 729617 612 941157 13400
0 641 0 0 735262 617 948487 13500
0 643 0 0 741054 624 955992 13600
0 649 0 0 746709 628 963256 13700
0 652 0 0 752551 633 970680 13800
0 654 0 0 758241 638 978021 13900
0 659 0 0 764060 640 985584 14000
0 661 0 0 769850 642 993078 14100
0 668 0 0 775612 645 1000387 14200
0 671 0 0 781236 652 1007506 14300
0 675 0 0 786831 655 1014731 14400
0 681 0 0 792496 660 1021930 14500
0 686 0 0 798234 664 1029283 14600
0 689 0 0 803949 668 1036821 14700
0 693 0 0 809721 672 1044441 14800
0 697 0 0 815475 676 1052023 14900
0 703 0 0 821302 679 1059694 15000
0 708 0 0 827011 686 1067211 15100
0 712 0 0 832857 691 1074766 15200
0 715 0 0 838608 695 1082347 15300
0 728 0 0 844372 699 1089806 15400
0 730 0 0 850107 708 1097201 15500
0 739 0 0 855817 714 1104635 15600
0 742 0 0 861578 720 1112291 15700
0 751 0 0 867323 727 1119916 15800
0 755 0 0 873193 732 1127572 15900
0 764 0 0 878936 738 1135256 16000
0 767 0 0 884704 747 1143111 16100
0 777 0 0 890611 750 1151063 16200
0 783 0 0 896491 759 1159095 16300
0 790 0 0 902515 765 1167257 16400
0 798 0 0 908310 771 1175251 16500
0 802 0 0 914303 779 1183488 16600
0 808 0 0 920310 785 1191958 16700
0 817 0 0 926350 788 1200398 16800
0 822 0 0 932267 796 1208537 16900
0 826 0 0 938161 805 1216629 17000
0 830 0 0 944088 809 1224598 17100
0 838 0 0 950017 813 1232501 17200
0 844 0 0 955838 820 1240310 17300
0 851 0 0 961579 824 1247996 17400
0 853 0 0 967383 830 1255657 17500
0 859 0 0 973116 832 1263331 17600
0 864 0 0 978886 837 1271048 17700
0 867 0 0 984659 843 1278649 17800
0 870 0 0 990482 847 1286354 17900
0 874 0 0 996234 851 1294022 18000
0 881 0 0 1001955 855 1301680 18100
0 887 0 0 1007868 860 1309497 18200
0 893 0 0 1013603 865 1317176 18300
0 897 0 0 1019397 874 1325166 18400
0 905 0 0 1025329 878 1333391 18500
0 912 0 0 1031268 885 1341624 18600
0 916 0 0 1037216 892 1349869 18700
0 919 0 0 1043212 895 1358151 18800
0 922 0 0 1049162 899 1366246 18900
0 931 0 0 1055042 902 1374068 19000
0 935 0 0 1060887 911 1381898 19100
0 941 0 0 1066711 915 1389681 19200
0 943 0 0 1072504 918 1397464 19300
0 949 0 0 1078265 923 1405232 19400
0 951 0 0 1084098 926 1413053 19500
0 958 0 0 1089968 932 1420912 19600
0 962 0 0 1095637 938 1428539 19700
0 966 0 0 1101550 940 1436298 19800
0 967 0 0 1107515 946 1444177 19900
0 969 0 0 1113319 946 1451762 20000
0 977 0 0 1119119 949 1459383 20100
0 978 0 0 1125012 953 1467202 20200
0 985 0 0 1130850 955 1475108 20300
0 987 0 0 1136749 962 1483025 20400
0 996 0 0 1142667 963 1490886 20500
0 999 0 0 1148442 972 1498490 20600
0 1007 0 0 1154288 975 1506142 20700
0 1010 0 0 1160026 982 1513672 20800
0 1015 0 0 1165729 987 1521058 20900
0 1020 0 0 1171463 989 1528391 21000
0 1025 0 0 1177210 996 1535910 21100
0 1028 0 0 1182938 999 1543413 21200
0 1034 0 0 1188750 1003 1550920 21300
0 1036 0 0 1194426 1008 1558405 21400
0 1044 0 0 1200262 1012 1566011 21500
0 1051 0 0 1205992 1019 1573549 21600
0 1059 0 0 1211841 1024 1581273 21700
0 1061 0 0 1217547 1032 1588848 21800
0 1073 0 0 1223420 1035 1596365 21900
0 1077 0 0 1229158 1045 1603794 22000
0 1084 0 0 1234928 1049 1611310 22100
0 1088 0 0 1240588 1059 1618678 22200
0 1094 0 0 1246372 1062 1626211 22300
0 1100 0 0 1252067 1069 1633577 22400
0 1104 0 0 1257724 1073 1640845 22500
0 1107 0 0 1263329 1076 1647948 22600
0 1109 0 0 1268899 1081 1654935 22700
0 1115 0 0 1274653 1084 1662133 22800
0 1117 0 0 1280277 1090 1669132 22900
0 1121 0 0 1285844 1091 1676055 23000
0 1125 0 0 1291432 1094 1683125 23100
0 1129 0 0 1297109 1097 1690170 23200
0 1131 0 0 1302707 1103 1697121 23300
0 1137 0 0 1308439 1105 1704185 23400
0 1143 0 0 1313951 1110 1711255 23500
0 1144 0 0 1319827 1113 1718699 23600
0 1149 0 0 1325481 1116 1726067 23700
0 1151 0 0 1331346 1121 1733473 23800
0 1156 0 0 1337084 1122 1740855 23900
0 1158 0 0 1342908 1129 1748203 24000
0 1159 0 0 1348610 1130 1755531 24100
0 1165 0 0 1354434 1132 1763167 24200
0 1167 0 0 1360337 1136 1770799 24300
0 1170 0 0 1366173 1139 1778267 24400
0 1178 0 0 1371779 1143 1785449 24500
0 1183 0 0 1377577 1149 1792771 24600
0 1190 0 0 1383289 1153 1799963 24700
0 1196 0 0 1389108 1163 1807424 24800
0 1202 0 0 1394806 1165 1814734 24900
0 1211 0 0 1400632 1174 1822066 25000
0 1220 0 0 1406393 1179 1829403 25100
0 1224 0 0 1412126 1191 1836665 25200
0 1230 0 0 1417831 1194 1843778 25300
0 1239 0 0 1423596 1202 1851051 25400
0 1242 0 0 1429426 1209 1858320 25500
0 1252 0 0 1435120 1213 1865483 25600
0 1254 0 0 1440968 1221 1872661 25700
0 1261 0 0 1446733 1224 1879779 25800
0 1267 0 0 1452494 1229 1886920 25900
0 1272 0 0 1458103 1237 1893944 26000
0 1278 0 0 1463869 1242 1901122 26100
0 1282 0 0 1469603 1248 1908333 26200
0 1291 0 0 1475357 1252 1915665 26300
0 1294 0 0 1481056 1259 1922889 26400
0 1296 0 0 1486835 1262 1930118 26500
0 1304 0 0 1492579 1266 1937301 26600
0 1308 0 0 1498266 1273 1944409 26700
0 1313 0 0 1503963 1278 1951585 26800
0 1318 0 0 1509642 1280 1958721 26900
0 1322 0 0 1515406 1286 1966072 27000
0 1329 0 0 1521131 1289 1973263 27100
0 1330 0 0 1526810 1297 1980642 27200
0 1334 0 0 1532586 1299 1987953 27300
0 1341 0 0 1538336 1306 1995248 27400
0 1347 0 0 1544064 1310 2002553 27500
0 1352 0 0 1549881 1316 2009957 27600
0 1355 0 0 1555545 1319 2017268 27700
0 1358 0 0 1561276 1323 2024542 27800
0 1364 0 0 1567044 1326 2031801 27900
0 1365 0 0 1572756 1330 2039104 28000
0 1372 0 0 1578360 1333 2046242 28100
0 1374 0 0 1584121 1338 2053500 28200
0 1378 0 0 1589868 1340 2060681 28300
0 1384 0 0 1595542 1344 2067966 28400
0 1391 0 0 1601222 1348 2075128 28500
0 1396 0 0 1606940 1354 2082389 28600
0 1402 0 0 1612537 1361 2089728 28700
0 1407 0 0 1618274 1367 2097212 28800
0 1411 0 0 1623974 1373 2104799 28900
0 1421 0 0 1629831 1377 2112694 29000
0 1423 0 0 1635557 1387 2120459 29100
0 1430 0 0 1641431 1389 2128341 29200
0 1432 0 0 1647210 1394 2136195 29300
0 1436 0 0 1653051 1397 2143920 29400
0 1438 0 0 1658793 1401 2151347 29500
0 1442 0 0 1664458 1403 2158745 29600
0 1445 0 0 1670206 1406 2166229 29700
0 1452 0 0 1675921 1409 2173619 29800
0 1457 0 0 1681659 1416 2180949 29900
0 1463 0 0 1687460 1420 2188355 30000
0 1467 0 0 1693219 1426 2195626 30100
0 1472 0 0 1698916 1432 2202911 30200
0 1478 0 0 1704709 1436 2210406 30300
0 1483 0 0 1710436 1440 2217764 30400
0 1487 0 0 1716124 1447 2225015 30500
0 1491 0 0 1721782 1450 2232315 30600
0 1495 0 0 1727558 1454 2239643 30700
0 1500 0 0 1733324 1457 2246991 30800
0 1504 0 0 1739043 1460 2254338 30900
0 1508 0 0 1744784 1465 2261793 31000
0 1513 0 0 1750557 1470 2269385 31100
0 1518 0 0 1756369 1473 2276861 31200
0 1524 0 0 1762130 1479 2284263 31300
0 1527 0 0 1767964 1483 2291701 31400
0 1533 0 0 1773743 1488 2299064 31500
0 1542 0 0 1779484 1497 2306529 31600
0 1548 0 0 1785269 1502 2314233 31700
0 1549 0 0 1791011 1508 2321790 31800
0 1557 0 0 1796859 1511 2329483 31900
0 1562 0 0 1802601 1519 2337070 32000
0 1570 0 0 1808397 1522 2344683 32100
0 1577 0 0 1814119 1531 2352350 32200
0 1582 0 0 1819997 1538 2359979 32300
0 1586 0 0 1825856 1541 2367575 32400
0 1592 0 0 1831648 1545 2375022 32500
0 1596 0 0 1837271 1551 2382438 32600
0 1605 0 0 1843048 1554 2389932 32700
0 1606 0 0 1848887 1564 2397436 32800
0 1616 0 0 1854651 1566 2404820 32900
0 1621 0 0 1860415 1577 2412357 33000
0 1627 0 0 1866169 1579 2419844 33100
0 1629 0 0 1871977 1585 2427390 33200
0 1635 0 0 1877610 1587 2434814 33300
0 1641 0 0 1883386 1594 2442220 33400
0 1649 0 0 1889231 1601 2449745 33500
0 1652 0 0 1894924 1606 2457082 33600
0 1656 0 0 1900615 1608 2464404 33700
0 1661 0 0 1906450 1613 2471913 33800
0 1667 0 0 1912332 1619 2479604 33900
0 1668 0 0 1918106 1622 2487008 34000
0 1676 0 0 1923901 1626 2494491 34100
0 1677 0 0 1929785 1634 2502026 34200
0 1682 0 0 1935581 1635 2509611 34300
0 1684 0 0 1941311 1638 2517155 34400
0 1687 0 0 1947143 1643 2524619 34500
0 1691 0 0 1952893 1643 2531999 34600
0 1692 0 0 1958722 1648 2539480 34700
0 1695 0 0 1964454 1650 2547006 34800
0 1698 0 0 1970193 1652 2554555 34900
0 1698 0 0 1976045 1655 2562238 35000
0 1701 0 0 1981725 1655 2569860 35100
0 1703 0 0 1987650 1658 2577587 35200
0 1705 0 0 1993417 1659 2585356 35300
0 1711 0 0 1999277 1663 2593210 35400
0 1716 0 0 2005106 1667 2601272 35500
0 1721 0 0 2010922 1672 2609297 35600
0 1724 0 0 2016725 1678 2617334 35700
0 1728 0 0 2022602 1680 2625464 35800
0 1733 0 0 2028451 1685 2633407 35900
0 1736 0 0 2034279 1690 2641260 36000
0 1741 0 0 2040161 1692 2649153 36100
0 1744 0 0 2045977 1697 2657036 36200
0 1750 0 0 2051768 1699 2664846 36300
0 1755 0 0 2057642 1703 2672614 36400
0 1758 0 0 2063406 1711 2680297 36500
0 1765 0 0 2069227 1715 2688154 36600
0 1770 0 0 2075005 1723 2695901 36700
0 1774 0 0 2080900 1727 2703829 36800
0 1779 0 0 2086652 1731 2711546 36900
0 1783 0 0 2092442 1737 2719243 37000
0 1788 0 0 2098187 1740 2726982 37100
0 1792 0 0 2103966 1744 2734635 37200
0 1801 0 0 2109660 1748 2742318 37300
0 1804 0 0 2115492 1755 2750040 37400
0 1808 0 0 2121267 1759 2757867 37500
0 1810 0 0 2127205 1762 2765800 37600
0 1813 0 0 2133093 1765 2773768 37700
0 1816 0 0 2138921 1768 2781673 37800
0 1820 0 0 2144850 1769 2789711 37900
0 1822 0 0 2150760 1774 2797731 38000
0 1823 0 0 2156616 1776 2805546 38100
0 1827 0 0 2162362 1777 2813229 38200
0 1834 0 0 2168143 1781 2820866 38300
0 1836 0 0 2173972 1787 2828433 38400
0 1839 0 0 2179742 1790 2835978 38500
0 1842 0 0 2185471 1793 2843469 38600
0 1847 0 0 2191274 1797 2850848 38700
0 1848 0 0 2197003 1800 2858230 38800
0 1852 0 0 2202741 1802 2865479 38900
0 1855 0 0 2208421 1806 2872659 39000
0 1857 0 0 2214107 1809 2879749 39100
0 1864 0 0 2219726 1812 2886730 39200
0 1868 0 0 2225423 1818 2893703 39300
0 1871 0 0 2231024 1822 2900603 39400
0 1877 0 0 2236749 1826 2907644 39500
0 1879 0 0 2242380 1831 2914824 39600
0 1883 0 0 2248064 1834 2921908 39700
0 1886 0 0 2253738 1837 2928915 39800
0 1890 0 0 2259376 1841 2936071 39900
0 1894 0 0 2265122 1843 2943209 40000
0 1894 0 0 2270824 1846 2950312 40100
0 1898 0 0 2276558 1848 2957487 40200
0 1900 0 0 2282268 1852 2964621 40300
0 1904 0 0 2287973 1853 2971641 40400
0 1904 0 0 2293688 1856 2978681 40500
0 1908 0 0 2299358 1857 2985690 40600
0 1910 0 0 2304974 1861 2992669 40700
0 1913 0 0 2310703 1864 2999755 40800
0 1914 0 0 2316351 1865 3006770 40900
0 1917 0 0 2322013 1867 3013715 41000
0 1918 0 0 2327731 1870 3020962 41100
0 1922 0 0 2333414 1871 3028023 41200
0 1924 0 0 2339104 1876 3035105 41300
0 1929 0 0 2344796 1877 3042106 41400
0 1930 0 0 2350493 1880 3049154 41500
0 1934 0 0 2356188 1883 3056289 41600
0 1939 0 0 2361845 1889 3063337 41700
0 1941 0 0 2367619 1891 3070581 41800
0 1945 0 0 2373414 1894 3077895 41900
0 1947 0 0 2379124 1896 3085199 42000
0 1948 0 0 2384811 1898 3092519 42100
0 1951 0 0 2390566 1899 3099822 42200
0 1953 0 0 2396389 1901 3107129 42300
0 1959 0 0 2402181 1904 3114592 42400
0 1961 0 0 2407931 1911 3122070 42500
0 1968 0 0 2413808 1912 3129567 42600
0 1972 0 0 2419595 1915 3136988 42700
0 1974 0 0 2425229 1921 3144155 42800
0 1980 0 0 2430939 1924 3151403 42900
0 1983 0 0 2436703 1930 3158657 43000
0 1986 0 0 2442365 1933 3165802 43100
0 1992 0 0 2448032 1937 3172860 43200
0 1998 0 0 2453630 1942 3179921 43300
0 2000 0 0 2459351 1948 3187153 43400
0 2004 0 0 2465002 1949 3194357 43500
0 2005 0 0 2470728 1953 3201531 43600
0 2009 0 0 2476537 1954 3208941 43700
0 2012 0 0 2482242 1958 3216291 43800
0 2018 0 0 2487979 1961 3223791 43900
0 2019 0 0 2493822 1967 3231196 44000
0 2023 0 0 2499524 1969 3238438 44100
0 2027 0 0 2505256 1972 3245623 44200
0 2031 0 0 2511113 1976 3252912 44300
0 2033 0 0 2516859 1980 3260058 44400
0 2038 0 0 2522404 1984 3267072 44500
0 2044 0 0 2528268 1988 3274222 44600
0 2048 0 0 2534060 1993 3281392 44700
0 2052 0 0 2539783 1998 3288480 44800
0 2056 0 0 2545532 2002 3295658 44900
0 2062 0 0 2551164 2006 3302608 45000
0 2066 0 0 2556923 2009 3309899 45100
0 2070 0 0 2562687 2015 3317161 45200
0 2077 0 0 2568547 2019 3324428 45300
0 2082 0 0 2574299 2023 3331654 45400
0 2089 0 0 2580041 2030 3338999 45500
0 2094 0 0 2585812 2035 3346285 45600
0 2099 0 0 2591663 2043 3353750 45700
0 2105 0 0 2597435 2048 3361180 45800
0 2109 0 0 2603314 2053 3368664 45900
0 2115 0 0 2609044 2059 3375983 46000
0 2117 0 0 2614874 2063 3383512 46100
0 2122 0 0 2620540 2065 3390680 46200
0 2126 0 0 2626293 2071 3397885 46300
0 2130 0 0 2631878 2074 3405015 46400
0 2135 0 0 2637704 2078 3412382 46500
0 2139 0 0 2643324 2083 3419493 46600
0 2140 0 0 2649123 2087 3426592 46700
0 2145 0 0 2654699 2088 3433398 46800
0 2146 0 0 2660272 2092 3440177 46900
0 2147 0 0 2665889 2094 3446922 47000
0 2151 0 0 2671384 2095 3453446 47100
0 2154 0 0 2676883 2099 3460000 47200
0 2156 0 0 2682396 2101 3466627 47300
0 2158 0 0 2688004 2104 3473308 47400
0 2161 0 0 2693580 2106 3480017 47500
0 2161 0 0 2699077 2109 3486749 47600
0 2163 0 0 2704805 2110 3493670 47700
0 2165 0 0 2710446 2111 3500671 47800
0 2167 0 0 2716124 2113 3507602 47900
0 2170 0 0 2721669 2116 3514484 48000
0 2173 0 0 2727365 2119 3521479 48100
0 2178 0 0 2733070 2120 3528606 48200
0 2182 0 0 2738689 2125 3535739 48300
0 2182 0 0 2744404 2129 3542931 48400
0 2191 0 0 2750009 2131 3550066 48500
0 2194 0 0 2755773 2137 3557357 48600
0 2196 0 0 2761434 2142 3564550 48700
0 2202 0 0 2767204 2145 3571990 48800
0 2204 0 0 2772887 2149 3579274 48900
0 2206 0 0 2778679 2152 3586617 49000
0 2213 0 0 2784454 2154 3593813 49100
0 2214 0 0 2790131 2160 3600872 49200
0 2217 0 0 2795840 2162 3608057 49300
0 2221 0 0 2801548 2165 3615070 49400
0 2226 0 0 2807346 2167 3622342 49500
0 2232 0 0 2813115 2173 3629493 49600
0 2237 0 0 2818920 2178 3636636 49700
0 2240 0 0 2824569 2183 3643646 49800
0 2245 0 0 2830302 2190 3650896 49900
0 2250 0 0 2836007 2191 3658035 50000
0 2253 0 0 2841793 2196 3665247 50100
0 2254 0 0 2847479 2200 3672395 50200
0 2260 0 0 2853250 2202 3679623 50300
0 2266 0 0 2858977 2206 3686931 50400
0 2270 0 0 2864634 2212 3694308 50500
0 2277 0 0 2870407 2218 3701769 50600
0 2280 0 0 2876274 2223 3709352 50700
0 2284 0 0 2882034 2227 3716733 50800
0 2289 0 0 2887788 2232 3724200 50900
0 2295 0 0 2893608 2236 3731729 51000
0 2298 0 0 2899306 2243 3738969 51100
0 2302 0 0 2905000 2243 3746098 51200
0 2304 0 0 2910698 2246 3753113 51300
0 2308 0 0 2916308 2252 3760009 51400
0 2314 0 0 2921952 2255 3766972 51500
0 2318 0 0 2927587 2260 3774012 51600
0 2322 0 0 2933259 2264 3781059 51700
0 2327 0 0 2938952 2268 3788159 51800
0 2328 0 0 2944504 2273 3795122 51900
0 2335 0 0 2950323 2277 3802488 52000
0 2338 0 0 2956044 2281 3809889 52100
0 2345 0 0 2961760 2284 3817265 52200
0 2346 0 0 2967573 2289 3824647 52300
0 2350 0 0 2973353 2293 3831918 52400
0 2354 0 0 2979035 2296 3839218 52500
0 2356 0 0 2984838 2299 3846683 52600
0 2358 0 0 2990548 2301 3854211 52700
0 2360 0 0 2996307 2304 3861785 52800
0 2362 0 0 3002164 2305 3869449 52900
0 2363 0 0 3007921 2306 3876849 53000
0 2365 0 0 3013651 2308 3884210 53100
0 2367 0 0 3019314 2311 3891348 53200
0 2371 0 0 3025128 2312 3898745 53300
0 2376 0 0 3030762 2317 3906054 53400
0 2379 0 0 3036586 2320 3913748 53500
0 2381 0 0 3042301 2325 3921475 53600
0 2384 0 0 3048200 2326 3929458 53700
0 2387 0 0 3054023 2329 3937321 53800
0 2392 0 0 3059794 2331 3945007 53900
0 2395 0 0 3065603 2337 3952699 54000
0 2399 0 0 3071378 2342 3960224 54100
0 2402 0 0 3077144 2344 3967575 54200
0 2407 0 0 3082796 2346 3974680 54300
0 2412 0 0 3088318 2352 3981639 54400
0 2415 0 0 3094004 2357 3988713 54500
0 2421 0 0 3099537 2362 3995713 54600
0 2426 0 0 3105252 2367 4003081 54700
0 2432 0 0 3110863 2372 4010326 54800
0 2437 0 0 3116625 2374 4017554 54900
0 2443 0 0 3122399 2382 4024999 55000
0 2449 0 0 3128117 2386 4032285 55100
0 2451 0 0 3133869 2394 4039789 55200
0 2453 0 0 3139694 2395 4047390 55300
0 2457 0 0 3145450 2397 4054806 55400
0 2461 0 0 3151078 2403 4061994 55500
0 2465 0 0 3156807 2404 4069303 55600
0 2470 0 0 3162474 2409 4076597 55700
0 2474 0 0 3168248 2414 4084054 55800
0 2477 0 0 3173918 2419 4091426 55900
0 2484 0 0 3179652 2422 4098893 56000
0 2487 0 0 3185489 2430 4106478 56100
0 2493 0 0 3191097 2433 4113878 56200
0 2499 0 0 3196917 2436 4121498 56300
0 2503 0 0 3202695 2446 4129173 56400
0 2507 0 0 3208453 2448 4136731 56500
0 2511 0 0 3214315 2452 4144416 56600
0 2515 0 0 3220052 2457 4151878 56700
0 2519 0 0 3225828 2460 4159274 56800
0 2521 0 0 3231546 2463 4166554 56900
0 2523 0 0 3237259 2465 4173772 57000
0 2528 0 0 3242920 2468 4181020 57100
0 2530 0 0 3248644 2471 4188457 57200
0 2534 0 0 3254589 2474 4196017 57300
0 2536 0 0 3260291 2478 4203362 57400
0 2539 0 0 3265974 2479 4210613 57500
0 2545 0 0 3271759 2484 4217911 57600
0 2549 0 0 3277470 2489 4225164 57700
0 2552 0 0 3283323 2492 4232452 57800
0 2554 0 0 3288989 2496 4239618 57900
0 2558 0 0 3294639 2497 4246867 58000
0 2561 0 0 3300378 2503 4254073 58100
0 2565 0 0 3306132 2505 4261334 58200
0 2570 0 0 3311887 2510 4268581 58300
0 2572 0 0 3317630 2513 4275828 58400
0 2577 0 0 3323231 2515 4282977 58500
0 2579 0 0 3328995 2521 4290344 58600
0 2583 0 0 3334675 2522 4297504 58700
0 2585 0 0 3340292 2526 4304538 58800
0 2590 0 0 3345977 2530 4311673 58900
0 2597 0 0 3351669 2533 4318863 59000
0 2604 0 0 3357372 2541 4326023 59100
0 2606 0 0 3363046 2547 4333117 59200
0 2618 0 0 3368814 2551 4340450 59300
0 2620 0 0 3374497 2559 4347826 59400
0 2627 0 0 3380320 2565 4355319 59500
0 2630 0 0 3386100 2569 4362779 59600
0 2633 0 0 3391857 2573 4370216 59700
0 2636 0 0 3397524 2576 4377685 59800
0 2643 0 0 3403331 2579 4385398 59900
0 2646 0 0 3409188 2585 4393276 60000
0 2653 0 0 3414983 2589 4401072 60100
0 2656 0 0 3420841 2595 4408957 60200
0 2660 0 0 3426597 2597 4416685 60300
0 2665 0 0 3432375 2601 4424500 60400
0 2671 0 0 3438216 2607 4432437 60500
0 2677 0 0 3444018 2614 4440278 60600
0 2683 0 0 3449800 2619 4448188 60700
0 2688 0 0 3455799 2622 4456346 60800
0 2690 0 0 3461703 2627 4464188 60900
0 2694 0 0 3467425 2630 4471579 61000
0 2696 0 0 3473229 2634 4478965 61100
0 2702 0 0 3478944 2636 4486413 61200
0 2704 0 0 3484679 2642 4493824 61300
0 2705 0 0 3490527 2644 4501399 61400
0 2708 0 0 3496388 2646 4509078 61500
0 2714 0 0 3502119 2649 4516725 61600
0 2718 0 0 3508103 2653 4524656 61700
0 2720 0 0 3514040 2658 4532624 61800
0 2724 0 0 3519960 2660 4540516 61900
0 2728 0 0 3525876 2663 4548384 62000
0 2730 0 0 3531744 2667 4556316 62100
0 2732 0 0 3537567 2669 4563981 62200
0 2734 0 0 3543416 2671 4571507 62300
0 2737 0 0 3549136 2673 4578741 62400
0 2739 0 0 3554767 2675 4585921 62500
0 2742 0 0 3560494 2679 4593032 62600
0 2742 0 0 3566132 2681 4599932 62700
0 2746 0 0 3571661 2681 4606661 62800
0 2747 0 0 3577294 2685 4613590 62900
0 2751 0 0 3582771 2686 4620437 63000
0 2754 0 0 3588482 2689 4627517 63100
0 2756 0 0 3594125 2692 4634587 63200
0 2760 0 0 3599810 2694 4641564 63300
0 2762 0 0 3605589 2697 4648716 63400
0 2765 0 0 3611167 2700 4655864 63500
0 2767 0 0 3616886 2703 4663229 63600
0 2770 0 0 3622738 2705 4670781 63700
0 2776 0 0 3628469 2709 4678101 63800
0 2781 0 0 3634110 2715 4685291 63900
0 2782 0 0 3639819 2719 4692460 64000
0 2784 0 0 3645536 2720 4699628 64100
0 2789 0 0 3651188 2723 4706759 64200
0 2793 0 0 3656911 2726 4713866 64300
0 2795 0 0 3662544 2731 4720822 64400
0 2799 0 0 3668153 2734 4727814 64500
0 2803 0 0 3673758 2738 4734785 64600
0 2808 0 0 3679452 2742 4741855 64700
0 2812 0 0 3685147 2747 4749024 64800
0 2817 0 0 3690799 2751 4756189 64900
0 2820 0 0 3696535 2756 4763349 65000
0 2827 0 0 3702275 2758 4770465 65100
0 2830 0 0 3707949 2764 4777515 65200
0 2837 0 0 3713657 2769 4784641 65300
0 2845 0 0 3719186 2777 4791598 65400
0 2850 0 0 3724952 2783 4798677 65500
0 2856 0 0 3730636 2788 4805824 65600
0 2862 0 0 3736390 2794 4813162 65700
0 2868 0 0 3742096 2799 4820416 65800
0 2869 0 0 3747870 2805 4827750 65900
0 2873 0 0 3753607 2807 4835218 66000
0 2880 0 0 3759364 2812 4842817 66100
0 2882 0 0 3765296 2818 4850665 66200
0 2890 0 0 3771044 2820 4858550 66300
0 2894 0 0 3776972 2825 4866668 66400
0 2898 0 0 3782823 2830 4874602 66500
0 2901 0 0 3788639 2835 4882340 66600
0 2907 0 0 3794450 2838 4890048 66700
0 2909 0 0 3800190 2841 4897580 66800
0 2910 0 0 3805981 2846 4905184 66900
0 2913 0 0 3811710 2847 4912937 67000
0 2916 0 0 3817552 2849 4920670 67100
0 2923 0 0 3823398 2856 4928488 67200
0 2927 0 0 3829297 2860 4936292 67300
0 2931 0 0 3835001 2864 4943920 67400
0 2936 0 0 3840840 2869 4951752 67500
0 2939 0 0 3846592 2872 4959553 67600
0 2944 0 0 3852322 2875 4967219 67700
0 2948 0 0 3858147 2880 4974936 67800
0 2953 0 0 3863872 2885 4982515 67900
0 2958 0 0 3869525 2890 4989915 68000
0 2965 0 0 3875179 2895 4997251 68100
0 2968 0 0 3880847 2902 5004441 68200
0 2976 0 0 3886478 2903 5011588 68300
0 2979 0 0 3892062 2913 5018732 68400
0 2984 0 0 3897764 2916 5026119 68500
0 2988 0 0 3903473 2922 5033591 68600
0 2994 0 0 3909216 2925 5041066 68700
0 2997 0 0 3915032 2930 5048512 68800
0 2999 0 0 3920604 2934 5055673 68900
0 3007 0 0 3926480 2939 5063066 69000
0 3010 0 0 3932133 2944 5070245 69100
0 3017 0 0 3937856 2949 5077530 69200
0 3026 0 0 3943697 2956 5084991 69300
0 3033 0 0 3949545 2962 5092498 69400
0 3040 0 0 3955355 2971 5100125 69500
0 3049 0 0 3961297 2976 5107869 69600
0 3055 0 0 3967166 2984 5115598 69700
0 3059 0 0 3972976 2991 5123309 69800
0 3062 0 0 3978868 2993 5131131 69900
0 3068 0 0 3984757 2999 5138848 70000
0 3071 0 0 3990643 3005 5146581 70100
0 3077 0 0 3996569 3009 5154251 70200
0 3081 0 0 4002371 3012 5161829 70300
0 3083 0 0 4008284 3017 5169472 70400
0 3087 0 0 4014134 3020 5177013 70500
0 3090 0 0 4020040 3023 5184725 70600
0 3092 0 0 4025815 3027 5192230 70700
0 3094 0 0 4031603 3028 5199773 70800
0 3094 0 0 4037457 3030 5207253 70900
0 3096 0 0 4043317 3030 5214655 71000
0 3101 0 0 4049028 3032 5221896 71100
0 3103 0 0 4054823 3036 5229144 71200
0 3106 0 0 4060537 3037 5236295 71300
0 3110 0 0 4066311 3040 5243475 71400
0 3116 0 0 4071968 3045 5250692 71500
0 3120 0 0 4077764 3052 5258003 71600
0 3124 0 0 4083524 3054 5265397 71700
0 3128 0 0 4089201 3058 5272794 71800
0 3132 0 0 4095026 3063 5280411 71900
0 3135 0 0 4100929 3064 5288034 72000
0 3139 0 0 4106699 3070 5295523 72100
0 3142 0 0 4112540 3074 5303153 72200
0 3146 0 0 4118337 3076 5310782 72300
0 3152 0 0 4124169 3081 5318320 72400
0 3155 0 0 4129966 3086 5325660 72500
0 3159 0 0 4135644 3090 5333050 72600
0 3163 0 0 4141358 3093 5340502 72700
0 3166 0 0 4147092 3098 5348040 72800
0 3169 0 0 4152853 3099 5355437 72900
0 3173 0 0 4158738 3106 5362939 73000
0 3177 0 0 4164386 3107 5370269 73100
0 3178 0 0 4170088 3110 5377647 73200
0 3183 0 0 4175880 3112 5385088 73300
0 3186 0 0 4181555 3119 5392416 73400
0 3187 0 0 4187201 3120 5399637 73500
0 3194 0 0 4192995 3123 5406932 73600
0 3199 0 0 4198610 3128 5414229 73700
0 3202 0 0 4204339 3130 5421472 73800
0 3205 0 0 4210066 3134 5428605 73900
0 3209 0 0 4215795 3139 5435819 74000
0 3213 0 0 4221432 3143 5442819 74100
0 3218 0 0 4227144 3147 5449902 74200
0 3221 0 0 4232734 3150 5456838 74300
0 3225 0 0 4238335 3154 5463822 74400
0 3230 0 0 4243990 3157 5470986 74500
0 3234 0 0 4249846 3161 5478205 74600
0 3237 0 0 4255478 3166 5485277 74700
0 3243 0 0 4261215 3171 5492414 74800
0 3246 0 0 4266889 3176 5499490 74900
0 3251 0 0 4272557 3177 5506703 75000
0 3255 0 0 4278287 3182 5514069 75100
0 3257 0 0 4283988 3186 5521415 75200
0 3263 0 0 4289730 3188 5528697 75300
0 3264 0 0 4295478 3194 5535902 75400
0 3271 0 0 4301206 3195 5543229 75500
0 3274 0 0 4306870 3202 5550405 75600
0 3278 0 0 4312547 3205 5557538 75700
0 3281 0 0 4318258 3208 5564733 75800
0 3284 0 0 4323972 3210 5571916 75900
0 3287 0 0 4329665 3212 5579058 76000
0 3292 0 0 4335420 3215 5586235 76100
0 3295 0 0 4341117 3220 5593437 76200
0 3300 0 0 4346871 3223 5600773 76300
0 3302 0 0 4352564 3228 5608103 76400
0 3306 0 0 4358382 3231 5615604 76500
0 3310 0 0 4364211 3236 5623074 76600
0 3315 0 0 4369966 3240 5630429 76700
0 3318 0 0 4375705 3244 5637803 76800
0 3326 0 0 4381415 3246 5645138 76900
0 3330 0 0 4387196 3253 5652442 77000
0 3334 0 0 4392902 3257 5659726 77100
0 3339 0 0 4398695 3260 5667031 77200
0 3345 0 0 4404496 3265 5674457 77300
0 3347 0 0 4410269 3271 5681926 77400
0 3353 0 0 4415971 3273 5689297 77500
0 3356 0 0 4421873 3279 5696812 77600
0 3357 0 0 4427616 3281 5704168 77700
0 3363 0 0 4433435 3283 5711583 77800
0 3367 0 0 4439170 3289 5718893 77900
0 3370 0 0 4444958 3292 5726243 78000
0 3374 0 0 4450694 3294 5733529 78100
0 3378 0 0 4456410 3300 5740951 78200
0 3382 0 0 4462158 3303 5748390 78300
0 3387 0 0 4467975 3305 5755831 78400
0 3388 0 0 4473802 3310 5763479 78500
0 3393 0 0 4479590 3312 5770974 78600
0 3396 0 0 4485384 3316 5778510 78700
0 3401 0 0 4491131 3318 5785968 78800
0 3403 0 0 4496937 3324 5793527 78900
0 3405 0 0 4502698 3327 5801058 79000
0 3407 0 0 4508474 3329 5808518 79100
0 3412 0 0 4514281 3329 5816065 79200
0 3414 0 0 4520108 3334 5823520 79300
0 3416 0 0 4525893 3337 5831142 79400
0 3418 0 0 4531693 3339 5838745 79500
0 3420 0 0 4537463 3341 5846574 79600
0 3424 0 0 4543342 3342 5854491 79700
0 3425 0 0 4549217 3345 5862384 79800
0 3429 0 0 4555161 3347 5870318 79900
