0 0 0 0 0 0 0 0
0 6 0 0 2596 0 2627 100
0 14 0 0 5855 3 5944 200
0 15 0 0 7235 11 7390 300
0 17 0 0 8954 11 9142 400
0 20 0 0 10931 14 11153 500
0 21 0 0 13309 16 13564 600
0 24 0 0 16068 16 16370 700
0 25 0 0 19003 21 19408 800
0 27 0 0 22315 21 22830 900
0 29 0 0 25790 24 26481 1000
0 33 0 0 29589 25 30511 1100
0 35 0 0 33561 29 34761 1200
0 36 0 0 37735 29 39305 1300
0 39 0 0 42100 33 44128 1400
0 43 0 0 46482 33 48986 1500
0 47 0 0 51071 40 54160 1600
0 50 0 0 55799 41 59550 1700
0 55 0 0 60696 42 65193 1800
0 60 0 0 65748 47 71037 1900
0 63 0 0 70782 53 76971 2000
0 68 0 0 75931 58 83019 2100
0 74 0 0 81129 62 89218 2200
0 81 0 0 86438 68 95757 2300
0 89 0 0 91870 74 102472 2400
0 93 0 0 97185 81 109026 2500
0 99 0 0 102730 87 115857 2600
0 107 0 0 108284 92 122659 2700
0 112 0 0 113797 99 129425 2800
0 116 0 0 119322 104 136286 2900
0 120 0 0 124923 109 143265 3000
0 129 0 0 130516 114 150290 3100
0 136 0 0 136145 123 157408 3200
0 142 0 0 141795 129 164618 3300
0 149 0 0 147474 135 171923 3400
0 154 0 0 153134 141 179209 3500
0 161 0 0 158804 147 186493 3600
0 169 0 0 164409 154 193724 3700
0 176 0 0 170026 162 201011 3800
0 186 0 0 175790 169 208645 3900
0 195 0 0 181386 177 215987 4000
0 200 0 0 187145 187 223409 4100
0 209 0 0 192868 194 230638 4200
0 217 0 0 198582 200 238014 4300
0 225 0 0 204305 210 245433 4400
0 235 0 0 210107 215 253004 4500
0 237 0 0 215941 222 260652 4600
0 243 0 0 221807 227 268409 4700
0 253 0 0 227736 232 276296 4800
0 265 0 0 233644 242 284279 4900
0 270 0 0 239625 252 292253 5000
0 283 0 0 245488 256 300201 5100
0 290 0 0 251468 267 308379 5200
0 296 0 0 257419 272 316581 5300
0 307 0 0 263302 281 324858 5400
0 312 0 0 269271 288 333232 5500
0 321 0 0 275379 291 341699 5600
0 327 0 0 281469 303 350274 5700
0 336 0 0 287441 309 358666 5800
0 343 0 0 293501 316 367174 5900
0 348 0 0 299515 324 375607 6000
0 359 0 0 305415 329 384050 6100
0 363 0 0 311532 338 392732 6200
0 369 0 0 317660 343 401340 6300
0 374 0 0 323680 349 409841 6400
0 379 0 0 329721 354 418259 6500
0 382 0 0 335829 359 426714 6600
0 389 0 0 341723 361 435053 6700
0 397 0 0 347861 370 443492 6800
0 402 0 0 353791 375 451800 6900
0 406 0 0 359824 380 460214 7000
0 412 0 0 365769 384 468595 7100
0 417 0 0 371755 392 476948 7200
0 422 0 0 377743 396 485330 7300
0 431 0 0 383687 403 493700 7400
0 439 0 0 389766 408 502362 7500
0 445 0 0 395889 416 511050 7600
0 454 0 0 401891 422 519455 7700
0 459 0 0 407924 429 527813 7800
0 464 0 0 413997 437 536212 7900
0 469 0 0 419990 442 544581 8000
0 473 0 0 426061 446 552923 8100
0 481 0 0 431987 449 561107 8200
0 483 0 0 437982 458 569317 8300
0 490 0 0 443967 460 577489 8400
0 496 0 0 449853 465 585378 8500
0 502 0 0 455755 473 593103 8600
0 510 0 0 461583 478 600874 8700
0 518 0 0 467540 484 608879 8800
0 523 0 0 473355 489 616624 8900
0 528 0 0 479210 497 624489 9000
0 533 0 0 485124 502 632309 9100
0 538 0 0 491026 508 640240 9200
0 543 0 0 496860 511 648082 9300
0 548 0 0 502857 516 656153 9400
0 553 0 0 508756 523 663978 9500
0 559 0 0 514794 526 672039 9600
0 565 0 0 520779 531 680072 9700
0 574 0 0 526585 537 688137 9800
0 581 0 0 532590 547 696302 9900
0 585 0 0 538569 555 704439 10000
0 598 0 0 544588 557 712617 10100
0 603 0 0 550536 572 720763 10200
0 606 0 0 556490 576 729038 10300
0 620 0 0 562382 581 737363 10400
0 626 0 0 568492 591 745828 10500
0 631 0 0 574427 598 754173 10600
0 636 0 0 580466 602 762774 10700
0 643 0 0 586439 607 771089 10800
0 652 0 0 592353 615 779226 10900
0 655 0 0 598261 622 787317 11000
0 664 0 0 604163 626 795334 11100
0 673 0 0 609819 637 802988 11200
0 676 0 0 615732 644 810783 11300
0 685 0 0 621542 647 818465 11400
0 692 0 0 627345 655 825972 11500
0 697 0 0 633211 663 833546 11600
0 706 0 0 639041 669 841132 11700
0 710 0 0 644792 675 848447 11800
0 715 0 0 650683 681 855808 11900
0 719 0 0 656351 686 862757 12000
0 723 0 0 662006 690 869737 12100
0 728 0 0 667695 694 876772 12200
0 732 0 0 673309 699 883631 12300
0 733 0 0 678983 701 890466 12400
0 736 0 0 684648 705 897450 12500
0 738 0 0 690295 707 904407 12600
0 739 0 0 696111 709 911554 12700
0 742 0 0 701841 710 918709 12800
0 747 0 0 707447 712 925970 12900
0 750 0 0 713286 717 933501 13000
0 753 0 0 719073 720 941080 13100
0 757 0 0 724870 722 948839 13200
0 759 0 0 730762 726 956715 13300
0 763 0 0 736605 730 964535 13400
0 766 0 0 742483 733 972305 13500
0 770 0 0 748379 736 979912 13600
0 775 0 0 754169 739 987391 13700
0 780 0 0 760058 745 995036 13800
0 783 0 0 765818 750 1002601 13900
0 787 0 0 771670 753 1010298 14000
0 795 0 0 777435 756 1017859 14100
0 797 0 0 783268 763 1025330 14200
0 799 0 0 789055 766 1032871 14300
0 802 0 0 794824 769 1040290 14400
0 803 0 0 800469 771 1047800 14500
0 806 0 0 806380 772 1055553 14600
0 810 0 0 812166 775 1063145 14700
0 813 0 0 818003 777 1070917 14800
0 817 0 0 823821 782 1078748 14900
0 817 0 0 829656 786 1086707 15000
0 821 0 0 835549 786 1094752 15100
0 829 0 0 841526 791 1102896 15200
0 831 0 0 847494 796 1111079 15300
0 836 0 0 853385 799 1119122 15400
0 839 0 0 859357 805 1127143 15500
0 842 0 0 865153 806 1134979 15600
0 844 0 0 870976 808 1142972 15700
0 847 0 0 876896 811 1150989 15800
0 853 0 0 882773 815 1159013 15900
0 857 0 0 888732 820 1166992 16000
0 865 0 0 894571 828 1174665 16100
0 868 0 0 900420 832 1182206 16200
0 872 0 0 906181 835 1189733 16300
0 876 0 0 911977 839 1197181 16400
0 880 0 0 917751 843 1204749 16500
0 883 0 0 923524 845 1212290 16600
0 885 0 0 929416 851 1220038 16700
0 890 0 0 935250 851 1227661 16800
0 893 0 0 941115 856 1235416 16900
0 897 0 0 947023 861 1243377 17000
0 902 0 0 952843 863 1251173 17100
0 907 0 0 958819 869 1259233 17200
0 914 0 0 964765 873 1267452 17300
0 927 0 0 970741 880 1275704 17400
0 931 0 0 976809 890 1284159 17500
0 935 0 0 982873 897 1292625 17600
0 943 0 0 988878 902 1301010 17700
0 948 0 0 994911 908 1309366 17800
0 950 0 0 1000875 913 1317420 17900
0 955 0 0 1006784 915 1325268 18000
0 957 0 0 1012707 919 1332950 18100
0 958 0 0 1018491 920 1340549 18200
0 960 0 0 1024290 922 1347885 18300
0 964 0 0 1030143 925 1355229 18400
0 966 0 0 1035922 929 1362554 18500
0 969 0 0 1041705 932 1369875 18600
0 972 0 0 1047440 934 1377184 18700
0 974 0 0 1053149 937 1384425 18800
0 975 0 0 1058854 939 1391596 18900
0 980 0 0 1064539 940 1398737 19000
0 985 0 0 1070302 946 1405839 19100
0 991 0 0 1075944 951 1412919 19200
0 994 0 0 1081650 955 1419904 19300
0 999 0 0 1087368 960 1427105 19400
0 1006 0 0 1093038 965 1434304 19500
0 1012 0 0 1098889 970 1441769 19600
0 1017 0 0 1104682 976 1449282 19700
0 1025 0 0 1110526 983 1456982 19800
0 1030 0 0 1116461 990 1464816 19900
0 1037 0 0 1122328 995 1472720 20000
0 1047 0 0 1128270 1005 1480698 20100
0 1052 0 0 1134218 1010 1488502 20200
0 1061 0 0 1140111 1017 1496179 20300
0 1066 0 0 1145939 1025 1503963 20400
0 1074 0 0 1151852 1030 1511854 20500
0 1078 0 0 1157796 1037 1519729 20600
0 1084 0 0 1163591 1042 1527278 20700
0 1085 0 0 1169526 1046 1534973 20800
0 1089 0 0 1175340 1048 1542625 20900
0 1095 0 0 1181110 1051 1550131 21000
0 1096 0 0 1186854 1057 1557643 21100
0 1101 0 0 1192650 1059 1565101 21200
0 1102 0 0 1198466 1063 1572472 21300
0 1108 0 0 1204132 1064 1579687 21400
0 1110 0 0 1209968 1070 1587086 21500
0 1113 0 0 1215709 1072 1594295 21600
0 1119 0 0 1221498 1077 1601561 21700
0 1122 0 0 1227276 1081 1608751 21800
0 1123 0 0 1233032 1084 1615806 21900
0 1126 0 0 1238861 1086 1622982 22000
0 1133 0 0 1244584 1089 1630112 22100
0 1136 0 0 1250427 1094 1637353 22200
0 1141 0 0 1256214 1099 1644590 22300
0 1145 0 0 1261988 1104 1651911 22400
0 1150 0 0 1267764 1109 1659172 22500
0 1155 0 0 1273445 1111 1666294 22600
0 1161 0 0 1279213 1117 1673600 22700
0 1165 0 0 1284902 1123 1680787 22800
0 1170 0 0 1290621 1126 1688065 22900
0 1174 0 0 1296334 1130 1695379 23000
0 1177 0 0 1302093 1133 1702762 23100
0 1180 0 0 1307871 1137 1710119 23200
0 1182 0 0 1313619 1140 1717406 23300
0 1186 0 0 1319348 1143 1724682 23400
0 1192 0 0 1325047 1144 1732079 23500
0 1194 0 0 1330851 1152 1739492 23600
0 1197 0 0 1336649 1154 1746962 23700
0 1204 0 0 1342557 1156 1754538 23800
0 1208 0 0 1348341 1162 1762004 23900
0 1214 0 0 1354093 1167 1769443 24000
0 1214 0 0 1359969 1172 1776990 24100
0 1219 0 0 1365753 1172 1784419 24200
0 1223 0 0 1371506 1176 1791819 24300
0 1224 0 0 1377274 1179 1799212 24400
0 1228 0 0 1383008 1182 1806324 24500
0 1235 0 0 1388764 1187 1813479 24600
0 1237 0 0 1394403 1191 1820488 24700
0 1241 0 0 1400109 1197 1827559 24800
0 1244 0 0 1405967 1199 1834900 24900
0 1248 0 0 1411651 1204 1841982 25000
0 1248 0 0 1417382 1206 1848982 25100
0 1252 0 0 1423097 1206 1856154 25200
0 1255 0 0 1428950 1210 1863506 25300
0 1258 0 0 1434770 1213 1870686 25400
0 1263 0 0 1440484 1215 1877691 25500
0 1268 0 0 1446167 1219 1884625 25600
0 1271 0 0 1451839 1223 1891580 25700
0 1272 0 0 1457662 1227 1898838 25800
0 1274 0 0 1463329 1229 1905975 25900
0 1278 0 0 1469049 1230 1913196 26000
0 1278 0 0 1474900 1234 1920603 26100
0 1284 0 0 1480774 1236 1927999 26200
0 1284 0 0 1486653 1240 1935479 26300
0 1289 0 0 1492446 1240 1942777 26400
0 1291 0 0 1498180 1244 1950209 26500
0 1292 0 0 1503947 1247 1957713 26600
0 1295 0 0 1509844 1248 1965146 26700
0 1299 0 0 1515653 1252 1972595 26800
0 1300 0 0 1521383 1253 1979860 26900
0 1305 0 0 1527192 1256 1987275 27000
0 1306 0 0 1532946 1261 1994670 27100
0 1312 0 0 1538746 1262 2002211 27200
0 1315 0 0 1544546 1268 2009746 27300
0 1317 0 0 1550275 1270 2017285 27400
0 1321 0 0 1556095 1274 2024951 27500
0 1323 0 0 1561995 1277 2032596 27600
0 1325 0 0 1567714 1279 2040079 27700
0 1329 0 0 1573499 1281 2047621 27800
0 1334 0 0 1579214 1284 2055084 27900
0 1340 0 0 1584951 1290 2062508 28000
0 1347 0 0 1590622 1297 2069773 28100
0 1350 0 0 1596403 1303 2077320 28200
0 1356 0 0 1602065 1306 2084683 28300
0 1358 0 0 1607818 1313 2092098 28400
0 1364 0 0 1613543 1314 2099523 28500
0 1366 0 0 1619228 1319 2106680 28600
0 1367 0 0 1625072 1322 2113928 28700
0 1372 0 0 1630724 1323 2120949 28800
0 1374 0 0 1636465 1328 2127983 28900
0 1377 0 0 1642060 1330 2134990 29000
0 1383 0 0 1647865 1333 2142149 29100
0 1385 0 0 1653504 1339 2149167 29200
0 1389 0 0 1659249 1343 2156367 29300
0 1393 0 0 1664964 1345 2163436 29400
0 1393 0 0 1670811 1349 2170759 29500
0 1400 0 0 1676436 1350 2177837 29600
0 1402 0 0 1682225 1355 2185083 29700
0 1408 0 0 1687979 1359 2192480 29800
0 1414 0 0 1693724 1363 2199930 29900
0 1417 0 0 1699527 1369 2207522 30000
0 1425 0 0 1705383 1373 2215241 30100
0 1430 0 0 1711219 1379 2223043 30200
0 1437 0 0 1717080 1385 2230993 30300
0 1446 0 0 1722966 1390 2238770 30400
0 1449 0 0 1728793 1401 2246466 30500
0 1457 0 0 1734597 1406 2254031 30600
0 1464 0 0 1740369 1412 2261576 30700
0 1467 0 0 1746111 1418 2268953 30800
0 1472 0 0 1751999 1422 2276676 30900
0 1479 0 0 1757756 1427 2284473 31000
0 1482 0 0 1763734 1434 2292422 31100
0 1490 0 0 1769632 1438 2300104 31200
0 1495 0 0 1775464 1444 2307814 31300
0 1501 0 0 1781289 1449 2315571 31400
0 1505 0 0 1787150 1456 2323260 31500
0 1513 0 0 1792941 1463 2330826 31600
0 1519 0 0 1798760 1465 2338295 31700
0 1523 0 0 1804617 1474 2345845 31800
0 1530 0 0 1810362 1476 2353398 31900
0 1536 0 0 1816186 1483 2360916 32000
0 1544 0 0 1822035 1489 2368672 32100
0 1550 0 0 1827863 1496 2376346 32200
0 1554 0 0 1833639 1502 2384012 32300
0 1558 0 0 1839486 1507 2391825 32400
0 1561 0 0 1845346 1510 2399828 32500
0 1566 0 0 1851331 1515 2407855 32600
0 1569 0 0 1857200 1520 2415706 32700
0 1579 0 0 1863052 1525 2423483 32800
0 1587 0 0 1868909 1531 2431315 32900
0 1595 0 0 1874801 1540 2439187 33000
0 1598 0 0 1880727 1547 2447031 33100
0 1603 0 0 1886573 1549 2454736 33200
0 1607 0 0 1892403 1554 2462297 33300
0 1610 0 0 1898202 1556 2469595 33400
0 1613 0 0 1903970 1560 2476885 33500
0 1617 0 0 1909815 1565 2484221 33600
0 1622 0 0 1915600 1569 2491498 33700
0 1624 0 0 1921354 1573 2498773 33800
0 1629 0 0 1927142 1576 2506075 33900
0 1631 0 0 1932996 1578 2513412 34000
0 1634 0 0 1938807 1582 2520652 34100
0 1642 0 0 1944499 1587 2527633 34200
0 1645 0 0 1950190 1593 2534655 34300
0 1647 0 0 1955943 1595 2541762 34400
0 1653 0 0 1961710 1599 2548935 34500
0 1657 0 0 1967410 1604 2556107 34600
0 1661 0 0 1973274 1610 2563485 34700
0 1666 0 0 1979014 1612 2570708 34800
0 1668 0 0 1984805 1616 2577871 34900
0 1673 0 0 1990459 1620 2584898 35000
0 1679 0 0 1996210 1624 2591966 35100
0 1681 0 0 2001986 1630 2599187 35200
0 1686 0 0 2007741 1631 2606343 35300
0 1691 0 0 2013418 1638 2613590 35400
0 1697 0 0 2019191 1643 2620930 35500
0 1699 0 0 2024972 1647 2628358 35600
0 1705 0 0 2030770 1652 2635836 35700
0 1713 0 0 2036553 1655 2643144 35800
0 1715 0 0 2042358 1664 2650452 35900
0 1720 0 0 2048046 1665 2657675 36000
0 1724 0 0 2053897 1669 2665206 36100
0 1731 0 0 2059691 1672 2672754 36200
0 1735 0 0 2065488 1678 2680126 36300
0 1738 0 0 2071407 1682 2687608 36400
0 1743 0 0 2077111 1688 2695042 36500
0 1751 0 0 2082969 1691 2702705 36600
0 1757 0 0 2088833 1698 2710418 36700
0 1760 0 0 2094626 1705 2718056 36800
0 1766 0 0 2100539 1708 2725904 36900
0 1770 0 0 2106396 1713 2733635 37000
0 1775 0 0 2112271 1719 2741230 37100
0 1777 0 0 2118132 1725 2748922 37200
0 1784 0 0 2123872 1725 2756747 37300
0 1788 0 0 2129814 1732 2764616 37400
0 1794 0 0 2135688 1736 2772503 37500
0 1800 0 0 2141613 1742 2780303 37600
0 1804 0 0 2147457 1748 2788060 37700
0 1806 0 0 2153217 1752 2795625 37800
0 1812 0 0 2159051 1752 2803240 37900
0 1813 0 0 2164816 1758 2810948 38000
0 1814 0 0 2170726 1758 2818834 38100
0 1818 0 0 2176589 1759 2826486 38200
0 1820 0 0 2182439 1763 2834116 38300
0 1823 0 0 2188234 1765 2841518 38400
0 1825 0 0 2193998 1767 2848942 38500
0 1832 0 0 2199751 1769 2856313 38600
0 1834 0 0 2205622 1775 2863832 38700
0 1835 0 0 2211407 1777 2871330 38800
0 1837 0 0 2217239 1779 2878804 38900
0 1840 0 0 2223093 1782 2886389 39000
0 1842 0 0 2228930 1784 2893930 39100
0 1846 0 0 2234747 1786 2901330 39200
0 1846 0 0 2240572 1790 2908887 39300
0 1850 0 0 2246315 1791 2916198 39400
0 1853 0 0 2252115 1795 2923538 39500
0 1859 0 0 2257807 1795 2930872 39600
0 1861 0 0 2263544 1801 2938253 39700
0 1863 0 0 2269340 1802 2945657 39800
0 1866 0 0 2275097 1807 2953119 39900
0 1868 0 0 2280966 1807 2960563 40000
0 1870 0 0 2286770 1809 2967817 40100
0 1872 0 0 2292469 1811 2974771 40200
0 1872 0 0 2298073 1813 2981595 40300
0 1874 0 0 2303795 1813 2988532 40400
0 1874 0 0 2309403 1815 2995372 40500
0 1877 0 0 2315090 1816 3002332 40600
0 1881 0 0 2320872 1819 3009473 40700
0 1883 0 0 2326600 1822 3016628 40800
0 1885 0 0 2332385 1823 3023730 40900
0 1889 0 0 2338134 1825 3030793 41000
0 1891 0 0 2343884 1829 3037838 41100
0 1891 0 0 2349627 1832 3044868 41200
0 1894 0 0 2355296 1833 3051815 41300
0 1896 0 0 2361042 1834 3058998 41400
0 1897 0 0 2366845 1838 3066163 41500
0 1899 0 0 2372565 1838 3073281 41600
0 1901 0 0 2378369 1840 3080444 41700
0 1904 0 0 2384012 1842 3087496 41800
0 1908 0 0 2389662 1846 3094664 41900
0 1913 0 0 2395393 1852 3102008 42000
0 1918 0 0 2401253 1854 3109283 42100
0 1922 0 0 2407053 1860 3116880 42200
0 1931 0 0 2412805 1863 3124333 42300
0 1934 0 0 2418669 1873 3131857 42400
0 1941 0 0 2424576 1875 3139443 42500
0 1946 0 0 2430298 1880 3146924 42600
0 1949 0 0 2436169 1886 3154504 42700
0 1954 0 0 2442077 1888 3162090 42800
0 1957 0 0 2447882 1894 3169584 42900
0 1960 0 0 2453661 1896 3177007 43000
0 1965 0 0 2459473 1898 3184503 43100
0 1966 0 0 2465315 1903 3192039 43200
0 1972 0 0 2471168 1908 3199550 43300
0 1976 0 0 2476926 1911 3206929 43400
0 1980 0 0 2482780 1914 3214487 43500
0 1982 0 0 2488498 1919 3221704 43600
0 1987 0 0 2494261 1923 3228979 43700
0 1990 0 0 2500099 1929 3236368 43800
0 1995 0 0 2505901 1932 3243902 43900
0 1998 0 0 2511662 1934 3251280 44000
0 2000 0 0 2517419 1938 3258571 44100
0 2002 0 0 2523086 1940 3265834 44200
0 2005 0 0 2528779 1943 3273012 44300
0 2010 0 0 2534534 1945 3280329 44400
0 2014 0 0 2540203 1950 3287427 44500
0 2017 0 0 2545907 1953 3294667 44600
0 2019 0 0 2551568 1955 3301726 44700
0 2021 0 0 2557302 1959 3308710 44800
0 2024 0 0 2562998 1960 3315674 44900
0 2027 0 0 2568572 1963 3322629 45000
0 2029 0 0 2574185 1965 3329572 45100
0 2030 0 0 2579946 1968 3336577 45200
0 2034 0 0 2585725 1968 3343544 45300
0 2037 0 0 2591430 1973 3350507 45400
0 2041 0 0 2597095 1976 3357551 45500
0 2044 0 0 2602858 1979 3364602 45600
0 2044 0 0 2608480 1982 3371613 45700
0 2048 0 0 2614209 1982 3378715 45800
0 2050 0 0 2620041 1986 3385999 45900
0 2052 0 0 2625767 1988 3393198 46000
0 2053 0 0 2631389 1990 3400287 46100
0 2055 0 0 2637089 1991 3407377 46200
0 2058 0 0 2642752 1994 3414383 46300
0 2059 0 0 2648343 1996 3421221 46400
0 2063 0 0 2654111 1999 3428406 46500
0 2066 0 0 2659826 2000 3435435 46600
0 2068 0 0 2665494 2003 3442465 46700
0 2071 0 0 2671307 2007 3449542 46800
0 2074 0 0 2677002 2008 3456494 46900
0 2081 0 0 2682731 2013 3463609 47000
0 2083 0 0 2688511 2019 3470816 47100
0 2090 0 0 2694313 2021 3478149 47200
0 2094 0 0 2700017 2025 3485350 47300
0 2095 0 0 2705898 2032 3492678 47400
0 2106 0 0 2711628 2035 3499847 47500
0 2110 0 0 2717426 2042 3506904 47600
0 2113 0 0 2723068 2047 3513982 47700
0 2118 0 0 2728893 2051 3521241 47800
0 2120 0 0 2734781 2055 3528600 47900
0 2125 0 0 2740489 2058 3535798 48000
0 2129 0 0 2746428 2063 3543115 48100
0 2131 0 0 2752222 2067 3550205 48200
0 2134 0 0 2758004 2068 3557273 48300
0 2137 0 0 2763690 2073 3564339 48400
0 2139 0 0 2769556 2076 3571660 48500
0 2144 0 0 2775290 2078 3578792 48600
0 2146 0 0 2781104 2081 3585934 48700
0 2155 0 0 2786779 2086 3592954 48800
0 2157 0 0 2792464 2093 3599922 48900
0 2159 0 0 2798098 2095 3606994 49000
0 2162 0 0 2803799 2097 3614046 49100
0 2167 0 0 2809605 2101 3621146 49200
0 2169 0 0 2815212 2105 3628015 49300
0 2171 0 0 2820881 2107 3634873 49400
0 2176 0 0 2826593 2110 3641779 49500
0 2176 0 0 2832350 2114 3648782 49600
0 2181 0 0 2838076 2115 3655726 49700
0 2183 0 0 2843756 2118 3662630 49800
0 2188 0 0 2849342 2120 3669536 49900
0 2191 0 0 2855030 2124 3676515 50000
0 2193 0 0 2860620 2128 3683414 50100
0 2198 0 0 2866350 2130 3690493 50200
0 2201 0 0 2872006 2134 3697443 50300
0 2203 0 0 2877551 2138 3704322 50400
0 2207 0 0 2883379 2141 3711514 50500
0 2208 0 0 2888987 2143 3718532 50600
0 2209 0 0 2894718 2145 3725621 50700
0 2214 0 0 2900454 2146 3732721 50800
0 2219 0 0 2906104 2152 3739584 50900
0 2224 0 0 2911736 2155 3746274 51000
0 2226 0 0 2917431 2159 3753137 51100
0 2230 0 0 2922942 2161 3759826 51200
0 2230 0 0 2928724 2166 3766756 51300
0 2232 0 0 2934358 2166 3773548 51400
0 2236 0 0 2940135 2168 3780483 51500
0 2238 0 0 2945859 2172 3787429 51600
0 2239 0 0 2951414 2174 3794272 51700
0 2241 0 0 2957124 2176 3801305 51800
0 2246 0 0 2962832 2177 3808451 51900
0 2251 0 0 2968591 2182 3815846 52000
0 2254 0 0 2974334 2186 3823235 52100
0 2259 0 0 2980162 2190 3830776 52200
0 2265 0 0 2985877 2194 3838228 52300
0 2271 0 0 2991635 2202 3845564 52400
0 2281 0 0 2997398 2208 3853124 52500
0 2285 0 0 3003063 2217 3860561 52600
0 2291 0 0 3008811 2222 3867925 52700
0 2297 0 0 3014583 2227 3875297 52800
0 2302 0 0 3020320 2234 3882628 52900
0 2308 0 0 3026055 2237 3889938 53000
0 2313 0 0 3031737 2244 3897233 53100
0 2319 0 0 3037558 2247 3904742 53200
0 2323 0 0 3043325 2252 3912080 53300
0 2327 0 0 3049151 2256 3919469 53400
0 2331 0 0 3054893 2262 3926698 53500
0 2337 0 0 3060727 2267 3934168 53600
0 2343 0 0 3066515 2270 3941613 53700
0 2345 0 0 3072225 2276 3949061 53800
0 2351 0 0 3078012 2279 3956654 53900
0 2354 0 0 3083732 2284 3963975 54000
0 2356 0 0 3089525 2288 3971412 54100
0 2360 0 0 3095245 2290 3978751 54200
0 2363 0 0 3100903 2294 3986017 54300
0 2370 0 0 3106709 2297 3993472 54400
0 2373 0 0 3112435 2302 4001014 54500
0 2377 0 0 3118224 2306 4008389 54600
0 2384 0 0 3124058 2312 4015870 54700
0 2385 0 0 3129913 2317 4023236 54800
0 2389 0 0 3135683 2320 4030615 54900
0 2390 0 0 3141364 2322 4037795 55000
0 2395 0 0 3147059 2325 4045038 55100
0 2401 0 0 3152839 2331 4052377 55200
0 2406 0 0 3158634 2333 4059854 55300
0 2410 0 0 3164447 2341 4067442 55400
0 2417 0 0 3170232 2344 4074955 55500
0 2421 0 0 3176082 2348 4082560 55600
0 2428 0 0 3181847 2356 4090179 55700
0 2431 0 0 3187712 2359 4097881 55800
0 2432 0 0 3193472 2365 4105578 55900
0 2433 0 0 3199334 2366 4113461 56000
0 2436 0 0 3205177 2367 4121222 56100
0 2438 0 0 3210917 2369 4128823 56200
0 2441 0 0 3216724 2371 4136462 56300
0 2443 0 0 3222438 2375 4143815 56400
0 2445 0 0 3228059 2377 4150989 56500
0 2447 0 0 3233774 2377 4158221 56600
0 2450 0 0 3239417 2381 4165344 56700
0 2452 0 0 3245075 2382 4172306 56800
0 2457 0 0 3250724 2384 4179326 56900
0 2460 0 0 3256350 2388 4186363 57000
0 2462 0 0 3261937 2391 4193295 57100
0 2466 0 0 3267710 2394 4200563 57200
0 2470 0 0 3273355 2398 4207722 57300
0 2477 0 0 3279078 2405 4214907 57400
0 2480 0 0 3284797 2407 4222215 57500
0 2485 0 0 3290429 2414 4229245 57600
0 2489 0 0 3296160 2415 4236325 57700
0 2493 0 0 3301639 2422 4243182 57800
0 2497 0 0 3307188 2425 4250122 57900
0 2501 0 0 3312815 2428 4257248 58000
0 2504 0 0 3318607 2433 4264408 58100
0 2512 0 0 3324153 2436 4271372 58200
0 2517 0 0 3329849 2442 4278424 58300
0 2520 0 0 3335457 2447 4285439 58400
0 2524 0 0 3341019 2451 4292427 58500
0 2526 0 0 3346733 2455 4299616 58600
0 2534 0 0 3352383 2459 4306722 58700
0 2540 0 0 3357986 2466 4313918 58800
0 2545 0 0 3363685 2471 4321351 58900
0 2549 0 0 3369456 2474 4328875 59000
0 2556 0 0 3375212 2481 4336427 59100
0 2559 0 0 3381064 2486 4344012 59200
0 2564 0 0 3386762 2491 4351550 59300
0 2570 0 0 3392548 2495 4359164 59400
0 2575 0 0 3398300 2501 4366974 59500
0 2578 0 0 3404116 2507 4374844 59600
0 2583 0 0 3409950 2510 4382713 59700
0 2589 0 0 3415875 2514 4390556 59800
0 2593 0 0 3421724 2518 4398316 59900
0 2599 0 0 3427471 2523 4405775 60000
0 2603 0 0 3433290 2530 4413313 60100
0 2609 0 0 3438950 2533 4420680 60200
0 2611 0 0 3444661 2539 4428193 60300
0 2618 0 0 3450490 2542 4435739 60400
0 2624 0 0 3456352 2549 4443197 60500
0 2630 0 0 3462139 2553 4450679 60600
0 2636 0 0 3467797 2560 4457931 60700
0 2639 0 0 3473511 2566 4465086 60800
0 2643 0 0 3479292 2570 4472371 60900
0 2647 0 0 3484930 2574 4479504 61000
0 2650 0 0 3490705 2576 4486848 61100
0 2656 0 0 3496237 2579 4493863 61200
0 2657 0 0 3501946 2584 4501169 61300
0 2662 0 0 3507666 2587 4508453 61400
0 2666 0 0 3513342 2590 4515685 61500
0 2669 0 0 3519047 2594 4522901 61600
0 2672 0 0 3524849 2599 4530272 61700
0 2675 0 0 3530654 2602 4537602 61800
0 2680 0 0 3536290 2604 4544811 61900
0 2683 0 0 3541940 2609 4551875 62000
0 2685 0 0 3547587 2611 4559083 62100
0 2689 0 0 3553239 2614 4566232 62200
0 2692 0 0 3558938 2618 4573634 62300
0 2695 0 0 3564724 2621 4581059 62400
0 2696 0 0 3570486 2624 4588380 62500
0 2697 0 0 3576214 2625 4595649 62600
0 2700 0 0 3581822 2626 4602767 62700
0 2704 0 0 3587578 2629 4610078 62800
0 2708 0 0 3593231 2633 4617339 62900
0 2713 0 0 3598896 2636 4624541 63000
0 2714 0 0 3604606 2642 4631782 63100
0 2720 0 0 3610301 2643 4639003 63200
0 2725 0 0 3616005 2649 4646164 63300
0 2728 0 0 3621753 2654 4653309 63400
0 2735 0 0 3627341 2656 4660393 63500
0 2738 0 0 3633103 2662 4667707 63600
0 2742 0 0 3638747 2666 4674806 63700
0 2748 0 0 3644448 2673 4681915 63800
0 2752 0 0 3650073 2676 4688843 63900
0 2753 0 0 3655672 2681 4695626 64000
0 2755 0 0 3661290 2682 4702450 64100
0 2758 0 0 3666846 2684 4709071 64200
0 2763 0 0 3672453 2687 4715717 64300
0 2766 0 0 3677961 2692 4722260 64400
0 2771 0 0 3683537 2695 4728876 64500
0 2778 0 0 3689054 2700 4735647 64600
0 2781 0 0 3694708 2707 4742605 64700
0 2788 0 0 3700449 2710 4749754 64800
0 2791 0 0 3706115 2717 4756835 64900
0 2796 0 0 3711788 2719 4763918 65000
0 2800 0 0 3717488 2723 4770973 65100
0 2801 0 0 3723130 2727 4777974 65200
0 2804 0 0 3728820 2729 4785218 65300
0 2805 0 0 3734629 2732 4792655 65400
0 2811 0 0 3740287 2734 4799937 65500
0 2814 0 0 3746049 2740 4807316 65600
0 2817 0 0 3751776 2741 4814632 65700
0 2819 0 0 3757572 2744 4822200 65800
0 2824 0 0 3763268 2747 4829582 65900
0 2827 0 0 3769023 2750 4836956 66000
0 2834 0 0 3774711 2755 4844415 66100
0 2837 0 0 3780492 2760 4851985 66200
0 2839 0 0 3786324 2763 4859430 66300
0 2840 0 0 3791911 2766 4866604 66400
0 2844 0 0 3797683 2766 4873993 66500
0 2846 0 0 3803350 2770 4881171 66600
0 2848 0 0 3809166 2772 4888443 66700
0 2854 0 0 3814815 2775 4895661 66800
0 2859 0 0 3820573 2783 4902818 66900
0 2861 0 0 3826231 2786 4909951 67000
0 2865 0 0 3832018 2789 4917218 67100
0 2870 0 0 3837758 2794 4924454 67200
0 2874 0 0 3843478 2797 4931751 67300
0 2877 0 0 3849227 2803 4939145 67400
0 2882 0 0 3855045 2803 4946658 67500
0 2886 0 0 3860767 2808 4954028 67600
0 2889 0 0 3866566 2812 4961372 67700
0 2891 0 0 3872296 2815 4968583 67800
0 2896 0 0 3877858 2818 4975549 67900
0 2898 0 0 3883608 2822 4982735 68000
0 2901 0 0 3889218 2825 4989913 68100
0 2905 0 0 3895015 2828 4997229 68200
0 2905 0 0 3900770 2832 5004730 68300
0 2909 0 0 3906586 2833 5012298 68400
0 2916 0 0 3912394 2837 5019834 68500
0 2920 0 0 3918096 2842 5027204 68600
0 2928 0 0 3923903 2847 5034652 68700
0 2935 0 0 3929682 2855 5042025 68800
0 2939 0 0 3935468 2862 5049376 68900
0 2941 0 0 3941290 2866 5056700 69000
0 2946 0 0 3947033 2868 5063792 69100
0 2949 0 0 3952705 2871 5070843 69200
0 2955 0 0 3958421 2875 5077889 69300
0 2957 0 0 3964125 2880 5084954 69400
0 2966 0 0 3969877 2886 5092048 69500
0 2970 0 0 3975566 2892 5099177 69600
0 2976 0 0 3981365 2895 5106564 69700
0 2980 0 0 3987099 2904 5114072 69800
0 2983 0 0 3992990 2907 5121760 69900
0 2987 0 0 3998841 2910 5129515 70000
0 2990 0 0 4004535 2913 5136914 70100
0 2992 0 0 4010282 2915 5144341 70200
0 2995 0 0 4015981 2917 5151680 70300
0 2999 0 0 4021677 2921 5159026 70400
0 3002 0 0 4027405 2924 5166317 70500
0 3006 0 0 4033110 2929 5173579 70600
0 3008 0 0 4038701 2933 5180699 70700
0 3011 0 0 4044358 2934 5187662 70800
0 3015 0 0 4049958 2937 5194667 70900
0 3018 0 0 4055542 2941 5201735 71000
0 3023 0 0 4061229 2944 5208964 71100
0 3029 0 0 4066915 2949 5216133 71200
0 3033 0 0 4072517 2956 5223331 71300
0 3038 0 0 4078137 2962 5230450 71400
0 3042 0 0 4083850 2964 5237618 71500
0 3046 0 0 4089424 2969 5244634 71600
0 3049 0 0 4095102 2972 5251710 71700
0 3058 0 0 4100633 2974 5258680 71800
0 3059 0 0 4106350 2983 5265705 71900
0 3065 0 0 4112052 2985 5272896 72000
0 3068 0 0 4117688 2990 5279854 72100
0 3070 0 0 4123437 2993 5286815 72200
0 3076 0 0 4129012 2994 5293651 72300
0 3078 0 0 4134758 3002 5300520 72400
0 3082 0 0 4140258 3004 5307113 72500
0 3086 0 0 4145839 3006 5313847 72600
0 3089 0 0 4151361 3010 5320392 72700
0 3091 0 0 4157034 3013 5327220 72800
0 3092 0 0 4162687 3015 5334062 72900
0 3093 0 0 4168365 3016 5340954 73000
0 3098 0 0 4174084 3019 5347974 73100
0 3101 0 0 4179790 3022 5354973 73200
0 3104 0 0 4185408 3025 5361845 73300
0 3105 0 0 4191178 3028 5368807 73400
0 3112 0 0 4196855 3030 5375732 73500
0 3113 0 0 4202501 3035 5382619 73600
0 3118 0 0 4208199 3038 5389770 73700
0 3122 0 0 4214012 3042 5397109 73800
0 3127 0 0 4219642 3044 5404250 73900
0 3131 0 0 4225388 3049 5411468 74000
0 3136 0 0 4231143 3054 5418658 74100
0 3141 0 0 4236905 3058 5425827 74200
0 3145 0 0 4242683 3065 5433039 74300
0 3150 0 0 4248505 3068 5440208 74400
0 3153 0 0 4254144 3072 5447260 74500
0 3156 0 0 4259965 3077 5454565 74600
0 3159 0 0 4265541 3080 5461749 74700
0 3162 0 0 4271420 3081 5469196 74800
0 3165 0 0 4277140 3086 5476438 74900
0 3169 0 0 4282919 3087 5483695 75000
0 3171 0 0 4288675 3092 5490830 75100
0 3174 0 0 4294462 3094 5498115 75200
0 3176 0 0 4300191 3098 5505282 75300
0 3179 0 0 4305864 3099 5512420 75400
0 3182 0 0 4311622 3103 5519549 75500
0 3186 0 0 4317356 3105 5526669 75600
0 3190 0 0 4323179 3109 5533941 75700
0 3190 0 0 4328947 3112 5541099 75800
0 3195 0 0 4334763 3113 5548336 75900
0 3198 0 0 4340516 3117 5555517 76000
0 3203 0 0 4346205 3120 5562551 76100
0 3205 0 0 4351894 3123 5569523 76200
0 3206 0 0 4357568 3127 5576499 76300
0 3211 0 0 4363363 3129 5583586 76400
0 3217 0 0 4368941 3132 5590388 76500
0 3219 0 0 4374678 3137 5597398 76600
0 3222 0 0 4380190 3140 5604040 76700
0 3223 0 0 4385907 3143 5610876 76800
0 3225 0 0 4391495 3145 5617589 76900
0 3228 0 0 4397104 3147 5624296 77000
0 3233 0 0 4402769 3150 5631091 77100
0 3236 0 0 4408333 3154 5637651 77200
0 3240 0 0 4414001 3158 5644471 77300
0 3244 0 0 4419496 3162 5651162 77400
0 3247 0 0 4425210 3166 5658139 77500
0 3250 0 0 4430911 3168 5665094 77600
0 3252 0 0 4436669 3173 5672146 77700
0 3254 0 0 4442371 3174 5679160 77800
0 3256 0 0 4448145 3176 5686372 77900
0 3257 0 0 4453887 3178 5693433 78000
0 3261 0 0 4459643 3179 5700581 78100
0 3263 0 0 4465429 3184 5707675 78200
0 3267 0 0 4471225 3185 5714919 78300
0 3271 0 0 4476952 3190 5722013 78400
0 3276 0 0 4482824 3193 5729315 78500
0 3280 0 0 4488512 3197 5736374 78600
0 3286 0 0 4494254 3201 5743623 78700
0 3288 0 0 4500077 3206 5750957 78800
0 3292 0 0 4505800 3210 5758253 78900
0 3293 0 0 4511592 3213 5765608 79000
0 3299 0 0 4517297 3215 5772906 79100
0 3302 0 0 4523073 3220 5780235 79200
0 3304 0 0 4528645 3222 5787372 79300
0 3306 0 0 4534422 3223 5794641 79400
0 3308 0 0 4540153 3225 5801817 79500
0 3309 0 0 4545767 3228 5808800 79600
0 3309 0 0 4551457 3228 5815897 79700
0 3314 0 0 4557133 3230 5823017 79800
0 3318 0 0 4562789 3234 5830010 79900
