0 0 1 0 0 0
0 0 1 0 0 100
0 0 1 0 0 200
0 0 3 0 0 300
0 0 4 0 0 400
0 0 7 0 0 500
0 0 10 0 0 600
0 0 11 0 0 700
0 0 12 0 0 800
0 0 15 0 0 900
0 0 18 0 0 1000
0 0 21 0 0 1100
0 0 24 0 0 1200
0 0 29 0 0 1300
0 0 35 0 0 1400
0 0 50 0 0 1500
0 0 56 0 0 1600
0 0 71 0 0 1700
0 0 84 0 0 1800
0 0 98 0 0 1900
0 0 113 0 0 2000
0 0 126 0 0 2100
0 0 139 0 0 2200
0 0 149 0 0 2300
0 0 165 0 0 2400
0 0 178 0 0 2500
1 0 203 0 0 2600
1 0 213 0 0 2700
1 0 228 0 0 2800
1 0 244 0 0 2900
1 0 261 0 0 3000
1 0 272 0 0 3100
2 0 284 0 0 3200
2 0 301 0 0 3300
2 0 314 0 0 3400
2 0 329 0 0 3500
2 0 348 0 0 3600
2 0 359 0 0 3700
2 0 374 0 0 3800
2 0 390 0 0 3900
2 0 408 0 0 4000
2 0 418 0 0 4100
2 0 432 0 0 4200
2 0 451 0 0 4300
2 0 465 0 0 4400
2 0 484 0 0 4500
2 0 506 0 0 4600
2 0 519 0 0 4700
3 0 535 0 0 4800
3 0 551 0 0 4900
3 0 568 0 0 5000
3 0 582 0 0 5100
3 0 603 0 0 5200
3 0 618 0 0 5300
3 0 629 0 0 5400
3 0 647 0 0 5500
3 0 660 0 0 5600
4 0 669 0 0 5700
4 0 682 0 0 5800
4 0 694 0 0 5900
4 0 706 0 0 6000
4 0 715 0 0 6100
4 0 733 0 0 6200
4 0 746 0 0 6300
4 0 760 0 0 6400
4 0 776 0 0 6500
4 0 791 0 0 6600
4 0 802 0 0 6700
4 0 819 0 0 6800
4 0 829 0 0 6900
4 0 841 0 0 7000
4 0 855 0 0 7100
5 0 861 0 0 7200
6 0 876 0 0 7300
8 0 885 0 0 7400
8 0 892 0 0 7500
8 0 901 0 0 7600
8 0 914 0 0 7700
8 0 925 0 0 7800
8 0 931 0 0 7900
8 0 948 0 0 8000
8 0 956 0 0 8100
8 0 965 0 0 8200
8 0 977 0 0 8300
8 0 987 0 0 8400
8 0 999 0 0 8500
8 0 1011 0 0 8600
9 0 1023 0 0 8700
9 0 1037 0 0 8800
9 0 1048 0 0 8900
9 0 1061 0 0 9000
9 0 1073 0 0 9100
10 0 1077 0 0 9200
10 0 1091 0 0 9300
10 0 1098 0 0 9400
11 0 1108 0 0 9500
11 0 1123 0 0 9600
11 0 1129 0 0 9700
11 0 1140 0 0 9800
11 0 1155 0 0 9900
11 0 1168 0 0 10000
11 0 1177 0 0 10100
11 0 1194 0 0 10200
11 0 1201 0 0 10300
11 0 1220 0 0 10400
11 0 1230 0 0 10500
11 0 1238 0 0 10600
11 0 1251 0 0 10700
11 0 1263 0 0 10800
11 0 1270 0 0 10900
12 0 1282 0 0 11000
12 0 1292 0 0 11100
12 0 1308 0 0 11200
12 0 1324 0 0 11300
12 0 1332 0 0 11400
13 0 1346 0 0 11500
13 0 1357 0 0 11600
13 0 1372 0 0 11700
14 0 1387 0 0 11800
14 0 1399 0 0 11900
14 0 1414 0 0 12000
14 0 1426 0 0 12100
14 0 1445 0 0 12200
14 0 1455 0 0 12300
16 0 1472 0 0 12400
16 0 1479 0 0 12500
16 0 1488 0 0 12600
17 0 1495 0 0 12700
17 0 1504 0 0 12800
18 0 1517 0 0 12900
18 0 1527 0 0 13000
18 0 1536 0 0 13100
18 0 1544 0 0 13200
18 0 1560 0 0 13300
18 0 1566 0 0 13400
18 0 1577 0 0 13500
18 0 1589 0 0 13600
18 0 1598 0 0 13700
18 0 1614 0 0 13800
18 0 1620 0 0 13900
19 0 1634 0 0 14000
19 0 1649 0 0 14100
19 0 1659 0 0 14200
19 0 1670 0 0 14300
19 0 1683 0 0 14400
20 0 1694 0 0 14500
20 0 1708 0 0 14600
20 0 1725 0 0 14700
20 0 1733 0 0 14800
20 0 1743 0 0 14900
21 0 1762 0 0 15000
21 0 1773 0 0 15100
23 0 1788 0 0 15200
23 0 1801 0 0 15300
23 0 1814 0 0 15400
23 0 1827 0 0 15500
23 0 1835 0 0 15600
23 0 1848 0 0 15700
23 0 1853 0 0 15800
23 0 1865 0 0 15900
23 0 1876 0 0 16000
23 0 1889 0 0 16100
23 0 1903 0 0 16200
24 0 1912 0 0 16300
24 0 1925 0 0 16400
25 0 1932 0 0 16500
26 0 1943 0 0 16600
26 0 1958 0 0 16700
26 0 1971 0 0 16800
26 0 1982 0 0 16900
26 0 1998 0 0 17000
26 0 2010 0 0 17100
26 0 2022 0 0 17200
26 0 2036 0 0 17300
26 0 2043 0 0 17400
26 0 2057 0 0 17500
26 0 2064 0 0 17600
26 0 2070 0 0 17700
26 0 2084 0 0 17800
26 0 2086 0 0 17900
26 0 2096 0 0 18000
26 0 2105 0 0 18100
26 0 2117 0 0 18200
26 0 2127 0 0 18300
26 0 2137 0 0 18400
26 0 2148 0 0 18500
26 0 2157 0 0 18600
26 0 2166 0 0 18700
26 0 2176 0 0 18800
26 0 2186 0 0 18900
26 0 2194 0 0 19000
27 0 2205 0 0 19100
27 0 2213 0 0 19200
27 0 2217 0 0 19300
27 0 2225 0 0 19400
27 0 2229 0 0 19500
27 0 2236 0 0 19600
27 0 2241 0 0 19700
27 0 2251 0 0 19800
27 0 2257 0 0 19900
27 0 2266 0 0 20000
27 0 2274 0 0 20100
27 0 2285 0 0 20200
27 0 2290 0 0 20300
27 0 2299 0 0 20400
27 0 2307 0 0 20500
27 0 2316 0 0 20600
27 0 2326 0 0 20700
27 0 2337 0 0 20800
28 0 2344 0 0 20900
29 0 2354 0 0 21000
29 0 2363 0 0 21100
29 0 2376 0 0 21200
29 0 2384 0 0 21300
29 0 2400 0 0 21400
29 0 2414 0 0 21500
29 0 2424 0 0 21600
29 0 2435 0 0 21700
29 0 2439 0 0 21800
29 0 2450 0 0 21900
29 0 2461 0 0 22000
29 0 2466 0 0 22100
29 0 2478 0 0 22200
30 0 2482 0 0 22300
30 0 2491 0 0 22400
30 0 2498 0 0 22500
30 0 2510 0 0 22600
31 0 2516 0 0 22700
32 0 2526 0 0 22800
32 0 2534 0 0 22900
33 0 2545 0 0 23000
33 0 2553 0 0 23100
33 0 2562 0 0 23200
33 0 2570 0 0 23300
33 0 2582 0 0 23400
34 0 2595 0 0 23500
34 0 2602 0 0 23600
35 0 2608 0 0 23700
35 0 2615 0 0 23800
36 0 2622 0 0 23900
36 0 2632 0 0 24000
36 0 2639 0 0 24100
36 0 2649 0 0 24200
36 0 2655 0 0 24300
37 0 2662 0 0 24400
37 0 2670 0 0 24500
37 0 2679 0 0 24600
37 0 2690 0 0 24700
38 0 2694 0 0 24800
39 0 2705 0 0 24900
39 0 2711 0 0 25000
39 0 2719 0 0 25100
39 0 2731 0 0 25200
39 0 2743 0 0 25300
40 0 2746 0 0 25400
40 0 2752 0 0 25500
40 0 2759 0 0 25600
40 0 2766 0 0 25700
40 0 2772 0 0 25800
41 0 2780 0 0 25900
41 0 2790 0 0 26000
42 0 2797 0 0 26100
42 0 2804 0 0 26200
43 0 2816 0 0 26300
43 0 2820 0 0 26400
43 0 2830 0 0 26500
44 0 2835 0 0 26600
44 0 2846 0 0 26700
44 0 2851 0 0 26800
44 0 2863 0 0 26900
44 0 2872 0 0 27000
45 0 2881 0 0 27100
45 0 2889 0 0 27200
46 0 2895 0 0 27300
46 0 2911 0 0 27400
46 0 2918 0 0 27500
46 0 2924 0 0 27600
46 0 2931 0 0 27700
46 0 2937 0 0 27800
46 0 2947 0 0 27900
46 0 2954 0 0 28000
46 0 2957 0 0 28100
46 0 2962 0 0 28200
46 0 2970 0 0 28300
46 0 2974 0 0 28400
46 0 2980 0 0 28500
46 0 2987 0 0 28600
46 0 2994 0 0 28700
46 0 3001 0 0 28800
46 0 3010 0 0 28900
46 0 3019 0 0 29000
46 0 3025 0 0 29100
47 0 3032 0 0 29200
47 0 3039 0 0 29300
47 0 3048 0 0 29400
47 0 3053 0 0 29500
47 0 3062 0 0 29600
47 0 3068 0 0 29700
47 0 3075 0 0 29800
47 0 3080 0 0 29900
47 0 3085 0 0 30000
47 0 3094 0 0 30100
47 0 3100 0 0 30200
47 0 3109 0 0 30300
48 0 3113 0 0 30400
48 0 3119 0 0 30500
48 0 3124 0 0 30600
48 0 3127 0 0 30700
48 0 3131 0 0 30800
49 0 3139 0 0 30900
49 0 3144 0 0 31000
49 0 3151 0 0 31100
49 0 3158 0 0 31200
49 0 3164 0 0 31300
49 0 3174 0 0 31400
49 0 3182 0 0 31500
49 0 3189 0 0 31600
49 0 3196 0 0 31700
49 0 3202 0 0 31800
49 0 3209 0 0 31900
49 0 3217 0 0 32000
49 0 3221 0 0 32100
50 0 3231 0 0 32200
50 0 3238 0 0 32300
50 0 3244 0 0 32400
50 0 3253 0 0 32500
51 0 3257 0 0 32600
51 0 3266 0 0 32700
52 0 3272 0 0 32800
52 0 3276 0 0 32900
52 0 3282 0 0 33000
52 0 3290 0 0 33100
52 0 3297 0 0 33200
52 0 3304 0 0 33300
53 0 3311 0 0 33400
53 0 3319 0 0 33500
53 0 3322 0 0 33600
53 0 3327 0 0 33700
53 0 3340 0 0 33800
53 0 3345 0 0 33900
53 0 3354 0 0 34000
53 0 3361 0 0 34100
53 0 3369 0 0 34200
53 0 3376 0 0 34300
53 0 3383 0 0 34400
53 0 3394 0 0 34500
54 0 3403 0 0 34600
54 0 3408 0 0 34700
54 0 3417 0 0 34800
54 0 3428 0 0 34900
54 0 3439 0 0 35000
54 0 3450 0 0 35100
54 0 3459 0 0 35200
54 0 3472 0 0 35300
54 0 3481 0 0 35400
54 0 3490 0 0 35500
54 0 3495 0 0 35600
54 0 3506 0 0 35700
55 0 3512 0 0 35800
55 0 3516 0 0 35900
56 0 3527 0 0 36000
58 0 3533 0 0 36100
58 0 3541 0 0 36200
59 0 3550 0 0 36300
59 0 3561 0 0 36400
59 0 3572 0 0 36500
59 0 3579 0 0 36600
60 0 3587 0 0 36700
60 0 3596 0 0 36800
60 0 3603 0 0 36900
60 0 3615 0 0 37000
60 0 3626 0 0 37100
60 0 3633 0 0 37200
60 0 3643 0 0 37300
60 0 3651 0 0 37400
60 0 3659 0 0 37500
62 0 3661 0 0 37600
62 0 3668 0 0 37700
62 0 3679 0 0 37800
62 0 3684 0 0 37900
62 0 3691 0 0 38000
62 0 3700 0 0 38100
62 0 3708 0 0 38200
62 0 3713 0 0 38300
62 0 3720 0 0 38400
62 0 3728 0 0 38500
62 0 3733 0 0 38600
62 0 3739 0 0 38700
62 0 3746 0 0 38800
62 0 3751 0 0 38900
62 0 3760 0 0 39000
62 0 3769 0 0 39100
62 0 3775 0 0 39200
62 0 3781 0 0 39300
62 0 3786 0 0 39400
62 0 3790 0 0 39500
62 0 3800 0 0 39600
62 0 3810 0 0 39700
63 0 3814 0 0 39800
63 0 3820 0 0 39900
63 0 3825 0 0 40000
63 0 3829 0 0 40100
63 0 3835 0 0 40200
63 0 3844 0 0 40300
63 0 3849 0 0 40400
63 0 3853 0 0 40500
64 0 3858 0 0 40600
64 0 3865 0 0 40700
64 0 3871 0 0 40800
64 0 3877 0 0 40900
64 0 3883 0 0 41000
64 0 3887 0 0 41100
64 0 3893 0 0 41200
65 0 3903 0 0 41300
65 0 3906 0 0 41400
65 0 3913 0 0 41500
66 0 3919 0 0 41600
66 0 3924 0 0 41700
66 0 3927 0 0 41800
66 0 3932 0 0 41900
66 0 3937 0 0 42000
66 0 3942 0 0 42100
66 0 3947 0 0 42200
66 0 3952 0 0 42300
67 0 3954 0 0 42400
67 0 3962 0 0 42500
67 0 3967 0 0 42600
67 0 3970 0 0 42700
67 0 3976 0 0 42800
67 0 3980 0 0 42900
68 0 3987 0 0 43000
68 0 3993 0 0 43100
68 0 3996 0 0 43200
68 0 4004 0 0 43300
68 0 4008 0 0 43400
68 0 4014 0 0 43500
68 0 4018 0 0 43600
68 0 4021 0 0 43700
68 0 4027 0 0 43800
68 0 4034 0 0 43900
68 0 4044 0 0 44000
68 0 4045 0 0 44100
69 0 4054 0 0 44200
69 0 4060 0 0 44300
70 0 4063 0 0 44400
70 0 4073 0 0 44500
70 0 4079 0 0 44600
70 0 4092 0 0 44700
70 0 4101 0 0 44800
70 0 4110 0 0 44900
70 0 4117 0 0 45000
70 0 4125 0 0 45100
70 0 4130 0 0 45200
70 0 4137 0 0 45300
70 0 4143 0 0 45400
72 0 4148 0 0 45500
72 0 4164 0 0 45600
72 0 4170 0 0 45700
72 0 4177 0 0 45800
72 0 4189 0 0 45900
72 0 4196 0 0 46000
72 0 4202 0 0 46100
72 0 4213 0 0 46200
72 0 4222 0 0 46300
72 0 4229 0 0 46400
72 0 4240 0 0 46500
72 0 4251 0 0 46600
72 0 4254 0 0 46700
73 0 4262 0 0 46800
73 0 4271 0 0 46900
73 0 4276 0 0 47000
74 0 4285 0 0 47100
74 0 4293 0 0 47200
75 0 4301 0 0 47300
75 0 4310 0 0 47400
75 0 4320 0 0 47500
75 0 4327 0 0 47600
75 0 4331 0 0 47700
75 0 4338 0 0 47800
76 0 4348 0 0 47900
76 0 4356 0 0 48000
76 0 4362 0 0 48100
76 0 4373 0 0 48200
76 0 4378 0 0 48300
76 0 4387 0 0 48400
76 0 4391 0 0 48500
77 0 4395 0 0 48600
77 0 4402 0 0 48700
77 0 4406 0 0 48800
77 0 4410 0 0 48900
77 0 4414 0 0 49000
77 0 4416 0 0 49100
78 0 4421 0 0 49200
79 0 4428 0 0 49300
79 0 4432 0 0 49400
79 0 4438 0 0 49500
79 0 4443 0 0 49600
79 0 4446 0 0 49700
79 0 4451 0 0 49800
79 0 4454 0 0 49900
79 0 4459 0 0 50000
79 0 4463 0 0 50100
79 0 4467 0 0 50200
79 0 4472 0 0 50300
79 0 4476 0 0 50400
79 0 4481 0 0 50500
80 0 4487 0 0 50600
80 0 4492 0 0 50700
80 0 4498 0 0 50800
80 0 4504 0 0 50900
81 0 4512 0 0 51000
82 0 4516 0 0 51100
82 0 4524 0 0 51200
82 0 4531 0 0 51300
82 0 4536 0 0 51400
82 0 4547 0 0 51500
82 0 4552 0 0 51600
83 0 4561 0 0 51700
83 0 4567 0 0 51800
83 0 4574 0 0 51900
83 0 4579 0 0 52000
83 0 4583 0 0 52100
83 0 4588 0 0 52200
83 0 4594 0 0 52300
84 0 4600 0 0 52400
84 0 4607 0 0 52500
84 0 4612 0 0 52600
84 0 4620 0 0 52700
84 0 4625 0 0 52800
84 0 4639 0 0 52900
84 0 4644 0 0 53000
84 0 4648 0 0 53100
85 0 4650 0 0 53200
85 0 4659 0 0 53300
85 0 4668 0 0 53400
85 0 4674 0 0 53500
86 0 4679 0 0 53600
86 0 4688 0 0 53700
87 0 4697 0 0 53800
87 0 4702 0 0 53900
87 0 4708 0 0 54000
87 0 4717 0 0 54100
88 0 4722 0 0 54200
88 0 4730 0 0 54300
88 0 4737 0 0 54400
88 0 4743 0 0 54500
89 0 4750 0 0 54600
89 0 4754 0 0 54700
89 0 4762 0 0 54800
89 0 4764 0 0 54900
90 0 4770 0 0 55000
91 0 4776 0 0 55100
92 0 4780 0 0 55200
92 0 4783 0 0 55300
92 0 4788 0 0 55400
92 0 4792 0 0 55500
93 0 4799 0 0 55600
93 0 4804 0 0 55700
93 0 4810 0 0 55800
93 0 4813 0 0 55900
95 0 4816 0 0 56000
96 0 4821 0 0 56100
96 0 4830 0 0 56200
97 0 4837 0 0 56300
97 0 4843 0 0 56400
98 0 4850 0 0 56500
98 0 4858 0 0 56600
99 0 4865 0 0 56700
99 0 4869 0 0 56800
102 0 4873 0 0 56900
102 0 4879 0 0 57000
102 0 4882 0 0 57100
103 0 4886 0 0 57200
103 0 4889 0 0 57300
103 0 4895 0 0 57400
103 0 4899 0 0 57500
103 0 4901 0 0 57600
103 0 4905 0 0 57700
103 0 4912 0 0 57800
103 0 4914 0 0 57900
103 0 4921 0 0 58000
103 0 4927 0 0 58100
103 0 4933 0 0 58200
103 0 4935 0 0 58300
103 0 4940 0 0 58400
103 0 4946 0 0 58500
103 0 4952 0 0 58600
104 0 4957 0 0 58700
104 0 4960 0 0 58800
104 0 4964 0 0 58900
104 0 4968 0 0 59000
104 0 4972 0 0 59100
104 0 4978 0 0 59200
104 0 4987 0 0 59300
104 0 4991 0 0 59400
104 0 4994 0 0 59500
104 0 4999 0 0 59600
104 0 5001 0 0 59700
105 0 5006 0 0 59800
105 0 5008 0 0 59900
105 0 5017 0 0 60000
105 0 5020 0 0 60100
105 0 5025 0 0 60200
106 0 5030 0 0 60300
106 0 5034 0 0 60400
106 0 5039 0 0 60500
107 0 5046 0 0 60600
107 0 5049 0 0 60700
107 0 5055 0 0 60800
107 0 5059 0 0 60900
107 0 5065 0 0 61000
107 0 5072 0 0 61100
107 0 5078 0 0 61200
107 0 5083 0 0 61300
107 0 5091 0 0 61400
107 0 5098 0 0 61500
107 0 5105 0 0 61600
107 0 5110 0 0 61700
108 0 5116 0 0 61800
108 0 5121 0 0 61900
108 0 5123 0 0 62000
108 0 5132 0 0 62100
109 0 5135 0 0 62200
110 0 5137 0 0 62300
110 0 5141 0 0 62400
111 0 5146 0 0 62500
112 0 5148 0 0 62600
113 0 5153 0 0 62700
113 0 5155 0 0 62800
113 0 5162 0 0 62900
114 0 5166 0 0 63000
114 0 5170 0 0 63100
114 0 5178 0 0 63200
114 0 5184 0 0 63300
114 0 5190 0 0 63400
114 0 5197 0 0 63500
114 0 5205 0 0 63600
114 0 5209 0 0 63700
114 0 5214 0 0 63800
114 0 5219 0 0 63900
115 0 5222 0 0 64000
115 0 5226 0 0 64100
115 0 5228 0 0 64200
115 0 5230 0 0 64300
115 0 5233 0 0 64400
116 0 5236 0 0 64500
116 0 5240 0 0 64600
116 0 5244 0 0 64700
116 0 5252 0 0 64800
116 0 5257 0 0 64900
116 0 5262 0 0 65000
116 0 5268 0 0 65100
116 0 5269 0 0 65200
116 0 5270 0 0 65300
116 0 5277 0 0 65400
116 0 5282 0 0 65500
116 0 5286 0 0 65600
116 0 5289 0 0 65700
116 0 5291 0 0 65800
116 0 5295 0 0 65900
116 0 5303 0 0 66000
116 0 5304 0 0 66100
117 0 5308 0 0 66200
117 0 5314 0 0 66300
117 0 5316 0 0 66400
117 0 5319 0 0 66500
117 0 5324 0 0 66600
118 0 5329 0 0 66700
118 0 5331 0 0 66800
118 0 5335 0 0 66900
118 0 5337 0 0 67000
118 0 5343 0 0 67100
119 0 5346 0 0 67200
119 0 5348 0 0 67300
119 0 5353 0 0 67400
119 0 5358 0 0 67500
119 0 5361 0 0 67600
119 0 5370 0 0 67700
119 0 5377 0 0 67800
119 0 5384 0 0 67900
119 0 5393 0 0 68000
119 0 5402 0 0 68100
119 0 5410 0 0 68200
119 0 5417 0 0 68300
119 0 5422 0 0 68400
119 0 5428 0 0 68500
119 0 5441 0 0 68600
119 0 5447 0 0 68700
119 0 5455 0 0 68800
119 0 5459 0 0 68900
119 0 5462 0 0 69000
119 0 5466 0 0 69100
119 0 5469 0 0 69200
119 0 5472 0 0 69300
120 0 5475 0 0 69400
120 0 5477 0 0 69500
120 0 5478 0 0 69600
120 0 5482 0 0 69700
120 0 5483 0 0 69800
120 0 5487 0 0 69900
120 0 5492 0 0 70000
120 0 5498 0 0 70100
120 0 5504 0 0 70200
120 0 5508 0 0 70300
120 0 5511 0 0 70400
120 0 5512 0 0 70500
121 0 5516 0 0 70600
121 0 5520 0 0 70700
122 0 5522 0 0 70800
122 0 5525 0 0 70900
123 0 5528 0 0 71000
123 0 5529 0 0 71100
123 0 5530 0 0 71200
123 0 5533 0 0 71300
123 0 5534 0 0 71400
124 0 5535 0 0 71500
124 0 5539 0 0 71600
124 0 5543 0 0 71700
125 0 5547 0 0 71800
125 0 5552 0 0 71900
125 0 5558 0 0 72000
125 0 5561 0 0 72100
125 0 5570 0 0 72200
125 0 5576 0 0 72300
125 0 5579 0 0 72400
125 0 5586 0 0 72500
125 0 5590 0 0 72600
125 0 5597 0 0 72700
125 0 5601 0 0 72800
125 0 5603 0 0 72900
125 0 5613 0 0 73000
125 0 5620 0 0 73100
125 0 5625 0 0 73200
125 0 5631 0 0 73300
125 0 5640 0 0 73400
125 0 5642 0 0 73500
125 0 5650 0 0 73600
125 0 5659 0 0 73700
125 0 5664 0 0 73800
125 0 5669 0 0 73900
125 0 5674 0 0 74000
125 0 5681 0 0 74100
126 0 5683 0 0 74200
126 0 5688 0 0 74300
127 0 5694 0 0 74400
127 0 5695 0 0 74500
127 0 5700 0 0 74600
128 0 5706 0 0 74700
129 0 5710 0 0 74800
130 0 5714 0 0 74900
130 0 5718 0 0 75000
130 0 5726 0 0 75100
130 0 5730 0 0 75200
131 0 5734 0 0 75300
133 0 5741 0 0 75400
133 0 5745 0 0 75500
133 0 5752 0 0 75600
133 0 5755 0 0 75700
133 0 5764 0 0 75800
134 0 5770 0 0 75900
134 0 5776 0 0 76000
135 0 5779 0 0 76100
135 0 5782 0 0 76200
136 0 5791 0 0 76300
136 0 5799 0 0 76400
137 0 5806 0 0 76500
137 0 5817 0 0 76600
138 0 5820 0 0 76700
138 0 5825 0 0 76800
138 0 5829 0 0 76900
138 0 5829 0 0 77000
138 0 5838 0 0 77100
138 0 5843 0 0 77200
139 0 5845 0 0 77300
139 0 5851 0 0 77400
139 0 5854 0 0 77500
139 0 5856 0 0 77600
140 0 5862 0 0 77700
140 0 5865 0 0 77800
140 0 5870 0 0 77900
140 0 5872 0 0 78000
141 0 5874 0 0 78100
141 0 5879 0 0 78200
141 0 5884 0 0 78300
141 0 5887 0 0 78400
142 0 5890 0 0 78500
142 0 5894 0 0 78600
142 0 5896 0 0 78700
142 0 5901 0 0 78800
142 0 5903 0 0 78900
142 0 5907 0 0 79000
142 0 5916 0 0 79100
142 0 5921 0 0 79200
143 0 5926 0 0 79300
143 0 5930 0 0 79400
143 0 5935 0 0 79500
143 0 5940 0 0 79600
143 0 5944 0 0 79700
144 0 5953 0 0 79800
146 0 5955 0 0 79900
146 0 5961 0 0 80000
146 0 5964 0 0 80100
146 0 5968 0 0 80200
146 0 5971 0 0 80300
146 0 5973 0 0 80400
146 0 5979 0 0 80500
147 0 5981 0 0 80600
147 0 5986 0 0 80700
148 0 5991 0 0 80800
148 0 5996 0 0 80900
148 0 6004 0 0 81000
148 0 6011 0 0 81100
148 0 6014 0 0 81200
148 0 6019 0 0 81300
148 0 6024 0 0 81400
148 0 6029 0 0 81500
148 0 6034 0 0 81600
148 0 6037 0 0 81700
148 0 6043 0 0 81800
148 0 6047 0 0 81900
148 0 6049 0 0 82000
149 0 6053 0 0 82100
149 0 6054 0 0 82200
149 0 6060 0 0 82300
149 0 6062 0 0 82400
149 0 6071 0 0 82500
149 0 6073 0 0 82600
149 0 6079 0 0 82700
150 0 6084 0 0 82800
150 0 6089 0 0 82900
150 0 6092 0 0 83000
151 0 6097 0 0 83100
151 0 6098 0 0 83200
152 0 6099 0 0 83300
152 0 6104 0 0 83400
152 0 6108 0 0 83500
152 0 6113 0 0 83600
152 0 6119 0 0 83700
152 0 6125 0 0 83800
152 0 6127 0 0 83900
152 0 6132 0 0 84000
152 0 6137 0 0 84100
152 0 6139 0 0 84200
153 0 6149 0 0 84300
153 0 6153 0 0 84400
154 0 6158 0 0 84500
154 0 6162 0 0 84600
155 0 6167 0 0 84700
155 0 6170 0 0 84800
155 0 6172 0 0 84900
155 0 6174 0 0 85000
156 0 6179 0 0 85100
156 0 6183 0 0 85200
156 0 6188 0 0 85300
156 0 6192 0 0 85400
156 0 6199 0 0 85500
156 0 6204 0 0 85600
157 0 6209 0 0 85700
158 0 6211 0 0 85800
158 0 6214 0 0 85900
158 0 6220 0 0 86000
158 0 6227 0 0 86100
158 0 6230 0 0 86200
159 0 6238 0 0 86300
159 0 6241 0 0 86400
159 0 6244 0 0 86500
159 0 6252 0 0 86600
159 0 6253 0 0 86700
159 0 6258 0 0 86800
159 0 6268 0 0 86900
159 0 6273 0 0 87000
159 0 6278 0 0 87100
159 0 6288 0 0 87200
160 0 6295 0 0 87300
161 0 6297 0 0 87400
162 0 6302 0 0 87500
162 0 6307 0 0 87600
162 0 6312 0 0 87700
162 0 6313 0 0 87800
162 0 6317 0 0 87900
163 0 6319 0 0 88000
163 0 6322 0 0 88100
163 0 6322 0 0 88200
163 0 6325 0 0 88300
163 0 6329 0 0 88400
163 0 6336 0 0 88500
163 0 6343 0 0 88600
163 0 6347 0 0 88700
163 0 6353 0 0 88800
163 0 6357 0 0 88900
164 0 6361 0 0 89000
164 0 6364 0 0 89100
165 0 6367 0 0 89200
167 0 6367 0 0 89300
168 0 6372 0 0 89400
168 0 6377 0 0 89500
169 0 6382 0 0 89600
169 0 6386 0 0 89700
169 0 6390 0 0 89800
169 0 6391 0 0 89900
169 0 6393 0 0 90000
169 0 6399 0 0 90100
169 0 6403 0 0 90200
169 0 6406 0 0 90300
169 0 6413 0 0 90400
169 0 6416 0 0 90500
169 0 6419 0 0 90600
169 0 6427 0 0 90700
169 0 6434 0 0 90800
170 0 6438 0 0 90900
170 0 6442 0 0 91000
170 0 6446 0 0 91100
170 0 6450 0 0 91200
170 0 6456 0 0 91300
170 0 6464 0 0 91400
170 0 6468 0 0 91500
170 0 6471 0 0 91600
170 0 6474 0 0 91700
170 0 6477 0 0 91800
170 0 6479 0 0 91900
170 0 6482 0 0 92000
170 0 6486 0 0 92100
171 0 6491 0 0 92200
171 0 6494 0 0 92300
171 0 6499 0 0 92400
171 0 6501 0 0 92500
171 0 6510 0 0 92600
171 0 6512 0 0 92700
171 0 6519 0 0 92800
171 0 6522 0 0 92900
171 0 6526 0 0 93000
171 0 6528 0 0 93100
171 0 6536 0 0 93200
171 0 6536 0 0 93300
171 0 6543 0 0 93400
172 0 6548 0 0 93500
172 0 6548 0 0 93600
172 0 6555 0 0 93700
172 0 6558 0 0 93800
172 0 6562 0 0 93900
172 0 6567 0 0 94000
172 0 6569 0 0 94100
173 0 6573 0 0 94200
173 0 6573 0 0 94300
173 0 6575 0 0 94400
173 0 6577 0 0 94500
173 0 6581 0 0 94600
173 0 6583 0 0 94700
173 0 6587 0 0 94800
174 0 6592 0 0 94900
174 0 6597 0 0 95000
174 0 6599 0 0 95100
175 0 6605 0 0 95200
175 0 6609 0 0 95300
175 0 6610 0 0 95400
175 0 6618 0 0 95500
175 0 6618 0 0 95600
175 0 6628 0 0 95700
175 0 6631 0 0 95800
175 0 6636 0 0 95900
175 0 6640 0 0 96000
175 0 6644 0 0 96100
175 0 6647 0 0 96200
175 0 6653 0 0 96300
175 0 6661 0 0 96400
176 0 6668 0 0 96500
176 0 6672 0 0 96600
176 0 6678 0 0 96700
176 0 6685 0 0 96800
176 0 6694 0 0 96900
176 0 6698 0 0 97000
177 0 6702 0 0 97100
178 0 6707 0 0 97200
178 0 6709 0 0 97300
178 0 6715 0 0 97400
178 0 6722 0 0 97500
178 0 6725 0 0 97600
178 0 6733 0 0 97700
178 0 6736 0 0 97800
178 0 6737 0 0 97900
178 0 6740 0 0 98000
178 0 6743 0 0 98100
178 0 6747 0 0 98200
178 0 6749 0 0 98300
178 0 6751 0 0 98400
179 0 6758 0 0 98500
179 0 6759 0 0 98600
179 0 6763 0 0 98700
179 0 6769 0 0 98800
179 0 6772 0 0 98900
179 0 6780 0 0 99000
179 0 6783 0 0 99100
179 0 6789 0 0 99200
179 0 6793 0 0 99300
179 0 6799 0 0 99400
179 0 6804 0 0 99500
179 0 6806 0 0 99600
179 0 6809 0 0 99700
179 0 6814 0 0 99800
179 0 6818 0 0 99900
0 0 2 0 0 0
0 0 2 0 0 100
0 0 4 0 0 200
0 0 7 0 0 300
0 0 9 0 0 400
0 0 10 0 0 500
0 0 15 0 0 600
0 0 15 0 0 700
0 0 17 0 0 800
0 0 23 0 0 900
0 0 29 0 0 1000
0 0 31 0 0 1100
0 0 40 0 0 1200
0 0 46 0 0 1300
0 0 55 0 0 1400
0 0 62 0 0 1500
0 0 70 0 0 1600
0 0 85 0 0 1700
0 0 95 0 0 1800
0 0 109 0 0 1900
0 0 121 0 0 2000
0 0 137 0 0 2100
0 0 149 0 0 2200
0 0 163 0 0 2300
0 0 173 0 0 2400
0 0 185 0 0 2500
0 0 204 0 0 2600
0 0 222 0 0 2700
0 0 233 0 0 2800
0 0 249 0 0 2900
0 0 260 0 0 3000
0 0 274 0 0 3100
0 0 289 0 0 3200
0 0 307 0 0 3300
0 0 324 0 0 3400
0 0 337 0 0 3500
0 0 353 0 0 3600
0 0 372 0 0 3700
1 0 387 0 0 3800
1 0 399 0 0 3900
1 0 417 0 0 4000
2 0 432 0 0 4100
2 0 448 0 0 4200
2 0 465 0 0 4300
2 0 482 0 0 4400
2 0 496 0 0 4500
2 0 516 0 0 4600
3 0 534 0 0 4700
4 0 552 0 0 4800
4 0 569 0 0 4900
5 0 582 0 0 5000
6 0 591 0 0 5100
6 0 607 0 0 5200
6 0 619 0 0 5300
7 0 631 0 0 5400
7 0 642 0 0 5500
7 0 657 0 0 5600
7 0 674 0 0 5700
7 0 681 0 0 5800
7 0 702 0 0 5900
7 0 715 0 0 6000
7 0 725 0 0 6100
7 0 740 0 0 6200
7 0 752 0 0 6300
7 0 768 0 0 6400
7 0 785 0 0 6500
7 0 798 0 0 6600
7 0 816 0 0 6700
7 0 829 0 0 6800
9 0 836 0 0 6900
9 0 849 0 0 7000
9 0 871 0 0 7100
9 0 881 0 0 7200
9 0 894 0 0 7300
9 0 903 0 0 7400
9 0 914 0 0 7500
9 0 927 0 0 7600
9 0 937 0 0 7700
10 0 953 0 0 7800
10 0 961 0 0 7900
10 0 969 0 0 8000
11 0 979 0 0 8100
11 0 986 0 0 8200
11 0 997 0 0 8300
11 0 1010 0 0 8400
12 0 1015 0 0 8500
12 0 1024 0 0 8600
12 0 1033 0 0 8700
12 0 1043 0 0 8800
12 0 1052 0 0 8900
13 0 1065 0 0 9000
13 0 1078 0 0 9100
13 0 1097 0 0 9200
14 0 1110 0 0 9300
14 0 1125 0 0 9400
14 0 1139 0 0 9500
14 0 1154 0 0 9600
14 0 1166 0 0 9700
14 0 1177 0 0 9800
15 0 1190 0 0 9900
15 0 1201 0 0 10000
15 0 1212 0 0 10100
15 0 1227 0 0 10200
15 0 1236 0 0 10300
15 0 1252 0 0 10400
15 0 1260 0 0 10500
15 0 1276 0 0 10600
15 0 1294 0 0 10700
16 0 1305 0 0 10800
16 0 1316 0 0 10900
17 0 1327 0 0 11000
17 0 1339 0 0 11100
17 0 1358 0 0 11200
17 0 1369 0 0 11300
17 0 1381 0 0 11400
17 0 1394 0 0 11500
18 0 1406 0 0 11600
18 0 1416 0 0 11700
18 0 1430 0 0 11800
18 0 1439 0 0 11900
18 0 1451 0 0 12000
18 0 1462 0 0 12100
18 0 1476 0 0 12200
18 0 1486 0 0 12300
18 0 1499 0 0 12400
18 0 1521 0 0 12500
18 0 1533 0 0 12600
18 0 1545 0 0 12700
18 0 1558 0 0 12800
18 0 1565 0 0 12900
18 0 1584 0 0 13000
18 0 1594 0 0 13100
18 0 1608 0 0 13200
18 0 1616 0 0 13300
18 0 1631 0 0 13400
18 0 1647 0 0 13500
18 0 1654 0 0 13600
18 0 1665 0 0 13700
18 0 1682 0 0 13800
18 0 1692 0 0 13900
18 0 1704 0 0 14000
18 0 1711 0 0 14100
18 0 1721 0 0 14200
18 0 1731 0 0 14300
18 0 1737 0 0 14400
18 0 1748 0 0 14500
18 0 1763 0 0 14600
18 0 1776 0 0 14700
18 0 1788 0 0 14800
18 0 1799 0 0 14900
18 0 1806 0 0 15000
18 0 1816 0 0 15100
18 0 1831 0 0 15200
18 0 1839 0 0 15300
18 0 1856 0 0 15400
18 0 1867 0 0 15500
18 0 1873 0 0 15600
18 0 1887 0 0 15700
18 0 1898 0 0 15800
18 0 1909 0 0 15900
18 0 1920 0 0 16000
18 0 1933 0 0 16100
18 0 1943 0 0 16200
18 0 1953 0 0 16300
18 0 1961 0 0 16400
18 0 1973 0 0 16500
18 0 1981 0 0 16600
18 0 1993 0 0 16700
18 0 2001 0 0 16800
18 0 2010 0 0 16900
18 0 2017 0 0 17000
18 0 2029 0 0 17100
20 0 2035 0 0 17200
21 0 2043 0 0 17300
21 0 2051 0 0 17400
21 0 2060 0 0 17500
21 0 2069 0 0 17600
22 0 2075 0 0 17700
22 0 2088 0 0 17800
22 0 2098 0 0 17900
22 0 2108 0 0 18000
22 0 2119 0 0 18100
22 0 2129 0 0 18200
22 0 2143 0 0 18300
22 0 2150 0 0 18400
22 0 2161 0 0 18500
22 0 2169 0 0 18600
22 0 2180 0 0 18700
22 0 2188 0 0 18800
22 0 2202 0 0 18900
22 0 2213 0 0 19000
22 0 2230 0 0 19100
23 0 2242 0 0 19200
24 0 2253 0 0 19300
25 0 2264 0 0 19400
25 0 2282 0 0 19500
25 0 2293 0 0 19600
25 0 2311 0 0 19700
25 0 2321 0 0 19800
25 0 2331 0 0 19900
25 0 2341 0 0 20000
25 0 2352 0 0 20100
26 0 2356 0 0 20200
26 0 2370 0 0 20300
26 0 2375 0 0 20400
26 0 2381 0 0 20500
26 0 2388 0 0 20600
26 0 2394 0 0 20700
26 0 2399 0 0 20800
26 0 2404 0 0 20900
26 0 2411 0 0 21000
26 0 2416 0 0 21100
26 0 2428 0 0 21200
26 0 2435 0 0 21300
26 0 2448 0 0 21400
26 0 2455 0 0 21500
26 0 2471 0 0 21600
27 0 2481 0 0 21700
27 0 2495 0 0 21800
28 0 2505 0 0 21900
28 0 2516 0 0 22000
28 0 2527 0 0 22100
28 0 2536 0 0 22200
28 0 2539 0 0 22300
28 0 2549 0 0 22400
28 0 2557 0 0 22500
28 0 2566 0 0 22600
28 0 2574 0 0 22700
28 0 2582 0 0 22800
28 0 2590 0 0 22900
28 0 2600 0 0 23000
28 0 2610 0 0 23100
28 0 2624 0 0 23200
29 0 2631 0 0 23300
29 0 2640 0 0 23400
29 0 2651 0 0 23500
29 0 2658 0 0 23600
30 0 2667 0 0 23700
31 0 2673 0 0 23800
32 0 2682 0 0 23900
32 0 2689 0 0 24000
33 0 2702 0 0 24100
33 0 2708 0 0 24200
33 0 2719 0 0 24300
33 0 2729 0 0 24400
33 0 2735 0 0 24500
33 0 2738 0 0 24600
33 0 2748 0 0 24700
33 0 2752 0 0 24800
33 0 2762 0 0 24900
33 0 2766 0 0 25000
34 0 2777 0 0 25100
34 0 2786 0 0 25200
34 0 2797 0 0 25300
34 0 2810 0 0 25400
34 0 2824 0 0 25500
34 0 2834 0 0 25600
34 0 2845 0 0 25700
36 0 2858 0 0 25800
36 0 2868 0 0 25900
36 0 2883 0 0 26000
36 0 2896 0 0 26100
37 0 2901 0 0 26200
37 0 2910 0 0 26300
37 0 2918 0 0 26400
37 0 2926 0 0 26500
37 0 2935 0 0 26600
37 0 2939 0 0 26700
37 0 2952 0 0 26800
37 0 2962 0 0 26900
37 0 2974 0 0 27000
37 0 2981 0 0 27100
37 0 2988 0 0 27200
37 0 2998 0 0 27300
38 0 3005 0 0 27400
38 0 3019 0 0 27500
38 0 3025 0 0 27600
38 0 3035 0 0 27700
39 0 3045 0 0 27800
39 0 3054 0 0 27900
39 0 3065 0 0 28000
39 0 3072 0 0 28100
39 0 3083 0 0 28200
39 0 3091 0 0 28300
39 0 3099 0 0 28400
39 0 3104 0 0 28500
39 0 3112 0 0 28600
39 0 3118 0 0 28700
39 0 3126 0 0 28800
39 0 3131 0 0 28900
39 0 3141 0 0 29000
40 0 3150 0 0 29100
40 0 3159 0 0 29200
40 0 3167 0 0 29300
40 0 3176 0 0 29400
41 0 3185 0 0 29500
41 0 3196 0 0 29600
41 0 3203 0 0 29700
41 0 3214 0 0 29800
41 0 3218 0 0 29900
41 0 3226 0 0 30000
41 0 3234 0 0 30100
41 0 3243 0 0 30200
42 0 3252 0 0 30300
42 0 3261 0 0 30400
42 0 3269 0 0 30500
43 0 3276 0 0 30600
43 0 3285 0 0 30700
43 0 3287 0 0 30800
44 0 3292 0 0 30900
44 0 3302 0 0 31000
44 0 3309 0 0 31100
44 0 3318 0 0 31200
44 0 3329 0 0 31300
44 0 3336 0 0 31400
44 0 3341 0 0 31500
44 0 3351 0 0 31600
44 0 3362 0 0 31700
44 0 3372 0 0 31800
44 0 3382 0 0 31900
44 0 3387 0 0 32000
44 0 3402 0 0 32100
45 0 3410 0 0 32200
45 0 3420 0 0 32300
45 0 3426 0 0 32400
45 0 3433 0 0 32500
45 0 3441 0 0 32600
45 0 3449 0 0 32700
46 0 3458 0 0 32800
46 0 3467 0 0 32900
46 0 3473 0 0 33000
46 0 3487 0 0 33100
46 0 3494 0 0 33200
46 0 3507 0 0 33300
46 0 3513 0 0 33400
46 0 3523 0 0 33500
46 0 3532 0 0 33600
46 0 3538 0 0 33700
46 0 3548 0 0 33800
46 0 3558 0 0 33900
46 0 3565 0 0 34000
47 0 3571 0 0 34100
48 0 3581 0 0 34200
48 0 3589 0 0 34300
48 0 3598 0 0 34400
48 0 3606 0 0 34500
48 0 3619 0 0 34600
48 0 3627 0 0 34700
48 0 3636 0 0 34800
48 0 3643 0 0 34900
48 0 3657 0 0 35000
48 0 3667 0 0 35100
48 0 3675 0 0 35200
48 0 3688 0 0 35300
48 0 3691 0 0 35400
48 0 3698 0 0 35500
48 0 3712 0 0 35600
48 0 3725 0 0 35700
48 0 3735 0 0 35800
48 0 3744 0 0 35900
48 0 3751 0 0 36000
48 0 3759 0 0 36100
48 0 3767 0 0 36200
48 0 3772 0 0 36300
48 0 3774 0 0 36400
48 0 3781 0 0 36500
48 0 3784 0 0 36600
48 0 3791 0 0 36700
48 0 3795 0 0 36800
48 0 3796 0 0 36900
48 0 3802 0 0 37000
48 0 3808 0 0 37100
48 0 3816 0 0 37200
48 0 3822 0 0 37300
49 0 3824 0 0 37400
49 0 3830 0 0 37500
50 0 3838 0 0 37600
50 0 3843 0 0 37700
51 0 3856 0 0 37800
51 0 3864 0 0 37900
51 0 3870 0 0 38000
52 0 3880 0 0 38100
52 0 3886 0 0 38200
52 0 3890 0 0 38300
52 0 3899 0 0 38400
52 0 3906 0 0 38500
52 0 3914 0 0 38600
52 0 3923 0 0 38700
53 0 3931 0 0 38800
53 0 3943 0 0 38900
53 0 3952 0 0 39000
53 0 3960 0 0 39100
53 0 3970 0 0 39200
53 0 3976 0 0 39300
54 0 3985 0 0 39400
55 0 3991 0 0 39500
55 0 3997 0 0 39600
57 0 4007 0 0 39700
57 0 4012 0 0 39800
57 0 4015 0 0 39900
57 0 4023 0 0 40000
57 0 4026 0 0 40100
57 0 4032 0 0 40200
57 0 4038 0 0 40300
57 0 4044 0 0 40400
58 0 4052 0 0 40500
58 0 4058 0 0 40600
58 0 4066 0 0 40700
59 0 4078 0 0 40800
60 0 4083 0 0 40900
60 0 4098 0 0 41000
61 0 4105 0 0 41100
61 0 4116 0 0 41200
62 0 4123 0 0 41300
62 0 4130 0 0 41400
62 0 4140 0 0 41500
62 0 4145 0 0 41600
62 0 4151 0 0 41700
62 0 4160 0 0 41800
63 0 4166 0 0 41900
63 0 4174 0 0 42000
63 0 4184 0 0 42100
63 0 4189 0 0 42200
64 0 4195 0 0 42300
64 0 4202 0 0 42400
64 0 4210 0 0 42500
64 0 4216 0 0 42600
64 0 4225 0 0 42700
64 0 4232 0 0 42800
64 0 4243 0 0 42900
64 0 4251 0 0 43000
65 0 4255 0 0 43100
65 0 4266 0 0 43200
65 0 4272 0 0 43300
65 0 4282 0 0 43400
65 0 4287 0 0 43500
65 0 4299 0 0 43600
65 0 4307 0 0 43700
65 0 4312 0 0 43800
65 0 4314 0 0 43900
65 0 4322 0 0 44000
66 0 4330 0 0 44100
66 0 4337 0 0 44200
66 0 4349 0 0 44300
66 0 4358 0 0 44400
66 0 4363 0 0 44500
66 0 4370 0 0 44600
66 0 4378 0 0 44700
66 0 4384 0 0 44800
66 0 4395 0 0 44900
66 0 4404 0 0 45000
67 0 4410 0 0 45100
67 0 4417 0 0 45200
68 0 4422 0 0 45300
68 0 4436 0 0 45400
69 0 4440 0 0 45500
69 0 4447 0 0 45600
70 0 4451 0 0 45700
70 0 4455 0 0 45800
71 0 4462 0 0 45900
71 0 4470 0 0 46000
71 0 4479 0 0 46100
71 0 4486 0 0 46200
71 0 4489 0 0 46300
72 0 4494 0 0 46400
72 0 4503 0 0 46500
72 0 4507 0 0 46600
72 0 4517 0 0 46700
72 0 4522 0 0 46800
72 0 4530 0 0 46900
72 0 4535 0 0 47000
72 0 4541 0 0 47100
72 0 4547 0 0 47200
72 0 4555 0 0 47300
72 0 4560 0 0 47400
72 0 4567 0 0 47500
72 0 4574 0 0 47600
72 0 4578 0 0 47700
72 0 4582 0 0 47800
72 0 4592 0 0 47900
72 0 4598 0 0 48000
73 0 4605 0 0 48100
73 0 4611 0 0 48200
74 0 4613 0 0 48300
74 0 4625 0 0 48400
74 0 4631 0 0 48500
74 0 4637 0 0 48600
74 0 4642 0 0 48700
74 0 4648 0 0 48800
74 0 4648 0 0 48900
74 0 4657 0 0 49000
74 0 4661 0 0 49100
74 0 4665 0 0 49200
74 0 4671 0 0 49300
74 0 4674 0 0 49400
74 0 4681 0 0 49500
74 0 4688 0 0 49600
74 0 4691 0 0 49700
74 0 4700 0 0 49800
74 0 4707 0 0 49900
74 0 4715 0 0 50000
74 0 4721 0 0 50100
74 0 4724 0 0 50200
74 0 4734 0 0 50300
74 0 4745 0 0 50400
74 0 4751 0 0 50500
74 0 4757 0 0 50600
74 0 4760 0 0 50700
74 0 4770 0 0 50800
74 0 4774 0 0 50900
74 0 4777 0 0 51000
75 0 4782 0 0 51100
75 0 4787 0 0 51200
75 0 4793 0 0 51300
75 0 4802 0 0 51400
76 0 4809 0 0 51500
77 0 4814 0 0 51600
77 0 4822 0 0 51700
77 0 4829 0 0 51800
78 0 4834 0 0 51900
79 0 4841 0 0 52000
79 0 4844 0 0 52100
79 0 4849 0 0 52200
79 0 4854 0 0 52300
79 0 4862 0 0 52400
79 0 4868 0 0 52500
79 0 4875 0 0 52600
79 0 4883 0 0 52700
79 0 4888 0 0 52800
80 0 4891 0 0 52900
80 0 4895 0 0 53000
81 0 4899 0 0 53100
81 0 4906 0 0 53200
82 0 4910 0 0 53300
82 0 4917 0 0 53400
82 0 4923 0 0 53500
82 0 4928 0 0 53600
82 0 4934 0 0 53700
82 0 4945 0 0 53800
82 0 4955 0 0 53900
82 0 4965 0 0 54000
82 0 4968 0 0 54100
83 0 4979 0 0 54200
83 0 4981 0 0 54300
83 0 4985 0 0 54400
83 0 4990 0 0 54500
83 0 4995 0 0 54600
83 0 5000 0 0 54700
83 0 5005 0 0 54800
83 0 5010 0 0 54900
83 0 5015 0 0 55000
83 0 5025 0 0 55100
83 0 5032 0 0 55200
83 0 5037 0 0 55300
84 0 5044 0 0 55400
85 0 5048 0 0 55500
85 0 5057 0 0 55600
85 0 5060 0 0 55700
85 0 5065 0 0 55800
85 0 5069 0 0 55900
85 0 5080 0 0 56000
85 0 5084 0 0 56100
85 0 5092 0 0 56200
85 0 5096 0 0 56300
85 0 5104 0 0 56400
85 0 5107 0 0 56500
85 0 5115 0 0 56600
85 0 5120 0 0 56700
85 0 5126 0 0 56800
85 0 5134 0 0 56900
85 0 5139 0 0 57000
85 0 5145 0 0 57100
85 0 5147 0 0 57200
85 0 5153 0 0 57300
85 0 5156 0 0 57400
85 0 5166 0 0 57500
85 0 5171 0 0 57600
85 0 5173 0 0 57700
85 0 5180 0 0 57800
85 0 5190 0 0 57900
85 0 5197 0 0 58000
85 0 5201 0 0 58100
85 0 5204 0 0 58200
86 0 5214 0 0 58300
86 0 5219 0 0 58400
86 0 5226 0 0 58500
86 0 5231 0 0 58600
86 0 5239 0 0 58700
86 0 5245 0 0 58800
86 0 5251 0 0 58900
86 0 5255 0 0 59000
86 0 5256 0 0 59100
87 0 5263 0 0 59200
87 0 5270 0 0 59300
87 0 5272 0 0 59400
87 0 5276 0 0 59500
87 0 5279 0 0 59600
87 0 5287 0 0 59700
87 0 5292 0 0 59800
88 0 5296 0 0 59900
88 0 5299 0 0 60000
88 0 5303 0 0 60100
88 0 5309 0 0 60200
88 0 5311 0 0 60300
89 0 5317 0 0 60400
89 0 5321 0 0 60500
89 0 5331 0 0 60600
89 0 5336 0 0 60700
89 0 5342 0 0 60800
89 0 5348 0 0 60900
89 0 5353 0 0 61000
89 0 5359 0 0 61100
89 0 5365 0 0 61200
89 0 5373 0 0 61300
89 0 5378 0 0 61400
89 0 5383 0 0 61500
90 0 5389 0 0 61600
90 0 5395 0 0 61700
90 0 5403 0 0 61800
90 0 5412 0 0 61900
90 0 5421 0 0 62000
90 0 5430 0 0 62100
90 0 5435 0 0 62200
90 0 5447 0 0 62300
90 0 5451 0 0 62400
90 0 5455 0 0 62500
91 0 5463 0 0 62600
91 0 5467 0 0 62700
91 0 5475 0 0 62800
91 0 5478 0 0 62900
91 0 5486 0 0 63000
91 0 5490 0 0 63100
91 0 5496 0 0 63200
91 0 5502 0 0 63300
92 0 5505 0 0 63400
92 0 5518 0 0 63500
92 0 5521 0 0 63600
92 0 5527 0 0 63700
92 0 5538 0 0 63800
92 0 5544 0 0 63900
92 0 5549 0 0 64000
92 0 5556 0 0 64100
92 0 5561 0 0 64200
92 0 5566 0 0 64300
92 0 5574 0 0 64400
92 0 5578 0 0 64500
93 0 5586 0 0 64600
93 0 5589 0 0 64700
93 0 5594 0 0 64800
93 0 5601 0 0 64900
93 0 5606 0 0 65000
93 0 5613 0 0 65100
93 0 5617 0 0 65200
94 0 5624 0 0 65300
94 0 5627 0 0 65400
95 0 5631 0 0 65500
96 0 5634 0 0 65600
96 0 5639 0 0 65700
96 0 5647 0 0 65800
96 0 5653 0 0 65900
96 0 5659 0 0 66000
96 0 5665 0 0 66100
96 0 5669 0 0 66200
96 0 5677 0 0 66300
97 0 5679 0 0 66400
97 0 5683 0 0 66500
97 0 5687 0 0 66600
97 0 5690 0 0 66700
98 0 5698 0 0 66800
98 0 5702 0 0 66900
98 0 5706 0 0 67000
98 0 5711 0 0 67100
98 0 5719 0 0 67200
98 0 5723 0 0 67300
98 0 5725 0 0 67400
98 0 5734 0 0 67500
98 0 5738 0 0 67600
98 0 5745 0 0 67700
98 0 5750 0 0 67800
100 0 5759 0 0 67900
100 0 5762 0 0 68000
100 0 5772 0 0 68100
100 0 5773 0 0 68200
100 0 5778 0 0 68300
100 0 5781 0 0 68400
100 0 5782 0 0 68500
100 0 5788 0 0 68600
100 0 5793 0 0 68700
100 0 5798 0 0 68800
100 0 5804 0 0 68900
101 0 5808 0 0 69000
101 0 5815 0 0 69100
101 0 5820 0 0 69200
101 0 5826 0 0 69300
101 0 5830 0 0 69400
101 0 5836 0 0 69500
102 0 5841 0 0 69600
103 0 5849 0 0 69700
103 0 5851 0 0 69800
104 0 5857 0 0 69900
104 0 5865 0 0 70000
104 0 5870 0 0 70100
105 0 5874 0 0 70200
105 0 5885 0 0 70300
105 0 5891 0 0 70400
105 0 5899 0 0 70500
105 0 5902 0 0 70600
105 0 5906 0 0 70700
105 0 5911 0 0 70800
105 0 5916 0 0 70900
105 0 5919 0 0 71000
105 0 5923 0 0 71100
105 0 5933 0 0 71200
106 0 5939 0 0 71300
107 0 5944 0 0 71400
107 0 5951 0 0 71500
107 0 5957 0 0 71600
108 0 5966 0 0 71700
109 0 5973 0 0 71800
110 0 5981 0 0 71900
110 0 5986 0 0 72000
110 0 5989 0 0 72100
110 0 5992 0 0 72200
110 0 6000 0 0 72300
110 0 6003 0 0 72400
110 0 6005 0 0 72500
110 0 6012 0 0 72600
110 0 6018 0 0 72700
110 0 6021 0 0 72800
110 0 6024 0 0 72900
110 0 6032 0 0 73000
110 0 6039 0 0 73100
110 0 6044 0 0 73200
110 0 6049 0 0 73300
110 0 6055 0 0 73400
110 0 6057 0 0 73500
111 0 6067 0 0 73600
111 0 6069 0 0 73700
111 0 6071 0 0 73800
111 0 6075 0 0 73900
112 0 6081 0 0 74000
112 0 6085 0 0 74100
113 0 6091 0 0 74200
113 0 6094 0 0 74300
113 0 6097 0 0 74400
113 0 6100 0 0 74500
113 0 6108 0 0 74600
113 0 6113 0 0 74700
113 0 6117 0 0 74800
113 0 6122 0 0 74900
114 0 6130 0 0 75000
114 0 6137 0 0 75100
114 0 6142 0 0 75200
115 0 6144 0 0 75300
115 0 6150 0 0 75400
115 0 6153 0 0 75500
115 0 6155 0 0 75600
115 0 6157 0 0 75700
115 0 6160 0 0 75800
115 0 6167 0 0 75900
115 0 6170 0 0 76000
115 0 6176 0 0 76100
115 0 6183 0 0 76200
115 0 6185 0 0 76300
115 0 6186 0 0 76400
115 0 6189 0 0 76500
115 0 6191 0 0 76600
116 0 6192 0 0 76700
116 0 6194 0 0 76800
116 0 6196 0 0 76900
116 0 6198 0 0 77000
116 0 6200 0 0 77100
117 0 6203 0 0 77200
117 0 6206 0 0 77300
117 0 6209 0 0 77400
117 0 6215 0 0 77500
117 0 6218 0 0 77600
117 0 6223 0 0 77700
117 0 6229 0 0 77800
117 0 6234 0 0 77900
117 0 6236 0 0 78000
117 0 6241 0 0 78100
117 0 6245 0 0 78200
117 0 6250 0 0 78300
118 0 6252 0 0 78400
118 0 6256 0 0 78500
118 0 6263 0 0 78600
118 0 6264 0 0 78700
118 0 6268 0 0 78800
118 0 6270 0 0 78900
119 0 6274 0 0 79000
119 0 6276 0 0 79100
119 0 6281 0 0 79200
119 0 6285 0 0 79300
119 0 6287 0 0 79400
119 0 6289 0 0 79500
119 0 6294 0 0 79600
119 0 6297 0 0 79700
119 0 6301 0 0 79800
119 0 6304 0 0 79900
119 0 6308 0 0 80000
121 0 6310 0 0 80100
121 0 6311 0 0 80200
123 0 6313 0 0 80300
124 0 6315 0 0 80400
124 0 6316 0 0 80500
124 0 6319 0 0 80600
125 0 6320 0 0 80700
125 0 6328 0 0 80800
125 0 6331 0 0 80900
125 0 6333 0 0 81000
126 0 6339 0 0 81100
126 0 6345 0 0 81200
126 0 6350 0 0 81300
127 0 6357 0 0 81400
127 0 6362 0 0 81500
127 0 6367 0 0 81600
127 0 6375 0 0 81700
127 0 6380 0 0 81800
128 0 6384 0 0 81900
128 0 6388 0 0 82000
128 0 6390 0 0 82100
128 0 6395 0 0 82200
128 0 6397 0 0 82300
128 0 6401 0 0 82400
129 0 6402 0 0 82500
129 0 6403 0 0 82600
129 0 6404 0 0 82700
129 0 6406 0 0 82800
129 0 6413 0 0 82900
129 0 6416 0 0 83000
129 0 6421 0 0 83100
130 0 6423 0 0 83200
130 0 6427 0 0 83300
130 0 6430 0 0 83400
130 0 6434 0 0 83500
130 0 6438 0 0 83600
130 0 6442 0 0 83700
131 0 6447 0 0 83800
131 0 6454 0 0 83900
131 0 6456 0 0 84000
131 0 6466 0 0 84100
131 0 6473 0 0 84200
131 0 6478 0 0 84300
131 0 6482 0 0 84400
131 0 6487 0 0 84500
131 0 6490 0 0 84600
132 0 6499 0 0 84700
132 0 6500 0 0 84800
132 0 6505 0 0 84900
132 0 6507 0 0 85000
132 0 6509 0 0 85100
132 0 6514 0 0 85200
132 0 6519 0 0 85300
132 0 6521 0 0 85400
132 0 6528 0 0 85500
132 0 6531 0 0 85600
132 0 6538 0 0 85700
132 0 6545 0 0 85800
133 0 6553 0 0 85900
134 0 6560 0 0 86000
134 0 6566 0 0 86100
134 0 6575 0 0 86200
135 0 6578 0 0 86300
135 0 6581 0 0 86400
135 0 6590 0 0 86500
135 0 6592 0 0 86600
136 0 6596 0 0 86700
137 0 6607 0 0 86800
137 0 6612 0 0 86900
138 0 6616 0 0 87000
139 0 6620 0 0 87100
139 0 6628 0 0 87200
139 0 6633 0 0 87300
140 0 6639 0 0 87400
140 0 6642 0 0 87500
142 0 6646 0 0 87600
144 0 6649 0 0 87700
144 0 6652 0 0 87800
144 0 6653 0 0 87900
144 0 6658 0 0 88000
144 0 6664 0 0 88100
144 0 6666 0 0 88200
144 0 6667 0 0 88300
145 0 6671 0 0 88400
145 0 6678 0 0 88500
146 0 6681 0 0 88600
146 0 6685 0 0 88700
146 0 6688 0 0 88800
146 0 6691 0 0 88900
146 0 6694 0 0 89000
146 0 6696 0 0 89100
146 0 6704 0 0 89200
146 0 6710 0 0 89300
146 0 6713 0 0 89400
146 0 6718 0 0 89500
146 0 6722 0 0 89600
146 0 6726 0 0 89700
146 0 6731 0 0 89800
147 0 6733 0 0 89900
147 0 6737 0 0 90000
147 0 6741 0 0 90100
147 0 6747 0 0 90200
148 0 6751 0 0 90300
148 0 6755 0 0 90400
148 0 6761 0 0 90500
149 0 6764 0 0 90600
149 0 6772 0 0 90700
149 0 6779 0 0 90800
149 0 6785 0 0 90900
149 0 6789 0 0 91000
149 0 6794 0 0 91100
149 0 6796 0 0 91200
149 0 6806 0 0 91300
149 0 6813 0 0 91400
149 0 6818 0 0 91500
149 0 6825 0 0 91600
149 0 6828 0 0 91700
149 0 6836 0 0 91800
149 0 6841 0 0 91900
149 0 6845 0 0 92000
149 0 6850 0 0 92100
149 0 6851 0 0 92200
149 0 6858 0 0 92300
149 0 6861 0 0 92400
149 0 6865 0 0 92500
149 0 6868 0 0 92600
149 0 6872 0 0 92700
149 0 6875 0 0 92800
149 0 6875 0 0 92900
150 0 6880 0 0 93000
150 0 6884 0 0 93100
150 0 6887 0 0 93200
150 0 6892 0 0 93300
150 0 6894 0 0 93400
150 0 6898 0 0 93500
150 0 6902 0 0 93600
150 0 6909 0 0 93700
151 0 6913 0 0 93800
152 0 6919 0 0 93900
153 0 6927 0 0 94000
155 0 6930 0 0 94100
155 0 6936 0 0 94200
155 0 6941 0 0 94300
155 0 6945 0 0 94400
155 0 6950 0 0 94500
155 0 6951 0 0 94600
155 0 6956 0 0 94700
155 0 6959 0 0 94800
155 0 6962 0 0 94900
155 0 6966 0 0 95000
155 0 6968 0 0 95100
155 0 6971 0 0 95200
155 0 6976 0 0 95300
155 0 6981 0 0 95400
155 0 6985 0 0 95500
156 0 6989 0 0 95600
156 0 6991 0 0 95700
156 0 6993 0 0 95800
156 0 6997 0 0 95900
157 0 7005 0 0 96000
158 0 7011 0 0 96100
158 0 7013 0 0 96200
159 0 7017 0 0 96300
159 0 7021 0 0 96400
160 0 7025 0 0 96500
160 0 7027 0 0 96600
160 0 7031 0 0 96700
160 0 7031 0 0 96800
161 0 7035 0 0 96900
161 0 7041 0 0 97000
163 0 7041 0 0 97100
163 0 7046 0 0 97200
163 0 7049 0 0 97300
163 0 7052 0 0 97400
163 0 7054 0 0 97500
163 0 7058 0 0 97600
163 0 7063 0 0 97700
163 0 7063 0 0 97800
163 0 7065 0 0 97900
163 0 7068 0 0 98000
164 0 7075 0 0 98100
164 0 7080 0 0 98200
164 0 7086 0 0 98300
165 0 7090 0 0 98400
166 0 7094 0 0 98500
166 0 7096 0 0 98600
166 0 7101 0 0 98700
167 0 7107 0 0 98800
168 0 7110 0 0 98900
169 0 7113 0 0 99000
169 0 7116 0 0 99100
170 0 7118 0 0 99200
170 0 7121 0 0 99300
171 0 7125 0 0 99400
171 0 7126 0 0 99500
171 0 7132 0 0 99600
172 0 7132 0 0 99700
172 0 7134 0 0 99800
172 0 7139 0 0 99900
