0 0 0 0 0 0 0 0
0 14 0 0 2558 0 2605 100
0 19 0 0 6970 9 7112 200
0 22 0 0 11242 14 11442 300
0 28 0 0 16287 19 16546 400
0 31 0 0 21903 21 22226 500
0 33 0 0 27878 24 28297 600
0 34 0 0 34127 27 34682 700
0 36 0 0 40602 28 41358 800
0 38 0 0 47261 30 48298 900
0 41 0 0 53985 32 55355 1000
0 42 0 0 60757 35 62516 1100
0 44 0 0 67592 37 69869 1200
0 47 0 0 74545 38 77447 1300
0 49 0 0 81579 40 85171 1400
0 50 0 0 88654 42 92928 1500
0 55 0 0 95703 44 100633 1600
0 56 0 0 102881 47 108539 1700
0 61 0 0 109889 48 116302 1800
0 64 0 0 117048 52 124218 1900
0 67 0 0 124200 54 132184 2000
0 69 0 0 131253 57 140034 2100
0 70 0 0 138447 61 148072 2200
0 73 0 0 145553 61 155988 2300
0 78 0 0 152546 63 163779 2400
0 81 0 0 159634 66 171669 2500
0 81 0 0 166663 69 179428 2600
0 86 0 0 173692 70 187235 2700
0 87 0 0 180679 71 194938 2800
0 87 0 0 187666 75 202683 2900
0 88 0 0 194666 75 210661 3000
0 91 0 0 201793 75 218684 3100
0 91 0 0 208729 79 226419 3200
0 93 0 0 215806 79 234439 3300
0 98 0 0 222927 81 242440 3400
0 102 0 0 230041 85 250443 3500
0 103 0 0 237054 90 258422 3600
0 104 0 0 244206 91 266551 3700
0 107 0 0 251292 92 274558 3800
0 107 0 0 258344 95 282409 3900
0 108 0 0 265441 95 290474 4000
0 108 0 0 272542 96 298456 4100
0 108 0 0 279495 96 306233 4200
0 110 0 0 286672 96 314345 4300
0 110 0 0 293595 98 322104 4400
0 110 0 0 300743 98 330050 4500
0 111 0 0 307772 98 337906 4600
0 114 0 0 314710 99 345651 4700
0 115 0 0 321705 100 353433 4800
0 116 0 0 328789 101 361403 4900
0 116 0 0 335808 102 369370 5000
0 118 0 0 342860 102 377290 5100
0 119 0 0 349801 104 385003 5200
0 119 0 0 356943 105 393054 5300
0 121 0 0 363941 106 401034 5400
0 123 0 0 370994 107 409049 5500
0 125 0 0 378006 109 416967 5600
0 128 0 0 385082 111 424911 5700
0 130 0 0 392098 113 432723 5800
0 132 0 0 399111 116 440523 5900
0 132 0 0 406091 118 448277 6000
0 133 0 0 413134 118 456169 6100
0 137 0 0 420142 119 463988 6200
0 140 0 0 427101 123 471885 6300
0 142 0 0 434168 126 479987 6400
0 146 0 0 441313 128 488119 6500
0 149 0 0 448251 132 496122 6600
0 151 0 0 455299 135 504129 6700
0 151 0 0 462378 137 512246 6800
0 157 0 0 469430 137 520310 6900
0 157 0 0 476437 142 528208 7000
0 159 0 0 483467 143 536119 7100
0 160 0 0 490434 144 544037 7200
0 161 0 0 497567 146 552091 7300
0 162 0 0 504551 148 559987 7400
0 162 0 0 511602 148 567887 7500
0 163 0 0 518554 148 575696 7600
0 165 0 0 525453 150 583436 7700
0 165 0 0 532481 151 591259 7800
0 165 0 0 539390 151 598927 7900
0 166 0 0 546372 151 606655 8000
0 169 0 0 553258 152 614277 8100
0 170 0 0 560212 153 621934 8200
0 172 0 0 567147 156 629605 8300
0 173 0 0 574136 157 637348 8400
0 174 0 0 581024 157 644857 8500
0 175 0 0 588029 158 652554 8600
0 177 0 0 594857 159 659987 8700
0 181 0 0 601841 162 667661 8800
0 181 0 0 608738 164 675226 8900
0 185 0 0 615650 165 682909 9000
0 186 0 0 622690 169 690701 9100
0 186 0 0 629553 170 698255 9200
0 188 0 0 636540 170 705918 9300
0 191 0 0 643467 172 713558 9400
0 194 0 0 650374 175 721194 9500
0 195 0 0 657376 176 728910 9600
0 196 0 0 664308 179 736559 9700
0 197 0 0 671235 179 744197 9800
0 199 0 0 678225 182 751898 9900
0 200 0 0 685231 183 759617 10000
0 201 0 0 692117 184 767238 10100
0 206 0 0 699087 186 775072 10200
0 207 0 0 706013 189 782969 10300
0 208 0 0 713000 190 790862 10400
0 210 0 0 719917 192 798696 10500
0 210 0 0 727026 194 806725 10600
0 210 0 0 733932 194 814601 10700
0 211 0 0 740955 194 822511 10800
0 212 0 0 747964 195 830529 10900
0 213 0 0 755087 195 838497 11000
0 213 0 0 761963 196 846366 11100
0 215 0 0 769107 196 854508 11200
0 216 0 0 776032 198 862419 11300
0 218 0 0 783116 199 870426 11400
0 219 0 0 790112 201 878317 11500
0 220 0 0 797128 201 886264 11600
0 221 0 0 804112 203 894112 11700
0 221 0 0 811106 203 901868 11800
0 221 0 0 818150 204 909812 11900
0 222 0 0 824984 204 917487 12000
0 224 0 0 831882 205 925165 12100
0 225 0 0 838945 208 933188 12200
0 225 0 0 846000 208 941112 12300
0 226 0 0 852981 208 949020 12400
0 227 0 0 859915 210 956763 12500
0 229 0 0 867014 210 964663 12600
0 231 0 0 874021 211 972595 12700
0 232 0 0 881109 214 980554 12800
0 233 0 0 888044 215 988375 12900
0 234 0 0 895126 216 996285 13000
0 237 0 0 902096 217 1004149 13100
0 238 0 0 909095 220 1012082 13200
0 242 0 0 916112 221 1019946 13300
0 243 0 0 923226 223 1027791 13400
0 246 0 0 930052 226 1035486 13500
0 247 0 0 937108 228 1043386 13600
0 251 0 0 944043 231 1051155 13700
0 251 0 0 951071 234 1059043 13800
0 255 0 0 958131 234 1066974 13900
0 256 0 0 965161 238 1074871 14000
0 259 0 0 972139 240 1082739 14100
0 260 0 0 979174 242 1090692 14200
0 261 0 0 986136 243 1098611 14300
0 263 0 0 993225 243 1106574 14400
0 264 0 0 1000304 246 1114546 14500
0 267 0 0 1007300 247 1122367 14600
0 267 0 0 1014132 248 1129953 14700
0 269 0 0 1021172 250 1137775 14800
0 270 0 0 1028150 252 1145546 14900
0 272 0 0 1035197 253 1153325 15000
0 272 0 0 1042092 255 1160931 15100
0 273 0 0 1049065 255 1168698 15200
0 274 0 0 1056127 256 1176544 15300
0 275 0 0 1063081 257 1184179 15400
0 277 0 0 1070166 258 1192084 15500
0 277 0 0 1077207 259 1200021 15600
0 277 0 0 1084166 260 1207838 15700
0 279 0 0 1091272 260 1215788 15800
0 281 0 0 1098198 262 1223576 15900
0 283 0 0 1105073 264 1231261 16000
0 286 0 0 1112029 266 1239153 16100
0 288 0 0 1118921 268 1247073 16200
0 288 0 0 1125907 270 1254918 16300
0 291 0 0 1132784 271 1262648 16400
0 291 0 0 1139781 273 1270424 16500
0 291 0 0 1146675 273 1278182 16600
0 293 0 0 1153560 274 1285775 16700
0 295 0 0 1160534 275 1293608 16800
0 298 0 0 1167499 277 1301370 16900
0 300 0 0 1174400 280 1309172 17000
0 301 0 0 1181309 283 1316923 17100
0 305 0 0 1188303 283 1324786 17200
0 308 0 0 1195303 288 1332774 17300
0 311 0 0 1202330 290 1340678 17400
0 316 0 0 1209258 293 1348562 17500
0 317 0 0 1216192 298 1356510 17600
0 318 0 0 1223183 299 1364541 17700
0 324 0 0 1230150 301 1372421 17800
0 327 0 0 1237200 306 1380297 17900
0 328 0 0 1244188 309 1388176 18000
0 330 0 0 1251199 310 1396114 18100
0 332 0 0 1258120 312 1403884 18200
0 332 0 0 1265243 313 1411973 18300
0 334 0 0 1272123 314 1419755 18400
0 335 0 0 1279211 316 1427676 18500
0 337 0 0 1286210 317 1435570 18600
0 337 0 0 1293150 318 1443329 18700
0 338 0 0 1300113 319 1451076 18800
0 338 0 0 1307050 320 1458783 18900
0 339 0 0 1314138 320 1466639 19000
0 340 0 0 1321091 321 1474479 19100
0 342 0 0 1328086 322 1482251 19200
0 344 0 0 1335034 324 1489894 19300
0 346 0 0 1342025 327 1497605 19400
0 346 0 0 1348987 328 1505381 19500
0 347 0 0 1356030 329 1513218 19600
0 350 0 0 1362999 330 1520984 19700
0 350 0 0 1369993 332 1528778 19800
0 350 0 0 1376984 332 1536524 19900
0 353 0 0 1384027 332 1544314 20000
0 354 0 0 1390856 333 1551938 20100
0 355 0 0 1397949 336 1559866 20200
0 358 0 0 1404891 337 1567703 20300
0 359 0 0 1411915 340 1575484 20400
0 360 0 0 1418942 342 1583277 20500
0 361 0 0 1425893 342 1591011 20600
0 361 0 0 1432776 343 1598641 20700
0 362 0 0 1439748 343 1606349 20800
0 362 0 0 1446657 344 1614022 20900
0 362 0 0 1453670 344 1621766 21000
0 362 0 0 1460620 344 1629611 21100
0 362 0 0 1467669 344 1637470 21200
0 363 0 0 1474673 344 1645362 21300
0 365 0 0 1481716 345 1653217 21400
0 367 0 0 1488670 347 1661010 21500
0 367 0 0 1495574 349 1668793 21600
0 368 0 0 1502630 349 1676603 21700
0 369 0 0 1509586 350 1684308 21800
0 369 0 0 1516465 351 1691890 21900
0 369 0 0 1523424 351 1699552 22000
0 371 0 0 1530516 351 1707343 22100
0 372 0 0 1537379 352 1714975 22200
0 373 0 0 1544228 354 1722494 22300
0 374 0 0 1551254 355 1730177 22400
0 376 0 0 1558235 357 1737896 22500
0 378 0 0 1565220 358 1745552 22600
0 378 0 0 1572106 360 1753168 22700
0 380 0 0 1579119 360 1760937 22800
0 380 0 0 1586058 362 1768705 22900
0 382 0 0 1593041 362 1776500 23000
0 385 0 0 1600076 364 1784325 23100
0 389 0 0 1607071 367 1792188 23200
0 393 0 0 1614122 370 1800151 23300
0 396 0 0 1621122 373 1808147 23400
0 400 0 0 1628170 379 1816122 23500
0 402 0 0 1635223 380 1824100 23600
0 402 0 0 1642079 383 1831848 23700
0 403 0 0 1649156 383 1839751 23800
0 404 0 0 1656143 384 1847476 23900
0 405 0 0 1663061 385 1855094 24000
0 408 0 0 1669818 386 1862601 24100
0 408 0 0 1676798 389 1870323 24200
0 408 0 0 1683719 389 1878084 24300
0 411 0 0 1690679 389 1885732 24400
0 411 0 0 1697541 392 1893347 24500
0 412 0 0 1704506 392 1901025 24600
0 413 0 0 1711406 393 1908597 24700
0 415 0 0 1718309 393 1916254 24800
0 415 0 0 1725210 395 1923888 24900
0 415 0 0 1732194 396 1931540 25000
0 418 0 0 1739193 396 1939187 25100
0 419 0 0 1746123 398 1946769 25200
0 419 0 0 1753052 399 1954336 25300
0 420 0 0 1759920 400 1961842 25400
0 422 0 0 1766914 401 1969569 25500
0 423 0 0 1773940 403 1977276 25600
0 423 0 0 1780839 403 1984890 25700
0 423 0 0 1787802 404 1992545 25800
0 425 0 0 1794802 405 2000281 25900
0 427 0 0 1801788 406 2007997 26000
0 427 0 0 1808820 408 2015798 26100
0 428 0 0 1815777 408 2023484 26200
0 428 0 0 1822658 408 2031032 26300
0 428 0 0 1829677 409 2038749 26400
0 433 0 0 1836707 409 2046539 26500
0 433 0 0 1843660 413 2054118 26600
0 435 0 0 1850588 414 2061811 26700
0 440 0 0 1857465 416 2069430 26800
0 441 0 0 1864530 420 2077225 26900
0 442 0 0 1871338 421 2084703 27000
0 446 0 0 1878366 423 2092547 27100
0 447 0 0 1885344 425 2100363 27200
0 447 0 0 1892305 427 2108161 27300
0 449 0 0 1899297 427 2116018 27400
0 450 0 0 1906249 428 2123818 27500
0 453 0 0 1913182 430 2131656 27600
0 454 0 0 1920250 433 2139601 27700
0 455 0 0 1927250 434 2147518 27800
0 458 0 0 1934218 434 2155345 27900
0 459 0 0 1941192 437 2163071 28000
0 460 0 0 1948322 439 2170992 28100
0 460 0 0 1955186 440 2178656 28200
0 461 0 0 1962200 440 2186444 28300
0 462 0 0 1969140 440 2194197 28400
0 462 0 0 1976167 442 2201948 28500
0 463 0 0 1983117 442 2209561 28600
0 464 0 0 1990058 443 2217247 28700
0 464 0 0 1996975 444 2224830 28800
0 465 0 0 2003922 444 2232414 28900
0 466 0 0 2010875 445 2240061 29000
0 469 0 0 2017733 446 2247625 29100
0 469 0 0 2024657 449 2255220 29200
0 470 0 0 2031604 449 2262894 29300
0 470 0 0 2038527 450 2270487 29400
0 470 0 0 2045577 450 2278213 29500
0 472 0 0 2052559 451 2285976 29600
0 472 0 0 2059501 452 2293645 29700
0 474 0 0 2066594 453 2301432 29800
0 475 0 0 2073485 454 2309021 29900
0 475 0 0 2080498 454 2316754 30000
0 477 0 0 2087531 455 2324556 30100
0 478 0 0 2094521 457 2332182 30200
0 480 0 0 2101390 458 2339711 30300
0 480 0 0 2108376 460 2347417 30400
0 482 0 0 2115325 460 2355113 30500
0 484 0 0 2122301 462 2362815 30600
0 485 0 0 2129386 464 2370656 30700
0 486 0 0 2136301 464 2378418 30800
0 487 0 0 2143352 466 2386334 30900
0 489 0 0 2150306 467 2394064 31000
0 491 0 0 2157287 469 2401891 31100
0 492 0 0 2164288 469 2409657 31200
0 492 0 0 2171302 471 2417410 31300
0 494 0 0 2178305 471 2425201 31400
0 496 0 0 2185289 472 2432923 31500
0 496 0 0 2192281 474 2440707 31600
0 498 0 0 2199280 476 2448547 31700
0 500 0 0 2206280 477 2456475 31800
0 504 0 0 2213367 480 2464415 31900
0 504 0 0 2220357 483 2472294 32000
0 506 0 0 2227297 483 2480097 32100
0 510 0 0 2234243 485 2487806 32200
0 510 0 0 2241150 487 2495522 32300
0 512 0 0 2248079 487 2503193 32400
0 514 0 0 2255051 490 2510935 32500
0 514 0 0 2262020 491 2518612 32600
0 516 0 0 2268920 493 2526304 32700
0 517 0 0 2275859 493 2534023 32800
0 518 0 0 2282788 494 2541650 32900
0 518 0 0 2289734 495 2549387 33000
0 519 0 0 2296663 495 2557072 33100
0 519 0 0 2303554 496 2564694 33200
0 520 0 0 2310525 496 2572388 33300
0 521 0 0 2317583 497 2580219 33400
0 523 0 0 2324499 498 2587957 33500
0 523 0 0 2331543 499 2595727 33600
0 523 0 0 2338453 500 2603430 33700
0 524 0 0 2345480 500 2611226 33800
0 526 0 0 2352375 501 2618902 33900
0 530 0 0 2359413 503 2626739 34000
0 532 0 0 2366455 506 2634562 34100
0 535 0 0 2373506 509 2642407 34200
0 536 0 0 2380327 512 2649907 34300
0 537 0 0 2387257 513 2657583 34400
0 538 0 0 2394317 515 2665318 34500
0 538 0 0 2401289 515 2673065 34600
0 538 0 0 2408147 515 2680642 34700
0 538 0 0 2415110 515 2688198 34800
0 539 0 0 2422187 515 2695964 34900
0 540 0 0 2429059 516 2703485 35000
0 541 0 0 2436026 517 2711101 35100
0 541 0 0 2443025 517 2718766 35200
0 542 0 0 2449981 518 2726398 35300
0 543 0 0 2456981 519 2734127 35400
0 544 0 0 2464013 519 2741854 35500
0 544 0 0 2470937 521 2749497 35600
0 545 0 0 2477874 521 2757240 35700
0 545 0 0 2484756 522 2764854 35800
0 547 0 0 2491828 522 2772664 35900
0 549 0 0 2498784 524 2780394 36000
0 549 0 0 2505766 525 2788204 36100
0 550 0 0 2512768 526 2795962 36200
0 550 0 0 2519711 527 2803699 36300
0 550 0 0 2526700 527 2811437 36400
0 551 0 0 2533629 527 2819147 36500
0 552 0 0 2540605 528 2826940 36600
0 553 0 0 2547656 529 2834719 36700
0 554 0 0 2554531 530 2842329 36800
0 554 0 0 2561569 531 2850124 36900
0 556 0 0 2568526 531 2857843 37000
0 557 0 0 2575596 532 2865602 37100
0 557 0 0 2582522 534 2873293 37200
0 559 0 0 2589456 535 2880971 37300
0 560 0 0 2596490 536 2888782 37400
0 564 0 0 2603437 539 2896543 37500
0 564 0 0 2610419 540 2904318 37600
0 567 0 0 2617386 541 2912082 37700
0 567 0 0 2624313 543 2919722 37800
0 568 0 0 2631223 544 2927370 37900
0 568 0 0 2638107 544 2934877 38000
0 568 0 0 2645107 544 2942518 38100
0 569 0 0 2652031 545 2950035 38200
0 571 0 0 2658941 545 2957598 38300
0 571 0 0 2665864 547 2965186 38400
0 571 0 0 2672750 547 2972709 38500
0 571 0 0 2679780 547 2980354 38600
0 571 0 0 2686684 547 2987912 38700
0 573 0 0 2693665 547 2995529 38800
0 574 0 0 2700594 548 3003084 38900
0 575 0 0 2707596 549 3010776 39000
0 575 0 0 2714625 549 3018590 39100
0 576 0 0 2721497 550 3026191 39200
0 576 0 0 2728494 551 3033835 39300
0 576 0 0 2735470 551 3041548 39400
0 576 0 0 2742421 551 3049187 39500
0 577 0 0 2749433 551 3056892 39600
0 577 0 0 2756484 551 3064483 39700
0 577 0 0 2763260 552 3071850 39800
0 577 0 0 2770274 552 3079541 39900
0 579 0 0 2777210 552 3087104 40000
0 583 0 0 2784095 555 3094637 40100
0 586 0 0 2791125 558 3102437 40200
0 586 0 0 2798069 560 3110054 40300
0 586 0 0 2805032 561 3117689 40400
0 587 0 0 2811864 561 3125275 40500
0 587 0 0 2818874 561 3133093 40600
0 589 0 0 2825858 563 3140768 40700
0 591 0 0 2832863 564 3148468 40800
0 593 0 0 2839890 565 3156240 40900
0 594 0 0 2846809 568 3163915 41000
0 595 0 0 2853816 569 3171684 41100
0 598 0 0 2860802 571 3179364 41200
0 599 0 0 2867784 571 3187104 41300
0 600 0 0 2874709 572 3194899 41400
0 601 0 0 2881668 573 3202643 41500
0 601 0 0 2888700 574 3210451 41600
0 602 0 0 2895617 574 3218054 41700
0 603 0 0 2902516 575 3225617 41800
0 604 0 0 2909476 575 3233262 41900
0 604 0 0 2916434 577 3240874 42000
0 604 0 0 2923209 577 3248462 42100
0 606 0 0 2930262 578 3256417 42200
0 606 0 0 2937199 579 3264080 42300
0 608 0 0 2944128 579 3271783 42400
0 609 0 0 2951059 581 3279451 42500
0 609 0 0 2957956 582 3287073 42600
0 611 0 0 2964859 582 3294711 42700
0 612 0 0 2971744 584 3302369 42800
0 613 0 0 2978656 585 3310170 42900
0 613 0 0 2985632 586 3317970 43000
0 613 0 0 2992673 586 3325870 43100
0 615 0 0 2999553 586 3333573 43200
0 615 0 0 3006465 587 3341433 43300
0 615 0 0 3013462 588 3349290 43400
0 616 0 0 3020381 588 3357052 43500
0 617 0 0 3027372 589 3364859 43600
0 619 0 0 3034383 589 3372614 43700
0 620 0 0 3041313 591 3380252 43800
0 622 0 0 3048278 593 3387885 43900
0 623 0 0 3055229 595 3395566 44000
0 623 0 0 3062249 596 3403270 44100
0 623 0 0 3069271 596 3410953 44200
0 624 0 0 3076166 596 3418584 44300
0 626 0 0 3083065 597 3426237 44400
0 626 0 0 3089976 599 3433846 44500
0 627 0 0 3096992 599 3441557 44600
0 628 0 0 3103913 600 3449229 44700
0 629 0 0 3110802 601 3456861 44800
0 631 0 0 3117679 602 3464488 44900
0 632 0 0 3124578 605 3472163 45000
0 635 0 0 3131586 605 3479974 45100
0 637 0 0 3138528 610 3487773 45200
0 640 0 0 3145485 611 3495651 45300
0 643 0 0 3152415 613 3503419 45400
0 645 0 0 3159323 616 3511160 45500
0 645 0 0 3166290 618 3518983 45600
0 645 0 0 3173248 618 3526788 45700
0 646 0 0 3180272 618 3534594 45800
0 649 0 0 3187208 619 3542321 45900
0 650 0 0 3194099 623 3550013 46000
0 653 0 0 3201099 623 3557890 46100
0 653 0 0 3208121 625 3565799 46200
0 653 0 0 3215070 625 3573717 46300
0 655 0 0 3222016 625 3581498 46400
0 655 0 0 3229033 626 3589373 46500
0 656 0 0 3235899 627 3597048 46600
0 656 0 0 3242889 628 3604892 46700
0 656 0 0 3249825 628 3612686 46800
0 659 0 0 3256771 628 3620441 46900
0 659 0 0 3263683 630 3628188 47000
0 661 0 0 3270635 631 3635939 47100
0 664 0 0 3277558 632 3643571 47200
0 665 0 0 3284456 635 3651218 47300
0 666 0 0 3291268 637 3658765 47400
0 668 0 0 3298195 638 3666444 47500
0 669 0 0 3305172 640 3674197 47600
0 671 0 0 3312034 641 3681855 47700
0 672 0 0 3318907 643 3689503 47800
0 674 0 0 3325729 644 3697128 47900
0 675 0 0 3332581 645 3704850 48000
0 676 0 0 3339534 647 3712557 48100
0 677 0 0 3346437 648 3720282 48200
0 679 0 0 3353291 649 3727906 48300
0 682 0 0 3360230 651 3735625 48400
0 683 0 0 3367155 654 3743208 48500
0 684 0 0 3374191 655 3750897 48600
0 685 0 0 3381096 656 3758528 48700
0 685 0 0 3388102 657 3766227 48800
0 688 0 0 3394978 657 3773761 48900
0 688 0 0 3401913 659 3781372 49000
0 689 0 0 3408911 659 3788982 49100
0 689 0 0 3415873 659 3796525 49200
0 690 0 0 3422850 660 3804122 49300
0 690 0 0 3429911 661 3811972 49400
0 691 0 0 3436860 661 3819659 49500
0 692 0 0 3443924 661 3827539 49600
0 694 0 0 3450844 661 3835305 49700
0 696 0 0 3457873 663 3843048 49800
0 698 0 0 3464989 665 3850943 49900
0 700 0 0 3471993 667 3858789 50000
0 701 0 0 3479055 669 3866662 50100
0 704 0 0 3486055 669 3874391 50200
0 706 0 0 3493060 672 3882072 50300
0 709 0 0 3500135 674 3889880 50400
0 711 0 0 3507036 676 3897537 50500
0 712 0 0 3514073 679 3905301 50600
0 714 0 0 3520909 681 3912846 50700
0 715 0 0 3527766 683 3920420 50800
0 716 0 0 3534829 683 3928132 50900
0 718 0 0 3541866 684 3935873 51000
0 720 0 0 3548837 687 3943546 51100
0 722 0 0 3555817 688 3951261 51200
0 724 0 0 3562916 689 3959133 51300
0 726 0 0 3569897 691 3966845 51400
0 726 0 0 3576924 693 3974653 51500
0 727 0 0 3584025 694 3982452 51600
0 729 0 0 3591051 695 3990215 51700
0 730 0 0 3598155 697 3997993 51800
0 735 0 0 3605139 700 4005640 51900
0 736 0 0 3612205 703 4013351 52000
0 736 0 0 3619249 704 4021244 52100
0 740 0 0 3626422 705 4029199 52200
0 741 0 0 3633349 707 4036900 52300
0 744 0 0 3640501 708 4044793 52400
0 745 0 0 3647523 712 4052581 52500
0 747 0 0 3654599 713 4060361 52600
0 749 0 0 3661574 715 4067937 52700
0 751 0 0 3668456 717 4075473 52800
0 753 0 0 3675555 720 4083364 52900
0 754 0 0 3682602 720 4091141 53000
0 756 0 0 3689569 722 4098774 53100
0 759 0 0 3696668 724 4106648 53200
0 760 0 0 3703624 727 4114337 53300
0 760 0 0 3710653 728 4122026 53400
0 763 0 0 3717632 728 4129634 53500
0 764 0 0 3724555 731 4137166 53600
0 765 0 0 3731497 732 4144790 53700
0 766 0 0 3738520 733 4152472 53800
0 768 0 0 3745394 735 4159957 53900
0 769 0 0 3752385 736 4167530 54000
0 770 0 0 3759443 737 4175262 54100
0 770 0 0 3766330 738 4182768 54200
0 773 0 0 3773397 738 4190543 54300
0 775 0 0 3780373 741 4198222 54400
0 776 0 0 3787377 743 4206002 54500
0 777 0 0 3794329 744 4213686 54600
0 778 0 0 3801428 745 4221535 54700
0 779 0 0 3808402 746 4229403 54800
0 779 0 0 3815419 747 4237286 54900
0 781 0 0 3822473 747 4245098 55000
0 781 0 0 3829548 749 4252906 55100
0 783 0 0 3836570 749 4260678 55200
0 785 0 0 3843609 751 4268546 55300
0 788 0 0 3850493 753 4276145 55400
0 788 0 0 3857525 754 4283923 55500
0 788 0 0 3864402 756 4291505 55600
0 789 0 0 3871433 756 4299271 55700
0 790 0 0 3878462 757 4307033 55800
0 792 0 0 3885299 758 4314475 55900
0 792 0 0 3892281 760 4322069 56000
0 793 0 0 3899223 761 4329627 56100
0 795 0 0 3906163 761 4337159 56200
0 796 0 0 3913144 763 4344775 56300
0 796 0 0 3920158 764 4352405 56400
0 796 0 0 3927090 764 4359998 56500
0 798 0 0 3934047 764 4367605 56600
0 800 0 0 3941082 765 4375311 56700
0 800 0 0 3948085 768 4383141 56800
0 803 0 0 3955050 769 4390864 56900
0 803 0 0 3962126 771 4398677 57000
0 804 0 0 3969103 771 4406398 57100
0 806 0 0 3976105 772 4414223 57200
0 807 0 0 3983105 774 4422007 57300
0 808 0 0 3990121 775 4429893 57400
0 809 0 0 3997027 777 4437671 57500
0 810 0 0 4004035 777 4445454 57600
0 810 0 0 4011044 777 4453285 57700
0 810 0 0 4017957 778 4461012 57800
0 810 0 0 4025061 778 4468875 57900
0 813 0 0 4032052 778 4476684 58000
0 814 0 0 4039027 779 4484435 58100
0 814 0 0 4046008 782 4492159 58200
0 815 0 0 4052963 783 4499841 58300
0 816 0 0 4059962 784 4507560 58400
0 817 0 0 4066834 784 4515128 58500
0 817 0 0 4073769 785 4522787 58600
0 817 0 0 4080821 785 4530521 58700
0 817 0 0 4087714 785 4538043 58800
0 817 0 0 4094783 785 4545778 58900
0 818 0 0 4101645 785 4553287 59000
0 818 0 0 4108508 786 4560755 59100
0 819 0 0 4115472 786 4568448 59200
0 819 0 0 4122581 787 4576297 59300
0 821 0 0 4129528 787 4584000 59400
0 821 0 0 4136517 789 4591729 59500
0 821 0 0 4143499 789 4599530 59600
0 822 0 0 4150485 790 4607287 59700
0 824 0 0 4157374 790 4614888 59800
0 825 0 0 4164344 792 4622503 59900
0 825 0 0 4171295 793 4630162 60000
0 825 0 0 4178285 793 4637785 60100
0 826 0 0 4185251 794 4645488 60200
0 827 0 0 4192264 794 4653210 60300
0 829 0 0 4199328 795 4660959 60400
0 830 0 0 4206188 797 4668600 60500
0 831 0 0 4213285 798 4676492 60600
0 832 0 0 4220310 799 4684183 60700
0 833 0 0 4227232 800 4691893 60800
0 834 0 0 4234261 801 4699652 60900
0 836 0 0 4241172 802 4707368 61000
0 839 0 0 4248183 804 4715199 61100
0 839 0 0 4255195 807 4723056 61200
0 842 0 0 4262202 807 4730867 61300
0 843 0 0 4269076 810 4738435 61400
0 844 0 0 4276143 811 4746182 61500
0 846 0 0 4283033 813 4753820 61600
0 849 0 0 4290096 814 4761673 61700
0 849 0 0 4297058 817 4769493 61800
0 851 0 0 4304060 817 4777290 61900
0 852 0 0 4310978 819 4785117 62000
0 856 0 0 4317948 820 4792977 62100
0 858 0 0 4324998 824 4800874 62200
0 862 0 0 4331987 826 4808653 62300
0 863 0 0 4339018 830 4816455 62400
0 866 0 0 4345816 832 4824006 62500
0 868 0 0 4352889 834 4831873 62600
0 870 0 0 4359931 837 4839838 62700
0 870 0 0 4366956 837 4847718 62800
0 871 0 0 4373967 838 4855614 62900
0 871 0 0 4380973 839 4863495 63000
0 873 0 0 4388023 839 4871370 63100
0 873 0 0 4395005 841 4879055 63200
0 875 0 0 4401994 841 4886682 63300
0 875 0 0 4408870 842 4894225 63400
0 875 0 0 4415689 843 4901620 63500
0 877 0 0 4422707 843 4909255 63600
0 877 0 0 4429669 845 4916864 63700
0 877 0 0 4436623 845 4924394 63800
0 880 0 0 4443557 846 4932009 63900
0 880 0 0 4450551 848 4939753 64000
0 881 0 0 4457448 848 4947407 64100
0 881 0 0 4464407 849 4955093 64200
0 882 0 0 4471473 850 4962836 64300
0 885 0 0 4478364 852 4970413 64400
0 889 0 0 4485371 854 4978064 64500
0 889 0 0 4492359 857 4985853 64600
0 894 0 0 4499460 857 4993704 64700
0 894 0 0 4506449 862 5001473 64800
0 895 0 0 4513459 862 5009240 64900
0 896 0 0 4520404 863 5016992 65000
0 897 0 0 4527362 864 5024746 65100
0 900 0 0 4534294 865 5032455 65200
0 900 0 0 4541277 868 5040105 65300
0 902 0 0 4548317 868 5047867 65400
0 903 0 0 4555165 870 5055557 65500
0 903 0 0 4562238 871 5063358 65600
0 907 0 0 4569230 872 5071293 65700
0 907 0 0 4576114 874 5078927 65800
0 910 0 0 4583087 874 5086615 65900
0 911 0 0 4590062 877 5094288 66000
0 912 0 0 4596999 878 5101946 66100
0 913 0 0 4603930 879 5109500 66200
0 913 0 0 4610875 880 5117160 66300
0 916 0 0 4617876 880 5124952 66400
0 918 0 0 4624826 883 5132716 66500
0 921 0 0 4631869 884 5140583 66600
0 922 0 0 4638700 887 5148100 66700
0 923 0 0 4645775 889 5155997 66800
0 923 0 0 4652662 890 5163631 66900
0 925 0 0 4659666 891 5171361 67000
0 925 0 0 4666587 891 5179002 67100
0 925 0 0 4673642 892 5186810 67200
0 925 0 0 4680601 892 5194490 67300
0 927 0 0 4687552 893 5202201 67400
0 927 0 0 4694602 894 5210084 67500
0 927 0 0 4701493 894 5217708 67600
0 927 0 0 4708544 894 5225432 67700
0 928 0 0 4715446 894 5232991 67800
0 930 0 0 4722514 894 5240764 67900
0 930 0 0 4729435 897 5248395 68000
0 931 0 0 4736415 898 5256086 68100
0 931 0 0 4743386 898 5263776 68200
0 931 0 0 4750321 898 5271378 68300
0 932 0 0 4757243 898 5279019 68400
0 933 0 0 4764220 899 5286711 68500
0 934 0 0 4771090 900 5294301 68600
0 934 0 0 4778071 901 5302023 68700
0 934 0 0 4785031 901 5309818 68800
0 935 0 0 4792022 901 5317562 68900
0 936 0 0 4798984 902 5325332 69000
0 937 0 0 4806030 902 5333072 69100
0 938 0 0 4812963 904 5340623 69200
0 939 0 0 4819857 905 5348272 69300
0 939 0 0 4826786 905 5355831 69400
0 939 0 0 4833844 906 5363602 69500
0 939 0 0 4840807 906 5371324 69600
0 941 0 0 4847843 907 5379104 69700
0 942 0 0 4854759 908 5386705 69800
0 943 0 0 4861833 909 5394576 69900
0 944 0 0 4868838 910 5402366 70000
0 946 0 0 4875883 911 5410221 70100
0 946 0 0 4882905 913 5417975 70200
0 948 0 0 4889950 913 5425765 70300
0 949 0 0 4896807 915 5433366 70400
0 949 0 0 4903942 916 5441305 70500
0 949 0 0 4910939 916 5448988 70600
0 949 0 0 4917832 916 5456625 70700
0 950 0 0 4924825 916 5464399 70800
0 951 0 0 4931831 916 5472165 70900
0 951 0 0 4938834 918 5479986 71000
0 952 0 0 4945900 918 5487901 71100
0 953 0 0 4952852 919 5495814 71200
0 953 0 0 4959825 919 5503665 71300
0 954 0 0 4966857 920 5511646 71400
0 956 0 0 4973818 921 5519458 71500
0 959 0 0 4980789 923 5527300 71600
0 961 0 0 4987826 925 5535294 71700
0 963 0 0 4994679 929 5542966 71800
0 967 0 0 5001654 929 5550755 71900
0 967 0 0 5008577 930 5558457 72000
0 967 0 0 5015501 933 5566237 72100
0 970 0 0 5022416 933 5573962 72200
0 971 0 0 5029374 936 5581698 72300
0 975 0 0 5036360 938 5589541 72400
0 976 0 0 5043369 942 5597381 72500
0 977 0 0 5050201 942 5605007 72600
0 977 0 0 5057166 943 5612763 72700
0 980 0 0 5064043 943 5620342 72800
0 980 0 0 5070992 946 5628003 72900
0 982 0 0 5077890 946 5635634 73000
0 985 0 0 5084664 948 5643166 73100
0 986 0 0 5091561 949 5650906 73200
0 992 0 0 5098551 953 5658704 73300
0 994 0 0 5105531 957 5666501 73400
0 995 0 0 5112489 961 5674324 73500
0 999 0 0 5119442 961 5682180 73600
0 1001 0 0 5126398 962 5690026 73700
0 1002 0 0 5133418 967 5697966 73800
0 1005 0 0 5140395 968 5705768 73900
0 1007 0 0 5147263 973 5713445 74000
0 1007 0 0 5154272 973 5721182 74100
0 1008 0 0 5161186 973 5728839 74200
0 1009 0 0 5168169 974 5736538 74300
0 1010 0 0 5175011 975 5744133 74400
0 1010 0 0 5182031 976 5751834 74500
0 1010 0 0 5188989 976 5759465 74600
0 1011 0 0 5195883 976 5767053 74700
0 1011 0 0 5202861 977 5774669 74800
0 1014 0 0 5209912 978 5782439 74900
0 1015 0 0 5216858 980 5790191 75000
0 1017 0 0 5223853 980 5797980 75100
0 1018 0 0 5230965 983 5805877 75200
0 1019 0 0 5237905 984 5813631 75300
0 1021 0 0 5244963 984 5821513 75400
0 1021 0 0 5252071 987 5829362 75500
0 1021 0 0 5258943 987 5837024 75600
0 1022 0 0 5266028 987 5844896 75700
0 1023 0 0 5272929 988 5852565 75800
0 1024 0 0 5280020 989 5860373 75900
0 1026 0 0 5286941 989 5868171 76000
0 1026 0 0 5293975 992 5876096 76100
0 1027 0 0 5301053 992 5884073 76200
0 1028 0 0 5308033 993 5891830 76300
0 1031 0 0 5315062 994 5899657 76400
0 1032 0 0 5321963 997 5907341 76500
0 1035 0 0 5328982 999 5915159 76600
0 1035 0 0 5336039 1000 5923006 76700
0 1038 0 0 5342983 1002 5930758 76800
0 1042 0 0 5349956 1004 5938584 76900
0 1042 0 0 5357059 1008 5946506 77000
0 1046 0 0 5364047 1009 5954446 77100
0 1048 0 0 5371053 1012 5962365 77200
0 1050 0 0 5377973 1014 5970197 77300
0 1051 0 0 5385053 1016 5978161 77400
0 1052 0 0 5391946 1017 5985927 77500
0 1052 0 0 5398890 1018 5993716 77600
0 1054 0 0 5405856 1018 6001501 77700
0 1055 0 0 5412849 1020 6009298 77800
0 1056 0 0 5419841 1021 6017038 77900
0 1056 0 0 5426800 1022 6024759 78000
0 1059 0 0 5433664 1022 6032378 78100
0 1061 0 0 5440521 1024 6039950 78200
0 1062 0 0 5447383 1027 6047606 78300
0 1066 0 0 5454393 1029 6055345 78400
0 1068 0 0 5461348 1032 6063100 78500
0 1069 0 0 5468313 1034 6070807 78600
0 1072 0 0 5475239 1034 6078438 78700
0 1074 0 0 5482222 1039 6086273 78800
0 1077 0 0 5489199 1040 6093925 78900
0 1078 0 0 5496146 1043 6101603 79000
0 1079 0 0 5503061 1044 6109217 79100
0 1080 0 0 5510097 1046 6116886 79200
0 1082 0 0 5516947 1046 6124458 79300
0 1082 0 0 5523994 1048 6132203 79400
0 1085 0 0 5530929 1048 6139808 79500
0 1086 0 0 5537887 1051 6147431 79600
0 1088 0 0 5544812 1052 6155114 79700
0 1088 0 0 5551725 1054 6162767 79800
0 1089 0 0 5558587 1054 6170291 79900
0 1089 0 0 5565574 1055 6178027 80000
0 1089 0 0 5572627 1055 6185833 80100
0 1089 0 0 5579511 1055 6193533 80200
0 1089 0 0 5586556 1055 6201339 80300
0 1090 0 0 5593444 1055 6209044 80400
0 1090 0 0 5600454 1056 6216819 80500
0 1091 0 0 5607337 1056 6224426 80600
0 1091 0 0 5614361 1057 6232191 80700
0 1091 0 0 5621144 1057 6239679 80800
0 1091 0 0 5628204 1057 6247447 80900
0 1092 0 0 5635103 1057 6255128 81000
0 1092 0 0 5642135 1058 6262794 81100
0 1092 0 0 5649013 1058 6270396 81200
0 1092 0 0 5656007 1058 6278090 81300
0 1094 0 0 5662968 1058 6285678 81400
0 1094 0 0 5669930 1060 6293248 81500
0 1094 0 0 5676874 1060 6300792 81600
0 1094 0 0 5683807 1060 6308372 81700
0 1096 0 0 5690755 1061 6316026 81800
0 1098 0 0 5697683 1062 6323638 81900
0 1098 0 0 5704630 1064 6331267 82000
0 1101 0 0 5711564 1064 6338920 82100
0 1102 0 0 5718464 1066 6346517 82200
0 1105 0 0 5725473 1067 6354191 82300
0 1105 0 0 5732481 1070 6361841 82400
0 1108 0 0 5739478 1071 6369539 82500
0 1108 0 0 5746437 1073 6377159 82600
0 1108 0 0 5753435 1073 6384815 82700
0 1110 0 0 5760358 1074 6392506 82800
0 1110 0 0 5767396 1075 6400357 82900
0 1112 0 0 5774456 1076 6408296 83000
0 1113 0 0 5781356 1076 6416014 83100
0 1115 0 0 5788516 1078 6424024 83200
0 1117 0 0 5795453 1081 6431891 83300
0 1118 0 0 5802433 1082 6439706 83400
0 1121 0 0 5809395 1083 6447464 83500
0 1123 0 0 5816390 1086 6455281 83600
0 1126 0 0 5823271 1088 6463007 83700
0 1128 0 0 5830274 1089 6470822 83800
0 1128 0 0 5837207 1092 6478700 83900
0 1129 0 0 5844159 1092 6486532 84000
0 1130 0 0 5851156 1093 6494422 84100
0 1133 0 0 5858114 1093 6502198 84200
0 1133 0 0 5865023 1097 6510002 84300
0 1137 0 0 5871990 1097 6517820 84400
0 1137 0 0 5878934 1101 6525564 84500
0 1139 0 0 5885892 1101 6533340 84600
0 1142 0 0 5892768 1104 6540982 84700
0 1144 0 0 5899661 1106 6548628 84800
0 1145 0 0 5906666 1107 6556381 84900
0 1149 0 0 5913569 1109 6564074 85000
0 1151 0 0 5920570 1111 6571874 85100
0 1154 0 0 5927497 1114 6579637 85200
0 1156 0 0 5934476 1117 6587565 85300
0 1156 0 0 5941457 1119 6595511 85400
0 1157 0 0 5948388 1119 6603276 85500
0 1159 0 0 5955385 1120 6611151 85600
0 1160 0 0 5962338 1123 6618893 85700
0 1162 0 0 5969315 1123 6626605 85800
0 1163 0 0 5976224 1124 6634299 85900
0 1165 0 0 5983201 1127 6642036 86000
0 1167 0 0 5990126 1128 6649707 86100
0 1168 0 0 5996987 1130 6657396 86200
0 1170 0 0 6003919 1131 6665086 86300
0 1173 0 0 6010802 1134 6672754 86400
0 1175 0 0 6017801 1135 6680580 86500
0 1175 0 0 6024778 1137 6688360 86600
0 1175 0 0 6031802 1138 6696092 86700
0 1175 0 0 6038710 1138 6703663 86800
0 1176 0 0 6045618 1138 6711286 86900
0 1176 0 0 6052586 1138 6718963 87000
0 1178 0 0 6059526 1139 6726510 87100
0 1180 0 0 6066289 1143 6733991 87200
0 1182 0 0 6073260 1144 6741745 87300
0 1185 0 0 6080346 1146 6749592 87400
0 1186 0 0 6087131 1147 6757221 87500
0 1189 0 0 6094131 1148 6764979 87600
0 1189 0 0 6101004 1151 6772652 87700
0 1189 0 0 6107961 1152 6780343 87800
0 1190 0 0 6114905 1152 6788015 87900
0 1192 0 0 6121876 1153 6795671 88000
0 1193 0 0 6128851 1154 6803412 88100
0 1193 0 0 6135843 1156 6811159 88200
0 1193 0 0 6142816 1156 6818800 88300
0 1194 0 0 6149809 1156 6826505 88400
0 1197 0 0 6156727 1156 6834148 88500
0 1197 0 0 6163770 1158 6841961 88600
0 1198 0 0 6170648 1160 6849571 88700
0 1199 0 0 6177663 1161 6857218 88800
0 1200 0 0 6184672 1162 6864839 88900
0 1200 0 0 6191554 1163 6872303 89000
0 1200 0 0 6198420 1163 6879797 89100
0 1204 0 0 6205430 1163 6887379 89200
0 1205 0 0 6212263 1167 6894909 89300
0 1205 0 0 6219244 1167 6902650 89400
0 1209 0 0 6226234 1168 6910446 89500
0 1212 0 0 6233241 1172 6918248 89600
0 1213 0 0 6240249 1175 6926025 89700
0 1215 0 0 6247251 1177 6933780 89800
0 1216 0 0 6254239 1178 6941516 89900
0 1219 0 0 6261132 1178 6949128 90000
0 1219 0 0 6268109 1181 6956789 90100
0 1222 0 0 6275024 1183 6964385 90200
0 1222 0 0 6282036 1185 6972078 90300
0 1223 0 0 6288966 1185 6979749 90400
0 1224 0 0 6295845 1186 6987374 90500
0 1226 0 0 6302958 1188 6995214 90600
0 1227 0 0 6309930 1189 7002849 90700
0 1228 0 0 6316864 1189 7010464 90800
0 1229 0 0 6323767 1190 7018106 90900
0 1229 0 0 6330636 1192 7025638 91000
0 1229 0 0 6337572 1192 7033318 91100
0 1229 0 0 6344519 1192 7041019 91200
0 1231 0 0 6351450 1192 7048652 91300
0 1232 0 0 6358320 1193 7056279 91400
0 1233 0 0 6365251 1195 7063911 91500
0 1235 0 0 6372168 1196 7071680 91600
0 1236 0 0 6379211 1198 7079545 91700
0 1237 0 0 6386150 1200 7087274 91800
0 1240 0 0 6393110 1201 7095073 91900
0 1240 0 0 6400071 1203 7102871 92000
0 1243 0 0 6407076 1204 7110699 92100
0 1243 0 0 6414047 1206 7118585 92200
0 1246 0 0 6420953 1206 7126396 92300
0 1248 0 0 6427914 1208 7134130 92400
0 1251 0 0 6434841 1211 7141837 92500
0 1253 0 0 6441808 1214 7149517 92600
0 1257 0 0 6448811 1216 7157362 92700
0 1258 0 0 6455701 1218 7165048 92800
0 1258 0 0 6462595 1221 7172703 92900
0 1262 0 0 6469696 1222 7180637 93000
0 1264 0 0 6476554 1224 7188335 93100
0 1265 0 0 6483477 1227 7196147 93200
0 1266 0 0 6490523 1227 7204135 93300
0 1268 0 0 6497458 1227 7212026 93400
0 1268 0 0 6504493 1229 7219944 93500
0 1270 0 0 6511375 1229 7227578 93600
0 1272 0 0 6518296 1231 7235234 93700
0 1275 0 0 6525320 1232 7243026 93800
0 1275 0 0 6532177 1235 7250590 93900
0 1277 0 0 6539135 1235 7258329 94000
0 1277 0 0 6546169 1237 7266058 94100
0 1277 0 0 6553048 1237 7273624 94200
0 1277 0 0 6560020 1237 7281307 94300
0 1277 0 0 6566881 1237 7288840 94400
0 1277 0 0 6573841 1237 7296440 94500
0 1278 0 0 6580802 1237 7304004 94600
0 1281 0 0 6587729 1238 7311537 94700
0 1281 0 0 6594524 1241 7318938 94800
0 1281 0 0 6601433 1241 7326439 94900
0 1282 0 0 6608259 1242 7333874 95000
0 1283 0 0 6615092 1242 7341275 95100
0 1284 0 0 6622142 1243 7348893 95200
0 1285 0 0 6628955 1244 7356336 95300
0 1285 0 0 6635956 1244 7363924 95400
0 1285 0 0 6642882 1245 7371558 95500
0 1288 0 0 6649826 1245 7379186 95600
0 1288 0 0 6656851 1248 7386865 95700
0 1289 0 0 6663705 1249 7394403 95800
0 1290 0 0 6670672 1250 7402116 95900
0 1292 0 0 6677533 1250 7409689 96000
0 1292 0 0 6684429 1252 7417250 96100
0 1292 0 0 6691382 1252 7424934 96200
0 1293 0 0 6698284 1252 7432421 96300
0 1294 0 0 6705255 1253 7439935 96400
0 1296 0 0 6712218 1254 7447442 96500
0 1296 0 0 6719100 1255 7454864 96600
0 1296 0 0 6725976 1256 7462302 96700
0 1296 0 0 6732774 1256 7469690 96800
0 1296 0 0 6739761 1256 7477266 96900
0 1296 0 0 6746701 1256 7484902 97000
0 1297 0 0 6753581 1256 7492514 97100
0 1299 0 0 6760638 1258 7500249 97200
0 1300 0 0 6767513 1260 7507867 97300
0 1303 0 0 6774496 1262 7515561 97400
0 1303 0 0 6781452 1262 7523244 97500
0 1304 0 0 6788398 1263 7530861 97600
0 1305 0 0 6795327 1264 7538441 97700
0 1306 0 0 6802268 1264 7546126 97800
0 1309 0 0 6809153 1266 7553772 97900
0 1309 0 0 6816057 1269 7561468 98000
0 1313 0 0 6823046 1270 7569229 98100
0 1316 0 0 6830014 1273 7577035 98200
0 1317 0 0 6836920 1276 7584711 98300
0 1318 0 0 6843935 1277 7592451 98400
0 1318 0 0 6850946 1278 7600239 98500
0 1319 0 0 6857840 1278 7607845 98600
0 1320 0 0 6864905 1279 7615608 98700
0 1320 0 0 6871888 1280 7623224 98800
0 1320 0 0 6878832 1280 7630873 98900
0 1321 0 0 6885764 1281 7638520 99000
0 1323 0 0 6892617 1281 7646195 99100
0 1324 0 0 6899722 1281 7654040 99200
0 1325 0 0 6906623 1284 7661715 99300
0 1328 0 0 6913567 1285 7669343 99400
0 1328 0 0 6920495 1288 7677041 99500
0 1330 0 0 6927430 1288 7684694 99600
0 1330 0 0 6934494 1290 7692485 99700
0 1332 0 0 6941476 1290 7700233 99800
0 1332 0 0 6948366 1292 7707938 99900
0 1333 0 0 6955356 1292 7715653 100000
0 1335 0 0 6962238 1293 7723295 100100
0 1337 0 0 6969145 1295 7731061 100200
0 1337 0 0 6976144 1296 7738969 100300
0 1338 0 0 6983081 1297 7746708 100400
0 1338 0 0 6990061 1298 7754484 100500
0 1342 0 0 6997020 1299 7762235 100600
0 1343 0 0 7004080 1301 7770044 100700
0 1344 0 0 7011032 1304 7777791 100800
0 1346 0 0 7017938 1304 7785468 100900
0 1347 0 0 7024995 1306 7793330 101000
0 1347 0 0 7031911 1307 7801044 101100
0 1348 0 0 7038929 1307 7808911 101200
0 1349 0 0 7045880 1309 7816696 101300
0 1352 0 0 7052777 1310 7824406 101400
0 1352 0 0 7059864 1312 7832322 101500
0 1354 0 0 7066737 1312 7839881 101600
0 1356 0 0 7073566 1314 7847491 101700
0 1356 0 0 7080483 1316 7855231 101800
0 1356 0 0 7087529 1316 7862989 101900
0 1358 0 0 7094412 1316 7870557 102000
0 1358 0 0 7101278 1318 7878056 102100
0 1360 0 0 7108247 1318 7885819 102200
0 1360 0 0 7115248 1319 7893630 102300
0 1362 0 0 7122192 1320 7901407 102400
0 1362 0 0 7129184 1322 7909274 102500
0 1364 0 0 7136120 1322 7917004 102600
0 1364 0 0 7143220 1323 7924908 102700
0 1364 0 0 7150047 1324 7932483 102800
0 1367 0 0 7157151 1325 7940352 102900
0 1368 0 0 7164117 1327 7948089 103000
0 1371 0 0 7171070 1327 7955844 103100
0 1371 0 0 7177961 1330 7963480 103200
0 1373 0 0 7184922 1330 7971218 103300
0 1373 0 0 7192024 1332 7979093 103400
0 1374 0 0 7198880 1332 7986715 103500
0 1378 0 0 7205770 1334 7994332 103600
0 1378 0 0 7212758 1337 8002090 103700
0 1379 0 0 7219694 1337 8009804 103800
0 1379 0 0 7226618 1338 8017440 103900
0 1379 0 0 7233637 1338 8025126 104000
0 1379 0 0 7240595 1338 8032776 104100
0 1379 0 0 7247558 1338 8040387 104200
0 1379 0 0 7254467 1338 8048015 104300
0 1380 0 0 7261335 1338 8055565 104400
0 1382 0 0 7268276 1341 8063192 104500
0 1382 0 0 7275236 1341 8070852 104600
0 1382 0 0 7282127 1341 8078446 104700
0 1382 0 0 7289105 1341 8086088 104800
0 1383 0 0 7295934 1341 8093650 104900
0 1383 0 0 7302987 1341 8101498 105000
0 1383 0 0 7309981 1342 8109196 105100
0 1383 0 0 7316991 1342 8116840 105200
0 1383 0 0 7323951 1342 8124439 105300
0 1384 0 0 7330866 1342 8132003 105400
0 1385 0 0 7337867 1343 8139603 105500
0 1385 0 0 7344883 1343 8147290 105600
0 1385 0 0 7351827 1344 8154938 105700
0 1386 0 0 7358841 1344 8162602 105800
0 1388 0 0 7365886 1345 8170359 105900
0 1390 0 0 7372783 1347 8178001 106000
0 1390 0 0 7379781 1348 8185744 106100
0 1390 0 0 7386690 1349 8193408 106200
0 1391 0 0 7393738 1349 8201298 106300
0 1392 0 0 7400655 1350 8209149 106400
0 1392 0 0 7407624 1351 8216982 106500
0 1393 0 0 7414674 1351 8224956 106600
0 1393 0 0 7421753 1352 8232896 106700
0 1395 0 0 7428751 1353 8240655 106800
0 1395 0 0 7435792 1354 8248419 106900
0 1396 0 0 7442626 1354 8255962 107000
0 1399 0 0 7449662 1355 8263747 107100
0 1399 0 0 7456559 1358 8271294 107200
0 1402 0 0 7463580 1360 8279085 107300
0 1404 0 0 7470526 1361 8286776 107400
0 1406 0 0 7477430 1364 8294391 107500
0 1406 0 0 7484435 1365 8302079 107600
0 1408 0 0 7491307 1366 8309590 107700
0 1408 0 0 7498292 1367 8317179 107800
0 1409 0 0 7505273 1367 8324896 107900
0 1410 0 0 7512279 1368 8332546 108000
0 1410 0 0 7519234 1369 8340159 108100
0 1410 0 0 7526237 1369 8347699 108200
0 1411 0 0 7533093 1370 8355098 108300
0 1411 0 0 7540027 1370 8362636 108400
0 1413 0 0 7546986 1370 8370311 108500
0 1413 0 0 7553902 1371 8377867 108600
0 1414 0 0 7560844 1372 8385454 108700
0 1415 0 0 7567752 1373 8393116 108800
0 1415 0 0 7574819 1374 8400951 108900
0 1416 0 0 7581717 1374 8408620 109000
0 1418 0 0 7588693 1375 8416191 109100
0 1420 0 0 7595627 1378 8423770 109200
0 1422 0 0 7602605 1379 8431376 109300
0 1425 0 0 7609523 1382 8438923 109400
0 1425 0 0 7616467 1383 8446492 109500
0 1428 0 0 7623338 1384 8453962 109600
0 1428 0 0 7630317 1387 8461582 109700
0 1429 0 0 7637297 1388 8469213 109800
0 1430 0 0 7644250 1388 8476831 109900
0 1432 0 0 7651209 1389 8484508 110000
0 1434 0 0 7658233 1391 8492296 110100
0 1436 0 0 7665293 1393 8500165 110200
0 1438 0 0 7672171 1394 8507841 110300
0 1441 0 0 7679263 1396 8515649 110400
0 1441 0 0 7686232 1399 8523306 110500
0 1444 0 0 7693142 1399 8530949 110600
0 1444 0 0 7700151 1401 8538719 110700
0 1445 0 0 7707131 1402 8546466 110800
0 1445 0 0 7714142 1403 8554270 110900
0 1447 0 0 7721002 1403 8561884 111000
0 1448 0 0 7728067 1405 8569711 111100
0 1448 0 0 7734920 1406 8577459 111200
0 1450 0 0 7741912 1406 8585349 111300
0 1451 0 0 7748937 1408 8593221 111400
0 1454 0 0 7755972 1408 8601254 111500
0 1454 0 0 7763076 1411 8609252 111600
0 1456 0 0 7770027 1413 8617105 111700
0 1456 0 0 7777087 1414 8624986 111800
0 1458 0 0 7783992 1414 8632719 111900
0 1459 0 0 7791111 1415 8640541 112000
0 1461 0 0 7798117 1417 8648223 112100
0 1461 0 0 7805066 1419 8655844 112200
0 1463 0 0 7811969 1419 8663460 112300
0 1464 0 0 7818921 1421 8671174 112400
0 1467 0 0 7825946 1422 8678904 112500
0 1468 0 0 7832947 1424 8686494 112600
0 1468 0 0 7839876 1425 8694185 112700
0 1471 0 0 7846946 1426 8702053 112800
0 1472 0 0 7853999 1429 8709909 112900
0 1473 0 0 7861028 1431 8717671 113000
0 1474 0 0 7868041 1431 8725389 113100
0 1475 0 0 7874948 1432 8732964 113200
0 1476 0 0 7881923 1433 8740690 113300
0 1476 0 0 7888853 1434 8748372 113400
0 1476 0 0 7895836 1434 8756188 113500
0 1476 0 0 7902765 1434 8763995 113600
0 1476 0 0 7909689 1434 8771681 113700
0 1476 0 0 7916560 1434 8779382 113800
0 1478 0 0 7923641 1434 8787279 113900
0 1479 0 0 7930671 1437 8795122 114000
0 1480 0 0 7937659 1437 8802897 114100
0 1480 0 0 7944468 1438 8810517 114200
0 1480 0 0 7951419 1438 8818116 114300
0 1480 0 0 7958464 1438 8825926 114400
0 1481 0 0 7965328 1439 8833519 114500
0 1482 0 0 7972398 1439 8841323 114600
0 1486 0 0 7979413 1440 8849134 114700
0 1486 0 0 7986337 1444 8856832 114800
0 1486 0 0 7993300 1444 8864627 114900
0 1491 0 0 8000390 1444 8872574 115000
0 1491 0 0 8007345 1449 8880322 115100
0 1492 0 0 8014253 1449 8888035 115200
0 1493 0 0 8021227 1450 8895881 115300
0 1494 0 0 8028267 1451 8903699 115400
0 1496 0 0 8035215 1451 8911402 115500
0 1497 0 0 8042253 1454 8919273 115600
0 1498 0 0 8049191 1456 8926939 115700
0 1502 0 0 8056126 1456 8934655 115800
0 1502 0 0 8063048 1458 8942497 115900
0 1503 0 0 8069994 1460 8950375 116000
0 1504 0 0 8076993 1461 8958311 116100
0 1504 0 0 8083978 1462 8966086 116200
0 1505 0 0 8090952 1462 8973894 116300
0 1507 0 0 8097814 1463 8981470 116400
0 1509 0 0 8104719 1465 8989092 116500
0 1511 0 0 8111613 1467 8996681 116600
0 1513 0 0 8118436 1470 9004226 116700
0 1513 0 0 8125330 1471 9011777 116800
0 1514 0 0 8132192 1471 9019456 116900
0 1517 0 0 8139138 1471 9027210 117000
0 1518 0 0 8146125 1475 9035042 117100
0 1519 0 0 8153147 1475 9043016 117200
0 1525 0 0 8160155 1477 9050933 117300
0 1525 0 0 8167168 1482 9058845 117400
0 1526 0 0 8174163 1483 9066795 117500
0 1530 0 0 8181012 1485 9074629 117600
0 1532 0 0 8187941 1488 9082480 117700
0 1534 0 0 8194923 1490 9090390 117800
0 1535 0 0 8202024 1492 9098526 117900
0 1539 0 0 8209024 1492 9106513 118000
0 1539 0 0 8216017 1497 9114480 118100
0 1540 0 0 8223101 1497 9122525 118200
0 1542 0 0 8229989 1498 9130352 118300
0 1543 0 0 8237075 1500 9138319 118400
0 1545 0 0 8244039 1501 9146114 118500
0 1548 0 0 8251166 1503 9154042 118600
0 1549 0 0 8258004 1505 9161751 118700
0 1551 0 0 8264971 1507 9169550 118800
0 1551 0 0 8271923 1508 9177374 118900
0 1553 0 0 8279011 1509 9185352 119000
0 1554 0 0 8285963 1511 9193285 119100
0 1556 0 0 8292848 1513 9201023 119200
0 1557 0 0 8299915 1514 9208894 119300
0 1558 0 0 8306845 1514 9216752 119400
0 1560 0 0 8313832 1516 9224581 119500
0 1562 0 0 8320820 1518 9232339 119600
0 1565 0 0 8327765 1519 9240122 119700
0 1566 0 0 8334717 1522 9247852 119800
0 1566 0 0 8341688 1524 9255615 119900
