0 0 0 0 0 0 0 0
0 12 0 0 2594 0 2643 100
0 16 0 0 5851 3 5967 200
0 18 0 0 7208 9 7368 300
0 19 0 0 8988 10 9197 400
0 21 0 0 11306 13 11550 500
0 24 0 0 13881 14 14161 600
0 25 0 0 16719 17 17058 700
0 25 0 0 19886 18 20307 800
0 27 0 0 23290 19 23849 900
0 27 0 0 27117 20 27846 1000
0 29 0 0 31201 20 32150 1100
0 31 0 0 35449 22 36687 1200
0 32 0 0 39879 24 41456 1300
0 33 0 0 44459 25 46532 1400
0 34 0 0 49106 25 51740 1500
0 37 0 0 53838 26 57067 1600
0 38 0 0 58613 28 62521 1700
0 40 0 0 63458 31 68059 1800
0 42 0 0 68482 32 73818 1900
0 44 0 0 73592 33 79651 2000
0 47 0 0 78654 36 85608 2100
0 49 0 0 83785 39 91674 2200
0 53 0 0 88953 42 97841 2300
0 59 0 0 94290 45 104306 2400
0 59 0 0 99564 50 110711 2500
0 65 0 0 104882 52 117191 2600
0 70 0 0 110280 57 123885 2700
0 72 0 0 115711 62 130539 2800
0 76 0 0 121175 64 137373 2900
0 81 0 0 126623 67 144095 3000
0 85 0 0 132132 73 150933 3100
0 91 0 0 137592 79 157830 3200
0 98 0 0 143133 80 164771 3300
0 101 0 0 148747 87 171766 3400
0 108 0 0 154334 91 178808 3500
0 110 0 0 159947 100 185904 3600
0 113 0 0 165469 100 193054 3700
0 120 0 0 171120 102 200406 3800
0 124 0 0 176952 111 207970 3900
0 129 0 0 182785 112 215462 4000
0 134 0 0 188441 117 222785 4100
0 140 0 0 194228 122 230222 4200
0 146 0 0 200000 126 237614 4300
0 153 0 0 205659 133 245121 4400
0 157 0 0 211464 139 252691 4500
0 165 0 0 217265 144 260373 4600
0 171 0 0 223059 149 268056 4700
0 179 0 0 228896 156 275822 4800
0 182 0 0 234675 165 283493 4900
0 194 0 0 240336 171 290936 5000
0 198 0 0 246173 179 298419 5100
0 206 0 0 251864 185 305836 5200
0 211 0 0 257672 192 313530 5300
0 217 0 0 263399 196 321258 5400
0 224 0 0 269196 202 329180 5500
0 230 0 0 275089 207 337110 5600
0 237 0 0 280902 212 344891 5700
0 242 0 0 286742 220 352557 5800
0 246 0 0 292486 225 360120 5900
0 250 0 0 298354 229 367896 6000
0 254 0 0 304121 232 375546 6100
0 258 0 0 309870 236 383202 6200
0 260 0 0 315621 240 390833 6300
0 265 0 0 321449 244 398522 6400
0 273 0 0 327222 250 406162 6500
0 279 0 0 333013 255 413555 6600
0 281 0 0 338712 262 420768 6700
0 285 0 0 344435 265 427989 6800
0 290 0 0 350077 268 435080 6900
0 295 0 0 355816 274 442352 7000
0 303 0 0 361671 277 449548 7100
0 306 0 0 367333 285 456755 7200
0 312 0 0 373097 287 464107 7300
0 318 0 0 378864 296 471633 7400
0 322 0 0 384577 299 479080 7500
0 328 0 0 390445 303 486797 7600
0 333 0 0 396260 311 494568 7700
0 337 0 0 402132 313 502533 7800
0 344 0 0 408020 318 510541 7900
0 347 0 0 413974 325 518585 8000
0 353 0 0 419751 328 526234 8100
0 358 0 0 425681 336 534148 8200
0 363 0 0 431518 340 542034 8300
0 368 0 0 437390 344 549920 8400
0 374 0 0 443351 349 557785 8500
0 376 0 0 449126 355 565427 8600
0 383 0 0 455027 357 573169 8700
0 384 0 0 460869 363 580839 8800
0 388 0 0 466737 365 588719 8900
0 390 0 0 472632 369 596554 9000
0 394 0 0 478528 370 604298 9100
0 399 0 0 484500 375 612245 9200
0 403 0 0 490256 380 620180 9300
0 406 0 0 496314 384 628460 9400
0 410 0 0 502294 388 636706 9500
0 413 0 0 508343 390 644970 9600
0 419 0 0 514296 394 652961 9700
0 422 0 0 520144 400 660957 9800
0 429 0 0 526112 404 668985 9900
0 437 0 0 532151 409 677190 10000
0 442 0 0 538178 418 685198 10100
0 450 0 0 543975 422 693114 10200
0 452 0 0 549941 427 701061 10300
0 458 0 0 555879 433 708946 10400
0 465 0 0 561828 440 716842 10500
0 472 0 0 567702 447 724452 10600
0 483 0 0 573506 455 732088 10700
0 487 0 0 579485 463 739683 10800
0 493 0 0 585190 465 747019 10900
0 495 0 0 591066 472 754493 11000
0 498 0 0 596775 475 761862 11100
0 501 0 0 602639 477 769433 11200
0 505 0 0 608422 482 776942 11300
0 509 0 0 614253 484 784405 11400
0 511 0 0 619933 486 791645 11500
0 516 0 0 625746 488 799020 11600
0 518 0 0 631386 493 806174 11700
0 522 0 0 637064 497 813530 11800
0 526 0 0 642789 500 820828 11900
0 531 0 0 648413 503 828074 12000
0 535 0 0 654158 508 835505 12100
0 543 0 0 659925 511 843005 12200
0 548 0 0 665694 519 850625 12300
0 554 0 0 671370 526 858307 12400
0 561 0 0 677260 531 866174 12500
0 564 0 0 683015 536 873901 12600
0 567 0 0 688820 541 881766 12700
0 571 0 0 694595 544 889520 12800
0 577 0 0 700366 548 897269 12900
0 581 0 0 706240 550 905187 13000
0 584 0 0 712112 557 912896 13100
0 589 0 0 717831 560 920345 13200
0 593 0 0 723727 565 927916 13300
0 594 0 0 729466 569 935268 13400
0 599 0 0 735240 570 942697 13500
0 603 0 0 741021 575 950251 13600
0 606 0 0 746938 578 957927 13700
0 609 0 0 752671 581 965467 13800
0 617 0 0 758466 584 973075 13900
0 620 0 0 764240 589 980579 14000
0 625 0 0 770112 594 988342 14100
0 630 0 0 775982 599 996098 14200
0 634 0 0 781823 604 1003819 14300
0 640 0 0 787670 610 1011411 14400
0 649 0 0 793453 617 1019134 14500
0 654 0 0 799186 625 1026961 14600
0 658 0 0 805193 629 1035053 14700
0 665 0 0 811207 632 1043300 14800
0 669 0 0 817209 639 1051478 14900
0 677 0 0 823142 644 1059559 15000
0 684 0 0 829115 649 1067703 15100
0 686 0 0 835089 659 1075746 15200
0 690 0 0 841014 660 1083567 15300
0 697 0 0 846922 664 1091343 15400
0 702 0 0 852768 671 1099115 15500
0 708 0 0 858721 676 1106906 15600
0 712 0 0 864555 681 1114737 15700
0 717 0 0 870437 686 1122472 15800
0 721 0 0 876424 688 1130319 15900
0 725 0 0 882335 696 1138160 16000
0 729 0 0 888219 698 1145985 16100
0 732 0 0 894233 703 1153845 16200
0 740 0 0 900161 706 1161512 16300
0 743 0 0 906032 711 1169043 16400
0 746 0 0 911738 717 1176542 16500
0 750 0 0 917594 720 1184152 16600
0 754 0 0 923419 724 1191733 16700
0 758 0 0 929134 729 1199157 16800
0 765 0 0 934989 733 1206679 16900
0 769 0 0 940815 738 1214290 17000
0 773 0 0 946635 742 1221912 17100
0 778 0 0 952507 746 1229583 17200
0 785 0 0 958330 752 1237281 17300
0 786 0 0 964142 758 1244906 17400
0 792 0 0 969980 761 1252534 17500
0 797 0 0 975780 767 1260214 17600
0 804 0 0 981713 771 1268052 17700
0 807 0 0 987560 778 1275942 17800
0 815 0 0 993420 780 1283931 17900
0 823 0 0 999356 788 1292119 18000
0 829 0 0 1005291 797 1300248 18100
0 836 0 0 1011150 804 1308272 18200
0 845 0 0 1017096 809 1316542 18300
0 849 0 0 1023035 817 1324920 18400
0 860 0 0 1028894 820 1333267 18500
0 862 0 0 1034964 829 1341694 18600
0 864 0 0 1040906 832 1349902 18700
0 872 0 0 1046831 838 1358190 18800
0 875 0 0 1052885 843 1366579 18900
0 881 0 0 1058759 847 1374998 19000
0 885 0 0 1064730 853 1383317 19100
0 889 0 0 1070766 856 1391745 19200
0 893 0 0 1076699 860 1399837 19300
0 896 0 0 1082692 862 1407942 19400
0 901 0 0 1088559 866 1416002 19500
0 902 0 0 1094408 871 1423915 19600
0 912 0 0 1100234 874 1431757 19700
0 915 0 0 1106101 880 1439537 19800
0 922 0 0 1112009 885 1447325 19900
0 926 0 0 1117849 891 1455096 20000
0 930 0 0 1123581 896 1462725 20100
0 939 0 0 1129425 901 1470411 20200
0 946 0 0 1135195 906 1477929 20300
0 948 0 0 1140962 914 1485501 20400
0 957 0 0 1146749 917 1493277 20500
0 966 0 0 1152504 927 1501172 20600
0 970 0 0 1158479 932 1509435 20700
0 972 0 0 1164372 938 1517532 20800
0 981 0 0 1170250 940 1525626 20900
0 991 0 0 1176056 948 1533742 21000
0 994 0 0 1182071 957 1542158 21100
0 1001 0 0 1188086 963 1550698 21200
0 1004 0 0 1194135 968 1559136 21300
0 1011 0 0 1200104 970 1567512 21400
0 1013 0 0 1206023 976 1575642 21500
0 1020 0 0 1212109 978 1583829 21600
0 1029 0 0 1217998 984 1591722 21700
0 1033 0 0 1223800 992 1599525 21800
0 1039 0 0 1229824 998 1607614 21900
0 1041 0 0 1235679 1003 1615562 22000
0 1045 0 0 1241602 1004 1623606 22100
0 1047 0 0 1247560 1008 1631734 22200
0 1050 0 0 1253564 1012 1639748 22300
0 1050 0 0 1259497 1014 1647636 22400
0 1054 0 0 1265312 1014 1655387 22500
0 1054 0 0 1271312 1017 1663351 22600
0 1059 0 0 1277044 1018 1670901 22700
0 1062 0 0 1282788 1023 1678478 22800
0 1065 0 0 1288592 1026 1686041 22900
0 1069 0 0 1294409 1028 1693629 23000
0 1072 0 0 1300089 1033 1701071 23100
0 1077 0 0 1305845 1037 1708484 23200
0 1081 0 0 1311809 1040 1716094 23300
0 1085 0 0 1317551 1045 1723591 23400
0 1088 0 0 1323304 1047 1731170 23500
0 1089 0 0 1329122 1051 1738606 23600
0 1093 0 0 1334901 1052 1746031 23700
0 1097 0 0 1340693 1057 1753468 23800
0 1103 0 0 1346597 1060 1761055 23900
0 1108 0 0 1352349 1065 1768382 24000
0 1111 0 0 1358161 1071 1775778 24100
0 1115 0 0 1363916 1075 1783306 24200
0 1118 0 0 1369686 1078 1790841 24300
0 1123 0 0 1375568 1079 1798619 24400
0 1125 0 0 1381341 1087 1806361 24500
0 1136 0 0 1387189 1089 1814156 24600
0 1139 0 0 1393096 1097 1821932 24700
0 1140 0 0 1398836 1101 1829617 24800
0 1148 0 0 1404724 1103 1837555 24900
0 1150 0 0 1410513 1109 1845435 25000
0 1155 0 0 1416349 1111 1853307 25100
0 1157 0 0 1422215 1118 1861076 25200
0 1160 0 0 1427963 1120 1868792 25300
0 1164 0 0 1433828 1122 1876537 25400
0 1167 0 0 1439580 1126 1884328 25500
0 1172 0 0 1445599 1129 1892256 25600
0 1177 0 0 1451342 1132 1900027 25700
0 1182 0 0 1457062 1141 1907735 25800
0 1195 0 0 1462876 1147 1915784 25900
0 1199 0 0 1468718 1156 1923724 26000
0 1204 0 0 1474598 1162 1931662 26100
0 1210 0 0 1480410 1165 1939650 26200
0 1212 0 0 1486296 1172 1947770 26300
0 1218 0 0 1492257 1175 1955984 26400
0 1223 0 0 1498236 1179 1964229 26500
0 1226 0 0 1504210 1184 1972467 26600
0 1226 0 0 1510156 1188 1980715 26700
0 1234 0 0 1516167 1192 1989020 26800
0 1239 0 0 1522212 1197 1997378 26900
0 1240 0 0 1528218 1200 2005670 27000
0 1245 0 0 1534122 1202 2013883 27100
0 1250 0 0 1540092 1208 2022020 27200
0 1254 0 0 1545977 1212 2029833 27300
0 1260 0 0 1551852 1217 2037745 27400
0 1264 0 0 1557750 1222 2045912 27500
0 1269 0 0 1563675 1225 2054096 27600
0 1275 0 0 1569571 1229 2062229 27700
0 1281 0 0 1575570 1237 2070319 27800
0 1286 0 0 1581469 1245 2078496 27900
0 1289 0 0 1587390 1250 2086641 28000
0 1293 0 0 1593300 1250 2094789 28100
0 1295 0 0 1599245 1255 2103020 28200
0 1299 0 0 1605170 1257 2111103 28300
0 1303 0 0 1611280 1262 2119369 28400
0 1308 0 0 1617097 1265 2127148 28500
0 1309 0 0 1623010 1269 2134892 28600
0 1312 0 0 1628737 1270 2142453 28700
0 1315 0 0 1634630 1273 2150148 28800
0 1320 0 0 1640445 1277 2157776 28900
0 1322 0 0 1646233 1279 2165385 29000
0 1326 0 0 1651930 1283 2172842 29100
0 1329 0 0 1657713 1288 2180393 29200
0 1331 0 0 1663497 1289 2187876 29300
0 1335 0 0 1669230 1292 2195218 29400
0 1338 0 0 1674968 1296 2202500 29500
0 1341 0 0 1680794 1298 2209869 29600
0 1346 0 0 1686487 1303 2217020 29700
0 1349 0 0 1692209 1307 2224177 29800
0 1351 0 0 1697907 1309 2231469 29900
0 1352 0 0 1703810 1311 2238941 30000
0 1356 0 0 1709583 1314 2246323 30100
0 1357 0 0 1715408 1317 2253730 30200
0 1361 0 0 1721117 1319 2260976 30300
0 1365 0 0 1726962 1322 2268308 30400
0 1368 0 0 1732690 1326 2275610 30500
0 1372 0 0 1738474 1328 2283128 30600
0 1379 0 0 1744279 1333 2290731 30700
0 1382 0 0 1750080 1340 2298355 30800
0 1389 0 0 1755942 1343 2305993 30900
0 1395 0 0 1761787 1348 2313504 31000
0 1400 0 0 1767550 1356 2321033 31100
0 1406 0 0 1773432 1361 2328690 31200
0 1409 0 0 1779263 1364 2336326 31300
0 1414 0 0 1785090 1370 2343948 31400
0 1420 0 0 1790977 1375 2351692 31500
0 1424 0 0 1796861 1381 2359492 31600
0 1427 0 0 1802697 1385 2367370 31700
0 1430 0 0 1808594 1388 2375381 31800
0 1435 0 0 1814389 1391 2383304 31900
0 1444 0 0 1820230 1395 2391164 32000
0 1451 0 0 1826113 1403 2399025 32100
0 1455 0 0 1831991 1411 2406733 32200
0 1458 0 0 1837852 1413 2414493 32300
0 1465 0 0 1843687 1419 2422269 32400
0 1467 0 0 1849576 1424 2430170 32500
0 1474 0 0 1855627 1426 2438148 32600
0 1477 0 0 1861558 1432 2446023 32700
0 1485 0 0 1867307 1437 2453547 32800
0 1489 0 0 1873203 1442 2461329 32900
0 1491 0 0 1879105 1446 2469193 33000
0 1494 0 0 1884914 1449 2476791 33100
0 1499 0 0 1890768 1452 2484529 33200
0 1504 0 0 1896619 1456 2492200 33300
0 1506 0 0 1902444 1462 2499930 33400
0 1510 0 0 1908194 1463 2507488 33500
0 1514 0 0 1913902 1467 2514806 33600
0 1517 0 0 1919645 1470 2521990 33700
0 1520 0 0 1925294 1472 2529116 33800
0 1524 0 0 1931042 1477 2536408 33900
0 1528 0 0 1936853 1481 2543825 34000
0 1528 0 0 1942586 1484 2551268 34100
0 1529 0 0 1948396 1484 2558702 34200
0 1529 0 0 1954221 1485 2566014 34300
0 1532 0 0 1960057 1485 2573536 34400
0 1533 0 0 1965828 1488 2580938 34500
0 1534 0 0 1971554 1489 2588362 34600
0 1535 0 0 1977297 1490 2595847 34700
0 1540 0 0 1983112 1492 2603354 34800
0 1545 0 0 1988943 1495 2611113 34900
0 1548 0 0 1994779 1501 2618798 35000
0 1553 0 0 2000647 1504 2626477 35100
0 1557 0 0 2006450 1510 2634068 35200
0 1560 0 0 2012363 1513 2641737 35300
0 1563 0 0 2018116 1516 2649498 35400
0 1570 0 0 2023969 1520 2657307 35500
0 1574 0 0 2029901 1527 2665289 35600
0 1578 0 0 2035801 1529 2673078 35700
0 1583 0 0 2041755 1534 2681021 35800
0 1589 0 0 2047581 1539 2688939 35900
0 1594 0 0 2053465 1544 2696885 36000
0 1601 0 0 2059471 1548 2705065 36100
0 1610 0 0 2065331 1555 2713009 36200
0 1613 0 0 2071363 1564 2721313 36300
0 1616 0 0 2077318 1566 2729381 36400
0 1621 0 0 2083276 1570 2737338 36500
0 1625 0 0 2089189 1575 2745357 36600
0 1629 0 0 2095109 1578 2753373 36700
0 1636 0 0 2100991 1583 2761484 36800
0 1639 0 0 2107118 1590 2770004 36900
0 1643 0 0 2113102 1591 2778448 37000
0 1646 0 0 2119124 1597 2786517 37100
0 1649 0 0 2125013 1599 2794282 37200
0 1651 0 0 2130819 1599 2801855 37300
0 1654 0 0 2136564 1602 2809303 37400
0 1656 0 0 2142404 1604 2816830 37500
0 1659 0 0 2148177 1607 2824168 37600
0 1662 0 0 2153901 1610 2831488 37700
0 1663 0 0 2159635 1614 2838676 37800
0 1668 0 0 2165334 1616 2845761 37900
0 1671 0 0 2171112 1619 2852891 38000
0 1673 0 0 2176828 1622 2860043 38100
0 1675 0 0 2182571 1623 2867307 38200
0 1676 0 0 2188332 1626 2874455 38300
0 1680 0 0 2194043 1627 2881398 38400
0 1683 0 0 2199590 1631 2888108 38500
0 1685 0 0 2205197 1634 2895092 38600
0 1688 0 0 2210852 1637 2902119 38700
0 1690 0 0 2216540 1640 2909199 38800
0 1691 0 0 2222209 1641 2916037 38900
0 1695 0 0 2227846 1643 2922940 39000
0 1700 0 0 2233427 1647 2929765 39100
0 1701 0 0 2239092 1650 2936828 39200
0 1705 0 0 2244846 1651 2943920 39300
0 1709 0 0 2250559 1654 2950973 39400
0 1711 0 0 2256248 1659 2958055 39500
0 1714 0 0 2261988 1662 2965324 39600
0 1717 0 0 2267729 1664 2972509 39700
0 1722 0 0 2273467 1666 2979654 39800
0 1723 0 0 2279202 1672 2986782 39900
0 1729 0 0 2284885 1673 2993775 40000
0 1732 0 0 2290631 1679 3000832 40100
0 1736 0 0 2296241 1682 3007603 40200
0 1740 0 0 2301967 1687 3014607 40300
0 1745 0 0 2307597 1689 3021607 40400
0 1749 0 0 2313398 1695 3028816 40500
0 1753 0 0 2319222 1699 3036102 40600
0 1756 0 0 2324944 1703 3043276 40700
0 1761 0 0 2330735 1705 3050570 40800
0 1765 0 0 2336569 1710 3058001 40900
0 1770 0 0 2342355 1715 3065291 41000
0 1778 0 0 2348130 1720 3072662 41100
0 1779 0 0 2354029 1726 3080156 41200
0 1785 0 0 2359833 1730 3087609 41300
0 1792 0 0 2365569 1736 3094869 41400
0 1794 0 0 2371536 1741 3102369 41500
0 1799 0 0 2377241 1743 3109589 41600
0 1803 0 0 2383053 1750 3116950 41700
0 1807 0 0 2388928 1754 3124386 41800
0 1810 0 0 2394757 1756 3131594 41900
0 1814 0 0 2400479 1760 3138603 42000
0 1815 0 0 2406213 1762 3145613 42100
0 1816 0 0 2411900 1765 3152571 42200
0 1821 0 0 2417589 1766 3159417 42300
0 1821 0 0 2423348 1770 3166479 42400
0 1823 0 0 2428948 1771 3173337 42500
0 1825 0 0 2434779 1772 3180538 42600
0 1825 0 0 2440499 1775 3187608 42700
0 1829 0 0 2446198 1777 3194623 42800
0 1831 0 0 2451930 1780 3201790 42900
0 1832 0 0 2457698 1782 3208990 43000
0 1836 0 0 2463354 1783 3216097 43100
0 1842 0 0 2469102 1786 3223353 43200
0 1846 0 0 2474983 1792 3230921 43300
0 1854 0 0 2480710 1796 3238326 43400
0 1861 0 0 2486671 1806 3246080 43500
0 1864 0 0 2492414 1811 3253567 43600
0 1869 0 0 2498246 1814 3261159 43700
0 1875 0 0 2504054 1819 3268707 43800
0 1879 0 0 2509914 1824 3276228 43900
0 1882 0 0 2515663 1829 3283733 44000
0 1887 0 0 2521549 1831 3291496 44100
0 1895 0 0 2527516 1837 3299412 44200
0 1899 0 0 2533404 1845 3307152 44300
0 1904 0 0 2539362 1849 3315009 44400
0 1907 0 0 2545178 1852 3322756 44500
0 1912 0 0 2551133 1857 3330541 44600
0 1912 0 0 2556933 1860 3337982 44700
0 1915 0 0 2562778 1861 3345358 44800
0 1919 0 0 2568532 1865 3352656 44900
0 1922 0 0 2574253 1868 3359776 45000
0 1925 0 0 2579923 1871 3366916 45100
0 1929 0 0 2585655 1874 3373983 45200
0 1930 0 0 2591320 1879 3381006 45300
0 1935 0 0 2596989 1881 3388009 45400
0 1938 0 0 2602635 1884 3395054 45500
0 1944 0 0 2608339 1889 3402154 45600
0 1945 0 0 2614073 1892 3409386 45700
0 1952 0 0 2619914 1896 3416591 45800
0 1956 0 0 2625601 1901 3423891 45900
0 1963 0 0 2631339 1905 3431226 46000
0 1966 0 0 2637095 1912 3438530 46100
0 1971 0 0 2642778 1915 3445701 46200
0 1977 0 0 2648615 1921 3453162 46300
0 1980 0 0 2654356 1926 3460372 46400
0 1985 0 0 2660074 1927 3467671 46500
0 1985 0 0 2665904 1933 3475041 46600
0 1989 0 0 2671741 1933 3482326 46700
0 1992 0 0 2677481 1936 3489358 46800
0 1998 0 0 2683192 1942 3496288 46900
0 1999 0 0 2688817 1946 3503023 47000
0 2003 0 0 2694470 1948 3509889 47100
0 2005 0 0 2700079 1951 3516733 47200
0 2007 0 0 2705762 1954 3523814 47300
0 2011 0 0 2711505 1956 3530998 47400
0 2014 0 0 2717281 1960 3538069 47500
0 2018 0 0 2722894 1961 3545082 47600
0 2022 0 0 2728657 1967 3552186 47700
0 2029 0 0 2734267 1970 3559211 47800
0 2036 0 0 2739981 1977 3566375 47900
0 2040 0 0 2745765 1983 3573667 48000
0 2043 0 0 2751564 1987 3581158 48100
0 2044 0 0 2757367 1990 3588658 48200
0 2049 0 0 2763124 1991 3596022 48300
0 2054 0 0 2768946 1997 3603397 48400
0 2058 0 0 2774759 2001 3610791 48500
0 2061 0 0 2780518 2004 3618131 48600
0 2064 0 0 2786356 2008 3625451 48700
0 2069 0 0 2792083 2011 3632490 48800
0 2074 0 0 2797691 2016 3639532 48900
0 2080 0 0 2803448 2022 3646783 49000
0 2087 0 0 2809234 2026 3654202 49100
0 2090 0 0 2815010 2033 3661662 49200
0 2096 0 0 2820923 2034 3669220 49300
0 2099 0 0 2826833 2041 3676806 49400
0 2103 0 0 2832601 2044 3684323 49500
0 2107 0 0 2838447 2048 3691886 49600
0 2108 0 0 2844317 2052 3699611 49700
0 2113 0 0 2850138 2055 3707244 49800
0 2118 0 0 2856003 2057 3714919 49900
0 2120 0 0 2861996 2061 3722707 50000
0 2123 0 0 2867781 2064 3730220 50100
0 2125 0 0 2873613 2065 3737757 50200
0 2130 0 0 2879474 2067 3745434 50300
0 2134 0 0 2885247 2073 3752962 50400
0 2134 0 0 2891197 2077 3760748 50500
0 2142 0 0 2897097 2078 3768447 50600
0 2143 0 0 2902994 2084 3776261 50700
0 2147 0 0 2908775 2086 3783859 50800
0 2152 0 0 2914812 2091 3791750 50900
0 2159 0 0 2920806 2094 3799701 51000
0 2161 0 0 2926653 2101 3807506 51100
0 2171 0 0 2932658 2105 3815472 51200
0 2177 0 0 2938487 2112 3823089 51300
0 2181 0 0 2944248 2119 3830475 51400
0 2186 0 0 2950021 2122 3837943 51500
0 2193 0 0 2955808 2128 3845611 51600
0 2197 0 0 2961496 2134 3853184 51700
0 2199 0 0 2967443 2138 3861033 51800
0 2203 0 0 2973260 2140 3868647 51900
0 2205 0 0 2979064 2144 3876276 52000
0 2208 0 0 2984717 2147 3883671 52100
0 2210 0 0 2990669 2149 3891207 52200
0 2213 0 0 2996343 2152 3898601 52300
0 2215 0 0 3002149 2154 3906086 52400
0 2218 0 0 3007879 2154 3913552 52500
0 2221 0 0 3013696 2158 3921033 52600
0 2222 0 0 3019432 2162 3928606 52700
0 2225 0 0 3025223 2162 3935993 52800
0 2227 0 0 3030808 2165 3943176 52900
0 2228 0 0 3036573 2168 3950565 53000
0 2229 0 0 3042315 2168 3957875 53100
0 2233 0 0 3048073 2171 3965022 53200
0 2235 0 0 3053684 2174 3972084 53300
0 2239 0 0 3059447 2176 3979279 53400
0 2241 0 0 3065039 2179 3986208 53500
0 2245 0 0 3070748 2183 3993214 53600
0 2247 0 0 3076403 2186 4000203 53700
0 2251 0 0 3082128 2190 4007353 53800
0 2256 0 0 3087860 2193 4014554 53900
0 2257 0 0 3093599 2198 4021696 54000
0 2261 0 0 3099329 2198 4028825 54100
0 2266 0 0 3105171 2203 4036174 54200
0 2268 0 0 3110904 2207 4043585 54300
0 2274 0 0 3116724 2210 4051058 54400
0 2279 0 0 3122562 2215 4058763 54500
0 2284 0 0 3128287 2218 4066427 54600
0 2288 0 0 3134167 2224 4074175 54700
0 2291 0 0 3140025 2230 4081891 54800
0 2299 0 0 3145833 2233 4089646 54900
0 2301 0 0 3151730 2239 4097372 55000
0 2304 0 0 3157494 2242 4104951 55100
0 2305 0 0 3163377 2244 4112517 55200
0 2306 0 0 3169257 2246 4120102 55300
0 2311 0 0 3175028 2248 4127432 55400
0 2312 0 0 3180826 2251 4134880 55500
0 2314 0 0 3186444 2251 4141979 55600
0 2318 0 0 3192311 2254 4149178 55700
0 2319 0 0 3197993 2258 4156210 55800
0 2319 0 0 3203719 2259 4163310 55900
0 2322 0 0 3209408 2259 4170398 56000
0 2326 0 0 3215115 2262 4177514 56100
0 2328 0 0 3220891 2265 4184677 56200
0 2332 0 0 3226643 2267 4191866 56300
0 2333 0 0 3232337 2270 4198923 56400
0 2335 0 0 3238156 2272 4206190 56500
0 2340 0 0 3243893 2274 4213376 56600
0 2340 0 0 3249733 2278 4220649 56700
0 2345 0 0 3255513 2279 4227834 56800
0 2348 0 0 3261152 2283 4234769 56900
0 2350 0 0 3266718 2286 4241689 57000
0 2356 0 0 3272458 2288 4248806 57100
0 2359 0 0 3278073 2294 4255845 57200
0 2364 0 0 3283837 2297 4263082 57300
0 2369 0 0 3289582 2303 4270343 57400
0 2373 0 0 3295124 2307 4277419 57500
0 2377 0 0 3300837 2311 4284853 57600
0 2380 0 0 3306580 2315 4292237 57700
0 2385 0 0 3312284 2319 4299614 57800
0 2388 0 0 3318016 2322 4306972 57900
0 2394 0 0 3323839 2325 4314381 58000
0 2397 0 0 3329539 2329 4321690 58100
0 2399 0 0 3335414 2333 4329322 58200
0 2402 0 0 3341094 2335 4336649 58300
0 2404 0 0 3346868 2339 4343950 58400
0 2410 0 0 3352689 2341 4351243 58500
0 2412 0 0 3358306 2345 4358285 58600
0 2416 0 0 3364117 2349 4365664 58700
0 2423 0 0 3369583 2352 4372487 58800
0 2426 0 0 3375351 2359 4379591 58900
0 2430 0 0 3380971 2362 4386549 59000
0 2435 0 0 3386649 2367 4393645 59100
0 2441 0 0 3392429 2374 4400857 59200
0 2448 0 0 3398055 2379 4407879 59300
0 2452 0 0 3403711 2386 4414840 59400
0 2457 0 0 3409382 2389 4421861 59500
0 2457 0 0 3415058 2393 4428764 59600
0 2462 0 0 3420766 2394 4435837 59700
0 2464 0 0 3426311 2400 4442650 59800
0 2468 0 0 3432049 2401 4449653 59900
0 2468 0 0 3437794 2404 4456625 60000
0 2472 0 0 3443449 2405 4463645 60100
0 2478 0 0 3449180 2409 4470835 60200
0 2482 0 0 3455011 2415 4478128 60300
0 2486 0 0 3460710 2419 4485379 60400
0 2488 0 0 3466418 2422 4492659 60500
0 2490 0 0 3472258 2425 4500067 60600
0 2494 0 0 3477970 2427 4507405 60700
0 2496 0 0 3483757 2430 4514750 60800
0 2501 0 0 3489556 2433 4522158 60900
0 2504 0 0 3495389 2436 4529717 61000
0 2506 0 0 3501096 2441 4536871 61100
0 2510 0 0 3506786 2442 4544034 61200
0 2516 0 0 3512530 2449 4551053 61300
0 2519 0 0 3518068 2451 4558124 61400
0 2521 0 0 3523840 2453 4565387 61500
0 2524 0 0 3529604 2457 4572681 61600
0 2526 0 0 3535352 2461 4580043 61700
0 2528 0 0 3541129 2462 4587509 61800
0 2535 0 0 3546763 2464 4594865 61900
0 2539 0 0 3552344 2472 4602203 62000
0 2543 0 0 3558155 2475 4609742 62100
0 2547 0 0 3563846 2478 4617200 62200
0 2554 0 0 3569609 2482 4624838 62300
0 2560 0 0 3575337 2489 4632507 62400
0 2565 0 0 3581172 2492 4640260 62500
0 2568 0 0 3586874 2497 4647823 62600
0 2574 0 0 3592661 2502 4655266 62700
0 2576 0 0 3598215 2509 4662565 62800
0 2579 0 0 3603930 2511 4669958 62900
0 2581 0 0 3609651 2513 4677146 63000
0 2585 0 0 3615268 2515 4684148 63100
0 2590 0 0 3621020 2519 4691322 63200
0 2593 0 0 3626565 2523 4698289 63300
0 2595 0 0 3632265 2526 4705437 63400
0 2597 0 0 3637915 2529 4712488 63500
0 2600 0 0 3643615 2531 4719623 63600
0 2602 0 0 3649345 2534 4726758 63700
0 2603 0 0 3655030 2536 4733797 63800
0 2605 0 0 3660689 2538 4741009 63900
0 2609 0 0 3666375 2539 4748254 64000
0 2615 0 0 3672114 2542 4755561 64100
0 2620 0 0 3677789 2548 4762938 64200
0 2626 0 0 3683527 2554 4770457 64300
0 2629 0 0 3689313 2559 4778102 64400
0 2632 0 0 3695044 2562 4785858 64500
0 2636 0 0 3700931 2566 4793824 64600
0 2641 0 0 3706734 2569 4801603 64700
0 2644 0 0 3712616 2573 4809484 64800
0 2648 0 0 3718344 2577 4817232 64900
0 2652 0 0 3724204 2581 4825052 65000
0 2656 0 0 3729913 2586 4832669 65100
0 2659 0 0 3735662 2590 4840328 65200
0 2661 0 0 3741414 2592 4847823 65300
0 2665 0 0 3747099 2594 4855142 65400
0 2669 0 0 3752759 2598 4862428 65500
0 2674 0 0 3758546 2602 4869731 65600
0 2677 0 0 3764155 2607 4876771 65700
0 2680 0 0 3769858 2612 4883963 65800
0 2682 0 0 3775586 2613 4891188 65900
0 2688 0 0 3781291 2616 4898337 66000
0 2689 0 0 3786911 2620 4905328 66100
0 2695 0 0 3792588 2623 4912373 66200
0 2698 0 0 3798258 2627 4919294 66300
0 2702 0 0 3803897 2631 4926259 66400
0 2705 0 0 3809587 2634 4933170 66500
0 2710 0 0 3815158 2638 4940078 66600
0 2710 0 0 3820872 2642 4947307 66700
0 2714 0 0 3826562 2643 4954559 66800
0 2716 0 0 3832265 2646 4961823 66900
0 2718 0 0 3838018 2650 4969150 67000
0 2721 0 0 3843730 2651 4976270 67100
0 2723 0 0 3849439 2654 4983404 67200
0 2726 0 0 3855069 2656 4990434 67300
0 2727 0 0 3860739 2660 4997408 67400
0 2732 0 0 3866396 2661 5004534 67500
0 2736 0 0 3871962 2664 5011431 67600
0 2738 0 0 3877597 2668 5018454 67700
0 2740 0 0 3883232 2670 5025537 67800
0 2741 0 0 3888924 2672 5032727 67900
0 2744 0 0 3894595 2673 5039978 68000
0 2747 0 0 3900340 2675 5047314 68100
0 2751 0 0 3906159 2680 5054636 68200
0 2756 0 0 3911734 2683 5061939 68300
0 2759 0 0 3917570 2687 5069550 68400
0 2763 0 0 3923261 2691 5077246 68500
0 2770 0 0 3929128 2694 5085153 68600
0 2773 0 0 3935005 2700 5093103 68700
0 2775 0 0 3940794 2704 5100862 68800
0 2778 0 0 3946625 2708 5108494 68900
0 2779 0 0 3952288 2710 5115878 69000
0 2782 0 0 3958004 2710 5123298 69100
0 2786 0 0 3963679 2714 5130646 69200
0 2791 0 0 3969396 2718 5137875 69300
0 2795 0 0 3975136 2720 5145184 69400
0 2796 0 0 3980830 2725 5152385 69500
0 2800 0 0 3986469 2727 5159366 69600
0 2802 0 0 3992152 2730 5166425 69700
0 2806 0 0 3997833 2733 5173525 69800
0 2809 0 0 4003498 2735 5180571 69900
0 2813 0 0 4009210 2740 5187780 70000
0 2815 0 0 4014954 2743 5194963 70100
0 2820 0 0 4020602 2746 5202187 70200
0 2820 0 0 4026387 2749 5209394 70300
0 2823 0 0 4032114 2751 5216675 70400
0 2824 0 0 4037794 2752 5223882 70500
0 2826 0 0 4043611 2754 5231238 70600
0 2828 0 0 4049412 2755 5238427 70700
0 2829 0 0 4055033 2758 5245593 70800
0 2832 0 0 4060822 2759 5252858 70900
0 2834 0 0 4066604 2761 5260199 71000
0 2836 0 0 4072323 2764 5267444 71100
0 2838 0 0 4078097 2766 5274735 71200
0 2840 0 0 4083844 2768 5282009 71300
0 2841 0 0 4089498 2770 5289115 71400
0 2844 0 0 4095124 2771 5296112 71500
0 2845 0 0 4100720 2772 5303171 71600
0 2847 0 0 4106452 2776 5310341 71700
0 2850 0 0 4112176 2778 5317475 71800
0 2853 0 0 4117887 2780 5324828 71900
0 2858 0 0 4123534 2784 5332125 72000
0 2863 0 0 4129305 2789 5339437 72100
0 2867 0 0 4134995 2794 5346793 72200
0 2869 0 0 4140694 2797 5354142 72300
0 2872 0 0 4146456 2799 5361578 72400
0 2876 0 0 4152053 2802 5368785 72500
0 2882 0 0 4157763 2807 5376101 72600
0 2889 0 0 4163522 2814 5383433 72700
0 2891 0 0 4169198 2818 5390600 72800
0 2893 0 0 4174751 2820 5397569 72900
0 2899 0 0 4180332 2823 5404564 73000
0 2900 0 0 4185842 2829 5411452 73100
0 2904 0 0 4191410 2829 5418365 73200
0 2908 0 0 4197036 2833 5425303 73300
0 2912 0 0 4202569 2838 5432162 73400
0 2916 0 0 4208093 2842 5438961 73500
0 2918 0 0 4213602 2845 5445817 73600
0 2922 0 0 4219249 2847 5452797 73700
0 2928 0 0 4224708 2852 5459570 73800
0 2934 0 0 4230295 2858 5466324 73900
0 2941 0 0 4235800 2861 5473165 74000
0 2941 0 0 4241343 2867 5479926 74100
0 2947 0 0 4246835 2868 5486744 74200
0 2949 0 0 4252384 2873 5493653 74300
0 2953 0 0 4257951 2876 5500721 74400
0 2953 0 0 4263601 2879 5507811 74500
0 2957 0 0 4269226 2881 5514918 74600
0 2961 0 0 4274788 2884 5522001 74700
0 2966 0 0 4280352 2889 5529059 74800
0 2969 0 0 4285895 2892 5536161 74900
0 2973 0 0 4291573 2895 5543262 75000
0 2975 0 0 4297144 2897 5550376 75100
0 2980 0 0 4302754 2900 5557602 75200
0 2981 0 0 4308459 2905 5564768 75300
0 2987 0 0 4314007 2906 5571822 75400
0 2990 0 0 4319648 2911 5579009 75500
0 2994 0 0 4325218 2916 5586137 75600
0 2996 0 0 4330973 2919 5593379 75700
0 3000 0 0 4336674 2921 5600608 75800
0 3003 0 0 4342272 2924 5607722 75900
0 3005 0 0 4347920 2928 5615010 76000
0 3007 0 0 4353593 2930 5622203 76100
0 3012 0 0 4359242 2931 5629244 76200
0 3014 0 0 4364925 2938 5636224 76300
0 3016 0 0 4370500 2939 5643088 76400
0 3023 0 0 4376109 2942 5650038 76500
0 3027 0 0 4381610 2948 5656729 76600
0 3033 0 0 4387269 2950 5663574 76700
0 3037 0 0 4392880 2957 5670652 76800
0 3042 0 0 4398559 2962 5677852 76900
0 3045 0 0 4404251 2967 5684997 77000
0 3048 0 0 4409814 2969 5692005 77100
0 3051 0 0 4415501 2973 5699126 77200
0 3055 0 0 4421245 2975 5706186 77300
0 3058 0 0 4426831 2979 5713154 77400
0 3062 0 0 4432488 2982 5720155 77500
0 3067 0 0 4438142 2986 5727078 77600
0 3068 0 0 4443831 2990 5734013 77700
0 3073 0 0 4449457 2993 5740892 77800
0 3076 0 0 4455097 2997 5747833 77900
0 3081 0 0 4460753 3000 5754808 78000
0 3083 0 0 4466435 3004 5761703 78100
0 3090 0 0 4472099 3008 5768758 78200
0 3092 0 0 4477876 3014 5776085 78300
0 3093 0 0 4483556 3016 5783326 78400
0 3097 0 0 4489298 3018 5790631 78500
0 3104 0 0 4495027 3022 5797919 78600
0 3105 0 0 4500832 3028 5805359 78700
0 3112 0 0 4506504 3028 5812608 78800
0 3117 0 0 4512333 3036 5820202 78900
0 3123 0 0 4518234 3041 5827923 79000
0 3130 0 0 4524092 3047 5835647 79100
0 3135 0 0 4529983 3051 5843429 79200
0 3138 0 0 4535894 3058 5851418 79300
0 3141 0 0 4541718 3059 5859180 79400
0 3144 0 0 4547605 3064 5867155 79500
0 3151 0 0 4553477 3068 5875007 79600
0 3155 0 0 4559253 3073 5882703 79700
0 3162 0 0 4565088 3078 5890408 79800
0 3168 0 0 4570892 3084 5898063 79900
