0 0 0 0 0 0 0 0
0 5 0 0 2057 0 2112 100
0 16 0 0 4755 5 4905 200
0 17 0 0 5992 12 6201 300
0 21 0 0 7483 14 7740 400
0 24 0 0 9249 17 9540 500
0 28 0 0 11254 20 11580 600
0 31 0 0 13524 24 13894 700
0 34 0 0 16020 38 16462 800
0 37 0 0 18652 50 19206 900
0 40 0 0 21578 74 22278 1000
0 42 0 0 24505 107 25438 1100
0 43 0 0 27689 167 28937 1200
0 46 0 0 30968 240 32623 1300
0 47 0 0 34367 352 36504 1400
0 47 0 0 37913 452 40588 1500
0 50 0 0 41471 549 44732 1600
0 51 0 0 45175 694 49172 1700
0 53 0 0 48943 846 53713 1800
0 53 0 0 52790 1072 58520 1900
0 53 0 0 56578 1265 63298 2000
0 55 0 0 60433 1462 68256 2100
0 56 0 0 64426 1690 73492 2200
0 56 0 0 68430 1941 78773 2300
0 60 0 0 72394 2212 84133 2400
0 61 0 0 76402 2500 89585 2500
0 62 0 0 80294 2807 94975 2600
0 64 0 0 84388 3125 100648 2700
0 67 0 0 88414 3497 106338 2800
0 69 0 0 92528 3887 112116 2900
0 69 0 0 96690 4221 117897 3000
0 70 0 0 100878 4619 123720 3100
0 75 0 0 105017 4948 129335 3200
0 77 0 0 109179 5294 134997 3300
0 77 0 0 113354 5703 140838 3400
0 80 0 0 117511 6083 146648 3500
0 81 0 0 121694 6449 152477 3600
0 83 0 0 125950 6839 158386 3700
0 85 0 0 130168 7251 164328 3800
0 87 0 0 134428 7676 170367 3900
0 90 0 0 138706 8157 176521 4000
0 92 0 0 142988 8585 182612 4100
0 92 0 0 147241 8972 188595 4200
0 96 0 0 151531 9409 194786 4300
0 98 0 0 155860 9814 200964 4400
0 101 0 0 160289 10249 207306 4500
0 103 0 0 164649 10760 213573 4600
0 106 0 0 169037 11252 219825 4700
0 107 0 0 173408 11746 226106 4800
0 107 0 0 177795 12156 232310 4900
0 109 0 0 182189 12643 238581 5000
0 110 0 0 186722 13175 245008 5100
0 110 0 0 191074 13693 251397 5200
0 110 0 0 195416 14214 257824 5300
0 111 0 0 199749 14810 264396 5400
0 111 0 0 204209 15506 271281 5500
0 113 0 0 208633 16136 278050 5600
0 113 0 0 213146 16706 285033 5700
0 115 0 0 217647 17310 292093 5800
0 116 0 0 222086 17876 298895 5900
0 119 0 0 226657 18530 305841 6000
0 119 0 0 231094 19161 312681 6100
0 121 0 0 235431 19826 319499 6200
0 121 0 0 239846 20477 326406 6300
0 122 0 0 244327 21126 333370 6400
0 122 0 0 248750 21716 340145 6500
0 124 0 0 253209 22379 347033 6600
0 125 0 0 257565 23125 353842 6700
0 129 0 0 262024 23798 360710 6800
0 131 0 0 266368 24428 367399 6900
0 134 0 0 270721 25100 374024 7000
0 135 0 0 275085 25755 380691 7100
0 137 0 0 279428 26356 387316 7200
0 137 0 0 283853 26957 394037 7300
0 140 0 0 288219 27538 400764 7400
0 140 0 0 292705 28075 407613 7500
0 142 0 0 297196 28636 414522 7600
0 142 0 0 301671 29262 421490 7700
0 144 0 0 306182 29784 428191 7800
0 147 0 0 310544 30297 434779 7900
0 149 0 0 315033 30830 441309 8000
0 151 0 0 319496 31346 447755 8100
0 155 0 0 323835 31779 454105 8200
0 157 0 0 328224 32236 460462 8300
0 159 0 0 332635 32689 466767 8400
0 160 0 0 336990 33191 473122 8500
0 160 0 0 341366 33710 479466 8600
0 162 0 0 345708 34274 485837 8700
0 165 0 0 350105 34799 492318 8800
0 170 0 0 354581 35346 498929 8900
0 172 0 0 359084 35849 505602 9000
0 175 0 0 363527 36269 512021 9100
0 177 0 0 367890 36709 518427 9200
0 179 0 0 372409 37143 524875 9300
0 181 0 0 376909 37565 531339 9400
0 182 0 0 381294 37962 537531 9500
0 185 0 0 385715 38377 543854 9600
0 187 0 0 390099 38778 550094 9700
0 188 0 0 394511 39148 556309 9800
0 190 0 0 398874 39529 562497 9900
0 191 0 0 403269 39942 568749 10000
0 195 0 0 407669 40381 575056 10100
0 195 0 0 412128 40794 581553 10200
0 195 0 0 416516 41231 588143 10300
0 196 0 0 421035 41668 594834 10400
0 196 0 0 425484 42134 601422 10500
0 196 0 0 429898 42538 607828 10600
0 198 0 0 434363 42920 614112 10700
0 198 0 0 438661 43367 620263 10800
0 201 0 0 442989 43810 626367 10900
0 204 0 0 447314 44312 632617 11000
0 206 0 0 451621 44813 638913 11100
0 208 0 0 456037 45314 645326 11200
0 209 0 0 460402 45811 651813 11300
0 210 0 0 464755 46359 658355 11400
0 212 0 0 469265 46820 665008 11500
0 212 0 0 473703 47325 671588 11600
0 212 0 0 478121 47798 678117 11700
0 216 0 0 482516 48243 684647 11800
0 219 0 0 486967 48690 691213 11900
0 221 0 0 491267 49107 697565 12000
0 225 0 0 495705 49596 704031 12100
0 229 0 0 500051 50057 710268 12200
0 229 0 0 504380 50512 716446 12300
0 232 0 0 508672 50925 722480 12400
0 233 0 0 513107 51372 728605 12500
0 234 0 0 517442 51792 734647 12600
0 234 0 0 521843 52177 740760 12700
0 234 0 0 526152 52563 746692 12800
0 234 0 0 530550 52950 752722 12900
0 234 0 0 534913 53335 758667 13000
0 235 0 0 539213 53686 764443 13100
0 237 0 0 543404 54037 770138 13200
0 237 0 0 547624 54406 775928 13300
0 239 0 0 551993 54807 781978 13400
0 241 0 0 556317 55160 787938 13500
0 241 0 0 560490 55493 793772 13600
0 242 0 0 564805 55841 799644 13700
0 244 0 0 569009 56165 805376 13800
0 245 0 0 573254 56530 811105 13900
0 247 0 0 577415 56892 816670 14000
0 249 0 0 581627 57238 822322 14100
0 251 0 0 585930 57604 828136 14200
0 253 0 0 590160 57937 833759 14300
0 253 0 0 594406 58288 839577 14400
0 254 0 0 598682 58620 845402 14500
0 254 0 0 603016 58903 851172 14600
0 256 0 0 607368 59233 856998 14700
0 257 0 0 611586 59521 862636 14800
0 260 0 0 615800 59840 868331 14900
0 262 0 0 620113 60206 874212 15000
0 264 0 0 624246 60554 879915 15100
0 264 0 0 628557 60883 885727 15200
0 266 0 0 632820 61234 891539 15300
0 267 0 0 637006 61642 897192 15400
0 269 0 0 641267 62012 902886 15500
0 270 0 0 645419 62381 908446 15600
0 274 0 0 649734 62736 914124 15700
0 274 0 0 653892 63152 919770 15800
0 275 0 0 658302 63600 925770 15900
0 276 0 0 662589 64040 931699 16000
0 278 0 0 666830 64461 937499 16100
0 279 0 0 671189 64915 943406 16200
0 279 0 0 675396 65392 949209 16300
0 279 0 0 679578 65876 955022 16400
0 280 0 0 683888 66357 961057 16500
0 283 0 0 688070 66858 967056 16600
0 283 0 0 692414 67369 973205 16700
0 284 0 0 696702 67849 979382 16800
0 285 0 0 701070 68346 985585 16900
0 287 0 0 705429 68821 991749 17000
0 287 0 0 709736 69281 997791 17100
0 290 0 0 713992 69792 1003764 17200
0 290 0 0 718347 70260 1009931 17300
0 291 0 0 722663 70762 1016175 17400
0 293 0 0 727110 71259 1022546 17500
0 293 0 0 731487 71771 1028917 17600
0 294 0 0 735798 72298 1035209 17700
0 294 0 0 740037 72852 1041425 17800
0 298 0 0 744454 73425 1047887 17900
0 298 0 0 748831 73899 1054172 18000
0 298 0 0 753244 74409 1060671 18100
0 298 0 0 757577 74865 1067035 18200
0 300 0 0 762053 75424 1073515 18300
0 301 0 0 766400 75992 1079938 18400
0 301 0 0 770853 76600 1086416 18500
0 301 0 0 775291 77228 1093049 18600
0 302 0 0 779640 77892 1099720 18700
0 303 0 0 784023 78554 1106494 18800
0 304 0 0 788460 79157 1113215 18900
0 304 0 0 792796 79732 1119725 19000
0 304 0 0 797194 80294 1126281 19100
0 305 0 0 801546 80817 1132627 19200
0 306 0 0 805950 81315 1138992 19300
0 307 0 0 810271 81790 1145251 19400
0 309 0 0 814620 82279 1151507 19500
0 310 0 0 818835 82827 1157719 19600
0 311 0 0 823156 83360 1164087 19700
0 311 0 0 827564 83907 1170591 19800
0 312 0 0 831901 84444 1176995 19900
0 313 0 0 836311 84897 1183355 20000
0 313 0 0 840633 85426 1189740 20100
0 313 0 0 845064 85994 1196410 20200
0 316 0 0 849447 86577 1203086 20300
0 316 0 0 853794 87164 1209768 20400
0 320 0 0 858186 87789 1216416 20500
0 322 0 0 862521 88436 1223043 20600
0 322 0 0 866908 89034 1229678 20700
0 322 0 0 871290 89668 1236365 20800
0 323 0 0 875787 90402 1243137 20900
0 323 0 0 880108 91141 1249903 21000
0 323 0 0 884577 91853 1256811 21100
0 323 0 0 889099 92542 1263805 21200
0 323 0 0 893531 93231 1270665 21300
0 323 0 0 898024 93969 1277718 21400
0 323 0 0 902477 94606 1284702 21500
0 323 0 0 906889 95288 1291663 21600
0 326 0 0 911282 95951 1298532 21700
0 326 0 0 915864 96657 1305620 21800
0 327 0 0 920234 97266 1312350 21900
0 327 0 0 924670 97846 1319005 22000
0 327 0 0 929062 98421 1325694 22100
0 328 0 0 933353 99041 1332192 22200
0 329 0 0 937721 99601 1338632 22300
0 330 0 0 942173 100189 1345247 22400
0 330 0 0 946427 100787 1351599 22500
0 330 0 0 950775 101334 1358021 22600
0 330 0 0 955161 101836 1364461 22700
0 330 0 0 959468 102377 1370862 22800
0 330 0 0 963908 102928 1377384 22900
0 331 0 0 968194 103467 1383821 23000
0 331 0 0 972577 104029 1390527 23100
0 331 0 0 976965 104636 1397389 23200
0 332 0 0 981475 105266 1404377 23300
0 333 0 0 986017 105838 1411297 23400
0 333 0 0 990494 106391 1417940 23500
0 333 0 0 994817 106912 1424488 23600
0 333 0 0 999248 107422 1431054 23700
0 333 0 0 1003664 107939 1437619 23800
0 333 0 0 1008114 108488 1444137 23900
0 333 0 0 1012516 109060 1450701 24000
0 333 0 0 1016873 109605 1457136 24100
0 334 0 0 1021203 110079 1463423 24200
0 335 0 0 1025534 110535 1469658 24300
0 335 0 0 1029934 110995 1475901 24400
0 335 0 0 1034188 111426 1481936 24500
0 335 0 0 1038533 111851 1488069 24600
0 336 0 0 1042817 112293 1494037 24700
0 336 0 0 1047172 112733 1500102 24800
0 336 0 0 1051386 113129 1505969 24900
0 338 0 0 1055630 113494 1511833 25000
0 338 0 0 1059928 113898 1517795 25100
0 339 0 0 1064197 114326 1523746 25200
0 340 0 0 1068410 114688 1529573 25300
0 340 0 0 1072747 115021 1535443 25400
0 342 0 0 1076943 115389 1541311 25500
0 342 0 0 1081186 115776 1547225 25600
0 344 0 0 1085433 116123 1552986 25700
0 345 0 0 1089644 116502 1558771 25800
0 345 0 0 1094077 116858 1564749 25900
0 345 0 0 1098272 117270 1570660 26000
0 347 0 0 1102461 117658 1576426 26100
0 348 0 0 1106729 118028 1582260 26200
0 348 0 0 1110951 118489 1588123 26300
0 348 0 0 1115197 118942 1593951 26400
0 348 0 0 1119458 119440 1600032 26500
0 349 0 0 1123815 119995 1606328 26600
0 350 0 0 1128116 120505 1612667 26700
0 350 0 0 1132400 121044 1619314 26800
0 351 0 0 1136811 121573 1626023 26900
0 351 0 0 1141096 122119 1632617 27000
0 353 0 0 1145543 122669 1639416 27100
0 355 0 0 1149865 123215 1646084 27200
0 357 0 0 1154311 123774 1652793 27300
0 358 0 0 1158690 124346 1659388 27400
0 360 0 0 1163003 124852 1665842 27500
0 360 0 0 1167301 125342 1672236 27600
0 361 0 0 1171597 125853 1678723 27700
0 362 0 0 1176116 126355 1685345 27800
0 365 0 0 1180494 126814 1691840 27900
0 366 0 0 1184940 127282 1698433 28000
0 368 0 0 1189354 127768 1704811 28100
0 370 0 0 1193749 128231 1711104 28200
0 372 0 0 1198028 128689 1717279 28300
0 374 0 0 1202315 129201 1723493 28400
0 376 0 0 1206616 129714 1729680 28500
0 378 0 0 1211015 130206 1736110 28600
0 379 0 0 1215302 130688 1742365 28700
0 383 0 0 1219654 131240 1748692 28800
0 384 0 0 1223977 131856 1755147 28900
0 385 0 0 1228296 132438 1761549 29000
0 385 0 0 1232583 133026 1767768 29100
0 385 0 0 1236919 133631 1774004 29200
0 386 0 0 1241188 134276 1780264 29300
0 386 0 0 1245453 134881 1786438 29400
0 386 0 0 1249626 135471 1792588 29500
0 386 0 0 1253841 136086 1798852 29600
0 387 0 0 1258120 136660 1805181 29700
0 387 0 0 1262352 137233 1811511 29800
0 387 0 0 1266676 137829 1818051 29900
0 387 0 0 1270973 138462 1824504 30000
0 389 0 0 1275204 139089 1830925 30100
0 389 0 0 1279541 139672 1837345 30200
0 389 0 0 1283898 140271 1843873 30300
0 390 0 0 1288311 140840 1850503 30400
0 391 0 0 1292600 141401 1856880 30500
0 391 0 0 1296991 141906 1863169 30600
0 391 0 0 1301266 142480 1869502 30700
0 393 0 0 1305649 143023 1875806 30800
0 394 0 0 1309883 143566 1881936 30900
0 396 0 0 1314157 144063 1888056 31000
0 396 0 0 1318449 144577 1894244 31100
0 397 0 0 1322811 145063 1900521 31200
0 397 0 0 1327196 145519 1906645 31300
0 399 0 0 1331419 145935 1912570 31400
0 400 0 0 1335733 146313 1918507 31500
0 400 0 0 1340065 146629 1924392 31600
0 401 0 0 1344415 146944 1930306 31700
0 402 0 0 1348808 147276 1936181 31800
0 402 0 0 1353156 147599 1942083 31900
0 402 0 0 1357525 147903 1947915 32000
0 403 0 0 1361796 148232 1953707 32100
0 405 0 0 1366184 148547 1959667 32200
0 406 0 0 1370560 148910 1965607 32300
0 408 0 0 1374926 149249 1971526 32400
0 408 0 0 1379268 149616 1977579 32500
0 409 0 0 1383667 150003 1983731 32600
0 411 0 0 1388018 150381 1989965 32700
0 413 0 0 1392472 150801 1996291 32800
0 414 0 0 1396871 151193 2002555 32900
0 415 0 0 1401272 151572 2008811 33000
0 417 0 0 1405645 151951 2014995 33100
0 417 0 0 1410090 152382 2021176 33200
0 418 0 0 1414444 152796 2027348 33300
0 418 0 0 1418762 153216 2033446 33400
0 419 0 0 1423208 153666 2039770 33500
0 420 0 0 1427640 154099 2045971 33600
0 421 0 0 1432077 154512 2052205 33700
0 422 0 0 1436451 154981 2058538 33800
0 424 0 0 1440872 155422 2064807 33900
0 424 0 0 1445232 155869 2071072 34000
0 424 0 0 1449642 156357 2077440 34100
0 426 0 0 1454027 156816 2083757 34200
0 426 0 0 1458421 157269 2090090 34300
0 426 0 0 1462849 157698 2096415 34400
0 427 0 0 1467278 158104 2102711 34500
0 427 0 0 1471640 158569 2108997 34600
0 428 0 0 1476001 159011 2115249 34700
0 429 0 0 1480407 159514 2121569 34800
0 431 0 0 1484782 159980 2127856 34900
0 431 0 0 1489224 160422 2134284 35000
0 433 0 0 1493597 160834 2140615 35100
0 435 0 0 1498023 161284 2147140 35200
0 436 0 0 1502471 161789 2153777 35300
0 437 0 0 1506838 162249 2160208 35400
0 437 0 0 1511243 162720 2166686 35500
0 438 0 0 1515668 163191 2173171 35600
0 439 0 0 1520021 163687 2179761 35700
0 441 0 0 1524568 164150 2186490 35800
0 441 0 0 1528970 164643 2192900 35900
0 444 0 0 1533320 165101 2199292 36000
0 445 0 0 1537761 165555 2205581 36100
0 447 0 0 1542106 166053 2211879 36200
0 448 0 0 1546471 166492 2218136 36300
0 448 0 0 1550811 166962 2224350 36400
0 448 0 0 1555140 167436 2230522 36500
0 450 0 0 1559448 167861 2236605 36600
0 450 0 0 1563810 168286 2242835 36700
0 452 0 0 1568270 168716 2249103 36800
0 453 0 0 1572659 169182 2255406 36900
0 454 0 0 1577004 169649 2261756 37000
0 454 0 0 1581375 170124 2268148 37100
0 454 0 0 1585824 170608 2274553 37200
0 455 0 0 1590212 171037 2280784 37300
0 455 0 0 1594533 171489 2286958 37400
0 455 0 0 1598819 171881 2292925 37500
0 455 0 0 1603209 172304 2299053 37600
0 455 0 0 1607572 172688 2305141 37700
0 455 0 0 1611983 173071 2311301 37800
0 456 0 0 1616261 173485 2317339 37900
0 456 0 0 1620612 173868 2323514 38000
0 456 0 0 1624963 174271 2329694 38100
0 457 0 0 1629330 174650 2335843 38200
0 457 0 0 1633685 174978 2341803 38300
0 457 0 0 1637972 175307 2347686 38400
0 457 0 0 1642331 175653 2353629 38500
0 457 0 0 1646689 175986 2359454 38600
0 458 0 0 1650995 176297 2365262 38700
0 458 0 0 1655245 176611 2370958 38800
0 460 0 0 1659569 176935 2376769 38900
0 461 0 0 1663846 177227 2382602 39000
0 461 0 0 1668182 177491 2388442 39100
0 461 0 0 1672480 177779 2394236 39200
0 461 0 0 1676734 178035 2399884 39300
0 461 0 0 1681016 178330 2405596 39400
0 462 0 0 1685422 178642 2411535 39500
0 464 0 0 1689699 178934 2417466 39600
0 467 0 0 1694054 179251 2423485 39700
0 468 0 0 1698416 179549 2429421 39800
0 468 0 0 1702764 179859 2435393 39900
0 469 0 0 1707164 180148 2441322 40000
0 469 0 0 1711552 180473 2447310 40100
0 469 0 0 1715912 180859 2453370 40200
0 470 0 0 1720291 181233 2459429 40300
0 470 0 0 1724754 181624 2465677 40400
0 470 0 0 1729064 182009 2471784 40500
0 472 0 0 1733488 182485 2478239 40600
0 472 0 0 1737925 182918 2484523 40700
0 474 0 0 1742235 183351 2490730 40800
0 474 0 0 1746637 183806 2497109 40900
0 474 0 0 1751052 184307 2503554 41000
0 475 0 0 1755457 184785 2510025 41100
0 475 0 0 1759842 185242 2516410 41200
0 476 0 0 1764226 185650 2522639 41300
0 477 0 0 1768563 186141 2528844 41400
0 477 0 0 1772876 186579 2534863 41500
0 477 0 0 1777256 187058 2540990 41600
0 480 0 0 1781498 187512 2546956 41700
0 480 0 0 1785881 187903 2553075 41800
0 482 0 0 1790265 188317 2559038 41900
0 483 0 0 1794556 188674 2564840 42000
0 483 0 0 1798800 189071 2570672 42100
0 485 0 0 1803148 189462 2576788 42200
0 486 0 0 1807505 189871 2582992 42300
0 486 0 0 1811840 190321 2589114 42400
0 487 0 0 1816202 190758 2595261 42500
0 488 0 0 1820424 191175 2601164 42600
0 489 0 0 1824811 191611 2607291 42700
0 491 0 0 1829230 192076 2613555 42800
0 491 0 0 1833560 192531 2619665 42900
0 493 0 0 1837838 193007 2625796 43000
0 495 0 0 1842226 193469 2632065 43100
0 496 0 0 1846520 193983 2638284 43200
0 496 0 0 1850959 194497 2644647 43300
0 496 0 0 1855248 195028 2650824 43400
0 496 0 0 1859543 195642 2656980 43500
0 497 0 0 1863876 196275 2663268 43600
0 498 0 0 1868151 196837 2669383 43700
0 499 0 0 1872510 197390 2675798 43800
0 500 0 0 1876807 197927 2682238 43900
0 501 0 0 1881256 198475 2688699 44000
0 501 0 0 1885650 199055 2695281 44100
0 502 0 0 1890016 199631 2701884 44200
0 502 0 0 1894408 200148 2708753 44300
0 503 0 0 1898892 200698 2715593 44400
0 504 0 0 1903434 201212 2722486 44500
0 504 0 0 1907885 201696 2729163 44600
0 506 0 0 1912316 202174 2735890 44700
0 507 0 0 1916608 202629 2742295 44800
0 507 0 0 1921046 203059 2748923 44900
0 507 0 0 1925480 203440 2755469 45000
0 507 0 0 1929942 203801 2762066 45100
0 507 0 0 1934326 204173 2768469 45200
0 509 0 0 1938662 204560 2774702 45300
0 509 0 0 1943028 204945 2780963 45400
0 509 0 0 1947427 205285 2786959 45500
0 509 0 0 1951775 205651 2793023 45600
0 511 0 0 1956097 205958 2798978 45700
0 512 0 0 1960449 206311 2805114 45800
0 513 0 0 1964818 206684 2811141 45900
0 514 0 0 1969148 207012 2816945 46000
0 514 0 0 1973459 207338 2822661 46100
0 515 0 0 1977677 207696 2828277 46200
0 516 0 0 1982024 208050 2834153 46300
0 518 0 0 1986382 208398 2840028 46400
0 519 0 0 1990751 208727 2845940 46500
0 519 0 0 1995120 209129 2851909 46600
0 519 0 0 1999410 209475 2857727 46700
0 521 0 0 2003789 209897 2863762 46800
0 521 0 0 2008171 210251 2869694 46900
0 521 0 0 2012508 210664 2875646 47000
0 521 0 0 2016855 211077 2881673 47100
0 522 0 0 2021185 211467 2887725 47200
0 523 0 0 2025447 211920 2893896 47300
0 524 0 0 2029776 212331 2900009 47400
0 524 0 0 2034125 212782 2906071 47500
0 524 0 0 2038444 213208 2912125 47600
0 524 0 0 2042773 213742 2918311 47700
0 524 0 0 2047019 214236 2924533 47800
0 525 0 0 2051307 214729 2930622 47900
0 526 0 0 2055629 215172 2936801 48000
0 527 0 0 2059992 215668 2943103 48100
0 531 0 0 2064373 216136 2949391 48200
0 532 0 0 2068702 216530 2955537 48300
0 534 0 0 2073114 216891 2961838 48400
0 535 0 0 2077433 217213 2967857 48500
0 539 0 0 2081759 217517 2973934 48600
0 540 0 0 2086068 217811 2980015 48700
0 542 0 0 2090387 218110 2986009 48800
0 543 0 0 2094636 218447 2991864 48900
0 544 0 0 2098916 218812 2997622 49000
0 546 0 0 2103221 219174 3003458 49100
0 548 0 0 2107478 219511 3009207 49200
0 550 0 0 2111761 219843 3015042 49300
0 554 0 0 2116157 220244 3021130 49400
0 555 0 0 2120513 220671 3027314 49500
0 557 0 0 2124879 221054 3033547 49600
0 558 0 0 2129304 221511 3040013 49700
0 558 0 0 2133612 221959 3046233 49800
0 561 0 0 2138007 222367 3052501 49900
0 561 0 0 2142383 222786 3058836 50000
0 561 0 0 2146813 223151 3065071 50100
0 564 0 0 2151191 223593 3071329 50200
0 564 0 0 2155480 223987 3077435 50300
0 567 0 0 2159815 224365 3083585 50400
0 568 0 0 2164253 224788 3089973 50500
0 569 0 0 2168533 225191 3096185 50600
0 571 0 0 2172910 225595 3102391 50700
0 571 0 0 2177278 225994 3108498 50800
0 573 0 0 2181637 226389 3114627 50900
0 574 0 0 2186011 226775 3120630 51000
0 575 0 0 2190343 227186 3126751 51100
0 577 0 0 2194723 227616 3132890 51200
0 577 0 0 2199064 228045 3138974 51300
0 579 0 0 2203340 228505 3145147 51400
0 579 0 0 2207736 228956 3151251 51500
0 580 0 0 2212121 229392 3157354 51600
0 581 0 0 2216458 229847 3163487 51700
0 582 0 0 2220763 230235 3169551 51800
0 582 0 0 2225120 230564 3175514 51900
0 584 0 0 2229489 230948 3181643 52000
0 585 0 0 2233900 231303 3187604 52100
0 585 0 0 2238302 231670 3193691 52200
0 585 0 0 2242606 232008 3199773 52300
0 588 0 0 2246954 232406 3205747 52400
0 589 0 0 2251347 232782 3211704 52500
0 589 0 0 2255562 233194 3217410 52600
0 589 0 0 2259954 233582 3223296 52700
0 593 0 0 2264264 233994 3229043 52800
0 595 0 0 2268545 234402 3234878 52900
0 596 0 0 2272796 234820 3240726 53000
0 596 0 0 2277185 235288 3246792 53100
0 599 0 0 2281476 235702 3252728 53200
0 599 0 0 2285843 236109 3258721 53300
0 599 0 0 2290182 236494 3264630 53400
0 602 0 0 2294433 236907 3270644 53500
0 603 0 0 2298766 237351 3276809 53600
0 603 0 0 2303122 237770 3282970 53700
0 604 0 0 2307575 238189 3289126 53800
0 605 0 0 2311905 238628 3295312 53900
0 606 0 0 2316287 239046 3301589 54000
0 607 0 0 2320613 239479 3307836 54100
0 607 0 0 2325017 239936 3314138 54200
0 609 0 0 2329355 240381 3320350 54300
0 609 0 0 2333697 240815 3326666 54400
0 610 0 0 2338137 241229 3333056 54500
0 611 0 0 2342430 241592 3339180 54600
0 612 0 0 2346920 241995 3345487 54700
0 615 0 0 2351132 242365 3351530 54800
0 617 0 0 2355539 242761 3357861 54900
0 618 0 0 2359892 243153 3364150 55000
0 620 0 0 2364339 243548 3370311 55100
0 621 0 0 2368654 243898 3376439 55200
0 623 0 0 2373088 244260 3382584 55300
0 624 0 0 2377426 244592 3388603 55400
0 624 0 0 2381737 244993 3394685 55500
0 625 0 0 2386133 245373 3400800 55600
0 625 0 0 2390474 245725 3406761 55700
0 625 0 0 2394806 246058 3412777 55800
0 627 0 0 2399123 246372 3418732 55900
0 627 0 0 2403432 246672 3424744 56000
0 627 0 0 2407768 247022 3430987 56100
0 628 0 0 2412241 247414 3437489 56200
0 629 0 0 2416664 247716 3443813 56300
0 630 0 0 2421093 248034 3450066 56400
0 631 0 0 2425406 248355 3456100 56500
0 631 0 0 2429731 248660 3462165 56600
0 631 0 0 2434102 249036 3468320 56700
0 631 0 0 2438437 249355 3474355 56800
0 631 0 0 2442815 249660 3480235 56900
0 631 0 0 2447144 249954 3486081 57000
0 631 0 0 2451396 250251 3491756 57100
0 631 0 0 2455685 250588 3497516 57200
0 631 0 0 2459934 250880 3503138 57300
0 631 0 0 2464247 251190 3508798 57400
0 632 0 0 2468522 251520 3514397 57500
0 632 0 0 2472691 251806 3519859 57600
0 632 0 0 2476916 252175 3525537 57700
0 632 0 0 2481221 252555 3531424 57800
0 632 0 0 2485556 252929 3537307 57900
0 632 0 0 2489924 253311 3543250 58000
0 633 0 0 2494177 253713 3549013 58100
0 633 0 0 2498418 254092 3554777 58200
0 634 0 0 2502743 254481 3560633 58300
0 635 0 0 2506982 254906 3566467 58400
0 637 0 0 2511230 255363 3572435 58500
0 638 0 0 2515475 255779 3578437 58600
0 640 0 0 2519836 256174 3584511 58700
0 640 0 0 2524199 256569 3590595 58800
0 642 0 0 2528511 256966 3596665 58900
0 642 0 0 2532854 257405 3602859 59000
0 642 0 0 2537131 257793 3608754 59100
0 642 0 0 2541380 258208 3614637 59200
0 644 0 0 2545697 258639 3620590 59300
0 646 0 0 2549994 259035 3626396 59400
0 646 0 0 2554264 259475 3632238 59500
0 646 0 0 2558555 259844 3638077 59600
0 646 0 0 2562714 260223 3643817 59700
0 648 0 0 2567138 260566 3649723 59800
0 648 0 0 2571463 260911 3655591 59900
