0 0 0 0 0 0 0 0
0 4 0 0 2549 0 2573 100
0 8 0 0 5749 3 5837 200
0 10 0 0 7242 7 7375 300
0 10 0 0 9174 9 9341 400
0 12 0 0 11524 9 11722 500
0 13 0 0 14210 10 14444 600
0 15 0 0 17266 10 17565 700
0 15 0 0 20446 13 20809 800
0 16 0 0 23983 13 24431 900
0 17 0 0 27877 15 28499 1000
0 17 0 0 32027 15 32887 1100
0 18 0 0 36273 15 37426 1200
0 19 0 0 40795 16 42244 1300
0 20 0 0 45355 17 47234 1400
0 20 0 0 49986 18 52333 1500
0 22 0 0 54752 18 57611 1600
0 27 0 0 59544 21 62935 1700
0 28 0 0 64475 25 68425 1800
0 32 0 0 69508 28 74206 1900
0 32 0 0 74736 30 80181 2000
0 33 0 0 79899 30 86242 2100
0 37 0 0 85174 32 92479 2200
0 42 0 0 90461 36 98858 2300
0 45 0 0 95896 40 105472 2400
0 48 0 0 101231 44 111916 2500
0 54 0 0 106747 47 118622 2600
0 59 0 0 112280 53 125375 2700
0 61 0 0 117736 55 132124 2800
0 68 0 0 123260 59 138982 2900
0 70 0 0 128754 63 145738 3000
0 75 0 0 134300 66 152505 3100
0 79 0 0 139763 72 159194 3200
0 88 0 0 145297 75 165999 3300
0 92 0 0 150808 82 172845 3400
0 98 0 0 156388 90 179891 3500
0 105 0 0 162008 94 186870 3600
0 114 0 0 167599 101 193969 3700
0 121 0 0 173211 107 201289 3800
0 129 0 0 178955 117 208667 3900
0 135 0 0 184750 123 216122 4000
0 139 0 0 190438 130 223475 4100
0 149 0 0 196134 132 230957 4200
0 156 0 0 201903 143 238469 4300
0 167 0 0 207650 151 245970 4400
0 177 0 0 213521 162 253669 4500
0 183 0 0 219372 173 261372 4600
0 189 0 0 225152 177 268871 4700
0 193 0 0 231013 182 276414 4800
0 201 0 0 236817 190 283923 4900
0 206 0 0 242511 195 291461 5000
0 212 0 0 248360 199 299194 5100
0 221 0 0 254082 205 306799 5200
0 234 0 0 260007 210 314621 5300
0 238 0 0 265779 226 322327 5400
0 251 0 0 271654 231 330113 5500
0 261 0 0 277497 242 337790 5600
0 269 0 0 283395 249 345684 5700
0 276 0 0 289329 257 353582 5800
0 279 0 0 295068 260 361179 5900
0 282 0 0 300938 265 368966 6000
0 286 0 0 306685 269 376519 6100
0 286 0 0 312466 272 384052 6200
0 286 0 0 318180 272 391576 6300
0 288 0 0 323931 272 399135 6400
0 296 0 0 329708 274 406734 6500
0 302 0 0 335536 282 414298 6600
0 309 0 0 341335 289 421980 6700
0 314 0 0 347188 294 429826 6800
0 320 0 0 353024 297 437880 6900
0 321 0 0 358937 302 446000 7000
0 327 0 0 364916 305 454259 7100
0 332 0 0 370815 312 462470 7200
0 338 0 0 376873 317 470762 7300
0 339 0 0 382775 321 478766 7400
0 347 0 0 388676 324 486700 7500
0 350 0 0 394554 331 494527 7600
0 351 0 0 400468 334 502382 7700
0 358 0 0 406294 339 510100 7800
0 361 0 0 412178 342 517949 7900
0 364 0 0 417920 345 525433 8000
0 368 0 0 423805 346 532972 8100
0 369 0 0 429553 352 540379 8200
0 372 0 0 435334 353 547820 8300
0 375 0 0 441177 356 555219 8400
0 380 0 0 446965 360 562513 8500
0 382 0 0 452706 364 569839 8600
0 387 0 0 458448 367 577117 8700
0 391 0 0 464278 371 584538 8800
0 396 0 0 470012 374 591891 8900
0 400 0 0 475858 379 599339 9000
0 403 0 0 481627 382 606833 9100
0 406 0 0 487415 386 614283 9200
0 408 0 0 493185 389 621672 9300
0 415 0 0 498980 393 629008 9400
0 422 0 0 504635 397 636168 9500
0 429 0 0 510391 403 643551 9600
0 431 0 0 516036 411 650864 9700
0 439 0 0 521907 412 658475 9800
0 446 0 0 527538 421 665822 9900
0 450 0 0 533345 426 673383 10000
0 456 0 0 539190 431 681070 10100
0 462 0 0 544916 437 688584 10200
0 467 0 0 550677 442 696129 10300
0 471 0 0 556545 449 703757 10400
0 477 0 0 562410 453 711371 10500
0 485 0 0 568077 458 718930 10600
0 487 0 0 573960 465 726756 10700
0 491 0 0 579782 468 734493 10800
0 497 0 0 585713 472 742286 10900
0 502 0 0 591515 477 750092 11000
0 506 0 0 597447 482 757888 11100
0 509 0 0 603222 485 765515 11200
0 513 0 0 609047 488 773066 11300
0 514 0 0 614808 492 780418 11400
0 518 0 0 620448 493 787508 11500
0 524 0 0 626158 498 794768 11600
0 528 0 0 631832 503 802118 11700
0 534 0 0 637477 507 809410 11800
0 540 0 0 643302 513 816856 11900
0 545 0 0 649009 518 824256 12000
0 552 0 0 654672 523 831746 12100
0 555 0 0 660533 530 839529 12200
0 562 0 0 666365 531 847321 12300
0 568 0 0 672141 540 854935 12400
0 572 0 0 677940 547 862527 12500
0 576 0 0 683729 551 870185 12600
0 582 0 0 689557 554 877869 12700
0 584 0 0 695365 561 885524 12800
0 590 0 0 701261 561 893133 12900
0 598 0 0 707009 569 900505 13000
0 603 0 0 712739 576 907810 13100
0 605 0 0 718463 582 915011 13200
0 614 0 0 724195 585 922366 13300
0 618 0 0 730088 592 929840 13400
0 625 0 0 735750 596 937041 13500
0 627 0 0 741613 603 944520 13600
0 632 0 0 747214 606 951678 13700
0 639 0 0 753095 610 959127 13800
0 642 0 0 758791 616 966428 13900
0 645 0 0 764448 620 973913 14000
0 650 0 0 770248 621 981604 14100
0 656 0 0 776151 628 989366 14200
0 660 0 0 781938 633 996999 14300
0 663 0 0 787814 638 1004623 14400
0 667 0 0 793486 640 1011937 14500
0 672 0 0 799213 644 1019221 14600
0 676 0 0 804988 649 1026508 14700
0 682 0 0 810668 652 1033643 14800
0 685 0 0 816557 659 1040884 14900
0 687 0 0 822241 660 1047865 15000
0 692 0 0 827909 664 1054772 15100
0 695 0 0 833559 669 1061559 15200
0 699 0 0 839261 673 1068545 15300
0 705 0 0 844938 676 1075610 15400
0 710 0 0 850631 681 1082692 15500
0 712 0 0 856427 685 1089962 15600
0 718 0 0 862183 689 1097148 15700
0 723 0 0 867964 694 1104490 15800
0 728 0 0 873724 699 1111812 15900
0 733 0 0 879571 705 1119200 16000
0 738 0 0 885447 708 1126764 16100
0 743 0 0 891202 715 1134227 16200
0 746 0 0 897063 720 1141852 16300
0 752 0 0 902828 725 1149364 16400
0 760 0 0 908616 731 1156956 16500
0 767 0 0 914486 738 1164667 16600
0 775 0 0 920338 745 1172453 16700
0 785 0 0 926131 751 1180253 16800
0 793 0 0 932065 764 1188164 16900
0 797 0 0 938001 771 1196127 17000
0 806 0 0 943893 774 1204078 17100
0 810 0 0 949761 781 1211954 17200
0 816 0 0 955699 788 1219875 17300
0 822 0 0 961522 793 1227793 17400
0 830 0 0 967417 799 1235730 17500
0 838 0 0 973418 806 1244022 17600
0 843 0 0 979412 817 1252287 17700
0 850 0 0 985271 820 1260490 17800
0 858 0 0 991213 824 1268842 17900
0 861 0 0 997206 833 1277296 18000
0 866 0 0 1003301 838 1285936 18100
0 872 0 0 1009283 844 1294286 18200
0 880 0 0 1015363 849 1302832 18300
0 884 0 0 1021301 857 1311483 18400
0 893 0 0 1027330 862 1320312 18500
0 898 0 0 1033539 868 1329342 18600
0 903 0 0 1039552 875 1337942 18700
0 914 0 0 1045713 878 1346767 18800
0 916 0 0 1051751 891 1355314 18900
0 924 0 0 1057877 892 1363964 19000
0 930 0 0 1064011 901 1372549 19100
0 936 0 0 1070065 907 1381115 19200
0 946 0 0 1076121 913 1389478 19300
0 953 0 0 1082206 921 1397831 19400
0 958 0 0 1088193 929 1406332 19500
0 968 0 0 1094228 933 1415041 19600
0 971 0 0 1100323 943 1423838 19700
0 977 0 0 1106420 950 1432624 19800
0 983 0 0 1112449 955 1441235 19900
0 990 0 0 1118451 960 1449722 20000
0 999 0 0 1124444 966 1457937 20100
0 1002 0 0 1130304 972 1465960 20200
0 1010 0 0 1136160 981 1473975 20300
0 1018 0 0 1142020 986 1481796 20400
0 1023 0 0 1147859 994 1489647 20500
0 1029 0 0 1153745 999 1497395 20600
0 1030 0 0 1159523 1005 1505025 20700
0 1035 0 0 1165489 1006 1512953 20800
0 1040 0 0 1171372 1012 1520727 20900
0 1045 0 0 1177176 1016 1528494 21000
0 1052 0 0 1183072 1018 1536420 21100
0 1059 0 0 1188977 1030 1544385 21200
0 1066 0 0 1194784 1033 1552141 21300
0 1070 0 0 1200635 1043 1559956 21400
0 1079 0 0 1206551 1045 1567784 21500
0 1084 0 0 1212356 1054 1575491 21600
0 1088 0 0 1218286 1060 1583324 21700
0 1093 0 0 1224083 1064 1591039 21800
0 1097 0 0 1229956 1068 1598526 21900
0 1099 0 0 1235674 1072 1605749 22000
0 1102 0 0 1241424 1077 1612993 22100
0 1105 0 0 1247096 1079 1620038 22200
0 1109 0 0 1252640 1082 1627038 22300
0 1113 0 0 1258297 1085 1634045 22400
0 1115 0 0 1263935 1089 1641084 22500
0 1116 0 0 1269608 1091 1648188 22600
0 1118 0 0 1275266 1092 1655235 22700
0 1121 0 0 1280835 1095 1662110 22800
0 1126 0 0 1286524 1098 1669068 22900
0 1131 0 0 1292044 1100 1675849 23000
0 1135 0 0 1297654 1108 1682699 23100
0 1139 0 0 1303236 1110 1689580 23200
0 1140 0 0 1308839 1115 1696399 23300
0 1143 0 0 1314475 1116 1703215 23400
0 1145 0 0 1319963 1118 1709920 23500
0 1151 0 0 1325700 1124 1717000 23600
0 1152 0 0 1331323 1127 1723998 23700
0 1156 0 0 1336973 1127 1731094 23800
0 1163 0 0 1342610 1132 1738354 23900
0 1167 0 0 1348263 1137 1745593 24000
0 1169 0 0 1353929 1143 1752858 24100
0 1173 0 0 1359584 1144 1760017 24200
0 1179 0 0 1365300 1149 1767259 24300
0 1183 0 0 1371014 1154 1774557 24400
0 1189 0 0 1376623 1159 1781883 24500
0 1190 0 0 1382267 1164 1789211 24600
0 1193 0 0 1387976 1167 1796757 24700
0 1200 0 0 1393719 1168 1804224 24800
0 1204 0 0 1399566 1176 1811723 24900
0 1208 0 0 1405290 1179 1819041 25000
0 1215 0 0 1410959 1184 1826289 25100
0 1219 0 0 1416607 1189 1833383 25200
0 1223 0 0 1422398 1191 1840693 25300
0 1228 0 0 1428047 1196 1847849 25400
0 1233 0 0 1433849 1201 1855175 25500
0 1237 0 0 1439556 1207 1862457 25600
0 1244 0 0 1445347 1211 1869877 25700
0 1250 0 0 1451107 1217 1877335 25800
0 1257 0 0 1456906 1223 1884909 25900
0 1262 0 0 1462636 1231 1892348 26000
0 1268 0 0 1468395 1235 1899985 26100
0 1277 0 0 1474242 1243 1907687 26200
0 1282 0 0 1480052 1249 1915344 26300
0 1288 0 0 1485866 1255 1922911 26400
0 1294 0 0 1491662 1261 1930375 26500
0 1298 0 0 1497397 1266 1937849 26600
0 1303 0 0 1503198 1272 1945257 26700
0 1312 0 0 1509010 1277 1952690 26800
0 1315 0 0 1514901 1285 1960119 26900
0 1322 0 0 1520591 1289 1967327 27000
0 1328 0 0 1526412 1295 1974659 27100
0 1333 0 0 1532202 1298 1982058 27200
0 1340 0 0 1538055 1305 1989509 27300
0 1342 0 0 1543880 1310 1996933 27400
0 1346 0 0 1549714 1310 2004441 27500
0 1349 0 0 1555546 1315 2011914 27600
0 1353 0 0 1561480 1318 2019551 27700
0 1354 0 0 1567195 1322 2026716 27800
0 1363 0 0 1573035 1324 2034151 27900
0 1365 0 0 1578817 1332 2041578 28000
0 1371 0 0 1584650 1333 2048969 28100
0 1375 0 0 1590422 1340 2056473 28200
0 1377 0 0 1596271 1343 2064001 28300
0 1382 0 0 1602056 1345 2071480 28400
0 1382 0 0 1607932 1348 2078905 28500
0 1386 0 0 1613716 1350 2086202 28600
0 1391 0 0 1619344 1357 2093311 28700
0 1396 0 0 1625157 1359 2100576 28800
0 1400 0 0 1630897 1364 2107759 28900
0 1402 0 0 1636738 1367 2115027 29000
0 1404 0 0 1642471 1369 2122184 29100
0 1406 0 0 1648319 1373 2129431 29200
0 1411 0 0 1654024 1374 2136453 29300
0 1415 0 0 1659647 1379 2143450 29400
0 1419 0 0 1665400 1383 2150440 29500
0 1422 0 0 1671156 1387 2157452 29600
0 1424 0 0 1676789 1389 2164256 29700
0 1425 0 0 1682485 1391 2171137 29800
0 1430 0 0 1688117 1393 2177867 29900
0 1432 0 0 1693711 1398 2184513 30000
0 1434 0 0 1699270 1400 2191055 30100
0 1436 0 0 1704862 1402 2197718 30200
0 1439 0 0 1710338 1404 2204236 30300
0 1442 0 0 1715936 1405 2210904 30400
0 1446 0 0 1721429 1409 2217533 30500
0 1446 0 0 1727092 1414 2224300 30600
0 1450 0 0 1732727 1414 2231122 30700
0 1454 0 0 1738344 1419 2237977 30800
0 1457 0 0 1744055 1422 2244909 30900
0 1463 0 0 1749681 1426 2251829 31000
0 1466 0 0 1755384 1428 2258794 31100
0 1470 0 0 1761041 1434 2265935 31200
0 1473 0 0 1766758 1436 2273118 31300
0 1476 0 0 1772429 1441 2280258 31400
0 1481 0 0 1778112 1443 2287401 31500
0 1485 0 0 1783833 1449 2294760 31600
0 1490 0 0 1789562 1452 2302147 31700
0 1492 0 0 1795441 1457 2309694 31800
0 1497 0 0 1801314 1459 2317096 31900
0 1499 0 0 1807111 1463 2324402 32000
0 1502 0 0 1812792 1466 2331653 32100
0 1507 0 0 1818568 1469 2338955 32200
0 1512 0 0 1824401 1472 2346187 32300
0 1515 0 0 1830215 1477 2353447 32400
0 1516 0 0 1835929 1479 2360576 32500
0 1522 0 0 1841644 1482 2367794 32600
0 1523 0 0 1847490 1487 2375071 32700
0 1526 0 0 1853338 1489 2382480 32800
0 1530 0 0 1859198 1491 2390020 32900
0 1533 0 0 1865091 1495 2397578 33000
0 1536 0 0 1870929 1498 2405121 33100
0 1539 0 0 1876882 1501 2412738 33200
0 1541 0 0 1882659 1504 2420329 33300
0 1543 0 0 1888462 1505 2427732 33400
0 1544 0 0 1894197 1508 2435070 33500
0 1549 0 0 1899865 1510 2442317 33600
0 1556 0 0 1905576 1516 2449589 33700
0 1558 0 0 1911385 1521 2456937 33800
0 1562 0 0 1917172 1524 2464237 33900
0 1567 0 0 1922795 1526 2471436 34000
0 1572 0 0 1928524 1533 2478712 34100
0 1576 0 0 1934315 1539 2486027 34200
0 1580 0 0 1940172 1540 2493432 34300
0 1585 0 0 1945853 1546 2500640 34400
0 1590 0 0 1951601 1549 2507870 34500
0 1594 0 0 1957511 1555 2515325 34600
0 1597 0 0 1963213 1558 2522744 34700
0 1601 0 0 1969020 1563 2530264 34800
0 1602 0 0 1974806 1566 2537757 34900
0 1607 0 0 1980574 1567 2545278 35000
0 1611 0 0 1986412 1571 2552814 35100
0 1615 0 0 1992282 1575 2560434 35200
0 1619 0 0 1998048 1579 2567894 35300
0 1622 0 0 2003807 1582 2575488 35400
0 1629 0 0 2009665 1589 2583209 35500
0 1633 0 0 2015506 1593 2590910 35600
0 1638 0 0 2021359 1598 2598595 35700
0 1641 0 0 2027106 1602 2606077 35800
0 1645 0 0 2032887 1605 2613468 35900
0 1651 0 0 2038604 1609 2620762 36000
0 1652 0 0 2044322 1614 2628054 36100
0 1658 0 0 2050104 1615 2635456 36200
0 1661 0 0 2055900 1622 2642807 36300
0 1661 0 0 2061606 1625 2650063 36400
0 1666 0 0 2067359 1627 2657224 36500
0 1669 0 0 2073165 1630 2664645 36600
0 1671 0 0 2078822 1634 2671976 36700
0 1677 0 0 2084626 1636 2679393 36800
0 1680 0 0 2090297 1640 2686740 36900
0 1682 0 0 2096105 1643 2694085 37000
0 1687 0 0 2101688 1646 2701070 37100
0 1689 0 0 2107402 1650 2708473 37200
0 1694 0 0 2113129 1654 2715784 37300
0 1696 0 0 2118880 1657 2723124 37400
0 1704 0 0 2124591 1661 2730502 37500
0 1710 0 0 2130327 1668 2737947 37600
0 1715 0 0 2136104 1673 2745458 37700
0 1719 0 0 2141922 1677 2752907 37800
0 1726 0 0 2147660 1684 2760277 37900
0 1732 0 0 2153258 1689 2767578 38000
0 1735 0 0 2159038 1695 2774867 38100
0 1744 0 0 2164699 1700 2782270 38200
0 1753 0 0 2170454 1705 2789764 38300
0 1757 0 0 2176160 1716 2797282 38400
0 1765 0 0 2181861 1720 2804825 38500
0 1769 0 0 2187769 1726 2812503 38600
0 1774 0 0 2193459 1730 2820102 38700
0 1779 0 0 2199304 1737 2827856 38800
0 1782 0 0 2205075 1741 2835248 38900
0 1789 0 0 2210821 1746 2842714 39000
0 1792 0 0 2216552 1749 2850217 39100
0 1798 0 0 2222313 1755 2857756 39200
0 1802 0 0 2228138 1757 2865322 39300
0 1806 0 0 2233839 1763 2872894 39400
0 1811 0 0 2239536 1766 2880325 39500
0 1813 0 0 2245276 1768 2887741 39600
0 1821 0 0 2250929 1772 2895084 39700
0 1825 0 0 2256599 1780 2902369 39800
0 1830 0 0 2262146 1784 2909557 39900
0 1838 0 0 2267863 1790 2916788 40000
0 1844 0 0 2273438 1796 2923906 40100
0 1852 0 0 2279059 1803 2931165 40200
0 1855 0 0 2284816 1810 2938461 40300
0 1859 0 0 2290434 1814 2945762 40400
0 1864 0 0 2296180 1818 2953287 40500
0 1870 0 0 2301829 1822 2960752 40600
0 1871 0 0 2307501 1828 2968176 40700
0 1872 0 0 2313253 1829 2975616 40800
0 1877 0 0 2318965 1830 2982915 40900
0 1883 0 0 2324703 1835 2990159 41000
0 1887 0 0 2330228 1840 2997134 41100
0 1892 0 0 2335936 1845 3004319 41200
0 1896 0 0 2341576 1849 3011577 41300
0 1897 0 0 2347339 1853 3018805 41400
0 1899 0 0 2353042 1855 3026059 41500
0 1903 0 0 2358850 1858 3033452 41600
0 1905 0 0 2364623 1861 3040880 41700
0 1912 0 0 2370292 1865 3048084 41800
0 1916 0 0 2376029 1869 3055433 41900
0 1921 0 0 2381739 1873 3062693 42000
0 1925 0 0 2387524 1877 3070213 42100
0 1927 0 0 2393286 1881 3077607 42200
0 1931 0 0 2399190 1884 3085294 42300
0 1935 0 0 2404856 1888 3092735 42400
0 1942 0 0 2410612 1892 3100168 42500
0 1945 0 0 2416351 1898 3107642 42600
0 1951 0 0 2422192 1902 3115090 42700
0 1951 0 0 2427836 1908 3122434 42800
0 1954 0 0 2433488 1909 3129774 42900
0 1959 0 0 2439326 1911 3137341 43000
0 1961 0 0 2444971 1912 3144763 43100
0 1962 0 0 2450776 1916 3152245 43200
0 1964 0 0 2456492 1918 3159694 43300
0 1969 0 0 2462246 1921 3167100 43400
0 1970 0 0 2468060 1924 3174521 43500
0 1975 0 0 2473709 1926 3181786 43600
0 1977 0 0 2479306 1929 3188860 43700
0 1981 0 0 2485018 1934 3196119 43800
0 1985 0 0 2490709 1935 3203140 43900
0 1987 0 0 2496417 1939 3210236 44000
0 1991 0 0 2502021 1944 3217196 44100
0 1995 0 0 2507692 1948 3224366 44200
0 2000 0 0 2513366 1951 3231444 44300
0 2005 0 0 2519039 1956 3238617 44400
0 2013 0 0 2524707 1961 3245776 44500
0 2016 0 0 2530409 1966 3252960 44600
0 2019 0 0 2536131 1970 3260130 44700
0 2024 0 0 2541802 1974 3267264 44800
0 2031 0 0 2547366 1978 3274292 44900
0 2033 0 0 2553116 1984 3281414 45000
0 2036 0 0 2558820 1986 3288464 45100
0 2041 0 0 2564405 1991 3295349 45200
0 2045 0 0 2570131 1996 3302532 45300
0 2051 0 0 2575764 1999 3309520 45400
0 2053 0 0 2581594 2004 3316662 45500
0 2057 0 0 2587306 2007 3323753 45600
0 2063 0 0 2592947 2011 3330667 45700
0 2068 0 0 2598601 2014 3337707 45800
0 2071 0 0 2604334 2019 3344828 45900
0 2076 0 0 2609895 2022 3351785 46000
0 2083 0 0 2615642 2028 3359030 46100
0 2088 0 0 2621303 2034 3366392 46200
0 2096 0 0 2627129 2039 3373674 46300
0 2100 0 0 2632911 2047 3381129 46400
0 2104 0 0 2638635 2054 3388472 46500
0 2108 0 0 2644398 2057 3395853 46600
0 2112 0 0 2650147 2059 3403130 46700
0 2113 0 0 2655919 2062 3410388 46800
0 2118 0 0 2661788 2064 3417810 46900
0 2120 0 0 2667581 2069 3425322 47000
0 2123 0 0 2673342 2071 3432698 47100
0 2127 0 0 2679048 2076 3440052 47200
0 2131 0 0 2684869 2077 3447472 47300
0 2134 0 0 2690595 2081 3454852 47400
0 2134 0 0 2696390 2084 3462438 47500
0 2142 0 0 2702165 2086 3469946 47600
0 2143 0 0 2708001 2091 3477574 47700
0 2146 0 0 2713777 2092 3485100 47800
0 2150 0 0 2719503 2094 3492532 47900
0 2154 0 0 2725300 2097 3499827 48000
0 2159 0 0 2730986 2102 3507064 48100
0 2165 0 0 2736681 2108 3514197 48200
0 2171 0 0 2742332 2114 3521484 48300
0 2174 0 0 2748098 2121 3528823 48400
0 2176 0 0 2753895 2123 3536042 48500
0 2181 0 0 2759591 2126 3543165 48600
0 2185 0 0 2765435 2131 3550613 48700
0 2190 0 0 2771025 2136 3557711 48800
0 2195 0 0 2776809 2137 3564954 48900
0 2198 0 0 2782446 2142 3571970 49000
0 2201 0 0 2788280 2147 3579213 49100
0 2204 0 0 2793917 2151 3586190 49200
0 2207 0 0 2799681 2154 3593291 49300
0 2214 0 0 2805365 2156 3600294 49400
0 2216 0 0 2811056 2162 3607372 49500
0 2221 0 0 2816804 2166 3614579 49600
0 2224 0 0 2822625 2171 3622027 49700
0 2228 0 0 2828459 2174 3629470 49800
0 2234 0 0 2834278 2177 3636953 49900
0 2242 0 0 2840110 2183 3644390 50000
0 2245 0 0 2845787 2192 3651755 50100
0 2255 0 0 2851549 2194 3659308 50200
0 2259 0 0 2857409 2204 3666956 50300
0 2266 0 0 2863158 2210 3674536 50400
0 2271 0 0 2868926 2213 3682190 50500
0 2271 0 0 2874696 2218 3689914 50600
0 2276 0 0 2880612 2221 3697762 50700
0 2282 0 0 2886444 2226 3705369 50800
0 2286 0 0 2892280 2231 3713195 50900
0 2292 0 0 2898153 2235 3720880 51000
0 2299 0 0 2904017 2242 3728473 51100
0 2305 0 0 2909876 2248 3736245 51200
0 2309 0 0 2915650 2255 3743828 51300
0 2314 0 0 2921491 2257 3751430 51400
0 2317 0 0 2927260 2262 3759036 51500
0 2321 0 0 2933033 2266 3766650 51600
0 2330 0 0 2938789 2272 3774156 51700
0 2334 0 0 2944638 2279 3781768 51800
0 2338 0 0 2950429 2280 3789443 51900
0 2346 0 0 2956208 2288 3797119 52000
0 2348 0 0 2962057 2292 3804881 52100
0 2351 0 0 2967979 2299 3812558 52200
0 2358 0 0 2973849 2301 3820254 52300
0 2360 0 0 2979814 2308 3828068 52400
0 2370 0 0 2985638 2309 3835783 52500
0 2373 0 0 2991422 2318 3843475 52600
0 2376 0 0 2997353 2322 3851269 52700
0 2379 0 0 3003269 2325 3859032 52800
0 2382 0 0 3009094 2328 3866675 52900
0 2385 0 0 3015020 2331 3874292 53000
0 2388 0 0 3020743 2334 3881551 53100
0 2391 0 0 3026560 2337 3888759 53200
0 2393 0 0 3032166 2339 3895880 53300
0 2396 0 0 3037902 2341 3903028 53400
0 2398 0 0 3043618 2345 3910157 53500
0 2399 0 0 3049405 2348 3917434 53600
0 2401 0 0 3055091 2348 3924561 53700
0 2404 0 0 3060795 2352 3931849 53800
0 2406 0 0 3066639 2354 3939257 53900
0 2414 0 0 3072413 2357 3946704 54000
0 2418 0 0 3078230 2365 3954134 54100
0 2424 0 0 3084073 2367 3961568 54200
0 2431 0 0 3089818 2373 3968893 54300
0 2436 0 0 3095594 2379 3976190 54400
0 2440 0 0 3101300 2385 3983421 54500
0 2447 0 0 3107151 2389 3990767 54600
0 2452 0 0 3112811 2394 3997889 54700
0 2455 0 0 3118562 2400 4005193 54800
0 2465 0 0 3124387 2404 4012707 54900
0 2467 0 0 3130284 2410 4020372 55000
0 2467 0 0 3136211 2413 4027980 55100
0 2477 0 0 3141993 2417 4035489 55200
0 2479 0 0 3147809 2424 4043014 55300
0 2483 0 0 3153618 2426 4050403 55400
0 2486 0 0 3159426 2430 4057702 55500
0 2486 0 0 3165142 2432 4064938 55600
0 2488 0 0 3170886 2433 4072182 55700
0 2492 0 0 3176665 2435 4079437 55800
0 2497 0 0 3182519 2439 4086874 55900
0 2498 0 0 3188296 2443 4094228 56000
0 2502 0 0 3194100 2445 4101606 56100
0 2505 0 0 3199976 2449 4109029 56200
0 2510 0 0 3205677 2451 4116465 56300
0 2515 0 0 3211568 2456 4124030 56400
0 2519 0 0 3217357 2461 4131525 56500
0 2524 0 0 3223196 2464 4138987 56600
0 2530 0 0 3228924 2468 4146354 56700
0 2532 0 0 3234629 2473 4153571 56800
0 2536 0 0 3240452 2475 4160987 56900
0 2539 0 0 3246134 2479 4168180 57000
0 2541 0 0 3251902 2482 4175653 57100
0 2546 0 0 3257665 2483 4183162 57200
0 2551 0 0 3263490 2489 4190724 57300
0 2557 0 0 3269302 2494 4198322 57400
0 2562 0 0 3275019 2501 4205975 57500
0 2567 0 0 3280883 2504 4213813 57600
0 2575 0 0 3286787 2512 4221701 57700
0 2581 0 0 3292632 2519 4229344 57800
0 2585 0 0 3298506 2522 4237172 57900
0 2589 0 0 3304297 2527 4245055 58000
0 2596 0 0 3310295 2531 4253148 58100
0 2599 0 0 3316265 2537 4261379 58200
0 2605 0 0 3322203 2542 4269546 58300
0 2610 0 0 3328236 2547 4277669 58400
0 2613 0 0 3334187 2552 4285624 58500
0 2616 0 0 3340054 2555 4293514 58600
0 2619 0 0 3345888 2557 4301228 58700
0 2625 0 0 3351674 2562 4308833 58800
0 2630 0 0 3357529 2567 4316532 58900
0 2631 0 0 3363419 2572 4324245 59000
0 2637 0 0 3369090 2574 4331622 59100
0 2638 0 0 3374943 2579 4338945 59200
0 2642 0 0 3380549 2580 4346118 59300
0 2646 0 0 3386356 2583 4353637 59400
0 2649 0 0 3392165 2588 4361297 59500
0 2653 0 0 3397900 2591 4369002 59600
0 2653 0 0 3403818 2594 4376834 59700
0 2655 0 0 3409705 2595 4384731 59800
0 2660 0 0 3415541 2596 4392596 59900
0 2663 0 0 3421378 2602 4400476 60000
0 2670 0 0 3427269 2605 4408318 60100
0 2676 0 0 3433017 2612 4416216 60200
0 2682 0 0 3438877 2617 4424204 60300
0 2686 0 0 3444911 2624 4432404 60400
0 2693 0 0 3450862 2628 4440390 60500
0 2695 0 0 3456678 2634 4448101 60600
0 2704 0 0 3462549 2638 4455868 60700
0 2709 0 0 3468410 2646 4463454 60800
0 2715 0 0 3474204 2651 4471195 60900
0 2723 0 0 3480073 2656 4478948 61000
0 2728 0 0 3485935 2661 4486579 61100
0 2733 0 0 3491756 2666 4494105 61200
0 2737 0 0 3497602 2671 4501609 61300
0 2741 0 0 3503396 2675 4509134 61400
0 2743 0 0 3509075 2677 4516505 61500
0 2746 0 0 3514932 2681 4524014 61600
0 2752 0 0 3520663 2685 4531379 61700
0 2759 0 0 3526422 2688 4538762 61800
0 2762 0 0 3532186 2695 4546317 61900
0 2765 0 0 3538094 2699 4554042 62000
0 2767 0 0 3543984 2703 4561646 62100
0 2773 0 0 3549848 2704 4569172 62200
0 2775 0 0 3555631 2709 4576612 62300
0 2778 0 0 3561503 2710 4584218 62400
0 2783 0 0 3567327 2716 4591715 62500
0 2786 0 0 3573190 2720 4599131 62600
0 2791 0 0 3578907 2722 4606411 62700
0 2794 0 0 3584662 2727 4613655 62800
0 2799 0 0 3590323 2730 4620750 62900
0 2802 0 0 3596131 2734 4627928 63000
0 2809 0 0 3601812 2738 4635012 63100
0 2815 0 0 3607490 2746 4642057 63200
0 2821 0 0 3613287 2752 4649434 63300
0 2824 0 0 3618937 2756 4656706 63400
0 2825 0 0 3624803 2758 4664030 63500
0 2830 0 0 3630560 2761 4671307 63600
0 2831 0 0 3636209 2766 4678357 63700
0 2833 0 0 3641867 2767 4685444 63800
0 2837 0 0 3647630 2768 4692682 63900
0 2840 0 0 3653454 2772 4699908 64000
0 2843 0 0 3659123 2776 4707016 64100
0 2851 0 0 3664913 2780 4714491 64200
0 2855 0 0 3670723 2786 4721993 64300
0 2860 0 0 3676572 2790 4729617 64400
0 2863 0 0 3682347 2795 4737076 64500
0 2866 0 0 3688230 2798 4744661 64600
0 2868 0 0 3693975 2801 4752011 64700
0 2871 0 0 3699742 2803 4759259 64800
0 2875 0 0 3705406 2807 4766366 64900
0 2882 0 0 3711214 2810 4773596 65000
0 2887 0 0 3716983 2817 4780759 65100
0 2890 0 0 3722702 2823 4788051 65200
0 2894 0 0 3728467 2826 4795385 65300
0 2898 0 0 3734120 2829 4802557 65400
0 2901 0 0 3739987 2834 4809879 65500
0 2906 0 0 3745696 2837 4817111 65600
0 2910 0 0 3751350 2840 4824364 65700
0 2912 0 0 3757141 2844 4831752 65800
0 2916 0 0 3762870 2846 4838913 65900
0 2920 0 0 3768647 2851 4846245 66000
0 2927 0 0 3774480 2853 4853585 66100
0 2928 0 0 3780093 2862 4860627 66200
0 2931 0 0 3785862 2862 4867722 66300
0 2937 0 0 3791501 2865 4874860 66400
0 2941 0 0 3797232 2872 4881999 66500
0 2946 0 0 3802894 2875 4889032 66600
0 2950 0 0 3808553 2879 4896019 66700
0 2951 0 0 3814229 2884 4903051 66800
0 2957 0 0 3819959 2886 4910126 66900
0 2962 0 0 3825625 2892 4917318 67000
0 2967 0 0 3831405 2895 4924655 67100
0 2969 0 0 3837052 2900 4931772 67200
0 2971 0 0 3842814 2902 4938931 67300
0 2973 0 0 3848457 2903 4945848 67400
0 2977 0 0 3854052 2907 4952712 67500
0 2981 0 0 3859761 2911 4959712 67600
0 2987 0 0 3865310 2914 4966548 67700
0 2989 0 0 3871042 2920 4973560 67800
0 2993 0 0 3876650 2923 4980551 67900
0 2994 0 0 3882301 2925 4987420 68000
0 2994 0 0 3888015 2926 4994357 68100
0 2999 0 0 3893724 2929 5001398 68200
0 3002 0 0 3899493 2931 5008576 68300
0 3005 0 0 3905174 2934 5015660 68400
0 3009 0 0 3910949 2938 5022903 68500
0 3016 0 0 3916695 2940 5030076 68600
0 3017 0 0 3922448 2946 5037219 68700
0 3020 0 0 3928108 2948 5044305 68800
0 3025 0 0 3933825 2952 5051348 68900
0 3028 0 0 3939479 2955 5058414 69000
0 3032 0 0 3945139 2957 5065377 69100
0 3035 0 0 3950789 2962 5072348 69200
0 3038 0 0 3956496 2964 5079373 69300
0 3044 0 0 3962128 2971 5086360 69400
0 3048 0 0 3967773 2973 5093488 69500
0 3054 0 0 3973500 2977 5100658 69600
0 3056 0 0 3979275 2983 5107997 69700
0 3061 0 0 3985058 2985 5115199 69800
0 3065 0 0 3990871 2990 5122662 69900
0 3071 0 0 3996527 2994 5129790 70000
0 3079 0 0 4002272 3000 5137113 70100
0 3084 0 0 4007911 3007 5144287 70200
0 3090 0 0 4013655 3012 5151769 70300
0 3094 0 0 4019496 3018 5159332 70400
0 3100 0 0 4025187 3021 5166682 70500
0 3109 0 0 4030903 3028 5174162 70600
0 3115 0 0 4036645 3034 5181682 70700
0 3121 0 0 4042382 3041 5189200 70800
0 3126 0 0 4048193 3048 5196798 70900
0 3130 0 0 4054009 3055 5204405 71000
0 3134 0 0 4059824 3059 5212083 71100
0 3139 0 0 4065604 3065 5219624 71200
0 3142 0 0 4071341 3066 5226859 71300
0 3149 0 0 4077095 3070 5234262 71400
0 3150 0 0 4082844 3077 5241681 71500
0 3159 0 0 4088638 3079 5249257 71600
0 3162 0 0 4094460 3086 5256769 71700
0 3166 0 0 4100139 3089 5264114 71800
0 3171 0 0 4105866 3093 5271296 71900
0 3175 0 0 4111670 3098 5278465 72000
0 3178 0 0 4117353 3103 5285548 72100
0 3181 0 0 4123213 3105 5292774 72200
0 3185 0 0 4128817 3109 5299773 72300
0 3188 0 0 4134529 3111 5306892 72400
0 3194 0 0 4140170 3114 5313873 72500
0 3197 0 0 4145882 3121 5320986 72600
0 3199 0 0 4151639 3124 5328181 72700
0 3203 0 0 4157442 3127 5335456 72800
0 3205 0 0 4163141 3131 5342720 72900
0 3212 0 0 4168937 3132 5350174 73000
0 3214 0 0 4174679 3138 5357429 73100
0 3218 0 0 4180463 3141 5364739 73200
0 3220 0 0 4186283 3146 5372028 73300
0 3223 0 0 4192004 3147 5379141 73400
0 3231 0 0 4197885 3150 5386618 73500
0 3233 0 0 4203666 3155 5393966 73600
0 3236 0 0 4209478 3159 5401401 73700
0 3240 0 0 4215295 3162 5409045 73800
0 3243 0 0 4221116 3165 5416773 73900
0 3249 0 0 4226933 3169 5424408 74000
0 3251 0 0 4232896 3175 5432255 74100
0 3254 0 0 4238602 3177 5439779 74200
0 3260 0 0 4244432 3180 5447519 74300
0 3264 0 0 4250300 3184 5455331 74400
0 3269 0 0 4256082 3190 5463075 74500
0 3272 0 0 4261800 3195 5470566 74600
0 3278 0 0 4267529 3200 5478150 74700
0 3284 0 0 4273415 3206 5485763 74800
0 3288 0 0 4279168 3210 5493305 74900
0 3294 0 0 4284918 3214 5500947 75000
0 3299 0 0 4290693 3220 5508517 75100
0 3304 0 0 4296488 3223 5515988 75200
0 3310 0 0 4302212 3229 5523348 75300
0 3312 0 0 4307964 3235 5530719 75400
0 3319 0 0 4313730 3238 5538213 75500
0 3323 0 0 4319474 3242 5545736 75600
0 3326 0 0 4325231 3247 5553090 75700
0 3334 0 0 4331014 3251 5560514 75800
0 3340 0 0 4336763 3259 5568024 75900
0 3344 0 0 4342594 3263 5575656 76000
0 3350 0 0 4348420 3267 5583244 76100
0 3355 0 0 4354243 3273 5590949 76200
0 3362 0 0 4360059 3280 5598486 76300
0 3364 0 0 4365778 3285 5605898 76400
0 3369 0 0 4371624 3288 5613464 76500
0 3371 0 0 4377291 3293 5620763 76600
0 3376 0 0 4382969 3294 5627865 76700
0 3378 0 0 4388545 3299 5634897 76800
0 3379 0 0 4394344 3301 5642014 76900
0 3383 0 0 4399947 3301 5649000 77000
0 3383 0 0 4405619 3304 5655925 77100
0 3385 0 0 4411217 3305 5662846 77200
0 3388 0 0 4416985 3307 5669909 77300
0 3391 0 0 4422612 3309 5676876 77400
0 3395 0 0 4428372 3312 5684003 77500
0 3396 0 0 4434139 3316 5691300 77600
0 3399 0 0 4439915 3318 5698651 77700
0 3401 0 0 4445601 3320 5705849 77800
0 3407 0 0 4451429 3324 5713126 77900
0 3410 0 0 4457174 3328 5720356 78000
0 3416 0 0 4462877 3331 5727495 78100
0 3420 0 0 4468680 3337 5734865 78200
0 3424 0 0 4474422 3340 5742218 78300
0 3430 0 0 4480120 3346 5749464 78400
0 3432 0 0 4485956 3349 5756889 78500
0 3439 0 0 4491682 3354 5764134 78600
0 3442 0 0 4497349 3360 5771305 78700
0 3449 0 0 4503112 3363 5778672 78800
0 3452 0 0 4508883 3368 5785991 78900
0 3458 0 0 4514640 3372 5793363 79000
0 3459 0 0 4520389 3376 5800708 79100
0 3463 0 0 4526147 3378 5808085 79200
0 3466 0 0 4531808 3382 5815186 79300
0 3474 0 0 4537517 3386 5822424 79400
0 3476 0 0 4543266 3391 5829569 79500
0 3478 0 0 4548954 3395 5836737 79600
0 3479 0 0 4554625 3396 5843923 79700
0 3484 0 0 4560418 3398 5851329 79800
0 3489 0 0 4566217 3402 5858712 79900
0 3492 0 0 4571899 3406 5865980 80000
0 3495 0 0 4577635 3410 5873269 80100
0 3500 0 0 4583358 3413 5880569 80200
0 3502 0 0 4589122 3418 5887908 80300
0 3506 0 0 4594898 3421 5895259 80400
0 3511 0 0 4600551 3423 5902515 80500
0 3514 0 0 4606331 3430 5909783 80600
0 3518 0 0 4612066 3432 5917062 80700
0 3520 0 0 4617817 3434 5924341 80800
0 3522 0 0 4623488 3437 5931534 80900
0 3526 0 0 4629258 3439 5938755 81000
0 3531 0 0 4634947 3443 5945937 81100
0 3536 0 0 4640641 3448 5953071 81200
0 3539 0 0 4646394 3453 5960402 81300
0 3541 0 0 4652199 3456 5967748 81400
0 3544 0 0 4657990 3458 5974987 81500
0 3549 0 0 4663728 3462 5982291 81600
0 3552 0 0 4669374 3468 5989484 81700
0 3556 0 0 4675241 3469 5996979 81800
0 3560 0 0 4680950 3473 6004356 81900
0 3562 0 0 4686693 3477 6011728 82000
0 3566 0 0 4692509 3479 6019229 82100
0 3569 0 0 4698139 3483 6026506 82200
0 3573 0 0 4704042 3486 6034102 82300
0 3577 0 0 4709723 3490 6041447 82400
0 3580 0 0 4715481 3492 6048661 82500
0 3582 0 0 4721244 3496 6055926 82600
0 3585 0 0 4726881 3498 6063137 82700
0 3592 0 0 4732698 3502 6070523 82800
0 3596 0 0 4738414 3508 6077806 82900
0 3598 0 0 4744095 3512 6085071 83000
0 3604 0 0 4749852 3515 6092392 83100
0 3608 0 0 4755464 3518 6099579 83200
0 3611 0 0 4761133 3524 6106765 83300
0 3613 0 0 4766935 3527 6114216 83400
0 3616 0 0 4772760 3529 6121711 83500
0 3620 0 0 4778531 3532 6129104 83600
0 3623 0 0 4784460 3535 6136776 83700
0 3627 0 0 4790190 3538 6144271 83800
0 3634 0 0 4796041 3546 6151859 83900
0 3637 0 0 4801876 3548 6159343 84000
0 3642 0 0 4807726 3552 6167051 84100
0 3644 0 0 4813559 3557 6174553 84200
0 3649 0 0 4819427 3560 6182203 84300
0 3656 0 0 4825257 3562 6189729 84400
0 3659 0 0 4830965 3569 6197105 84500
0 3662 0 0 4836828 3573 6204690 84600
0 3670 0 0 4842625 3576 6212344 84700
0 3674 0 0 4848478 3584 6220013 84800
0 3679 0 0 4854239 3586 6227548 84900
0 3683 0 0 4860049 3592 6235178 85000
0 3685 0 0 4865832 3596 6242809 85100
0 3692 0 0 4871477 3599 6250305 85200
0 3696 0 0 4877264 3606 6257928 85300
0 3700 0 0 4883184 3610 6265780 85400
0 3708 0 0 4888952 3614 6273588 85500
0 3715 0 0 4894811 3620 6281560 85600
0 3718 0 0 4900830 3627 6289598 85700
0 3722 0 0 4906563 3633 6297398 85800
0 3730 0 0 4912536 3636 6305351 85900
0 3736 0 0 4918421 3642 6313314 86000
0 3739 0 0 4924298 3647 6321187 86100
0 3744 0 0 4930244 3652 6329080 86200
0 3747 0 0 4936083 3655 6336932 86300
0 3756 0 0 4942051 3660 6344758 86400
0 3760 0 0 4947816 3669 6352506 86500
0 3766 0 0 4953719 3672 6360389 86600
0 3773 0 0 4959536 3677 6368311 86700
0 3773 0 0 4965509 3682 6376382 86800
0 3778 0 0 4971433 3683 6384573 86900
0 3780 0 0 4977299 3688 6392504 87000
0 3782 0 0 4983159 3689 6400206 87100
0 3786 0 0 4989021 3692 6407656 87200
0 3789 0 0 4994643 3696 6414812 87300
0 3791 0 0 5000413 3699 6422032 87400
0 3795 0 0 5006180 3699 6429303 87500
0 3797 0 0 5011830 3705 6436632 87600
0 3802 0 0 5017606 3708 6444001 87700
0 3803 0 0 5023437 3712 6451408 87800
0 3807 0 0 5029128 3714 6458695 87900
0 3810 0 0 5034836 3717 6466017 88000
0 3812 0 0 5040514 3720 6473291 88100
0 3815 0 0 5046200 3721 6480610 88200
0 3818 0 0 5051869 3726 6488134 88300
0 3822 0 0 5057649 3727 6495796 88400
0 3825 0 0 5063504 3732 6503548 88500
0 3827 0 0 5069353 3735 6511332 88600
0 3832 0 0 5075257 3739 6519127 88700
0 3837 0 0 5081046 3742 6526737 88800
0 3839 0 0 5086895 3747 6534423 88900
0 3843 0 0 5092632 3749 6541887 89000
0 3846 0 0 5098476 3750 6549532 89100
0 3847 0 0 5104280 3755 6557140 89200
0 3852 0 0 5110148 3758 6564783 89300
0 3856 0 0 5116008 3761 6572423 89400
0 3861 0 0 5121814 3766 6579941 89500
0 3865 0 0 5127639 3770 6587360 89600
0 3867 0 0 5133451 3773 6594738 89700
0 3869 0 0 5139169 3776 6602117 89800
0 3874 0 0 5144894 3778 6609505 89900
0 3875 0 0 5150774 3782 6617043 90000
0 3879 0 0 5156569 3783 6624601 90100
0 3882 0 0 5162323 3787 6632096 90200
0 3886 0 0 5168099 3791 6639677 90300
0 3892 0 0 5173898 3796 6647390 90400
0 3894 0 0 5179721 3799 6655164 90500
0 3897 0 0 5185655 3803 6663093 90600
0 3900 0 0 5191447 3806 6670929 90700
0 3905 0 0 5197381 3809 6678928 90800
0 3910 0 0 5203255 3813 6686736 90900
0 3915 0 0 5209072 3819 6694595 91000
0 3919 0 0 5214906 3825 6702408 91100
0 3925 0 0 5220693 3828 6710155 91200
0 3930 0 0 5226573 3834 6718036 91300
0 3934 0 0 5232467 3839 6725953 91400
0 3937 0 0 5238347 3842 6733996 91500
0 3941 0 0 5244222 3846 6741955 91600
0 3944 0 0 5250119 3850 6749827 91700
0 3947 0 0 5256002 3853 6757818 91800
0 3947 0 0 5261781 3855 6765488 91900
0 3948 0 0 5267731 3855 6773355 92000
0 3952 0 0 5273474 3857 6781088 92100
0 3956 0 0 5279356 3859 6788918 92200
0 3958 0 0 5285330 3864 6796791 92300
0 3962 0 0 5291171 3866 6804570 92400
0 3966 0 0 5297009 3871 6812412 92500
0 3968 0 0 5302892 3874 6820234 92600
0 3969 0 0 5308744 3876 6828137 92700
0 3973 0 0 5314646 3876 6836003 92800
0 3976 0 0 5320453 3880 6843779 92900
0 3978 0 0 5326398 3884 6851820 93000
0 3980 0 0 5332262 3886 6859767 93100
0 3981 0 0 5338250 3888 6867799 93200
0 3984 0 0 5344124 3890 6875738 93300
0 3989 0 0 5350037 3891 6883742 93400
0 3991 0 0 5355917 3897 6891702 93500
0 3991 0 0 5361871 3898 6899604 93600
0 3995 0 0 5367626 3899 6907054 93700
0 3997 0 0 5373449 3903 6914494 93800
0 3999 0 0 5379148 3907 6921647 93900
0 4006 0 0 5384818 3909 6928651 94000
0 4006 0 0 5390488 3914 6935648 94100
0 4009 0 0 5396079 3914 6942552 94200
0 4011 0 0 5401873 3916 6949795 94300
0 4015 0 0 5407387 3919 6956760 94400
0 4019 0 0 5413154 3922 6963982 94500
0 4023 0 0 5418828 3927 6971244 94600
0 4027 0 0 5424540 3931 6978556 94700
0 4032 0 0 5430250 3935 6985776 94800
0 4035 0 0 5435967 3939 6992949 94900
0 4038 0 0 5441660 3944 7000192 95000
0 4041 0 0 5447377 3947 7007453 95100
0 4044 0 0 5453045 3949 7014696 95200
0 4049 0 0 5458746 3953 7021889 95300
0 4051 0 0 5464310 3954 7028863 95400
0 4055 0 0 5469972 3958 7036053 95500
0 4057 0 0 5475530 3962 7043149 95600
0 4064 0 0 5481191 3965 7050354 95700
0 4071 0 0 5486981 3969 7057768 95800
0 4073 0 0 5492614 3977 7064971 95900
0 4077 0 0 5498413 3979 7072394 96000
0 4079 0 0 5504184 3982 7079668 96100
0 4081 0 0 5509886 3985 7086864 96200
0 4087 0 0 5515540 3987 7093989 96300
0 4091 0 0 5521197 3993 7101091 96400
0 4093 0 0 5526915 3997 7108329 96500
0 4094 0 0 5532576 3998 7115644 96600
0 4098 0 0 5538282 4000 7123067 96700
0 4100 0 0 5544028 4004 7130485 96800
0 4104 0 0 5549701 4006 7137886 96900
0 4108 0 0 5555587 4011 7145344 97000
0 4109 0 0 5561309 4013 7152806 97100
0 4115 0 0 5567013 4015 7160104 97200
0 4116 0 0 5572674 4020 7167238 97300
0 4119 0 0 5578443 4023 7174695 97400
0 4121 0 0 5584240 4024 7182343 97500
0 4124 0 0 5589996 4027 7189823 97600
0 4126 0 0 5595745 4029 7197372 97700
0 4128 0 0 5601512 4030 7204956 97800
0 4129 0 0 5607339 4032 7212525 97900
0 4132 0 0 5613012 4034 7220003 98000
0 4134 0 0 5618773 4037 7227496 98100
0 4137 0 0 5624546 4039 7235026 98200
0 4143 0 0 5630328 4042 7242411 98300
0 4148 0 0 5635975 4046 7249607 98400
0 4149 0 0 5641638 4052 7256870 98500
0 4155 0 0 5647371 4055 7264287 98600
0 4156 0 0 5653074 4059 7271587 98700
0 4157 0 0 5658800 4061 7278875 98800
0 4158 0 0 5664391 4062 7286122 98900
0 4162 0 0 5670200 4062 7293350 99000
0 4164 0 0 5675713 4066 7300387 99100
0 4165 0 0 5681336 4068 7307451 99200
0 4170 0 0 5686932 4070 7314637 99300
0 4174 0 0 5692609 4074 7321896 99400
0 4176 0 0 5698292 4078 7329205 99500
0 4178 0 0 5704031 4080 7336625 99600
0 4183 0 0 5709592 4081 7343817 99700
0 4186 0 0 5715387 4085 7351237 99800
0 4188 0 0 5721005 4088 7358371 99900
0 4190 0 0 5726679 4090 7365566 100000
0 4191 0 0 5732287 4091 7372651 100100
0 4193 0 0 5738013 4093 7379790 100200
0 4196 0 0 5743574 4094 7386752 100300
0 4200 0 0 5749187 4100 7393732 100400
0 4205 0 0 5754823 4102 7400826 100500
0 4207 0 0 5760453 4106 7407923 100600
0 4211 0 0 5766105 4109 7415138 100700
0 4216 0 0 5771782 4112 7422488 100800
0 4217 0 0 5777604 4118 7430029 100900
0 4221 0 0 5783155 4119 7437172 101000
0 4223 0 0 5788864 4123 7444542 101100
0 4228 0 0 5794491 4124 7451839 101200
0 4232 0 0 5800230 4132 7459171 101300
0 4240 0 0 5805886 4134 7466440 101400
0 4242 0 0 5811690 4141 7473843 101500
0 4246 0 0 5817341 4147 7481092 101600
0 4250 0 0 5823096 4148 7488319 101700
0 4252 0 0 5828760 4152 7495452 101800
0 4256 0 0 5834467 4154 7502661 101900
0 4256 0 0 5839999 4157 7509659 102000
0 4259 0 0 5845709 4158 7516726 102100
0 4261 0 0 5851459 4162 7523873 102200
0 4263 0 0 5857020 4164 7530785 102300
0 4266 0 0 5862799 4165 7537976 102400
0 4268 0 0 5868434 4168 7545158 102500
0 4272 0 0 5874146 4170 7552418 102600
0 4275 0 0 5879874 4174 7559665 102700
0 4277 0 0 5885500 4177 7566968 102800
0 4284 0 0 5891419 4178 7574526 102900
0 4284 0 0 5897234 4186 7582083 103000
0 4291 0 0 5903082 4186 7589720 103100
0 4300 0 0 5908920 4194 7597508 103200
0 4303 0 0 5914832 4201 7605264 103300
0 4306 0 0 5920671 4205 7613004 103400
0 4310 0 0 5926488 4208 7620630 103500
0 4315 0 0 5932323 4213 7628235 103600
0 4318 0 0 5938200 4217 7635940 103700
0 4323 0 0 5943963 4221 7643421 103800
0 4330 0 0 5949791 4225 7651153 103900
0 4335 0 0 5955764 4231 7658799 104000
0 4340 0 0 5961462 4237 7666214 104100
0 4344 0 0 5967338 4241 7673778 104200
0 4351 0 0 5973089 4247 7681185 104300
0 4354 0 0 5978840 4252 7688497 104400
0 4360 0 0 5984708 4256 7695987 104500
0 4362 0 0 5990552 4261 7703425 104600
0 4364 0 0 5996280 4262 7710705 104700
0 4367 0 0 6002048 4263 7718078 104800
0 4369 0 0 6007913 4267 7725641 104900
0 4372 0 0 6013669 4269 7733028 105000
0 4374 0 0 6019537 4272 7740737 105100
0 4378 0 0 6025286 4274 7748442 105200
0 4381 0 0 6031100 4278 7756119 105300
0 4384 0 0 6036961 4282 7763738 105400
0 4386 0 0 6042770 4285 7771342 105500
0 4389 0 0 6048543 4285 7778769 105600
0 4393 0 0 6054333 4290 7786178 105700
0 4398 0 0 6060152 4292 7793861 105800
0 4401 0 0 6065936 4296 7801411 105900
0 4407 0 0 6071752 4300 7808810 106000
0 4412 0 0 6077647 4305 7816283 106100
0 4416 0 0 6083514 4311 7823716 106200
0 4419 0 0 6089295 4313 7831114 106300
0 4422 0 0 6095162 4317 7838561 106400
0 4426 0 0 6101000 4321 7845968 106500
0 4429 0 0 6106799 4323 7853225 106600
0 4431 0 0 6112557 4326 7860351 106700
0 4435 0 0 6118268 4328 7867401 106800
0 4436 0 0 6124063 4332 7874487 106900
0 4442 0 0 6129812 4333 7881597 107000
0 4444 0 0 6135604 4337 7888888 107100
0 4449 0 0 6141391 4340 7896290 107200
0 4452 0 0 6147222 4344 7903937 107300
0 4455 0 0 6153078 4348 7911639 107400
0 4457 0 0 6158965 4351 7919276 107500
0 4463 0 0 6164801 4355 7926965 107600
0 4464 0 0 6170597 4359 7934720 107700
0 4470 0 0 6176415 4360 7942372 107800
0 4473 0 0 6182239 4366 7950087 107900
0 4479 0 0 6187965 4368 7957500 108000
0 4483 0 0 6193630 4375 7964999 108100
0 4488 0 0 6199424 4378 7972636 108200
0 4492 0 0 6205220 4384 7980348 108300
0 4497 0 0 6211002 4388 7987964 108400
0 4502 0 0 6216722 4394 7995535 108500
0 4507 0 0 6222426 4398 8002947 108600
0 4512 0 0 6228215 4401 8010589 108700
0 4515 0 0 6233966 4407 8018052 108800
0 4520 0 0 6239763 4409 8025619 108900
0 4526 0 0 6245546 4415 8033198 109000
0 4531 0 0 6251358 4420 8040821 109100
0 4537 0 0 6257134 4426 8048463 109200
0 4543 0 0 6262950 4431 8056107 109300
0 4552 0 0 6268676 4440 8063747 109400
0 4557 0 0 6274443 4446 8071383 109500
0 4564 0 0 6280286 4451 8078984 109600
0 4571 0 0 6286141 4460 8086595 109700
0 4579 0 0 6291871 4465 8094059 109800
0 4584 0 0 6297673 4473 8101594 109900
0 4591 0 0 6303398 4476 8109056 110000
0 4599 0 0 6309332 4483 8116714 110100
0 4601 0 0 6314988 4490 8124093 110200
0 4606 0 0 6320832 4494 8131530 110300
0 4611 0 0 6326612 4498 8138975 110400
0 4616 0 0 6332516 4503 8146713 110500
0 4619 0 0 6338283 4510 8154170 110600
0 4626 0 0 6344185 4511 8161674 110700
0 4629 0 0 6349913 4517 8169119 110800
0 4632 0 0 6355634 4521 8176394 110900
0 4636 0 0 6361454 4524 8183756 111000
0 4638 0 0 6367241 4527 8191035 111100
0 4641 0 0 6372886 4530 8198314 111200
0 4645 0 0 6378607 4532 8205584 111300
0 4648 0 0 6384356 4537 8212855 111400
0 4654 0 0 6390025 4540 8220122 111500
0 4659 0 0 6395817 4545 8227369 111600
0 4662 0 0 6401473 4549 8234404 111700
0 4665 0 0 6407059 4553 8241353 111800
0 4666 0 0 6412631 4556 8248198 111900
0 4669 0 0 6418270 4557 8255055 112000
0 4674 0 0 6423843 4560 8261816 112100
0 4675 0 0 6429470 4563 8268630 112200
0 4679 0 0 6435138 4564 8275554 112300
0 4681 0 0 6440803 4569 8282505 112400
0 4686 0 0 6446663 4570 8289779 112500
0 4688 0 0 6452350 4575 8296821 112600
0 4689 0 0 6458070 4577 8303852 112700
0 4696 0 0 6463749 4578 8310858 112800
0 4699 0 0 6469394 4584 8317870 112900
0 4703 0 0 6475063 4587 8324729 113000
0 4707 0 0 6480684 4590 8331481 113100
0 4709 0 0 6486351 4594 8338324 113200
0 4716 0 0 6491916 4596 8345172 113300
0 4720 0 0 6497593 4601 8352071 113400
0 4724 0 0 6503231 4607 8358957 113500
0 4731 0 0 6508851 4612 8365999 113600
0 4737 0 0 6514603 4617 8373290 113700
0 4740 0 0 6520370 4621 8380778 113800
0 4745 0 0 6526137 4627 8388309 113900
0 4749 0 0 6531929 4632 8396008 114000
0 4754 0 0 6537790 4636 8403946 114100
0 4759 0 0 6543686 4641 8411874 114200
0 4764 0 0 6549590 4646 8419843 114300
0 4768 0 0 6555396 4652 8427707 114400
0 4773 0 0 6561285 4655 8435657 114500
0 4779 0 0 6567110 4659 8443546 114600
0 4780 0 0 6573003 4663 8451462 114700
0 4783 0 0 6578910 4665 8459541 114800
0 4787 0 0 6584856 4669 8467379 114900
0 4793 0 0 6590780 4673 8475364 115000
0 4797 0 0 6596641 4679 8483230 115100
0 4803 0 0 6602651 4685 8491105 115200
0 4805 0 0 6608354 4689 8498658 115300
0 4811 0 0 6614245 4690 8506365 115400
0 4811 0 0 6619947 4696 8513796 115500
0 4814 0 0 6625847 4697 8521254 115600
0 4815 0 0 6631424 4700 8528355 115700
0 4818 0 0 6637140 4702 8535472 115800
0 4820 0 0 6642819 4702 8542751 115900
0 4824 0 0 6648575 4707 8550166 116000
0 4827 0 0 6654320 4710 8557717 116100
0 4830 0 0 6660001 4712 8565240 116200
0 4836 0 0 6665925 4716 8573162 116300
0 4840 0 0 6671681 4720 8580723 116400
0 4844 0 0 6677558 4727 8588349 116500
0 4847 0 0 6683338 4729 8595765 116600
0 4851 0 0 6689126 4731 8603302 116700
0 4854 0 0 6694948 4735 8610918 116800
0 4859 0 0 6700770 4738 8618530 116900
0 4861 0 0 6706471 4741 8625946 117000
0 4865 0 0 6712168 4744 8633351 117100
0 4868 0 0 6717911 4747 8640753 117200
0 4870 0 0 6723698 4751 8648392 117300
0 4875 0 0 6729517 4754 8655927 117400
0 4879 0 0 6735313 4758 8663600 117500
0 4884 0 0 6740970 4763 8670971 117600
0 4888 0 0 6746742 4766 8678319 117700
0 4888 0 0 6752361 4770 8685407 117800
0 4893 0 0 6758047 4770 8692689 117900
0 4896 0 0 6763684 4776 8699832 118000
0 4898 0 0 6769427 4776 8707087 118100
0 4902 0 0 6775079 4780 8714149 118200
0 4906 0 0 6780791 4782 8721185 118300
0 4906 0 0 6786338 4785 8728216 118400
0 4912 0 0 6792012 4786 8735360 118500
0 4915 0 0 6797718 4792 8742663 118600
0 4919 0 0 6803388 4794 8750025 118700
0 4923 0 0 6809300 4797 8757467 118800
0 4926 0 0 6814972 4803 8764664 118900
0 4929 0 0 6820715 4806 8771771 119000
0 4931 0 0 6826463 4808 8778843 119100
0 4933 0 0 6832061 4810 8785635 119200
0 4933 0 0 6837669 4811 8792507 119300
0 4934 0 0 6843325 4811 8799418 119400
0 4935 0 0 6848943 4812 8806302 119500
0 4938 0 0 6854540 4813 8813180 119600
0 4939 0 0 6860188 4814 8820216 119700
0 4943 0 0 6865910 4819 8827259 119800
0 4945 0 0 6871538 4821 8834156 119900
0 4947 0 0 6877147 4823 8841211 120000
0 4950 0 0 6882876 4826 8848477 120100
0 4953 0 0 6888619 4829 8855802 120200
0 4958 0 0 6894270 4831 8863018 120300
0 4959 0 0 6900128 4834 8870405 120400
0 4962 0 0 6905815 4837 8877552 120500
0 4963 0 0 6911523 4840 8884900 120600
0 4968 0 0 6917191 4840 8892180 120700
0 4971 0 0 6922941 4847 8899541 120800
0 4975 0 0 6928630 4850 8906844 120900
0 4981 0 0 6934397 4851 8914265 121000
0 4981 0 0 6940029 4858 8921523 121100
0 4985 0 0 6945848 4858 8929061 121200
0 4990 0 0 6951548 4861 8936484 121300
0 4991 0 0 6957344 4866 8944104 121400
0 4999 0 0 6963036 4868 8951655 121500
0 5004 0 0 6968879 4874 8959300 121600
0 5007 0 0 6974685 4880 8967019 121700
0 5011 0 0 6980448 4881 8974866 121800
0 5015 0 0 6986295 4886 8982841 121900
0 5020 0 0 6992203 4887 8991087 122000
0 5020 0 0 6998164 4893 8999420 122100
0 5023 0 0 7004114 4893 9007814 122200
0 5026 0 0 7010092 4895 9016290 122300
0 5027 0 0 7015971 4898 9024825 122400
0 5031 0 0 7022027 4900 9033551 122500
0 5037 0 0 7028186 4901 9042407 122600
0 5039 0 0 7034253 4906 9051270 122700
0 5042 0 0 7040343 4911 9060041 122800
0 5043 0 0 7046344 4913 9068800 122900
0 5046 0 0 7052501 4916 9077705 123000
0 5048 0 0 7058633 4918 9086585 123100
0 5052 0 0 7064712 4920 9095310 123200
0 5054 0 0 7070812 4924 9103840 123300
0 5056 0 0 7076900 4925 9112155 123400
0 5056 0 0 7082794 4926 9120122 123500
0 5060 0 0 7088642 4927 9127879 123600
0 5061 0 0 7094566 4929 9135599 123700
0 5062 0 0 7100345 4931 9143019 123800
0 5064 0 0 7106114 4933 9150396 123900
0 5065 0 0 7111802 4934 9157678 124000
0 5068 0 0 7117547 4935 9165102 124100
0 5069 0 0 7123395 4936 9172679 124200
0 5071 0 0 7129061 4939 9180050 124300
0 5073 0 0 7134735 4941 9187491 124400
0 5075 0 0 7140507 4944 9194879 124500
0 5079 0 0 7146164 4944 9202119 124600
0 5081 0 0 7151726 4948 9209252 124700
0 5084 0 0 7157338 4950 9216284 124800
0 5084 0 0 7162947 4953 9223283 124900
0 5086 0 0 7168532 4953 9230140 125000
0 5089 0 0 7174138 4955 9237013 125100
0 5091 0 0 7179811 4959 9243981 125200
0 5095 0 0 7185308 4960 9250627 125300
0 5095 0 0 7190995 4964 9257481 125400
0 5100 0 0 7196462 4966 9264067 125500
0 5103 0 0 7202124 4972 9270798 125600
0 5108 0 0 7207657 4972 9277428 125700
0 5112 0 0 7213295 4978 9284354 125800
0 5116 0 0 7218829 4982 9291256 125900
0 5121 0 0 7224528 4986 9298336 126000
0 5122 0 0 7230189 4989 9305429 126100
0 5127 0 0 7235868 4993 9312430 126200
0 5128 0 0 7241541 4996 9319443 126300
0 5130 0 0 7247159 4997 9326389 126400
0 5132 0 0 7252861 4999 9333505 126500
0 5134 0 0 7258494 5001 9340589 126600
0 5138 0 0 7264158 5002 9347663 126700
0 5141 0 0 7269800 5005 9354709 126800
0 5143 0 0 7275479 5009 9361856 126900
0 5145 0 0 7281080 5011 9368900 127000
0 5146 0 0 7286760 5013 9375997 127100
0 5149 0 0 7292387 5015 9383042 127200
0 5152 0 0 7298083 5017 9390193 127300
0 5154 0 0 7303810 5019 9397317 127400
0 5156 0 0 7309298 5023 9404280 127500
0 5158 0 0 7314971 5025 9411478 127600
0 5160 0 0 7320796 5027 9418897 127700
0 5161 0 0 7326408 5028 9426010 127800
0 5163 0 0 7332132 5028 9433228 127900
0 5167 0 0 7337838 5031 9440520 128000
0 5171 0 0 7343513 5035 9447862 128100
0 5175 0 0 7349126 5037 9455174 128200
0 5179 0 0 7354913 5044 9462715 128300
0 5183 0 0 7360689 5045 9470329 128400
0 5186 0 0 7366474 5052 9478220 128500
0 5191 0 0 7372285 5054 9486010 128600
0 5195 0 0 7378150 5059 9493867 128700
0 5198 0 0 7383947 5062 9501665 128800
0 5200 0 0 7389716 5066 9509278 128900
0 5204 0 0 7395368 5067 9516822 129000
0 5208 0 0 7401189 5072 9524405 129100
0 5210 0 0 7406918 5074 9532013 129200
0 5214 0 0 7412665 5075 9539631 129300
0 5217 0 0 7418382 5082 9547198 129400
0 5223 0 0 7424184 5084 9554735 129500
0 5227 0 0 7429843 5091 9562239 129600
0 5231 0 0 7435664 5094 9569823 129700
0 5234 0 0 7441334 5098 9577288 129800
0 5237 0 0 7447052 5100 9584828 129900
0 5240 0 0 7452815 5103 9592645 130000
0 5244 0 0 7458551 5106 9600289 130100
0 5251 0 0 7464301 5109 9607934 130200
0 5256 0 0 7470210 5117 9615681 130300
0 5261 0 0 7475976 5123 9623398 130400
0 5264 0 0 7481901 5126 9631377 130500
0 5269 0 0 7487753 5130 9639208 130600
0 5271 0 0 7493600 5134 9647065 130700
0 5276 0 0 7499286 5136 9654749 130800
0 5279 0 0 7505064 5140 9662514 130900
0 5283 0 0 7511002 5144 9670624 131000
0 5289 0 0 7516833 5149 9678571 131100
0 5289 0 0 7522572 5154 9686616 131200
0 5296 0 0 7528428 5154 9694595 131300
0 5299 0 0 7534250 5160 9702464 131400
0 5301 0 0 7540095 5164 9710344 131500
0 5304 0 0 7545852 5167 9718210 131600
0 5307 0 0 7551580 5169 9725978 131700
0 5311 0 0 7557358 5172 9733657 131800
0 5316 0 0 7563086 5177 9741357 131900
0 5320 0 0 7568803 5181 9748830 132000
0 5325 0 0 7574628 5185 9756386 132100
0 5328 0 0 7580315 5190 9763699 132200
0 5334 0 0 7586095 5193 9770984 132300
0 5339 0 0 7591726 5200 9778172 132400
0 5341 0 0 7597459 5204 9785603 132500
0 5342 0 0 7603235 5205 9792985 132600
0 5345 0 0 7609055 5207 9800542 132700
0 5346 0 0 7614739 5210 9807917 132800
0 5348 0 0 7620497 5211 9815348 132900
0 5352 0 0 7626298 5213 9822801 133000
0 5354 0 0 7631936 5216 9830005 133100
0 5356 0 0 7637638 5218 9837292 133200
0 5358 0 0 7643304 5221 9844467 133300
0 5359 0 0 7648952 5223 9851583 133400
0 5362 0 0 7654558 5224 9858539 133500
0 5362 0 0 7660165 5227 9865437 133600
0 5364 0 0 7665757 5228 9872147 133700
0 5365 0 0 7671276 5229 9878946 133800
0 5366 0 0 7676774 5230 9885704 133900
0 5370 0 0 7682514 5232 9892636 134000
0 5373 0 0 7688126 5234 9899543 134100
0 5375 0 0 7693728 5238 9906344 134200
0 5378 0 0 7699342 5240 9913203 134300
0 5381 0 0 7704897 5243 9920078 134400
0 5386 0 0 7710361 5247 9926930 134500
0 5390 0 0 7716010 5251 9933952 134600
0 5393 0 0 7721692 5254 9941016 134700
0 5396 0 0 7727424 5255 9948120 134800
0 5397 0 0 7733023 5260 9955346 134900
0 5400 0 0 7738821 5262 9962626 135000
0 5402 0 0 7744507 5266 9970092 135100
0 5402 0 0 7750098 5266 9977477 135200
0 5405 0 0 7755973 5266 9985091 135300
0 5408 0 0 7761699 5268 9992567 135400
0 5410 0 0 7767312 5271 9999849 135500
0 5415 0 0 7773070 5273 10007419 135600
0 5416 0 0 7778788 5277 10014925 135700
0 5419 0 0 7784526 5278 10022509 135800
0 5422 0 0 7790087 5280 10030036 135900
0 5424 0 0 7795854 5282 10037826 136000
0 5427 0 0 7801659 5286 10045553 136100
0 5430 0 0 7807377 5289 10053451 136200
0 5435 0 0 7813359 5294 10061578 136300
0 5440 0 0 7819201 5298 10069571 136400
0 5444 0 0 7824954 5300 10077419 136500
0 5446 0 0 7830799 5306 10085291 136600
0 5449 0 0 7836604 5308 10092988 136700
0 5454 0 0 7842327 5312 10100575 136800
0 5459 0 0 7848056 5316 10108100 136900
0 5462 0 0 7853779 5321 10115624 137000
0 5468 0 0 7859524 5324 10123140 137100
0 5471 0 0 7865254 5328 10130544 137200
0 5475 0 0 7871001 5331 10137927 137300
0 5477 0 0 7876655 5334 10145127 137400
0 5479 0 0 7882321 5336 10152255 137500
0 5487 0 0 7888056 5339 10159296 137600
0 5489 0 0 7893601 5343 10166071 137700
0 5492 0 0 7899278 5349 10172943 137800
0 5496 0 0 7904909 5351 10179728 137900
0 5498 0 0 7910481 5354 10186373 138000
0 5499 0 0 7916147 5357 10193199 138100
0 5503 0 0 7921675 5358 10199772 138200
0 5507 0 0 7927228 5362 10206331 138300
0 5509 0 0 7932861 5366 10213056 138400
0 5511 0 0 7938451 5368 10219791 138500
0 5515 0 0 7944024 5370 10226603 138600
0 5516 0 0 7949689 5374 10233730 138700
0 5518 0 0 7955365 5375 10240708 138800
0 5521 0 0 7961068 5378 10247786 138900
0 5525 0 0 7966737 5381 10254838 139000
0 5526 0 0 7972413 5384 10261896 139100
0 5528 0 0 7978112 5385 10269011 139200
0 5531 0 0 7983728 5386 10276007 139300
0 5533 0 0 7989432 5391 10283208 139400
0 5536 0 0 7995120 5392 10290509 139500
0 5539 0 0 8000938 5394 10298024 139600
0 5545 0 0 8006735 5398 10305584 139700
0 5546 0 0 8012486 5401 10312879 139800
0 5551 0 0 8018160 5406 10320100 139900
0 5554 0 0 8023903 5410 10327461 140000
0 5564 0 0 8029712 5415 10334946 140100
0 5566 0 0 8035515 5422 10342494 140200
0 5569 0 0 8041338 5423 10350038 140300
0 5574 0 0 8047134 5426 10357469 140400
0 5577 0 0 8052945 5429 10364874 140500
0 5583 0 0 8058746 5433 10372308 140600
0 5584 0 0 8064438 5439 10379815 140700
0 5590 0 0 8070303 5441 10387441 140800
0 5592 0 0 8076141 5445 10395057 140900
0 5598 0 0 8081973 5447 10402821 141000
0 5600 0 0 8087690 5451 10410301 141100
0 5604 0 0 8093491 5454 10417792 141200
0 5607 0 0 8099233 5456 10425170 141300
0 5611 0 0 8105057 5461 10432677 141400
0 5613 0 0 8110817 5465 10440062 141500
0 5617 0 0 8116567 5467 10447436 141600
0 5620 0 0 8122425 5471 10454941 141700
0 5626 0 0 8128115 5473 10462349 141800
0 5630 0 0 8133899 5480 10469903 141900
0 5634 0 0 8139765 5482 10477486 142000
0 5639 0 0 8145554 5487 10485075 142100
0 5641 0 0 8151261 5491 10492658 142200
0 5643 0 0 8157185 5492 10500363 142300
0 5645 0 0 8162956 5496 10508053 142400
0 5648 0 0 8168812 5496 10515810 142500
0 5650 0 0 8174649 5500 10523330 142600
0 5653 0 0 8180383 5501 10530695 142700
0 5658 0 0 8186105 5505 10538029 142800
0 5661 0 0 8191982 5510 10545514 142900
0 5664 0 0 8197599 5512 10552533 143000
0 5667 0 0 8203338 5516 10559489 143100
0 5670 0 0 8208839 5519 10566224 143200
0 5673 0 0 8214512 5522 10573121 143300
0 5675 0 0 8220196 5526 10580080 143400
0 5677 0 0 8225856 5527 10587076 143500
0 5681 0 0 8231515 5531 10594132 143600
0 5685 0 0 8237282 5531 10601283 143700
0 5685 0 0 8243001 5534 10608421 143800
0 5691 0 0 8248795 5537 10615694 143900
0 5692 0 0 8254580 5541 10622985 144000
0 5696 0 0 8260336 5542 10630336 144100
0 5699 0 0 8266186 5548 10637821 144200
0 5701 0 0 8271936 5549 10645272 144300
0 5704 0 0 8277823 5551 10652933 144400
0 5707 0 0 8283597 5553 10660511 144500
0 5709 0 0 8289393 5557 10668028 144600
0 5712 0 0 8295194 5557 10675468 144700
0 5715 0 0 8301042 5560 10682911 144800
0 5717 0 0 8306725 5564 10690171 144900
0 5721 0 0 8312448 5566 10697508 145000
0 5725 0 0 8318141 5569 10704685 145100
0 5726 0 0 8323922 5572 10712028 145200
0 5728 0 0 8329725 5575 10719372 145300
0 5734 0 0 8335352 5578 10726553 145400
0 5737 0 0 8341078 5584 10733858 145500
0 5740 0 0 8346738 5586 10741136 145600
0 5744 0 0 8352447 5588 10748441 145700
0 5750 0 0 8358204 5594 10755930 145800
0 5753 0 0 8363945 5597 10763365 145900
0 5758 0 0 8369666 5601 10770660 146000
0 5763 0 0 8375463 5608 10778051 146100
0 5766 0 0 8381108 5611 10785298 146200
0 5769 0 0 8386849 5613 10792622 146300
0 5772 0 0 8392501 5617 10799933 146400
0 5776 0 0 8398152 5621 10807196 146500
0 5781 0 0 8403783 5624 10814420 146600
0 5783 0 0 8409588 5628 10821718 146700
0 5784 0 0 8415288 5630 10828963 146800
0 5788 0 0 8420980 5631 10836013 146900
0 5790 0 0 8426787 5634 10843235 147000
0 5792 0 0 8432448 5635 10850205 147100
0 5795 0 0 8438111 5637 10857203 147200
0 5796 0 0 8443764 5640 10864230 147300
0 5798 0 0 8449492 5642 10871279 147400
0 5798 0 0 8455116 5643 10878221 147500
0 5801 0 0 8460752 5644 10885129 147600
0 5805 0 0 8466369 5648 10892040 147700
0 5805 0 0 8471989 5651 10898854 147800
0 5807 0 0 8477538 5651 10905592 147900
0 5808 0 0 8483061 5653 10912282 148000
0 5813 0 0 8488720 5655 10919160 148100
0 5819 0 0 8494212 5659 10925924 148200
0 5821 0 0 8499889 5663 10932946 148300
0 5822 0 0 8505543 5667 10939912 148400
0 5824 0 0 8511302 5668 10947240 148500
0 5828 0 0 8517015 5671 10954426 148600
0 5828 0 0 8522817 5672 10961667 148700
0 5829 0 0 8528510 5673 10968844 148800
0 5833 0 0 8534221 5674 10975894 148900
0 5833 0 0 8539904 5678 10982884 149000
0 5835 0 0 8545547 5678 10989878 149100
0 5838 0 0 8551180 5680 10996956 149200
0 5841 0 0 8556750 5682 11003982 149300
0 5843 0 0 8562436 5684 11011201 149400
0 5844 0 0 8568199 5687 11018450 149500
0 5848 0 0 8573901 5689 11025709 149600
0 5851 0 0 8579551 5692 11032869 149700
0 5854 0 0 8585365 5695 11040054 149800
0 5856 0 0 8591021 5698 11047162 149900
0 5859 0 0 8596731 5700 11054189 150000
0 5860 0 0 8602464 5702 11061246 150100
0 5862 0 0 8608124 5703 11068295 150200
0 5864 0 0 8613764 5706 11075322 150300
0 5864 0 0 8619522 5708 11082297 150400
0 5868 0 0 8625324 5708 11089490 150500
0 5870 0 0 8630905 5711 11096473 150600
0 5872 0 0 8636603 5713 11103593 150700
0 5877 0 0 8642383 5717 11110926 150800
0 5879 0 0 8648101 5721 11118252 150900
0 5884 0 0 8653705 5725 11125272 151000
0 5889 0 0 8659490 5729 11132504 151100
0 5893 0 0 8665097 5732 11139611 151200
0 5896 0 0 8670811 5736 11146855 151300
0 5900 0 0 8676490 5739 11154111 151400
0 5900 0 0 8682125 5743 11161309 151500
0 5904 0 0 8687876 5744 11168393 151600
0 5906 0 0 8693482 5747 11175367 151700
0 5910 0 0 8699208 5749 11182334 151800
0 5911 0 0 8704776 5754 11189303 151900
0 5914 0 0 8710393 5755 11196313 152000
0 5916 0 0 8716047 5756 11203462 152100
0 5921 0 0 8721829 5760 11210857 152200
0 5925 0 0 8727573 5763 11218227 152300
0 5928 0 0 8733368 5768 11225727 152400
0 5932 0 0 8739125 5771 11233084 152500
0 5936 0 0 8744767 5773 11240249 152600
0 5939 0 0 8750540 5778 11247456 152700
0 5943 0 0 8756161 5782 11254448 152800
0 5949 0 0 8761831 5785 11261530 152900
0 5954 0 0 8767436 5790 11268630 153000
0 5956 0 0 8773139 5795 11275848 153100
0 5958 0 0 8778826 5798 11283227 153200
0 5962 0 0 8784514 5799 11290607 153300
0 5963 0 0 8790282 5802 11298240 153400
0 5967 0 0 8796150 5803 11305907 153500
0 5971 0 0 8801867 5807 11313543 153600
0 5972 0 0 8807668 5810 11321256 153700
0 5972 0 0 8813346 5812 11328863 153800
0 5976 0 0 8819191 5812 11336678 153900
0 5979 0 0 8824922 5817 11344422 154000
0 5981 0 0 8830758 5818 11352348 154100
0 5985 0 0 8836711 5820 11360314 154200
0 5987 0 0 8842512 5824 11368390 154300
0 5991 0 0 8848304 5828 11376189 154400
0 5996 0 0 8854114 5831 11383977 154500
0 5998 0 0 8859876 5836 11391520 154600
0 6001 0 0 8865605 5838 11398918 154700
0 6002 0 0 8871307 5841 11406223 154800
0 6008 0 0 8876930 5843 11413587 154900
0 6011 0 0 8882659 5849 11420862 155000
0 6016 0 0 8888322 5850 11428180 155100
0 6017 0 0 8894014 5854 11435624 155200
0 6025 0 0 8899837 5856 11443229 155300
0 6027 0 0 8905530 5864 11450762 155400
0 6032 0 0 8911383 5865 11458470 155500
0 6035 0 0 8917106 5869 11466067 155600
0 6037 0 0 8922935 5872 11473673 155700
0 6043 0 0 8928826 5873 11481419 155800
0 6046 0 0 8934605 5879 11489206 155900
0 6050 0 0 8940371 5881 11496822 156000
0 6052 0 0 8946222 5884 11504428 156100
0 6054 0 0 8951939 5886 11511725 156200
0 6056 0 0 8957560 5888 11518761 156300
0 6059 0 0 8963258 5891 11525862 156400
0 6061 0 0 8968826 5892 11532803 156500
0 6062 0 0 8974548 5895 11539782 156600
0 6063 0 0 8980147 5896 11546687 156700
0 6065 0 0 8985778 5897 11553668 156800
0 6066 0 0 8991383 5899 11560660 156900
0 6066 0 0 8997072 5899 11567609 157000
0 6069 0 0 9002742 5901 11574483 157100
0 6069 0 0 9008392 5903 11581419 157200
0 6071 0 0 9014005 5903 11588428 157300
0 6071 0 0 9019715 5904 11595573 157400
0 6073 0 0 9025365 5905 11602739 157500
0 6075 0 0 9031208 5908 11610127 157600
0 6075 0 0 9036944 5909 11617471 157700
0 6077 0 0 9042762 5909 11625049 157800
0 6081 0 0 9048582 5912 11632567 157900
0 6081 0 0 9054346 5913 11639924 158000
0 6084 0 0 9060013 5914 11647220 158100
0 6087 0 0 9065813 5916 11654654 158200
0 6087 0 0 9071471 5920 11661874 158300
0 6088 0 0 9077224 5920 11669060 158400
0 6090 0 0 9082926 5921 11676123 158500
0 6091 0 0 9088580 5921 11683164 158600
0 6091 0 0 9094190 5923 11690199 158700
0 6091 0 0 9099967 5923 11697294 158800
0 6093 0 0 9105678 5923 11704301 158900
0 6094 0 0 9111175 5925 11711000 159000
0 6094 0 0 9116867 5926 11718045 159100
0 6098 0 0 9122598 5926 11725232 159200
0 6100 0 0 9128239 5931 11732290 159300
0 6104 0 0 9133888 5932 11739406 159400
0 6105 0 0 9139587 5935 11746531 159500
0 6107 0 0 9145173 5937 11753658 159600
0 6109 0 0 9150897 5939 11760890 159700
0 6113 0 0 9156672 5941 11768175 159800
0 6115 0 0 9162203 5944 11775400 159900
0 6117 0 0 9167915 5947 11782737 160000
0 6120 0 0 9173668 5950 11790068 160100
0 6123 0 0 9179510 5953 11797687 160200
0 6125 0 0 9185192 5955 11805107 160300
0 6125 0 0 9191047 5956 11812726 160400
0 6125 0 0 9196757 5957 11820126 160500
0 6128 0 0 9202578 5957 11827557 160600
0 6129 0 0 9208332 5960 11834937 160700
0 6134 0 0 9214072 5961 11842168 160800
0 6135 0 0 9219779 5966 11849389 160900
0 6137 0 0 9225592 5966 11856855 161000
0 6138 0 0 9231272 5969 11864156 161100
0 6140 0 0 9236940 5969 11871418 161200
0 6141 0 0 9242687 5971 11878795 161300
0 6142 0 0 9248418 5972 11886174 161400
0 6143 0 0 9254103 5973 11893527 161500
0 6145 0 0 9259823 5973 11900853 161600
0 6145 0 0 9265466 5976 11907963 161700
0 6145 0 0 9271135 5976 11915124 161800
0 6146 0 0 9276773 5976 11922085 161900
0 6147 0 0 9282361 5976 11928977 162000
0 6149 0 0 9287798 5978 11935656 162100
0 6149 0 0 9293295 5979 11942362 162200
0 6152 0 0 9298867 5979 11949368 162300
0 6155 0 0 9304419 5983 11956234 162400
0 6157 0 0 9310020 5985 11963267 162500
0 6158 0 0 9315653 5987 11970294 162600
0 6163 0 0 9321273 5988 11977264 162700
0 6164 0 0 9326906 5993 11984277 162800
0 6167 0 0 9332591 5994 11991522 162900
0 6171 0 0 9338203 5995 11998631 163000
0 6171 0 0 9343881 6001 12005863 163100
0 6173 0 0 9349631 6001 12013186 163200
0 6176 0 0 9355295 6003 12020333 163300
0 6178 0 0 9360897 6006 12027409 163400
0 6181 0 0 9366564 6008 12034649 163500
0 6185 0 0 9372219 6011 12041811 163600
0 6187 0 0 9377889 6015 12049063 163700
0 6190 0 0 9383642 6017 12056301 163800
0 6193 0 0 9389273 6020 12063390 163900
0 6196 0 0 9394959 6022 12070474 164000
0 6198 0 0 9400800 6026 12077691 164100
0 6200 0 0 9406398 6028 12084776 164200
0 6205 0 0 9412092 6028 12091864 164300
0 6206 0 0 9417710 6035 12098860 164400
0 6209 0 0 9423434 6036 12105923 164500
0 6212 0 0 9429036 6041 12112931 164600
0 6212 0 0 9434800 6042 12120102 164700
0 6214 0 0 9440369 6042 12127030 164800
0 6215 0 0 9446040 6044 12134172 164900
0 6217 0 0 9451797 6045 12141405 165000
0 6218 0 0 9457494 6046 12148518 165100
0 6225 0 0 9463202 6048 12155828 165200
0 6227 0 0 9468925 6054 12162909 165300
0 6229 0 0 9474698 6057 12170159 165400
0 6231 0 0 9480411 6058 12177376 165500
0 6233 0 0 9486121 6061 12184516 165600
0 6234 0 0 9491882 6062 12191703 165700
0 6237 0 0 9497605 6062 12198777 165800
0 6237 0 0 9503281 6066 12205766 165900
0 6237 0 0 9508942 6066 12212769 166000
0 6237 0 0 9514675 6066 12219741 166100
0 6238 0 0 9520304 6066 12226671 166200
0 6238 0 0 9525945 6067 12233509 166300
0 6239 0 0 9531627 6067 12240397 166400
0 6239 0 0 9537329 6068 12247434 166500
0 6242 0 0 9542885 6068 12254360 166600
0 6243 0 0 9548562 6071 12261381 166700
0 6246 0 0 9554188 6072 12268307 166800
0 6251 0 0 9559946 6075 12275438 166900
0 6254 0 0 9565504 6079 12282577 167000
0 6259 0 0 9571147 6083 12289794 167100
0 6263 0 0 9576811 6087 12297152 167200
0 6265 0 0 9582737 6092 12304891 167300
0 6268 0 0 9588603 6094 12312673 167400
0 6272 0 0 9594339 6097 12320246 167500
0 6274 0 0 9600261 6101 12328048 167600
0 6280 0 0 9606203 6103 12336001 167700
0 6284 0 0 9612078 6107 12343899 167800
0 6288 0 0 9617884 6112 12351733 167900
0 6297 0 0 9623786 6118 12359459 168000
0 6298 0 0 9629694 6124 12367087 168100
0 6300 0 0 9635480 6126 12374531 168200
0 6303 0 0 9641260 6128 12381949 168300
0 6306 0 0 9646978 6131 12389221 168400
0 6310 0 0 9652709 6134 12396272 168500
0 6312 0 0 9658521 6137 12403485 168600
0 6316 0 0 9664107 6140 12410555 168700
0 6317 0 0 9669861 6144 12417757 168800
0 6321 0 0 9675645 6145 12425060 168900
0 6323 0 0 9681483 6147 12432277 169000
0 6327 0 0 9687196 6150 12439425 169100
0 6329 0 0 9692876 6155 12446422 169200
0 6331 0 0 9698605 6157 12453576 169300
0 6332 0 0 9704455 6159 12460899 169400
0 6335 0 0 9710244 6161 12468215 169500
0 6341 0 0 9715987 6164 12475381 169600
0 6342 0 0 9721739 6169 12482539 169700
0 6345 0 0 9727460 6170 12489650 169800
0 6345 0 0 9733297 6173 12496854 169900
0 6347 0 0 9739071 6173 12504081 170000
0 6349 0 0 9744693 6175 12511226 170100
0 6353 0 0 9750438 6178 12518373 170200
0 6354 0 0 9756068 6181 12525431 170300
0 6357 0 0 9761773 6182 12532420 170400
0 6358 0 0 9767436 6184 12539445 170500
0 6361 0 0 9773158 6186 12546543 170600
0 6361 0 0 9778804 6189 12553845 170700
0 6364 0 0 9784618 6189 12561288 170800
0 6364 0 0 9790289 6192 12568632 170900
0 6366 0 0 9796019 6192 12575943 171000
0 6368 0 0 9801713 6194 12583294 171100
0 6369 0 0 9807417 6196 12590610 171200
0 6372 0 0 9813066 6197 12597867 171300
0 6373 0 0 9818797 6201 12605160 171400
0 6376 0 0 9824530 6201 12612379 171500
0 6378 0 0 9830236 6203 12619535 171600
0 6380 0 0 9835875 6205 12626545 171700
0 6382 0 0 9841514 6208 12633451 171800
0 6384 0 0 9847177 6209 12640496 171900
0 6385 0 0 9852780 6213 12647504 172000
0 6387 0 0 9858581 6214 12654590 172100
0 6387 0 0 9864240 6215 12661425 172200
0 6389 0 0 9869869 6215 12668238 172300
0 6392 0 0 9875487 6216 12675150 172400
0 6396 0 0 9881052 6218 12681888 172500
0 6397 0 0 9886589 6221 12688650 172600
0 6401 0 0 9892256 6225 12695478 172700
0 6401 0 0 9897927 6228 12702236 172800
0 6405 0 0 9903565 6228 12709032 172900
0 6407 0 0 9909211 6232 12715869 173000
0 6410 0 0 9914754 6234 12722465 173100
0 6412 0 0 9920434 6238 12729277 173200
0 6415 0 0 9926018 6238 12736046 173300
0 6417 0 0 9931704 6242 12742856 173400
0 6418 0 0 9937271 6244 12749508 173500
0 6421 0 0 9942924 6244 12756344 173600
0 6422 0 0 9948452 6248 12763054 173700
0 6425 0 0 9954072 6250 12769835 173800
0 6427 0 0 9959652 6252 12776650 173900
0 6428 0 0 9965231 6254 12783494 174000
0 6431 0 0 9970780 6257 12790406 174100
0 6433 0 0 9976464 6258 12797605 174200
0 6435 0 0 9982175 6261 12804754 174300
0 6438 0 0 9987800 6262 12811708 174400
0 6440 0 0 9993567 6266 12818897 174500
0 6445 0 0 9999306 6268 12825914 174600
0 6446 0 0 10004940 6272 12832725 174700
0 6452 0 0 10010652 6272 12839735 174800
0 6454 0 0 10016377 6277 12846800 174900
0 6457 0 0 10022021 6280 12853784 175000
0 6461 0 0 10027772 6284 12860895 175100
0 6462 0 0 10033501 6286 12868032 175200
0 6465 0 0 10039182 6287 12875055 175300
0 6468 0 0 10044850 6290 12882201 175400
0 6470 0 0 10050514 6292 12889207 175500
0 6473 0 0 10056174 6295 12896261 175600
0 6474 0 0 10061854 6298 12903261 175700
0 6479 0 0 10067459 6299 12910292 175800
0 6480 0 0 10073188 6304 12917468 175900
0 6483 0 0 10078960 6305 12924638 176000
0 6485 0 0 10084597 6307 12931767 176100
0 6489 0 0 10090411 6308 12939109 176200
0 6492 0 0 10096144 6312 12946360 176300
0 6492 0 0 10101791 6314 12953395 176400
0 6496 0 0 10107484 6315 12960666 176500
0 6496 0 0 10113090 6318 12967682 176600
0 6500 0 0 10118814 6321 12974867 176700
0 6503 0 0 10124487 6324 12981921 176800
0 6507 0 0 10130112 6325 12988937 176900
0 6510 0 0 10135719 6327 12995987 177000
0 6512 0 0 10141385 6331 13003062 177100
0 6516 0 0 10147054 6334 13010173 177200
0 6517 0 0 10152713 6337 13017249 177300
0 6520 0 0 10158441 6339 13024599 177400
0 6523 0 0 10164082 6342 13031832 177500
0 6525 0 0 10169813 6346 13039312 177600
0 6533 0 0 10175636 6348 13047151 177700
0 6534 0 0 10181442 6355 13054897 177800
0 6538 0 0 10187239 6356 13062666 177900
0 6539 0 0 10192968 6359 13070203 178000
0 6543 0 0 10198754 6362 13077985 178100
0 6549 0 0 10204438 6365 13085577 178200
0 6554 0 0 10210279 6370 13093177 178300
0 6558 0 0 10215976 6375 13100664 178400
0 6562 0 0 10221707 6378 13108139 178500
0 6566 0 0 10227416 6383 13115490 178600
0 6569 0 0 10233100 6386 13122828 178700
0 6572 0 0 10238816 6389 13129940 178800
0 6574 0 0 10244476 6392 13136868 178900
0 6577 0 0 10249961 6393 13143659 179000
0 6577 0 0 10255528 6395 13150370 179100
0 6579 0 0 10261190 6396 13157259 179200
0 6580 0 0 10266807 6397 13164066 179300
0 6580 0 0 10272438 6398 13170887 179400
0 6582 0 0 10278044 6400 13177716 179500
0 6584 0 0 10283735 6401 13184579 179600
0 6585 0 0 10289253 6403 13191459 179700
0 6589 0 0 10294921 6404 13198499 179800
0 6589 0 0 10300625 6406 13205627 179900
0 6592 0 0 10306227 6408 13212538 180000
0 6592 0 0 10311869 6411 13219446 180100
0 6594 0 0 10317460 6411 13226262 180200
0 6595 0 0 10323105 6413 13233244 180300
0 6596 0 0 10328706 6413 13240130 180400
0 6599 0 0 10334339 6413 13247003 180500
0 6600 0 0 10339900 6417 13253828 180600
0 6604 0 0 10345480 6418 13260672 180700
0 6604 0 0 10351095 6420 13267536 180800
0 6607 0 0 10356618 6422 13274219 180900
0 6609 0 0 10362151 6425 13280995 181000
0 6611 0 0 10367670 6427 13287672 181100
0 6614 0 0 10373192 6430 13294380 181200
0 6618 0 0 10378817 6431 13301234 181300
0 6620 0 0 10384404 6436 13308150 181400
0 6626 0 0 10389987 6438 13315147 181500
0 6628 0 0 10395632 6444 13322300 181600
0 6631 0 0 10401266 6446 13329482 181700
0 6634 0 0 10406826 6448 13336728 181800
0 6636 0 0 10412515 6451 13344082 181900
0 6638 0 0 10418194 6452 13351307 182000
0 6638 0 0 10423931 6455 13358697 182100
0 6641 0 0 10429577 6456 13365961 182200
0 6645 0 0 10435344 6460 13373426 182300
0 6647 0 0 10441100 6461 13380838 182400
0 6653 0 0 10446791 6464 13388197 182500
0 6655 0 0 10452494 6469 13395439 182600
0 6657 0 0 10458180 6470 13402680 182700
0 6659 0 0 10463831 6473 13409679 182800
0 6662 0 0 10469442 6474 13416697 182900
0 6664 0 0 10475119 6477 13423732 183000
0 6668 0 0 10480689 6479 13430813 183100
0 6671 0 0 10486488 6483 13438091 183200
0 6676 0 0 10492235 6487 13445266 183300
0 6680 0 0 10497976 6491 13452665 183400
0 6683 0 0 10503784 6494 13459968 183500
0 6686 0 0 10509478 6499 13467272 183600
0 6689 0 0 10515374 6503 13474725 183700
0 6693 0 0 10521088 6503 13482105 183800
0 6695 0 0 10526815 6508 13489482 183900
0 6696 0 0 10532638 6509 13496952 184000
0 6699 0 0 10538433 6512 13504364 184100
0 6703 0 0 10544184 6514 13511807 184200
0 6707 0 0 10549977 6518 13519460 184300
0 6711 0 0 10555889 6521 13527277 184400
0 6712 0 0 10561670 6525 13534991 184500
0 6715 0 0 10567568 6525 13542979 184600
0 6716 0 0 10573312 6527 13550719 184700
0 6720 0 0 10579166 6528 13558551 184800
0 6721 0 0 10585007 6531 13566304 184900
0 6721 0 0 10590756 6533 13573980 185000
0 6725 0 0 10596490 6533 13581435 185100
0 6726 0 0 10602174 6536 13588659 185200
0 6728 0 0 10607830 6537 13595786 185300
0 6730 0 0 10613539 6538 13602971 185400
0 6731 0 0 10619127 6541 13609906 185500
0 6734 0 0 10624914 6543 13617090 185600
0 6735 0 0 10630552 6544 13624062 185700
0 6740 0 0 10636227 6546 13631135 185800
0 6743 0 0 10641902 6550 13638138 185900
0 6743 0 0 10647641 6554 13645269 186000
0 6748 0 0 10653348 6556 13652521 186100
0 6754 0 0 10659038 6559 13659693 186200
0 6757 0 0 10664819 6565 13667120 186300
0 6760 0 0 10670547 6568 13674456 186400
0 6762 0 0 10676236 6571 13681745 186500
0 6766 0 0 10681967 6573 13689028 186600
0 6767 0 0 10687675 6577 13696314 186700
0 6769 0 0 10693476 6578 13703798 186800
0 6773 0 0 10699268 6579 13711269 186900
0 6774 0 0 10705028 6583 13718766 187000
0 6779 0 0 10710800 6584 13726139 187100
0 6781 0 0 10716512 6590 13733538 187200
0 6783 0 0 10722301 6591 13740973 187300
0 6785 0 0 10727957 6591 13748455 187400
0 6788 0 0 10733735 6594 13755937 187500
0 6789 0 0 10739448 6597 13763349 187600
0 6791 0 0 10745193 6598 13770688 187700
0 6792 0 0 10751017 6599 13778222 187800
0 6793 0 0 10756817 6601 13785834 187900
0 6796 0 0 10762614 6602 13793465 188000
0 6799 0 0 10768533 6604 13801277 188100
0 6802 0 0 10774336 6607 13809084 188200
0 6806 0 0 10780264 6609 13816965 188300
0 6809 0 0 10786165 6613 13824855 188400
0 6809 0 0 10791893 6616 13832389 188500
0 6812 0 0 10797832 6617 13839930 188600
0 6815 0 0 10803515 6619 13847279 188700
0 6818 0 0 10809326 6621 13855003 188800
0 6820 0 0 10815166 6625 13862684 188900
0 6823 0 0 10821040 6627 13870134 189000
0 6824 0 0 10826811 6629 13877416 189100
0 6826 0 0 10832413 6631 13884441 189200
0 6827 0 0 10838234 6632 13891719 189300
0 6828 0 0 10843989 6633 13899087 189400
0 6831 0 0 10849818 6634 13906496 189500
0 6832 0 0 10855511 6636 13913658 189600
0 6836 0 0 10861221 6638 13920806 189700
0 6837 0 0 10866849 6640 13927848 189800
0 6839 0 0 10872495 6643 13934959 189900
0 6841 0 0 10878217 6645 13942152 190000
0 6844 0 0 10883909 6647 13949340 190100
0 6846 0 0 10889641 6651 13956464 190200
0 6849 0 0 10895281 6652 13963523 190300
0 6851 0 0 10901044 6655 13970775 190400
0 6854 0 0 10906738 6657 13977874 190500
0 6856 0 0 10912459 6660 13985034 190600
0 6858 0 0 10918113 6661 13992192 190700
0 6860 0 0 10923905 6663 13999564 190800
0 6862 0 0 10929540 6664 14006775 190900
0 6862 0 0 10935392 6667 14014116 191000
0 6864 0 0 10941012 6667 14021108 191100
0 6865 0 0 10946731 6669 14028219 191200
0 6866 0 0 10952414 6670 14035354 191300
0 6868 0 0 10958211 6672 14042477 191400
0 6870 0 0 10963976 6674 14049702 191500
0 6870 0 0 10969716 6675 14056924 191600
0 6875 0 0 10975323 6676 14064046 191700
0 6877 0 0 10981129 6680 14071571 191800
0 6880 0 0 10986746 6682 14078765 191900
0 6883 0 0 10992515 6684 14086144 192000
0 6885 0 0 10998279 6688 14093525 192100
0 6888 0 0 11004024 6689 14100875 192200
0 6889 0 0 11009822 6693 14108247 192300
0 6892 0 0 11015482 6693 14115616 192400
0 6892 0 0 11021314 6696 14122967 192500
0 6895 0 0 11027031 6696 14130178 192600
0 6897 0 0 11032742 6699 14137373 192700
0 6900 0 0 11038588 6702 14144679 192800
0 6903 0 0 11044294 6705 14151937 192900
0 6905 0 0 11050111 6708 14159399 193000
0 6909 0 0 11055858 6710 14166690 193100
0 6910 0 0 11061737 6713 14174041 193200
0 6911 0 0 11067468 6714 14181211 193300
0 6913 0 0 11073178 6715 14188340 193400
0 6916 0 0 11078796 6717 14195214 193500
0 6917 0 0 11084513 6720 14202221 193600
0 6921 0 0 11090242 6722 14209368 193700
0 6922 0 0 11095920 6725 14216329 193800
0 6925 0 0 11101596 6725 14223376 193900
0 6926 0 0 11107304 6729 14230522 194000
0 6928 0 0 11112993 6729 14237623 194100
0 6931 0 0 11118709 6731 14244753 194200
0 6933 0 0 11124447 6734 14251925 194300
0 6934 0 0 11130237 6737 14259354 194400
0 6936 0 0 11136027 6739 14266831 194500
0 6937 0 0 11141833 6739 14274415 194600
0 6938 0 0 11147669 6740 14281992 194700
0 6939 0 0 11153441 6741 14289309 194800
0 6941 0 0 11159191 6742 14296722 194900
0 6943 0 0 11165042 6743 14304317 195000
0 6943 0 0 11170755 6746 14311683 195100
0 6945 0 0 11176542 6746 14319067 195200
0 6946 0 0 11182379 6748 14326496 195300
0 6947 0 0 11188166 6749 14333974 195400
0 6949 0 0 11193974 6750 14341506 195500
0 6952 0 0 11199690 6752 14348897 195600
0 6955 0 0 11205502 6755 14356266 195700
0 6958 0 0 11211314 6758 14363662 195800
0 6959 0 0 11216928 6760 14370823 195900
0 6961 0 0 11222670 6762 14378145 196000
0 6965 0 0 11228337 6763 14385483 196100
0 6968 0 0 11233982 6766 14392913 196200
0 6969 0 0 11239838 6770 14400470 196300
0 6971 0 0 11245545 6770 14407903 196400
0 6973 0 0 11251300 6772 14415303 196500
0 6976 0 0 11257138 6775 14422704 196600
0 6979 0 0 11262835 6778 14429674 196700
0 6982 0 0 11268510 6780 14436517 196800
0 6983 0 0 11274118 6784 14443300 196900
0 6985 0 0 11279852 6784 14450249 197000
0 6987 0 0 11285472 6786 14457105 197100
0 6988 0 0 11291165 6788 14464174 197200
0 6992 0 0 11296860 6788 14471231 197300
0 6993 0 0 11302632 6792 14478384 197400
0 6995 0 0 11308309 6794 14485380 197500
0 6995 0 0 11313986 6795 14492435 197600
0 6995 0 0 11319649 6795 14499414 197700
0 6996 0 0 11325310 6795 14506346 197800
0 6998 0 0 11330913 6796 14513292 197900
0 6999 0 0 11336566 6798 14520440 198000
0 7000 0 0 11342257 6799 14527445 198100
0 7000 0 0 11347977 6800 14534498 198200
0 7003 0 0 11353701 6800 14541491 198300
0 7005 0 0 11359294 6802 14548316 198400
0 7006 0 0 11365024 6806 14555388 198500
0 7007 0 0 11370682 6806 14562368 198600
0 7008 0 0 11376388 6806 14569317 198700
0 7008 0 0 11382129 6808 14576433 198800
0 7010 0 0 11387694 6808 14583324 198900
0 7010 0 0 11393353 6809 14590353 199000
0 7011 0 0 11399047 6809 14597493 199100
0 7012 0 0 11404747 6810 14604720 199200
0 7012 0 0 11410430 6811 14611885 199300
0 7013 0 0 11416118 6811 14619074 199400
0 7014 0 0 11421908 6812 14626333 199500
0 7015 0 0 11427573 6813 14633524 199600
0 7020 0 0 11433228 6814 14640723 199700
0 7020 0 0 11439057 6819 14647978 199800
0 7023 0 0 11444701 6820 14655091 199900
