8 0 0 0 0 0
8 0 0 0 0 100
8 0 0 0 0 200
12 0 0 0 0 300
12 0 0 0 0 400
12 0 0 0 0 500
20 0 0 0 0 600
24 0 0 0 0 700
32 0 0 0 0 800
36 0 0 0 0 900
49 0 1 0 0 1000
53 0 1 0 0 1100
63 0 1 0 0 1200
82 0 1 0 0 1300
102 0 2 0 0 1400
103 0 3 0 0 1500
103 0 6 0 0 1600
107 7 8 0 0 1700
118 20 9 0 0 1800
131 29 13 0 0 1900
140 37 17 0 0 2000
150 57 18 0 0 2100
169 83 21 0 0 2200
179 95 23 0 0 2300
198 105 29 0 0 2400
208 127 31 0 0 2500
225 140 36 0 0 2600
238 151 40 0 0 2700
242 162 48 0 0 2800
255 173 51 0 0 2900
278 186 60 0 0 3000
291 197 64 0 0 3100
314 203 69 0 0 3200
337 213 74 0 0 3300
350 218 78 0 0 3400
359 228 84 0 0 3500
379 239 88 0 0 3600
387 240 89 0 0 3700
415 248 95 0 0 3800
432 258 99 0 0 3900
444 264 102 0 0 4000
457 265 105 0 0 4100
479 268 107 0 0 4200
492 275 110 0 0 4300
514 277 116 0 0 4400
534 286 118 0 0 4500
550 300 123 0 0 4600
577 307 127 0 0 4700
589 313 131 0 0 4800
610 316 134 0 0 4900
619 320 138 0 0 5000
648 327 141 0 0 5100
676 328 143 0 0 5200
695 330 148 0 0 5300
703 335 153 0 0 5400
724 342 155 0 0 5500
734 345 160 0 0 5600
741 352 167 0 0 5700
764 354 171 0 0 5800
800 359 177 0 0 5900
817 364 180 0 0 6000
843 367 183 0 0 6100
875 374 187 0 0 6200
902 380 190 0 0 6300
912 382 196 0 0 6400
930 386 198 0 0 6500
947 391 200 0 0 6600
974 398 204 0 0 6700
996 402 210 0 0 6800
1019 407 212 0 0 6900
1071 412 218 0 0 7000
1084 417 220 0 0 7100
1110 420 225 0 0 7200
1127 428 226 0 0 7300
1147 430 230 0 0 7400
1170 435 233 0 0 7500
1190 441 238 0 0 7600
1216 442 242 0 0 7700
1223 448 245 0 0 7800
1243 450 249 0 0 7900
1258 455 249 0 0 8000
1282 457 250 0 0 8100
1291 462 252 0 0 8200
1307 466 255 0 0 8300
1319 470 257 0 0 8400
1339 474 257 0 0 8500
1355 477 259 0 0 8600
1363 482 263 0 0 8700
1380 485 265 0 0 8800
1391 488 269 0 0 8900
1413 498 273 0 0 9000
1428 508 275 0 0 9100
1443 512 278 0 0 9200
1472 512 282 0 0 9300
1485 517 282 0 0 9400
1489 525 283 0 0 9500
1522 529 286 0 0 9600
1548 532 289 0 0 9700
1570 537 296 0 0 9800
1587 537 299 0 0 9900
1607 543 302 0 0 10000
1634 545 303 0 0 10100
1654 549 307 0 0 10200
1668 558 309 0 0 10300
1690 564 310 0 0 10400
1703 567 314 0 0 10500
1719 572 316 0 0 10600
1740 578 318 0 0 10700
1765 588 320 0 0 10800
1778 592 322 0 0 10900
1793 596 329 0 0 11000
1808 605 330 0 0 11100
1818 606 333 0 0 11200
1836 609 335 0 0 11300
1861 611 341 0 0 11400
1875 614 344 0 0 11500
1895 614 348 0 0 11600
1904 617 351 0 0 11700
1923 618 355 0 0 11800
1937 620 355 0 0 11900
1948 623 361 0 0 12000
1965 625 362 0 0 12100
1971 629 367 0 0 12200
2001 629 367 0 0 12300
2028 632 369 0 0 12400
2034 638 373 0 0 12500
2052 647 375 0 0 12600
2071 647 378 0 0 12700
2088 650 380 0 0 12800
2100 653 382 0 0 12900
2113 656 383 0 0 13000
2135 658 386 0 0 13100
2148 661 388 0 0 13200
2165 663 390 0 0 13300
2183 669 391 0 0 13400
2206 673 395 0 0 13500
2217 676 398 0 0 13600
2240 678 401 0 0 13700
2261 684 404 0 0 13800
2275 686 407 0 0 13900
2294 697 409 0 0 14000
2320 698 413 0 0 14100
2340 705 415 0 0 14200
2359 709 418 0 0 14300
2367 710 426 0 0 14400
2385 712 428 0 0 14500
2390 716 432 0 0 14600
2403 719 434 0 0 14700
2414 722 437 0 0 14800
2432 725 437 0 0 14900
2437 734 441 0 0 15000
2462 738 445 0 0 15100
2474 748 447 0 0 15200
2492 760 448 0 0 15300
2501 762 454 0 0 15400
2517 770 458 0 0 15500
2534 773 461 0 0 15600
2554 775 464 0 0 15700
2567 776 468 0 0 15800
2589 781 471 0 0 15900
2602 784 475 0 0 16000
2617 788 477 0 0 16100
2644 792 481 0 0 16200
2658 795 486 0 0 16300
2664 795 489 0 0 16400
2682 799 491 0 0 16500
2699 801 496 0 0 16600
2721 807 498 0 0 16700
2745 819 503 0 0 16800
2766 828 505 0 0 16900
2776 839 514 0 0 17000
2785 842 517 0 0 17100
2799 845 524 0 0 17200
2814 851 527 0 0 17300
2834 856 531 0 0 17400
2850 858 532 0 0 17500
2862 862 534 0 0 17600
2876 866 536 0 0 17700
2878 868 537 0 0 17800
2891 870 540 0 0 17900
2896 873 543 0 0 18000
2906 883 544 0 0 18100
2910 889 548 0 0 18200
2929 891 550 0 0 18300
2936 896 553 0 0 18400
2946 901 554 0 0 18500
2964 907 557 0 0 18600
2981 911 560 0 0 18700
3002 912 563 0 0 18800
3005 917 566 0 0 18900
3013 925 570 0 0 19000
3021 932 573 0 0 19100
3036 936 577 0 0 19200
3048 942 581 0 0 19300
3073 954 582 0 0 19400
3076 958 582 0 0 19500
3095 961 585 0 0 19600
3102 963 588 0 0 19700
3114 964 592 0 0 19800
3121 968 597 0 0 19900
3123 973 602 0 0 20000
3132 976 604 0 0 20100
3136 982 606 0 0 20200
3148 986 608 0 0 20300
3155 993 610 0 0 20400
3168 995 614 0 0 20500
3179 998 615 0 0 20600
3189 1000 617 0 0 20700
3195 1003 618 0 0 20800
3209 1007 621 0 0 20900
3216 1007 627 0 0 21000
3232 1014 630 0 0 21100
3240 1025 632 0 0 21200
3256 1035 635 0 0 21300
3269 1038 637 0 0 21400
3277 1040 643 0 0 21500
3284 1043 647 0 0 21600
3295 1044 649 0 0 21700
3309 1045 650 0 0 21800
3312 1047 650 0 0 21900
3329 1052 652 0 0 22000
3343 1061 653 0 0 22100
3347 1068 654 0 0 22200
3358 1078 656 0 0 22300
3366 1081 663 0 0 22400
3374 1088 665 0 0 22500
3385 1095 669 0 0 22600
3387 1099 674 0 0 22700
3400 1100 680 0 0 22800
3418 1104 682 0 0 22900
3426 1110 688 0 0 23000
3434 1113 689 0 0 23100
3454 1117 696 0 0 23200
3468 1118 697 0 0 23300
3472 1118 699 0 0 23400
3478 1119 704 0 0 23500
3486 1129 704 0 0 23600
3493 1135 705 0 0 23700
3500 1139 708 0 0 23800
3501 1140 709 0 0 23900
3508 1144 711 0 0 24000
3524 1147 713 0 0 24100
3532 1158 715 0 0 24200
3545 1165 718 0 0 24300
3549 1168 719 0 0 24400
3560 1172 719 0 0 24500
3565 1175 720 0 0 24600
3572 1181 722 0 0 24700
3582 1184 723 0 0 24800
3600 1187 726 0 0 24900
3606 1192 727 0 0 25000
3610 1198 729 0 0 25100
3618 1206 738 0 0 25200
3627 1208 743 0 0 25300
3633 1211 746 0 0 25400
3649 1218 749 0 0 25500
3655 1224 753 0 0 25600
3658 1225 756 0 0 25700
3664 1231 762 0 0 25800
3670 1234 767 0 0 25900
3681 1234 770 0 0 26000
3689 1235 774 0 0 26100
3700 1238 780 0 0 26200
3709 1241 781 0 0 26300
3730 1244 784 0 0 26400
3734 1252 791 0 0 26500
3742 1255 793 0 0 26600
3748 1263 798 0 0 26700
3763 1266 803 0 0 26800
3770 1269 806 0 0 26900
3776 1276 807 0 0 27000
3788 1282 812 0 0 27100
3801 1290 813 0 0 27200
3817 1293 815 0 0 27300
3836 1302 819 0 0 27400
3846 1309 822 0 0 27500
3856 1316 826 0 0 27600
3871 1330 830 0 0 27700
3902 1332 832 0 0 27800
3911 1333 835 0 0 27900
3919 1335 839 0 0 28000
3926 1341 844 0 0 28100
3942 1345 848 0 0 28200
3944 1346 850 0 0 28300
3952 1351 856 0 0 28400
3957 1353 857 0 0 28500
3975 1357 861 0 0 28600
3990 1362 864 0 0 28700
3999 1363 867 0 0 28800
4007 1364 868 0 0 28900
4015 1366 870 0 0 29000
4028 1369 873 0 0 29100
4035 1375 874 0 0 29200
4055 1378 875 0 0 29300
4065 1381 876 0 0 29400
4074 1384 877 0 0 29500
4076 1388 880 0 0 29600
4080 1390 881 0 0 29700
4092 1390 883 0 0 29800
4107 1392 884 0 0 29900
4113 1399 886 0 0 30000
4124 1402 888 0 0 30100
4138 1409 890 0 0 30200
4150 1413 891 0 0 30300
4167 1414 896 0 0 30400
4178 1417 897 0 0 30500
4187 1421 901 0 0 30600
4203 1422 904 0 0 30700
4214 1426 905 0 0 30800
4222 1427 908 0 0 30900
4237 1432 910 0 0 31000
4243 1438 912 0 0 31100
4255 1444 913 0 0 31200
4261 1451 914 0 0 31300
4275 1456 914 0 0 31400
4281 1461 914 0 0 31500
4283 1468 915 0 0 31600
4303 1474 919 0 0 31700
4311 1486 922 0 0 31800
4319 1496 924 0 0 31900
4326 1502 927 0 0 32000
4331 1505 929 0 0 32100
4333 1514 931 0 0 32200
4350 1517 934 0 0 32300
4363 1518 937 0 0 32400
4375 1521 939 0 0 32500
4384 1525 943 0 0 32600
4392 1529 945 0 0 32700
4399 1533 952 0 0 32800
4417 1539 956 0 0 32900
4426 1546 960 0 0 33000
4437 1549 963 0 0 33100
4447 1555 966 0 0 33200
4464 1558 969 0 0 33300
4470 1566 972 0 0 33400
4477 1576 977 0 0 33500
4501 1579 983 0 0 33600
4502 1586 984 0 0 33700
4508 1590 987 0 0 33800
4515 1594 995 0 0 33900
4518 1597 996 0 0 34000
4538 1600 1000 0 0 34100
4538 1602 1002 0 0 34200
4550 1603 1002 0 0 34300
4562 1607 1005 0 0 34400
4566 1609 1008 0 0 34500
4571 1611 1010 0 0 34600
4574 1614 1013 0 0 34700
4577 1617 1018 0 0 34800
4584 1620 1019 0 0 34900
4589 1630 1022 0 0 35000
4602 1636 1023 0 0 35100
4616 1640 1023 0 0 35200
4624 1643 1024 0 0 35300
4628 1653 1026 0 0 35400
4637 1662 1027 0 0 35500
4652 1668 1028 0 0 35600
4661 1673 1029 0 0 35700
4674 1683 1031 0 0 35800
4683 1690 1034 0 0 35900
4697 1691 1034 0 0 36000
4699 1697 1035 0 0 36100
4707 1706 1035 0 0 36200
4711 1710 1037 0 0 36300
4724 1714 1040 0 0 36400
4735 1717 1041 0 0 36500
4736 1722 1044 0 0 36600
4746 1725 1047 0 0 36700
4754 1726 1050 0 0 36800
4756 1727 1053 0 0 36900
4764 1736 1056 0 0 37000
4771 1740 1057 0 0 37100
4774 1743 1061 0 0 37200
4779 1748 1062 0 0 37300
4788 1751 1065 0 0 37400
4796 1757 1067 0 0 37500
4803 1768 1069 0 0 37600
4812 1781 1072 0 0 37700
4819 1787 1073 0 0 37800
4832 1797 1073 0 0 37900
4835 1799 1074 0 0 38000
4843 1801 1079 0 0 38100
4852 1807 1080 0 0 38200
4852 1814 1084 0 0 38300
4854 1817 1086 0 0 38400
4864 1821 1088 0 0 38500
4876 1832 1090 0 0 38600
4884 1841 1094 0 0 38700
4898 1846 1096 0 0 38800
4918 1849 1100 0 0 38900
4937 1852 1104 0 0 39000
4943 1860 1106 0 0 39100
4950 1865 1107 0 0 39200
4964 1871 1110 0 0 39300
4979 1878 1112 0 0 39400
5003 1883 1116 0 0 39500
5009 1887 1118 0 0 39600
5017 1893 1123 0 0 39700
5029 1894 1126 0 0 39800
5030 1900 1129 0 0 39900
5042 1910 1135 0 0 40000
5045 1914 1140 0 0 40100
5057 1914 1143 0 0 40200
5059 1917 1145 0 0 40300
5070 1918 1147 0 0 40400
5080 1919 1149 0 0 40500
5091 1924 1151 0 0 40600
5100 1928 1153 0 0 40700
5103 1937 1155 0 0 40800
5121 1945 1156 0 0 40900
5124 1950 1160 0 0 41000
5129 1951 1162 0 0 41100
5135 1953 1168 0 0 41200
5145 1957 1169 0 0 41300
5154 1959 1172 0 0 41400
5160 1962 1174 0 0 41500
5174 1964 1175 0 0 41600
5183 1971 1179 0 0 41700
5185 1975 1179 0 0 41800
5189 1979 1183 0 0 41900
5189 1980 1187 0 0 42000
5193 1986 1189 0 0 42100
5199 1989 1190 0 0 42200
5205 1991 1192 0 0 42300
5210 1996 1194 0 0 42400
5216 2001 1196 0 0 42500
5229 2004 1199 0 0 42600
5239 2013 1199 0 0 42700
5253 2020 1202 0 0 42800
5266 2025 1204 0 0 42900
5272 2031 1208 0 0 43000
5280 2035 1211 0 0 43100
5282 2039 1216 0 0 43200
5283 2040 1217 0 0 43300
5287 2043 1222 0 0 43400
5295 2046 1224 0 0 43500
5301 2048 1227 0 0 43600
5314 2054 1231 0 0 43700
5317 2059 1233 0 0 43800
5321 2064 1236 0 0 43900
5325 2065 1240 0 0 44000
5336 2068 1241 0 0 44100
5349 2072 1243 0 0 44200
5350 2076 1243 0 0 44300
5358 2081 1244 0 0 44400
5368 2084 1249 0 0 44500
5375 2086 1249 0 0 44600
5381 2090 1252 0 0 44700
5385 2096 1254 0 0 44800
5389 2100 1257 0 0 44900
5392 2102 1261 0 0 45000
5399 2107 1265 0 0 45100
5412 2108 1267 0 0 45200
5417 2112 1270 0 0 45300
5431 2117 1270 0 0 45400
5443 2124 1275 0 0 45500
5452 2130 1276 0 0 45600
5458 2136 1278 0 0 45700
5466 2140 1278 0 0 45800
5479 2142 1279 0 0 45900
5485 2143 1279 0 0 46000
5491 2145 1280 0 0 46100
5493 2148 1281 0 0 46200
5500 2155 1281 0 0 46300
5511 2159 1282 0 0 46400
5511 2162 1285 0 0 46500
5520 2164 1286 0 0 46600
5530 2165 1287 0 0 46700
5530 2167 1289 0 0 46800
5533 2168 1294 0 0 46900
5538 2169 1294 0 0 47000
5541 2169 1296 0 0 47100
5546 2170 1298 0 0 47200
5550 2170 1303 0 0 47300
5555 2173 1309 0 0 47400
5567 2176 1311 0 0 47500
5575 2179 1312 0 0 47600
5578 2183 1316 0 0 47700
5585 2187 1317 0 0 47800
5587 2191 1319 0 0 47900
5589 2193 1323 0 0 48000
5595 2200 1325 0 0 48100
5600 2203 1327 0 0 48200
5600 2204 1330 0 0 48300
5600 2204 1332 0 0 48400
5606 2210 1334 0 0 48500
5615 2216 1335 0 0 48600
5619 2220 1337 0 0 48700
5623 2226 1338 0 0 48800
5627 2232 1340 0 0 48900
5636 2236 1343 0 0 49000
5640 2240 1345 0 0 49100
5646 2245 1346 0 0 49200
5652 2250 1349 0 0 49300
5657 2260 1351 0 0 49400
5664 2267 1354 0 0 49500
5682 2270 1359 0 0 49600
5686 2274 1361 0 0 49700
5698 2285 1361 0 0 49800
5701 2291 1365 0 0 49900
5702 2294 1365 0 0 50000
5705 2297 1367 0 0 50100
5709 2298 1367 0 0 50200
5712 2298 1370 0 0 50300
5712 2298 1371 0 0 50400
5717 2298 1372 0 0 50500
5721 2300 1377 0 0 50600
5725 2307 1378 0 0 50700
5734 2309 1380 0 0 50800
5736 2309 1381 0 0 50900
5740 2309 1382 0 0 51000
5745 2313 1383 0 0 51100
5749 2316 1386 0 0 51200
5753 2317 1389 0 0 51300
5764 2321 1392 0 0 51400
5772 2322 1394 0 0 51500
5777 2323 1395 0 0 51600
5787 2327 1397 0 0 51700
5795 2331 1399 0 0 51800
5802 2334 1401 0 0 51900
5804 2338 1403 0 0 52000
5811 2342 1404 0 0 52100
5818 2352 1407 0 0 52200
5823 2356 1407 0 0 52300
5825 2362 1407 0 0 52400
5827 2367 1407 0 0 52500
5836 2372 1407 0 0 52600
5843 2375 1408 0 0 52700
5851 2380 1409 0 0 52800
5854 2381 1410 0 0 52900
5856 2384 1411 0 0 53000
5865 2386 1412 0 0 53100
5872 2388 1413 0 0 53200
5876 2392 1414 0 0 53300
5886 2399 1415 0 0 53400
5895 2405 1419 0 0 53500
5896 2408 1422 0 0 53600
5901 2411 1426 0 0 53700
5906 2414 1429 0 0 53800
5907 2416 1433 0 0 53900
5912 2418 1434 0 0 54000
5916 2422 1434 0 0 54100
5917 2427 1434 0 0 54200
5919 2428 1437 0 0 54300
5927 2431 1438 0 0 54400
5927 2433 1440 0 0 54500
5931 2433 1442 0 0 54600
5937 2435 1443 0 0 54700
5939 2436 1445 0 0 54800
5940 2441 1449 0 0 54900
5940 2442 1454 0 0 55000
5947 2443 1454 0 0 55100
5954 2446 1457 0 0 55200
5957 2449 1458 0 0 55300
5962 2452 1460 0 0 55400
5965 2452 1461 0 0 55500
5970 2456 1463 0 0 55600
5980 2460 1465 0 0 55700
5986 2465 1465 0 0 55800
5995 2472 1469 0 0 55900
6000 2476 1473 0 0 56000
6003 2486 1474 0 0 56100
6010 2497 1476 0 0 56200
6016 2507 1478 0 0 56300
6019 2512 1479 0 0 56400
6025 2513 1479 0 0 56500
6028 2515 1482 0 0 56600
6030 2517 1483 0 0 56700
6035 2523 1486 0 0 56800
6038 2533 1487 0 0 56900
6038 2539 1488 0 0 57000
6040 2543 1490 0 0 57100
6044 2546 1494 0 0 57200
6056 2549 1494 0 0 57300
6062 2557 1497 0 0 57400
6073 2560 1500 0 0 57500
6079 2569 1503 0 0 57600
6085 2575 1506 0 0 57700
6093 2583 1509 0 0 57800
6099 2590 1511 0 0 57900
6104 2593 1515 0 0 58000
6107 2597 1520 0 0 58100
6113 2602 1524 0 0 58200
6114 2604 1525 0 0 58300
6119 2607 1529 0 0 58400
6119 2613 1529 0 0 58500
6120 2615 1533 0 0 58600
6124 2621 1535 0 0 58700
6130 2623 1535 0 0 58800
6131 2626 1537 0 0 58900
6135 2632 1537 0 0 59000
6137 2633 1539 0 0 59100
6152 2635 1542 0 0 59200
6155 2637 1544 0 0 59300
6162 2646 1546 0 0 59400
6163 2654 1549 0 0 59500
6172 2660 1549 0 0 59600
6178 2661 1556 0 0 59700
6188 2663 1559 0 0 59800
6190 2667 1562 0 0 59900
6193 2667 1563 0 0 60000
6193 2668 1565 0 0 60100
6197 2670 1571 0 0 60200
6198 2670 1574 0 0 60300
6206 2670 1575 0 0 60400
6209 2670 1578 0 0 60500
6215 2673 1581 0 0 60600
6219 2678 1583 0 0 60700
6231 2678 1585 0 0 60800
6234 2682 1587 0 0 60900
6238 2685 1589 0 0 61000
6245 2687 1592 0 0 61100
6245 2692 1593 0 0 61200
6248 2694 1597 0 0 61300
6252 2697 1599 0 0 61400
6252 2697 1602 0 0 61500
6264 2698 1602 0 0 61600
6269 2699 1603 0 0 61700
6270 2700 1606 0 0 61800
6278 2705 1610 0 0 61900
6282 2711 1611 0 0 62000
6291 2716 1613 0 0 62100
6295 2721 1615 0 0 62200
6298 2724 1615 0 0 62300
6302 2728 1618 0 0 62400
6305 2734 1621 0 0 62500
6305 2739 1623 0 0 62600
6307 2745 1627 0 0 62700
6311 2751 1628 0 0 62800
6312 2753 1630 0 0 62900
6314 2753 1632 0 0 63000
6318 2753 1636 0 0 63100
6322 2755 1638 0 0 63200
6322 2757 1640 0 0 63300
6322 2758 1645 0 0 63400
6327 2761 1647 0 0 63500
6329 2764 1650 0 0 63600
6330 2774 1656 0 0 63700
6335 2780 1658 0 0 63800
6337 2783 1662 0 0 63900
6339 2793 1666 0 0 64000
6346 2798 1668 0 0 64100
6348 2803 1673 0 0 64200
6360 2805 1675 0 0 64300
6361 2807 1677 0 0 64400
6366 2821 1679 0 0 64500
6367 2829 1682 0 0 64600
6376 2830 1684 0 0 64700
6382 2836 1684 0 0 64800
6387 2845 1686 0 0 64900
6388 2847 1691 0 0 65000
6395 2850 1696 0 0 65100
6402 2853 1699 0 0 65200
6409 2856 1700 0 0 65300
6410 2867 1701 0 0 65400
6417 2872 1704 0 0 65500
6423 2878 1706 0 0 65600
6428 2887 1707 0 0 65700
6429 2897 1710 0 0 65800
6431 2900 1711 0 0 65900
6431 2901 1714 0 0 66000
6435 2902 1714 0 0 66100
6438 2903 1715 0 0 66200
6441 2906 1717 0 0 66300
6447 2911 1717 0 0 66400
6455 2917 1719 0 0 66500
6458 2925 1720 0 0 66600
6461 2929 1722 0 0 66700
6467 2932 1724 0 0 66800
6472 2936 1726 0 0 66900
6476 2943 1727 0 0 67000
6481 2948 1729 0 0 67100
6484 2952 1731 0 0 67200
6489 2958 1733 0 0 67300
6490 2971 1735 0 0 67400
6499 2979 1737 0 0 67500
6500 2982 1740 0 0 67600
6504 2988 1742 0 0 67700
6509 2997 1743 0 0 67800
6511 3002 1743 0 0 67900
6516 3005 1745 0 0 68000
6518 3011 1747 0 0 68100
6527 3015 1747 0 0 68200
6540 3018 1749 0 0 68300
6550 3024 1749 0 0 68400
6555 3033 1749 0 0 68500
6566 3039 1754 0 0 68600
6573 3045 1754 0 0 68700
6577 3048 1755 0 0 68800
6587 3053 1757 0 0 68900
6589 3056 1758 0 0 69000
6595 3059 1759 0 0 69100
6597 3062 1761 0 0 69200
6606 3065 1762 0 0 69300
6611 3069 1762 0 0 69400
6612 3079 1766 0 0 69500
6616 3086 1768 0 0 69600
6616 3095 1770 0 0 69700
6619 3102 1771 0 0 69800
6621 3107 1772 0 0 69900
6623 3112 1774 0 0 70000
6625 3116 1776 0 0 70100
6627 3116 1777 0 0 70200
6636 3120 1779 0 0 70300
6636 3127 1781 0 0 70400
6636 3132 1782 0 0 70500
6638 3133 1785 0 0 70600
6642 3135 1788 0 0 70700
6646 3135 1789 0 0 70800
6651 3137 1793 0 0 70900
6655 3139 1793 0 0 71000
6655 3145 1794 0 0 71100
6662 3146 1794 0 0 71200
6662 3146 1795 0 0 71300
6667 3150 1796 0 0 71400
6669 3152 1797 0 0 71500
6669 3154 1797 0 0 71600
6669 3159 1797 0 0 71700
6673 3163 1798 0 0 71800
6679 3165 1798 0 0 71900
6683 3168 1799 0 0 72000
6683 3171 1801 0 0 72100
6684 3173 1802 0 0 72200
6689 3174 1803 0 0 72300
6697 3174 1804 0 0 72400
6699 3180 1806 0 0 72500
6700 3182 1808 0 0 72600
6705 3184 1811 0 0 72700
6708 3190 1811 0 0 72800
6712 3197 1813 0 0 72900
6715 3204 1815 0 0 73000
6720 3204 1816 0 0 73100
6726 3209 1817 0 0 73200
6732 3213 1819 0 0 73300
6740 3220 1821 0 0 73400
6742 3226 1823 0 0 73500
6750 3228 1823 0 0 73600
6754 3233 1825 0 0 73700
6755 3239 1826 0 0 73800
6762 3241 1827 0 0 73900
6764 3243 1832 0 0 74000
6768 3246 1834 0 0 74100
6779 3252 1836 0 0 74200
6787 3259 1837 0 0 74300
6790 3267 1841 0 0 74400
6795 3278 1843 0 0 74500
6797 3285 1847 0 0 74600
6802 3288 1850 0 0 74700
6810 3289 1853 0 0 74800
6814 3290 1855 0 0 74900
6821 3290 1860 0 0 75000
6825 3290 1863 0 0 75100
6835 3293 1866 0 0 75200
6840 3298 1869 0 0 75300
6844 3304 1871 0 0 75400
6846 3304 1875 0 0 75500
6846 3305 1875 0 0 75600
6851 3305 1878 0 0 75700
6858 3310 1878 0 0 75800
6861 3316 1880 0 0 75900
6873 3322 1880 0 0 76000
6875 3324 1882 0 0 76100
6887 3326 1884 0 0 76200
6888 3330 1885 0 0 76300
6893 3336 1887 0 0 76400
6899 3337 1887 0 0 76500
6905 3338 1889 0 0 76600
6912 3342 1892 0 0 76700
6914 3346 1894 0 0 76800
6914 3355 1895 0 0 76900
6918 3365 1897 0 0 77000
6924 3373 1897 0 0 77100
6931 3377 1898 0 0 77200
6934 3383 1900 0 0 77300
6937 3387 1901 0 0 77400
6941 3394 1902 0 0 77500
6941 3403 1905 0 0 77600
6952 3406 1906 0 0 77700
6953 3407 1908 0 0 77800
6960 3408 1910 0 0 77900
6965 3408 1913 0 0 78000
6967 3411 1913 0 0 78100
6969 3414 1914 0 0 78200
6973 3421 1915 0 0 78300
6974 3425 1916 0 0 78400
6978 3430 1918 0 0 78500
6981 3433 1918 0 0 78600
6987 3433 1921 0 0 78700
6990 3435 1923 0 0 78800
6996 3438 1925 0 0 78900
7003 3440 1926 0 0 79000
7011 3443 1926 0 0 79100
7016 3448 1926 0 0 79200
7025 3457 1926 0 0 79300
7034 3464 1927 0 0 79400
7040 3469 1930 0 0 79500
7046 3476 1931 0 0 79600
7046 3480 1936 0 0 79700
7057 3484 1938 0 0 79800
7057 3492 1943 0 0 79900
7065 3495 1945 0 0 80000
7068 3497 1948 0 0 80100
7070 3500 1953 0 0 80200
7075 3509 1957 0 0 80300
7084 3514 1958 0 0 80400
7091 3517 1963 0 0 80500
7101 3523 1965 0 0 80600
7101 3526 1967 0 0 80700
7103 3533 1970 0 0 80800
7111 3535 1974 0 0 80900
7111 3540 1975 0 0 81000
7115 3541 1976 0 0 81100
7128 3542 1976 0 0 81200
7136 3547 1979 0 0 81300
7141 3550 1979 0 0 81400
7143 3553 1980 0 0 81500
7146 3555 1980 0 0 81600
7147 3558 1983 0 0 81700
7147 3560 1983 0 0 81800
7150 3560 1984 0 0 81900
7150 3563 1985 0 0 82000
7151 3567 1985 0 0 82100
7154 3573 1985 0 0 82200
7163 3575 1985 0 0 82300
7171 3576 1987 0 0 82400
7176 3576 1987 0 0 82500
7178 3578 1988 0 0 82600
7179 3581 1992 0 0 82700
7182 3582 1993 0 0 82800
7182 3583 1995 0 0 82900
7183 3589 1997 0 0 83000
7184 3596 1999 0 0 83100
7185 3597 2000 0 0 83200
7190 3598 2003 0 0 83300
7193 3602 2004 0 0 83400
7195 3611 2007 0 0 83500
7196 3615 2009 0 0 83600
7199 3617 2009 0 0 83700
7205 3626 2012 0 0 83800
7213 3638 2013 0 0 83900
7223 3644 2014 0 0 84000
7226 3652 2017 0 0 84100
7229 3657 2018 0 0 84200
7230 3658 2021 0 0 84300
7233 3662 2022 0 0 84400
7235 3666 2025 0 0 84500
7240 3668 2026 0 0 84600
7246 3674 2028 0 0 84700
7246 3683 2029 0 0 84800
7249 3688 2031 0 0 84900
7251 3691 2032 0 0 85000
7254 3697 2033 0 0 85100
7256 3698 2034 0 0 85200
7259 3699 2035 0 0 85300
7263 3701 2035 0 0 85400
7263 3701 2036 0 0 85500
7265 3701 2036 0 0 85600
7276 3702 2037 0 0 85700
7292 3704 2038 0 0 85800
7292 3707 2040 0 0 85900
7295 3712 2041 0 0 86000
7297 3714 2044 0 0 86100
7300 3717 2046 0 0 86200
7301 3719 2049 0 0 86300
7306 3726 2051 0 0 86400
7307 3730 2053 0 0 86500
7313 3731 2056 0 0 86600
7317 3736 2058 0 0 86700
7319 3741 2060 0 0 86800
7321 3746 2063 0 0 86900
7321 3748 2065 0 0 87000
7324 3751 2068 0 0 87100
7326 3752 2074 0 0 87200
7326 3752 2075 0 0 87300
7327 3753 2079 0 0 87400
7335 3757 2083 0 0 87500
7340 3761 2085 0 0 87600
7342 3768 2087 0 0 87700
7345 3771 2088 0 0 87800
7346 3773 2089 0 0 87900
7347 3780 2092 0 0 88000
7352 3780 2094 0 0 88100
7353 3780 2098 0 0 88200
7356 3780 2100 0 0 88300
7360 3781 2101 0 0 88400
7372 3782 2105 0 0 88500
7375 3788 2109 0 0 88600
7380 3796 2112 0 0 88700
7387 3802 2113 0 0 88800
7388 3808 2115 0 0 88900
7393 3809 2117 0 0 89000
7398 3810 2118 0 0 89100
7400 3818 2120 0 0 89200
7402 3822 2120 0 0 89300
7404 3825 2122 0 0 89400
7412 3828 2122 0 0 89500
7415 3828 2125 0 0 89600
7425 3830 2127 0 0 89700
7427 3832 2128 0 0 89800
7430 3838 2132 0 0 89900
7435 3844 2134 0 0 90000
7441 3847 2136 0 0 90100
7444 3847 2137 0 0 90200
7445 3852 2139 0 0 90300
7446 3854 2143 0 0 90400
7446 3855 2145 0 0 90500
7451 3860 2146 0 0 90600
7456 3866 2148 0 0 90700
7463 3867 2149 0 0 90800
7464 3872 2151 0 0 90900
7466 3875 2154 0 0 91000
7469 3878 2155 0 0 91100
7474 3883 2158 0 0 91200
7480 3885 2159 0 0 91300
7482 3891 2161 0 0 91400
7487 3895 2164 0 0 91500
7490 3897 2165 0 0 91600
7491 3903 2167 0 0 91700
7499 3905 2173 0 0 91800
7502 3909 2174 0 0 91900
7505 3911 2176 0 0 92000
7510 3917 2178 0 0 92100
7515 3917 2180 0 0 92200
7519 3920 2180 0 0 92300
7526 3926 2182 0 0 92400
7533 3928 2183 0 0 92500
7534 3930 2185 0 0 92600
7541 3934 2187 0 0 92700
7542 3934 2188 0 0 92800
7544 3942 2189 0 0 92900
7549 3945 2193 0 0 93000
7551 3949 2194 0 0 93100
7553 3958 2196 0 0 93200
7553 3959 2197 0 0 93300
7553 3960 2199 0 0 93400
7556 3961 2202 0 0 93500
7558 3969 2203 0 0 93600
7558 3974 2206 0 0 93700
7562 3975 2207 0 0 93800
7563 3979 2208 0 0 93900
7569 3986 2209 0 0 94000
7576 3991 2211 0 0 94100
7581 3994 2211 0 0 94200
7582 3997 2212 0 0 94300
7582 4003 2213 0 0 94400
7584 4011 2215 0 0 94500
7586 4019 2216 0 0 94600
7590 4022 2219 0 0 94700
7591 4024 2221 0 0 94800
7595 4027 2223 0 0 94900
7601 4028 2224 0 0 95000
7605 4028 2227 0 0 95100
7613 4037 2229 0 0 95200
7613 4041 2230 0 0 95300
7618 4044 2232 0 0 95400
7618 4048 2234 0 0 95500
7623 4051 2236 0 0 95600
7626 4057 2238 0 0 95700
7636 4061 2239 0 0 95800
7636 4068 2241 0 0 95900
7637 4071 2243 0 0 96000
7642 4075 2246 0 0 96100
7642 4076 2246 0 0 96200
7646 4079 2249 0 0 96300
7648 4080 2249 0 0 96400
7648 4083 2252 0 0 96500
7651 4087 2255 0 0 96600
7655 4088 2256 0 0 96700
7659 4089 2257 0 0 96800
7664 4090 2258 0 0 96900
7667 4092 2258 0 0 97000
7673 4093 2261 0 0 97100
7676 4096 2263 0 0 97200
7682 4097 2264 0 0 97300
7684 4099 2267 0 0 97400
7693 4104 2270 0 0 97500
7694 4110 2272 0 0 97600
7696 4113 2274 0 0 97700
7696 4118 2276 0 0 97800
7699 4122 2277 0 0 97900
7705 4124 2278 0 0 98000
7706 4129 2279 0 0 98100
7708 4132 2279 0 0 98200
7713 4134 2280 0 0 98300
7714 4139 2280 0 0 98400
7714 4141 2282 0 0 98500
7721 4142 2283 0 0 98600
7721 4145 2283 0 0 98700
7722 4145 2284 0 0 98800
7724 4145 2285 0 0 98900
7724 4149 2285 0 0 99000
7725 4156 2287 0 0 99100
7728 4160 2287 0 0 99200
7732 4162 2288 0 0 99300
7734 4168 2289 0 0 99400
7741 4172 2290 0 0 99500
7742 4175 2293 0 0 99600
7746 4175 2293 0 0 99700
7750 4175 2294 0 0 99800
7751 4180 2295 0 0 99900
7 0 0 0 0 0
7 0 0 0 0 100
7 0 0 0 0 200
7 0 0 0 0 300
7 0 0 0 0 400
7 0 0 0 0 500
11 0 0 0 0 600
14 0 0 0 0 700
18 0 0 0 0 800
22 0 0 0 0 900
35 0 0 0 0 1000
43 0 0 0 0 1100
53 0 0 0 0 1200
76 0 0 0 0 1300
100 0 1 0 0 1400
101 0 3 0 0 1500
103 0 6 0 0 1600
111 8 6 0 0 1700
117 23 9 0 0 1800
122 35 10 0 0 1900
135 43 12 0 0 2000
144 60 17 0 0 2100
156 73 22 0 0 2200
169 79 24 0 0 2300
179 84 27 0 0 2400
200 108 34 0 0 2500
213 123 39 0 0 2600
222 140 47 0 0 2700
250 157 52 0 0 2800
264 175 57 0 0 2900
269 178 62 0 0 3000
293 183 65 0 0 3100
326 188 71 0 0 3200
343 193 72 0 0 3300
372 201 76 0 0 3400
390 207 76 0 0 3500
403 213 79 0 0 3600
433 217 84 0 0 3700
457 224 89 0 0 3800
469 238 90 0 0 3900
479 247 97 0 0 4000
489 257 102 0 0 4100
515 268 103 0 0 4200
538 275 104 0 0 4300
566 280 109 0 0 4400
578 288 112 0 0 4500
591 292 115 0 0 4600
612 297 117 0 0 4700
635 306 121 0 0 4800
661 317 123 0 0 4900
681 321 125 0 0 5000
693 322 130 0 0 5100
725 323 135 0 0 5200
762 328 141 0 0 5300
788 334 145 0 0 5400
811 338 149 0 0 5500
828 344 156 0 0 5600
850 351 160 0 0 5700
889 358 163 0 0 5800
909 361 164 0 0 5900
934 365 166 0 0 6000
954 369 170 0 0 6100
986 376 177 0 0 6200
1003 380 177 0 0 6300
1023 384 182 0 0 6400
1040 394 185 0 0 6500
1055 397 187 0 0 6600
1073 401 192 0 0 6700
1084 406 196 0 0 6800
1099 409 200 0 0 6900
1120 411 201 0 0 7000
1138 417 204 0 0 7100
1148 426 205 0 0 7200
1172 430 206 0 0 7300
1186 431 209 0 0 7400
1206 438 211 0 0 7500
1220 440 216 0 0 7600
1236 445 219 0 0 7700
1256 451 223 0 0 7800
1270 454 224 0 0 7900
1280 455 227 0 0 8000
1294 458 231 0 0 8100
1312 461 232 0 0 8200
1330 462 234 0 0 8300
1365 463 235 0 0 8400
1387 470 236 0 0 8500
1407 477 239 0 0 8600
1431 491 240 0 0 8700
1454 500 242 0 0 8800
1478 511 244 0 0 8900
1498 515 245 0 0 9000
1516 521 250 0 0 9100
1547 527 251 0 0 9200
1570 539 253 0 0 9300
1589 547 258 0 0 9400
1604 555 262 0 0 9500
1616 558 267 0 0 9600
1636 558 272 0 0 9700
1649 568 274 0 0 9800
1673 573 276 0 0 9900
1685 576 278 0 0 10000
1696 583 281 0 0 10100
1710 586 283 0 0 10200
1720 587 285 0 0 10300
1742 591 287 0 0 10400
1760 599 294 0 0 10500
1771 605 298 0 0 10600
1790 613 301 0 0 10700
1808 615 304 0 0 10800
1815 619 311 0 0 10900
1837 621 315 0 0 11000
1860 624 321 0 0 11100
1867 631 322 0 0 11200
1880 639 328 0 0 11300
1906 641 332 0 0 11400
1936 644 333 0 0 11500
1954 647 339 0 0 11600
1977 650 344 0 0 11700
2002 651 348 0 0 11800
2015 652 351 0 0 11900
2029 656 356 0 0 12000
2049 666 357 0 0 12100
2064 672 359 0 0 12200
2077 679 363 0 0 12300
2094 683 367 0 0 12400
2101 689 369 0 0 12500
2129 692 372 0 0 12600
2147 693 376 0 0 12700
2159 694 379 0 0 12800
2177 695 386 0 0 12900
2192 697 389 0 0 13000
2204 697 394 0 0 13100
2231 701 398 0 0 13200
2236 706 403 0 0 13300
2238 709 410 0 0 13400
2249 710 413 0 0 13500
2268 715 416 0 0 13600
2278 717 420 0 0 13700
2303 719 421 0 0 13800
2322 721 428 0 0 13900
2332 723 432 0 0 14000
2356 723 434 0 0 14100
2358 734 437 0 0 14200
2375 737 441 0 0 14300
2396 738 444 0 0 14400
2402 739 447 0 0 14500
2411 742 450 0 0 14600
2441 746 456 0 0 14700
2447 747 461 0 0 14800
2460 749 466 0 0 14900
2480 751 469 0 0 15000
2503 753 471 0 0 15100
2520 755 474 0 0 15200
2542 755 479 0 0 15300
2553 756 482 0 0 15400
2564 760 484 0 0 15500
2570 766 487 0 0 15600
2583 766 488 0 0 15700
2606 767 490 0 0 15800
2630 767 492 0 0 15900
2667 771 492 0 0 16000
2676 783 495 0 0 16100
2692 794 500 0 0 16200
2715 796 502 0 0 16300
2737 800 509 0 0 16400
2746 802 513 0 0 16500
2760 804 521 0 0 16600
2784 808 524 0 0 16700
2792 815 531 0 0 16800
2806 821 533 0 0 16900
2825 822 535 0 0 17000
2840 834 537 0 0 17100
2848 841 541 0 0 17200
2861 846 543 0 0 17300
2873 848 546 0 0 17400
2888 849 549 0 0 17500
2916 856 552 0 0 17600
2928 858 555 0 0 17700
2940 861 558 0 0 17800
2956 862 562 0 0 17900
2984 866 565 0 0 18000
2993 875 569 0 0 18100
3009 882 571 0 0 18200
3028 889 577 0 0 18300
3040 889 578 0 0 18400
3053 890 583 0 0 18500
3070 893 586 0 0 18600
3082 899 587 0 0 18700
3104 903 592 0 0 18800
3115 909 594 0 0 18900
3124 916 597 0 0 19000
3149 920 600 0 0 19100
3172 924 603 0 0 19200
3185 925 607 0 0 19300
3211 927 609 0 0 19400
3217 935 609 0 0 19500
3245 941 614 0 0 19600
3257 948 615 0 0 19700
3266 950 619 0 0 19800
3269 950 621 0 0 19900
3303 951 623 0 0 20000
3306 955 625 0 0 20100
3323 961 625 0 0 20200
3332 964 629 0 0 20300
3343 968 630 0 0 20400
3358 971 631 0 0 20500
3366 975 631 0 0 20600
3376 978 635 0 0 20700
3385 986 639 0 0 20800
3397 989 643 0 0 20900
3412 995 648 0 0 21000
3428 997 650 0 0 21100
3444 1008 651 0 0 21200
3460 1011 653 0 0 21300
3470 1015 655 0 0 21400
3482 1017 660 0 0 21500
3489 1019 663 0 0 21600
3509 1022 665 0 0 21700
3510 1026 668 0 0 21800
3513 1033 671 0 0 21900
3532 1038 675 0 0 22000
3540 1038 676 0 0 22100
3561 1043 678 0 0 22200
3582 1049 681 0 0 22300
3591 1053 685 0 0 22400
3603 1060 689 0 0 22500
3621 1066 692 0 0 22600
3632 1069 693 0 0 22700
3642 1072 694 0 0 22800
3658 1073 696 0 0 22900
3665 1077 697 0 0 23000
3676 1082 700 0 0 23100
3706 1084 701 0 0 23200
3729 1095 702 0 0 23300
3748 1099 706 0 0 23400
3761 1107 707 0 0 23500
3775 1115 712 0 0 23600
3789 1116 716 0 0 23700
3799 1119 719 0 0 23800
3828 1121 724 0 0 23900
3841 1127 728 0 0 24000
3843 1138 733 0 0 24100
3859 1142 737 0 0 24200
3871 1145 742 0 0 24300
3873 1148 745 0 0 24400
3876 1151 748 0 0 24500
3877 1154 752 0 0 24600
3896 1157 755 0 0 24700
3909 1161 757 0 0 24800
3918 1163 757 0 0 24900
3931 1168 758 0 0 25000
3941 1172 758 0 0 25100
3962 1182 759 0 0 25200
3981 1186 759 0 0 25300
3989 1190 762 0 0 25400
4001 1196 767 0 0 25500
4012 1202 768 0 0 25600
4019 1206 771 0 0 25700
4022 1209 773 0 0 25800
4035 1214 776 0 0 25900
4047 1219 778 0 0 26000
4054 1222 780 0 0 26100
4066 1225 781 0 0 26200
4077 1232 784 0 0 26300
4093 1233 786 0 0 26400
4098 1239 788 0 0 26500
4110 1250 790 0 0 26600
4112 1254 793 0 0 26700
4133 1254 795 0 0 26800
4139 1256 798 0 0 26900
4152 1260 802 0 0 27000
4158 1266 802 0 0 27100
4160 1268 805 0 0 27200
4180 1272 806 0 0 27300
4184 1276 809 0 0 27400
4193 1278 810 0 0 27500
4202 1278 812 0 0 27600
4212 1281 814 0 0 27700
4234 1285 814 0 0 27800
4244 1288 816 0 0 27900
4257 1294 820 0 0 28000
4272 1300 822 0 0 28100
4285 1308 827 0 0 28200
4298 1310 827 0 0 28300
4302 1312 830 0 0 28400
4313 1313 834 0 0 28500
4317 1316 837 0 0 28600
4326 1316 838 0 0 28700
4333 1317 841 0 0 28800
4340 1320 843 0 0 28900
4351 1329 846 0 0 29000
4359 1337 847 0 0 29100
4360 1343 850 0 0 29200
4365 1345 853 0 0 29300
4375 1348 856 0 0 29400
4380 1351 864 0 0 29500
4387 1359 867 0 0 29600
4394 1361 870 0 0 29700
4410 1366 873 0 0 29800
4421 1369 878 0 0 29900
4432 1372 883 0 0 30000
4440 1374 885 0 0 30100
4450 1377 892 0 0 30200
4459 1383 897 0 0 30300
4466 1385 901 0 0 30400
4480 1389 903 0 0 30500
4484 1394 905 0 0 30600
4489 1400 908 0 0 30700
4503 1404 909 0 0 30800
4511 1405 910 0 0 30900
4534 1411 913 0 0 31000
4549 1413 916 0 0 31100
4557 1415 919 0 0 31200
4561 1417 921 0 0 31300
4565 1420 926 0 0 31400
4578 1423 927 0 0 31500
4584 1429 928 0 0 31600
4595 1432 931 0 0 31700
4605 1433 934 0 0 31800
4612 1437 936 0 0 31900
4616 1443 939 0 0 32000
4627 1453 939 0 0 32100
4638 1461 944 0 0 32200
4640 1468 946 0 0 32300
4653 1472 950 0 0 32400
4667 1472 954 0 0 32500
4675 1476 958 0 0 32600
4679 1485 961 0 0 32700
4682 1485 966 0 0 32800
4689 1486 970 0 0 32900
4697 1489 972 0 0 33000
4705 1495 973 0 0 33100
4714 1501 976 0 0 33200
4721 1505 978 0 0 33300
4732 1507 981 0 0 33400
4740 1513 984 0 0 33500
4750 1516 988 0 0 33600
4762 1516 989 0 0 33700
4781 1517 993 0 0 33800
4798 1520 995 0 0 33900
4806 1523 996 0 0 34000
4811 1530 997 0 0 34100
4821 1534 1000 0 0 34200
4824 1536 1002 0 0 34300
4833 1541 1004 0 0 34400
4844 1548 1005 0 0 34500
4846 1554 1006 0 0 34600
4858 1559 1008 0 0 34700
4872 1568 1010 0 0 34800
4881 1573 1013 0 0 34900
4894 1579 1014 0 0 35000
4903 1583 1016 0 0 35100
4904 1585 1018 0 0 35200
4909 1585 1019 0 0 35300
4914 1589 1021 0 0 35400
4915 1592 1023 0 0 35500
4925 1596 1024 0 0 35600
4933 1600 1025 0 0 35700
4955 1608 1028 0 0 35800
4968 1610 1031 0 0 35900
4979 1617 1032 0 0 36000
4983 1626 1034 0 0 36100
4992 1631 1035 0 0 36200
5000 1636 1036 0 0 36300
5008 1643 1037 0 0 36400
5027 1647 1039 0 0 36500
5038 1652 1041 0 0 36600
5044 1660 1045 0 0 36700
5052 1668 1047 0 0 36800
5056 1669 1047 0 0 36900
5063 1678 1049 0 0 37000
5067 1683 1053 0 0 37100
5074 1690 1053 0 0 37200
5082 1692 1057 0 0 37300
5089 1694 1059 0 0 37400
5102 1701 1061 0 0 37500
5110 1705 1064 0 0 37600
5118 1709 1070 0 0 37700
5129 1712 1074 0 0 37800
5134 1718 1076 0 0 37900
5139 1722 1080 0 0 38000
5146 1722 1082 0 0 38100
5149 1725 1086 0 0 38200
5156 1727 1086 0 0 38300
5164 1733 1090 0 0 38400
5182 1735 1092 0 0 38500
5183 1739 1094 0 0 38600
5190 1741 1097 0 0 38700
5200 1746 1099 0 0 38800
5205 1748 1102 0 0 38900
5212 1751 1105 0 0 39000
5222 1755 1107 0 0 39100
5237 1759 1111 0 0 39200
5255 1765 1113 0 0 39300
5266 1770 1115 0 0 39400
5269 1775 1120 0 0 39500
5273 1778 1123 0 0 39600
5276 1781 1126 0 0 39700
5277 1785 1129 0 0 39800
5284 1790 1132 0 0 39900
5300 1793 1135 0 0 40000
5301 1794 1139 0 0 40100
5316 1794 1142 0 0 40200
5317 1796 1146 0 0 40300
5338 1802 1148 0 0 40400
5357 1806 1148 0 0 40500
5364 1810 1148 0 0 40600
5365 1815 1150 0 0 40700
5377 1819 1154 0 0 40800
5381 1821 1154 0 0 40900
5384 1823 1157 0 0 41000
5387 1825 1160 0 0 41100
5388 1826 1162 0 0 41200
5398 1830 1165 0 0 41300
5407 1831 1167 0 0 41400
5417 1831 1168 0 0 41500
5420 1833 1172 0 0 41600
5421 1834 1175 0 0 41700
5434 1835 1175 0 0 41800
5445 1836 1181 0 0 41900
5455 1838 1182 0 0 42000
5477 1847 1185 0 0 42100
5487 1853 1187 0 0 42200
5495 1859 1190 0 0 42300
5497 1863 1194 0 0 42400
5504 1868 1194 0 0 42500
5506 1872 1196 0 0 42600
5511 1875 1198 0 0 42700
5514 1882 1200 0 0 42800
5518 1885 1203 0 0 42900
5523 1889 1206 0 0 43000
5525 1893 1209 0 0 43100
5533 1898 1211 0 0 43200
5538 1900 1213 0 0 43300
5540 1903 1214 0 0 43400
5543 1906 1217 0 0 43500
5556 1907 1220 0 0 43600
5565 1910 1223 0 0 43700
5575 1911 1226 0 0 43800
5581 1913 1227 0 0 43900
5591 1916 1230 0 0 44000
5601 1918 1235 0 0 44100
5604 1926 1237 0 0 44200
5606 1931 1238 0 0 44300
5612 1932 1241 0 0 44400
5618 1933 1243 0 0 44500
5620 1937 1245 0 0 44600
5624 1941 1250 0 0 44700
5629 1946 1252 0 0 44800
5635 1949 1255 0 0 44900
5640 1952 1259 0 0 45000
5649 1957 1261 0 0 45100
5665 1962 1262 0 0 45200
5666 1968 1266 0 0 45300
5672 1971 1268 0 0 45400
5682 1972 1271 0 0 45500
5689 1974 1272 0 0 45600
5692 1983 1276 0 0 45700
5696 1987 1276 0 0 45800
5702 1998 1277 0 0 45900
5704 2003 1278 0 0 46000
5705 2007 1281 0 0 46100
5709 2011 1282 0 0 46200
5716 2016 1283 0 0 46300
5721 2022 1284 0 0 46400
5722 2026 1285 0 0 46500
5731 2034 1286 0 0 46600
5746 2042 1288 0 0 46700
5752 2051 1288 0 0 46800
5761 2065 1288 0 0 46900
5766 2078 1288 0 0 47000
5771 2084 1289 0 0 47100
5781 2087 1293 0 0 47200
5791 2093 1295 0 0 47300
5792 2097 1297 0 0 47400
5797 2100 1298 0 0 47500
5804 2102 1301 0 0 47600
5807 2107 1304 0 0 47700
5808 2112 1308 0 0 47800
5812 2121 1311 0 0 47900
5818 2123 1313 0 0 48000
5824 2128 1317 0 0 48100
5832 2131 1320 0 0 48200
5845 2132 1324 0 0 48300
5852 2135 1329 0 0 48400
5860 2138 1332 0 0 48500
5869 2143 1335 0 0 48600
5876 2145 1339 0 0 48700
5876 2146 1340 0 0 48800
5886 2149 1344 0 0 48900
5900 2151 1346 0 0 49000
5902 2154 1349 0 0 49100
5910 2161 1353 0 0 49200
5924 2165 1357 0 0 49300
5930 2171 1359 0 0 49400
5931 2176 1360 0 0 49500
5943 2183 1364 0 0 49600
5958 2188 1365 0 0 49700
5958 2195 1368 0 0 49800
5967 2206 1370 0 0 49900
5977 2214 1371 0 0 50000
5983 2219 1371 0 0 50100
6002 2221 1374 0 0 50200
6013 2229 1374 0 0 50300
6015 2232 1376 0 0 50400
6021 2240 1380 0 0 50500
6034 2243 1382 0 0 50600
6039 2244 1384 0 0 50700
6048 2255 1387 0 0 50800
6053 2261 1392 0 0 50900
6054 2265 1394 0 0 51000
6072 2271 1398 0 0 51100
6079 2276 1401 0 0 51200
6088 2282 1407 0 0 51300
6090 2290 1411 0 0 51400
6102 2298 1414 0 0 51500
6112 2309 1415 0 0 51600
6121 2317 1417 0 0 51700
6129 2325 1419 0 0 51800
6137 2330 1421 0 0 51900
6144 2338 1424 0 0 52000
6160 2345 1425 0 0 52100
6171 2351 1429 0 0 52200
6181 2354 1432 0 0 52300
6182 2360 1435 0 0 52400
6182 2361 1440 0 0 52500
6188 2361 1441 0 0 52600
6196 2365 1442 0 0 52700
6204 2368 1442 0 0 52800
6214 2370 1444 0 0 52900
6230 2371 1444 0 0 53000
6234 2376 1448 0 0 53100
6244 2385 1450 0 0 53200
6246 2389 1452 0 0 53300
6254 2396 1453 0 0 53400
6262 2401 1455 0 0 53500
6276 2405 1456 0 0 53600
6277 2407 1460 0 0 53700
6280 2409 1462 0 0 53800
6285 2413 1464 0 0 53900
6292 2415 1466 0 0 54000
6297 2425 1467 0 0 54100
6303 2431 1469 0 0 54200
6307 2440 1469 0 0 54300
6309 2446 1470 0 0 54400
6318 2448 1474 0 0 54500
6324 2456 1475 0 0 54600
6331 2462 1477 0 0 54700
6334 2463 1478 0 0 54800
6335 2465 1480 0 0 54900
6339 2466 1481 0 0 55000
6343 2477 1485 0 0 55100
6345 2483 1486 0 0 55200
6347 2489 1488 0 0 55300
6357 2492 1491 0 0 55400
6365 2497 1496 0 0 55500
6368 2505 1500 0 0 55600
6373 2510 1503 0 0 55700
6377 2519 1505 0 0 55800
6385 2524 1508 0 0 55900
6391 2529 1514 0 0 56000
6394 2531 1516 0 0 56100
6403 2532 1518 0 0 56200
6407 2539 1521 0 0 56300
6419 2542 1523 0 0 56400
6432 2549 1524 0 0 56500
6432 2556 1524 0 0 56600
6433 2561 1527 0 0 56700
6433 2563 1529 0 0 56800
6439 2565 1529 0 0 56900
6440 2570 1530 0 0 57000
6447 2578 1532 0 0 57100
6449 2592 1533 0 0 57200
6457 2596 1535 0 0 57300
6462 2599 1536 0 0 57400
6465 2603 1537 0 0 57500
6469 2608 1540 0 0 57600
6476 2614 1540 0 0 57700
6485 2619 1542 0 0 57800
6492 2621 1543 0 0 57900
6498 2624 1546 0 0 58000
6506 2631 1547 0 0 58100
6513 2636 1548 0 0 58200
6515 2640 1553 0 0 58300
6515 2644 1554 0 0 58400
6521 2648 1557 0 0 58500
6523 2655 1560 0 0 58600
6525 2659 1561 0 0 58700
6529 2666 1562 0 0 58800
6531 2671 1563 0 0 58900
6540 2675 1563 0 0 59000
6550 2677 1563 0 0 59100
6553 2683 1566 0 0 59200
6555 2685 1567 0 0 59300
6561 2686 1570 0 0 59400
6566 2687 1572 0 0 59500
6570 2691 1573 0 0 59600
6570 2693 1574 0 0 59700
6576 2695 1575 0 0 59800
6580 2696 1577 0 0 59900
6581 2699 1578 0 0 60000
6584 2699 1579 0 0 60100
6585 2699 1582 0 0 60200
6591 2700 1583 0 0 60300
6592 2701 1583 0 0 60400
6601 2705 1586 0 0 60500
6602 2708 1590 0 0 60600
6613 2715 1590 0 0 60700
6618 2721 1592 0 0 60800
6619 2722 1594 0 0 60900
6624 2726 1595 0 0 61000
6624 2729 1597 0 0 61100
6626 2736 1602 0 0 61200
6643 2742 1602 0 0 61300
6645 2744 1604 0 0 61400
6655 2750 1606 0 0 61500
6659 2753 1609 0 0 61600
6662 2760 1610 0 0 61700
6674 2764 1611 0 0 61800
6677 2771 1614 0 0 61900
6681 2775 1615 0 0 62000
6684 2778 1615 0 0 62100
6696 2779 1618 0 0 62200
6696 2784 1619 0 0 62300
6700 2790 1622 0 0 62400
6701 2796 1622 0 0 62500
6704 2797 1626 0 0 62600
6712 2801 1631 0 0 62700
6717 2808 1635 0 0 62800
6724 2815 1638 0 0 62900
6733 2820 1643 0 0 63000
6738 2822 1647 0 0 63100
6741 2824 1649 0 0 63200
6741 2825 1654 0 0 63300
6741 2826 1660 0 0 63400
6747 2828 1662 0 0 63500
6753 2829 1665 0 0 63600
6760 2830 1668 0 0 63700
6760 2834 1669 0 0 63800
6762 2837 1671 0 0 63900
6765 2837 1673 0 0 64000
6770 2842 1675 0 0 64100
6774 2843 1679 0 0 64200
6775 2845 1682 0 0 64300
6778 2848 1684 0 0 64400
6781 2850 1686 0 0 64500
6789 2855 1687 0 0 64600
6790 2861 1689 0 0 64700
6797 2863 1691 0 0 64800
6805 2867 1692 0 0 64900
6807 2871 1693 0 0 65000
6809 2875 1696 0 0 65100
6817 2880 1696 0 0 65200
6825 2886 1697 0 0 65300
6826 2888 1699 0 0 65400
6826 2889 1699 0 0 65500
6833 2894 1704 0 0 65600
6835 2902 1706 0 0 65700
6839 2908 1708 0 0 65800
6844 2915 1709 0 0 65900
6853 2917 1711 0 0 66000
6859 2929 1717 0 0 66100
6864 2934 1718 0 0 66200
6871 2940 1721 0 0 66300
6874 2940 1722 0 0 66400
6882 2943 1723 0 0 66500
6891 2947 1724 0 0 66600
6902 2949 1728 0 0 66700
6906 2950 1730 0 0 66800
6911 2952 1730 0 0 66900
6916 2956 1732 0 0 67000
6921 2960 1732 0 0 67100
6923 2962 1734 0 0 67200
6931 2962 1734 0 0 67300
6938 2964 1735 0 0 67400
6940 2969 1736 0 0 67500
6947 2975 1736 0 0 67600
6951 2983 1737 0 0 67700
6959 2990 1738 0 0 67800
6962 2994 1739 0 0 67900
6966 3000 1741 0 0 68000
6969 3005 1742 0 0 68100
6981 3006 1745 0 0 68200
6983 3007 1748 0 0 68300
6986 3012 1748 0 0 68400
6987 3018 1754 0 0 68500
6994 3020 1756 0 0 68600
6997 3025 1759 0 0 68700
7001 3032 1762 0 0 68800
7006 3038 1763 0 0 68900
7012 3042 1769 0 0 69000
7015 3042 1771 0 0 69100
7017 3043 1774 0 0 69200
7022 3047 1777 0 0 69300
7024 3050 1778 0 0 69400
7034 3050 1779 0 0 69500
7037 3050 1780 0 0 69600
7040 3050 1781 0 0 69700
7046 3053 1782 0 0 69800
7056 3058 1785 0 0 69900
7063 3058 1786 0 0 70000
7069 3060 1788 0 0 70100
7071 3064 1788 0 0 70200
7071 3066 1790 0 0 70300
7078 3069 1795 0 0 70400
7079 3071 1796 0 0 70500
7090 3074 1801 0 0 70600
7091 3078 1803 0 0 70700
7092 3080 1806 0 0 70800
7094 3083 1809 0 0 70900
7104 3088 1811 0 0 71000
7106 3089 1811 0 0 71100
7110 3093 1813 0 0 71200
7111 3097 1815 0 0 71300
7112 3097 1816 0 0 71400
7115 3100 1817 0 0 71500
7119 3103 1820 0 0 71600
7119 3106 1821 0 0 71700
7122 3108 1824 0 0 71800
7133 3115 1826 0 0 71900
7135 3121 1830 0 0 72000
7139 3130 1831 0 0 72100
7145 3133 1834 0 0 72200
7146 3137 1834 0 0 72300
7149 3142 1837 0 0 72400
7153 3149 1838 0 0 72500
7159 3153 1840 0 0 72600
7164 3156 1844 0 0 72700
7167 3167 1851 0 0 72800
7174 3168 1852 0 0 72900
7181 3170 1854 0 0 73000
7186 3178 1856 0 0 73100
7198 3188 1862 0 0 73200
7202 3198 1863 0 0 73300
7211 3206 1866 0 0 73400
7213 3215 1870 0 0 73500
7221 3223 1872 0 0 73600
7230 3224 1875 0 0 73700
7232 3229 1878 0 0 73800
7240 3239 1879 0 0 73900
7248 3246 1882 0 0 74000
7253 3252 1884 0 0 74100
7256 3254 1887 0 0 74200
7260 3257 1890 0 0 74300
7264 3257 1893 0 0 74400
7275 3261 1896 0 0 74500
7275 3261 1899 0 0 74600
7277 3261 1901 0 0 74700
7284 3263 1905 0 0 74800
7290 3269 1906 0 0 74900
7294 3273 1907 0 0 75000
7297 3278 1912 0 0 75100
7298 3283 1912 0 0 75200
7299 3290 1915 0 0 75300
7301 3295 1917 0 0 75400
7307 3295 1921 0 0 75500
7311 3297 1925 0 0 75600
7313 3302 1926 0 0 75700
7320 3304 1929 0 0 75800
7328 3305 1930 0 0 75900
7330 3312 1930 0 0 76000
7332 3315 1932 0 0 76100
7340 3318 1934 0 0 76200
7340 3323 1935 0 0 76300
7351 3331 1937 0 0 76400
7354 3333 1937 0 0 76500
7355 3336 1940 0 0 76600
7357 3343 1943 0 0 76700
7366 3352 1945 0 0 76800
7369 3352 1946 0 0 76900
7371 3352 1950 0 0 77000
7377 3353 1950 0 0 77100
7388 3358 1952 0 0 77200
7398 3359 1952 0 0 77300
7405 3362 1954 0 0 77400
7410 3369 1958 0 0 77500
7417 3370 1960 0 0 77600
7422 3374 1961 0 0 77700
7427 3375 1962 0 0 77800
7430 3378 1967 0 0 77900
7434 3380 1967 0 0 78000
7438 3381 1971 0 0 78100
7443 3382 1973 0 0 78200
7448 3385 1977 0 0 78300
7451 3389 1979 0 0 78400
7461 3393 1982 0 0 78500
7469 3393 1984 0 0 78600
7469 3397 1987 0 0 78700
7470 3399 1991 0 0 78800
7474 3399 1992 0 0 78900
7475 3402 1997 0 0 79000
7480 3403 2000 0 0 79100
7483 3404 2006 0 0 79200
7485 3404 2007 0 0 79300
7486 3410 2011 0 0 79400
7489 3414 2014 0 0 79500
7490 3419 2016 0 0 79600
7499 3421 2019 0 0 79700
7508 3423 2023 0 0 79800
7515 3425 2024 0 0 79900
7527 3425 2026 0 0 80000
7528 3427 2028 0 0 80100
7541 3431 2028 0 0 80200
7543 3435 2031 0 0 80300
7545 3438 2032 0 0 80400
7549 3439 2035 0 0 80500
7549 3445 2036 0 0 80600
7553 3449 2039 0 0 80700
7555 3451 2040 0 0 80800
7558 3456 2041 0 0 80900
7558 3458 2042 0 0 81000
7566 3464 2044 0 0 81100
7568 3471 2046 0 0 81200
7576 3474 2046 0 0 81300
7577 3475 2049 0 0 81400
7580 3483 2054 0 0 81500
7591 3490 2054 0 0 81600
7599 3493 2055 0 0 81700
7602 3497 2055 0 0 81800
7604 3500 2061 0 0 81900
7605 3502 2062 0 0 82000
7609 3502 2066 0 0 82100
7612 3503 2069 0 0 82200
7614 3503 2073 0 0 82300
7620 3503 2074 0 0 82400
7622 3507 2076 0 0 82500
7632 3510 2077 0 0 82600
7636 3513 2080 0 0 82700
7643 3514 2081 0 0 82800
7643 3516 2083 0 0 82900
7648 3519 2085 0 0 83000
7659 3522 2088 0 0 83100
7663 3523 2090 0 0 83200
7663 3526 2090 0 0 83300
7665 3532 2097 0 0 83400
7677 3537 2098 0 0 83500
7680 3540 2098 0 0 83600
7687 3545 2102 0 0 83700
7690 3551 2105 0 0 83800
7697 3556 2109 0 0 83900
7705 3564 2110 0 0 84000
7707 3564 2114 0 0 84100
7711 3564 2115 0 0 84200
7712 3564 2116 0 0 84300
7718 3565 2119 0 0 84400
7722 3565 2120 0 0 84500
7728 3566 2121 0 0 84600
7733 3569 2121 0 0 84700
7742 3573 2121 0 0 84800
7744 3576 2126 0 0 84900
7746 3579 2127 0 0 85000
7757 3583 2128 0 0 85100
7764 3586 2128 0 0 85200
7768 3594 2128 0 0 85300
7783 3596 2130 0 0 85400
7784 3602 2133 0 0 85500
7794 3611 2136 0 0 85600
7796 3614 2137 0 0 85700
7798 3621 2141 0 0 85800
7806 3624 2144 0 0 85900
7813 3626 2147 0 0 86000
7821 3631 2150 0 0 86100
7822 3639 2152 0 0 86200
7834 3644 2155 0 0 86300
7838 3646 2155 0 0 86400
7853 3646 2156 0 0 86500
7854 3647 2160 0 0 86600
7865 3652 2162 0 0 86700
7865 3654 2165 0 0 86800
7870 3656 2167 0 0 86900
7878 3662 2168 0 0 87000
7880 3667 2168 0 0 87100
7886 3672 2170 0 0 87200
7904 3674 2173 0 0 87300
7911 3678 2174 0 0 87400
7917 3682 2176 0 0 87500
7925 3686 2181 0 0 87600
7929 3689 2184 0 0 87700
7934 3691 2186 0 0 87800
7941 3695 2189 0 0 87900
7941 3698 2191 0 0 88000
7944 3701 2192 0 0 88100
7946 3701 2193 0 0 88200
7949 3703 2195 0 0 88300
7949 3706 2195 0 0 88400
7952 3709 2198 0 0 88500
7952 3711 2200 0 0 88600
7953 3711 2201 0 0 88700
7956 3712 2205 0 0 88800
7956 3714 2206 0 0 88900
7957 3715 2207 0 0 89000
7960 3720 2208 0 0 89100
7963 3725 2209 0 0 89200
7972 3727 2211 0 0 89300
7976 3734 2212 0 0 89400
7978 3737 2217 0 0 89500
7983 3740 2218 0 0 89600
7984 3747 2219 0 0 89700
7985 3751 2220 0 0 89800
7986 3758 2220 0 0 89900
7988 3762 2222 0 0 90000
7988 3766 2223 0 0 90100
7989 3766 2225 0 0 90200
7992 3766 2227 0 0 90300
7992 3768 2232 0 0 90400
7992 3774 2234 0 0 90500
7997 3780 2236 0 0 90600
8003 3790 2238 0 0 90700
8003 3795 2239 0 0 90800
8009 3801 2240 0 0 90900
8011 3802 2243 0 0 91000
8014 3809 2246 0 0 91100
8014 3811 2247 0 0 91200
8020 3815 2247 0 0 91300
8028 3821 2249 0 0 91400
8030 3828 2252 0 0 91500
8034 3832 2255 0 0 91600
8037 3835 2258 0 0 91700
8040 3838 2261 0 0 91800
8040 3840 2263 0 0 91900
8043 3845 2264 0 0 92000
8052 3846 2265 0 0 92100
8060 3848 2265 0 0 92200
8063 3851 2266 0 0 92300
8067 3852 2267 0 0 92400
8074 3858 2267 0 0 92500
8081 3864 2269 0 0 92600
8086 3870 2271 0 0 92700
8088 3877 2273 0 0 92800
8091 3881 2273 0 0 92900
8095 3882 2276 0 0 93000
8096 3884 2280 0 0 93100
8096 3887 2281 0 0 93200
8097 3887 2284 0 0 93300
8101 3887 2286 0 0 93400
8102 3890 2287 0 0 93500
8104 3894 2288 0 0 93600
8104 3895 2293 0 0 93700
8105 3897 2293 0 0 93800
8112 3903 2296 0 0 93900
8117 3911 2297 0 0 94000
8122 3913 2300 0 0 94100
8131 3916 2302 0 0 94200
8132 3920 2304 0 0 94300
8134 3920 2310 0 0 94400
8139 3920 2311 0 0 94500
8150 3922 2314 0 0 94600
8158 3925 2315 0 0 94700
8164 3932 2318 0 0 94800
8165 3937 2322 0 0 94900
8173 3937 2327 0 0 95000
8175 3941 2329 0 0 95100
8180 3941 2334 0 0 95200
8180 3944 2339 0 0 95300
8180 3944 2341 0 0 95400
8189 3946 2342 0 0 95500
8194 3947 2344 0 0 95600
8194 3948 2345 0 0 95700
8198 3948 2346 0 0 95800
8200 3949 2348 0 0 95900
8201 3952 2350 0 0 96000
8210 3954 2350 0 0 96100
8220 3961 2351 0 0 96200
8222 3962 2352 0 0 96300
8226 3963 2355 0 0 96400
8227 3966 2356 0 0 96500
8232 3971 2359 0 0 96600
8234 3975 2360 0 0 96700
8237 3976 2364 0 0 96800
8237 3981 2365 0 0 96900
8243 3988 2366 0 0 97000
8245 3993 2367 0 0 97100
8249 3995 2369 0 0 97200
8257 3999 2371 0 0 97300
8259 4002 2372 0 0 97400
8267 4002 2375 0 0 97500
8272 4004 2376 0 0 97600
8272 4009 2378 0 0 97700
8275 4012 2379 0 0 97800
8277 4013 2381 0 0 97900
8286 4017 2383 0 0 98000
8296 4019 2384 0 0 98100
8297 4028 2387 0 0 98200
8305 4031 2388 0 0 98300
8309 4037 2389 0 0 98400
8321 4042 2391 0 0 98500
8329 4045 2391 0 0 98600
8336 4050 2394 0 0 98700
8338 4054 2395 0 0 98800
8342 4059 2396 0 0 98900
8346 4064 2398 0 0 99000
8349 4073 2398 0 0 99100
8357 4077 2399 0 0 99200
8357 4078 2399 0 0 99300
8364 4083 2400 0 0 99400
8368 4083 2402 0 0 99500
8370 4083 2402 0 0 99600
8372 4083 2404 0 0 99700
8374 4083 2404 0 0 99800
8375 4087 2406 0 0 99900
