0 0 0 0 0 0 0 0
0 12 0 0 2738 0 2804 100
0 19 0 0 6142 10 6324 200
0 25 0 0 7517 14 7788 300
0 29 0 0 9318 19 9661 400
0 32 0 0 11474 22 11863 500
0 34 0 0 13969 25 14398 600
0 37 0 0 16717 28 17234 700
0 39 0 0 19725 42 20361 800
0 43 0 0 23031 72 23836 900
0 44 0 0 26485 112 27496 1000
0 46 0 0 30197 170 31497 1100
0 48 0 0 34139 247 35816 1200
0 49 0 0 38344 344 40421 1300
0 52 0 0 42715 464 45347 1400
0 52 0 0 47216 619 50578 1500
0 55 0 0 51906 795 56034 1600
0 58 0 0 56765 968 61702 1700
0 63 0 0 61724 1169 67608 1800
0 69 0 0 66854 1348 73686 1900
0 71 0 0 72038 1565 80057 2000
0 75 0 0 77286 1787 86559 2100
0 80 0 0 82649 2030 93372 2200
0 85 0 0 88015 2279 100302 2300
0 91 0 0 93572 2581 107505 2400
0 92 0 0 98964 2867 114621 2500
0 95 0 0 104562 3242 122021 2600
0 98 0 0 110022 3574 129284 2700
0 103 0 0 115652 3929 136801 2800
0 106 0 0 121177 4330 144288 2900
0 107 0 0 126816 4717 151903 3000
0 111 0 0 132458 5168 159559 3100
0 115 0 0 138157 5632 167349 3200
0 119 0 0 144005 6204 175532 3300
0 121 0 0 149785 6867 183773 3400
0 125 0 0 155598 7552 192111 3500
0 125 0 0 161530 8243 200602 3600
0 126 0 0 167407 8935 209069 3700
0 128 0 0 173243 9618 217674 3800
0 129 0 0 179137 10330 226527 3900
0 132 0 0 185070 11078 235509 4000
0 134 0 0 191057 11851 244557 4100
0 135 0 0 196858 12654 253519 4200
0 137 0 0 202783 13497 262643 4300
0 139 0 0 208711 14382 271752 4400
0 141 0 0 214607 15299 280862 4500
0 142 0 0 220375 16248 289918 4600
0 147 0 0 226280 17180 299121 4700
0 151 0 0 232198 18097 308466 4800
0 153 0 0 238143 19064 317907 4900
0 153 0 0 244092 19999 327420 5000
0 154 0 0 250124 20937 337011 5100
0 157 0 0 256076 21892 346570 5200
0 160 0 0 262006 22914 356138 5300
0 161 0 0 267959 23940 365845 5400
0 166 0 0 274021 24871 375500 5500
0 167 0 0 279895 25797 385138 5600
0 168 0 0 285951 26871 395031 5700
0 169 0 0 291888 27913 404708 5800
0 171 0 0 297728 28870 414315 5900
0 172 0 0 303764 29862 424162 6000
0 172 0 0 309693 30846 434009 6100
0 174 0 0 315732 31818 443804 6200
0 180 0 0 321731 32811 453683 6300
0 181 0 0 327702 33766 463580 6400
0 183 0 0 333696 34733 473646 6500
0 184 0 0 339767 35805 483550 6600
0 189 0 0 345758 36859 493324 6700
0 189 0 0 351740 37882 502926 6800
0 193 0 0 357701 38938 512428 6900
0 193 0 0 363660 39985 522174 7000
0 194 0 0 369656 40934 532027 7100
0 196 0 0 375811 41885 542010 7200
0 196 0 0 381866 42860 551894 7300
0 200 0 0 387885 43829 561658 7400
0 202 0 0 393867 44764 571318 7500
0 203 0 0 399927 45707 580892 7600
0 203 0 0 406027 46677 590512 7700
0 206 0 0 412021 47580 600093 7800
0 207 0 0 417844 48444 609519 7900
0 208 0 0 423889 49259 619196 8000
0 210 0 0 429919 50050 628740 8100
0 212 0 0 435981 50830 638388 8200
0 213 0 0 442143 51633 648242 8300
0 217 0 0 448225 52400 657960 8400
0 219 0 0 454355 53134 667610 8500
0 222 0 0 460475 53819 677174 8600
0 225 0 0 466624 54515 686965 8700
0 226 0 0 472735 55265 696771 8800
0 229 0 0 478842 55958 706515 8900
0 230 0 0 485075 56616 716588 9000
0 233 0 0 491283 57290 726379 9100
0 234 0 0 497446 57929 735790 9200
0 237 0 0 503442 58583 744809 9300
0 240 0 0 509393 59161 753572 9400
0 244 0 0 515396 59759 762374 9500
0 244 0 0 521255 60311 770743 9600
0 247 0 0 527116 60940 779237 9700
0 247 0 0 533000 61553 787754 9800
0 248 0 0 538795 62194 796143 9900
0 250 0 0 544707 62810 804661 10000
0 251 0 0 550494 63477 813196 10100
0 252 0 0 556361 64128 821735 10200
0 254 0 0 562233 64800 830304 10300
0 255 0 0 568073 65568 839053 10400
0 256 0 0 574131 66299 848120 10500
0 259 0 0 580089 66959 856802 10600
0 259 0 0 586071 67673 865469 10700
0 259 0 0 591970 68394 874025 10800
0 259 0 0 597773 69100 882386 10900
0 261 0 0 603609 69838 890723 11000
0 263 0 0 609531 70598 899386 11100
0 267 0 0 615359 71305 907909 11200
0 269 0 0 621112 72021 916347 11300
0 272 0 0 627109 72730 925047 11400
0 275 0 0 632857 73377 933330 11500
0 278 0 0 638855 74070 941825 11600
0 281 0 0 644747 74741 950270 11700
0 282 0 0 650519 75430 958591 11800
0 284 0 0 656316 76162 966980 11900
0 286 0 0 662184 76911 975629 12000
0 287 0 0 668094 77689 984299 12100
0 290 0 0 673949 78452 992861 12200
0 293 0 0 679856 79203 1001613 12300
0 293 0 0 685666 79990 1010237 12400
0 294 0 0 691681 80798 1018956 12500
0 295 0 0 697643 81678 1027709 12600
0 297 0 0 703404 82538 1036339 12700
0 298 0 0 709371 83465 1045477 12800
0 301 0 0 715341 84374 1054872 12900
0 303 0 0 721304 85243 1064207 13000
0 306 0 0 727371 86089 1073487 13100
0 306 0 0 733307 86929 1082528 13200
0 309 0 0 739282 87858 1091722 13300
0 311 0 0 745124 88807 1100920 13400
0 314 0 0 750990 89679 1109980 13500
0 316 0 0 756981 90552 1119283 13600
0 317 0 0 762814 91468 1128536 13700
0 320 0 0 768734 92329 1137833 13800
0 322 0 0 774760 93191 1147314 13900
0 325 0 0 780697 94044 1156582 14000
0 328 0 0 786757 94901 1166171 14100
0 336 0 0 792618 95697 1175280 14200
0 337 0 0 798572 96570 1184916 14300
0 338 0 0 804766 97450 1194662 14400
0 338 0 0 810783 98345 1204204 14500
0 341 0 0 816863 99253 1213798 14600
0 343 0 0 823001 100129 1223331 14700
0 346 0 0 828902 101014 1232526 14800
0 347 0 0 834894 101766 1241770 14900
0 350 0 0 840917 102528 1250930 15000
0 352 0 0 846846 103296 1260003 15100
0 354 0 0 852792 104013 1268758 15200
0 355 0 0 858724 104639 1277493 15300
0 357 0 0 864608 105283 1285980 15400
0 360 0 0 870452 105912 1294596 15500
0 361 0 0 876449 106467 1303311 15600
0 364 0 0 882394 106970 1311979 15700
0 367 0 0 888332 107506 1320447 15800
0 370 0 0 894167 108131 1328930 15900
0 372 0 0 900031 108646 1337396 16000
0 375 0 0 905863 109185 1346015 16100
0 379 0 0 911785 109746 1354579 16200
0 381 0 0 917775 110284 1363165 16300
0 384 0 0 923631 110808 1371652 16400
0 384 0 0 929509 111353 1380171 16500
0 385 0 0 935442 111960 1388865 16600
0 386 0 0 941335 112587 1397473 16700
0 388 0 0 947111 113147 1405808 16800
0 391 0 0 953003 113715 1414463 16900
0 392 0 0 958919 114291 1423111 17000
0 393 0 0 964776 114800 1431596 17100
0 393 0 0 970693 115356 1440197 17200
0 395 0 0 976601 115949 1448773 17300
0 396 0 0 982521 116566 1457470 17400
0 399 0 0 988297 117142 1466044 17500
0 400 0 0 994210 117696 1474863 17600
0 402 0 0 1000172 118342 1484021 17700
0 407 0 0 1006240 118940 1493212 17800
0 407 0 0 1012230 119505 1502074 17900
0 407 0 0 1018213 120145 1510803 18000
0 408 0 0 1024098 120822 1519562 18100
0 409 0 0 1029952 121553 1528303 18200
0 413 0 0 1035808 122242 1536938 18300
0 417 0 0 1041606 122960 1545634 18400
0 419 0 0 1047481 123594 1554361 18500
0 423 0 0 1053489 124347 1563366 18600
0 424 0 0 1059412 125054 1572105 18700
0 428 0 0 1065272 125734 1580899 18800
0 428 0 0 1071173 126371 1589508 18900
0 428 0 0 1077137 126990 1598120 19000
0 428 0 0 1082975 127659 1606650 19100
0 428 0 0 1088831 128400 1615282 19200
0 428 0 0 1094733 129111 1623928 19300
0 429 0 0 1100550 129828 1632545 19400
0 430 0 0 1106441 130506 1641042 19500
0 430 0 0 1112146 131199 1649490 19600
0 430 0 0 1117933 131905 1657958 19700
0 430 0 0 1123722 132646 1666464 19800
0 430 0 0 1129540 133339 1675024 19900
0 432 0 0 1135302 134123 1683685 20000
0 433 0 0 1141282 134853 1692736 20100
0 433 0 0 1147018 135543 1701644 20200
0 434 0 0 1153000 136245 1710782 20300
0 437 0 0 1158957 136985 1719738 20400
0 437 0 0 1164899 137671 1728667 20500
0 438 0 0 1170709 138347 1737301 20600
0 440 0 0 1176543 139025 1746004 20700
0 441 0 0 1182379 139695 1754733 20800
0 441 0 0 1188285 140371 1763436 20900
0 444 0 0 1194204 141027 1772001 21000
0 444 0 0 1200175 141703 1780732 21100
0 445 0 0 1206021 142324 1789144 21200
0 445 0 0 1211980 142979 1797714 21300
0 445 0 0 1217754 143617 1806041 21400
0 447 0 0 1223572 144276 1814379 21500
0 448 0 0 1229500 144876 1822890 21600
0 450 0 0 1235375 145526 1831346 21700
0 450 0 0 1241222 146122 1839670 21800
0 452 0 0 1247114 146725 1848115 21900
0 454 0 0 1252917 147383 1856549 22000
0 455 0 0 1258768 148009 1865113 22100
0 457 0 0 1264756 148646 1873806 22200
0 457 0 0 1270583 149322 1882433 22300
0 460 0 0 1276422 150016 1890940 22400
0 461 0 0 1282370 150662 1899701 22500
0 465 0 0 1288136 151364 1908366 22600
0 470 0 0 1294038 152088 1917287 22700
0 471 0 0 1299962 152911 1926430 22800
0 471 0 0 1305879 153757 1935473 22900
0 473 0 0 1311714 154570 1944356 23000
0 474 0 0 1317691 155466 1953479 23100
0 474 0 0 1323649 156294 1962371 23200
0 475 0 0 1329531 157104 1971048 23300
0 476 0 0 1335418 157901 1979770 23400
0 478 0 0 1341205 158600 1988455 23500
0 479 0 0 1347123 159361 1997275 23600
0 481 0 0 1352918 160106 2005888 23700
0 482 0 0 1358787 160849 2014588 23800
0 482 0 0 1364618 161506 2023150 23900
0 483 0 0 1370369 162163 2031528 24000
0 483 0 0 1376262 162794 2039892 24100
0 485 0 0 1381921 163494 2048073 24200
0 486 0 0 1387664 164187 2056305 24300
0 488 0 0 1393408 164847 2064669 24400
0 489 0 0 1399298 165514 2073293 24500
0 489 0 0 1405173 166204 2082009 24600
0 489 0 0 1411141 166918 2091032 24700
0 490 0 0 1417200 167634 2100255 24800
0 490 0 0 1422955 168284 2109024 24900
0 490 0 0 1428854 168985 2117895 25000
0 490 0 0 1434788 169661 2126839 25100
0 490 0 0 1440580 170400 2135586 25200
0 490 0 0 1446446 171076 2144313 25300
0 490 0 0 1452209 171836 2152829 25400
0 491 0 0 1458005 172587 2161470 25500
0 492 0 0 1463686 173348 2170052 25600
0 493 0 0 1469504 174146 2178814 25700
0 494 0 0 1475416 174870 2187677 25800
0 494 0 0 1481188 175619 2196410 25900
0 495 0 0 1486949 176372 2204994 26000
0 497 0 0 1492792 177158 2213774 26100
0 497 0 0 1498637 177936 2222702 26200
0 498 0 0 1504425 178739 2231580 26300
0 500 0 0 1510316 179551 2240653 26400
0 501 0 0 1516269 180440 2249877 26500
0 502 0 0 1522166 181398 2259027 26600
0 507 0 0 1528068 182283 2268246 26700
0 508 0 0 1533982 183251 2277455 26800
0 511 0 0 1539866 184220 2286531 26900
0 513 0 0 1545727 185129 2295498 27000
0 517 0 0 1551620 186023 2304593 27100
0 519 0 0 1557489 186956 2313603 27200
0 519 0 0 1563471 187906 2322619 27300
0 520 0 0 1569397 188802 2331662 27400
0 521 0 0 1575265 189779 2340640 27500
0 522 0 0 1581092 190716 2349556 27600
0 522 0 0 1587035 191679 2358774 27700
0 523 0 0 1593010 192616 2367958 27800
0 527 0 0 1598902 193567 2377078 27900
0 527 0 0 1604750 194537 2386128 28000
0 528 0 0 1610758 195485 2395532 28100
0 528 0 0 1616729 196358 2404772 28200
0 528 0 0 1622568 197246 2413734 28300
0 529 0 0 1628456 198190 2422819 28400
0 530 0 0 1634398 199120 2431917 28500
0 530 0 0 1640254 200043 2440916 28600
0 531 0 0 1646156 201018 2450044 28700
0 531 0 0 1652226 201947 2459269 28800
0 531 0 0 1658101 202831 2468461 28900
0 531 0 0 1664079 203765 2477871 29000
0 533 0 0 1669998 204699 2487479 29100
0 533 0 0 1676167 205699 2497371 29200
0 533 0 0 1682228 206500 2506918 29300
0 534 0 0 1688271 207296 2516315 29400
0 535 0 0 1694302 208107 2525543 29500
0 535 0 0 1700206 208900 2534574 29600
0 536 0 0 1706128 209568 2543365 29700
0 537 0 0 1711978 210274 2552031 29800
0 537 0 0 1717904 210894 2560728 29900
0 537 0 0 1723737 211596 2569439 30000
0 538 0 0 1729599 212212 2578122 30100
0 539 0 0 1735404 212832 2586579 30200
0 540 0 0 1741318 213430 2595078 30300
0 540 0 0 1747074 214028 2603252 30400
0 542 0 0 1752851 214618 2611334 30500
0 545 0 0 1758666 215226 2619471 30600
0 546 0 0 1764318 215798 2627256 30700
0 547 0 0 1770154 216327 2635209 30800
0 549 0 0 1775793 216899 2642900 30900
0 551 0 0 1781564 217534 2650757 31000
0 551 0 0 1787197 218209 2658663 31100
0 551 0 0 1792939 218879 2666872 31200
0 552 0 0 1798650 219639 2675057 31300
0 552 0 0 1804509 220358 2683376 31400
0 552 0 0 1810262 221059 2691507 31500
0 552 0 0 1816087 221801 2699779 31600
0 553 0 0 1821766 222611 2708080 31700
0 554 0 0 1827588 223411 2716692 31800
0 554 0 0 1833448 224210 2725255 31900
0 554 0 0 1839234 225006 2733746 32000
0 556 0 0 1845002 225803 2742319 32100
0 557 0 0 1850921 226621 2751183 32200
0 560 0 0 1856741 227458 2760111 32300
0 562 0 0 1862508 228295 2769035 32400
0 562 0 0 1868373 229145 2778186 32500
0 564 0 0 1874328 229984 2787323 32600
0 564 0 0 1880131 230828 2796303 32700
0 564 0 0 1886055 231671 2805480 32800
0 565 0 0 1891990 232403 2814454 32900
0 565 0 0 1897897 233169 2823588 33000
0 566 0 0 1903874 233939 2832655 33100
0 566 0 0 1909714 234630 2841504 33200
0 568 0 0 1915599 235316 2850251 33300
0 568 0 0 1921499 236000 2858964 33400
0 570 0 0 1927369 236683 2867684 33500
0 570 0 0 1933275 237383 2876324 33600
0 570 0 0 1939083 238062 2884813 33700
0 570 0 0 1944968 238765 2893346 33800
0 571 0 0 1950846 239463 2901953 33900
0 573 0 0 1956735 240168 2910782 34000
0 573 0 0 1962644 240943 2919614 34100
0 574 0 0 1968608 241669 2928674 34200
0 575 0 0 1974554 242473 2937868 34300
0 575 0 0 1980569 243272 2947193 34400
0 576 0 0 1986459 244168 2956590 34500
0 576 0 0 1992508 245054 2965932 34600
0 576 0 0 1998476 245896 2975065 34700
0 580 0 0 2004291 246754 2983901 34800
0 584 0 0 2010153 247577 2992802 34900
0 586 0 0 2016010 248455 3001634 35000
0 589 0 0 2021891 249251 3010479 35100
0 592 0 0 2027741 250048 3019289 35200
0 595 0 0 2033638 250807 3027957 35300
0 597 0 0 2039434 251626 3036582 35400
0 598 0 0 2045324 252463 3045335 35500
0 599 0 0 2051150 253233 3054140 35600
0 603 0 0 2056980 254040 3063047 35700
0 604 0 0 2062847 254824 3072057 35800
0 605 0 0 2068803 255533 3081031 35900
0 605 0 0 2074743 256331 3090113 36000
0 606 0 0 2080731 257131 3099215 36100
0 606 0 0 2086637 257958 3108191 36200
0 606 0 0 2092412 258865 3117204 36300
0 607 0 0 2098347 259736 3126364 36400
0 608 0 0 2104334 260642 3135700 36500
0 608 0 0 2110274 261535 3144915 36600
0 612 0 0 2116196 262379 3154038 36700
0 613 0 0 2122060 263254 3163179 36800
0 615 0 0 2128055 264080 3172447 36900
0 616 0 0 2134122 264927 3181804 37000
0 619 0 0 2140078 265699 3190971 37100
0 620 0 0 2145930 266518 3200163 37200
0 621 0 0 2151977 267357 3209630 37300
0 623 0 0 2157944 268170 3218835 37400
0 624 0 0 2163917 268931 3228021 37500
0 624 0 0 2169879 269674 3237093 37600
0 625 0 0 2175762 270439 3245988 37700
0 626 0 0 2181588 271241 3254732 37800
0 627 0 0 2187476 271966 3263513 37900
0 627 0 0 2193317 272778 3272316 38000
0 628 0 0 2199172 273489 3280925 38100
0 628 0 0 2204927 274239 3289525 38200
0 631 0 0 2210818 274976 3298229 38300
0 632 0 0 2216631 275694 3306814 38400
0 633 0 0 2222484 276415 3315510 38500
0 634 0 0 2228407 277143 3324366 38600
0 634 0 0 2234319 277920 3333185 38700
0 634 0 0 2240243 278626 3342012 38800
0 635 0 0 2246256 279307 3350976 38900
0 636 0 0 2252132 280001 3359770 39000
0 636 0 0 2258160 280628 3368477 39100
0 636 0 0 2264025 281275 3377067 39200
0 637 0 0 2269939 281880 3385674 39300
0 638 0 0 2275740 282475 3393996 39400
0 638 0 0 2281564 283042 3402325 39500
0 639 0 0 2287336 283635 3410586 39600
0 639 0 0 2293270 284227 3418949 39700
0 640 0 0 2299115 284783 3427316 39800
0 641 0 0 2304816 285372 3435450 39900
0 642 0 0 2310673 285927 3443666 40000
0 642 0 0 2316466 286486 3451903 40100
0 642 0 0 2322246 287080 3460141 40200
0 643 0 0 2328042 287696 3468484 40300
0 643 0 0 2333744 288367 3476685 40400
0 644 0 0 2339547 289056 3484960 40500
0 644 0 0 2345141 289746 3493196 40600
0 645 0 0 2350929 290501 3501673 40700
0 646 0 0 2356705 291261 3510053 40800
0 647 0 0 2362435 292021 3518303 40900
0 648 0 0 2368178 292789 3526689 41000
0 649 0 0 2373900 293544 3535109 41100
0 650 0 0 2379769 294305 3543715 41200
0 650 0 0 2385599 295075 3552215 41300
0 650 0 0 2391466 295816 3560760 41400
0 651 0 0 2397127 296587 3569248 41500
0 652 0 0 2402953 297264 3577784 41600
0 652 0 0 2408746 297957 3586127 41700
0 652 0 0 2414486 298691 3594485 41800
0 653 0 0 2420272 299442 3602945 41900
0 654 0 0 2425930 300176 3611295 42000
0 656 0 0 2431674 300906 3619913 42100
0 656 0 0 2437552 301684 3628967 42200
0 656 0 0 2443386 302413 3637824 42300
0 657 0 0 2449263 303246 3646824 42400
0 658 0 0 2455107 304038 3655731 42500
0 658 0 0 2460959 304828 3664442 42600
0 658 0 0 2466721 305600 3672928 42700
0 659 0 0 2472554 306316 3681430 42800
0 660 0 0 2478411 306987 3689884 42900
0 661 0 0 2484239 307741 3698362 43000
0 661 0 0 2489880 308426 3706590 43100
0 664 0 0 2495610 309016 3714844 43200
0 667 0 0 2501453 309596 3723130 43300
0 669 0 0 2507149 310136 3731164 43400
0 671 0 0 2512978 310703 3739469 43500
0 671 0 0 2518748 311290 3747728 43600
0 673 0 0 2524509 311863 3755992 43700
0 675 0 0 2530314 312432 3764360 43800
0 678 0 0 2536199 313040 3772855 43900
0 679 0 0 2541995 313620 3781317 44000
0 682 0 0 2547942 314200 3789853 44100
0 683 0 0 2553829 314786 3798289 44200
0 683 0 0 2559671 315314 3806522 44300
0 684 0 0 2565593 315831 3814889 44400
0 684 0 0 2571294 316447 3823095 44500
0 685 0 0 2577150 317011 3831434 44600
0 686 0 0 2582871 317614 3839584 44700
0 686 0 0 2588675 318194 3847949 44800
0 686 0 0 2594501 318817 3856288 44900
0 687 0 0 2600353 319471 3864884 45000
0 687 0 0 2606248 320198 3873569 45100
0 687 0 0 2612147 320958 3882217 45200
0 688 0 0 2618042 321683 3891074 45300
0 689 0 0 2624006 322421 3900257 45400
0 693 0 0 2629974 323155 3909465 45500
0 694 0 0 2635945 323905 3918488 45600
0 696 0 0 2641973 324673 3927635 45700
0 697 0 0 2647980 325397 3936561 45800
0 697 0 0 2653813 326095 3945220 45900
0 698 0 0 2659714 326881 3954010 46000
0 698 0 0 2665562 327602 3962617 46100
0 699 0 0 2671384 328359 3971183 46200
0 699 0 0 2677388 329048 3979870 46300
0 699 0 0 2683225 329777 3988592 46400
0 700 0 0 2689131 330486 3997328 46500
0 702 0 0 2694972 331177 4005984 46600
0 703 0 0 2700931 331914 4014805 46700
0 705 0 0 2706752 332669 4023659 46800
0 706 0 0 2712621 333400 4032452 46900
0 707 0 0 2718532 334172 4041295 47000
0 708 0 0 2724471 334876 4049995 47100
0 708 0 0 2730343 335532 4058575 47200
0 708 0 0 2736263 336208 4067240 47300
0 710 0 0 2742036 336798 4075517 47400
0 711 0 0 2747837 337412 4083977 47500
0 712 0 0 2753746 337962 4092235 47600
0 713 0 0 2759570 338505 4100325 47700
0 713 0 0 2765375 339049 4108401 47800
0 715 0 0 2771064 339573 4116362 47900
0 716 0 0 2776792 340124 4124386 48000
0 718 0 0 2782482 340720 4132339 48100
0 719 0 0 2788237 341343 4140345 48200
0 719 0 0 2794037 341868 4148329 48300
0 722 0 0 2799703 342448 4156342 48400
0 723 0 0 2805489 343023 4164434 48500
0 726 0 0 2811270 343653 4172576 48600
0 727 0 0 2816987 344307 4180715 48700
0 727 0 0 2822701 344948 4188817 48800
0 729 0 0 2828486 345578 4196905 48900
0 729 0 0 2834155 346252 4205095 49000
0 730 0 0 2839882 346932 4213278 49100
0 731 0 0 2845642 347586 4221451 49200
0 732 0 0 2851413 348256 4229761 49300
0 735 0 0 2857174 348888 4237919 49400
0 737 0 0 2863007 349589 4246307 49500
0 738 0 0 2868656 350232 4254468 49600
0 740 0 0 2874440 350922 4262657 49700
0 742 0 0 2880211 351594 4270911 49800
0 742 0 0 2885995 352210 4279025 49900
0 743 0 0 2891590 352921 4287141 50000
0 743 0 0 2897511 353609 4295580 50100
0 743 0 0 2903343 354307 4304117 50200
0 743 0 0 2909279 355007 4312840 50300
0 743 0 0 2915145 355695 4321511 50400
0 743 0 0 2920998 356345 4330021 50500
0 743 0 0 2926887 357043 4338616 50600
0 743 0 0 2932709 357775 4347191 50700
0 744 0 0 2938465 358531 4355783 50800
0 745 0 0 2944333 359230 4364395 50900
0 745 0 0 2950203 359970 4372875 51000
0 745 0 0 2955960 360682 4381111 51100
0 746 0 0 2961792 361342 4389331 51200
0 746 0 0 2967462 362029 4397368 51300
0 747 0 0 2973213 362747 4405512 51400
0 749 0 0 2979101 363379 4413676 51500
0 750 0 0 2984862 364022 4421712 51600
0 750 0 0 2990627 364650 4429889 51700
0 750 0 0 2996514 365289 4438155 51800
0 751 0 0 3002236 365900 4446240 51900
0 751 0 0 3008078 366473 4454256 52000
0 751 0 0 3013774 367053 4462190 52100
0 751 0 0 3019413 367628 4470011 52200
0 751 0 0 3025238 368215 4477961 52300
0 751 0 0 3030947 368848 4485907 52400
0 751 0 0 3036679 369532 4494115 52500
0 752 0 0 3042410 370285 4502363 52600
0 752 0 0 3048251 371060 4510778 52700
0 752 0 0 3054131 371773 4519331 52800
0 752 0 0 3059950 372543 4528021 52900
0 753 0 0 3065838 373355 4536768 53000
0 753 0 0 3071720 374206 4545563 53100
0 753 0 0 3077696 375019 4554365 53200
0 754 0 0 3083398 375817 4562864 53300
0 754 0 0 3089292 376656 4571546 53400
0 754 0 0 3095141 377508 4580203 53500
0 754 0 0 3101016 378441 4589145 53600
0 755 0 0 3106888 379242 4597957 53700
0 755 0 0 3112756 380012 4606861 53800
0 756 0 0 3118668 380802 4615711 53900
0 756 0 0 3124525 381564 4624386 54000
0 757 0 0 3130509 382329 4633223 54100
0 758 0 0 3136311 383144 4641897 54200
0 759 0 0 3142100 383918 4650435 54300
0 759 0 0 3147977 384732 4659227 54400
0 760 0 0 3153870 385492 4667996 54500
0 760 0 0 3159801 386247 4676786 54600
0 761 0 0 3165787 386927 4685546 54700
0 761 0 0 3171524 387558 4693878 54800
0 762 0 0 3177378 388141 4702253 54900
0 762 0 0 3183220 388856 4710627 55000
0 762 0 0 3189007 389491 4718956 55100
0 763 0 0 3194763 390076 4727197 55200
0 764 0 0 3200500 390727 4735386 55300
0 766 0 0 3206242 391396 4743743 55400
0 767 0 0 3212051 391993 4752028 55500
0 768 0 0 3217766 392582 4760313 55600
0 768 0 0 3223574 393241 4768827 55700
0 769 0 0 3229430 393915 4777402 55800
0 769 0 0 3235234 394552 4785899 55900
0 770 0 0 3241028 395191 4794466 56000
0 772 0 0 3246870 395846 4803069 56100
0 772 0 0 3252706 396498 4811503 56200
0 773 0 0 3258564 397168 4819961 56300
0 776 0 0 3264450 397829 4828533 56400
0 777 0 0 3270421 398504 4837157 56500
0 778 0 0 3276255 399179 4845588 56600
0 780 0 0 3282194 399798 4853935 56700
0 781 0 0 3287980 400385 4862056 56800
0 782 0 0 3293950 400978 4870373 56900
0 782 0 0 3299674 401544 4878336 57000
0 784 0 0 3305435 402173 4886590 57100
0 784 0 0 3311301 402723 4895010 57200
0 786 0 0 3317328 403278 4903732 57300
0 788 0 0 3323141 403895 4912082 57400
0 790 0 0 3329035 404553 4920473 57500
0 790 0 0 3334798 405223 4928771 57600
0 793 0 0 3340586 405848 4936951 57700
0 793 0 0 3346430 406517 4945076 57800
0 793 0 0 3352230 407154 4953220 57900
0 796 0 0 3358098 407760 4961372 58000
0 796 0 0 3363874 408437 4969563 58100
0 798 0 0 3369622 409098 4977793 58200
0 798 0 0 3375421 409782 4986178 58300
0 798 0 0 3381344 410420 4994723 58400
0 801 0 0 3387215 411098 5003251 58500
0 801 0 0 3393014 411803 5011866 58600
0 801 0 0 3398895 412482 5020617 58700
0 803 0 0 3404750 413241 5029491 58800
0 803 0 0 3410617 413992 5038369 58900
0 804 0 0 3416541 414695 5047202 59000
0 805 0 0 3422312 415423 5055876 59100
0 805 0 0 3428160 416144 5064468 59200
0 806 0 0 3433983 416832 5073112 59300
0 808 0 0 3439763 417457 5081605 59400
0 810 0 0 3445626 418104 5090239 59500
0 810 0 0 3451408 418688 5098544 59600
0 813 0 0 3457104 419271 5106757 59700
0 815 0 0 3462812 419785 5115078 59800
0 816 0 0 3468660 420314 5123459 59900
0 816 0 0 3474495 420838 5131716 60000
0 817 0 0 3480397 421342 5139914 60100
0 819 0 0 3486020 421848 5147754 60200
0 820 0 0 3491708 422331 5155570 60300
0 821 0 0 3497382 422805 5163315 60400
0 821 0 0 3503069 423328 5170994 60500
0 823 0 0 3508853 423879 5178804 60600
0 823 0 0 3514458 424352 5186351 60700
0 823 0 0 3520137 424891 5194017 60800
0 824 0 0 3525831 425453 5201795 60900
0 825 0 0 3531541 426021 5209825 61000
0 826 0 0 3537332 426588 5217847 61100
0 827 0 0 3543194 427172 5226037 61200
0 827 0 0 3548963 427829 5234151 61300
0 827 0 0 3554688 428505 5242347 61400
0 829 0 0 3560521 429133 5250671 61500
0 830 0 0 3566330 429838 5259200 61600
0 831 0 0 3572145 430513 5267597 61700
0 832 0 0 3578027 431216 5276063 61800
0 833 0 0 3583803 431960 5284514 61900
0 834 0 0 3589638 432789 5293227 62000
0 834 0 0 3595495 433574 5302224 62100
0 835 0 0 3601369 434320 5311293 62200
0 838 0 0 3607361 435083 5320472 62300
0 839 0 0 3613413 435820 5329672 62400
0 842 0 0 3619259 436649 5338748 62500
0 845 0 0 3625249 437415 5347845 62600
0 847 0 0 3631139 438133 5356716 62700
0 849 0 0 3637010 438910 5365668 62800
0 851 0 0 3642911 439706 5374538 62900
0 851 0 0 3648814 440442 5383500 63000
0 854 0 0 3654698 441179 5392424 63100
0 857 0 0 3660556 441898 5401249 63200
0 858 0 0 3666366 442592 5409910 63300
0 859 0 0 3672104 443293 5418469 63400
0 860 0 0 3677969 444077 5427202 63500
0 861 0 0 3683716 444796 5435827 63600
0 862 0 0 3689497 445513 5444265 63700
0 863 0 0 3695331 446185 5452760 63800
0 863 0 0 3701021 446886 5461116 63900
0 864 0 0 3706756 447593 5469633 64000
0 865 0 0 3712596 448231 5478013 64100
0 865 0 0 3718388 448943 5486563 64200
0 865 0 0 3724182 449672 5495201 64300
0 867 0 0 3729934 450330 5503718 64400
0 867 0 0 3735681 451023 5512257 64500
0 868 0 0 3741539 451705 5521005 64600
0 869 0 0 3747420 452421 5529875 64700
0 871 0 0 3753281 453096 5538660 64800
0 872 0 0 3759266 453742 5547392 64900
0 873 0 0 3765132 454353 5555764 65000
0 876 0 0 3770877 454952 5564017 65100
0 877 0 0 3776691 455584 5572252 65200
0 877 0 0 3782495 456162 5580405 65300
0 879 0 0 3788209 456758 5588524 65400
0 881 0 0 3794075 457371 5596760 65500
0 881 0 0 3799913 457993 5604858 65600
0 883 0 0 3805668 458638 5613102 65700
0 884 0 0 3811417 459263 5621305 65800
0 886 0 0 3817145 459890 5629546 65900
0 890 0 0 3822978 460564 5638052 66000
0 893 0 0 3828875 461170 5646758 66100
0 895 0 0 3834714 461788 5655198 66200
0 898 0 0 3840579 462410 5664014 66300
0 900 0 0 3846471 463101 5672902 66400
0 903 0 0 3852388 463882 5681872 66500
0 903 0 0 3858274 464589 5690862 66600
0 904 0 0 3864192 465217 5699791 66700
0 907 0 0 3870165 466001 5708811 66800
0 908 0 0 3876066 466760 5717788 66900
0 909 0 0 3882049 467513 5726721 67000
0 910 0 0 3887997 468247 5735767 67100
0 910 0 0 3893892 469015 5744698 67200
0 911 0 0 3899789 469848 5753546 67300
0 911 0 0 3905709 470606 5762369 67400
0 911 0 0 3911579 471306 5771172 67500
0 912 0 0 3917516 472041 5779767 67600
0 912 0 0 3923301 472719 5788238 67700
0 913 0 0 3929195 473371 5796800 67800
0 913 0 0 3935015 473957 5805170 67900
0 913 0 0 3940811 474536 5813392 68000
0 913 0 0 3946610 475188 5821744 68100
0 915 0 0 3952282 475749 5829900 68200
0 915 0 0 3958198 476370 5838330 68300
0 915 0 0 3963991 476979 5846715 68400
0 915 0 0 3969881 477690 5855177 68500
0 915 0 0 3975636 478273 5863364 68600
0 918 0 0 3981593 478889 5871747 68700
0 919 0 0 3987345 479512 5879944 68800
0 919 0 0 3993259 480120 5888086 68900
0 919 0 0 3998916 480733 5895975 69000
0 920 0 0 4004734 481306 5903985 69100
0 920 0 0 4010399 481917 5911784 69200
0 921 0 0 4016150 482459 5919490 69300
0 921 0 0 4021854 483036 5927243 69400
0 922 0 0 4027642 483641 5935235 69500
0 922 0 0 4033370 484224 5943151 69600
0 923 0 0 4039213 484747 5951083 69700
0 924 0 0 4044951 485344 5958953 69800
0 925 0 0 4050751 485941 5966891 69900
0 925 0 0 4056430 486512 5974710 70000
0 927 0 0 4062111 487099 5982413 70100
0 928 0 0 4067812 487638 5990069 70200
0 928 0 0 4073493 488151 5997802 70300
0 928 0 0 4079203 488662 6005466 70400
0 930 0 0 4084980 489154 6013088 70500
0 931 0 0 4090693 489670 6020712 70600
0 934 0 0 4096346 490220 6028336 70700
0 934 0 0 4102146 490756 6035921 70800
0 934 0 0 4107834 491258 6043465 70900
0 936 0 0 4113416 491744 6050873 71000
0 937 0 0 4119144 492204 6058504 71100
0 939 0 0 4124921 492740 6066342 71200
0 940 0 0 4130670 493214 6074131 71300
0 942 0 0 4136294 493722 6081610 71400
0 943 0 0 4141986 494258 6089185 71500
0 944 0 0 4147669 494790 6096755 71600
0 944 0 0 4153348 495365 6104388 71700
0 947 0 0 4159058 495965 6112018 71800
0 947 0 0 4164760 496527 6119543 71900
0 951 0 0 4170328 497113 6126931 72000
0 953 0 0 4176043 497688 6134479 72100
0 954 0 0 4181748 498279 6142138 72200
0 956 0 0 4187353 498849 6149662 72300
0 958 0 0 4193000 499452 6157500 72400
0 960 0 0 4198844 500101 6165728 72500
0 960 0 0 4204626 500762 6174034 72600
0 961 0 0 4210494 501442 6182349 72700
0 962 0 0 4216286 502101 6190601 72800
0 962 0 0 4222064 502718 6198778 72900
0 964 0 0 4227817 503358 6206908 73000
0 964 0 0 4233499 504014 6214951 73100
0 964 0 0 4239276 504639 6223056 73200
0 964 0 0 4244956 505276 6230963 73300
0 966 0 0 4250761 505927 6239120 73400
0 966 0 0 4256555 506543 6247227 73500
0 967 0 0 4262333 507184 6255235 73600
0 968 0 0 4268019 507871 6263144 73700
0 968 0 0 4273722 508582 6271133 73800
0 969 0 0 4279459 509265 6279182 73900
0 970 0 0 4285156 509890 6287139 74000
0 972 0 0 4290889 510604 6295232 74100
0 973 0 0 4296610 511277 6303176 74200
0 974 0 0 4302257 512019 6311088 74300
0 975 0 0 4307990 512759 6319178 74400
0 978 0 0 4313826 513464 6327402 74500
0 978 0 0 4319416 514219 6335343 74600
0 980 0 0 4325191 514940 6343384 74700
0 982 0 0 4330816 515717 6351341 74800
0 983 0 0 4336505 516453 6359428 74900
0 985 0 0 4342323 517145 6367700 75000
0 985 0 0 4348085 517951 6376080 75100
0 985 0 0 4353897 518653 6384494 75200
0 989 0 0 4359690 519346 6392722 75300
0 989 0 0 4365472 520085 6400931 75400
0 991 0 0 4371200 520722 6409018 75500
0 993 0 0 4376925 521355 6416945 75600
0 994 0 0 4382618 521961 6424914 75700
0 997 0 0 4388250 522559 6432739 75800
0 998 0 0 4393980 523157 6440680 75900
0 1000 0 0 4399696 523801 6448470 76000
0 1002 0 0 4405410 524357 6456290 76100
0 1003 0 0 4411023 524914 6463965 76200
0 1005 0 0 4416696 525498 6471726 76300
0 1009 0 0 4422337 526014 6479523 76400
0 1010 0 0 4427941 526575 6487233 76500
0 1011 0 0 4433605 527158 6495080 76600
0 1012 0 0 4439338 527660 6502962 76700
0 1013 0 0 4445117 528208 6511017 76800
0 1013 0 0 4450731 528819 6518920 76900
0 1015 0 0 4456454 529435 6526981 77000
0 1015 0 0 4462106 530031 6534880 77100
0 1017 0 0 4467782 530627 6542951 77200
0 1017 0 0 4473478 531307 6551077 77300
0 1019 0 0 4479201 531983 6559266 77400
0 1020 0 0 4484925 532688 6567500 77500
0 1021 0 0 4490605 533366 6575636 77600
0 1022 0 0 4496312 534107 6583766 77700
0 1023 0 0 4501937 534799 6591578 77800
0 1024 0 0 4507643 535522 6599582 77900
0 1024 0 0 4513279 536230 6607596 78000
0 1024 0 0 4518956 536965 6615789 78100
0 1024 0 0 4524714 537657 6623912 78200
0 1024 0 0 4530468 538360 6632163 78300
0 1025 0 0 4536182 539103 6640259 78400
0 1026 0 0 4541904 539813 6648261 78500
0 1027 0 0 4547613 540495 6656242 78600
0 1027 0 0 4553226 541189 6664196 78700
0 1027 0 0 4559099 541858 6672441 78800
0 1027 0 0 4564854 542535 6680515 78900
0 1030 0 0 4570567 543246 6688698 79000
0 1030 0 0 4576293 543929 6696835 79100
0 1030 0 0 4581965 544670 6705014 79200
0 1031 0 0 4587810 545463 6713343 79300
0 1031 0 0 4593461 546223 6721481 79400
0 1032 0 0 4599150 547020 6729653 79500
0 1032 0 0 4604986 547802 6738066 79600
0 1032 0 0 4610641 548579 6746297 79700
0 1033 0 0 4616483 549372 6754812 79800
0 1033 0 0 4622288 550143 6763357 79900
