0 Infinity null 0 NaN 0
0 Infinity null 0 NaN 100
0.03427771948233648 32.0 2810 0.0 0.0 200
0.12616075239653546 22.5 2401 0.0 0.0 300
0.3150084050239285 19.666666666666668 2387 0.0 0.0 400
0.6383972493522462 18.5 2454 0.0 0.0 500
1.1188394452778614 18.6 2580 0.0 0.0 600
1.7439513152305057 19.333333333333332 2702 0.0 0.0 700
2.4905911427014167 20.714285714285715 2835 0.07142857142857142 5.571428571428571 800
3.334241282815029 22.25 2993 0.16964285714285715 12.25 900
4.253247375543738 24.0 3149 0.4365079365079365 16.22222222222222 1000
5.339350185902672 26.6 3306 0.8817460317460318 19.0 1100
6.512732059670443 32.81818181818182 3474 1.3167388167388168 27.0 1200
7.7266621181474155 39.166666666666664 3641 1.630621693121693 38.75 1300
9.052973579144624 42.69230769230769 3808 1.7564713064713062 53.61538461538461 1400
10.577140615513104 46.357142857142854 3962 1.8833900226757367 71.14285714285714 1500
12.113884341644495 50.4 4120 1.9726455026455023 88.46666666666667 1600
13.538579693511085 54.5 4267 2.1728845704948645 99.9375 1700
15.05284887762429 60.588235294117645 4419 2.4045449552369966 110.58823529411765 1800
16.63115642164398 67.72222222222223 4556 2.563229655791463 121.5 1900
18.071303404781855 74.89473684210526 4696 2.760732804101608 130.68421052631578 2000
19.63797042171043 78.45 4831 2.9795143457147093 137.45 2100
21.509741551753628 80.76190476190476 4973 3.157632710204485 144.61904761904762 2200
23.44554307011292 83.77272727272727 5101 3.3192987558445406 150.95454545454547 2300
25.243062600756126 86.0 5234 3.506315751467491 155.47826086956522 2400
27.139098263722847 89.875 5362 3.718850214203965 161.04166666666666 2500
29.208194870656254 96.24 5492 3.909406550463393 167.88 2600
31.251154854753832 104.38461538461539 5620 4.105198606214801 172.07692307692307 2700
33.435540344303185 111.0 5767 4.310793102280919 175.07407407407408 2800
35.65564665161923 115.57142857142857 5905 4.540764777199458 178.39285714285714 2900
38.10326642967393 117.13793103448276 6033 4.741553452593833 182.68965517241378 3000
40.81102610996366 122.66666666666667 6160 4.886358813697849 188.2 3100
43.75130847158302 128.38709677419354 6268 5.032881801274415 194.32258064516128 3200
46.761855997842474 136.6875 6377 5.144701467206812 201.15625 3300
50.102244286077394 152.5151515151515 6482 5.266313384468488 207.21212121212122 3400
52.93507526353069 164.97058823529412 6579 5.365203326942104 214.52941176470588 3500
55.64737371049148 169.02857142857144 6677 5.4657893543355955 220.68571428571428 3600
58.25232495116 171.83333333333334 6771 5.560787269096115 226.72222222222223 3700
60.85095081039383 180.24324324324326 6853 5.61423792502491 231.1081081081081 3800
63.330433067903066 183.3421052631579 6940 5.668049845658226 234.6578947368421 3900
66.00573622831776 186.46153846153845 7026 5.747216658732516 238.07692307692307 4000
68.68212542360202 189.425 7117 5.835601459655509 241.5 4100
71.46984750952569 192.34146341463415 7199 5.912781911859033 245.2439024390244 4200
74.40676281568632 201.5952380952381 7281 6.004751633102428 248.76190476190476 4300
77.50548129689209 215.58139534883722 7351 6.0967151689249155 252.46511627906978 4400
80.34006600561193 227.3181818181818 7418 6.175830228217026 255.47727272727272 4500
83.7918073937262 241.8 7489 6.265357233246546 258.5111111111111 4600
87.77881035554341 250.43478260869566 7551 6.354757679866791 261.32608695652175 4700
90.94331226882274 261.1914893617021 7618 6.431843213864896 265.3191489361702 4800
93.68610591213606 265.5625 7680 6.518679813576045 268.3333333333333 4900
96.12820802262067 271.6938775510204 7751 6.607148767106848 271.0612244897959 5000
98.89683059864295 276.22 7831 6.68310102985995 273.74 5100
101.75198975639465 278.52941176470586 7916 6.752059833196029 276.29411764705884 5200
104.25255024898664 283.11538461538464 7998 6.812597144096104 279.1923076923077 5300
106.4110114028171 288.52830188679246 8065 6.897534664288361 282.22641509433964 5400
108.25442080673875 297.6666666666667 8126 6.958255699917008 285.4074074074074 5500
109.91301558016197 303.5272727272727 8191 7.0175374144639715 287.76363636363635 5600
111.57545077350001 305.125 8248 7.066934671058968 288.3392857142857 5700
113.08755699197336 306.9298245614035 8301 7.119707747005302 288.9824561403509 5800
114.9494493879104 308.2586206896552 8348 7.166424308137675 290.1034482758621 5900
116.3181030872004 309.96610169491527 8400 7.207671353762461 291.64406779661016 6000
117.70055198462735 310.9 8455 7.2469637877214925 293.3666666666667 6100
119.47562513283421 310.88524590163934 8501 7.286897608074718 294.59016393442624 6200
120.91159588723366 316.7096774193548 8546 7.319660256624833 295.64516129032256 6300
122.24356681393321 322.015873015873 8590 7.367742430476857 296.46031746031747 6400
123.81309635770293 327.65625 8634 7.435929381829924 297.59375 6500
125.60763168885074 329.2923076923077 8679 7.496988343721186 298.75384615384615 6600
127.34582035303544 331.3484848484849 8721 7.557261247604198 300.3939393939394 6700
128.72622790658502 331.4776119402985 8758 7.6086454080877175 302.1940298507463 6800
129.84568875165954 335.95588235294116 8798 7.654146250655585 304.05882352941177 6900
131.21959183882623 340.3478260869565 8830 7.6881441310808665 306.2463768115942 7000
132.3537326963039 341.34285714285716 8856 7.719742072065425 308.51428571428573 7100
133.63037632846815 342.77464788732397 8884 7.738947582787509 311.77464788732397 7200
134.73855089529826 343.0 8913 7.7643450825761215 313.94444444444446 7300
136.09564745305838 345.05479452054794 8938 7.789202648135641 315.7945205479452 7400
137.3619649933151 347.4189189189189 8965 7.8102945042419165 317.35135135135135 7500
138.28408559189762 347.7733333333333 8992 7.82820852623664 318.44 7600
139.3309777722741 347.1578947368421 9014 7.843964217018276 319.82894736842104 7700
140.4273638695275 347.6753246753247 9032 7.861899746667389 321.4415584415584 7800
141.65424955821382 348.70512820512823 9049 7.877772826838321 323.38461538461536 7900
142.5353179325395 349.253164556962 9065 7.889763044220115 324.67088607594934 8000
143.4526460662259 349.2125 9084 7.905516006167363 325.75 8100
144.19135382693355 349.1111111111111 9108 7.925200993745544 326.320987654321 8200
144.7705422395638 348.2682926829268 9127 7.926425872183294 327.0609756097561 8300
145.29735432092988 347.4096385542169 9147 7.944570529535692 327.73493975903614 8400
145.7692554225996 346.7261904761905 9159 7.963980404184078 328.32142857142856 8500
146.03841680412543 346.0352941176471 9173 7.986343750780322 329.56470588235294 8600
146.44069389734148 346.04651162790697 9186 7.990080361907205 331.19767441860466 8700
146.7227409545995 345.7586206896552 9196 7.991015398798255 332.04597701149424 8800
147.02411089874929 348.3863636363636 9203 7.989309645299515 332.9886363636364 8900
147.33850279099508 349.82022471910113 9211 8.005262243769081 333.7415730337079 9000
147.66814431522263 354.3333333333333 9215 8.024780493970589 334.85555555555555 9100
147.91395741313968 356.3296703296703 9221 8.055277411619263 335.8241758241758 9200
148.1533455604261 358.75 9229 8.086470048449488 336.6304347826087 9300
148.51303555174337 358.6236559139785 9237 8.119680047928526 337.38709677419354 9400
148.88535718263302 361.031914893617 9243 8.15510898358886 338.20212765957444 9500
149.26115347875728 363.0421052631579 9250 8.201789347864173 338.9157894736842 9600
149.95587765315523 365.4166666666667 9264 8.261118999422212 339.4895833333333 9700
150.6383510626956 365.0515463917526 9277 8.311777566438478 340.1546391752577 9800
151.2940292294465 364.51020408163265 9291 8.369283595567193 340.9591836734694 9900
152.216740831938 363.24242424242425 9302 8.419233111917885 342.42424242424244 10000
153.12863165191618 364.48 9316 8.44855429431222 344.25 10100
153.84541709196031 365.53465346534654 9322 8.476608719933399 345.7029702970297 10200
154.550004194361 371.11764705882354 9334 8.497074345856625 347.7647058823529 10300
155.29936373557413 373.40776699029124 9345 8.519432847353162 349.5339805825243 10400
155.83550492555327 377.1923076923077 9355 8.543284454590152 351.22115384615387 10500
156.3514793382778 378.8 9364 8.57091454973162 352.9714285714286 10600
156.87386405697757 380.0660377358491 9370 8.591996068654488 354.29245283018867 10700
157.56839811512748 379.50467289719626 9381 8.610295170816595 355.1588785046729 10800
158.46973515000343 379.4074074074074 9392 8.632896901191275 356.05555555555554 10900
159.56665174982507 379.1284403669725 9405 8.656627316731925 356.697247706422 11000
160.59249596499487 378.25454545454545 9419 8.672609197001101 357.3727272727273 11100
161.31864048283217 378.3063063063063 9438 8.689072177208299 358.2162162162162 11200
162.05039840860167 379.7142857142857 9452 8.711079087713994 358.86607142857144 11300
162.897325601865 380.7433628318584 9467 8.7249551114284 359.57522123893807 11400
163.83489822056393 380.82456140350877 9479 8.729407769569685 360.0 11500
165.1535719922036 381.2695652173913 9489 8.73762085890802 360.30434782608694 11600
166.22254092791357 382.4655172413793 9502 8.73800868508685 360.42241379310343 11700
167.03983827971146 383.8376068376068 9512 8.738538525385252 360.6068376068376 11800
167.53364515204464 384.89830508474574 9526 8.748336816204914 360.99152542372883 11900
167.98892594488981 387.109243697479 9537 8.75686472442787 361.30252100840335 12000
168.40985892882384 389.2 9548 8.768759272776938 361.7416666666667 12100
168.81001716475146 393.5702479338843 9559 8.774272811315123 362.1735537190083 12200
169.23841032160502 393.6803278688525 9568 8.784085563447201 362.92622950819674 12300
169.43169153276398 392.9837398373984 9575 8.791403652576214 363.5528455284553 12400
169.60785877816758 391.46774193548384 9582 8.791741795162965 364.2016129032258 12500
169.8172477597941 390.464 9588 8.79520786080166 364.88 12600
170.0002804858823 389.484126984127 9592 8.8039760523826 365.23015873015873 12700
170.24994706873312 390.1023622047244 9597 8.804803728419675 365.7716535433071 12800
170.6002854698473 390.7421875 9604 8.814327211196158 366.171875 12900
171.08541538095577 391.71317829457365 9612 8.822076252104498 366.71317829457365 13000
171.67488638526123 391.5153846153846 9623 8.831869804743988 367.2076923076923 13100
172.23976633111448 392.5267175572519 9631 8.848038737532201 367.4961832061069 13200
172.73424191979439 395.40909090909093 9642 8.871119783778967 367.4318181818182 13300
173.1577692290328 397.89473684210526 9654 8.8895700109686 367.36842105263156 13400
173.70359964970532 399.8805970149254 9664 8.914597423149754 367.76119402985074 13500
174.10576505914386 401.1185185185185 9675 8.94575753202429 368.05925925925925 13600
174.63094765287707 401.7132352941176 9687 8.968602194134018 368.29411764705884 13700
175.19864494761376 402.0875912408759 9700 8.980759450683868 368.54744525547443 13800
175.63342659643183 402.8478260869565 9710 8.995391628577464 368.963768115942 13900
175.96406026661543 403.63309352517985 9719 8.997982735965795 369.431654676259 14000
176.31799443931422 404.3071428571429 9726 9.005302339799805 369.9214285714286 14100
176.74898905530574 404.41843971631204 9736 9.01532576044777 370.4751773049645 14200
177.19373314770976 405.0281690140845 9748 9.029805357708199 371.0 14300
177.64650795767997 406.02797202797206 9756 9.041085440121826 371.3006993006993 14400
178.07376167528716 407.0763888888889 9763 9.047248537263837 371.5208333333333 14500
178.5353684717272 406.64827586206894 9776 9.044681305972363 371.82068965517243 14600
178.86924089349253 406.972602739726 9788 9.041869422653809 372.3493150684931 14700
179.078147384019 407.4965986394558 9799 9.03429596691175 373.1156462585034 14800
179.2674001067043 408.4527027027027 9807 9.027778882283025 373.9054054054054 14900
179.30604768583834 409.16107382550337 9807 9.025407336795563 374.6040268456376 15000
179.46577252345693 407.94666666666666 9810 9.026571287883593 375.12 15100
179.65249871242463 406.9867549668874 9810 9.025317234999104 375.9933774834437 15200
179.95752909352836 405.94736842105266 9811 9.032880937400426 376.57236842105266 15300
180.29069676279127 404.7647058823529 9812 9.037178945590462 376.90849673202615 15400
180.48850509687713 403.72727272727275 9815 9.044513281441608 377.1168831168831 15500
180.7449872784666 403.28387096774196 9817 9.053489953405839 377.13548387096773 15600
181.11744700882653 403.96153846153845 9821 9.062022808734106 376.9807692307692 15700
181.46284826913785 404.7579617834395 9825 9.069303734825787 376.8789808917197 15800
181.80943142748595 404.8164556962025 9830 9.076979352213291 376.9620253164557 15900
182.24228497494678 405.44654088050316 9835 9.087138649949733 377.12578616352204 16000
182.68857776907694 406.4375 9838 9.093000283387548 377.4375 16100
183.10102056060654 407.22360248447205 9841 9.102671089080793 377.7888198757764 16200
183.6904633765733 406.4074074074074 9845 9.105858598525034 378.2716049382716 16300
184.19563001754594 405.5644171779141 9848 9.107108078347112 378.58895705521473 16400
184.67693045731454 405.2012195121951 9852 9.110810381005274 378.8292682926829 16500
185.14787124917353 404.94545454545454 9856 9.1145465164372 379.1757575757576 16600
185.67770398710326 404.43975903614455 9861 9.118855195458917 379.3614457831325 16700
186.18338446390104 403.2215568862275 9865 9.122439244015137 379.5508982035928 16800
186.61934956024385 401.9345238095238 9868 9.125256538282018 379.625 16900
187.0971298224304 401.7810650887574 9872 9.126781521625936 379.8224852071006 17000
187.6310470133545 401.8235294117647 9875 9.128163407543783 380.0882352941176 17100
188.10702489053534 401.7368421052632 9879 9.135990911983097 380.36842105263156 17200
188.52214073741763 402.3488372093023 9886 9.138991975942751 380.7267441860465 17300
188.9388100866743 402.70520231213874 9891 9.141866956638825 381.15606936416185 17400
189.34520494336877 403.42528735632186 9898 9.136803753239853 381.7471264367816 17500
189.6564485768875 403.36 9900 9.13268868417372 382.2 17600
189.83735830224552 402.52272727272725 9906 9.131007127410674 382.29545454545456 17700
189.8912190086259 401.01129943502826 9911 9.130958776293053 382.225988700565 17800
190.09029104190074 399.6629213483146 9916 9.128388611188909 382.1685393258427 17900
190.18650745876732 398.5195530726257 9918 9.124614541789413 381.8212290502793 18000
190.29314433607667 397.25 9919 9.130526012364378 381.4222222222222 18100
190.39107553636788 396.30386740331494 9925 9.136032900292049 381.2099447513812 18200
190.49620321417027 395.56043956043953 9930 9.147014122733387 380.85164835164835 18300
190.66574894253029 395.56830601092895 9934 9.153364269106923 380.60109289617486 18400
190.74181558777175 395.1847826086956 9941 9.1610287913598 380.375 18500
190.93931436982695 395.5945945945946 9949 9.166644851947046 380.37297297297295 18600
191.23664489387343 396.13440860215053 9957 9.170929752547526 380.48924731182797 18700
191.63433811393213 396.88235294117646 9966 9.174988013557451 380.59893048128345 18800
192.1020420418031 397.4095744680851 9976 9.175983125004047 380.8670212765957 18900
192.56454905438034 399.62433862433863 9986 9.180815413836225 380.95767195767195 19000
193.0750655122854 402.5157894736842 9994 9.18249533271077 381.0105263157895 19100
193.53611312141237 405.0366492146597 10003 9.183515558668127 381.0261780104712 19200
193.87159536808102 406.6145833333333 10016 9.187665957617059 381.046875 19300
194.2069671941104 408.85492227979273 10026 9.19340579485974 381.2435233160622 19400
194.55796698556057 410.62371134020617 10034 9.193783428219568 381.57216494845363 19500
195.01347386546485 412.07179487179485 10043 9.191857266116811 381.6974358974359 19600
195.32735555600152 412.4591836734694 10051 9.19189881067744 381.8316326530612 19700
195.6024068152609 412.38578680203045 10055 9.189628668750466 381.8730964467005 19800
195.7634394473302 411.9646464646465 10058 9.184677525603147 382.05555555555554 19900
195.90249368709547 411.37688442211055 10061 9.1802877446258 382.2361809045226 20000
196.01941975864924 411.395 10063 9.172800940049013 382.655 20100
196.1079695193515 411.2238805970149 10064 9.16625537744749 383.0547263681592 20200
196.166196629765 411.0247524752475 10064 9.15856914470585 383.4059405940594 20300
196.21389078594817 411.0935960591133 10064 9.15566083275253 383.41379310344826 20400
196.224698004155 411.23039215686276 10063 9.153115258260428 383.3480392156863 20500
196.33065636533914 410.9951219512195 10064 9.158244186047185 383.2926829268293 20600
196.5420779880234 410.1116504854369 10064 9.157687069905545 383.22330097087377 20700
196.65310942940468 409.18840579710144 10063 9.158897099835016 383.1159420289855 20800
196.66502377524486 408.2932692307692 10062 9.16058816328712 383.1682692307692 20900
196.60834070727165 407.2822966507177 10063 9.158543881804087 383.4688995215311 21000
196.61478745334583 406.54761904761904 10061 9.159953413102855 383.70952380952383 21100
196.65901658864223 405.81042654028437 10062 9.163697709723222 383.8388625592417 21200
196.6599101794299 405.6509433962264 10060 9.163449659729768 383.83490566037733 21300
196.701342094171 405.67605633802816 10060 9.160334872594886 383.90140845070425 21400
196.842658393204 406.14953271028037 10060 9.156381371855124 383.9672897196262 21500
196.99792164492763 407.6139534883721 10060 9.153191636336235 383.846511627907 21600
197.09919290677772 408.35648148148147 10060 9.155147960129852 383.7824074074074 21700
197.12943015677683 408.7972350230415 10061 9.15443299257165 383.93548387096774 21800
197.17765346273345 408.2110091743119 10062 9.149901954379427 384.2522935779817 21900
197.25543595714637 407.41552511415523 10060 9.149478396857798 384.5342465753425 22000
197.37793461984256 406.5409090909091 10057 9.14453758596299 384.8272727272727 22100
197.4970401883138 405.66968325791856 10058 9.145156194171303 385.0226244343891 22200
197.4916596858656 404.9189189189189 10057 9.144663212601676 385.34684684684686 22300
197.49360315433165 404.1165919282511 10057 9.144911359630369 385.5964125560538 22400
197.4380507208541 403.27232142857144 10056 9.139646207316748 385.83482142857144 22500
197.27872679251323 402.5422222222222 10056 9.133840372321265 385.99555555555554 22600
197.11573780785426 402.4734513274336 10054 9.126229543697933 386.28761061946904 22700
196.95315147187753 402.2995594713656 10052 9.116705562070567 386.6784140969163 22800
196.77986793169538 403.1666666666667 10049 9.101825879478303 387.1842105263158 22900
196.62753396029137 403.353711790393 10046 9.089008590339388 387.68122270742356 23000
196.43548124747514 403.44347826086954 10041 9.075066609256071 388.05652173913046 23100
196.31458363281484 403.82683982683983 10037 9.061421632259625 388.1082251082251 23200
196.20126958040044 403.98275862068965 10033 9.047992857749652 387.9784482758621 23300
196.1240467421252 405.21888412017165 10029 9.035507432990592 387.87982832618025 23400
196.0768904870988 405.9273504273504 10027 9.0242220885851 387.6666666666667 23500
195.9676898571586 406.9872340425532 10025 9.019403662216193 386.9531914893617 23600
195.81343142480787 407.33474576271186 10023 9.012911186898242 386.3474576271187 23700
195.6431490238665 406.90717299578057 10022 9.006416558305956 386.0042194092827 23800
195.59777711316354 406.2268907563025 10022 8.99863264904352 385.75210084033614 23900
195.59244266685093 405.2887029288703 10021 8.991145911288449 385.4979079497908 24000
195.53187316993228 405.0 10021 8.98112845549866 385.3 24100
195.48030840700434 404.448132780083 10021 8.974014506167407 385.21991701244815 24200
195.42555847087473 403.8347107438017 10020 8.967360051032982 385.1487603305785 24300
195.419879594973 402.8888888888889 10020 8.96180310134394 384.9423868312757 24400
195.40880387070618 402.0 10021 8.958584525470542 384.6844262295082 24500
195.34743188550328 401.24897959183676 10020 8.956386221284948 384.48163265306124 24600
195.36183358678 400.9918699186992 10019 8.955106234344612 384.2479674796748 24700
195.470202557319 400.99595141700405 10018 8.958992013221845 384.02834008097165 24800
195.62745521063758 401.21370967741933 10017 8.963930244899935 383.81854838709677 24900
195.82081216982414 401.0281124497992 10020 8.967517444145889 383.6706827309237 25000
196.03177724091844 401.268 10021 8.973064041035972 383.488 25100
196.13859349383 401.65338645418325 10022 8.975010154265066 383.39043824701196 25200
196.25709113869576 401.3333333333333 10025 8.976739138913674 383.27777777777777 25300
196.50293450604377 401.2371541501976 10027 8.97830491842758 383.27667984189725 25400
196.74095070804307 401.3543307086614 10029 8.981360355618467 383.34645669291336 25500
197.04185104264383 402.8941176470588 10031 8.988856421450775 383.4156862745098 25600
197.37829676250485 404.421875 10035 8.997652844573002 383.546875 25700
197.7375841225195 405.73540856031127 10039 9.00440183294876 383.7198443579766 25800
198.12518534224722 405.7674418604651 10043 9.013851080465654 383.8488372093023 25900
198.4900422294823 405.74903474903476 10047 9.018718488664327 383.980694980695 26000
198.77483364020955 405.6115384615385 10051 9.021621821037389 384.18461538461537 26100
199.14031721158432 405.6858237547893 10055 9.023280532276884 384.41379310344826 26200
199.54055515593586 405.5916030534351 10060 9.024112970361111 384.5916030534351 26300
199.82315999055942 406.29277566539923 10066 9.025456109221206 384.82889733840307 26400
200.0201787822484 405.77272727272725 10071 9.028305812511194 384.86742424242425 26500
200.2987889191919 406.99245283018865 10078 9.034037374770852 384.9056603773585 26600
200.55373826896408 408.0263157894737 10083 9.0398170409237 384.88345864661653 26700
200.79502038361065 410.47940074906364 10088 9.047229216517724 384.82022471910113 26800
201.02772763735277 411.5186567164179 10093 9.056925500535694 384.60820895522386 26900
201.28661310258096 412.3791821561338 10097 9.06689652259609 384.5167286245353 27000
201.60148429973606 412.7 10102 9.077142584858082 384.63703703703703 27100
201.87734387080997 412.31365313653134 10108 9.086236769661802 384.8560885608856 27200
202.10190488511282 412.0514705882353 10112 9.095070049511904 385.16911764705884 27300
202.2987399454547 411.68498168498166 10115 9.103138922372391 385.5091575091575 27400
202.49627677634354 411.1021897810219 10115 9.114043193060482 385.74817518248176 27500
202.60022824379027 410.5418181818182 10115 9.121810308722079 386.2 27600
202.7804778050188 410.10869565217394 10117 9.12445253162449 386.5833333333333 27700
202.92057563117285 410.43682310469313 10120 9.12905739613126 386.9675090252708 27800
203.03303818437567 410.6906474820144 10121 9.13450271896121 387.3956834532374 27900
203.17599497695005 412.55555555555554 10123 9.139772068222248 387.8853046594982 28000
203.3943464305381 413.825 10126 9.142429028443711 388.14285714285717 28100
203.67229398842406 415.1316725978648 10128 9.14743817780868 388.37366548042706 28200
203.95546094510925 415.1489361702128 10132 9.151552554155787 388.63120567375887 28300
204.18297616324548 414.7279151943463 10134 9.154727280112834 388.7208480565371 28400
204.40559192786267 415.0774647887324 10137 9.160368228974257 388.8133802816901 28500
204.57481998673117 414.80350877192984 10140 9.164926443818064 388.88421052631577 28600
204.85922913467593 415.13986013986016 10142 9.1679359353629 388.96153846153845 28700
205.20635976261872 415.1951219512195 10145 9.170399573218779 389.08710801393727 28800
205.5967464735355 415.4375 10148 9.172672491367324 389.21875 28900
206.02229556670224 415.47750865051904 10152 9.176054247452559 389.3598615916955 29000
206.409465072871 415.19310344827585 10155 9.17628820673384 389.37931034482756 29100
206.72600926963952 414.97594501718214 10159 9.17521802342845 389.40549828178695 29200
207.10212366744065 414.777397260274 10161 9.17213508499205 389.3493150684931 29300
207.43661294923544 415.5051194539249 10163 9.173576926321752 389.10921501706486 29400
207.75615469292245 416.0408163265306 10165 9.174508189909272 388.89115646258506 29500
208.0139329547037 417.17627118644066 10167 9.177480304693587 388.6372881355932 29600
208.2967996684077 417.2972972972973 10170 9.178006835195749 388.4560810810811 29700
208.51927626194532 417.42424242424244 10173 9.179834860102693 388.3198653198653 29800
208.73887966894983 417.6543624161074 10176 9.183445528201302 388.1711409395973 29900
208.92860222247256 417.7391304347826 10177 9.190078374818244 388.056856187291 30000
209.0395073544604 418.0 10179 9.196111446902183 387.9866666666667 30100
209.20440938241333 417.7408637873754 10180 9.201699278575225 387.9734219269103 30200
209.34286463316644 417.6225165562914 10180 9.203858084065326 388.112582781457 30300
209.43445871355402 417.4191419141914 10180 9.206968590267797 388.1023102310231 30400
209.54677103725666 417.55592105263156 10180 9.209577246220864 388.1513157894737 30500
209.7093575548877 417.6688524590164 10181 9.209691564903565 388.2491803278688 30600
209.90471355736972 417.4575163398693 10183 9.209148384171426 388.36601307189545 30700
209.97677948976352 417.1530944625407 10185 9.206539312123006 388.4755700325733 30800
210.0463976309033 417.0 10188 9.206835847929181 388.5487012987013 30900
210.1425077766341 416.7411003236246 10189 9.20750318653867 388.58252427184465 31000
210.21914041226978 416.5774193548387 10190 9.209358365600325 388.64516129032256 31100
210.36392424882274 416.3151125401929 10191 9.21350833870129 388.6784565916399 31200
210.4831481643798 415.84294871794873 10193 9.219163048441919 388.7692307692308 31300
210.54248374007457 415.5367412140575 10195 9.222589577573627 388.9233226837061 31400
210.72351791943476 415.9171974522293 10196 9.227867954715112 389.03184713375794 31500
210.92946542085596 416.4031746031746 10200 9.233030807768927 389.2126984126984 31600
211.16648679882445 416.46835443037975 10205 9.239413621668392 389.31962025316454 31700
211.39375748672336 416.3059936908517 10209 9.242841613260989 389.52681388012616 31800
211.57419128313356 416.3993710691824 10213 9.244880804250187 389.7704402515723 31900
211.79992549986335 416.40752351097177 10217 9.244912218533994 389.8965517241379 32000
212.08633532580149 416.53125 10222 9.245589175543383 389.990625 32100
212.38674194426463 416.7632398753894 10226 9.246381732628917 390.0218068535826 32200
212.69067630265658 417.90683229813664 10229 9.249879146563634 390.0745341614907 32300
213.01226167954138 419.4117647058824 10231 9.254678282332788 390.08359133126936 32400
213.27806538993715 419.73765432098764 10233 9.256911561923012 390.0895061728395 32500
213.50722237016123 420.03076923076924 10235 9.258127753772612 390.00307692307695 32600
213.790433643014 420.39263803680984 10237 9.262355471203874 389.94785276073617 32700
214.04167404684028 421.6605504587156 10237 9.266001312131523 389.9418960244648 32800
214.229680751116 422.1432926829268 10239 9.26969421278744 389.9725609756098 32900
214.31475487542295 422.3586626139818 10240 9.271024373457298 390.06990881458967 33000
214.37881687888182 421.8666666666667 10242 9.274369754143791 390.1666666666667 33100
214.43819613598296 421.2960725075529 10242 9.277950085579791 390.3595166163142 33200
214.5136542486698 422.26807228915663 10241 9.27991479182244 390.4548192771084 33300
214.67442389616642 423.4174174174174 10241 9.280575708363514 390.45045045045043 33400
214.85177199446431 424.60179640718565 10240 9.285199733188772 390.3832335329341 33500
215.04224998766745 424.26268656716417 10240 9.285020032492685 390.36716417910446 33600
215.13786808645568 424.7708333333333 10240 9.285033287408513 390.3333333333333 33700
215.2253251680534 425.59643916913944 10240 9.284558411184749 390.2967359050445 33800
215.34541144289426 427.06804733727813 10241 9.28750957352459 390.3047337278106 33900
215.4934417892681 427.63421828908554 10242 9.292821448806576 390.4100294985251 34000
215.5946583596604 427.5911764705882 10244 9.295881777878714 390.6264705882353 34100
215.69711878438684 427.61290322580646 10245 9.298863062987573 390.80058651026394 34200
215.73916511460683 427.49122807017545 10246 9.300821796721527 390.85380116959067 34300
215.805306704292 427.3935860058309 10246 9.301919748786009 390.91545189504376 34400
215.86575422240423 427.13662790697674 10245 9.301132918120933 390.94767441860466 34500
215.92856669375485 427.15072463768115 10245 9.302433982126379 390.90434782608696 34600
215.9654889220112 426.86416184971097 10245 9.306044647316567 390.89306358381504 34700
215.96100949812123 426.521613832853 10245 9.31000005590808 390.8386167146974 34800
215.9927124063019 425.9511494252874 10244 9.313898523180374 390.73275862068965 34900
216.05620209003078 425.63323782234954 10245 9.31508297648723 390.69340974212037 35000
216.09437391358676 425.12 10244 9.316115512520794 390.74857142857144 35100
216.14075220886303 425.2735042735043 10242 9.315214898525008 390.83475783475785 35200
216.18163232778932 425.3551136363636 10241 9.313008212843009 390.9488636363636 35300
216.24944281537975 425.4447592067989 10241 9.31088666709587 391.04532577903683 35400
216.3023334676274 425.02259887005647 10241 9.307247798750197 391.0593220338983 35500
216.39153759492345 424.3295774647887 10240 9.305325973964985 390.9577464788732 35600
216.43461183385583 424.435393258427 10238 9.302328134819284 390.89325842696627 35700
216.50498922388567 424.39495798319325 10237 9.301139677244125 390.8375350140056 35800
216.57423114193162 424.2960893854749 10236 9.29988972992385 390.8435754189944 35900
216.58286339719066 423.70194986072426 10234 9.298288365773644 390.7966573816156 36000
216.53106832150817 423.025 10231 9.295168120313162 390.78055555555557 36100
216.46402866142068 422.34072022160666 10228 9.29065703595403 390.7950138504155 36200
216.35851672446367 421.68508287292815 10226 9.28378877846821 390.75690607734805 36300
216.24482792650636 420.9724517906336 10225 9.278009874151845 390.75757575757575 36400
216.1345331295651 420.22527472527474 10222 9.272160770569595 390.717032967033 36500
216.04888520677326 420.0 10220 9.267613055850115 390.66301369863015 36600
215.9943364604853 419.8333333333333 10218 9.263166025642873 390.6502732240437 36700
215.97048158251613 419.8392370572207 10217 9.260418712114648 390.5558583106267 36800
215.91474042399628 419.3396739130435 10216 9.259018384199162 390.42934782608694 36900
215.86188289096228 419.24661246612465 10215 9.259809717597438 390.32249322493226 37000
215.84161892063477 419.1216216216216 10215 9.262280267126847 390.2081081081081 37100
215.8680940630234 419.4231805929919 10217 9.263741365668519 390.13746630727763 37200
215.9221068672735 419.4166666666667 10218 9.2660005734669 390.1236559139785 37300
215.95431584001741 420.1474530831099 10219 9.271685192938472 390.0482573726542 37400
215.95452291755075 421.0347593582888 10219 9.2773164565343 390.03743315508024 37500
215.94143727898577 422.408 10221 9.282080492082834 390.136 37600
216.00718427512743 422.46276595744683 10222 9.284202618433676 390.281914893617 37700
216.12153555275506 422.47214854111405 10224 9.28589324445229 390.45092838196285 37800
216.20457785447442 422.2037037037037 10226 9.285849163830012 390.6296296296296 37900
216.29020179701143 422.0211081794195 10228 9.287733466827822 390.7862796833773 38000
216.37913544183652 421.9894736842105 10230 9.291134168230906 390.9421052631579 38100
216.43112907351176 421.748031496063 10233 9.29390763783386 391.1443569553806 38200
216.52620315478256 421.5418848167539 10234 9.295407007019287 391.29057591623035 38300
216.6175528757505 421.3107049608355 10235 9.295145166142524 391.51697127937337 38400
216.6868473876242 421.5208333333333 10236 9.294376558939028 391.7421875 38500
216.71828992986 421.45714285714286 10237 9.293212344100626 391.9324675324675 38600
216.74197120433013 422.17098445595855 10238 9.290061335636434 391.85751295336786 38700
216.7591759607511 422.5503875968992 10240 9.288450496698527 391.5891472868217 38800
216.82149363733853 422.92783505154637 10241 9.287306151203026 391.3556701030928 38900
216.92660428489899 423.0205655526992 10242 9.28483515070256 391.0616966580977 39000
216.9590726665075 423.174358974359 10242 9.282792937734152 390.72564102564104 39100
216.97869364394862 422.9846547314578 10244 9.283014861723046 390.3708439897698 39200
216.98689086123036 422.69642857142856 10244 9.283679309169848 390.0408163265306 39300
216.9972076443543 422.53689567430024 10246 9.287311451159521 389.7709923664122 39400
217.01067767984145 422.10659898477155 10246 9.289984329537072 389.51015228426394 39500
217.0072831957389 421.7670886075949 10248 9.292362006339932 389.3594936708861 39600
217.08870665250453 421.4823232323232 10249 9.297179274000689 389.30555555555554 39700
217.15363194238216 421.23929471032744 10251 9.299442429919864 389.24433249370276 39800
217.21817725101124 420.97236180904525 10251 9.303380179258424 389.21608040201005 39900
217.25879221040506 420.56390977443607 10252 9.30664151004422 389.29573934837094 40000
217.320438074402 420.3175 10252 9.311215815360017 389.41 40100
217.3868673661636 420.0274314214464 10253 9.31537057075132 389.5885286783042 40200
217.49112293057388 419.81592039800995 10255 9.321354550009547 389.771144278607 40300
217.59066354559332 419.6625310173697 10256 9.323393017981873 390.01736972704714 40400
217.71352265470338 419.5495049504951 10257 9.3262435303136 390.1930693069307 40500
217.83233823873556 419.35555555555555 10259 9.32600779130238 390.4345679012346 40600
217.96759149468667 419.13300492610836 10260 9.324068022206713 390.69950738916253 40700
218.06850092392833 419.66830466830464 10261 9.325114538122667 390.83046683046683 40800
218.12190146862218 420.38235294117646 10262 9.325510057603951 391.0147058823529 40900
218.20238377998257 420.9559902200489 10263 9.328745115283768 391.1075794621027 41000
218.30047427563332 420.8048780487805 10263 9.330199395490393 391.0487804878049 41100
218.40282853599453 420.48661800486616 10263 9.330795017399174 390.9318734793187 41200
218.51171230960233 420.81796116504853 10264 9.330780951822963 390.83252427184465 41300
218.61575740384765 421.0823244552058 10265 9.329230577098151 390.728813559322 41400
218.75631272101012 421.29468599033817 10266 9.327255691421529 390.6231884057971 41500
218.8898849053055 420.99036144578315 10267 9.323290781759834 390.5325301204819 41600
218.98523512248656 421.1394230769231 10268 9.317924479618366 390.4326923076923 41700
219.13189104589844 421.54676258992805 10268 9.314540911907498 390.3285371702638 41800
219.22526508468417 421.4952153110048 10269 9.312157277711982 390.2224880382775 41900
219.3555579381905 421.58949880668257 10269 9.311032580368776 390.1312649164678 42000
219.46353779037645 421.53809523809525 10268 9.309633465309135 390.05 42100
219.60885865266187 421.09738717339667 10268 9.308007257553056 390.0688836104513 42200
219.74422434182162 420.85781990521326 10268 9.307983241161757 390.09478672985784 42300
219.87095217492137 420.5839243498818 10267 9.305277052190034 390.10401891252957 42400
219.97447722860718 420.3301886792453 10265 9.301412405054364 390.1438679245283 42500
220.07531984427376 419.91058823529414 10264 9.298245683055544 390.26588235294116 42600
220.18582802860936 419.67840375586854 10264 9.294433882402014 390.42488262910797 42700
220.29875872593544 420.21311475409834 10264 9.291947053964385 390.5152224824356 42800
220.43718304949363 420.61682242990656 10263 9.289743526289941 390.5957943925234 42900
220.5625876224144 421.1748251748252 10263 9.286944331330965 390.5920745920746 43000
220.705603999482 421.2906976744186 10263 9.283848078364047 390.6744186046512 43100
220.8324349563485 421.22041763341065 10265 9.283136766644576 390.7679814385151 43200
220.98768119621923 421.6574074074074 10266 9.282060482041654 390.6365740740741 43300
221.15591068777616 422.2771362586605 10268 9.282458830707943 390.5080831408776 43400
221.2548894905949 422.71198156682027 10268 9.283395305496379 390.36866359447004 43500
221.3505840881766 423.016091954023 10269 9.28650557752136 390.28275862068966 43600
221.54800567911036 423.5550458715596 10270 9.291418572592578 390.2821100917431 43700
221.70901964132796 424.2379862700229 10270 9.297910075008167 390.29061784897027 43800
221.82347511704648 424.5228310502283 10270 9.303962147779194 390.30365296803654 43900
221.9827512617467 424.5603644646925 10271 9.307256083661246 390.3644646924829 44000
222.1649170234555 424.79545454545456 10272 9.310345653168076 390.3931818181818 44100
222.40731909358445 424.70521541950114 10274 9.312628482006087 390.4625850340136 44200
222.63041079118227 424.63800904977376 10276 9.31324553488313 390.52714932126696 44300
222.83785987355353 424.2686230248307 10277 9.314216966505493 390.60270880361173 44400
223.02355398666742 424.10360360360363 10277 9.315819272944987 390.65315315315314 44500
223.11414151787585 423.8674157303371 10277 9.312462875078193 390.7168539325843 44600
223.24759005722564 424.30044843049325 10277 9.31023354535421 390.7757847533632 44700
223.39743173233308 424.64653243847874 10277 9.307445170056402 390.84787472035794 44800
223.51452375611157 425.12276785714283 10278 9.305999030096645 390.8950892857143 44900
223.65860280903453 425.5367483296214 10277 9.305499327697902 390.9086859688196 45000
223.82774973700927 425.6488888888889 10277 9.30557694148505 390.87333333333333 45100
224.01111388899386 425.7960088691796 10278 9.30628519660371 390.78935698447896 45200
224.2046843162228 425.6858407079646 10279 9.306605318717764 390.7079646017699 45300
224.41958616840685 425.7704194260486 10281 9.304334176243282 390.682119205298 45400
224.63579750593027 425.80176211453744 10282 9.301140809014873 390.6784140969163 45500
224.83208407221508 425.610989010989 10283 9.29973253769504 390.7076923076923 45600
225.02101044908235 425.29605263157896 10284 9.298273947447056 390.7894736842105 45700
225.20055483375967 424.95842450765866 10284 9.299318228096148 390.8730853391685 45800
225.36135689463873 424.53930131004364 10284 9.300717096593754 391.0 45900
225.50912468905986 424.1459694989107 10283 9.30348553117945 391.1132897603486 46000
225.62376124044448 423.81739130434784 10282 9.304786564338439 391.2913043478261 46100
225.74657852924406 423.4251626898048 10281 9.306176299655393 391.4490238611714 46200
225.8663114939325 423.27705627705626 10281 9.305665475280806 391.6363636363636 46300
226.0325994752659 422.9827213822894 10280 9.304566003778023 391.86393088552916 46400
226.14918393245415 422.9375 10280 9.302908995764955 392.1185344827586 46500
226.29315531817943 422.6559139784946 10279 9.303775605135227 392.33978494623653 46600
226.42258823457288 422.51502145922746 10278 9.304744116799778 392.66738197424894 46700
226.53921324367835 422.1199143468951 10278 9.30487396797448 393.00428265524624 46800
226.67026048284083 421.6794871794872 10278 9.303312429739648 393.36538461538464 46900
226.78869024939183 421.36673773987206 10278 9.30053351197901 393.6311300639659 47000
226.92143659692766 421.12978723404257 10278 9.299248182318264 393.8872340425532 47100
227.1272781411706 421.0084925690021 10279 9.298188207408884 394.1592356687898 47200
227.33337298023434 420.8580508474576 10280 9.29626172580185 394.45338983050846 47300
227.51706459741908 420.7124735729387 10282 9.294090412997258 394.6553911205074 47400
227.67174644725475 420.62869198312234 10283 9.29308247231712 394.79957805907173 47500
227.86381796378387 420.3578947368421 10283 9.292594350248656 394.9326315789474 47600
227.98254542081128 419.98319327731093 10284 9.293304099056135 395.07142857142856 47700
228.09417970455263 420.2473794549266 10285 9.294564964345545 395.21174004192875 47800
228.21999428862432 420.8430962343096 10286 9.297567401093211 395.3451882845188 47900
228.43699881739977 421.51983298538624 10286 9.298016781284709 395.482254697286 48000
228.66101852742045 421.54791666666665 10287 9.296382399476851 395.5520833333333 48100
228.8823421876858 421.3076923076923 10287 9.295541462870645 395.5945945945946 48200
229.0590471038598 420.99792531120335 10287 9.293246126203256 395.6929460580913 48300
229.2088820689333 420.9047619047619 10286 9.291276890461962 395.73706004140786 48400
229.3531533567728 420.7830578512397 10286 9.288935191797458 395.7086776859504 48500
229.47931467638765 420.83092783505157 10286 9.286964878687222 395.64123711340204 48600
229.6724161291901 421.0781893004115 10285 9.286524973035 395.5267489711934 48700
229.80409857086542 421.27310061601645 10285 9.285172574685326 395.4558521560575 48800
229.96283845729906 421.125 10286 9.285113635508534 395.3668032786885 48900
230.11550256600472 420.9713701431493 10286 9.286217697603607 395.3128834355828 49000
230.23205189442308 420.80204081632655 10286 9.287176636100286 395.28367346938774 49100
230.30617127875934 420.43380855397146 10287 9.288770507395114 395.21384928716907 49200
230.3724044696159 419.9939024390244 10286 9.288460737332041 395.119918699187 49300
230.445845978046 419.630831643002 10286 9.28906297894731 395.0770791075051 49400
230.52035340432116 419.33805668016197 10286 9.290057766044336 395.01214574898785 49500
230.66315004331003 419.1515151515151 10286 9.292477457179697 394.94141414141416 49600
230.7907414214872 418.875 10286 9.293215479615558 394.87298387096774 49700
230.96072394103038 418.45875251509057 10286 9.295507666643358 394.7303822937626 49800
231.1009290094447 417.8995983935743 10286 9.297591653925867 394.67670682730926 49900
231.15576129051595 417.37274549098197 10286 9.296942540812843 394.60320641282567 50000
231.22514032051959 417.024 10285 9.296598655731216 394.566 50100
231.3009888511106 416.6467065868263 10284 9.29575714144832 394.5948103792415 50200
231.35826829228122 416.6314741035857 10283 9.29568970642931 394.6573705179283 50300
231.44553050138603 416.5347912524851 10282 9.296073800231415 394.63021868787274 50400
231.52539542206966 416.4642857142857 10281 9.29686661446491 394.60714285714283 50500
231.5996658811559 416.770297029703 10281 9.299315063413166 394.5762376237624 50600
231.6994668415814 417.05533596837944 10282 9.302527879493377 394.57707509881425 50700
231.79910091463373 417.3925049309665 10281 9.305333544425345 394.5956607495069 50800
231.90699676052796 416.994094488189 10281 9.305782362907447 394.67913385826773 50900
232.04994645634793 416.70530451866404 10281 9.306578686577788 394.7681728880157 51000
232.2011797581318 416.5254901960784 10281 9.30637862141694 394.821568627451 51100
232.37324779879037 416.46771037182 10280 9.30664880893754 394.8688845401174 51200
232.58238883279512 416.15625 10279 9.30753595885215 394.873046875 51300
232.78739881355102 415.85185185185185 10279 9.306979791724215 394.9551656920078 51400
233.01133613032286 415.5194552529183 10279 9.307090018517817 395.0350194552529 51500
233.16252975688857 415.231067961165 10278 9.307712964067772 395.0252427184466 51600
233.36834420960065 415.08720930232556 10278 9.309103055222678 395.0503875968992 51700
233.55226899135587 415.0464216634429 10278 9.311530520423608 395.09090909090907 51800
233.6890284496653 414.7046332046332 10277 9.312618299341707 395.2181467181467 51900
233.82531260934618 414.3622350674374 10277 9.313790619827715 395.33718689788054 52000
233.92581250590786 413.9807692307692 10276 9.315824538965408 395.50192307692305 52100
234.10736208157172 413.4932821497121 10275 9.320162222337371 395.6295585412668 52200
234.30415222580461 413.17432950191574 10274 9.321929007816465 395.823754789272 52300
234.469487066686 413.2810707456979 10272 9.321520172444174 396.0172084130019 52400
234.5624431039229 413.49045801526717 10271 9.319902164883263 396.29007633587787 52500
234.65499305401525 413.5961904761905 10270 9.316551828587784 396.6857142857143 52600
234.74308768743828 413.33079847908743 10268 9.31395613977335 397.1368821292776 52700
234.7911869964166 413.2011385199241 10267 9.310288200952057 397.59962049335866 52800
234.80290099410857 412.9337121212121 10264 9.305589299610638 397.780303030303 52900
234.7813350685821 412.54442344045367 10263 9.301384180104911 398.04158790170135 53000
234.735064328437 412.0566037735849 10261 9.297904479495548 398.20943396226414 53100
234.69933490720084 411.6421845574388 10259 9.294884780747806 398.33709981167607 53200
234.63305299351848 411.11654135338347 10257 9.29339063642309 398.49436090225566 53300
234.55198272537086 410.60787992495307 10254 9.290051279719696 398.6923076923077 53400
234.47332080994204 410.0468164794008 10251 9.286015856227964 398.7771535580524 53500
234.40001540623686 409.5214953271028 10249 9.281228910702305 398.86355140186913 53600
234.33728477584373 408.9776119402985 10247 9.276217733807783 398.98320895522386 53700
234.27272157295485 408.5959031657356 10244 9.26948283014722 399.13035381750467 53800
234.22985920192232 408.1747211895911 10242 9.264513056635517 399.1598513011152 53900
234.20008492741349 407.8181818181818 10240 9.260238977335126 399.1317254174397 54000
234.1837098883825 407.42962962962963 10239 9.25645739000336 399.02037037037036 54100
234.17108215322776 407.1460258780037 10238 9.254329489389482 398.86321626617377 54200
234.17028510890827 407.01660516605165 10237 9.253860246789133 398.6660516605166 54300
234.19874503598913 406.9410681399632 10237 9.254313542835561 398.4732965009208 54400
234.22994917611803 406.7297794117647 10236 9.25603292083111 398.3125 54500
234.27636827039223 406.5559633027523 10236 9.258020540635613 398.22201834862386 54600
234.3598976677518 406.38461538461536 10237 9.259379477374376 398.15201465201466 54700
234.45295657592996 406.8281535648994 10237 9.261855995857639 398.1334552102377 54800
234.53903967573427 407.2700729927007 10239 9.262974871777606 398.21715328467155 54900
234.6925554194005 407.78142076502735 10240 9.264216164259695 398.2969034608379 55000
234.8303661825967 407.7581818181818 10242 9.267200608283511 398.3618181818182 55100
235.00806605153844 407.55172413793105 10243 9.271626527965287 398.44283121597095 55200
235.19390008776102 407.4438405797101 10245 9.276946648989504 398.5054347826087 55300
235.39247342055393 407.33092224231467 10248 9.279282418975022 398.6057866184448 55400
235.56563390731208 407.3014440433213 10251 9.280901892204733 398.63718411552344 55500
235.69056201200547 407.17297297297296 10252 9.28256527912446 398.6900900900901 55600
235.84125511671195 407.1348920863309 10254 9.283535885137226 398.818345323741 55700
236.0015599050522 407.3572710951526 10255 9.28649509931439 398.9120287253142 55800
236.13539737900436 408.02508960573476 10256 9.287122103861075 399.0268817204301 55900
236.26007153467927 408.42754919499106 10255 9.286981157938841 399.15026833631487 56000
236.36466389028314 408.90535714285716 10255 9.28721869158538 399.2446428571429 56100
236.41844219497355 408.8948306595365 10256 9.288192157969958 399.2655971479501 56200
236.49738517534388 408.70106761565836 10257 9.288711389005597 399.2473309608541 56300
236.5687751732826 408.49023090586144 10257 9.289456721055913 399.2380106571936 56400
236.58898683987704 408.34929078014187 10257 9.289910617907683 399.24645390070924 56500
236.57966344755724 407.99646017699115 10257 9.289551407118005 399.2867256637168 56600
236.60969935273874 407.934628975265 10256 9.287909090144298 399.321554770318 56700
236.62188577702383 407.84479717813053 10255 9.286645456072488 399.363315696649 56800
236.65526062174902 407.7271126760563 10254 9.286067441771891 399.3978873239437 56900
236.70339492465854 407.4885764499121 10253 9.284592470012429 399.4991212653779 57000
236.77278637115077 407.3578947368421 10252 9.281272407543538 399.6438596491228 57100
236.82521249707486 407.17162872154114 10251 9.279393354874168 399.7513134851138 57200
236.90678320769152 407.09615384615387 10251 9.277406403454558 399.8618881118881 57300
237.02548715118903 407.0087260034904 10249 9.274917149399291 399.92321116928446 57400
237.10373957690595 407.0365853658537 10249 9.274400326612124 399.87282229965155 57500
237.19187796473366 406.99478260869563 10249 9.272961036497387 399.7321739130435 57600
237.2847293618053 406.8385416666667 10249 9.272336179625448 399.55555555555554 57700
237.34622559651262 406.58752166377815 10249 9.273360963306576 399.3639514731369 57800
237.41058830714223 406.42560553633217 10248 9.274618124269713 399.2231833910035 57900
237.49912167055376 406.2901554404145 10248 9.274744562892662 399.13126079447323 58000
237.55857831312 406.17758620689654 10247 9.272891555025605 399.1189655172414 58100
237.6186785264951 406.0843373493976 10247 9.271427408153311 399.10499139414804 58200
237.68474420593907 405.9931271477663 10247 9.271440539354838 399.106529209622 58300
237.76002188691805 406.2006861063465 10248 9.270598424887467 399.10463121783874 58400
237.85470747562874 406.4006849315069 10248 9.27131739366416 399.06335616438355 58500
237.9329813626947 406.47008547008545 10249 9.272263859657897 399.0068376068376 58600
238.03955243915357 406.27474402730377 10249 9.27494967874748 398.9112627986348 58700
238.2138704410112 406.0391822827939 10250 9.27705848766413 398.82623509369677 58800
238.36795564917716 406.00850340136054 10251 9.27774873994577 398.80272108843536 58900
238.46578345371347 406.0390492359932 10251 9.277552497878226 398.7945670628183 59000
238.54597545738605 405.95762711864404 10252 9.278378181580726 398.864406779661 59100
238.62462608284292 405.9052453468697 10252 9.277484140664345 398.9035532994924 59200
238.72692902175905 405.7567567567568 10253 9.278408998534845 398.9341216216216 59300
238.84815042298135 405.6509274873524 10253 9.278059959028763 398.9696458684654 59400
239.00833902255786 405.3956228956229 10253 9.277209230600647 398.989898989899 59500
239.16063918337562 405.31596638655463 10252 9.275348732340742 398.9865546218487 59600
239.3539444985524 405.0520134228188 10252 9.274704362568066 398.9479865771812 59700
239.48484584581655 404.7772194304858 10251 9.272609061330614 398.86934673366835 59800
239.5557930028758 404.628762541806 10251 9.269291803517167 398.81939799331104 59900
239.63296069667402 404.440734557596 10250 9.266442401507955 398.7612687813022 60000
239.71571406304153 404.3183333333333 10250 9.263445139349415 398.745 60100
239.81845891655516 404.0499168053245 10249 9.261130489243229 398.69883527454243 60200
239.89944063236834 404.27242524916943 10248 9.25975289404817 398.6578073089701 60300
239.98442933505623 404.3598673300166 10247 9.259058294042964 398.6467661691542 60400
240.0176444091747 404.38907284768214 10246 9.257688691208154 398.6572847682119 60500
240.07358822417157 404.10247933884295 10245 9.256608489514697 398.6727272727273 60600
240.13280869319135 404.0907590759076 10244 9.255910015659612 398.6996699669967 60700
240.193314687024 403.92421746293246 10244 9.255557061213167 398.7479406919275 60800
240.2640721131757 404.2269736842105 10244 9.255334105520381 398.80263157894734 60900
240.33687016573927 404.51395730706076 10244 9.256137630554115 398.83579638752053 61000
240.40995254929823 404.95245901639345 10243 9.256729243088609 398.87377049180327 61100
240.4926103805079 404.97054009819965 10244 9.259136024568454 398.8036006546645 61200
240.56110015016782 404.75 10246 9.260688583883834 398.65849673202615 61300
240.60679641313078 404.54975530179445 10247 9.263414733309501 398.5057096247961 61400
240.66957887342326 404.36156351791533 10247 9.265909912156642 398.3876221498371 61500
240.7212696122631 404.1333333333333 10248 9.26658618576585 398.28943089430896 61600
240.77622416167878 404.02435064935065 10249 9.26674059476243 398.262987012987 61700
240.84527685294972 403.90599675850893 10249 9.26758418219807 398.2544570502431 61800
240.93246184369175 403.8268608414239 10250 9.267502963949122 398.24919093851133 61900
241.0057902974663 403.7754442649435 10251 9.268355874420052 398.22617124394185 62000
241.10524370449434 403.6951612903226 10251 9.270037737705037 398.18870967741935 62100
241.23412504450414 403.6360708534622 10251 9.269483612404267 398.1272141706924 62200
241.35934114479423 403.45659163987136 10252 9.270132476247792 398.05627009646304 62300
241.48733549870812 403.207062600321 10252 9.270577158968615 397.9935794542536 62400
241.6211395796986 403.09294871794873 10252 9.270536623487684 397.95352564102564 62500
241.76933816637285 403.2784 10253 9.269337098223437 397.9008 62600
241.9266925204067 403.40575079872207 10253 9.268352631971466 397.8402555910543 62700
242.04728315517065 403.66188197767144 10253 9.268184271629684 397.7496012759171 62800
242.13677111742317 403.8009554140127 10253 9.268515491700642 397.687898089172 62900
242.22924426905433 403.9316375198728 10253 9.26736595124556 397.6406995230525 63000
242.31731890778067 403.9095238095238 10254 9.267951661856861 397.55873015873016 63100
242.42847040843893 403.73534072900156 10254 9.26994021274572 397.4516640253566 63200
242.52825329248233 403.628164556962 10254 9.272074876363286 397.34335443037975 63300
242.65409864539006 403.71248025276464 10255 9.27231646423633 397.31437598736176 63400
242.81366467660067 403.8470031545741 10255 9.271886942999364 397.29179810725554 63500
242.95053919473017 403.86141732283465 10255 9.271650823749777 397.2220472440945 63600
243.14656534426098 403.83490566037733 10256 9.272442253272184 397.12893081761007 63700
243.32254396859247 403.70486656200944 10256 9.272720993847894 397.07378335949767 63800
243.47405755843124 403.564263322884 10255 9.273338463554508 397.01253918495297 63900
243.60739535034367 403.37089201877933 10255 9.273888794597458 396.9561815336463 64000
243.709226897093 403.0828125 10255 9.27222537823962 396.9578125 64100
243.76999624221835 402.7238689547582 10255 9.269794895144527 396.9516380655226 64200
243.81765044366392 402.3348909657321 10255 9.268299145789978 396.9143302180685 64300
243.8808083553831 402.25505443234835 10254 9.266399009681296 396.8973561430793 64400
243.89828672130088 402.1599378881988 10252 9.263409979254202 396.82142857142856 64500
243.93361379311267 402.1937984496124 10251 9.262018419067044 396.70232558139537 64600
243.98479134627053 402.29256965944273 10250 9.259991116487035 396.57275541795667 64700
244.035053671349 402.60123647604325 10249 9.258712045877985 396.45749613601237 64800
244.06697684150106 402.9861111111111 10248 9.258227065011575 396.33641975308643 64900
244.0747506155 403.1864406779661 10247 9.258137346883668 396.2449922958398 65000
244.1138175285295 403.05692307692306 10246 9.258346273109908 396.1984615384615 65100
244.18541324114602 402.78033794162826 10245 9.257100531401678 396.16282642089095 65200
244.29020041064962 402.5766871165644 10243 9.255364180893393 396.1058282208589 65300
244.3790763895444 402.50382848392036 10243 9.254892518167756 396.0842266462481 65400
244.4071440811142 402.4418960244648 10242 9.253939439313323 396.1085626911315 65500
244.4884510782175 402.51908396946567 10240 9.253434305700749 396.11908396946563 65600
244.56352107146543 402.5503048780488 10239 9.251953538896405 396.1692073170732 65700
244.637968408454 402.5007610350076 10239 9.25160907540591 396.20395738203956 65800
244.73482747004135 402.2537993920973 10238 9.251708564912484 396.22340425531917 65900
244.7859840710074 401.98482549317146 10237 9.25353052604673 396.22003034901365 66000
244.85426977007336 401.81969696969696 10236 9.254964570704233 396.1848484848485 66100
244.9628709299196 402.01059001512857 10236 9.25573763103117 396.1497730711044 66200
245.1250562358197 402.2009063444109 10236 9.255942414591283 396.14954682779455 66300
245.28154957856432 402.7224736048265 10235 9.255490799696167 396.1779788838612 66400
245.4284089182122 402.97439759036143 10235 9.254456366942078 396.1490963855422 66500
245.56502928560462 403.23007518796993 10235 9.253023931491718 396.1744360902256 66600
245.69736140629195 403.37987987987987 10235 9.250680513715166 396.1861861861862 66700
245.85635858636473 403.28935532233885 10235 9.248205730336283 396.16191904047975 66800
245.99699560212574 403.3053892215569 10235 9.247519005716335 396.05838323353294 66900
246.10630215938968 403.304932735426 10235 9.248589435249848 395.9372197309417 67000
246.22229615229108 403.4820895522388 10235 9.250742151153817 395.8313432835821 67100
246.34069180511588 403.48733233979135 10236 9.252697080883841 395.7600596125186 67200
246.46067809585995 403.48511904761904 10237 9.254243166576972 395.69940476190476 67300
246.54727966666283 403.44279346210993 10237 9.256772555243469 395.6627043090639 67400
246.63292417964396 403.6186943620178 10238 9.2580916365166 395.66765578635017 67500
246.7421655570322 403.7481481481482 10238 9.260010302965258 395.717037037037 67600
246.8464726816693 403.801775147929 10239 9.26066117529815 395.80029585798815 67700
246.9141461204212 403.7045790251108 10240 9.260607746377351 395.91137370753324 67800
247.01546916480518 403.5117994100295 10240 9.260530645473157 395.9513274336283 67900
247.11830939130857 403.62150220913105 10241 9.260267172730282 395.99705449189986 68000
247.21166200664297 403.74264705882354 10241 9.260129524927248 396.0338235294118 68100
247.2955019478474 403.8663729809104 10242 9.260132131736318 396.0587371512482 68200
247.37932650065682 403.9046920821114 10243 9.261840149138465 396.0542521994135 68300
247.42288657054766 403.78770131771597 10244 9.26423862622611 395.9970717423133 68400
247.47063670152215 403.58187134502924 10244 9.268018979111744 395.9605263157895 68500
247.49216385975075 403.4277372262774 10243 9.271354179987418 395.97080291970804 68600
247.51162232638623 403.1399416909621 10243 9.274247847737305 396.02186588921285 68700
247.5385415847283 403.2096069868996 10243 9.277334440159965 396.08733624454146 68800
247.6016795741056 403.3619186046512 10242 9.279353818396167 396.1468023255814 68900
247.64846214442107 403.55732946298986 10241 9.280548608358675 396.2597968069666 69000
247.68348394622853 403.47391304347826 10241 9.282895639361053 396.3420289855072 69100
247.70159925540312 403.2966714905933 10240 9.285994549324702 396.4298118668596 69200
247.72890862455367 403.29624277456645 10240 9.287104461903791 396.521676300578 69300
247.77183448029052 403.3809523809524 10240 9.286086122635297 396.6031746031746 69400
247.852620850081 403.51729106628244 10239 9.286188509860812 396.6599423631124 69500
247.95071771992792 403.53381294964026 10239 9.28678057591656 396.6978417266187 69600
248.02131598449296 403.41235632183907 10239 9.287700186106754 396.6896551724138 69700
248.05604215080567 403.25107604017217 10239 9.286985370465583 396.7101865136298 69800
248.09875012704234 403.0573065902579 10238 9.28804560206524 396.65042979942695 69900
248.1270677957637 402.82260371959944 10238 9.28910280009809 396.5379113018598 70000
248.14958560297202 402.61285714285714 10237 9.29015697756513 396.50142857142856 70100
248.1960284144837 402.3880171184023 10236 9.29105985908512 396.4778887303852 70200
248.23016075079983 402.18518518518516 10235 9.294091618315353 396.494301994302 70300
248.27639788087697 401.977240398293 10235 9.294966439497111 396.4864864864865 70400
248.32479620302422 401.7244318181818 10234 9.296170829700747 396.47585227272725 70500
248.38366121012538 401.45106382978724 10233 9.295676074511174 396.5049645390071 70600
248.44334942487268 401.1954674220963 10232 9.295257269873057 396.5354107648725 70700
248.49559264241086 400.9151343705799 10231 9.294494667738832 396.5968882602546 70800
248.58887974635505 400.795197740113 10230 9.292027329292335 396.638418079096 70900
248.721842873033 400.73906911142456 10229 9.291477839440569 396.58110014104375 71000
248.8279534219803 400.70704225352114 10227 9.291223801795036 396.512676056338 71100
248.91156573613276 400.5893108298172 10226 9.291439301995668 396.47257383966246 71200
248.98169992907515 400.42977528089887 10225 9.292310545540452 396.41011235955057 71300
249.03823125222277 400.14866760168303 10224 9.293378909507512 396.3169705469846 71400
249.08132151544345 399.81652661064425 10223 9.295521977437843 396.19187675070026 71500
249.13452855925235 399.5762237762238 10221 9.29773103760926 396.0699300699301 71600
249.1905211278948 399.29748603351953 10220 9.298552243263037 395.9762569832402 71700
249.24445437407658 399.0516039051604 10219 9.29781706380441 395.955369595537 71800
249.27895860499902 398.9568245125348 10218 9.298516482935604 395.9623955431755 71900
249.31858984494292 398.83310152990265 10217 9.296953873084512 395.98887343532687 72000
249.38268587362558 398.78472222222223 10216 9.293856251964487 396.01944444444445 72100
249.4192264372418 398.68377253814145 10216 9.291087897024765 395.99861303744797 72200
249.469240774534 398.612188365651 10215 9.288468661710326 395.94875346260386 72300
249.51260720156267 398.48409405255876 10215 9.286206687384986 395.8893499308437 72400
249.56931890886594 398.310773480663 10215 9.283767175385837 395.8204419889503 72500
249.58930740086714 398.1393103448276 10214 9.281587777493861 395.75586206896554 72600
249.61061319604522 397.90909090909093 10213 9.28051121030723 395.69283746556476 72700
249.6586499662384 397.6767537826685 10212 9.279674762690718 395.6726272352132 72800
249.7140700070935 397.4381868131868 10211 9.279383721272419 395.66483516483515 72900
249.76692923507414 397.278463648834 10211 9.279662699186572 395.6666666666667 73000
249.83708495054736 397.0109589041096 10210 9.279941700055266 395.6972602739726 73100
249.91920830450945 396.80437756497946 10210 9.279081032409216 395.7455540355677 73200
250.0234349248492 396.67896174863387 10210 9.279515039459953 395.78551912568304 73300
250.1378444239008 396.55525238744883 10210 9.279956967476874 395.86766712141883 73400
250.23237635783994 396.31607629427793 10211 9.282052641660396 395.94550408719346 73500
250.33281255184443 396.2122448979592 10212 9.28349944697168 396.02721088435374 73600
250.42760141744154 396.11277173913044 10212 9.28425062114205 396.1630434782609 73700
250.52707499218283 396.4572591587517 10213 9.284626676620515 396.3202170963365 73800
250.6851254649084 396.81165311653115 10214 9.285759553285219 396.44579945799455 73900
250.83691164987516 397.1353179972936 10216 9.286772710531952 396.5588633288227 74000
251.03276121761706 397.13378378378377 10218 9.286781265582958 396.64864864864865 74100
251.22897839021752 397.1336032388664 10220 9.2865803880781 396.7044534412955 74200
251.47596395763682 397.11590296495956 10222 9.287373406423008 396.70754716981133 74300
251.68792795125722 397.20188425302825 10224 9.288180161532575 396.69313593539704 74400
251.92545994799187 397.52016129032256 10226 9.290085675230705 396.6505376344086 74500
252.14959746942245 398.0 10228 9.290961141025438 396.66040268456373 74600
252.3729158720665 398.4008042895442 10230 9.292358422784563 396.6876675603217 74700
252.58689897153204 398.5408299866131 10232 9.292803726100782 396.6921017402945 74800
252.80922144860062 398.54545454545456 10234 9.293674903531723 396.6711229946524 74900
253.0230589577739 398.4712950600801 10236 9.295054407101004 396.6622162883845 75000
253.24512273630643 398.604 10238 9.294345849709718 396.68533333333335 75100
253.47086431379861 398.9267643142477 10239 9.295232206767361 396.6897470039947 75200
253.699967057911 399.22074468085106 10241 9.296967270322192 396.655585106383 75300
253.92068458664346 399.42363877822044 10243 9.298822396856984 396.62549800796813 75400
254.1896805362278 399.5875331564987 10244 9.301424581430407 396.59946949602124 75500
254.4393522963632 399.4781456953642 10246 9.303584043152775 396.59735099337746 75600
254.66846062981068 399.265873015873 10248 9.305698930694094 396.64021164021165 75700
254.87166067259167 399.09379128137385 10249 9.30652174773224 396.6763540290621 75800
255.05898973466375 398.89973614775727 10249 9.30696546197383 396.7810026385224 75900
255.2428650929096 398.8484848484849 10250 9.306254627189233 396.87088274044794 76000
255.4054969755062 398.7368421052632 10250 9.305223670143889 396.98552631578946 76100
255.55182740500547 398.7582128777924 10250 9.304089158704956 397.1090670170828 76200
255.71431968173195 398.75853018372703 10250 9.30323229995429 397.2020997375328 76300
255.8609045378453 398.6788990825688 10251 9.302019384459957 397.20314547837484 76400
255.97326918813621 398.6086387434555 10250 9.301711331164414 397.10078534031413 76500
256.09438054447867 398.54640522875815 10251 9.299956393049781 397.0091503267974 76600
256.2010905876645 398.3642297650131 10251 9.298818814767172 396.9308093994778 76700
256.30319083496585 398.16297262059976 10251 9.298142388672298 396.8617992177314 76800
256.42110054637413 397.99609375 10251 9.297628982116535 396.7734375 76900
256.50511864367365 397.9115734720416 10250 9.298100205806891 396.69960988296486 77000
256.5874274989569 397.84025974025974 10250 9.298537238506642 396.64935064935065 77100
256.65782892670296 397.8054474708171 10250 9.298286558765252 396.6121919584955 77200
256.75949037811495 397.6256476683938 10250 9.298838179713787 396.60492227979273 77300
256.9201709893165 397.47347994825355 10250 9.299416348578148 396.6235446313066 77400
257.1136869291616 397.57751937984494 10250 9.300098738575976 396.68992248062017 77500
257.31348539706886 398.2245161290323 10251 9.301069748692584 396.7638709677419 77600
257.53272901091935 398.8582474226804 10252 9.303071650375385 396.85180412371136 77700
257.74133752008294 399.2522522522523 10253 9.3051151992049 396.9305019305019 77800
257.9568862604289 399.2776349614396 10255 9.305746537375969 397.0064267352185 77900
258.1459275436372 399.26700898587933 10256 9.305877039134675 397.05263157894734 78000
258.3293694392404 399.1653846153846 10256 9.307210727348803 397.0948717948718 78100
258.5231087263222 398.96927016645327 10257 9.308417883907895 397.14596670934696 78200
258.72324106026696 398.7736572890026 10257 9.30870048477848 397.1994884910486 78300
258.9735115295748 398.6500638569604 10257 9.308643588812476 397.25159642401024 78400
259.1288847038966 398.75 10257 9.30886215566348 397.2755102040816 78500
259.37540182312677 398.67133757961784 10256 9.310935159557879 397.3133757961783 78600
259.55119686310564 398.676844783715 10256 9.312669228112483 397.40712468193385 78700
259.70898332275993 399.0749682337992 10256 9.314015382871242 397.5146124523507 78800
259.8267207631322 399.4733502538071 10256 9.315330084162015 397.6586294416244 78900
259.9349504133728 399.8263624841572 10256 9.316529798582476 397.766793409379 79000
260.05339381882135 399.67721518987344 10256 9.316611346155096 397.8151898734177 79100
260.2022855875158 399.6434892541087 10256 9.316271280038109 397.8103666245259 79200
260.30545227484697 399.9406565656566 10256 9.314530407209778 397.7828282828283 79300
260.3937050739083 400.2295081967213 10256 9.313130093496593 397.7578814627995 79400
260.52558106330986 400.51385390428214 10256 9.31168190106917 397.7468513853904 79500
260.66647350687697 400.48301886792456 10257 9.310870561151683 397.73333333333335 79600
260.81145034525184 400.4070351758794 10258 9.310223636285093 397.7248743718593 79700
260.9628787779502 400.37139272271014 10259 9.310029573448544 397.7264742785445 79800
261.09709041549877 400.32706766917295 10260 9.31061912010447 397.7268170426065 79900
