0.0 2342.0 5681 0.0 0.0 0
0.0 2292.0 3475 0.0 0.0 100
0.026794915836482306 2270.0 2892 0.0 0.0 200
0.16300324487875936 2244.0 2669 0.0 0.0 300
0.4922166068435404 2233.2 2605 0.0 0.0 400
1.0379938200834289 2225.0 2625 0.0 0.0 500
1.8028222803467753 2228.5714285714284 2685 0.0 0.0 600
2.6935121323510813 2228.75 2780 0.041666666666666664 0.75 700
3.6460596405505004 2232.6666666666665 2875 0.2794612794612794 9.555555555555555 800
4.896556815508903 2242.4 2976 0.5515151515151515 21.4 900
6.372538281478683 2245.2727272727275 3095 0.9710743801652892 34.90909090909091 1000
7.894559039604533 2259.0 3224 1.3484848484848484 54.083333333333336 1100
9.7177853153956 2284.923076923077 3351 1.7282717282717281 73.92307692307692 1200
11.718827921578955 2300.8571428571427 3495 2.122680890538033 92.0 1300
13.942467000981413 2315.3333333333335 3654 2.6408179539758483 105.0 1400
16.437059612281892 2320.75 3801 3.278398410799726 118.625 1500
18.984402560727805 2323.764705882353 3948 3.8973161513409185 135.47058823529412 1600
21.807481465803008 2325.8888888888887 4092 4.490322396901345 154.77777777777777 1700
25.31042178116217 2334.6315789473683 4232 5.04346332338022 175.3684210526316 1800
29.14078481151759 2342.4 4382 5.530420591993819 199.6 1900
33.52599629614535 2346.8571428571427 4539 5.968019611422685 223.66666666666666 2000
37.98134301727847 2346.818181818182 4688 6.368823914799576 248.5909090909091 2100
42.962084954626754 2340.9565217391305 4844 6.793781881236862 272.2608695652174 2200
48.309066996559174 2333.5833333333335 4989 7.2220171599948495 297.0 2300
53.5381575794834 2324.96 5134 7.565636473595056 316.56 2400
59.286223820751374 2321.3076923076924 5269 7.946445327174732 336.4230769230769 2500
64.94406810992581 2312.074074074074 5395 8.239616573039271 355.48148148148147 2600
70.9325284059798 2299.214285714286 5522 8.495344552573581 368.42857142857144 2700
76.44630873573809 2282.8275862068967 5648 8.802401636967595 379.37931034482756 2800
82.0729049188607 2270.6 5763 9.14769792648803 388.93333333333334 2900
87.58841941427369 2256.967741935484 5874 9.395208084359798 398.5483870967742 3000
92.26174300148028 2246.1875 5983 9.566724110793322 409.78125 3100
96.2052265474219 2227.6363636363635 6096 9.790531893871735 419.6363636363636 3200
99.37307439186786 2208.0588235294117 6204 9.986843199318736 427.61764705882354 3300
102.932118173288 2186.5714285714284 6306 10.254814926724961 434.8285714285714 3400
106.07905685193924 2173.0555555555557 6413 10.572939986348455 441.4166666666667 3500
109.75169337173433 2155.2432432432433 6508 10.858613423010851 447.3783783783784 3600
113.95117614708215 2136.9473684210525 6609 11.084822160682815 454.55263157894734 3700
118.48789222233202 2126.871794871795 6717 11.302926953765542 462.20512820512823 3800
123.1744751890028 2111.55 6824 11.475455820737729 471.3 3900
128.19989083501468 2097.4146341463415 6926 11.665727526199756 481.6585365853659 4000
132.56949411074493 2073.5238095238096 7028 11.760458881396058 494.54761904761904 4100
136.43950225730927 2051.860465116279 7127 11.885926245911396 506.27906976744185 4200
140.04856694228508 2043.4545454545455 7214 12.029823179057678 516.6363636363636 4300
143.77091642857667 2036.7555555555555 7296 12.23399135961968 524.0 4400
147.693277794307 2030.0 7380 12.428904590932296 530.7608695652174 4500
151.67484558392985 2023.7021276595744 7463 12.61126832304012 536.7234042553191 4600
155.64620480637413 2011.5833333333333 7544 12.832908566310117 541.4583333333334 4700
159.7227485426488 1999.1020408163265 7626 13.064357637272732 546.4285714285714 4800
163.825171447902 1980.68 7706 13.259592223657712 549.52 4900
167.65794040190357 1963.764705882353 7783 13.441593683324555 552.5490196078431 5000
171.8170604967979 1949.3461538461538 7860 13.620601497106776 557.9807692307693 5100
176.42619195920273 1933.811320754717 7934 13.800506290662414 562.2641509433962 5200
180.91387081462142 1920.5925925925926 8004 13.927657408736568 566.4444444444445 5300
184.7395365452582 1907.0181818181818 8073 14.033215152820146 570.5454545454545 5400
188.83293226712317 1899.607142857143 8143 14.147881765350956 573.8571428571429 5500
193.68836756220497 1891.6491228070176 8215 14.280959863034857 577.1228070175439 5600
198.80529262860273 1892.7931034482758 8277 14.427073581871419 580.5172413793103 5700
202.96805562567025 1884.949152542373 8338 14.532348569845471 584.9322033898305 5800
207.5432813747696 1867.9333333333334 8399 14.653910876290075 588.7333333333333 5900
212.90296411569844 1853.049180327869 8462 14.757199967736886 590.9016393442623 6000
218.7723737172852 1841.2903225806451 8520 14.849311018360208 593.5806451612904 6100
224.4979722502418 1836.984126984127 8578 14.926438356693113 596.4444444444445 6200
229.94645147488853 1830.84375 8637 15.032587757369784 598.5 6300
234.3081298475293 1819.2615384615385 8701 15.121829996999992 600.6461538461539 6400
238.57441794795946 1800.090909090909 8753 15.229268420643127 603.1515151515151 6500
243.47750104263935 1783.2835820895523 8800 15.35670384511808 606.0597014925373 6600
248.24282457636096 1775.764705882353 8842 15.477126649534792 608.1470588235294 6700
252.35651346589984 1773.5942028985507 8881 15.57423753545136 610.1304347826087 6800
256.7685915971269 1769.7428571428572 8925 15.707592583646212 611.8142857142857 6900
261.0144672195989 1756.619718309859 8973 15.838471561341334 614.0 7000
264.6119020731452 1746.75 9019 15.940582736745986 616.3194444444445 7100
268.01833499196954 1740.6301369863013 9059 16.02422559826874 619.0 7200
271.92939309637245 1731.2972972972973 9102 16.096409761245333 622.5405405405405 7300
276.2184373398181 1721.0933333333332 9140 16.173883987684544 625.36 7400
280.2269613831475 1709.7894736842106 9170 16.26645528160424 627.5921052631579 7500
283.8061531764316 1697.5324675324675 9199 16.39224652408186 629.987012987013 7600
287.0969224997779 1691.1025641025642 9229 16.5239698592432 633.3076923076923 7700
290.5431826750078 1690.1772151898733 9263 16.61739760665483 637.2278481012659 7800
293.61706400268133 1688.425 9294 16.735338031308487 641.6125 7900
296.8684213289244 1685.7777777777778 9326 16.839222746971345 645.8395061728395 8000
300.31480836622814 1676.878048780488 9356 16.924169762847068 650.890243902439 8100
303.56234679518053 1671.8072289156626 9390 16.98477669889163 655.9156626506024 8200
307.3185641163083 1662.7619047619048 9421 17.059296553005353 659.6428571428571 8300
311.40801907890733 1653.6 9446 17.13132621922668 663.1411764705882 8400
315.55293404728036 1642.6511627906978 9470 17.211775914351954 666.9069767441861 8500
319.3515461800735 1634.2528735632184 9497 17.301606386911438 669.8735632183908 8600
323.63940385452656 1630.0227272727273 9528 17.391852260278846 672.3863636363636 8700
328.4216919704328 1622.808988764045 9555 17.452758414657733 674.5842696629213 8800
332.6479903167616 1615.8666666666666 9586 17.496934114812333 676.7777777777778 8900
335.8439386872961 1603.8021978021977 9611 17.52718758607813 678.021978021978 9000
338.5064799723967 1595.0652173913043 9629 17.55202793840337 679.9673913043479 9100
341.1501292916899 1585.6774193548388 9639 17.556844842291504 681.2150537634409 9200
343.6440125468794 1575.531914893617 9649 17.563686918437337 682.0851063829788 9300
345.5344374148069 1564.2315789473685 9660 17.55233072439956 683.6315789473684 9400
347.9237007418836 1554.0208333333333 9664 17.536160612687066 685.7083333333334 9500
349.51210152563436 1543.7319587628865 9669 17.507301659002284 687.2371134020618 9600
350.44837597095585 1535.6734693877552 9676 17.464710145475053 688.3673469387755 9700
351.6518134114693 1532.141414141414 9683 17.449410042995503 688.6868686868687 9800
352.0957024290628 1528.4 9689 17.41735496695579 688.04 9900
352.6201723342863 1525.1683168316831 9695 17.395778137957173 687.1386138613861 10000
353.0482519987135 1526.9411764705883 9701 17.36989360283559 685.843137254902 10100
353.54487056955054 1528.6019417475727 9707 17.352895098138617 684.8349514563107 10200
354.3786207054528 1530.9423076923076 9716 17.357806071845328 683.8557692307693 10300
355.38129716657056 1524.5142857142857 9726 17.362593300839936 682.0666666666667 10400
355.49182715043145 1517.2830188679245 9735 17.372037103319148 681.1132075471698 10500
356.16806888466016 1508.03738317757 9740 17.373752229040985 681.0654205607476 10600
357.02218866602817 1498.7407407407406 9746 17.383338698300708 681.0 10700
357.5717062477855 1490.2385321100917 9749 17.395112349386633 680.8440366972477 10800
357.79791053335566 1481.8363636363636 9752 17.4178840553013 680.8545454545455 10900
357.98112928869097 1474.0900900900901 9756 17.451056271019304 680.927927927928 11000
358.15460910915255 1466.875 9764 17.506902932465035 681.8571428571429 11100
358.558327234572 1459.575221238938 9770 17.553840170326502 683.2212389380531 11200
359.3181398839952 1454.0 9774 17.562766384371255 684.1491228070175 11300
360.0239978265578 1446.208695652174 9778 17.580566294920732 684.9565217391304 11400
360.6270597536485 1438.6206896551723 9778 17.5956763555967 685.9913793103449 11500
361.16655431068864 1430.7179487179487 9781 17.60661074571981 687.6068376068376 11600
361.9611790157129 1431.0677966101696 9785 17.605707264823877 689.9491525423729 11700
362.88560632162444 1430.9243697478992 9788 17.602173465835318 691.8991596638656 11800
363.8737332084878 1432.4833333333333 9792 17.609014327979 693.9083333333333 11900
365.0629688644549 1431.388429752066 9798 17.611933748003494 695.7107438016529 12000
366.17900708607283 1428.0 9802 17.616632530275478 697.0737704918033 12100
367.2623233937369 1423.4634146341464 9808 17.625771621417474 698.1382113821138 12200
368.15791377418435 1415.8548387096773 9814 17.64367792968148 698.8145161290323 12300
369.52449409400833 1410.96 9818 17.64000998772551 699.912 12400
370.9973315957638 1411.5714285714287 9821 17.649277307725246 700.5714285714286 12500
372.51654595182026 1409.4488188976377 9828 17.66635529599656 700.9291338582677 12600
373.90887360212173 1407.90625 9836 17.691327091325018 701.34375 12700
375.1074276926848 1402.1705426356589 9849 17.714616433050505 701.6744186046511 12800
375.9819341011508 1395.753846153846 9864 17.745871520317635 701.6 12900
376.9671069540917 1388.6564885496184 9874 17.791837706120287 701.8167938931298 13000
377.9874902280384 1382.2575757575758 9881 17.849854087134524 702.8409090909091 13100
379.206645740534 1375.8045112781954 9891 17.884327233913183 704.4962406015038 13200
380.7177528552797 1370.1194029850747 9904 17.9105635978392 706.1716417910447 13300
382.4043545850844 1365.2148148148149 9915 17.930107716431824 708.1259259259259 13400
384.05329789478384 1363.1176470588234 9927 17.94477257367782 710.2720588235294 13500
386.02842591768155 1360.0 9940 17.969880915363497 711.7372262773723 13600
388.67263644101877 1356.695652173913 9950 17.98572860978186 713.2753623188406 13700
391.29608707102074 1357.8561151079136 9961 18.007101222223213 714.8992805755396 13800
393.92659457629344 1357.2857142857142 9971 18.029967165873998 716.1785714285714 13900
396.16628900321285 1369.2056737588653 9983 18.058123427108935 717.7375886524823 14000
398.69969994009483 1376.0985915492959 9993 18.094150114548153 718.9154929577464 14100
400.84529899763646 1376.1958041958042 10008 18.113862655553138 719.5804195804196 14200
402.7308372809264 1374.9166666666667 10021 18.14694728142074 719.8125 14300
404.5545225768591 1375.489655172414 10032 18.18337227553902 720.0896551724138 14400
406.47172720039856 1374.6438356164383 10042 18.22903410926821 720.1301369863014 14500
408.6870059873395 1373.3469387755101 10054 18.259116617305143 720.4285714285714 14600
410.72814515591176 1369.7837837837837 10061 18.28101447799903 720.6148648648649 14700
412.8923357988164 1364.5503355704698 10069 18.305248554602333 720.5436241610738 14800
414.83830622752777 1363.7866666666666 10077 18.322642135666893 720.4666666666667 14900
416.45623448932145 1363.0993377483444 10084 18.331342278055615 720.1986754966888 15000
417.9539318219269 1366.75 10088 18.354162394647357 719.6513157894736 15100
418.91895315802634 1369.764705882353 10090 18.380605777688874 719.3267973856209 15200
419.8079739692109 1379.7532467532467 10092 18.408004441470116 719.5649350649351 15300
420.2974522725908 1384.2451612903226 10094 18.430748498836977 720.2451612903226 15400
420.8224284130658 1385.8974358974358 10098 18.453227675126485 720.9551282051282 15500
421.5579300908136 1381.4904458598726 10101 18.473195876521334 722.0063694267516 15600
422.3058124570764 1380.5949367088608 10104 18.494028218330396 723.0253164556962 15700
422.9130733315836 1379.861635220126 10105 18.507919252823303 723.9496855345911 15800
423.70292898999895 1378.625 10105 18.518596108844505 725.16875 15900
424.58699731808673 1374.4968944099378 10109 18.52812427946626 726.3975155279503 16000
425.7027343555292 1369.469135802469 10113 18.54370765785812 727.679012345679 16100
426.882924938839 1363.9631901840492 10112 18.568463729702067 729.3067484662577 16200
427.9302916439592 1360.6829268292684 10115 18.583784567210472 731.25 16300
429.0182711708457 1356.7272727272727 10117 18.59364360811095 733.4121212121212 16400
429.9375297441918 1353.3253012048192 10119 18.607431013731826 735.2831325301205 16500
431.0669146737785 1349.9880239520958 10122 18.631011992963703 736.6287425149701 16600
432.02233033545133 1347.7261904761904 10123 18.64676655120664 738.0654761904761 16700
432.72876854783937 1345.3727810650887 10123 18.668298786322072 739.1479289940828 16800
433.8068117468953 1343.164705882353 10127 18.689804818898555 739.7470588235294 16900
435.0586840918153 1340.374269005848 10128 18.716180229314354 740.6081871345029 17000
436.33646798224777 1336.2674418604652 10129 18.73785618405348 741.6918604651163 17100
437.7367468886114 1335.4566473988439 10131 18.75506097902592 742.7109826589596 17200
439.3929494886085 1334.7701149425288 10133 18.771057533965205 743.8333333333334 17300
441.2180450653412 1334.6285714285714 10135 18.778080062342546 744.9771428571429 17400
443.16435931729995 1334.875 10139 18.769224563096973 746.7613636363636 17500
444.83891291636013 1336.8587570621469 10147 18.759084079544785 747.9774011299435 17600
445.94928543747534 1334.0112359550562 10152 18.764840819456243 748.8651685393259 17700
446.7384073877545 1329.8882681564246 10154 18.758333328844756 749.7374301675977 17800
447.3224817878204 1326.5666666666666 10156 18.754662371326784 750.4611111111111 17900
448.0336808591843 1324.9502762430939 10158 18.754965473195277 750.9060773480663 18000
449.25828406240197 1323.5714285714287 10161 18.771146981584312 750.8681318681319 18100
450.3694821157865 1321.5300546448088 10163 18.79452869206746 750.8633879781421 18200
451.5006054543871 1319.1630434782608 10166 18.815482340480134 750.9782608695652 18300
452.4854187055017 1316.2594594594595 10170 18.826320343074904 751.3189189189189 18400
453.283510825909 1313.47311827957 10175 18.829745581198942 752.0698924731183 18500
454.17609325684765 1309.475935828877 10178 18.833395043983717 752.7005347593583 18600
454.82222550022834 1306.6382978723404 10181 18.83856250677519 753.3882978723404 18700
455.46822495364887 1304.2645502645503 10183 18.842783676773013 754.2433862433862 18800
456.00426023697145 1303.0631578947368 10184 18.84348873208498 755.0473684210526 18900
456.5864538812542 1301.8324607329844 10184 18.855028681380972 755.4397905759163 19000
457.0682103008346 1300.2395833333333 10186 18.858327344983273 755.7135416666666 19100
457.53120215105696 1296.4455958549222 10187 18.863255824074155 755.7616580310881 19200
458.19987591216767 1293.659793814433 10188 18.87540147547131 755.9690721649484 19300
459.1916915130108 1291.5794871794872 10188 18.883033449256768 756.1743589743589 19400
459.9131347976554 1289.061224489796 10188 18.89420761906519 756.9387755102041 19500
460.53021524515236 1286.1116751269035 10189 18.911181667892755 757.5076142131979 19600
460.9627850714525 1284.5656565656566 10189 18.91757861794268 758.1767676767677 19700
461.54429798520175 1282.2713567839196 10188 18.932611343023826 758.4673366834171 19800
462.5513823378122 1280.53 10190 18.93645892460658 758.795 19900
463.83911543346244 1278.0597014925372 10194 18.936669195649607 758.9800995024875 20000
465.0936216897942 1274.5049504950496 10199 18.938782894501024 758.8019801980198 20100
466.24107828150306 1271.960591133005 10203 18.94659090745328 758.4137931034483 20200
467.17130570159406 1270.049019607843 10206 18.963066894709357 758.0294117647059 20300
468.153722444729 1268.370731707317 10208 18.97379725472382 757.7317073170732 20400
469.0220303751459 1267.514563106796 10210 18.980165784000476 757.5873786407767 20500
469.8362579336299 1266.5990338164252 10212 18.98118177630229 757.792270531401 20600
470.9164027004238 1265.7788461538462 10214 18.983676094685453 758.0961538461538 20700
471.9119723656563 1262.5071770334928 10217 18.985768805388293 758.2631578947369 20800
472.8155022524273 1260.2571428571428 10217 18.97863834485322 758.2857142857143 20900
473.48354779724474 1258.6161137440758 10218 18.978739584925005 758.303317535545 21000
474.10021821988227 1256.4433962264152 10218 18.96930108583469 758.2169811320755 21100
474.73408479165994 1255.0610328638497 10218 18.955147303528165 758.075117370892 21200
475.38759952345634 1253.9719626168223 10217 18.94384561223062 757.3691588785047 21300
476.01690834062777 1251.5906976744186 10216 18.932965638047182 756.7395348837209 21400
476.7056991795016 1247.537037037037 10216 18.92578039148656 756.2916666666666 21500
477.1934935352786 1243.2811059907833 10217 18.926015247682685 755.9861751152074 21600
477.6391994522849 1239.4587155963302 10216 18.93033016244867 755.5366972477065 21700
478.01483743535704 1236.958904109589 10215 18.941585955484108 755.2785388127854 21800
478.2753121271647 1234.7454545454545 10216 18.94573173994366 755.3590909090909 21900
478.512504616593 1232.1176470588234 10217 18.942960706429588 755.6968325791855 22000
478.83934484947014 1229.054054054054 10219 18.939532136498904 756.2252252252252 22100
479.03968891767585 1227.1838565022422 10221 18.941497363589843 756.8878923766816 22200
479.29646631333924 1226.080357142857 10223 18.942993338505428 757.7946428571429 22300
479.8014754130726 1227.7155555555555 10224 18.938802257000958 758.7866666666666 22400
480.3491763578297 1228.0176991150443 10228 18.93114531486084 759.7477876106195 22500
481.002712106735 1228.625550660793 10231 18.92600681515816 760.1409691629956 22600
481.761211466809 1227.0263157894738 10236 18.927673988990712 760.5745614035088 22700
482.2728009388446 1225.4235807860262 10240 18.933909279674403 761.1615720524018 22800
482.80227914789265 1224.4173913043478 10243 18.94242974811615 761.5739130434782 22900
483.3579573961948 1222.1991341991343 10247 18.952089848961872 761.7012987012987 23000
483.91860832246306 1220.3189655172414 10250 18.96789570141914 761.6551724137931 23100
484.3776450371653 1218.3347639484978 10251 18.97651249993707 761.8583690987125 23200
484.80796435789216 1215.6153846153845 10251 18.983077918795544 762.5213675213676 23300
485.48455240289934 1213.5489361702128 10253 18.971660565949602 763.2085106382979 23400
486.25445395904507 1211.7711864406779 10256 18.96471850140462 763.8728813559322 23500
486.86569547083394 1210.691983122363 10256 18.95344408969755 764.3713080168776 23600
487.60292898871813 1209.9495798319329 10258 18.94678432903761 764.9747899159664 23700
488.3349762390859 1206.8033472803347 10258 18.9491555808555 765.0376569037657 23800
489.06086492633193 1203.7416666666666 10258 18.9497840992686 765.1125 23900
489.760151923895 1202.4813278008298 10255 18.944459960544112 765.6307053941908 24000
490.3246381502548 1201.8512396694214 10254 18.934358886326986 766.2809917355372 24100
490.9568075245658 1202.0 10251 18.922641181122923 766.7489711934156 24200
491.6085188009993 1202.295081967213 10251 18.91558117628226 767.2704918032787 24300
492.33536542485064 1202.930612244898 10252 18.90935963820693 767.734693877551 24400
492.9903113756905 1201.3495934959349 10252 18.906181995671403 768.2357723577236 24500
493.72722863606975 1198.672064777328 10254 18.909506249645492 768.8785425101214 24600
494.3406226700209 1195.8629032258063 10257 18.90945968889561 769.2620967741935 24700
495.0080429599996 1192.9076305220883 10260 18.910250545481265 769.4056224899598 24800
495.43468653162074 1190.32 10261 18.912870412864557 769.4 24900
495.9326380088814 1188.3027888446215 10262 18.916839418825614 769.6254980079681 25000
496.2916656085414 1186.5396825396826 10263 18.928056682019122 769.3492063492064 25100
496.75321995942437 1185.0197628458498 10263 18.931239593684396 769.296442687747 25200
497.3092403261234 1183.4094488188975 10263 18.92945621288078 769.4763779527559 25300
497.77499083925204 1183.921568627451 10264 18.92634604591405 769.5725490196079 25400
498.18949856542207 1183.8515625 10266 18.922727506672196 769.5703125 25500
498.62022569866446 1184.4747081712062 10268 18.914921822469836 769.6731517509728 25600
499.14563376960825 1183.031007751938 10269 18.910715874452677 769.7364341085271 25700
499.6896463471885 1181.2586872586874 10271 18.909405884865716 769.7142857142857 25800
500.24723876088837 1179.7846153846153 10272 18.903689235012678 769.5653846153846 25900
500.9562701285867 1178.2375478927204 10272 18.902829296499295 769.3448275862069 26000
501.6699657160749 1177.0992366412213 10275 18.90122109873205 769.1603053435115 26100
502.4161084768922 1176.4410646387832 10279 18.904667757321253 769.0380228136883 26200
503.2720836499454 1175.3030303030303 10282 18.904893582915815 769.0340909090909 26300
504.1991830720257 1174.9509433962264 10285 18.90692962390272 769.011320754717 26400
504.8663694347457 1173.7744360902257 10288 18.911333765814923 769.093984962406 26500
505.5978360988478 1171.3632958801497 10292 18.91379553991667 769.3558052434457 26600
506.22502148505595 1168.7611940298507 10296 18.91459209658591 769.5559701492538 26700
506.83869289804437 1167.8364312267659 10299 18.918076333594335 769.7509293680297 26800
507.4157472451595 1167.0222222222221 10301 18.917331536551668 769.9925925925926 26900
508.05539983835087 1165.129151291513 10304 18.91842730842523 770.140221402214 27000
508.65398257530273 1162.8970588235295 10306 18.919997261502544 770.2389705882352 27100
509.1488925011224 1160.7692307692307 10307 18.91379972638876 769.8937728937728 27200
509.5453441106903 1159.3722627737227 10310 18.907066754822527 769.8284671532847 27300
509.94601979758505 1158.050909090909 10311 18.90976514046687 769.6145454545455 27400
510.2633725211066 1156.4710144927535 10313 18.910030668390746 769.5036231884058 27500
510.8167082668584 1155.1985559566788 10316 18.91257220059049 769.1588447653429 27600
511.42737302213186 1154.388489208633 10319 18.922847950837397 768.9172661870504 27700
511.9331568320074 1153.0824372759857 10321 18.930149571085288 768.820788530466 27800
512.5192213119205 1152.05 10324 18.93616826767207 768.7107142857143 27900
513.2027979453983 1152.1138790035586 10327 18.93853065817858 768.7580071174377 28000
513.7588527241013 1151.8652482269504 10330 18.942688744891104 768.8156028368794 28100
514.491371719405 1151.1024734982332 10332 18.94380736861679 768.886925795053 28200
515.3618266848576 1149.7957746478874 10334 18.941973810709953 769.0105633802817 28300
516.1737385527688 1148.961403508772 10335 18.93920845051043 769.0912280701755 28400
516.9926142606655 1148.1118881118882 10338 18.940348652160562 768.979020979021 28500
517.6771578662207 1147.8675958188153 10340 18.939441513999725 768.7003484320558 28600
518.462012843702 1148.9722222222222 10342 18.936874008742784 768.5555555555555 28700
519.3843139835283 1151.8615916955018 10345 18.942671139847338 768.4325259515571 28800
520.3442188267885 1154.751724137931 10349 18.950572420583004 768.2620689655172 28900
521.379076038282 1157.2233676975945 10354 18.96380069405179 768.2233676975945 29000
522.2607749327501 1158.027397260274 10359 18.98009665818936 768.3424657534247 29100
523.0905335608184 1158.0 10362 18.99586424638667 768.5597269624574 29200
523.6719219995066 1156.7551020408164 10365 19.006460324157842 768.9013605442177 29300
524.248606528664 1155.7627118644068 10367 19.00850998784243 769.2237288135593 29400
524.6887892264955 1156.1554054054054 10369 18.999235149690044 769.847972972973 29500
525.0479879909893 1155.7575757575758 10371 18.989136714842605 770.3198653198654 29600
525.6404995856163 1154.8389261744967 10371 18.977305432692617 770.7181208053692 29700
525.794443894704 1153.2775919732442 10371 18.968107998895224 770.8963210702341 29800
526.2662272318336 1152.5933333333332 10371 18.956785734137004 770.9233333333333 29900
526.6973983620212 1151.8006644518273 10372 18.94987963130096 770.5913621262458 30000
526.8873710460417 1150.7152317880796 10371 18.938583544900826 770.3278145695364 30100
526.7947394701363 1148.4422442244224 10370 18.9297314878431 769.8877887788778 30200
526.8041568696451 1146.3881578947369 10368 18.91611624503578 769.6217105263158 30300
527.0175184995726 1144.9114754098362 10365 18.90735488829476 769.2754098360656 30400
527.1080442728628 1143.2810457516339 10361 18.89937371636919 769.0718954248366 30500
526.9559382053535 1140.9771986970684 10358 18.88607993168454 769.0684039087948 30600
526.7394899503558 1139.3181818181818 10355 18.878101007973132 769.2467532467532 30700
526.5420888371635 1139.527508090615 10351 18.87065659622493 769.5404530744337 30800
526.5521857290163 1140.3612903225805 10346 18.86569748892528 769.8064516129032 30900
526.5218831006372 1140.7459807073956 10344 18.8631934986771 770.2122186495177 31000
526.5546887212288 1139.3974358974358 10342 18.857526974948126 770.6442307692307 31100
526.5444929463428 1138.2108626198083 10340 18.855395822282087 771.1022364217253 31200
526.508626888966 1137.1974522292994 10338 18.856601703590712 771.3535031847134 31300
526.5864983189297 1136.5142857142857 10336 18.85820519700046 771.8793650793651 31400
526.7211832065383 1135.867088607595 10334 18.856606260226627 772.4430379746835 31500
527.0005253126201 1135.0662460567823 10333 18.855723978891287 773.0788643533123 31600
527.3054350992339 1132.874213836478 10332 18.856855935795753 773.4905660377359 31700
527.7442191345745 1131.3542319749217 10333 18.859455994021484 773.7774294670846 31800
528.3936544504886 1130.1125 10331 18.8651035273735 773.953125 31900
529.2197649073753 1129.0031152647975 10331 18.868639030403486 774.0809968847352 32000
530.03493938026 1127.7577639751553 10332 18.877920098188394 774.0341614906832 32100
530.6364636321083 1127.046439628483 10334 18.8863246569946 773.8792569659443 32200
531.5059671973694 1125.8641975308642 10336 18.89267999615651 773.8765432098766 32300
532.3684976599282 1125.12 10338 18.903518194136407 773.9753846153847 32400
533.0785443091102 1124.239263803681 10341 18.917433782497955 774.1411042944785 32500
533.6731637881933 1123.7737003058105 10343 18.923867552569043 774.4648318042813 32600
534.5895182482681 1122.1951219512196 10345 18.930521563014636 775.0121951219512 32700
535.5846879613647 1120.8449848024316 10347 18.935757245876264 775.5896656534954 32800
536.47646226631 1119.709090909091 10350 18.93948727442411 776.1545454545454 32900
537.4248508211011 1118.785498489426 10351 18.94333403781693 776.6404833836858 33000
538.3171055453221 1118.6746987951808 10353 18.944508734490174 777.2138554216867 33100
539.0402018377624 1118.06006006006 10353 18.943461394989757 777.9219219219219 33200
539.7495885434655 1117.4790419161677 10353 18.940147841992413 778.685628742515 33300
540.3424471425935 1115.7313432835822 10354 18.937828789646534 779.3820895522388 33400
540.9832291491579 1115.1666666666667 10355 18.931823346820206 780.2410714285714 33500
541.4401796539255 1115.6676557863502 10355 18.928939598016584 780.9643916913947 33600
541.8991538528005 1116.1597633136096 10354 18.926300833043268 781.3698224852071 33700
542.210732746652 1116.3244837758111 10354 18.927501518884835 781.7109144542773 33800
542.6594718457256 1116.1764705882354 10355 18.927875177519134 782.1529411764706 33900
543.1384256589166 1115.9648093841643 10356 18.926515677626952 782.6392961876833 34000
543.696358838259 1115.2748538011697 10358 18.930978585554005 783.1052631578947 34100
544.2363822109157 1116.0 10360 18.92999203746957 783.5539358600583 34200
544.7616222539422 1116.3488372093022 10362 18.931856678556663 783.7877906976744 34300
545.1824691932726 1115.1130434782608 10366 18.93398656258017 783.831884057971 34400
545.6298554865108 1113.300578034682 10369 18.935254084132275 783.6329479768787 34500
545.9954377950477 1111.9538904899136 10371 18.93919959923877 783.4178674351585 34600
546.3758681864637 1110.6091954022988 10371 18.941888680850152 783.1149425287356 34700
546.6359262679175 1109.461318051576 10373 18.94121244495356 782.6819484240688 34800
546.8095276976551 1108.0514285714285 10373 18.936394414998794 782.2628571428571 34900
547.0967746541221 1106.6837606837607 10374 18.929624060540107 781.982905982906 35000
547.2976566869827 1105.6136363636363 10375 18.926519261202998 781.7926136363636 35100
547.4735472409069 1104.3909348441925 10374 18.9217565523012 781.8328611898017 35200
547.5579249375702 1103.90395480226 10375 18.917660342021275 782.0536723163842 35300
547.6333565721202 1103.6732394366197 10374 18.914051055526468 782.2169014084507 35400
547.7536747594517 1103.370786516854 10375 18.911583817409014 782.2696629213483 35500
547.9349413585282 1102.4705882352941 10377 18.908833791481825 782.140056022409 35600
548.205541621453 1101.2793296089385 10379 18.908094221663745 781.9189944134079 35700
548.4491054666887 1099.983286908078 10380 18.913465445660123 781.6072423398329 35800
548.7444159011876 1098.911111111111 10383 18.91475945926892 781.3805555555556 35900
548.9795928989735 1098.9030470914126 10384 18.915605939944218 781.2216066481994 36000
549.2449281892257 1099.1933701657458 10386 18.91870195568018 781.2734806629834 36100
549.50756170747 1098.8815426997246 10387 18.929333018550974 781.3581267217631 36200
549.920812370849 1098.1538461538462 10390 18.93898991807266 781.5686813186813 36300
550.4011688423221 1097.7369863013698 10392 18.94927298046783 781.8684931506849 36400
551.1200651822464 1097.655737704918 10395 18.958822629276508 782.0983606557377 36500
551.7311213847285 1097.8256130790191 10396 18.969519612261085 782.4114441416893 36600
552.3029345045999 1097.4728260869565 10399 18.977200043660773 782.9673913043479 36700
552.9848402656648 1097.040650406504 10401 18.98484990804109 783.4444444444445 36800
553.8989977789162 1096.0972972972972 10403 18.99247921182393 783.8891891891892 36900
554.688959148052 1095.7574123989218 10406 18.99810595249287 784.377358490566 37000
555.4883644322448 1095.6827956989248 10409 19.00343252745051 784.9811827956989 37100
556.4565640687223 1095.4155495978553 10411 19.011903929001907 785.5093833780161 37200
557.5610436967062 1094.2941176470588 10413 19.018467465733632 786.0935828877006 37300
558.495720388917 1093.3333333333333 10414 19.022388589528713 786.648 37400
559.5433930489714 1093.936170212766 10416 19.021706591808716 787.1728723404256 37500
560.3250993103228 1094.159151193634 10417 19.022251860072544 787.4084880636605 37600
561.1290685521151 1094.7037037037037 10417 19.025191229049423 787.7142857142857 37700
561.8408345354079 1093.6675461741424 10417 19.02481795649318 788.0131926121372 37800
562.404934792905 1093.4263157894736 10417 19.01498656421001 788.3605263157895 37900
562.8320789812564 1092.8661417322835 10418 19.00547558726412 788.6167979002624 38000
563.1110213810103 1093.6335078534032 10417 19.00272710550572 788.6780104712042 38100
563.5443250070663 1093.472584856397 10418 19.00124422170204 788.6083550913838 38200
563.9358417098091 1093.1614583333333 10418 19.0003729259858 788.8255208333334 38300
564.3312271809358 1092.0311688311688 10418 18.998016173595747 788.8831168831168 38400
564.6650025598209 1091.3834196891191 10418 18.998563547046487 788.720207253886 38500
565.0175405314694 1090.5839793281655 10418 18.99711770943201 788.4961240310078 38600
565.4586534512596 1090.7422680412371 10419 18.998909436192 788.3067010309278 38700
565.7830529137642 1091.4807197943444 10420 19.00134397734818 788.0231362467866 38800
565.9555584253975 1092.9333333333334 10421 19.000435553876855 787.6666666666666 38900
566.200351906771 1093.2173913043478 10421 19.00778738110479 787.4373401534527 39000
566.3421772015857 1093.5867346938776 10421 19.01031853574483 787.3622448979592 39100
566.3743604690584 1094.3409669211196 10420 19.004200831089143 787.4223918575063 39200
566.4147662373416 1096.51269035533 10420 18.992992796731347 787.1954314720812 39300
566.4161245238251 1097.554430379747 10418 18.981798963249567 786.9113924050633 39400
566.4112340173596 1098.419191919192 10417 18.96837691199557 786.3257575757576 39500
566.3183656697087 1097.536523929471 10415 18.95970673284564 785.7657430730478 39600
566.2075679306025 1096.608040201005 10414 18.94658395739945 785.3869346733668 39700
566.2919117862273 1095.513784461153 10413 18.93521471542666 785.092731829574 39800
566.4611604743733 1094.495 10412 18.9232255158474 784.8775 39900
566.5533205577046 1093.3167082294265 10411 18.911355290885492 784.6309226932668 40000
566.597432905928 1091.8805970149253 10409 18.901625551355924 784.3482587064676 40100
566.6402609063714 1090.5508684863523 10408 18.890241183958505 784.106699751861 40200
566.655437944307 1089.4752475247524 10407 18.882795916030826 783.9381188118812 40300
566.7799840795553 1089.520987654321 10405 18.87271493846038 783.9481481481481 40400
566.9127311778213 1089.3103448275863 10405 18.86456449862091 784.0689655172414 40500
567.1120255360472 1088.7420147420148 10404 18.859336679472612 784.027027027027 40600
567.3140384283902 1088.2549019607843 10403 18.856131746772757 783.9509803921569 40700
567.4133094620504 1087.7848410757947 10401 18.85534832999755 783.8044009779951 40800
567.4774620450148 1087.219512195122 10400 18.85523045003136 783.8146341463415 40900
567.5562558118924 1087.109489051095 10400 18.858015777403544 783.8418491484185 41000
567.8037539095193 1087.509708737864 10400 18.85739868470331 784.0218446601941 41100
568.0323834593925 1087.72397094431 10399 18.85560204046767 784.3317191283293 41200
568.1042822967847 1087.5265700483092 10398 18.854082265235476 784.4082125603865 41300
568.1942609782208 1086.4867469879518 10398 18.854063160611183 784.4361445783132 41400
568.2479921457295 1085.0576923076924 10398 18.850760124167405 784.2692307692307 41500
568.2788765305762 1083.8848920863309 10397 18.853203301849 784.0239808153477 41600
568.2116246483984 1083.0095693779904 10396 18.853395000488913 783.9138755980862 41700
568.183284058695 1082.7398568019094 10396 18.857130584380734 783.9880668257756 41800
568.2071316694494 1082.9857142857143 10396 18.855292431520255 784.1809523809524 41900
568.2390394711978 1082.6698337292162 10396 18.857445904989103 784.3681710213776 42000
568.265490220331 1082.5781990521327 10398 18.857032352676967 784.3104265402843 42100
568.3550115170804 1081.8912529550828 10398 18.855928833882075 784.1985815602837 42200
568.4112619658459 1081.5330188679245 10400 18.849631941612607 784.252358490566 42300
568.6098675564976 1080.9458823529412 10401 18.845279866455872 784.0376470588235 42400
568.8048128401833 1080.8638497652582 10401 18.84228960519994 783.8638497652582 42500
569.0952947663237 1080.2622950819673 10401 18.837640549583885 783.8149882903981 42600
569.449191644989 1079.4345794392523 10400 18.83232854494491 783.7219626168225 42700
569.772233060483 1078.032634032634 10399 18.82895392219356 783.6363636363636 42800
569.9116726399762 1076.679069767442 10398 18.82616932922885 783.7186046511628 42900
570.1615177052163 1075.9489559164733 10397 18.821932277420895 783.8097447795824 43000
570.2854263328502 1075.0833333333333 10396 18.818486446531804 784.3032407407408 43100
570.4693785596311 1074.4896073903003 10396 18.813846809956726 784.8683602771363 43200
570.6165807599282 1073.3548387096773 10394 18.80909140256051 785.1336405529954 43300
570.8172150128943 1072.2574712643677 10393 18.804637847317373 785.4620689655172 43400
570.9997066560495 1072.440366972477 10392 18.800619484316524 785.8050458715596 43500
571.2211623401266 1075.446224256293 10391 18.797528821881016 786.0114416475973 43600
571.3922289068937 1078.0639269406392 10390 18.79233768193108 786.1438356164383 43700
571.4990972205654 1079.626423690205 10390 18.78782102162947 786.3416856492028 43800
571.5791655685915 1079.7727272727273 10390 18.782704576957254 786.4386363636364 43900
571.8273861200753 1079.9002267573696 10390 18.777603961892346 786.4603174603175 44000
572.144953369541 1079.6787330316743 10390 18.77150447929318 786.3868778280543 44100
572.3920051027198 1078.3837471783295 10389 18.764307704697334 786.3544018058691 44200
572.5940558290423 1077.2972972972973 10388 18.753487191848915 786.2837837837837 44300
572.9229994259999 1076.6516853932585 10387 18.746682704217967 786.1483146067416 44400
573.1120341156458 1077.0269058295964 10386 18.737849374262005 786.067264573991 44500
573.2214286385961 1077.4854586129754 10384 18.730685761088516 786.0201342281879 44600
573.3878472049709 1077.9151785714287 10383 18.722435307958005 785.9598214285714 44700
573.6730168732149 1077.621380846325 10384 18.71604202631857 785.804008908686 44800
574.0336043924533 1077.7911111111111 10383 18.711599668775804 785.74 44900
574.2417927788053 1077.9645232815965 10383 18.705239441694044 785.7361419068736 45000
574.4103344089726 1078.7654867256638 10383 18.699172458334022 785.75 45100
574.5701709087072 1079.98233995585 10383 18.69444041219102 785.7262693156733 45200
574.8166024248538 1080.1145374449338 10385 18.689947251491358 785.6916299559472 45300
575.1949480172472 1080.378021978022 10388 18.689869445344225 785.5032967032967 45400
575.5528390228466 1079.2061403508771 10389 18.685107710855572 785.4232456140351 45500
575.8218144954905 1077.8730853391685 10390 18.68088366111876 785.3457330415755 45600
575.9688516162298 1076.6724890829694 10391 18.67788199908352 785.259825327511 45700
576.1539487157811 1075.3333333333333 10391 18.676227283065774 785.2461873638345 45800
576.3005900881917 1074.0782608695652 10391 18.677172682691957 785.304347826087 45900
576.3777190505929 1073.765726681128 10391 18.68050368762635 785.1453362255966 46000
576.4785668613142 1073.2987012987012 10392 18.683744540635338 784.8441558441558 46100
576.5360265505493 1072.8941684665226 10391 18.687874130571007 784.5313174946004 46200
576.5966475661253 1072.3189655172414 10392 18.690438089385307 784.3254310344828 46300
576.6739293319711 1071.6430107526883 10392 18.690471302855318 784.1806451612903 46400
576.7651990240025 1071.2489270386266 10393 18.692165570445756 784.0643776824035 46500
576.8881818572321 1070.6852248394005 10392 18.695322960373428 783.9850107066381 46600
577.0295756956154 1069.8675213675215 10393 18.69671719782339 783.9807692307693 46700
577.2280570551842 1069.3773987206823 10393 18.696158701897744 783.9936034115138 46800
577.2782420382827 1068.6765957446808 10393 18.699439417932208 783.9659574468085 46900
577.3170708771729 1067.8343949044586 10392 18.696362051864412 783.9065817409767 47000
577.3265886419309 1066.6737288135594 10392 18.694163269096403 783.6970338983051 47100
577.2854129026335 1065.7378435517971 10392 18.6938384853151 783.5369978858351 47200
577.2190000148639 1065.4683544303798 10391 18.688725472203192 783.3691983122363 47300
577.1402370949323 1065.2168421052631 10391 18.68010624930296 783.061052631579 47400
577.0928426563516 1063.9747899159663 10390 18.67121947146829 782.8319327731092 47500
577.0537181570527 1062.6079664570232 10388 18.667339583311147 782.6142557651991 47600
577.0212541017689 1061.2887029288702 10386 18.66358321362178 782.4581589958159 47700
576.9563518373592 1060.0334029227558 10384 18.657127775955406 782.321503131524 47800
576.8783542846032 1058.8083333333334 10383 18.650645123391865 782.1791666666667 47900
576.693174070808 1057.7671517671517 10381 18.645134426669635 782.0540540540541 48000
576.5709412249265 1057.2240663900416 10378 18.643598384093067 781.9792531120332 48100
576.4533030381972 1056.4140786749483 10376 18.64293996382651 781.8861283643893 48200
576.3234221768021 1055.9669421487604 10374 18.64141000320784 781.8305785123966 48300
576.1378092016635 1054.8 10372 18.641736992891946 781.8350515463917 48400
575.9188092847817 1053.9423868312758 10370 18.641932682423576 781.7757201646091 48500
575.7292603011088 1053.7494866529773 10369 18.640418984728175 781.7207392197125 48600
575.5446767447645 1053.9180327868853 10367 18.63725263044643 781.7704918032787 48700
575.3003825996968 1053.8895705521472 10366 18.633709704627037 781.8691206543967 48800
575.1301563143147 1054.6285714285714 10365 18.62950096762051 781.8326530612245 48900
575.0517283307573 1055.0631364562119 10364 18.62521239034187 781.7515274949084 49000
575.0366530929567 1055.5040650406504 10363 18.618657080605406 781.5467479674796 49100
574.9801679916011 1054.6734279918865 10362 18.61537380052304 781.5111561866125 49200
574.9225617290967 1053.6072874493927 10361 18.61329762600729 781.5080971659919 49300
574.9087941377596 1052.569696969697 10359 18.611452580298188 781.4868686868687 49400
575.0077545712588 1051.5 10358 18.61011900654759 781.3810483870968 49500
575.002517144216 1050.9496981891348 10357 18.606783517505 781.3219315895373 49600
575.0048655352263 1050.55421686747 10356 18.60128127483263 781.3253012048193 49700
575.2086074379522 1050.0801603206412 10355 18.598398528185022 781.4829659318638 49800
575.4581184613252 1050.564 10354 18.595656276583195 781.694 49900
575.8598390123627 1050.4950099800399 10353 18.59403342712026 781.814371257485 50000
576.1436277014143 1050.2430278884462 10353 18.593469836849323 781.8804780876494 50100
576.4508980704578 1049.3717693836977 10353 18.59644283695278 781.9204771371769 50200
576.7515397490254 1048.5079365079366 10353 18.59596488599762 781.9305555555555 50300
576.8952142613219 1047.750495049505 10353 18.594881352535857 781.8930693069307 50400
576.9173133712736 1047.2529644268775 10352 18.587439429492672 782.0 50500
576.996163283208 1046.552268244576 10352 18.583322191959155 782.0571992110454 50600
577.0377218672708 1045.8937007874015 10352 18.579877332001228 781.9744094488188 50700
577.1021250964455 1044.7426326129666 10352 18.574305057760736 781.746561886051 50800
577.0910700700991 1043.4745098039216 10352 18.566077750546263 781.6058823529412 50900
577.1838378835135 1043.4011741682975 10351 18.55904321203527 781.4442270058709 51000
577.1310741300555 1043.29296875 10350 18.55714710282059 781.14453125 51100
577.1360052711409 1043.3333333333333 10348 18.55806605862127 780.82261208577 51200
577.1010175294504 1042.2178988326848 10347 18.558493513327804 780.6887159533073 51300
577.002832474608 1041.009708737864 10345 18.56262403909943 780.5631067961165 51400
576.888902417955 1039.9263565891472 10344 18.563524044889984 780.4108527131783 51500
576.7759339834645 1038.8278529980657 10342 18.562213000868372 780.2649903288201 51600
576.6830348746495 1038.015444015444 10342 18.561432463679136 780.1216216216217 51700
576.5172089814821 1037.2215799614644 10340 18.563907842065404 779.9152215799614 51800
576.3671872318596 1036.2346153846154 10339 18.567782918077622 779.7038461538461 51900
576.1401242688665 1035.401151631478 10337 18.56816957422187 779.5489443378119 52000
575.8638801072568 1035.0996168582376 10335 18.566011893936224 779.44061302682 52100
575.6568926701685 1035.5258126195029 10333 18.563994875231014 779.3766730401529 52200
575.464915437779 1035.854961832061 10331 18.558942722161238 779.5229007633587 52300
575.3341192660445 1035.607619047619 10330 18.555897116976166 779.6285714285714 52400
575.2427349459756 1035.1634980988592 10330 18.55337786243965 779.8022813688212 52500
575.1510326080077 1034.148007590133 10329 18.548877749193693 779.9696394686907 52600
575.1478959035987 1033.4848484848485 10329 18.54569412566928 780.1458333333334 52700
575.1476816506378 1032.9829867674857 10329 18.541608910657835 780.3137996219282 52800
575.1137373569807 1032.5320754716981 10329 18.540209648562254 780.4490566037736 52900
575.0939290485273 1031.834274952919 10330 18.539270772890138 780.6817325800376 53000
575.0525124621066 1031.1203007518798 10330 18.54153658130776 780.734962406015 53100
575.0113749924492 1030.6266416510318 10330 18.54182239926219 780.6979362101314 53200
575.0166752859552 1030.681647940075 10330 18.541113490848076 780.689138576779 53300
575.1249322695154 1030.6429906542055 10331 18.54173757778107 780.7757009345794 53400
575.238179887601 1030.0 10332 18.541869121288865 780.9216417910447 53500
575.4729042409457 1029.0577281191806 10333 18.54526852132143 780.9199255121043 53600
575.6829975254915 1028.2490706319702 10333 18.5465784311331 781.0483271375465 53700
575.7949606523459 1027.669758812616 10334 18.548306969979908 781.1243042671614 53800
575.9163958809353 1026.937037037037 10335 18.548217512628096 781.237037037037 53900
576.0410529868269 1026.2292051756008 10335 18.547286323962318 781.3530499075786 54000
576.038935012304 1026.3874538745388 10336 18.54980260585743 781.4575645756457 54100
576.1122698895763 1026.5819521178637 10335 18.5530592894897 781.5801104972376 54200
576.2499493649492 1027.1691176470588 10336 18.556419387084304 781.6746323529412 54300
576.387437591735 1027.394495412844 10337 18.557495419663706 781.6770642201835 54400
576.497843863687 1027.4212454212454 10337 18.562609896917067 781.6996336996338 54500
576.5924768789448 1027.2687385740403 10337 18.56166639002674 781.8464351005484 54600
576.6500485741573 1026.2846715328467 10337 18.5586507413389 782.0237226277372 54700
576.782166294213 1025.2604735883424 10336 18.55957608910817 782.1238615664845 54800
576.9376374909998 1024.3636363636363 10336 18.557668140003663 782.2036363636364 54900
577.1269625388944 1023.4664246823957 10335 18.554768560802206 782.1288566243194 55000
577.2457684381537 1022.4420289855072 10334 18.55553488184745 782.0489130434783 55100
577.3142389486243 1021.5298372513562 10333 18.555816213184276 781.9855334538879 55200
577.4259641490779 1020.9855595667871 10333 18.55350715096676 782.0126353790614 55300
577.5543769084652 1021.2288288288288 10333 18.552274823158516 782.009009009009 55400
577.7152750836079 1021.2230215827338 10332 18.548932382021576 782.0287769784172 55500
577.8232510850556 1020.5996409335727 10331 18.548099660299776 781.9587073608618 55600
577.9154359555556 1019.6989247311828 10331 18.548286173297527 781.9498207885305 55700
577.9364275579092 1019.2701252236136 10331 18.548066577128647 782.0035778175313 55800
577.9601713561011 1019.3821428571429 10331 18.547239862496237 782.3464285714285 55900
578.121918121462 1019.2941176470588 10331 18.54833710106162 782.6007130124777 56000
578.3558820916945 1019.1245551601423 10331 18.549405782679326 782.8683274021353 56100
578.5249429259353 1018.3623445825932 10330 18.549586523368525 783.1545293072824 56200
578.6177511276904 1017.5957446808511 10330 18.550385128823546 783.2925531914893 56300
578.6756856393596 1016.7433628318585 10329 18.551483087369547 783.4530973451327 56400
578.7125954373793 1015.9787985865725 10329 18.5510523616104 783.464664310954 56500
578.7636294190338 1015.1534391534392 10328 18.554350422051265 783.3298059964727 56600
578.8594489150057 1014.5915492957746 10327 18.555575157223707 783.2007042253521 56700
579.0192826943813 1014.3022847100176 10326 18.55468243998363 783.1634446397188 56800
579.1453195588231 1014.519298245614 10325 18.55199572660463 783.2385964912281 56900
579.243558979018 1015.0683012259194 10324 18.544992566819616 783.3800350262698 57000
579.3591464675405 1015.1153846153846 10324 18.538759348760028 783.4370629370629 57100
579.4374298717388 1014.7155322862129 10324 18.531835560317912 783.4537521815008 57200
579.3969143051712 1014.3797909407665 10323 18.5238677864033 783.301393728223 57300
579.3156257288248 1014.2608695652174 10322 18.51766370632109 782.9739130434782 57400
579.2038390056955 1014.0555555555555 10321 18.515028873497617 782.6423611111111 57500
579.0872998560261 1014.0450606585789 10321 18.514362332612194 782.3552859618718 57600
578.8909555361809 1013.8200692041522 10319 18.514074207619707 782.1332179930796 57700
578.7253122756937 1013.8618307426598 10317 18.516640573409656 781.9170984455959 57800
578.5708391434968 1013.6379310344828 10316 18.517861003103636 781.7844827586207 57900
578.4264373253855 1013.2220309810672 10315 18.519121139070755 781.7469879518072 58000
578.2455720803615 1012.7388316151203 10315 18.520130180032357 781.8298969072165 58100
578.1652770597997 1012.2058319039451 10314 18.521739447876783 781.8919382504288 58200
578.096896611763 1011.4794520547945 10314 18.52265911239996 781.9537671232877 58300
578.0420089208858 1011.0974358974358 10314 18.526141746395858 782.0393162393162 58400
578.1304458930351 1010.8430034129693 10314 18.528378253132175 782.1587030716723 58500
578.2687358530757 1010.5996592844974 10315 18.533156711531152 782.2436115843271 58600
578.3038025246072 1010.1802721088435 10316 18.541449116629042 782.3214285714286 58700
578.3750038225867 1009.7453310696095 10317 18.5512825363518 782.3820033955857 58800
578.5592982155183 1009.3084745762712 10318 18.56242986277867 782.4508474576271 58900
578.6536733454412 1009.0016920473773 10318 18.568795166436107 782.6903553299493 59000
578.6435014955457 1008.5405405405405 10318 18.575187304966573 782.777027027027 59100
578.6384034526731 1007.8684654300168 10318 18.57922526392902 782.8161888701518 59200
578.6591118890011 1007.3265993265993 10318 18.57779513676707 782.9410774410775 59300
578.7373746978907 1007.6773109243697 10319 18.575296168622767 783.0974789915966 59400
578.7679528113084 1008.7751677852349 10318 18.570322703761168 783.3859060402684 59500
578.794044832071 1010.214405360134 10317 18.56463785934655 783.6867671691792 59600
578.7379997024375 1010.9331103678929 10318 18.55719049020234 783.8210702341137 59700
578.6018982724619 1010.0834724540902 10317 18.55355307432284 783.8247078464107 59800
578.5105433886271 1009.6433333333333 10316 18.550612942005984 783.7066666666667 59900
578.3517564110961 1009.69384359401 10315 18.544177524181126 783.4841930116472 60000
578.1441823371754 1009.6445182724252 10314 18.535413595873393 783.1594684385382 60100
577.8598667873448 1009.1276948590381 10312 18.528389692729323 782.7462686567164 60200
577.5671382989547 1007.8807947019867 10310 18.522626827422847 782.3758278145696 60300
577.245399917566 1006.8694214876033 10308 18.516769135814307 782.0809917355372 60400
576.9261941324072 1005.7491749174917 10305 18.51114923808377 781.7904290429043 60500
576.6053823147527 1005.1004942339374 10303 18.506868997952267 781.5881383855025 60600
576.3548321616803 1004.7269736842105 10302 18.50344574617092 781.375 60700
576.1435796235519 1004.5254515599344 10300 18.498605203986003 781.2052545155993 60800
575.9879777144877 1004.3311475409836 10299 18.494160333229555 781.0147540983606 60900
575.7417806811485 1004.252045826514 10298 18.491045355746213 780.860883797054 61000
575.4979789334851 1004.3333333333334 10298 18.48824219373369 780.6274509803922 61100
575.2670145800365 1003.8988580750408 10297 18.486698024847776 780.4665579119087 61200
575.0864984760263 1003.7459283387623 10296 18.48557962415584 780.3517915309446 61300
574.945255557182 1003.1544715447154 10295 18.484977681052143 780.2829268292683 61400
574.8854195037978 1002.5487012987013 10295 18.484508688763707 780.2694805194806 61500
574.8226142664631 1001.9481361426256 10295 18.481012358194032 780.3468395461913 61600
574.8180751659387 1001.4595469255663 10295 18.47888068182743 780.4012944983818 61700
574.8093659108457 1002.297253634895 10295 18.47719260683926 780.5379644588045 61800
574.8296874353622 1002.8935483870968 10296 18.47890433092252 780.5677419354839 61900
574.8393262523747 1003.2785829307569 10296 18.480213126954318 780.5813204508856 62000
574.8895601420874 1002.6302250803858 10298 18.480148475624805 780.6077170418007 62100
574.9446179547002 1002.263242375602 10300 18.47748600386847 780.5714285714286 62200
575.0177785849482 1001.9647435897435 10301 18.47563334772674 780.5512820512821 62300
575.0696278263354 1001.5808 10302 18.47131677881482 780.6304 62400
575.1173417397425 1001.4664536741215 10303 18.46574140388935 780.7923322683706 62500
575.1396953611759 1001.4641148325359 10304 18.461182235553228 780.8197767145135 62600
575.2415947999523 1000.9808917197453 10305 18.459222979176182 780.6210191082803 62700
575.398764899319 1000.537360890302 10306 18.457173040132584 780.4848966613672 62800
575.5651415793468 1000.047619047619 10307 18.451529846075733 780.2682539682539 62900
575.7067971201656 999.337559429477 10308 18.445898196848468 780.0855784469097 63000
575.7838971920532 998.7088607594936 10309 18.440192661726872 779.8623417721519 63100
576.0926957367376 998.0631911532386 10309 18.43714307445964 779.6255924170616 63200
576.3801179845609 997.7097791798108 10309 18.436075025446296 779.4526813880126 63300
576.5653433305534 998.1417322834645 10309 18.433950429377468 779.3023622047244 63400
576.6620411417381 999.4842767295597 10310 18.43100104117858 779.2405660377359 63500
576.8114183181107 999.309262166405 10309 18.427768846487965 779.2009419152276 63600
576.8499560201161 999.2852664576802 10309 18.425829516306127 779.2100313479624 63700
576.9001793819457 998.9452269170579 10308 18.422688319334075 779.1956181533646 63800
576.9604996902906 998.590625 10308 18.420465368835117 779.284375 63900
577.1520693495798 998.3432137285491 10307 18.417571066218063 779.3120124804992 64000
577.226649136272 997.7538940809969 10307 18.413360341370815 779.4049844236761 64100
577.2960438664278 997.2255054432349 10307 18.40948010343235 779.5645412130638 64200
577.4831941834932 996.9037267080745 10308 18.404344328141818 779.72049689441 64300
577.7453112187096 996.7627906976744 10308 18.399066274919893 779.9178294573643 64400
577.9246915077676 996.3900928792569 10308 18.39317878019223 780.0866873065015 64500
578.0357463729266 995.6785162287481 10309 18.39071637094927 780.1901081916537 64600
578.1606562846436 994.7901234567901 10310 18.38871049551711 780.2314814814815 64700
578.272824959599 994.0708782742681 10310 18.382808229013825 780.2773497688752 64800
578.3278286405007 993.4584615384615 10310 18.377091088148678 780.2615384615384 64900
578.3962521452759 992.9431643625192 10309 18.370302080038638 780.2273425499232 65000
578.4864124486008 992.2576687116565 10309 18.36441298519946 780.0552147239264 65100
578.4439524316489 991.448698315467 10308 18.35683603831044 779.9142419601837 65200
578.36087251449 990.6391437308869 10307 18.350673491787404 779.7660550458716 65300
578.3293493046037 989.7801526717557 10306 18.34621226726341 779.5893129770992 65400
578.3618502965174 988.890243902439 10305 18.344787804517402 779.4771341463414 65500
578.4476501809311 988.4200913242009 10304 18.344435323151572 779.3911719939117 65600
578.56629379998 988.2948328267477 10303 18.343678056469205 779.4255319148937 65700
578.7585901320939 987.9210925644917 10303 18.34214490817916 779.4764795144158 65800
578.989837212368 987.6757575757575 10303 18.341626506803134 779.5681818181819 65900
579.2068135730716 987.2950075642965 10303 18.34191241563535 779.7443267776097 66000
579.4040143392233 987.0604229607251 10304 18.34201249244754 780.012084592145 66100
579.5792133108574 987.2699849170438 10304 18.342125093011976 780.156862745098 66200
579.6665574232109 987.2469879518072 10305 18.34539092615183 780.2469879518072 66300
579.8020498377446 987.2691729323308 10307 18.34683563520871 780.3248120300752 66400
579.907941174282 987.1801801801802 10308 18.347456002122808 780.4294294294294 66500
580.0449025016022 987.5352323838081 10309 18.34720766955864 780.5532233883058 66600
580.1627219218874 987.9550898203593 10310 18.34522274280143 780.6661676646706 66700
580.2958335660528 988.0777279521674 10311 18.345486593904024 780.6113602391629 66800
580.4686828487801 987.8716417910448 10311 18.344716893366915 780.5522388059702 66900
580.7195273567938 987.7287630402385 10312 18.344076322165204 780.451564828614 67000
580.9258633951509 988.0833333333334 10313 18.344131197252686 780.4479166666666 67100
581.1012752091023 988.3150074294205 10313 18.347530079496547 780.4843982169391 67200
581.2523045968475 988.5994065281899 10313 18.351503537873615 780.4480712166172 67300
581.4125452129306 988.3733333333333 10314 18.35978453481097 780.3540740740741 67400
581.569967693154 988.1213017751479 10314 18.367634952165787 780.3269230769231 67500
581.7226779021984 987.7459379615952 10314 18.36947169686142 780.4446085672083 67600
581.8522716093746 987.4454277286136 10314 18.370835481448733 780.5722713864307 67700
581.9782757615096 987.0751104565537 10314 18.369049118054615 780.6259204712813 67800
582.0631417103042 986.6 10313 18.366521104645717 780.5485294117647 67900
582.1916690415852 985.8502202643172 10313 18.363799077344943 780.4478707782672 68000
582.3089758652435 985.3489736070381 10313 18.3641145440474 780.3621700879766 68100
582.4154074826271 984.7554904831625 10312 18.36519968111013 780.2284040995607 68200
582.5058868243726 984.4298245614035 10312 18.367933737303897 780.0716374269006 68300
582.5985377070144 984.0 10311 18.3724631599287 779.7445255474453 68400
582.6327016204622 983.4110787172011 10311 18.376690950180596 779.3819241982508 68500
582.7169497379612 982.494905385735 10310 18.379215579235805 779.1411935953421 68600
582.7968694309493 981.6947674418604 10310 18.38474261790235 778.9186046511628 68700
582.8817823150712 980.8301886792453 10308 18.390075101083063 778.7358490566038 68800
582.9177122332045 979.9797101449275 10307 18.396536564485093 778.7028985507246 68900
582.9551889196458 979.068017366136 10306 18.401586025731447 778.6931982633864 69000
583.0715408192891 978.7803468208092 10305 18.40381329613192 778.8034682080925 69100
583.1502499824614 980.0894660894661 10303 18.405329504152714 778.994227994228 69200
583.2294947689495 981.5331412103747 10301 18.40474545587584 779.2953890489914 69300
583.2910335193116 982.178417266187 10300 18.402847569300064 779.5093525179856 69400
583.2317870286518 981.2959770114943 10299 18.400605123457904 779.6221264367816 69500
583.2956865279144 980.5308464849354 10297 18.402562226411842 779.5796269727404 69600
583.3144779816166 979.7478510028653 10295 18.403227132486705 779.5071633237823 69700
583.3752978081831 979.0357653791131 10294 18.40235428029184 779.4878397711016 69800
583.3413844866993 978.24 10293 18.397816354822297 779.4028571428571 69900
583.2520617768389 977.5691868758915 10291 18.394607127708642 779.2781740370899 70000
583.1228699265141 976.8774928774928 10289 18.3922135074616 779.1780626780627 70100
582.9425377162995 976.1735419630156 10288 18.391452382781203 779.1009957325747 70200
582.7679313914743 975.4232954545455 10286 18.389691108304973 779.1889204545455 70300
582.6084814160168 974.4794326241134 10284 18.388804604438377 779.1503546099291 70400
582.4809725216705 973.6260623229462 10281 18.386107782739238 779.1883852691218 70500
582.3113933362575 972.7892503536068 10280 18.38503125122193 779.2701555869872 70600
582.1129108656313 972.0847457627119 10277 18.38448742177105 779.3573446327683 70700
581.8855245436648 971.314527503526 10275 18.38658969621143 779.4217207334274 70800
581.6746365237909 970.7408450704226 10273 18.3858037549894 779.5394366197183 70900
581.4761904141117 969.8677918424754 10271 18.38404472739467 779.6300984528833 71000
581.304920109223 969.3820224719101 10270 18.381000024429532 779.748595505618 71100
581.1135982719624 968.8106591865358 10268 18.37809215946917 779.9116409537166 71200
580.9064610750928 968.1988795518207 10267 18.37517342765907 780.1582633053222 71300
580.7440938793883 967.1636363636363 10265 18.37113222606195 780.5846153846154 71400
580.5359396595759 966.2262569832402 10263 18.365933226652153 781.018156424581 71500
580.3085990048854 965.2524407252441 10261 18.362387335696944 781.4114365411436 71600
580.0840919063211 964.1448467966574 10259 18.359021818441022 781.7506963788301 71700
579.8726158295788 963.1321279554937 10257 18.356088547483527 782.0027816411683 71800
579.672727076475 962.2138888888888 10255 18.3514273133898 782.1847222222223 71900
579.4977884526218 961.5173370319002 10253 18.348165971762352 782.3495145631068 72000
579.3462842660616 960.831024930748 10251 18.34814542794181 782.3850415512466 72100
579.2449826634956 960.2766251728907 10249 18.34805907781425 782.3817427385892 72200
579.1543383350776 959.6795580110497 10248 18.347972966222947 782.4198895027624 72300
579.1307216647507 958.9655172413793 10247 18.347364695571866 782.3820689655172 72400
579.0541081639426 958.2314049586777 10247 18.346306269501408 782.4283746556474 72500
578.9604587351769 957.3782668500688 10246 18.34408536310192 782.4030261348006 72600
578.8849026253695 956.7417582417582 10245 18.341614716374384 782.3791208791209 72700
578.8302645376184 956.0246913580247 10244 18.341668677505496 782.2894375857339 72800
578.752974526128 955.4191780821918 10244 18.339313271402364 782.2397260273973 72900
578.7084863059303 955.1381668946649 10243 18.334649686295304 782.2448700410397 73000
578.7042227148255 954.7131147540983 10242 18.331655434186786 782.2513661202186 73100
578.6557052656359 954.2755798090041 10242 18.327332289935065 782.1391541609822 73200
578.5304350825999 953.4059945504088 10241 18.323737680396853 782.0149863760219 73300
578.428335935806 952.7727891156462 10240 18.320143232099472 781.9482993197279 73400
578.3704902027199 952.3125 10239 18.31643503353807 781.7472826086956 73500
578.3414053812473 952.0108548168249 10237 18.3116511293873 781.5875169606513 73600
578.2832931931481 951.5474254742547 10236 18.30828315625333 781.4281842818428 73700
578.3043332684374 951.2178619756428 10235 18.306061753696383 781.2882273342354 73800
578.2880956225399 950.9621621621621 10234 18.30335673487529 781.2067567567567 73900
578.2439574200969 950.8016194331984 10233 18.30237307947749 781.0998650472335 74000
578.1925721225372 950.3207547169811 10232 18.304121902820512 780.9002695417789 74100
578.0611692556641 949.706594885599 10231 18.304894348147116 780.6810228802153 74200
577.9128122722421 949.0698924731183 10230 18.303262647532545 780.5806451612904 74300
577.7823867672481 948.448322147651 10229 18.30094656045905 780.4496644295302 74400
577.6499268236257 947.7882037533512 10228 18.29536400962246 780.3766756032171 74500
577.5275925361018 947.0174029451138 10227 18.292917853125484 780.1941097724231 74600
577.4481885411244 946.5454545454545 10226 18.293584629614177 780.0360962566845 74700
577.4221206294322 945.9679572763685 10226 18.29177232732199 779.950600801068 74800
577.4953344733345 945.36 10225 18.29021663088556 779.8746666666667 74900
577.5173128110506 944.9054593874833 10225 18.288753611885316 779.785619174434 75000
577.5695104931586 944.4893617021277 10225 18.285836702953603 779.7539893617021 75100
577.5835181136891 944.1009296148738 10224 18.2831897523877 779.67197875166 75200
577.5665991622035 943.3580901856764 10223 18.279481515961695 779.5238726790451 75300
577.5431195251884 942.5245033112583 10223 18.274653257452428 779.3973509933775 75400
577.4626636774825 941.7486772486773 10222 18.26861180747322 779.2777777777778 75500
577.3950920211707 941.4874504623514 10221 18.263243929530887 779.1902245706738 75600
577.3166810431242 941.1477572559367 10220 18.259807640158638 779.0580474934037 75700
577.2742610228473 940.5006587615284 10219 18.255073594080258 778.9407114624506 75800
577.1991982451035 939.7078947368421 10218 18.25082434070073 778.7894736842105 75900
577.0815364032379 939.0197109067017 10216 18.24485389751081 778.7240473061761 76000
576.9932943139494 938.9317585301837 10215 18.238463013130875 778.6417322834645 76100
576.9081333098377 938.6736566186107 10214 18.232105597782134 778.6199213630406 76200
576.8683329108445 938.3638743455498 10213 18.225497702326116 778.5824607329843 76300
576.8220933502207 937.5398692810458 10211 18.219032999447258 778.435294117647 76400
576.761339964646 936.7545691906005 10210 18.21412346985703 778.3146214099216 76500
576.6673910840733 935.9713168187744 10209 18.212901139054974 778.1003911342895 76600
576.627649568955 935.2421875 10208 18.21231142403016 777.875 76700
576.6383833049706 934.3927178153446 10207 18.21362765078164 777.6007802340703 76800
576.6639848309719 933.7142857142857 10207 18.2167765731473 777.3857142857142 76900
576.7141368551071 933.1284046692607 10206 18.220836446302116 777.1141374837873 77000
576.8227743851128 932.9378238341969 10205 18.22443639909188 776.9209844559585 77100
576.8673512760909 933.5653298835705 10205 18.227250841007674 776.7956015523932 77200
576.8555813453235 933.5917312661498 10205 18.2299017698532 776.6589147286821 77300
576.7760016503044 933.0270967741935 10204 18.229912342070286 776.5587096774193 77400
576.7066613011699 932.2783505154639 10204 18.227390196362368 776.4201030927835 77500
576.6649830957214 932.0978120978122 10203 18.222578740368196 776.2921492921492 77600
576.62540052637 932.1002570694087 10202 18.219429831026755 776.1683804627249 77700
576.5105591328106 932.0564826700898 10201 18.218909322242858 776.0680359435173 77800
576.4071949927481 931.5974358974358 10200 18.216446454317452 775.9102564102565 77900
576.2867344834879 930.9833546734956 10199 18.215296307536228 775.6696542893726 78000
576.1521697494312 930.3375959079284 10198 18.215199425920094 775.3964194373401 78100
576.0045949485466 929.647509578544 10198 18.21551403516099 775.213282247765 78200
575.8825150849545 928.9566326530612 10197 18.21466516521818 775.0357142857143 78300
575.7789733800945 928.259872611465 10196 18.21383243966982 774.9859872611465 78400
575.7270806517341 927.9923664122138 10195 18.2118254819048 774.9720101781171 78500
575.7450769563484 927.2935196950444 10194 18.208186346714268 774.9606099110547 78600
575.7991291149712 927.4086294416244 10194 18.205754215140605 774.9796954314721 78700
575.7941193181618 927.3967046894803 10193 18.204446431653075 775.0823827629911 78800
575.7831992428053 927.9772151898734 10192 18.204360250899544 775.1924050632912 78900
575.8009252705382 927.8154235145386 10192 18.204908844605537 775.2743362831858 79000
575.9214422846247 927.6818181818181 10191 18.206745543625082 775.3573232323232 79100
575.9989979312594 927.1021437578814 10191 18.20602159345812 775.5132408575032 79200
576.0645047682868 926.6070528967255 10190 18.20665422789121 775.6171284634761 79300
576.146021309943 926.0352201257862 10189 18.20726708741716 775.6314465408805 79400
576.323595470362 925.964824120603 10189 18.208134791055674 775.6293969849246 79500
576.5344496551548 925.4278544542033 10188 18.207769084500605 775.7001254705144 79600
576.6842588254149 925.2105263157895 10188 18.206034448319233 775.7919799498746 79700
576.8484712054332 924.9511889862328 10188 18.20486197813264 775.854818523154 79800
576.9455571528384 924.7225 10188 18.201713743797228 775.83125 79900
