0 2867 0 0 4556539 2788 5849479 79900
345 0 556 0 0 79900
288.1514119456237 658.0348960018135 5606 2.4493778292442263 349.12675170091757
0 2911 0 0 4554607 2831 5836280 79900
294 0 629 0 0 79900
316.3642727438307 665.7919560406049 5584 2.3844673453561485 329.5364373789791
0 2944 0 0 4586606 2875 5954588 79900
290 0 650 0 0 79900
278.22971151145634 667.5865453273467 5744 2.3942208533935845 324.41006262720924
0 2921 0 0 4571243 2840 5900722 79900
386 0 725 0 0 79900
279.95312314506964 717.4427385675564 5658 2.4709865300604745 345.4739499568899
0 3129 0 0 4568033 3058 5882703 79900
345 0 780 0 0 79900
322.0134359804814 661.781037505924 5713 2.5145131991866583 344.92558932357986
0 3088 0 0 4567371 3026 5875493 79900
381 0 674 0 0 79900
323.79172062020916 694.1893088029676 5656 2.4859444273506837 334.3380110823445
0 2963 0 0 4565732 2891 5891342 79900
319 0 650 0 0 79900
299.95589277268147 784.3030977121989 5689 2.446010614902482 350.3721338236745
0 3077 0 0 4602021 3000 6013389 79900
404 0 706 0 0 79900
326.68066996359806 773.4791870685748 5837 2.570612084780005 349.7146696182908
