0 9142 0 0 11479922 8974 15303742 99900
0 0 0 0 0 99900
295.25433761137066 1277.0833990604594 12606 2.8454275744694333 372.10942056268993
0 8907 0 0 11505609 8715 15447060 99900
0 0 0 0 0 99900
316.5196034271134 1247.941074735474 12681 2.7475082199643683 367.5947600474578
0 8774 0 0 11486324 8598 15369210 99900
0 0 0 0 0 99900
303.7389237107992 1434.1144183874733 12617 2.906219468334488 380.0412047952743
0 8750 0 0 11450123 8577 15171273 99900
0 0 0 0 0 99900
301.850369106226 1316.6383564644982 12417 2.5963318890904796 378.01460809185505
0 8669 0 0 11446373 8503 15177734 99900
0 0 0 0 0 99900
301.37367601672213 1249.4461109053423 12413 2.8444664640398445 375.82095595336875
0 9116 0 0 11489490 8951 15385172 99900
0 0 0 0 0 99900
309.77410870725 1294.216131570028 12672 3.056206612233686 400.9758655626725
0 8397 0 0 11467683 8226 15271194 99900
0 0 0 0 0 99900
314.9596688421158 1292.2426738896845 12577 2.588416915718369 366.8498284449693
0 9114 0 0 11496767 8944 15423586 99900
0 0 0 0 0 99900
303.4953102785873 1281.9249227042076 12636 2.9732042799468137 393.6447425051345
