0 Infinity null 0 NaN 0
0 Infinity null 0 NaN 100
0.03649893692416726 27.0 2900 0.0 0.0 200
0.13307557100779893 18.5 2394 0.0 0.0 300
0.3281951618166471 16.666666666666668 2328 0.0 0.0 400
0.6562332963896494 16.5 2401 0.0 0.0 500
1.0755223189711711 16.6 2509 0.0 0.0 600
1.6100867809608246 17.666666666666668 2638 0.0 0.0 700
2.1833696876127218 19.428571428571427 2788 0.0 0.0 800
2.912062113024768 22.75 2930 0.0 0.0 900
3.7921462141793745 27.11111111111111 3086 0.017094017094017096 1.8888888888888888 1000
4.837890780136732 30.9 3237 0.04395604395604395 8.3 1100
6.008848641152815 35.09090909090909 3406 0.07405094905094906 18.09090909090909 1200
7.245670067274626 40.666666666666664 3563 0.10433836996336997 30.666666666666668 1300
8.639916345469777 45.69230769230769 3721 0.1256163708086785 40.38461538461539 1400
10.173059424610079 55.357142857142854 3870 0.16322762382544992 44.285714285714285 1500
11.859278367295381 60.53333333333333 4023 0.22810335799466236 49.333333333333336 1600
13.621276300373285 64.375 4174 0.30238856478666265 55.5 1700
15.24286620747074 70.3529411764706 4325 0.36152407907523 65.41176470588235 1800
16.8586026369522 74.05555555555556 4470 0.39507925475879 76.27777777777777 1900
18.79198678808258 80.73684210526316 4607 0.4450092939820116 85.21052631578948 2000
20.862731664434307 88.0 4738 0.48893529987114637 94.35 2100
22.78808999976325 94.71428571428571 4881 0.5291447300360124 102.28571428571429 2200
24.951245586049506 99.5909090909091 5016 0.5836050935467721 108.9090909090909 2300
27.343006968469734 103.82608695652173 5143 0.6303133389074389 114.8695652173913 2400
29.394216643982073 106.5 5264 0.6653247929235505 118.83333333333333 2500
31.593733514604214 111.32 5385 0.6958546583494656 122.4 2600
33.611078862584854 118.42307692307692 5493 0.7123602484129476 124.11538461538461 2700
35.56681783845978 124.4074074074074 5605 0.7380598688420977 125.85185185185185 2800
37.55746602509583 126.21428571428571 5702 0.7547678147027792 127.85714285714286 2900
39.599084557836015 132.13793103448276 5799 0.7632240969544075 130.24137931034483 3000
42.010811580286216 136.0 5894 0.7644499603892606 133.36666666666667 3100
44.813082641845895 144.19354838709677 6000 0.7647169704646803 134.32258064516128 3200
47.12018375623781 146.5 6100 0.7777513833194774 135.03125 3300
49.540210266486405 155.27272727272728 6190 0.7891999945993585 136.24242424242425 3400
51.91060776074342 166.5 6273 0.8003019555425146 138.64705882352942 3500
54.659595483655835 177.71428571428572 6354 0.8117218996698714 140.97142857142856 3600
57.44097241984597 186.88888888888889 6434 0.823062958012375 143.41666666666666 3700
60.19715804544131 190.45945945945945 6520 0.8448031748334501 145.54054054054055 3800
62.3783043256475 194.3684210526316 6595 0.8600209050503835 148.0 3900
64.28942149690272 197.53846153846155 6660 0.8796357536388353 150.4102564102564 4000
66.45524348160404 201.875 6712 0.9011633783163828 153.8 4100
68.67835207940604 205.65853658536585 6774 0.9201409857481507 157.9268292682927 4200
71.0284228474849 215.35714285714286 6832 0.9421889109959054 159.64285714285714 4300
73.71154270623498 227.72093023255815 6886 0.9619442076394115 160.95348837209303 4400
75.77811319840768 239.63636363636363 6946 0.9850423135922707 162.4318181818182 4500
78.6835787127365 247.73333333333332 7010 1.0139461351949821 162.77777777777777 4600
81.0633483164118 256.32608695652175 7069 1.0398186460092882 163.41304347826087 4700
83.11492681104305 263.4255319148936 7134 1.0634595981415675 164.4468085106383 4800
85.38106948044646 268.4583333333333 7197 1.0927979005387753 165.29166666666666 4900
87.83132675051964 274.265306122449 7253 1.1162253054408564 166.6122448979592 5000
90.81126565681629 281.6 7312 1.1377469531781932 167.08 5100
93.74010033751041 287.9019607843137 7371 1.1492713304899624 168.07843137254903 5200
96.83866585894472 298.13461538461536 7433 1.1629919798659096 168.28846153846155 5300
100.09203236387089 308.811320754717 7494 1.173008688755617 168.35849056603774 5400
103.32188949010691 315.25925925925924 7553 1.1799718539239044 168.85185185185185 5500
106.0276478610904 321.2 7611 1.195252514093748 169.4 5600
108.31513255019466 327.94642857142856 7666 1.2142658620563598 170.71428571428572 5700
110.72067399449685 337.6140350877193 7714 1.233346931010684 172.50877192982455 5800
114.291276950068 349.63793103448273 7764 1.2534616390967066 174.10344827586206 5900
117.85288332777226 353.6101694915254 7815 1.2760849213851972 176.25423728813558 6000
120.90208775570446 362.55 7865 1.2963201073359667 177.86666666666667 6100
122.6925764050744 369.95081967213116 7910 1.3193661327824997 178.80327868852459 6200
124.1503433399572 377.258064516129 7950 1.3392665417595837 179.5483870967742 6300
125.81588114967397 384.031746031746 7988 1.360689118698144 180.77777777777777 6400
127.58658610973423 390.265625 8022 1.3812082425228334 181.453125 6500
129.3923744046431 397.9230769230769 8063 1.3980707730574473 182.7076923076923 6600
130.49304981519631 406.3030303030303 8098 1.4086691094597548 183.6969696969697 6700
131.87516535419962 420.14925373134326 8133 1.42586771394179 184.37313432835822 6800
133.40599029471446 429.54411764705884 8169 1.4411257568859746 184.98529411764707 6900
135.6131157914961 437.768115942029 8202 1.4522587506351834 185.3913043478261 7000
137.70648275367446 443.8857142857143 8234 1.4583829453540005 185.9 7100
139.45444163276588 450.92957746478874 8269 1.4669939946005703 185.90140845070422 7200
141.4294899812336 459.22222222222223 8304 1.4703845101076611 185.88888888888889 7300
143.20338442343194 468.9178082191781 8339 1.4692335392344555 186.75342465753425 7400
144.68685651431713 474.8918918918919 8372 1.4704349716080942 187.51351351351352 7500
145.3709023338015 478.2 8401 1.4736863148437958 188.17333333333335 7600
145.82819193020907 484.10526315789474 8427 1.4788801929725823 188.57894736842104 7700
146.56903925023244 493.75324675324674 8451 1.4847203388894505 188.83116883116884 7800
147.33962691173318 506.06410256410254 8479 1.4878868386097546 189.53846153846155 7900
147.97642041369576 508.746835443038 8504 1.4921540938172262 190.60759493670886 8000
148.4385790430113 510.9875 8529 1.4963146676445107 191.4875 8100
148.93541448150043 510.4691358024691 8550 1.4972860915007515 191.91358024691357 8200
149.18663366250584 509.3292682926829 8572 1.4979289440434251 192.35365853658536 8300
149.58136633078252 508.72289156626505 8588 1.5000623302597693 193.3132530120482 8400
149.70320137345192 508.1904761904762 8598 1.503179502065067 194.3095238095238 8500
149.8994801502843 507.81176470588235 8612 1.5053829925169624 195.1764705882353 8600
150.14057126117999 507.75581395348837 8626 1.508808771673742 195.80232558139534 8700
150.6640751678398 507.1264367816092 8641 1.5115074035348455 196.49425287356323 8800
151.3789009678702 508.10227272727275 8653 1.516137079846028 196.9431818181818 8900
152.03531860752162 509.7977528089888 8666 1.5198883486118029 196.67415730337078 9000
152.77423119176257 511.3666666666667 8678 1.5187629741957027 196.75555555555556 9100
153.76007888945108 510.0879120879121 8694 1.5181734500734396 196.95604395604394 9200
154.94647544899905 509.4891304347826 8706 1.5186386909395555 197.58695652173913 9300
155.80091819993092 509.81720430107526 8717 1.5248148690564847 197.89247311827958 9400
156.7027561952969 509.3085106382979 8729 1.5296336234045838 198.10638297872342 9500
157.74407059239442 508.42105263157896 8743 1.5345848484213775 198.3578947368421 9600
158.75252560926938 507.7708333333333 8758 1.5396696653412307 199.03125 9700
159.88667297103945 506.5257731958763 8774 1.5453743415316712 199.41237113402062 9800
160.95336799890342 505.3469387755102 8788 1.5510337870262458 199.83673469387756 9900
161.6124234636215 504.969696969697 8803 1.5553224331784814 200.32323232323233 10000
162.34856825553396 506.0 8819 1.5590375015296234 200.82 10100
163.584170018249 507.45544554455444 8837 1.5634034668610133 201.15841584158414 10200
164.6779455558119 510.65686274509807 8855 1.5693178119571471 201.49019607843138 10300
165.56216602544296 512.2815533980582 8873 1.5757183325068003 202.11650485436894 10400
166.10805632398882 513.875 8889 1.5800726891997294 202.8846153846154 10500
166.7850418329786 516.5904761904762 8909 1.584993655907812 203.72380952380954 10600
167.3017915177042 519.433962264151 8924 1.5870828819172027 205.04716981132074 10700
167.7222662817163 521.3271028037383 8935 1.586107888821618 206.3551401869159 10800
168.09411464729095 521.1388888888889 8945 1.586022844267002 206.75925925925927 10900
168.26559968564143 521.605504587156 8955 1.5850501576223504 207.77064220183487 11000
168.574456504486 521.8454545454546 8963 1.5867245268187906 208.98181818181817 11100
168.82529229390198 521.3603603603603 8968 1.5901259789581323 210.32432432432432 11200
168.89114421953326 520.6428571428571 8971 1.5957696954158476 211.78571428571428 11300
169.0585017531553 518.9823008849557 8972 1.5996151231582119 213.26548672566372 11400
169.23832331834424 517.6052631578947 8973 1.6047221675324221 214.7982456140351 11500
169.50941052664322 515.7565217391304 8975 1.608974583466923 216.3913043478261 11600
169.48848992798784 513.7931034482758 8978 1.610190319816346 218.20689655172413 11700
169.49737973033703 513.4871794871794 8975 1.6120568250193807 218.89743589743588 11800
169.49569583818578 513.0847457627119 8970 1.6148863938407922 219.95762711864407 11900
169.3440739557317 512.2773109243698 8963 1.618122642632046 221.18487394957984 12000
169.2505216230915 511.35833333333335 8959 1.6195192396577314 222.38333333333333 12100
169.11097120005982 510.099173553719 8954 1.6202067062944667 224.02479338842974 12200
169.01773647223263 508.8196721311475 8946 1.6192214054232006 224.827868852459 12300
168.80500062952024 507.2520325203252 8940 1.6168293614766704 225.82926829268294 12400
168.9090120685398 506.1532258064516 8937 1.6180584050875906 226.67741935483872 12500
169.11706583865816 504.96 8933 1.6194729122058642 227.432 12600
169.4679207993677 507.6666666666667 8931 1.6239174698827001 227.6031746031746 12700
170.03112489366924 509.9527559055118 8932 1.6253890709923704 228.03149606299212 12800
170.79304144156632 515.546875 8934 1.6283157188752424 228.4609375 12900
171.40385133489013 516.6511627906976 8937 1.6346649646285556 228.85271317829458 13000
171.81398705027004 518.2615384615384 8942 1.641118958827769 229.3153846153846 13100
172.16717736213945 517.0534351145038 8948 1.647577436143431 229.78625954198472 13200
172.42209726628082 516.5833333333334 8954 1.6516428383417063 230.54545454545453 13300
172.81243889040033 516.0827067669173 8959 1.6551789915835897 230.91729323308272 13400
173.01060847027037 515.6865671641791 8961 1.6579342994367157 231.61940298507463 13500
173.16661529639023 514.7555555555556 8962 1.6639008204345647 231.94074074074075 13600
173.342056606878 516.5147058823529 8963 1.6660453405457485 231.94117647058823 13700
173.51559068523727 517.992700729927 8965 1.6649109825700301 232.05839416058393 13800
173.67238577592036 519.1666666666666 8969 1.6663939842716335 231.94202898550725 13900
173.82197866576146 517.6690647482014 8972 1.6686441474543314 232.02158273381295 14000
173.98198167936826 516.3785714285714 8972 1.671770853391968 232.1 14100
174.23280029215493 515.3829787234042 8973 1.675375315424649 232.20567375886526 14200
174.53660679571442 515.0915492957746 8973 1.6786674409699482 232.4788732394366 14300
174.83380518437184 515.4055944055945 8978 1.6814524454171729 232.88111888111888 14400
175.1152771997656 514.7986111111111 8980 1.6846177402542812 233.28472222222223 14500
175.50307932834775 513.6344827586207 8982 1.6880098288610468 233.60689655172413 14600
175.9385579743275 515.4931506849315 8985 1.689433277521816 234.07534246575344 14700
176.39961075458794 519.7278911564625 8989 1.6898057453380733 234.1768707482993 14800
176.82054012841982 524.5135135135135 8994 1.6904537760162908 234.08783783783784 14900
177.09257282228185 527.1946308724832 9000 1.6917128028919386 234.09395973154363 15000
177.4243123580314 526.8533333333334 9007 1.6925277407951396 234.19333333333333 15100
177.75776602729337 527.5629139072847 9014 1.6942559568964501 234.02649006622516 15200
177.99731317210617 529.203947368421 9021 1.6989588184240454 234.07236842105263 15300
178.25466613100008 530.6993464052288 9026 1.702114761975641 234.45751633986927 15400
178.41958994724496 532.9935064935065 9030 1.7052666141706043 234.7922077922078 15500
178.74284363217313 535.2838709677419 9037 1.7096389503592087 235.39354838709679 15600
179.12632766540133 536.9487179487179 9046 1.7140086003429706 235.94230769230768 15700
179.38415254000367 536.4968152866242 9053 1.7201226413820487 236.5095541401274 15800
179.6644575840155 534.7848101265823 9060 1.7241955130418865 237.37974683544303 15900
179.99421867471665 533.3836477987421 9063 1.7257963173891406 238.36477987421384 16000
180.3507412040746 532.5625 9064 1.7271194654054587 239.2125 16100
180.5978704974371 532.1304347826087 9066 1.7298495722455904 239.9689440993789 16200
180.86362602788404 531.679012345679 9067 1.7324773869573804 240.3641975308642 16300
181.14219041378038 531.239263803681 9068 1.7369193768480127 240.74846625766872 16400
181.40292874979687 530.9451219512196 9071 1.7413071961302227 240.71951219512195 16500
181.65399897060902 530.8787878787879 9073 1.7439066238261451 240.6969696969697 16600
181.99103058320011 531.5 9077 1.7475030242302592 240.46987951807228 16700
182.26890874677903 532.3053892215569 9079 1.7538624301302204 240.47904191616766 16800
182.64975755600767 534.8095238095239 9085 1.758020278476951 240.51190476190476 16900
183.05357774436547 536.2011834319527 9090 1.7631338994458579 240.4023668639053 17000
183.6867437871392 537.0882352941177 9094 1.7701294703454762 240.3470588235294 17100
184.2923822705976 539.0175438596491 9101 1.7764862737770395 240.4093567251462 17200
184.85065476814788 540.7848837209302 9108 1.781151745257528 240.5581395348837 17300
185.36493440668656 542.9017341040462 9116 1.7867149706814136 240.36994219653178 17400
185.81382919778858 544.0977011494252 9124 1.7914528795344575 240.132183908046 17500
186.25978397873425 543.1371428571429 9132 1.7992805220661503 239.98857142857142 17600
186.7250319941877 542.0056818181819 9138 1.8050697339758983 240.05113636363637 17700
187.0424184013784 540.5706214689266 9142 1.8079935244345728 240.27118644067798 17800
187.238006882539 539.1011235955057 9146 1.8087097623364445 240.37640449438203 17900
187.36054584388427 537.4525139664804 9146 1.8078580318205986 240.5754189944134 18000
187.5391480844212 536.2833333333333 9148 1.8067369350108209 241.11666666666667 18100
187.6403229180401 534.8397790055249 9148 1.8061797273750768 241.19337016574585 18200
187.65539635224462 533.7472527472528 9144 1.8054670397973858 241.28021978021977 18300
187.65505049929882 532.6010928961749 9142 1.8049228611806851 241.36612021857923 18400
187.67818416204418 531.7554347826087 9141 1.8053243014937677 241.58695652173913 18500
187.6746435160179 530.8810810810811 9139 1.8046277949356138 242.02162162162162 18600
187.74260429820518 530.0591397849462 9138 1.8043748269928188 242.3279569892473 18700
187.7374134921066 528.3903743315508 9137 1.8031291250914057 242.79144385026737 18800
187.84208561466025 526.8244680851063 9135 1.8021636596474173 243.4255319148936 18900
187.8089329647881 525.1746031746031 9131 1.8006364101969734 244.24338624338625 19000
187.79612338027286 523.7421052631579 9129 1.7984693179795626 244.41052631578947 19100
187.93724926292006 522.5497382198953 9124 1.7978264193287568 244.25130890052355 19200
188.05447631054483 521.6666666666666 9122 1.7969739189232081 244.07291666666666 19300
188.11435828495016 521.4870466321244 9121 1.7988894253882002 243.75647668393782 19400
188.2265148261243 521.0618556701031 9121 1.7979787697017775 243.6443298969072 19500
188.4219938867737 520.3025641025641 9122 1.7980823750785984 243.48717948717947 19600
188.66251557012902 519.6071428571429 9122 1.7982055375640247 243.41836734693877 19700
188.88330015734667 521.010152284264 9124 1.7971778174791875 243.39086294416245 19800
189.15902548439257 522.2525252525253 9127 1.7970798374806953 243.15151515151516 19900
189.39465139432167 523.9145728643216 9131 1.797632083243034 243.0854271356784 20000
189.5963382970661 525.565 9132 1.7972609441034146 243.005 20100
189.78713093222916 527.4776119402985 9133 1.7966472729560257 242.9452736318408 20200
189.9574707389782 528.7673267326733 9135 1.7960396777605911 242.94554455445544 20300
190.18932372865103 527.6995073891626 9137 1.7969324514035083 242.8423645320197 20400
190.4244797275888 526.4019607843137 9140 1.7982780206193172 242.7107843137255 20500
190.56376067924856 525.8146341463415 9139 1.798485977059755 242.49756097560976 20600
190.69795522038405 525.3203883495146 9138 1.7980772379200753 242.36893203883494 20700
190.87842069814454 524.2222222222222 9139 1.7985037422603822 242.256038647343 20800
191.0707442729649 523.8317307692307 9140 1.8003581017991102 242.1153846153846 20900
191.2535218123287 524.0287081339712 9140 1.8005956228431337 242.0909090909091 21000
191.4421046468128 524.2190476190476 9140 1.8004998713290141 242.17619047619047 21100
191.499182857059 524.2748815165877 9138 1.7993646852552088 242.260663507109 21200
191.53734158600113 524.4622641509434 9137 1.7980913224224289 242.27830188679246 21300
191.5145604096539 525.3802816901408 9136 1.7976978688631016 242.2206572769953 21400
191.5575565364036 525.1775700934579 9133 1.7969439705803938 242.14018691588785 21500
191.6672292437324 524.8046511627907 9131 1.7958950617471294 241.89767441860465 21600
191.66725266529423 524.0092592592592 9128 1.7951681813172302 241.69444444444446 21700
191.64267620623767 523.221198156682 9125 1.7927606195264931 241.55760368663596 21800
191.7161888958887 522.6788990825688 9121 1.7910477489722876 241.44954128440367 21900
191.69597280582775 523.0867579908676 9119 1.7878270482268173 241.6255707762557 22000
191.6288006689037 524.0636363636364 9117 1.7856234266577422 241.81363636363636 22100
191.64405013453884 524.6787330316743 9115 1.7823271344879916 242.24886877828055 22200
191.66668874397143 524.1936936936937 9114 1.7808051403886964 242.57657657657657 22300
191.75524758512026 523.5291479820628 9112 1.7793099084634227 243.06726457399103 22400
191.8585377359872 522.8258928571429 9110 1.7776165606577823 243.44196428571428 22500
192.03232835734482 522.3733333333333 9108 1.7763827092770812 243.71555555555557 22600
192.0725310823949 521.2699115044247 9106 1.7763510635246638 243.98230088495575 22700
192.10762842141358 520.1541850220265 9104 1.7760469490297126 244.37885462555067 22800
192.23801808281567 518.8684210526316 9104 1.776213205781214 244.71929824561403 22900
192.48928861501767 517.5720524017468 9104 1.7771904406904664 244.9650655021834 23000
192.76843881138788 516.3652173913043 9104 1.7766745543629683 245.2608695652174 23100
192.90982578116035 517.5757575757576 9102 1.7748961089264905 245.17748917748918 23200
193.10062969276515 518.9870689655172 9100 1.7739618133487198 245.13793103448276 23300
193.3127504524125 520.244635193133 9100 1.7726838247772252 245.17596566523605 23400
193.55697568941625 520.2051282051282 9100 1.7726129433079876 245.03418803418805 23500
193.79507052715442 520.0 9099 1.771700290506182 244.9531914893617 23600
194.1122623657954 519.3050847457627 9098 1.770260112079538 244.7584745762712 23700
194.30349551856824 518.8481012658228 9098 1.769752685446291 244.62025316455697 23800
194.40404374899012 518.8613445378152 9098 1.7700736987265748 244.62605042016807 23900
194.52375391715714 518.652719665272 9098 1.7704993103293711 244.35564853556485 24000
194.6706792288948 517.8958333333334 9099 1.7736546372770727 244.10416666666666 24100
194.83549834816088 516.6058091286307 9099 1.7758274283974886 244.09128630705393 24200
194.93232874332043 515.4958677685951 9099 1.7774621438645593 244.04545454545453 24300
194.9835484619516 514.1769547325102 9097 1.7787410457174524 244.01234567901236 24400
195.0326913348486 512.9508196721312 9094 1.7804162873333647 244.2377049180328 24500
195.09887840648682 511.8857142857143 9092 1.783287530926869 244.30204081632652 24600
195.2311725607017 510.6626016260163 9090 1.7855658336466784 244.5731707317073 24700
195.3763281274075 510.0 9089 1.7863149121958586 244.93927125506073 24800
195.51706972116258 509.46370967741933 9087 1.7859546492312368 245.16129032258064 24900
195.5574238837453 508.86746987951807 9084 1.7861055518920137 245.23293172690762 25000
195.65049258393222 507.74 9082 1.7849070756303917 244.992 25100
195.86177453064394 506.52589641434264 9081 1.7844359983038431 244.82868525896416 25200
196.04464860746097 505.1388888888889 9080 1.784596966564542 244.70238095238096 25300
196.1687784953383 503.901185770751 9078 1.7856322023801248 244.55731225296444 25400
196.33868739751927 503.12992125984255 9075 1.785419899682066 244.61811023622047 25500
196.5258022709896 504.2823529411765 9073 1.785477076546058 244.77254901960785 25600
196.84823877193773 506.4140625 9071 1.7836517044430726 245.125 25700
196.9528849865993 508.8910505836576 9071 1.781836223767153 245.4863813229572 25800
196.94297258450808 511.17054263565893 9069 1.7809922948537242 245.84108527131784 25900
196.8100087593955 512.1737451737451 9068 1.7796719554536862 246.22393822393823 26000
196.73805149340518 513.0346153846153 9067 1.7790663795566422 246.11153846153846 26100
196.68187156035754 513.4597701149426 9066 1.779231727612832 246.02298850574712 26200
196.55515064724753 514.2175572519084 9065 1.77842619360737 245.91603053435114 26300
196.52698187821017 514.6768060836501 9064 1.778404524706685 245.67300380228136 26400
196.48941164049089 515.1477272727273 9065 1.7788134607356887 245.4431818181818 26500
196.40151213802116 514.833962264151 9064 1.7798236424985991 245.1811320754717 26600
196.37471225588243 515.1578947368421 9063 1.781932986289616 244.97368421052633 26700
196.3781394372611 514.7041198501872 9063 1.7817282662183918 244.92883895131087 26800
196.4087930746791 514.7388059701492 9062 1.7817794836782284 244.92164179104478 26900
196.55594047533185 514.8438661710037 9061 1.7815401224167768 244.92565055762083 27000
196.67317739738596 515.3851851851852 9062 1.7829933554577453 244.93703703703704 27100
196.75631269082103 515.7564575645756 9063 1.7832909311336813 245.05166051660515 27200
196.8532196881873 516.2941176470588 9063 1.782634167279479 245.25735294117646 27300
196.93065700368624 516.1135531135532 9065 1.7822965922728735 245.38095238095238 27400
196.99026658247584 515.8357664233577 9066 1.7834387145464692 245.41970802919707 27500
197.04105545600845 515.6290909090909 9066 1.7846591105628369 245.53454545454545 27600
197.2032727500539 515.2572463768116 9065 1.7851922956036173 245.61231884057972 27700
197.31568070594108 514.8086642599278 9067 1.7866095717125492 245.5595667870036 27800
197.42214435161753 514.2517985611511 9067 1.7886618497176943 245.57194244604315 27900
197.50330369188973 513.7956989247311 9066 1.7917002073759234 245.68458781362008 28000
197.6137045118673 513.1392857142857 9066 1.7935238694259927 245.94285714285715 28100
197.69571403153518 512.5551601423488 9067 1.7951483396415586 246.30249110320284 28200
197.75030859363483 511.6843971631206 9068 1.7965839838272266 246.68439716312056 28300
197.81475786044032 510.7243816254417 9068 1.797921142894975 246.95406360424028 28400
197.91722130970894 509.9119718309859 9068 1.7975089243067173 247.26760563380282 28500
197.92967150320624 509.5438596491228 9065 1.7970498286658751 247.69122807017544 28600
197.85092898275286 509.4230769230769 9063 1.7960944429845591 248.2062937062937 28700
197.79774827777715 509.61672473867594 9060 1.7933997838547429 248.2822299651568 28800
197.7369626763824 509.2361111111111 9058 1.7907220839879632 248.28472222222223 28900
197.65290278198543 508.8961937716263 9056 1.7879860214136105 248.33910034602076 29000
197.58823839578164 508.2551724137931 9054 1.7859291363801224 248.2103448275862 29100
197.53907444092013 507.9484536082474 9053 1.7837401571149427 248.15463917525773 29200
197.42092036772698 507.0308219178082 9052 1.7825238258528073 248.09931506849315 29300
197.34523262810566 506.49829351535834 9051 1.7812751666064381 248.10921501706486 29400
197.29917622856377 506.6020408163265 9050 1.7806308181985722 248.1904761904762 29500
197.32044854696318 506.97966101694914 9049 1.779747323899594 248.26101694915255 29600
197.35563769207903 507.36486486486484 9049 1.778734664021555 248.2972972972973 29700
197.48518479416805 507.1750841750842 9050 1.7787238072540805 248.2828282828283 29800
197.64894684254233 507.255033557047 9051 1.7780569488404763 248.25838926174498 29900
197.74342379250476 507.09698996655516 9052 1.7772293745797991 248.2809364548495 30000
197.8568824702102 506.95666666666665 9054 1.7756843616318534 248.20666666666668 30100
197.98663177758027 506.2392026578073 9056 1.774345041558684 248.09634551495017 30200
198.12048367059492 505.62582781456956 9059 1.7726556571276824 248.00331125827816 30300
198.27524118099117 504.8910891089109 9060 1.770493912578824 248.05610561056105 30400
198.48248767907103 504.73355263157896 9061 1.7688283107065126 248.06578947368422 30500
198.61565178199052 504.7245901639344 9063 1.7677861863833992 248.0655737704918 30600
198.7798033004626 505.12091503267976 9064 1.7671444948312591 247.98692810457516 30700
198.97231981689453 504.62540716612375 9065 1.766625597901043 247.9185667752443 30800
199.1472471481516 504.4935064935065 9068 1.7661100704314128 247.9383116883117 30900
199.39002395028695 504.1132686084142 9070 1.7665497167546564 248.13915857605178 31000
199.64074927060676 504.1193548387097 9071 1.7674318144425445 248.3967741935484 31100
199.8648054473952 503.7009646302251 9072 1.7679827588019064 248.76527331189712 31200
200.05451923115015 503.48397435897436 9075 1.7684750212014226 249.18910256410257 31300
200.19726494281198 503.3897763578275 9076 1.7698905593494643 249.55271565495207 31400
200.2908093335806 503.42356687898086 9077 1.7719798439563959 249.72929936305732 31500
200.40467474542734 503.3174603174603 9077 1.774596269360197 249.82539682539684 31600
200.50253629321708 503.05696202531647 9077 1.778039778311713 249.7405063291139 31700
200.60411836362607 502.97476340694004 9078 1.7812141440756828 249.70977917981074 31800
200.77633907453597 503.0440251572327 9079 1.7840602458547024 249.61320754716982 31900
200.94921544544135 503.1065830721003 9080 1.7853641322313334 249.52664576802508 32000
201.10290736037956 503.734375 9081 1.7854723693181107 249.503125 32100
201.29222519771065 504.613707165109 9083 1.7844173417209774 249.47663551401868 32200
201.49643705012176 505.972049689441 9084 1.7834349434745862 249.30434782608697 32300
201.65245469184782 506.9783281733746 9088 1.7820835621496192 249.1888544891641 32400
201.8503661104828 508.46604938271605 9090 1.7805339215257006 249.08024691358025 32500
202.02027871614214 509.45230769230767 9092 1.7796393430544442 249.03076923076924 32600
202.24219438103947 510.50306748466255 9094 1.7795484248242157 249.06441717791412 32700
202.52253334545844 510.8929663608563 9096 1.7800187150643045 249.03975535168195 32800
202.8238863988985 511.0121951219512 9098 1.7808926417460194 249.0030487804878 32900
203.09205427674644 510.8449848024316 9099 1.7808172767588752 248.93920972644378 33000
203.26808284205023 510.53939393939396 9100 1.7810380078492585 248.93636363636364 33100
203.41798017165107 510.3987915407855 9101 1.78064212262917 248.87311178247734 33200
203.54339206574758 510.4156626506024 9100 1.7798318388470844 248.81927710843374 33300
203.65179288934428 510.3813813813814 9099 1.7795635035666912 248.86486486486487 33400
203.6847014061028 510.748502994012 9098 1.7794932462535442 249.0119760479042 33500
203.72805864568127 510.910447761194 9097 1.780078668670989 249.14626865671642 33600
203.75636797377098 510.9642857142857 9096 1.781618009827615 249.22619047619048 33700
203.7803453230888 510.3353115727003 9096 1.783467101503978 249.38278931750742 33800
203.77535382014932 509.4704142011834 9095 1.7845679549183318 249.57100591715977 33900
203.7629444430856 508.6725663716814 9094 1.78540925133999 249.71386430678467 34000
203.74852897978013 507.95 9092 1.7856300038839286 249.89411764705883 34100
203.73454078955064 507.5689149560117 9090 1.7855573926268418 250.0 34200
203.73351801742544 507.5906432748538 9089 1.7849604275865212 250.10233918128654 34300
203.72469017321083 507.71720116618076 9087 1.7838761216118109 250.1661807580175 34400
203.71241272695772 507.84593023255815 9086 1.7838987685451098 250.03197674418604 34500
203.7048544370645 507.94202898550725 9085 1.783502131023325 249.9159420289855 34600
203.74100602770184 507.58092485549133 9084 1.7826827607024485 249.84104046242774 34700
203.70205014030924 506.8386167146974 9082 1.7815222916514328 249.70317002881845 34800
203.63095239761418 506.1580459770115 9080 1.7806851473605705 249.61206896551724 34900
203.58130172696588 505.40114613180515 9078 1.7802323002604943 249.44985673352434 35000
203.5787193701327 505.1114285714286 9076 1.7796070751419555 249.35714285714286 35100
203.60879320688522 504.9344729344729 9075 1.7793192242970253 249.23646723646723 35200
203.5626860712111 505.0568181818182 9074 1.7779316955089912 249.20738636363637 35300
203.5869573582212 505.08498583569406 9074 1.7769763025078376 249.02266288951841 35400
203.59514495775895 504.57909604519773 9073 1.7762186630369807 248.84745762711864 35500
203.56067070636888 503.9380281690141 9073 1.7748369605656493 248.75211267605633 35600
203.52695794756286 503.2696629213483 9072 1.774010927616783 248.70224719101122 35700
203.5494170353369 503.3613445378151 9071 1.773216964339806 248.703081232493 35800
203.59337580990814 503.4441340782123 9070 1.773403509132153 248.68715083798884 35900
203.5601696592337 503.3983286908078 9070 1.7731433322264922 248.67409470752088 36000
203.51396624980964 502.85277777777776 9072 1.7739871648506493 248.59722222222223 36100
203.50091192224687 502.8781163434903 9072 1.775373654155555 248.58448753462605 36200
203.55215904145976 503.0773480662983 9071 1.7764816567358857 248.58563535911603 36300
203.6244322783387 502.9641873278237 9071 1.7773979356679932 248.63636363636363 36400
203.69619823639556 502.8296703296703 9073 1.7789425090356894 248.61813186813185 36500
203.77797364544443 502.627397260274 9074 1.7804287722203274 248.65479452054794 36600
203.92055722027496 502.3142076502732 9075 1.7819900374652222 248.78142076502732 36700
204.09676905700846 502.00544959128064 9077 1.7846800667070901 248.81471389645776 36800
204.30045560523243 501.67119565217394 9079 1.7875563090663154 248.9483695652174 36900
204.4769520806246 501.89972899728997 9079 1.790012464193562 249.1409214092141 37000
204.6688267163873 502.52162162162165 9080 1.791854857839546 249.31351351351353 37100
204.8267252878134 503.2425876010782 9082 1.7932804639288764 249.3935309973046 37200
205.0119095086751 504.2930107526882 9084 1.7957178820365944 249.48387096774192 37300
205.17565168490853 504.88471849865954 9086 1.7976060378488288 249.5495978552279 37400
205.3977493901478 505.5187165775401 9087 1.799405455489057 249.60160427807486 37500
205.62482665614186 505.5973333333333 9089 1.8024331278976078 249.63466666666667 37600
205.8654910912207 506.156914893617 9089 1.8059892495886272 249.7659574468085 37700
206.10892824100952 506.54111405835545 9089 1.8087682132146132 249.87533156498674 37800
206.36519684906543 507.4391534391534 9090 1.8111198169325762 250.03703703703704 37900
206.47716024196725 507.8390501319261 9092 1.8135125053257588 250.25065963060686 38000
206.49873477753167 508.3 9093 1.8159038466860125 250.51052631578946 38100
206.52500917204304 508.20472440944883 9093 1.8190117106054717 250.6745406824147 38200
206.5188370598917 508.9738219895288 9093 1.8223276859329818 250.87958115183247 38300
206.56112895001698 509.88250652741516 9093 1.8254771474020117 251.12271540469973 38400
206.60368861760335 510.7291666666667 9093 1.8286846101877952 251.37239583333334 38500
206.6770630964344 510.9116883116883 9092 1.8320980453375855 251.4935064935065 38600
206.73319618833435 510.9896373056995 9093 1.834353497817806 251.7461139896373 38700
206.77229072001882 510.5736434108527 9093 1.836549510811341 252.015503875969 38800
206.81230138132833 509.95103092783506 9094 1.8384351610880691 252.25515463917526 38900
206.93488845197055 509.37789203084833 9093 1.8397472486156123 252.3650385604113 39000
207.08275509302916 508.9512820512821 9094 1.8411268140750023 252.4128205128205 39100
207.28184574059483 508.44245524296673 9094 1.8425561572615112 252.52685421994886 39200
207.49943625861334 508.46683673469386 9093 1.8438854435022636 252.70408163265307 39300
207.75996527336446 508.63867684478373 9093 1.84395784803669 252.91603053435114 39400
208.04623135715838 509.1852791878173 9093 1.8445745959394881 252.88071065989848 39500
208.2167344893009 509.04556962025316 9092 1.8450283552505515 252.92911392405063 39600
208.3565738547551 509.1111111111111 9092 1.846084237926022 253.0681818181818 39700
208.37878814998237 508.77833753148616 9091 1.8468405533554642 253.30982367758187 39800
208.3327887636383 508.47738693467335 9091 1.848230401211355 253.4396984924623 39900
208.27900788255744 507.9298245614035 9090 1.8483398285062937 253.5438596491228 40000
208.18687168782867 507.2125 9088 1.8479451694112183 253.5025 40100
208.12052503519033 506.46882793017454 9085 1.8474120052517473 253.47381546134665 40200
208.0730183602934 506.85074626865674 9083 1.8469209306118177 253.52985074626866 40300
208.00388811502546 508.0545905707196 9080 1.846432293066875 253.5955334987593 40400
207.88431394971002 509.36138613861385 9078 1.8454238576638482 253.70792079207922 40500
207.78162663855716 509.74320987654323 9077 1.8445709592498634 253.76543209876544 40600
207.68661861796565 509.2463054187192 9075 1.8440945844504735 253.88669950738915 40700
207.5793286223021 508.7542997542998 9074 1.8435634109671657 254.03439803439804 40800
207.4863126109694 508.2450980392157 9072 1.8431843067463856 254.14950980392157 40900
207.42212422343223 507.7457212713936 9070 1.8431873877676521 254.2836185819071 41000
207.34390322569584 507.3829268292683 9069 1.8430026425791095 254.32926829268294 41100
207.26539475818058 507.007299270073 9067 1.8427898759440158 254.34306569343065 41200
207.16407084680753 506.68689320388347 9066 1.8431714539150255 254.3640776699029 41300
207.06327721021086 506.363196125908 9066 1.8435511840508245 254.363196125908 41400
206.96483519462137 506.0144927536232 9065 1.843363759564732 254.3743961352657 41500
206.87585639540097 505.9060240963855 9063 1.8424594736534508 254.3156626506024 41600
206.78774459664692 505.8125 9062 1.8410480786421113 254.27644230769232 41700
206.7198300850156 506.06235011990407 9062 1.8404908785786382 254.1918465227818 41800
206.6589155494356 506.88038277511964 9062 1.8406688755605582 254.10287081339712 41900
206.61728984700002 507.72792362768496 9061 1.8411010241402104 254.08114558472553 42000
206.60143221543444 508.3309523809524 9061 1.842391209138458 254.05238095238096 42100
206.6199358602117 508.07838479809976 9061 1.8423789005712066 254.12351543942992 42200
206.68049483263357 507.73222748815164 9061 1.8420189415425452 254.1208530805687 42300
206.7654118462643 507.9574468085106 9062 1.8423924192221137 254.03309692671394 42400
206.8624514180653 508.1179245283019 9062 1.843176871063571 253.9929245283019 42500
206.93810889681404 508.1482352941176 9063 1.844257220970234 253.89411764705883 42600
206.9965933756713 508.2300469483568 9062 1.8448411787985055 253.87793427230048 42700
207.02070717635073 508.39812646370024 9062 1.8454330284397498 253.8360655737705 42800
207.1046970484237 508.5630841121495 9063 1.8468511310657807 253.73130841121494 42900
207.190145203452 508.4731934731935 9063 1.8485633553496301 253.67599067599068 43000
207.20051994243252 508.48372093023255 9064 1.8506903193947168 253.70697674418605 43100
207.23846693636528 508.26450116009283 9064 1.851891550794338 253.78190255220417 43200
207.2634433944986 507.98148148148147 9064 1.8518590190513833 253.83796296296296 43300
207.26374056541727 507.6443418013857 9064 1.8511400387314967 253.85912240184757 43400
207.2925598056834 507.42396313364054 9064 1.8503885639878757 253.77649769585253 43500
207.32650630202502 507.39310344827584 9063 1.8497232468517106 253.69885057471265 43600
207.38318257532015 507.1788990825688 9062 1.8495100209569975 253.6880733944954 43700
207.4284088487698 506.9725400457666 9063 1.8494637012126633 253.7025171624714 43800
207.48115067242756 506.6095890410959 9063 1.849807391392543 253.78082191780823 43900
207.53526932601721 506.3963553530752 9063 1.8499742923758786 254.00683371298405 44000
207.62309461809394 506.25454545454545 9063 1.850140434718381 254.18636363636364 44100
207.73177836467494 506.1383219954649 9062 1.8513472657987848 254.28798185941042 44200
207.78686663854182 505.9434389140271 9062 1.8520408121133625 254.51131221719456 44300
207.81095594770525 505.48758465011286 9060 1.8524342093534534 254.8374717832957 44400
207.77832370483773 504.9144144144144 9059 1.852351676165009 255.0990990990991 44500
207.67276232720292 504.4516853932584 9058 1.8528118810660827 255.35056179775282 44600
207.5634436265583 504.3542600896861 9056 1.8533397362522972 255.39461883408072 44700
207.4825514434684 504.9731543624161 9054 1.853412162537447 255.38255033557047 44800
207.39395652029563 505.421875 9053 1.853429347690513 255.43303571428572 44900
207.29783163388402 505.53452115812917 9052 1.8538830526113423 255.38530066815144 45000
207.22469282682766 505.02222222222224 9050 1.8534100361411519 255.42444444444445 45100
207.12133641823343 504.4523281596452 9048 1.8522000190049015 255.45454545454547 45200
207.05067010781673 503.87831858407077 9046 1.851570301191987 255.46681415929203 45300
206.94922355782927 503.6909492273731 9044 1.850852300062366 255.51655629139074 45400
206.8758717694557 503.41189427312776 9043 1.8504272834032904 255.6057268722467 45500
206.78918694009664 503.1956043956044 9042 1.8503511563489627 255.66153846153847 45600
206.70074277568494 502.61842105263156 9041 1.8510167155540005 255.64912280701753 45700
206.6234317755813 501.9671772428884 9039 1.8516793620272876 255.6586433260394 45800
206.55460547209893 501.73362445414847 9038 1.8521071779346931 255.59606986899564 45900
206.4911743327017 501.52287581699346 9038 1.852854486808952 255.56209150326796 46000
206.4324088234083 501.3695652173913 9036 1.85338645743678 255.44782608695652 46100
206.37423489715297 501.0433839479393 9035 1.8540002907967081 255.42082429501085 46200
206.26808302216784 500.7445887445887 9034 1.8546606601003752 255.38095238095238 46300
206.19786696167995 500.40388768898487 9033 1.8554910483826261 255.3866090712743 46400
206.159178354699 499.83620689655174 9032 1.856390264383369 255.41594827586206 46500
206.1040712760523 499.3376344086021 9030 1.8566035230740618 255.3483870967742 46600
206.05025716971835 498.84549356223175 9029 1.8565846873742387 255.33476394849785 46700
206.03124706250256 498.3961456102784 9027 1.856481745084996 255.35117773019272 46800
206.0619691069071 497.9508547008547 9026 1.8561519286629649 255.42094017094018 46900
206.09493467406293 497.56503198294246 9026 1.8564586409685875 255.43283582089552 47000
206.0735406224178 497.1212765957447 9026 1.8564600967476819 255.41063829787234 47100
206.06701769637556 496.6496815286624 9026 1.8571629415528883 255.45647558386412 47200
206.02990992919027 496.1271186440678 9025 1.857176656430184 255.39406779661016 47300
205.93469950180884 495.7251585623679 9024 1.8561917255451859 255.42283298097252 47400
205.83913016414985 495.57383966244726 9023 1.854924061881454 255.36919831223628 47500
205.77198461949138 496.02947368421053 9022 1.8539480203781795 255.3136842105263 47600
205.72717799598456 496.86344537815125 9021 1.8531606645930712 255.23529411764707 47700
205.63726900103006 497.52620545073376 9021 1.852769691851087 255.19706498951783 47800
205.5546529748995 497.7510460251046 9020 1.8528631357958252 255.19874476987448 47900
205.49802442996358 497.2275574112735 9019 1.8535548840015037 255.22964509394572 48000
205.41838862894977 496.9166666666667 9018 1.8529745613265007 255.22916666666666 48100
205.33239209137201 496.5488565488566 9016 1.8528644271033685 255.22661122661123 48200
205.27779229219675 496.2448132780083 9015 1.8523793299912197 255.29253112033194 48300
205.2163208064502 496.0041407867495 9015 1.8512312823937753 255.37474120082817 48400
205.15760123684814 495.81611570247935 9014 1.8501911890147726 255.4318181818182 48500
205.13546774596506 495.7092783505155 9013 1.8487131315803778 255.55463917525773 48600
205.0666772220382 495.8497942386831 9012 1.8470157990541003 255.60699588477365 48700
204.97506510904068 496.55852156057495 9011 1.8455845551135375 255.7782340862423 48800
204.89511021363165 496.88729508196724 9010 1.844423664155194 255.86680327868854 48900
204.78880063693194 496.89775051124747 9009 1.8433475049609744 255.89366053169735 49000
204.72845852873772 496.9061224489796 9007 1.8425982049022591 255.9204081632653 49100
204.67682775771235 496.67413441955193 9006 1.8425010024378388 256.020366598778 49200
204.60011244095125 496.4430894308943 9004 1.8426228276857095 256.0833333333333 49300
204.54654432100335 496.3549695740365 9002 1.8430803509930038 256.17849898580124 49400
204.4974804921664 496.5182186234818 9001 1.843133964082879 256.29352226720647 49500
204.39665749927295 496.54949494949494 8999 1.842763136818237 256.42424242424244 49600
204.27849957770445 496.65725806451616 8998 1.8421364266504925 256.5040322580645 49700
204.1788747502766 496.74446680080484 8997 1.8410106163265523 256.5010060362173 49800
204.08825513537087 497.07028112449797 8995 1.8398573152228175 256.5 49900
203.99993812477362 497.4689378757515 8994 1.8387945226262263 256.53507014028054 50000
203.9069744712669 497.704 8992 1.8377169335809738 256.594 50100
203.82459104359094 497.8902195608782 8991 1.8375290549582368 256.5728542914172 50200
203.75769363517767 498.1812749003984 8989 1.8379575460418804 256.61752988047806 50300
203.7193303978455 498.6998011928429 8988 1.8385345790084078 256.63220675944336 50400
203.63270773989615 499.04563492063494 8987 1.8386613735428954 256.609126984127 50500
203.54680555696063 499.3306930693069 8986 1.8383507929652227 256.6831683168317 50600
203.4656653663446 499.302371541502 8985 1.8381117425924611 256.79249011857706 50700
203.4103535473191 499.2406311637081 8983 1.8377324952369205 256.92110453648917 50800
203.39004555976675 499.49015748031496 8980 1.8371070375691312 257.1437007874016 50900
203.3459721155841 499.6935166994106 8978 1.8365074459307185 257.3123772102161 51000
203.28048783442375 499.7627450980392 8977 1.8358476274092856 257.5156862745098 51100
203.1917168107531 499.88062622309195 8975 1.835403102995909 257.6986301369863 51200
203.11798497956897 500.142578125 8973 1.8355999137571788 257.8515625 51300
203.03369170614735 500.4561403508772 8972 1.8364401998252284 257.96881091617934 51400
202.98571463839866 500.7198443579766 8970 1.8377518692766819 257.9747081712062 51500
202.9608889813399 500.92038834951455 8969 1.8393889550913483 258.0388349514563 51600
202.98849019766286 501.2073643410853 8968 1.8400635888993107 258.20348837209303 51700
203.01610470864773 501.23597678916826 8967 1.8410877699989083 258.2649903288201 51800
203.0546469515791 501.19305019305017 8967 1.8419820944315106 258.2915057915058 51900
203.0954983375456 501.2292870905588 8967 1.8431242919541777 258.3333333333333 52000
203.12666870488354 501.19807692307694 8967 1.8439276482489146 258.3173076923077 52100
203.16092487490377 501.08829174664106 8968 1.8447756072459691 258.35508637236086 52200
203.23590925977027 500.80651340996167 8968 1.8461622966017823 258.3869731800766 52300
203.33980768037682 500.53728489483746 8968 1.8477831670691218 258.41873804971317 52400
203.43237770682038 500.25763358778624 8968 1.8484241790964473 258.41984732824426 52500
203.53190132386842 500.0152380952381 8969 1.8489560560400125 258.46476190476193 52600
203.6162977663789 500.4391634980989 8968 1.8479206791769838 258.6825095057034 52700
203.67922667887407 501.2144212523719 8968 1.847174236625501 258.8235294117647 52800
203.7656122064286 502.032196969697 8967 1.8470428039382896 258.8863636363636 52900
203.82301336669101 502.3194706994329 8967 1.8462686209440773 258.98109640831757 53000
203.95040814703506 502.3905660377358 8967 1.8458613872868408 259.1509433962264 53100
204.06531710797125 502.49152542372883 8967 1.8453502887893256 259.25800376647834 53200
204.12017410407114 502.42105263157896 8966 1.8450394799758119 259.343984962406 53300
204.158210668094 502.40525328330205 8965 1.844392126354844 259.31519699812384 53400
204.23276494500513 502.40262172284645 8965 1.8437818761529032 259.17228464419475 53500
204.29377586401694 502.6056074766355 8965 1.8433042189902207 259.14018691588785 53600
204.39989431159145 502.86567164179104 8965 1.8433095354588094 259.1268656716418 53700
204.51491717943117 502.707635009311 8965 1.8440110074598173 259.0558659217877 53800
204.5624628950737 502.4646840148699 8965 1.8439974827133818 258.97583643122675 53900
204.5933519808783 502.1873840445269 8965 1.8439595085557778 258.9035250463822 54000
204.62896853165125 502.7037037037037 8965 1.8445130226933728 258.77962962962965 54100
204.67644393224097 503.57301293900184 8965 1.8448004293057696 258.6987060998152 54200
204.71136484937816 504.2232472324723 8965 1.844445029829271 258.73247232472323 54300
204.72339350672277 504.2136279926335 8966 1.8446896480566068 258.73848987108653 54400
204.79895143407987 504.22610294117646 8966 1.8444738081286953 258.7647058823529 54500
204.8252911414634 504.2440366972477 8966 1.8434827512809124 258.7743119266055 54600
204.83932166694038 504.2197802197802 8967 1.8430218611406433 258.72893772893775 54700
204.8382036671733 503.9725776965265 8966 1.8423185914371565 258.7404021937843 54800
204.80299486718272 503.67518248175185 8966 1.8414955727444355 258.75 54900
204.78111509870277 503.75956284153006 8966 1.8405699584649982 258.73952641165755 55000
204.78688722091044 503.7163636363636 8965 1.8399507403586983 258.6963636363636 55100
204.79912901662152 503.8747731397459 8966 1.8400198838072084 258.6152450090744 55200
204.84158782217983 503.78079710144925 8967 1.8400940368817469 258.5597826086956 55300
204.89370570708837 503.7251356238698 8967 1.8402599033282865 258.5117540687161 55400
204.94245245879833 503.7292418772563 8967 1.8403763329337623 258.52166064981947 55500
205.02683342102435 503.5783783783784 8968 1.8404591929399423 258.5189189189189 55600
205.16060134103185 503.3615107913669 8969 1.8407061688119526 258.47482014388487 55700
205.2365282418536 503.25493716337525 8970 1.8402115749564634 258.427289048474 55800
205.30957717958833 502.994623655914 8971 1.8403272565510966 258.3405017921147 55900
205.39875912502404 502.7137745974955 8972 1.8401765773103536 258.2432915921288 56000
205.44977081278088 502.35535714285714 8973 1.8397863006037665 258.2214285714286 56100
205.50980466721145 502.06773618538324 8973 1.8394951852519512 258.222816399287 56200
205.54099215358949 501.8274021352313 8973 1.839221553758112 258.2597864768683 56300
205.5451202513489 501.72291296625224 8973 1.8385382924806473 258.291296625222 56400
205.56361091794074 501.6950354609929 8972 1.837573007648339 258.2659574468085 56500
205.55683626414668 501.987610619469 8971 1.8361384129923721 258.24070796460177 56600
205.5994283235228 502.6148409893993 8970 1.8345178838508998 258.2226148409894 56700
205.6348278577447 503.05643738977074 8968 1.8334995857438308 258.0846560846561 56800
205.6433416703632 503.3714788732394 8967 1.832987891302129 257.89084507042253 56900
205.63911360074863 503.3690685413005 8966 1.8320260747720973 257.701230228471 57000
205.6329135136868 503.7 8965 1.8310798587230748 257.5473684210526 57100
205.62458924277388 503.88091068301225 8964 1.8302223868420082 257.3975481611208 57200
205.62313536817632 504.00524475524475 8963 1.8293289017883863 257.23426573426576 57300
205.59226382942558 503.67015706806285 8963 1.8282377198178184 257.151832460733 57400
205.5461637957661 503.5121951219512 8962 1.8271022370101835 257.1184668989547 57500
205.50084860522117 503.4626086956522 8961 1.8263117096755705 257.0782608695652 57600
205.43166932034435 503.4947916666667 8959 1.8261172201002411 257.07118055555554 57700
205.3929794067993 503.1369150779896 8958 1.8259519722851094 257.0814558058926 57800
205.35430931555342 502.8979238754325 8957 1.8262170496110293 257.12456747404843 57900
205.34448568264636 502.86701208981003 8956 1.826445229721085 257.20034542314335 58000
205.3105117566845 502.8344827586207 8955 1.8265685296416925 257.3051724137931 58100
205.26285374913408 502.9931153184165 8954 1.8263291690054761 257.46127366609295 58200
205.24244998378992 503.2061855670103 8953 1.8259997638776582 257.61340206185565 58300
205.2542742027957 503.3636363636364 8952 1.8263325258607155 257.7409948542024 58400
205.23817299327644 503.1695205479452 8951 1.8261934257123507 257.90410958904107 58500
205.23530414826382 503.3299145299145 8951 1.8264905309675432 258.0444444444444 58600
205.27112416751487 503.641638225256 8950 1.8267183628259605 258.1996587030717 58700
205.29990158241606 503.77512776831344 8951 1.8275146137360674 258.3253833049404 58800
205.3655323593586 503.58843537414964 8951 1.8280747296057307 258.55272108843536 58900
205.40328509422423 503.848896434635 8952 1.828266752935073 258.72665534804753 59000
205.4354283705887 504.37118644067795 8952 1.828391658073003 258.8203389830509 59100
205.4717406964101 504.7901861252115 8953 1.8287525294919433 258.8815566835871 59200
205.53445619885034 505.2668918918919 8953 1.8289266268776296 258.9560810810811 59300
205.62562876107728 505.4991568296796 8955 1.8292917667065958 258.9662731871838 59400
205.68999599896136 505.72895622895624 8956 1.8301148139313015 258.973063973064 59500
205.78719985047448 505.8436974789916 8957 1.8307823062226316 259.01680672268907 59600
205.89593150441186 505.6359060402685 8958 1.8311361390421688 259.03187919463085 59700
206.00084803248356 505.40201005025125 8959 1.8313848085525415 259.0737018425461 59800
206.13216470318176 505.1973244147157 8959 1.8318374105722304 259.04013377926424 59900
206.30144432797317 505.57929883138564 8959 1.8317274273272157 259.0500834724541 60000
206.4506467100664 506.2866666666667 8959 1.8321560297631518 259.08166666666665 60100
206.60637574755526 506.7071547420965 8960 1.8326243830641056 259.1381031613977 60200
206.77056311645464 506.9435215946844 8960 1.8329024156503777 259.2093023255814 60300
206.90639638416567 507.4494195688226 8960 1.8332516293240413 259.2553897180763 60400
207.0006922282584 507.95198675496687 8959 1.8337390596967962 259.30629139072846 60500
207.05373035950436 508.1702479338843 8959 1.8341488011734317 259.29421487603304 60600
207.13736420758093 508.4504950495049 8958 1.8339660543980945 259.3217821782178 60700
207.22548858051508 508.6589785831961 8958 1.8342395864336825 259.29654036243824 60800
207.29662818907343 508.92105263157896 8957 1.8344357193048326 259.26973684210526 60900
207.3698711122693 508.9293924466338 8957 1.8344280863241063 259.2807881773399 61000
207.43880840818625 509.29016393442623 8957 1.8348112891632171 259.2737704918033 61100
207.51258523232954 509.8003273322422 8957 1.8347468755073928 259.2569558101473 61200
207.5921004321906 510.29411764705884 8956 1.8351283051522855 259.2173202614379 61300
207.68023112361095 510.605220228385 8956 1.8359047860755462 259.1647634584013 61400
207.77644407154057 510.89087947882734 8955 1.8363530048459624 259.1237785016287 61500
207.8960634916187 511.0536585365854 8955 1.836212593455969 259.17723577235773 61600
207.96556075730672 511.06168831168833 8955 1.8366196452875978 259.2305194805195 61700
208.02665013176767 511.1458670988655 8954 1.836496873682946 259.31118314424634 61800
208.11480188363294 511.4093851132686 8953 1.8366511152818703 259.42233009708735 61900
208.157601518342 511.8319870759289 8953 1.8369150068565363 259.47011308562196 62000
208.22384820465138 512.1338709677419 8952 1.836811478253102 259.5822580645161 62100
208.25992529735285 512.56038647343 8953 1.8369993637504287 259.6521739130435 62200
208.31566507161475 512.774919614148 8953 1.8372256956057782 259.70578778135047 62300
208.34586906506703 513.1797752808989 8952 1.837995916272112 259.6581059390048 62400
208.36859911861873 513.286858974359 8952 1.838050081264937 259.55128205128204 62500
208.37759887204643 513.2848 8951 1.8375853916111036 259.5024 62600
208.41471465901412 513.3115015974441 8951 1.8370461178225874 259.5047923322684 62700
208.43814911401864 513.4704944178628 8951 1.836592506117842 259.481658692185 62800
208.44227936378243 513.656050955414 8950 1.8366077311815936 259.45382165605093 62900
208.46859425043095 513.9348171701113 8950 1.8370893323779995 259.4403815580286 63000
208.4833338660267 514.1079365079365 8949 1.8374612994241117 259.44126984126984 63100
208.51813598655332 514.3708399366086 8949 1.8370186341871222 259.3755942947702 63200
208.4975522168262 514.8101265822785 8948 1.836697633723952 259.2768987341772 63300
208.50077428453199 514.9747235387046 8947 1.8365910509996342 259.1406003159558 63400
208.46102471289612 514.7965299684543 8947 1.8358485629989036 259.05047318611986 63500
208.44063595149007 514.5511811023622 8947 1.8352132620058856 258.99212598425197 63600
208.395298664355 514.5707547169811 8946 1.834686197128518 259.0172955974843 63700
208.30752841781378 514.5478806907379 8944 1.834656531942577 259.04395604395603 63800
208.23760667651956 514.5438871473355 8943 1.8347507017077223 259.0407523510972 63900
208.20839333449763 514.4804381846635 8941 1.8342459198927668 259.1095461658842 64000
208.14426454179147 514.3234375 8940 1.8337608630238869 259.078125 64100
208.1190517409881 514.1996879875195 8938 1.832825265036629 259.06864274570984 64200
208.10264197818339 514.3457943925233 8936 1.8317377107057549 259.0342679127726 64300
208.11531078079554 514.7185069984448 8934 1.8306271498163578 258.9984447900467 64400
208.13269626316347 515.0791925465838 8933 1.8295762476487023 259.01552795031057 64500
208.1629532590753 515.2341085271318 8932 1.8288643005521468 258.98604651162793 64600
208.20156684438865 515.0077399380805 8931 1.8281584446007226 258.93188854489165 64700
208.25354742531715 514.6955177743431 8930 1.8278168440018696 258.86553323029364 64800
208.27006706373703 514.2885802469136 8930 1.8273999851495402 258.891975308642 64900
208.29530336231753 513.8767334360555 8929 1.8273200317118394 258.8998459167951 65000
208.3364629638467 513.6353846153846 8928 1.8276780008938212 258.88461538461536 65100
208.3451643771626 514.2073732718894 8927 1.8279753873682463 258.85407066052227 65200
208.39188863090598 514.6365030674847 8927 1.8283392554724427 258.8634969325153 65300
208.39811878153424 515.4088820826953 8928 1.8286998841581419 258.8866768759571 65400
208.4007761209908 515.5871559633027 8927 1.829025521440265 258.89449541284404 65500
208.4263235700809 515.6335877862596 8927 1.8292533616664102 258.83664122137407 65600
208.4556850162942 515.3368902439024 8927 1.8292153959109536 258.7987804878049 65700
208.49937817289793 515.2907153729071 8928 1.8295791195369366 258.7732115677321 65800
208.53593124646196 515.1155015197569 8927 1.8299071976918266 258.77659574468083 65900
208.5818776741332 515.0288315629742 8928 1.83002735506876 258.8270106221548 66000
208.6267021539103 514.9909090909091 8928 1.829871666238766 258.9787878787879 66100
208.66519441495612 515.2723146747353 8928 1.8296919982279831 259.1543116490166 66200
208.6733251217957 515.6691842900302 8928 1.8293450314632882 259.1797583081571 66300
208.69466707607498 515.7812971342383 8928 1.828814002346862 259.19607843137254 66400
208.7361107528179 515.5828313253012 8927 1.8284694029457371 259.2394578313253 66500
208.75802564681416 515.4541353383458 8927 1.8282488747936656 259.3187969924812 66600
208.79643756650484 515.2462462462463 8926 1.827960758820047 259.3918918918919 66700
208.8764308639285 515.04047976012 8926 1.8279746247023643 259.45427286356824 66800
208.9405643010186 514.8547904191616 8925 1.8277447504208506 259.5 66900
209.02179471822717 514.762331838565 8925 1.827404324784945 259.5067264573991 67000
209.0871580006858 514.6089552238806 8925 1.8267962586285496 259.5 67100
209.16128894008676 514.5141579731744 8925 1.8263548517526471 259.4843517138599 67200
209.2354188198376 514.296130952381 8924 1.8261066666579038 259.4479166666667 67300
209.2847887357535 514.0861812778603 8925 1.8260975928590064 259.3789004457652 67400
209.32375201953315 513.7388724035608 8925 1.8263871759493413 259.27299703264094 67500
209.3774837236964 513.3703703703703 8925 1.8265433700321099 259.19703703703703 67600
209.39821856940682 513.4245562130177 8924 1.8265225958160862 259.1834319526627 67700
209.42278815261517 514.0856720827179 8923 1.8265326559896713 259.1403249630724 67800
209.43628050965282 514.8082595870206 8923 1.8264746934329803 259.14159292035396 67900
209.47337914187463 515.1885125184094 8923 1.8264992332878682 259.119293078056 68000
209.50752785479213 515.1205882352941 8923 1.827192429033659 259.08676470588233 68100
209.54626954576256 515.2569750367107 8923 1.8276297382421263 259.02055800293687 68200
209.57519428174595 515.124633431085 8923 1.828187954657216 258.92961876832845 68300
209.6064239664862 515.1493411420205 8924 1.828114147663249 258.9311859443631 68400
209.60193746878116 515.4751461988304 8924 1.8284002520143403 258.9035087719298 68500
209.60370833428087 515.7562043795621 8924 1.828437125422473 258.9328467153285 68600
209.60304903433502 515.7667638483965 8925 1.8283592287381838 258.9810495626822 68700
209.58693916359715 515.7438136826784 8924 1.8283605519753667 258.9534206695779 68800
209.55253636768705 515.5886627906976 8924 1.8278486768652142 258.9345930232558 68900
209.5425058349076 515.2743105950653 8923 1.8272691743277774 258.92162554426704 69000
209.54107915040075 514.8492753623188 8923 1.826590486189584 258.84492753623186 69100
209.53449307204983 514.4471780028944 8922 1.8259731338217267 258.77713458755426 69200
209.55608821390436 514.121387283237 8921 1.8252729752679873 258.6921965317919 69300
209.57798758351808 513.8686868686868 8920 1.824745105836806 258.6753246753247 69400
209.60582773061427 513.835734870317 8919 1.8239824393232869 258.63544668587895 69500
209.6437879413074 513.8388489208633 8919 1.823266042945155 258.59280575539566 69600
209.62906015452248 514.2068965517242 8919 1.8229975050046645 258.5431034482759 69700
209.61225251711002 514.2209469153515 8920 1.8235517443455207 258.52654232424675 69800
209.61184224010904 514.0429799426934 8920 1.8240092019365115 258.55587392550143 69900
209.60016986787176 513.9442060085837 8920 1.8241392225589503 258.6080114449213 70000
209.58497736426855 513.8257142857143 8920 1.8241103401961911 258.68285714285713 70100
209.55262033488222 513.8216833095578 8920 1.823803043922265 258.74179743223965 70200
209.50471341890363 513.7706552706553 8920 1.824442537125691 258.75783475783476 70300
209.4521430993677 513.6344238975818 8921 1.825008368825686 258.800853485064 70400
209.39525167754434 513.4147727272727 8920 1.8255474840042651 258.82102272727275 70500
209.3211260868523 513.2907801418439 8920 1.826421686814353 258.822695035461 70600
209.26042382910902 513.0481586402266 8919 1.8275367217673584 258.8441926345609 70700
209.22244927778985 512.8203677510609 8918 1.8287572867867485 258.8826025459689 70800
209.19464695648944 512.6525423728814 8918 1.829578613232327 258.88418079096044 70900
209.19338922465005 512.5458392101551 8918 1.8304337878764245 258.8956276445698 71000
209.20369803490925 512.2957746478874 8918 1.8303475864417122 258.86619718309856 71100
209.1961772506749 512.0661040787624 8917 1.8301039792275087 258.8551336146273 71200
209.2199421095318 511.814606741573 8917 1.830069501104374 258.7991573033708 71300
209.23471444371754 511.7405329593268 8916 1.8299287721122637 258.8008415147265 71400
209.23438393818034 511.53921568627453 8916 1.8295404006932652 258.76610644257704 71500
209.23037855944298 511.25734265734263 8915 1.8296712210042914 258.74545454545455 71600
209.20245109310113 510.9231843575419 8915 1.829013823152294 258.80307262569835 71700
209.22692869002378 510.5662482566248 8914 1.8285200800237693 258.77824267782427 71800
209.24234679417216 510.2075208913649 8913 1.82811348571434 258.8077994428969 71900
209.26168890731736 509.8442280945758 8912 1.827557794397034 258.79694019471486 72000
209.2907776971307 509.45694444444445 8911 1.8270256925220998 258.75138888888887 72100
209.3000801318819 509.0388349514563 8910 1.8262749138718808 258.7628294036061 72200
209.30139074497473 508.6246537396122 8909 1.825985088889504 258.7437673130194 72300
209.31813073170977 508.27524204702627 8907 1.825620655848163 258.79253112033194 72400
209.31893342307382 507.9185082872928 8906 1.8253510621005946 258.76795580110496 72500
209.32944134201364 507.69793103448274 8904 1.8252321370973974 258.73241379310343 72600
209.31733537809407 507.5275482093664 8903 1.8251285115642053 258.73002754820936 72700
209.33522518516128 507.3370013755158 8901 1.824910544789931 258.7138927097662 72800
209.32251245433397 507.125 8900 1.824300712147297 258.77197802197804 72900
209.31391108358798 506.81207133058984 8899 1.8235440956323175 258.82716049382714 73000
209.29539602479164 506.5123287671233 8899 1.8225115248737258 258.92739726027395 73100
209.26567959148355 506.31190150478795 8898 1.821697244712849 258.9671682626539 73200
209.25934712469373 506.1338797814208 8897 1.8209607849463727 258.92349726775956 73300
209.2584237647308 505.9795361527967 8896 1.8206118853643234 258.8963165075034 73400
209.26700328977645 505.8106267029973 8895 1.8202034677185046 258.9141689373297 73500
209.25124345393417 505.8530612244898 8895 1.820181895416965 258.92108843537414 73600
209.21836816320882 505.77309782608694 8895 1.8199522498942486 258.94972826086956 73700
209.16133995894876 505.6974219810041 8895 1.8198912563394398 258.9810040705563 73800
209.10687578526742 505.44173441734415 8895 1.8196958422734997 259.0406504065041 73900
209.05547808169797 505.20162381596754 8894 1.8194323837589212 259.05412719891746 74000
209.0246110378323 504.9527027027027 8894 1.8194061237808685 259.11621621621623 74100
209.00922206214028 504.7962213225371 8893 1.8193865177417317 259.17543859649123 74200
208.99998989262048 504.85714285714283 8893 1.819170485924143 259.2897574123989 74300
209.00520062570843 504.835800807537 8892 1.8191254573908862 259.4293405114401 74400
209.04093131981685 504.7486559139785 8892 1.8188516121731357 259.50940860215053 74500
209.06000395533226 504.6939597315436 8892 1.818458946639311 259.6214765100671 74600
209.10047192207156 504.5026809651475 8891 1.8182789889713171 259.642091152815 74700
209.10344398991518 504.3560910307898 8891 1.8180760273618062 259.7161981258367 74800
209.1128366106625 504.26737967914437 8891 1.8177520722126026 259.6938502673797 74900
209.12594275417794 504.2029372496662 8890 1.8174112817290078 259.70761014686246 75000
209.1169128704223 504.148 8890 1.816806248504884 259.75733333333335 75100
209.12566474249346 503.87083888149135 8890 1.8163104271945505 259.7829560585885 75200
209.15508373646853 503.58909574468083 8889 1.815959790428264 259.7686170212766 75300
209.15643264283537 503.3413014608234 8889 1.815748878166265 259.7410358565737 75400
209.14302759273914 503.079575596817 8888 1.8153650146534102 259.7440318302387 75500
209.14137720212847 502.79470198675494 8888 1.814998255082295 259.71920529801326 75600
209.1544843049211 502.60185185185185 8887 1.8149453473374773 259.6679894179894 75700
209.16872566219513 502.33949801849406 8887 1.8152612108866404 259.62747688243064 75800
209.1586108459063 502.1873350923483 8886 1.815354156895648 259.6292875989446 75900
209.1527624387015 501.95652173913044 8886 1.8149893444866436 259.57444005270094 76000
209.15128173705332 501.71447368421053 8885 1.8151260939266862 259.4894736842105 76100
209.11768449672115 501.48357424441525 8884 1.8147119991909086 259.48226018396844 76200
209.0771679799439 501.2296587926509 8883 1.814226083764732 259.46062992125985 76300
209.02933271702412 500.9449541284404 8883 1.813992974397234 259.478374836173 76400
208.9814464747625 500.68586387434556 8882 1.813670428053216 259.53010471204186 76500
208.93155723639813 500.7045751633987 8881 1.813151468888005 259.53071895424836 76600
208.88596549563331 500.68146214099215 8880 1.8124459542716072 259.5313315926893 76700
208.82013739298193 500.60365058670146 8879 1.811567783391056 259.49282920469363 76800
208.76061492046233 500.2200520833333 8877 1.810697066411194 259.4895833333333 76900
208.70856318266715 499.8673602080624 8876 1.8097171519648114 259.4876462938882 77000
208.67266491237734 499.74415584415584 8875 1.8087987713811744 259.4792207792208 77100
208.6356951966473 499.6277561608301 8873 1.8075449536013777 259.45784695201036 77200
208.58467288580567 499.48056994818654 8872 1.8063284718643702 259.38212435233163 77300
208.5308341205548 499.1410090556274 8871 1.80551364924648 259.22639068564035 77400
208.48083996145436 498.7906976744186 8870 1.8049289302894052 259.11498708010333 77500
208.44644764618747 498.4632258064516 8869 1.804914980246527 259.0154838709677 77600
208.4060839151879 498.1533505154639 8869 1.8050618925386306 258.944587628866 77700
208.36406154651735 497.93693693693695 8869 1.8051736428595486 258.8790218790219 77800
208.3338438474717 497.7005141388175 8869 1.804815213742086 258.82519280205656 77900
208.3069058029215 497.4788189987163 8868 1.8043597384997985 258.74069319640563 78000
208.30390601359943 497.11410256410255 8868 1.8042353248263 258.63589743589745 78100
208.30109795808485 496.71318822023045 8867 1.8041112297537576 258.5428937259923 78200
208.2954978399546 496.4219948849105 8867 1.803796687944461 258.4744245524297 78300
208.27996639813935 496.09833971902935 8867 1.8030504753099494 258.3690932311622 78400
208.28963490395785 495.89923469387753 8866 1.8022757325785759 258.2423469387755 78500
208.31375762836296 495.68535031847136 8866 1.801253725275928 258.1171974522293 78600
208.32990924533888 495.52162849872775 8866 1.8003155268814726 257.98600508905855 78700
208.37209789845616 495.3481575603558 8866 1.7993797127269013 257.87547649301143 78800
208.40294283171758 495.2258883248731 8866 1.7987239119438116 257.7753807106599 78900
208.42654946509137 495.0722433460076 8866 1.798152431810748 257.6742712294043 79000
208.4639885468322 494.91645569620255 8866 1.7975640532050803 257.5886075949367 79100
208.47644234767736 494.75221238938053 8865 1.7966482588669035 257.5790139064475 79200
208.47434569517205 494.4141414141414 8865 1.795998515209308 257.55176767676767 79300
208.43648061868777 494.0769230769231 8865 1.7952526727620648 257.5498108448928 79400
208.4374340899543 494.02644836272043 8864 1.7946289288417097 257.5113350125945 79500
208.42109038067358 493.9874213836478 8863 1.7939196713598575 257.5207547169811 79600
208.4106954658223 493.91331658291455 8863 1.7936102484657106 257.48743718592965 79700
208.39931840010857 493.72772898368885 8862 1.7933559182805705 257.48808030112923 79800
208.38008372146564 493.7794486215539 8861 1.7932528546124384 257.49624060150376 79900
