0 Infinity null 0 NaN 0
0 Infinity null 0 NaN 100
0.05099894847528917 32.0 2831 0.0 0.0 200
0.13466437161910247 22.5 2469 0.0 0.0 300
0.3340260391892813 19.333333333333332 2471 0.0 0.0 400
0.6348653237844843 18.75 2538 0.0 0.0 500
1.0757551986127993 19.8 2658 0.0 0.0 600
1.650590166113221 21.166666666666668 2786 0.0 0.0 700
2.327528698325463 23.285714285714285 2947 0.0 0.0 800
3.0182338093371097 26.125 3108 0.0 0.0 900
3.9520821079785224 30.22222222222222 3275 0.0 0.0 1000
5.055972183925485 36.3 3436 0.0 0.0 1100
6.263740129632496 38.81818181818182 3598 0.0202020202020202 7.909090909090909 1200
7.565196490326509 42.0 3754 0.05639730639730639 14.916666666666666 1300
8.991392408346316 44.53846153846154 3919 0.08795648795648794 26.153846153846153 1400
10.552629223810042 49.42857142857143 4059 0.12759224902082042 39.42857142857143 1500
11.960423187720222 52.46666666666667 4209 0.1487157287157287 48.4 1600
13.183349857885343 55.5625 4339 0.1776154401154401 58.1875 1700
14.362861700136424 58.11764705882353 4464 0.20918427977251505 68.17647058823529 1800
15.7056576847154 60.77777777777778 4576 0.24478515311848645 80.0 1900
17.049580293542522 65.05263157894737 4700 0.27576137312979415 84.3157894736842 2000
18.470601008546417 68.2 4816 0.3057233044733044 89.35 2100
20.085340817010938 72.42857142857143 4933 0.3367999725142582 93.47619047619048 2200
21.85191992058739 76.13636363636364 5049 0.3742181555817919 96.27272727272727 2300
23.705257121620917 79.91304347826087 5170 0.4170782357738879 98.47826086956522 2400
25.695567697866963 83.25 5278 0.4670076682576682 101.70833333333333 2500
27.51692048842543 86.72 5382 0.4970230137012745 104.24 2600
29.229540975898765 89.84615384615384 5486 0.5307913593281486 108.3076923076923 2700
31.089336711392527 93.92592592592592 5585 0.5532780139635045 113.44444444444444 2800
32.92092677704589 97.67857142857143 5681 0.5823276087029031 118.64285714285714 2900
34.830515972765504 100.96551724137932 5765 0.6065823217032955 122.20689655172414 3000
36.638902699479196 112.6 5854 0.6186861433030847 123.86666666666666 3100
38.48272321266258 118.80645161290323 5939 0.632829908265658 126.6774193548387 3200
40.721614366747154 125.375 6023 0.6416998069656895 129.125 3300
42.970356204091296 134.0909090909091 6102 0.6552311853642337 131.06060606060606 3400
45.40802418772351 143.58823529411765 6176 0.6741154827740298 132.47058823529412 3500
48.079074729578245 152.65714285714284 6255 0.6857430712970883 134.0857142857143 3600
50.59243475164492 157.38888888888889 6335 0.6962645451230652 136.88888888888889 3700
52.582378272183156 158.48648648648648 6420 0.7137400207374998 138.48648648648648 3800
54.20735974841521 159.1578947368421 6487 0.7272154531289577 142.05263157894737 3900
55.60907355350272 164.5897435897436 6552 0.7396489341287591 144.82051282051282 4000
57.06462449244293 168.775 6616 0.757187122540246 147.3 4100
58.773339035129496 174.09756097560975 6677 0.7710003491066962 149.85365853658536 4200
60.74113726273351 179.85714285714286 6743 0.7886976197061967 153.35714285714286 4300
62.645011464070585 182.1627906976744 6809 0.8068108743076238 155.93023255813952 4400
64.4157985772609 189.1818181818182 6873 0.8295096170632587 157.6818181818182 4500
65.88633606987361 196.11111111111111 6936 0.8574252763666149 159.04444444444445 4600
67.58859998553888 198.67391304347825 6998 0.8880183330184915 160.7173913043478 4700
69.45387205713095 201.0 7052 0.9152236167131336 162.4255319148936 4800
71.16082315273226 203.02083333333334 7101 0.9459249765501284 164.41666666666666 4900
72.93107497427718 205.42857142857142 7140 0.9701945716232918 166.81632653061226 5000
75.0476547630364 213.54 7182 0.9913462357463816 169.02 5100
76.63369797347927 223.47058823529412 7230 1.0100344359169318 172.41176470588235 5200
78.75055302067788 235.17307692307693 7280 1.0290722352262216 175.67307692307693 5300
80.82021180204661 240.75471698113208 7332 1.045861795295895 178.75471698113208 5400
82.86694501806072 244.25925925925927 7378 1.0661030377698393 180.9814814814815 5500
84.75929275600383 248.54545454545453 7418 1.0964519664948797 182.4 5600
86.30431591381308 249.67857142857142 7454 1.1299027701234885 184.01785714285714 5700
87.60576406963136 251.40350877192984 7485 1.1588737741564095 185.96491228070175 5800
89.05181071573423 256.7413793103448 7523 1.178035782710097 187.68965517241378 5900
90.52973707329748 263.7118644067797 7556 1.1919673796133157 188.94915254237287 6000
91.5835461405778 271.85 7589 1.2009300854485891 189.86666666666667 6100
92.2749693931274 276.72131147540983 7623 1.20561133792462 191.13114754098362 6200
92.99090764341116 281.11290322580646 7651 1.2159426687025108 191.75806451612902 6300
93.42835769263434 280.6666666666667 7681 1.2234749468259025 192.6031746031746 6400
93.78012114691899 279.875 7697 1.2277956507817478 193.4375 6500
94.35449835076949 282.0769230769231 7712 1.2303111691978146 195.07692307692307 6600
94.78984989609354 283.6060606060606 7729 1.236703028953052 196.5909090909091 6700
95.35171119389366 291.53731343283584 7746 1.2458242686247456 198.08955223880596 6800
96.12008623298634 297.4264705882353 7761 1.2533203169619633 198.98529411764707 6900
96.96044263914237 300.60869565217394 7774 1.263175578068795 199.7536231884058 7000
97.77067138414911 301.5285714285714 7787 1.2746333182578742 200.4142857142857 7100
98.49846149137181 303.84507042253523 7806 1.2839311955879837 201.14084507042253 7200
99.32627604733055 307.7638888888889 7830 1.2904043734270396 202.02777777777777 7300
100.25616234366221 312.71232876712327 7852 1.2961674794227118 203.12328767123287 7400
101.21858172129335 320.6081081081081 7873 1.30246122648328 204.1891891891892 7500
102.25074136580662 326.6533333333333 7899 1.3074284101301694 205.46666666666667 7600
103.1538826914441 329.86842105263156 7928 1.3133319515886621 206.5921052631579 7700
104.15400571882702 329.6233766233766 7958 1.3225589330460759 207.5194805194805 7800
105.21524889084786 329.96153846153845 7985 1.3350319537179793 208.21794871794873 7900
106.29676264979133 332.8354430379747 8004 1.3478649316367686 209.0759493670886 8000
107.38769692551598 333.3125 8025 1.359141619991309 210.4875 8100
108.22646178453587 334.55555555555554 8052 1.3701398715963544 211.30864197530863 8200
109.05306142414972 335.7073170731707 8075 1.3804343330925661 212.08536585365854 8300
109.90682947923774 338.0843373493976 8092 1.3932225997434542 213.04819277108433 8400
110.7674611969576 339.0357142857143 8110 1.3985522008287594 213.78571428571428 8500
111.62778699681718 341.05882352941177 8125 1.4038377759596743 214.43529411764706 8600
112.59505328469163 342.1511627906977 8139 1.4065640561501482 215.37209302325581 8700
113.61216738762556 344.17241379310343 8162 1.4108308805366725 216.3793103448276 8800
114.45397097915338 346.875 8180 1.4180671097080633 216.8409090909091 8900
115.3483133380068 350.6741573033708 8194 1.424350318894183 217.4494382022472 9000
116.41332460441305 354.7 8209 1.430982833081411 217.96666666666667 9100
117.27928229562005 358.45054945054943 8232 1.4358621426079887 218.94505494505495 9200
118.13249413598588 359.6521739130435 8251 1.4494992518239476 219.33695652173913 9300
118.95742109962458 361.0430107526882 8274 1.4634831308365934 219.3978494623656 9400
119.90660387523165 361.86170212765956 8295 1.4795695842968164 219.38297872340425 9500
120.86962277363382 362.5473684210526 8314 1.4914125482809626 219.9578947368421 9600
121.8772245946414 361.9895833333333 8333 1.5008285512906328 220.61458333333334 9700
122.93024435493125 363.4226804123711 8354 1.5074474027500813 221.0721649484536 9800
123.73605130318798 364.14285714285717 8372 1.5122118065420087 221.91836734693877 9900
124.36879873053884 366.6969696969697 8389 1.5212339641062855 222.73737373737373 10000
124.97036669773043 369.28 8403 1.5314062398498383 223.33 10100
125.72903941110431 372.03960396039605 8418 1.5386388984840453 224.14851485148515 10200
126.5290947975251 372.2647058823529 8430 1.5494466116462178 224.7058823529412 10300
127.30215868903576 371.0873786407767 8443 1.558164299116183 225.50485436893203 10400
128.49160686967346 370.27884615384613 8454 1.5628705947748642 226.3653846153846 10500
129.60318380212237 368.65714285714284 8461 1.5657638906976434 227.41904761904763 10600
130.6086830930229 368.27358490566036 8468 1.5687884166001527 228.45283018867926 10700
131.78392265854959 367.8130841121495 8474 1.5751029589164545 229.84112149532712 10800
132.7832222784724 368.80555555555554 8479 1.5802717586795736 231.03703703703704 10900
133.6862371371287 371.8348623853211 8485 1.581389702724481 231.92660550458714 11000
134.38715625380524 374.2909090909091 8491 1.5819629276492078 232.29090909090908 11100
135.24061641012327 374.76576576576576 8496 1.5853100037252783 232.45945945945945 11200
135.91397261779483 373.42857142857144 8500 1.590177189251023 232.69642857142858 11300
136.5867478908704 372.85840707964604 8502 1.5973026020648131 232.71681415929203 11400
137.37581573558063 372.1140350877193 8504 1.606975386257227 232.50877192982455 11500
137.9680061541835 370.6434782608696 8507 1.611994822257736 232.5304347826087 11600
138.43304083152083 371.2413793103448 8511 1.6178628231592147 232.4051724137931 11700
138.77956417309582 371.56410256410254 8514 1.6231639549108048 232.1965811965812 11800
139.27947170307536 372.06779661016947 8518 1.6239924826874772 232.28813559322035 11900
139.69587842055589 372.65546218487395 8522 1.6271522097237168 231.9579831932773 12000
140.19968221099904 374.6666666666667 8526 1.6310529254363366 231.39166666666668 12100
140.70977044681223 376.7190082644628 8533 1.6337085289648046 230.92561983471074 12200
141.31278297471192 376.7704918032787 8540 1.6347593177593944 230.5327868852459 12300
141.8197314243217 375.9268292682927 8551 1.637728754200375 230.2520325203252 12400
142.35790770773895 378.81451612903226 8559 1.6394096017161288 230.09677419354838 12500
142.76662074769283 382.872 8569 1.6398943249023996 230.168 12600
143.08011830146054 387.85714285714283 8578 1.6389929079545527 230.45238095238096 12700
143.48486931387257 388.8976377952756 8586 1.6371918331695279 230.5275590551181 12800
143.85879854273884 389.5859375 8594 1.6353810017026207 230.8046875 12900
144.06918305015947 389.31007751937983 8602 1.6346458043292713 231.0 13000
144.1765119256554 389.44615384615383 8605 1.6320153206561943 231.45384615384614 13100
144.4136013046588 390.59541984732823 8609 1.62979736717511 231.99236641221373 13200
144.8564972567063 390.1136363636364 8612 1.6314932851251875 232.15151515151516 13300
145.25552911473858 389.8872180451128 8615 1.6328969583060644 232.54135338345864 13400
145.57505027932663 390.2313432835821 8620 1.6354629823936797 232.83582089552237 13500
145.91829725079876 389.53333333333336 8626 1.6378411954065446 233.01481481481483 13600
146.17356138761755 388.75 8630 1.6389651401051626 233.47794117647058 13700
146.3420899676184 390.8540145985401 8635 1.6399981522567895 233.91970802919707 13800
146.56011824968405 392.94202898550725 8639 1.642606861298407 234.2608695652174 13900
146.90581483032665 394.58992805755395 8643 1.6448510238397527 234.6978417266187 14000
147.17024541723637 394.10714285714283 8651 1.6489184144857953 235.18571428571428 14100
147.52803774322956 395.0354609929078 8657 1.653311139793888 235.59574468085106 14200
147.93980837478503 398.2042253521127 8661 1.6571971754652564 236.33802816901408 14300
148.4359917696322 402.25174825174827 8667 1.6597649591606214 237.33566433566435 14400
148.97449165449936 405.34722222222223 8677 1.6633741412462224 238.01388888888889 14500
149.42526416900427 407.21379310344827 8687 1.6681297759719076 238.64137931034483 14600
149.87763784636556 410.0753424657534 8698 1.6722708547168075 239.013698630137 14700
150.3073773705584 412.53061224489795 8709 1.6753780751477443 239.68027210884352 14800
150.64222803571204 415.3445945945946 8716 1.6749559477873301 240.45945945945945 14900
150.936276463643 415.7718120805369 8724 1.6716844313592274 240.51006711409397 15000
151.24102694222134 415.7266666666667 8733 1.6701232018168324 240.38 15100
151.44222069810672 416.12582781456956 8740 1.6689965580961912 240.3774834437086 15200
151.56099682061753 417.17105263157896 8742 1.6649822618548462 240.63815789473685 15300
151.74099111478378 418.4901960784314 8749 1.6613239670577213 240.22875816993465 15400
151.98483192674516 420.46753246753246 8755 1.6601140711677362 239.9090909090909 15500
152.21339700086904 422.0709677419355 8761 1.6593882968222609 239.54193548387096 15600
152.4403423515349 424.13461538461536 8765 1.6591500527543117 239.32051282051282 15700
152.5174718641792 424.4331210191083 8770 1.6589510522701711 239.46496815286625 15800
152.52582990150538 425.4367088607595 8774 1.6600019949773217 239.3987341772152 15900
152.50825572965206 425.44654088050316 8781 1.6612827142770643 239.30817610062894 16000
152.51361791007486 424.70625 8787 1.6612720377383645 239.10625 16100
152.56755303575684 425.5217391304348 8790 1.6619425888656465 238.88819875776397 16200
152.75942485670305 427.28395061728395 8792 1.6641553393249038 238.8395061728395 16300
152.95682699188293 429.50306748466255 8797 1.6659601122942804 238.95092024539878 16400
153.25552611807228 429.3292682926829 8799 1.6664115750241935 239.0 16500
153.49854506302233 428.8606060606061 8802 1.66603433315536 239.16363636363636 16600
153.82994239371493 428.49397590361446 8805 1.665926585052907 239.16867469879517 16700
154.08252701455538 428.2694610778443 8807 1.6681665456214527 238.9760479041916 16800
154.2463431764137 428.6607142857143 8808 1.6698987904300713 238.86309523809524 16900
154.3264605163961 428.2130177514793 8811 1.670668620072497 238.82248520710058 17000
154.38487274203467 427.7294117647059 8814 1.6710764517191294 238.81176470588235 17100
154.45198965943973 427.7485380116959 8818 1.6703626690064044 238.74269005847952 17200
154.56025770741857 427.8720930232558 8821 1.6721580410858246 238.31976744186048 17300
154.70751706994685 429.0115606936416 8824 1.6735611369004804 237.97687861271677 17400
154.8424385517721 430.9425287356322 8827 1.6762753449259564 237.51724137931035 17500
154.98142720166842 433.8285714285714 8833 1.678373647302777 237.10285714285715 17600
155.2411147267949 435.5 8839 1.6803273323875467 236.83522727272728 17700
155.48581658040908 435.71751412429376 8846 1.6840625644906349 236.54237288135593 17800
155.74785438669494 437.52247191011236 8854 1.6840896786726474 236.40449438202248 17900
156.07248089850108 439.5418994413408 8861 1.6854979498128333 236.34078212290504 18000
156.5168981134197 443.31111111111113 8867 1.6865785167583176 236.2 18100
156.95269672937945 445.9171270718232 8877 1.6878681382126917 236.11602209944752 18200
157.3300117302792 448.15384615384613 8888 1.6885529286620724 236.02197802197801 18300
157.67839496420652 449.2841530054645 8897 1.6904649975680806 235.79781420765028 18400
158.09289330533701 450.5 8906 1.6919382229157456 235.58152173913044 18500
158.58651846855958 451.4216216216216 8913 1.6946429227502966 235.2108108108108 18600
159.0773060436689 452.258064516129 8921 1.6955745442855201 235.10752688172042 18700
159.45302317947008 453.59893048128345 8927 1.6968879235705614 235.12299465240642 18800
159.70080341756344 457.1329787234043 8937 1.6979343549413384 235.33510638297872 18900
159.9653484914393 462.35449735449737 8946 1.699850046185035 235.39153439153438 19000
160.1681844899146 467.34736842105264 8954 1.699785045941956 235.5842105263158 19100
160.3175422687999 469.0418848167539 8959 1.7005020598054927 235.67539267015707 19200
160.44942183555054 470.9166666666667 8963 1.7020619449106726 235.890625 19300
160.4788832670008 472.76683937823833 8969 1.7032523917340276 236.05181347150258 19400
160.5631621418579 474.9020618556701 8975 1.7033762078965984 236.31958762886597 19500
160.6560830736283 476.1384615384615 8979 1.701264876915932 236.55384615384617 19600
160.74789081668314 477.0612244897959 8981 1.701281614556899 236.7908163265306 19700
160.8446239630808 477.3604060913706 8983 1.7016944423797176 236.60406091370558 19800
160.92366530825618 477.7828282828283 8985 1.7012668001282834 236.489898989899 19900
160.9962690208034 478.04522613065325 8989 1.6979522265933005 236.82914572864323 20000
161.11186881999586 478.095 8991 1.6953448184015105 236.76 20100
161.27669976123292 478.39800995024876 8992 1.6917897159754791 236.65671641791045 20200
161.4849636648396 478.96534653465346 8993 1.6890067452509947 236.37623762376236 20300
161.7745400408607 479.01477832512313 8996 1.6857917545668206 236.03940886699507 20400
162.1293103166233 479.04411764705884 9001 1.6824300302797284 235.80882352941177 20500
162.55603363412553 480.66829268292685 9008 1.6823531358230794 235.51707317073172 20600
163.0305203890651 481.6504854368932 9013 1.6831336412555011 235.21844660194174 20700
163.33825519026806 482.6183574879227 9018 1.6849378447933243 235.03864734299518 20800
163.7088229005772 484.25961538461536 9024 1.686348051643189 234.9375 20900
164.09105968453852 484.92344497607655 9032 1.689588665576171 234.70334928229664 21000
164.44426348087487 484.9142857142857 9041 1.693231316952215 234.57142857142858 21100
164.84415997278916 483.8815165876777 9047 1.6960723198426275 234.55924170616115 21200
165.21962974756372 483.811320754717 9055 1.698179795422885 234.47169811320754 21300
165.70732976216863 483.6666666666667 9059 1.6984741135909343 234.53521126760563 21400
166.21441268640712 483.39252336448595 9063 1.69871488876107 234.54205607476635 21500
166.63959451154102 482.9674418604651 9065 1.6979069125342743 234.74418604651163 21600
166.99974260504365 483.56944444444446 9068 1.6967702182743052 234.92592592592592 21700
167.3595532459669 484.31336405529953 9071 1.6950204622948462 234.82488479262673 21800
167.72390264584746 486.91284403669727 9074 1.6937818363210166 234.6697247706422 21900
168.1290634048073 489.06849315068496 9078 1.6942891249623842 234.2785388127854 22000
168.39435476591507 490.21363636363634 9082 1.6943483429087856 234.04545454545453 22100
168.71782693960313 489.59276018099547 9085 1.6968626038006012 233.8054298642534 22200
169.0209625325393 488.990990990991 9088 1.6992168812389856 233.75225225225225 22300
169.27197917216853 489.0224215246637 9090 1.7002375645890022 233.73991031390133 22400
169.5315576701678 489.2857142857143 9093 1.7005128645770191 233.92410714285714 22500
169.7396721817581 489.29777777777775 9094 1.7008103267809662 234.0311111111111 22600
169.89577617930448 488.8053097345133 9094 1.7010022547443762 234.42477876106196 22700
170.043460645711 488.11453744493394 9096 1.7011702202952055 234.91629955947135 22800
170.08062726631076 487.4736842105263 9097 1.7011744195902898 235.50438596491227 22900
170.23187741123115 487.646288209607 9098 1.7010856713118596 236.1528384279476 23000
170.36535481528009 487.795652173913 9097 1.7022965676832633 236.5304347826087 23100
170.4296115477432 489.23376623376623 9097 1.7041379659810332 236.98701298701297 23200
170.4729612047268 489.44827586206895 9099 1.70472749669193 237.43534482758622 23300
170.4957220416802 490.0386266094421 9101 1.7052483527427016 237.93991416309012 23400
170.58864833605205 489.5128205128205 9101 1.7057647570323557 238.13247863247864 23500
170.67832852927006 488.9191489361702 9100 1.7063962545201614 238.2127659574468 23600
170.8015259698022 489.06779661016947 9100 1.708100912984796 238.3177966101695 23700
171.00579344234475 488.0 9101 1.7099609773612854 238.39662447257385 23800
171.2615799827417 487.07142857142856 9100 1.7121630007891433 238.50420168067228 23900
171.49030614783578 486.6150627615063 9098 1.7148807377216555 238.63598326359832 24000
171.69669029626897 486.60833333333335 9099 1.7180573710114517 238.84583333333333 24100
171.873261151595 487.0995850622407 9100 1.7207091780078476 239.04979253112035 24200
172.00369856711276 487.26446280991735 9101 1.7245197067882168 239.18595041322314 24300
172.144419670354 488.30452674897117 9104 1.7268291494998464 239.34979423868313 24400
172.2873793652887 489.29918032786884 9105 1.7288483423097734 239.50409836065575 24500
172.43371533827695 490.28979591836736 9107 1.7332592625841163 239.5387755102041 24600
172.68285278822586 490.3821138211382 9108 1.7365696682143394 239.5121951219512 24700
172.96417811688036 490.2712550607287 9111 1.7385471189503139 239.5748987854251 24800
173.26679383228196 490.0766129032258 9114 1.7395137066544062 239.70967741935485 24900
173.55600808949555 489.9598393574297 9117 1.7432372125179092 239.78313253012047 25000
173.87287710526587 490.032 9118 1.7467642636678378 239.852 25100
174.2228935176167 490.66533864541833 9120 1.7487056114348642 239.9641434262948 25200
174.61168194434546 491.16269841269843 9121 1.7501606868473634 240.0 25300
174.9816292415417 492.57312252964425 9123 1.7515210778979329 240.08300395256916 25400
175.3787396580714 492.6456692913386 9125 1.7543949377545611 239.96062992125985 25500
175.8376807472518 492.5098039215686 9127 1.7556332926598235 239.85098039215686 25600
176.29201892500652 492.04296875 9130 1.7567934422156342 239.76171875 25700
176.73835069592968 491.91050583657585 9134 1.7582349958539887 239.82490272373542 25800
177.276979012333 492.1821705426357 9138 1.7583676231188516 239.77906976744185 25900
177.74965627939216 492.94980694980694 9140 1.75884633091058 239.77992277992277 26000
178.30431641913927 494.6384615384615 9144 1.76046615271477 239.73461538461538 26100
178.85717017371402 496.2107279693487 9149 1.764177648936808 239.80842911877394 26200
179.4243799973914 497.25954198473283 9154 1.7697692100731817 239.81297709923663 26300
179.86148225937202 497.96958174904944 9158 1.774142711175565 239.67300380228136 26400
180.19323807231714 499.5568181818182 9162 1.777550932131257 239.5909090909091 26500
180.4416890356776 499.6188679245283 9166 1.7812807680356995 239.5320754716981 26600
180.68830418735877 500.0375939849624 9171 1.7838627392324937 239.55263157894737 26700
180.8706245103422 500.5805243445693 9175 1.7859749615086136 239.6067415730337 26800
181.11622070295408 500.4514925373134 9181 1.7888377097468715 239.46268656716418 26900
181.35206046776736 500.275092936803 9185 1.7916879619617736 239.37546468401487 27000
181.58923860277073 500.55185185185184 9189 1.7933854139545078 239.1962962962963 27100
181.80313931077566 500.4169741697417 9190 1.7940709536324126 239.02214022140222 27200
182.07522971384964 500.00735294117646 9192 1.7948280457146464 238.97058823529412 27300
182.4091654768817 499.4981684981685 9197 1.7963271431026993 238.93406593406593 27400
182.7923298959905 498.9160583941606 9202 1.7971434673979447 238.8905109489051 27500
183.11025136978378 498.59272727272725 9205 1.797461547096917 238.75272727272727 27600
183.37321015428304 498.213768115942 9208 1.799351718796458 238.7246376811594 27700
183.57007680558453 497.9097472924188 9211 1.8014586754917932 238.72202166064983 27800
183.8304576651956 498.841726618705 9215 1.8046188960835494 238.67625899280574 27900
184.09791393485852 499.5376344086022 9219 1.808391383399174 238.66666666666666 28000
184.302190213943 500.4714285714286 9223 1.8100232217529233 238.6 28100
184.46692713714373 500.29537366548044 9226 1.810343423810742 238.55871886120997 28200
184.6417090038933 500.4113475177305 9229 1.81049061681798 238.5212765957447 28300
184.79032077533236 500.31095406360424 9230 1.8097468337196834 238.4946996466431 28400
184.92809160073085 500.5457746478873 9231 1.8090082885305296 238.32746478873239 28500
185.1376083275507 500.19649122807016 9231 1.808819143801708 238.2877192982456 28600
185.24123418963993 499.59090909090907 9232 1.8092595754971412 238.25874125874125 28700
185.2514008378231 499.18466898954705 9232 1.8104661816994354 238.2334494773519 28800
185.27106867662158 498.60069444444446 9232 1.8109072713463124 238.22916666666666 28900
185.26530695081715 498.1764705882353 9232 1.8107141736628178 238.16955017301038 29000
185.2144116037858 497.8034482758621 9233 1.8107461937536358 238.13793103448276 29100
185.2478400202706 496.9587628865979 9233 1.809059780716682 238.12714776632302 29200
185.26526705801248 496.2260273972603 9232 1.8083580919699351 237.97260273972603 29300
185.2375907741279 495.8941979522184 9231 1.807124134354469 237.8703071672355 29400
185.15693538464697 496.69727891156464 9229 1.8052472466489649 238.03401360544217 29500
185.11510788811722 497.58983050847456 9228 1.8033650525925276 238.0949152542373 29600
185.05010063793708 498.5371621621622 9226 1.801458854559386 238.1081081081081 29700
184.99597067096633 498.023569023569 9225 1.8008745048024324 238.05723905723906 29800
184.9202261811854 497.2718120805369 9225 1.7993055746968316 238.0503355704698 29900
184.90086601561882 496.24414715719064 9224 1.7987670873979806 238.07692307692307 30000
184.88272015285824 495.17333333333335 9222 1.798171197106654 238.03 30100
184.83541100348464 494.30232558139534 9221 1.7969889263265912 238.04318936877075 30200
184.79293269897747 493.71523178807945 9220 1.7958493278575605 238.05960264900662 30300
184.77032002318657 493.5907590759076 9219 1.7951531441365036 237.990099009901 30400
184.78516261749874 493.92105263157896 9220 1.7947098027363524 237.98026315789474 30500
184.81173637598877 494.32459016393443 9221 1.7940219203023884 238.06229508196722 30600
184.77956302318103 493.98039215686276 9221 1.7933494149880593 237.98366013071896 30700
184.76597336003698 493.3941368078176 9221 1.7918301109552746 237.96091205211727 30800
184.74341821427373 492.72402597402595 9221 1.7916446037039617 237.9318181818182 30900
184.7950107154123 492.0453074433657 9221 1.791577253314413 238.0097087378641 31000
184.8710143664204 491.68709677419355 9221 1.791668939594044 238.14193548387098 31100
184.96874060370035 491.2282958199357 9221 1.7926669199050809 238.3183279742765 31200
185.07296381113386 490.46153846153845 9221 1.7942861680477746 238.55448717948718 31300
185.17486733453947 490.50798722044726 9222 1.7966074049975689 238.77955271565494 31400
185.29069007449752 490.8248407643312 9223 1.798570577205414 239.11783439490446 31500
185.43393134829475 491.33968253968254 9224 1.800966199148767 239.34920634920636 31600
185.55541167662525 491.5189873417722 9227 1.8042331837506171 239.4493670886076 31700
185.75498312543556 492.1892744479495 9229 1.80678211660301 239.53943217665616 31800
185.95771260387136 492.7830188679245 9231 1.8078580727464368 239.67924528301887 31900
186.17436734029033 493.0407523510972 9232 1.8083324476703333 239.6551724137931 32000
186.3826126826854 492.85 9233 1.8089951842815677 239.459375 32100
186.61686961364268 492.60747663551405 9233 1.809340993676329 239.34579439252337 32200
186.91862221010265 492.22360248447205 9234 1.8096027204701184 239.33540372670808 32300
187.1295831325997 491.66873065015477 9236 1.8093813350757688 239.40557275541795 32400
187.32540917675416 490.962962962963 9237 1.8097322473844144 239.53703703703704 32500
187.546342699174 490.49538461538464 9238 1.8108699548678076 239.5723076923077 32600
187.73303050656932 490.47852760736197 9239 1.8107767580886978 239.62269938650306 32700
187.83750084440354 490.9418960244648 9239 1.8105908964431665 239.71865443425077 32800
187.91841687769804 491.2713414634146 9240 1.8104393070186977 239.8658536585366 32900
188.01464684118923 491.2948328267477 9241 1.8111568520669903 239.88145896656536 33000
188.11941869634634 491.3363636363636 9241 1.8118700483574144 239.97878787878787 33100
188.26361459838634 490.6676737160121 9242 1.8116278648792143 240.13595166163142 33200
188.36927958052905 489.894578313253 9242 1.8108398291416261 240.07831325301206 33300
188.4590983429865 489.45345345345345 9242 1.8096060759009605 240.14114114114113 33400
188.56986066923162 489.5389221556886 9241 1.8090533630988619 240.1317365269461 33500
188.70667325415965 489.8059701492537 9240 1.8080216056990037 240.1044776119403 33600
188.87771898995092 490.42857142857144 9237 1.8066797046616343 240.1279761904762 33700
189.02735598726642 490.4272997032641 9236 1.8050278361018075 240.29376854599406 33800
189.05969912500706 490.00887573964496 9235 1.803895275113998 240.3343195266272 33900
189.13146758056024 489.8613569321534 9234 1.8026300973113019 240.4660766961652 34000
189.12608990307115 489.55882352941177 9234 1.8023609238224778 240.49705882352941 34100
189.15432608028948 489.2903225806452 9233 1.8013764831856574 240.48973607038124 34200
189.18557069919166 488.63157894736844 9232 1.8005885838009537 240.49415204678363 34300
189.1774792704449 488.2332361516035 9231 1.7999551865692698 240.48396501457725 34400
189.15707947561148 487.96220930232556 9232 1.7994320610269172 240.38372093023256 34500
189.23756046834364 488.1246376811594 9232 1.7981739524888236 240.40579710144928 34600
189.36423490770747 488.21676300578036 9232 1.7968871525581351 240.46242774566474 34700
189.51113498067681 488.4149855907781 9232 1.7960315699859215 240.60230547550432 34800
189.65881254719147 488.2068965517241 9233 1.795913956396354 240.73850574712642 34900
189.81050406322728 488.5787965616046 9233 1.7959256642576822 240.86819484240687 35000
189.92338311945554 489.1171428571429 9233 1.7964537887334298 240.97714285714287 35100
190.15073473753606 489.50997150997154 9233 1.7974557669653806 241.0911680911681 35200
190.341240535596 489.3948863636364 9234 1.7978733484354914 241.07670454545453 35300
190.4675297703054 488.8385269121813 9236 1.7988131679289594 241.10481586402267 35400
190.6430260292073 488.9124293785311 9237 1.800142031209473 241.18361581920905 35500
190.86112583499173 489.1154929577465 9238 1.8014230450955993 241.37464788732393 35600
191.13598539933741 489.685393258427 9240 1.8038535047067539 241.5365168539326 35700
191.4785871691843 490.03081232492997 9242 1.8058827718834642 241.73669467787116 35800
191.8244241055209 490.20949720670393 9244 1.8097210881631192 241.8240223463687 35900
192.19517229073915 490.9526462395543 9246 1.8127687902959413 241.99721448467966 36000
192.5353239272703 491.3777777777778 9249 1.815903256074531 242.01111111111112 36100
192.84119693762938 491.63157894736844 9251 1.8190702378401677 241.99168975069253 36200
193.19198124022415 491.94198895027625 9254 1.8215995849111921 241.95027624309392 36300
193.51104993722706 492.5289256198347 9254 1.824845867046423 241.87878787878788 36400
193.8757725706291 493.2087912087912 9256 1.8270128739051865 241.8846153846154 36500
194.2427296055847 494.4164383561644 9258 1.8296177092582624 241.8739726027397 36600
194.65030156467165 495.58469945355193 9261 1.8312742112436153 241.8360655737705 36700
194.97975203881597 495.86376021798367 9264 1.8332804601709287 241.75476839237058 36800
195.3242118305356 495.2880434782609 9268 1.8336619921012423 241.82608695652175 36900
195.6090808940293 495.7479674796748 9269 1.8338988231025368 241.90243902439025 37000
195.8178440587518 495.9513513513514 9269 1.832684543539058 241.96756756756756 37100
195.9992276342489 495.8544474393531 9268 1.8312290135748805 242.05390835579516 37200
196.11565326379036 495.60752688172045 9268 1.8296484066653869 242.0241935483871 37300
196.1882889439741 495.24396782841825 9268 1.8282667372488193 242.0911528150134 37400
196.2422580476967 494.6524064171123 9267 1.8267396680506751 242.22192513368984 37500
196.32230575842993 494.432 9265 1.8251276215284657 242.22133333333332 37600
196.4567761113499 494.093085106383 9264 1.8240282520719602 242.33244680851064 37700
196.53956254187784 494.0026525198939 9261 1.8229035086977639 242.43501326259948 37800
196.60209063695686 493.93650793650795 9259 1.8221227527958592 242.52910052910053 37900
196.62129098020787 493.9788918205805 9257 1.8211036886351775 242.52770448548813 38000
196.65848378935334 493.8315789473684 9255 1.8199550352035463 242.43421052631578 38100
196.64529090345246 493.90813648293965 9253 1.8184759150492333 242.3517060367454 38200
196.57836734319764 493.9188481675393 9250 1.8169374158757257 242.3062827225131 38300
196.53317912925326 494.57963446475196 9246 1.8149349683146923 242.355091383812 38400
196.4811179577571 494.9505208333333 9244 1.813480476877441 242.2734375 38500
196.40426780330924 495.1974025974026 9241 1.811662699959932 242.29090909090908 38600
196.28043726331975 494.82124352331607 9239 1.8100022569738103 242.40673575129534 38700
196.18307922826682 494.5426356589147 9236 1.809351448906394 242.41602067183462 38800
196.12315427486772 494.3943298969072 9233 1.8090450693743574 242.3737113402062 38900
196.10113863948075 493.9511568123393 9231 1.808927107485829 242.41902313624678 39000
196.0693419493584 494.3205128205128 9229 1.8086335621959795 242.47692307692307 39100
196.0432976230498 494.6368286445013 9227 1.8078770070824874 242.44245524296676 39200
196.01861746362778 495.48979591836735 9225 1.8070551634055276 242.3622448979592 39300
196.0211364304597 495.97201017811705 9223 1.8074007155160916 242.264631043257 39400
196.032992857729 496.2335025380711 9221 1.806993756399374 242.30456852791878 39500
196.03042466027077 496.04556962025316 9220 1.8066384979443544 242.36962025316456 39600
196.0141851278342 495.81060606060606 9218 1.805966533405456 242.4570707070707 39700
196.05345959290764 495.5113350125945 9216 1.8044261754987532 242.6448362720403 39800
196.06356632245044 494.83417085427135 9215 1.803287796543609 242.78643216080403 39900
196.06872780178875 495.0651629072682 9212 1.8026350881383795 242.94486215538848 40000
196.0512634548907 495.7075 9209 1.800811427247302 242.89 40100
196.020189602168 496.3441396508728 9207 1.7996872092242415 242.86783042394015 40200
196.06527900043434 496.42039800995025 9205 1.7985656918115005 242.93034825870646 40300
196.1028597006667 496.0 9204 1.79806115683241 242.90570719602977 40400
196.18667566067035 495.6014851485148 9202 1.7979853664948673 242.84405940594058 40500
196.2846889789915 495.23703703703706 9201 1.7983693245333814 242.82716049382717 40600
196.41651585342748 494.8990147783251 9199 1.7982501882660578 242.82266009852216 40700
196.51436211249174 494.4275184275184 9198 1.7980199555050735 242.75429975429975 40800
196.5641416546383 494.02941176470586 9197 1.797756367845689 242.82107843137254 40900
196.63919140409044 493.4669926650367 9196 1.7969343191750111 242.78973105134475 41000
196.72002473231422 492.8609756097561 9195 1.796506727229759 242.81951219512194 41100
196.7642984762147 492.42822384428223 9195 1.7957852996695893 242.79318734793188 41200
196.80839429957004 492.02912621359224 9194 1.7943647681553172 242.77184466019418 41300
196.8195934743994 491.8135593220339 9193 1.7932059902026025 242.7602905569007 41400
196.82464740733124 491.4492753623188 9192 1.7925956871840951 242.78019323671498 41500
196.8595233595686 491.02650602409636 9192 1.7917979589295274 242.79759036144577 41600
196.8853478889684 490.50240384615387 9190 1.7906958805026134 242.90384615384616 41700
196.8579809104947 490.0239808153477 9188 1.7901186721560842 243.0767386091127 41800
196.78343640082858 489.77272727272725 9186 1.7893647997346582 243.44019138755982 41900
196.70812842346433 489.45346062052505 9184 1.7894498479453156 243.79236276849642 42000
196.66211815298337 490.0261904761905 9181 1.7892782799843694 244.1095238095238 42100
196.636174257856 490.38004750593825 9179 1.7893829238165522 244.44893111638956 42200
196.60895184066612 490.8744075829384 9177 1.7896299240475 244.75829383886256 42300
196.56889479009575 490.4775413711584 9175 1.7900799715083808 245.01654846335697 42400
196.54262513378444 490.1627358490566 9173 1.79030293238835 245.19103773584905 42500
196.50494352758201 489.89176470588234 9172 1.789726818536741 245.3835294117647 42600
196.51718862626728 489.5892018779343 9169 1.7892143813369565 245.55633802816902 42700
196.56732888182165 489.24590163934425 9168 1.7890215995345846 245.54332552693208 42800
196.67755929101963 488.9626168224299 9168 1.789391568743739 245.5373831775701 42900
196.8019297011008 488.55011655011657 9166 1.7891748717803002 245.45454545454547 43000
196.99004606244955 488.30930232558137 9165 1.789234499554799 245.39302325581394 43100
197.18182701367184 488.2134570765661 9165 1.7886098255419107 245.45939675174014 43200
197.37950592245966 488.287037037037 9165 1.7886361916864897 245.45833333333334 43300
197.6155400807926 487.94226327944574 9165 1.788370217543461 245.3879907621247 43400
197.76377575210086 487.6036866359447 9166 1.7887167735173333 245.36175115207374 43500
197.93365677257972 487.0919540229885 9166 1.7892982675245732 245.35402298850576 43600
198.09519386751694 486.8119266055046 9166 1.790291212374797 245.3577981651376 43700
198.24731729984882 487.1533180778032 9166 1.7911779093207993 245.43935926773455 43800
198.4239986530455 487.5251141552511 9166 1.791959086087951 245.45890410958904 43900
198.5702016426994 487.7380410022779 9166 1.7927237796833502 245.44646924829158 44000
198.65872881002073 487.6045454545455 9168 1.7930433468507363 245.49772727272727 44100
198.75146772915733 487.39909297052156 9169 1.7935653705856633 245.52154195011337 44200
198.8204719366335 487.35067873303166 9169 1.7946637968228947 245.60180995475113 44300
198.85208079138752 486.96613995485325 9170 1.795567765568711 245.686230248307 44400
198.8654239643767 486.6126126126126 9171 1.7957600732610166 245.80405405405406 44500
198.87328905220141 486.2247191011236 9171 1.79621903938852 245.74157303370785 44600
198.94975258422232 485.78026905829597 9170 1.7962931408533056 245.7219730941704 44700
199.0872678124089 485.4340044742729 9169 1.7960204908841733 245.72706935123043 44800
199.18351901944422 485.11160714285717 9168 1.7957655750157222 245.74330357142858 44900
199.2877406022246 484.74387527839644 9167 1.7955096406923683 245.75055679287306 45000
199.39636303351085 484.1711111111111 9165 1.7948992488982372 245.82888888888888 45100
199.46217085870717 483.82039911308203 9164 1.79499306276393 245.8181818181818 45200
199.48803862773406 483.54646017699116 9162 1.7944366140871726 245.92256637168143 45300
199.490386060075 483.6158940397351 9160 1.7943886905963118 245.95584988962472 45400
199.5196538387295 483.8436123348018 9159 1.7943521026826146 246.0308370044053 45500
199.59935460679839 483.7846153846154 9158 1.7941203153995515 246.0813186813187 45600
199.69593426398563 483.8048245614035 9157 1.7943724438944886 246.1030701754386 45700
199.79537880650048 483.75492341356676 9156 1.7950259467652094 246.14442013129104 45800
199.91312463735605 483.4017467248908 9156 1.7953246197675083 246.24017467248908 45900
200.0216861238197 482.9825708061002 9155 1.7953454333383427 246.34858387799565 46000
200.13894572820385 482.7304347826087 9154 1.794062352407451 246.5413043478261 46100
200.23567649576512 482.9761388286334 9154 1.7929424292520721 246.76138828633407 46200
200.35227627353277 483.1125541125541 9153 1.7923083547298817 246.87012987012986 46300
200.4939549664865 482.86609071274296 9152 1.7925818116719747 246.96760259179266 46400
200.59676642252276 482.24568965517244 9151 1.792782528210859 247.12284482758622 46500
200.60069823219894 481.59354838709675 9150 1.792472562878467 247.38064516129032 46600
200.55305594388906 480.9442060085837 9149 1.7921851466177103 247.66309012875536 46700
200.5415427099505 480.33190578158457 9146 1.792685052140244 247.87152034261243 46800
200.54820893639726 479.95940170940173 9144 1.7926349361511211 248.00213675213675 46900
200.52682286055807 479.93603411513857 9142 1.7930237742403512 248.0852878464819 47000
200.53218048743042 480.0468085106383 9140 1.7926229814500327 248.04468085106382 47100
200.57616223793093 479.88535031847135 9138 1.7923083773374942 247.98089171974522 47200
200.60771644579359 479.4512711864407 9137 1.7921363492310824 248.00423728813558 47300
200.62124957658244 478.89429175475686 9136 1.7919010737862593 248.01902748414378 47400
200.66630684088742 479.0042194092827 9134 1.7918912277288057 248.06962025316454 47500
200.7448976711582 479.1305263157895 9133 1.7924250452398072 248.14947368421053 47600
200.83592571548746 480.04411764705884 9132 1.7927298245565302 248.2983193277311 47700
200.95878756787982 480.29140461215934 9131 1.792870852178005 248.35429769392033 47800
201.0086473812808 480.1255230125523 9130 1.7933041767550386 248.39330543933053 47900
201.0265784117632 479.7578288100209 9131 1.7929169929564996 248.36743215031316 48000
201.0746697863017 479.37083333333334 9131 1.7928067492211737 248.29375 48100
201.14585975987612 479.016632016632 9131 1.792750929465638 248.2827442827443 48200
201.25090371770403 478.57676348547716 9131 1.7927054572744923 248.35477178423236 48300
201.3569310636327 478.2691511387164 9130 1.7936091036707493 248.39958592132504 48400
201.45885207353788 478.0206611570248 9130 1.7941646633739088 248.5206611570248 48500
201.54401940905365 477.87422680412374 9130 1.7948961510168755 248.68247422680412 48600
201.6145721472068 477.75925925925924 9128 1.795676021165973 248.89711934156378 48700
201.71303362224845 478.23613963039014 9127 1.797013048865095 248.97535934291582 48800
201.84021462408816 478.30737704918033 9125 1.797544997071488 249.0860655737705 48900
201.9569455373429 478.31083844580775 9125 1.7984134576546182 249.15541922290387 49000
202.11811868944818 478.1877551020408 9126 1.8001235600601468 249.23061224489797 49100
202.38248510699097 478.29735234215883 9126 1.8018298889286248 249.29531568228106 49200
202.6899466954884 478.8130081300813 9125 1.8039895980561298 249.3861788617886 49300
203.0370100021157 479.1419878296146 9125 1.806077516383264 249.4766734279919 49400
203.3762734067423 479.18825910931173 9125 1.8076023028559667 249.6437246963563 49500
203.65226514397372 479.3010101010101 9126 1.8076365636653664 249.86464646464646 49600
203.887394462006 479.4274193548387 9126 1.807916386261663 250.0383064516129 49700
204.08508758702843 479.51106639839037 9126 1.8079232360975894 250.27766599597587 49800
204.28173990672562 479.4457831325301 9127 1.80862391784257 250.31726907630522 49900
204.46846144184133 479.3707414829659 9127 1.8090500755137167 250.40881763527054 50000
204.6696587995971 479.636 9127 1.80984106627178 250.522 50100
204.82302162474065 479.9181636726547 9127 1.8104020802930123 250.60279441117765 50200
204.97443201134806 480.304780876494 9128 1.811538634676796 250.70916334661354 50300
205.2104757432365 480.74353876739565 9129 1.81262697607699 250.88866799204771 50400
205.52282770940107 481.04563492063494 9130 1.8141688741199793 251.0654761904762 50500
205.80971438566866 481.3049504950495 9131 1.8162272694911978 251.22772277227722 50600
206.10785402849052 481.4169960474308 9133 1.8176256533930126 251.38339920948616 50700
206.34096754556575 481.55818540433927 9133 1.8186263917492396 251.6508875739645 50800
206.56273381595506 481.43307086614175 9134 1.8194881710103834 251.72834645669292 50900
206.75176541898097 481.23968565815323 9136 1.8211525688407493 251.75638506876228 51000
206.8925618904351 480.8313725490196 9137 1.8220293141624866 251.77058823529413 51100
207.01419133860085 480.48727984344424 9137 1.8227254951088963 251.81409001956948 51200
207.12489745472413 480.232421875 9137 1.8229868158980007 251.849609375 51300
207.26235840973715 480.270955165692 9136 1.8230069845479722 251.93762183235867 51400
207.41806162435492 480.4824902723735 9137 1.8231925105448414 251.94163424124514 51500
207.6552775388763 480.6388349514563 9138 1.8235762791327803 251.84077669902913 51600
207.8363745249892 480.60271317829455 9138 1.8224646971964766 251.79651162790697 51700
207.92163621191702 480.2611218568665 9138 1.82132021853801 251.80464216634428 51800
207.98158921738604 480.18532818532816 9138 1.8202791588150626 251.7992277992278 51900
208.05059743750337 480.3660886319846 9138 1.8200169841859697 251.78034682080926 52000
208.0857365774942 480.3519230769231 9137 1.8196152421223641 251.79807692307693 52100
208.10782404718066 480.7658349328215 9137 1.818837927159253 251.9021113243762 52200
208.15226268089742 480.86973180076626 9137 1.8179246461937333 251.99808429118775 52300
208.17647795516837 480.76290630975143 9137 1.8169821516503417 252.06883365200764 52400
208.21729889184624 480.4522900763359 9137 1.8163295139563527 252.0820610687023 52500
208.26367295447042 480.0647619047619 9137 1.8158328016546368 252.06285714285715 52600
208.27097603378874 480.35361216730035 9137 1.8160641081153694 252.11977186311788 52700
208.32215403359032 480.56356736242884 9137 1.8166579755725785 252.1518026565465 52800
208.36792144966662 480.3806818181818 9136 1.8176365273865194 252.16098484848484 52900
208.42042615060373 479.95841209829865 9136 1.8184968123493563 252.2835538752363 53000
208.41884695594067 479.5943396226415 9135 1.8179228291454625 252.50943396226415 53100
208.41368234556964 479.05838041431264 9134 1.81724339416994 252.73446327683615 53200
208.35501948496528 478.6390977443609 9132 1.8165708679768753 253.00187969924812 53300
208.31843839195164 478.8574108818011 9131 1.8165093537476198 253.25891181988743 53400
208.2901596435865 479.1741573033708 9130 1.816407097957652 253.47003745318352 53500
208.27947885338097 479.2691588785047 9128 1.8161555298901015 253.53644859813085 53600
208.25703170955416 478.9011194029851 9127 1.8163683601666862 253.62313432835822 53700
208.23982551638332 478.5102420856611 9126 1.8168796091997261 253.71880819366854 53800
208.24669394362067 477.9907063197026 9125 1.8176090194532237 253.8457249070632 53900
208.28180839949192 477.4935064935065 9124 1.819153344092457 253.88311688311688 54000
208.35809671727063 477.1259259259259 9123 1.8209989665546638 253.87777777777777 54100
208.41976448441872 476.8317929759704 9124 1.8219899903819987 253.90203327171903 54200
208.48564113738894 476.7140221402214 9124 1.822949612656493 253.8321033210332 54300
208.53233526269963 476.5561694290976 9124 1.8237697656404164 253.8305709023941 54400
208.582795049497 476.6985294117647 9125 1.8237637786089318 253.7941176470588 54500
208.609139598959 476.7889908256881 9127 1.8242910214208623 253.69174311926605 54600
208.6235836377705 477.0860805860806 9127 1.8242923199164287 253.5732600732601 54700
208.66245246099984 476.9323583180987 9128 1.8243393175034188 253.48994515539306 54800
208.71267218130401 476.8558394160584 9128 1.8248470269652082 253.38503649635035 54900
208.71875189799076 476.4936247723133 9128 1.825658362563214 253.2513661202186 55000
208.71659188950198 476.16727272727275 9128 1.8261667349183621 253.18 55100
208.72411091276223 475.7622504537205 9128 1.826572965889472 253.1016333938294 55200
208.745233088291 475.3967391304348 9127 1.8270683047193825 253.02898550724638 55300
208.74001026937282 475.001808318264 9127 1.8269637160476127 252.9511754068716 55400
208.73138369272422 474.92599277978337 9126 1.8261835231343595 252.91516245487364 55500
208.70520134346907 474.9963963963964 9125 1.8260963055751585 252.8720720720721 55600
208.6685054786485 475.13309352517985 9124 1.8263000782978542 252.8435251798561 55700
208.63430861159407 474.7989228007181 9122 1.826829543365923 252.8096947935368 55800
208.57869445382974 474.4301075268817 9121 1.8269290476630744 252.82437275985663 55900
208.5203916357065 473.93023255813955 9120 1.8266584691800916 252.85688729874775 56000
208.48011201808836 473.74285714285713 9118 1.826498082815954 252.93928571428572 56100
208.4146327487995 473.5668449197861 9118 1.8262830815149296 252.9572192513369 56200
208.35928173530758 473.4021352313167 9117 1.8266968545538917 252.98042704626334 56300
208.29204023687362 473.0 9116 1.8271192688957716 253.02131438721136 56400
208.22635077805347 472.46276595744683 9115 1.8277386861286433 253.07269503546098 56500
208.1421005600438 471.96814159292035 9113 1.827996996791294 253.1557522123894 56600
208.0749278946862 471.7014134275618 9112 1.8278150232987296 253.21554770318022 56700
208.0136789181035 471.4303350970018 9111 1.8273250497126647 253.3068783068783 56800
207.97360931725837 471.73591549295776 9110 1.8265984812208143 253.3943661971831 56900
207.9165267122355 472.079086115993 9109 1.8258247820207139 253.42355008787345 57000
207.87242578218482 472.61578947368423 9108 1.825077720999625 253.5438596491228 57100
207.83578082427468 472.29947460595446 9107 1.824595973677384 253.62872154115587 57200
207.77475171804673 472.0541958041958 9107 1.8240682311932053 253.6118881118881 57300
207.72333601919274 472.1902268760908 9106 1.8233440124809852 253.71204188481676 57400
207.70053454880468 472.08362369337976 9105 1.8230143998137074 253.81358885017423 57500
207.69946833566325 471.98434782608695 9105 1.8229081221825614 253.8313043478261 57600
207.6957366041649 471.6875 9105 1.8223852593496659 253.88715277777777 57700
207.70783773794435 471.5441941074523 9105 1.8221656179537618 253.9220103986135 57800
207.73876427821796 471.4048442906574 9104 1.821884318386515 253.85813148788927 57900
207.75906262005725 471.10189982728843 9104 1.8214928741323726 253.75993091537134 58000
207.7509925963883 470.6844827586207 9104 1.8206799553838684 253.65689655172415 58100
207.739451418534 470.2512908777969 9104 1.8198698349787326 253.5800344234079 58200
207.74521111047602 469.89003436426117 9103 1.8197387695296106 253.58591065292097 58300
207.73850442250543 469.62435677530016 9102 1.8189602358915435 253.67066895368782 58400
207.75976948228816 469.4760273972603 9102 1.8185853039807702 253.7705479452055 58500
207.81190561298612 469.49401709401707 9101 1.8184455720171502 253.83931623931625 58600
207.87448102099555 469.27133105802045 9100 1.818294179794817 253.759385665529 58700
207.94455625601296 468.86371379897787 9098 1.81728954137706 253.7427597955707 58800
208.03006415329247 468.6479591836735 9097 1.8160026647090821 253.73639455782313 58900
208.1597468555732 468.2988115449915 9096 1.8147201577411651 253.7283531409168 59000
208.25503841322382 467.8474576271187 9095 1.8135579748603574 253.72203389830509 59100
208.2909416234232 467.32148900169204 9094 1.812280928421358 253.7123519458545 59200
208.33512432891501 466.8614864864865 9093 1.8117006396909165 253.67567567567568 59300
208.30756983208073 466.5497470489039 9091 1.8112022052770331 253.61720067453626 59400
208.2799552866871 466.4124579124579 9090 1.8107548186443352 253.62794612794613 59500
208.23173417579397 466.20168067226894 9089 1.8104006088651008 253.63361344537816 59600
208.19792129886397 466.1442953020134 9088 1.8098798024743876 253.65436241610738 59700
208.19787269233777 466.1256281407035 9086 1.8096097335400063 253.66499162479062 59800
208.18933855969675 465.9983277591973 9085 1.8092501764514688 253.66387959866222 59900
208.22962889666343 465.5692821368948 9083 1.8087756352553896 253.6193656093489 60000
208.29145415648892 465.39666666666665 9083 1.8083048688457537 253.65 60100
208.33968624737085 465.1747088186356 9082 1.8077715909908503 253.7054908485857 60200
208.39448762312142 465.0066445182724 9082 1.8072023961205492 253.85548172757476 60300
208.46722153372036 464.7943615257048 9081 1.8070061879825199 253.98175787728027 60400
208.52698948738544 464.5496688741722 9081 1.8074385979662935 254.06953642384107 60500
208.5402031503904 464.2892561983471 9081 1.8076513774948881 254.18347107438018 60600
208.5222976188264 463.9818481848185 9081 1.807651445036468 254.2953795379538 60700
208.51097313169572 463.62438220757826 9080 1.8078416023314277 254.42504118616145 60800
208.49411702791537 463.44407894736844 9080 1.8078351549075724 254.59703947368422 60900
208.4724326437276 463.2183908045977 9080 1.8078879707451625 254.70935960591132 61000
208.44372333719582 463.127868852459 9079 1.8073517105156938 254.87377049180327 61100
208.42377355769216 463.037643207856 9077 1.8067832134444735 255.01472995090018 61200
208.4208866963046 463.1111111111111 9076 1.8064780121153154 255.1013071895425 61300
208.4504367385811 463.1484502446982 9076 1.805847542274997 255.08972267536706 61400
208.47525964687662 463.28175895765474 9076 1.8058054453006078 255.05374592833877 61500
208.52696770319994 463.36260162601627 9075 1.805503322625322 255.04065040650406 61600
208.57414868462544 463.487012987013 9075 1.8057845240565396 254.9659090909091 61700
208.6326139334465 463.21555915721234 9075 1.805896704730678 254.84602917341977 61800
208.7283201794136 462.9126213592233 9075 1.8060085223605638 254.74271844660194 61900
208.82045243865886 462.8465266558966 9075 1.8065197347308888 254.67043618739902 62000
208.93721449342132 462.80967741935484 9076 1.8062006636299905 254.70483870967743 62100
209.02411894995888 462.7713365539453 9077 1.8055062986321968 254.70531400966183 62200
209.10792293611834 462.58038585209005 9077 1.8048732735634672 254.72829581993568 62300
209.1444852574088 462.40449438202245 9078 1.8040727104421448 254.7158908507223 62400
209.14744983881994 462.52884615384613 9079 1.8033183204147265 254.75 62500
209.1441420122365 462.3472 9078 1.8025554600816547 254.7104 62600
209.14181854081025 462.3178913738019 9078 1.8014926796373725 254.77955271565494 62700
209.13261756675874 462.13556618819774 9078 1.8008278035687568 254.75438596491227 62800
209.12923610504774 462.0 9078 1.8003337561709336 254.72452229299364 62900
209.10237610004248 461.70429252782196 9077 1.7997385131975712 254.7535771065183 63000
209.08681160627594 461.4031746031746 9076 1.7997816632987227 254.76666666666668 63100
209.07422423202647 461.08557844690966 9075 1.7995199100836938 254.83835182250397 63200
209.06751167094976 460.6882911392405 9074 1.799137271472315 254.97310126582278 63300
209.10601146705747 460.3333333333333 9073 1.7991138535481728 254.99052132701422 63400
209.1451172261399 459.9353312302839 9072 1.799143929202169 254.96845425867508 63500
209.1859498928163 459.6708661417323 9071 1.7992701755259886 254.91968503937008 63600
209.19414309329431 459.3836477987421 9070 1.799287588500926 254.8443396226415 63700
209.23229701572518 459.2778649921507 9069 1.7995475958670186 254.73940345368916 63800
209.31762470699675 459.12382445141066 9069 1.7994058142263039 254.63479623824452 63900
209.39833294865832 459.01095461658844 9069 1.7992167150312255 254.52895148669796 64000
209.47149346002539 459.121875 9069 1.7991895298230802 254.503125 64100
209.5553730492676 459.30421216848674 9069 1.7994728054875828 254.48829953198128 64200
209.6151333627658 459.7429906542056 9069 1.8002719132671972 254.5171339563863 64300
209.63818606051893 459.75738724727836 9070 1.801204616356984 254.5163297045101 64400
209.66847959570686 459.66614906832297 9071 1.8022379425220612 254.54037267080744 64500
209.71095305432831 459.6341085271318 9072 1.8032203603412478 254.53488372093022 64600
209.7694902675256 459.66873065015477 9073 1.803827019150657 254.56656346749227 64700
209.7843532517001 459.5224111282844 9074 1.8041679205799486 254.6336939721793 64800
209.80355293539662 459.32561728395063 9075 1.8051032423232765 254.6219135802469 64900
209.80917764402446 459.2064714946071 9075 1.8057684794002253 254.63020030816642 65000
209.80602584341267 459.24 9076 1.8063828789782683 254.60153846153847 65100
209.8137700962573 459.3164362519201 9076 1.8067196810468749 254.60675883256528 65200
209.80468377830428 459.2776073619632 9075 1.806601598299456 254.71932515337423 65300
209.79475927661986 459.07044410413476 9075 1.8063727181445455 254.67687595712098 65400
209.77581287341184 459.05045871559633 9075 1.8057596182779718 254.65443425076452 65500
209.78619387610246 458.9083969465649 9074 1.805273236398432 254.61679389312977 65600
209.80645820954504 458.5716463414634 9073 1.8048479963878763 254.57926829268294 65700
209.80669510432193 458.2161339421613 9072 1.8040132357486407 254.5966514459665 65800
209.7739863368005 457.822188449848 9072 1.8032092642657402 254.62158054711247 65900
209.75432312852152 457.5918057663126 9070 1.8024601209353277 254.62518968133534 66000
209.75815907813512 457.2560606060606 9070 1.8021533631763347 254.58030303030304 66100
209.7711415787493 456.84871406959155 9068 1.801573107938795 254.56883509833585 66200
209.76095314233623 456.6510574018127 9067 1.8008876894780967 254.60422960725074 66300
209.7471448662689 456.8627450980392 9066 1.8001939057698477 254.6395173453997 66400
209.72117433704074 457.10692771084337 9065 1.799679055510154 254.664156626506 66500
209.6684666919712 457.17593984962406 9064 1.799305132732189 254.69774436090225 66600
209.63265218822087 456.87687687687685 9064 1.7987055754758345 254.80780780780782 66700
209.58814489954477 456.6056971514243 9063 1.7988118118205352 254.86356821589206 66800
209.5235702357018 456.26646706586826 9063 1.7991455353513948 254.93562874251498 66900
209.46494292660884 455.8953662182362 9062 1.7987814247687406 254.95814648729447 67000
209.39911319216947 455.5417910447761 9062 1.798627500513732 254.9223880597015 67100
209.33374017427025 455.27719821162447 9061 1.7982652472425575 254.88673621460507 67200
209.28580420851912 454.98363095238096 9060 1.7979228611874074 254.81845238095238 67300
209.24065553867877 454.72362555720656 9059 1.7971706231569162 254.75037147102526 67400
209.21590510183512 454.47774480712167 9058 1.7968962526447534 254.6780415430267 67500
209.1886174309772 454.26222222222225 9057 1.7969134591420173 254.6074074074074 67600
209.16911787917877 454.1316568047337 9056 1.7974068338808733 254.4837278106509 67700
209.1448281589634 453.9261447562777 9055 1.797374490262263 254.397341211226 67800
209.118799728243 453.7315634218289 9055 1.7979750374072234 254.30088495575222 67900
209.11508192029805 453.54491899852724 9055 1.7983052983568772 254.23858615611192 68000
209.11258115084132 453.54264705882355 9054 1.798569228473673 254.22794117647058 68100
209.11368057264332 453.74155653450805 9054 1.7989008305521292 254.3230543318649 68200
209.16518321459668 454.2360703812317 9055 1.7994156387184752 254.4017595307918 68300
209.18327849215103 454.6822840409956 9055 1.79970932006735 254.57247437774524 68400
209.20150583246638 454.72514619883043 9056 1.8002329829573716 254.61111111111111 68500
209.19724314875347 454.4 9057 1.8003325275846334 254.62627737226276 68600
209.1996959672107 454.2725947521866 9058 1.8005114552748553 254.58309037900875 68700
209.20358334321722 454.6069868995633 9058 1.800718654237857 254.608442503639 68800
209.18634890019567 454.9156976744186 9058 1.8007333230700853 254.6671511627907 68900
209.16201793677138 455.0377358490566 9058 1.8006023985312163 254.7489114658926 69000
209.12326745016685 454.8985507246377 9058 1.8007706076154706 254.82463768115943 69100
209.09330793638858 455.0086830680174 9058 1.8005765353420282 254.9536903039074 69200
209.0917969371698 455.15028901734104 9057 1.8010600015267004 255.0563583815029 69300
209.06970186652512 455.0952380952381 9057 1.8016356725201685 255.13852813852813 69400
209.05578576026105 455.53314121037465 9056 1.8016052000884075 255.17867435158502 69500
209.01329617097687 455.8244604316547 9055 1.8014344398426232 255.23741007194243 69600
208.96292434375306 456.35632183908046 9054 1.8016855261017435 255.20402298850576 69700
208.91534963531078 456.45911047345766 9053 1.8020417879007367 255.1793400286944 69800
208.8498300119226 456.79656160458455 9053 1.8025044787490163 255.16618911174785 69900
208.79195581456173 457.0600858369099 9052 1.80294167993551 255.16881258941345 70000
208.75216050840191 457.12857142857143 9052 1.8034429720410967 255.12857142857143 70100
208.7022078120477 457.04707560627674 9051 1.8038625412330633 255.12981455064195 70200
208.6439783241333 456.9074074074074 9051 1.8040062725201416 255.2037037037037 70300
208.5815528720581 456.8065433854907 9050 1.8044309636012852 255.29302987197724 70400
208.5036678397238 456.68892045454544 9049 1.804602226437079 255.38210227272728 70500
208.41132933916612 456.6609929078014 9049 1.8047410020370125 255.41843971631207 70600
208.3188580292501 456.55949008498584 9048 1.8048199313772988 255.46317280453258 70700
208.22038609023477 456.35643564356434 9048 1.8047188187916638 255.5007072135785 70800
208.12833913882503 456.07909604519773 9047 1.8045131296536685 255.54378531073445 70900
208.03513372244407 455.75176304654445 9047 1.8046478078911106 255.5571227080395 71000
207.94672684080098 455.45211267605634 9047 1.8044763698930504 255.61408450704226 71100
207.86034744305076 455.0886075949367 9046 1.8038723243657746 255.62165963431787 71200
207.7730972929545 454.7570224719101 9046 1.8036436071138924 255.58988764044943 71300
207.69449703743553 454.4782608695652 9045 1.8031439224209593 255.49509116409538 71400
207.636330657421 454.14565826330534 9045 1.8030694911570646 255.4173669467787 71500
207.5959606946443 454.0839160839161 9044 1.802878717975959 255.35664335664336 71600
207.54977065841672 453.9860335195531 9043 1.8029096136212441 255.22067039106145 71700
207.53993696734537 453.88005578800556 9043 1.8021299662368693 255.0739191073919 71800
207.5136986053833 453.67688022284125 9043 1.80152233906737 254.94707520891365 71900
207.4753712437249 453.51182197496524 9043 1.8007204999309758 254.8692628650904 72000
207.42423849729533 453.4527777777778 9042 1.799987176004304 254.875 72100
207.39750017588685 453.4271844660194 9042 1.7994865341377848 254.88072122052705 72200
207.39303642890567 453.7617728531856 9042 1.799127883177124 254.8905817174515 72300
207.37572621766475 453.7911479944675 9042 1.7987909919909255 254.9875518672199 72400
207.32852192661076 453.78729281767954 9042 1.7982401757036452 255.0538674033149 72500
207.28536642996934 453.6579310344828 9041 1.7977631284990623 255.11724137931034 72600
207.23186753446709 453.57438016528926 9041 1.7974651012543492 255.20661157024793 72700
207.17948018104585 453.48005502063273 9040 1.7977756799513218 255.29848693259973 72800
207.1455577941576 453.14835164835165 9039 1.798388491433565 255.38736263736263 72900
207.10321865641885 452.78052126200276 9038 1.7991435651206278 255.440329218107 73000
207.0743274527008 452.35753424657537 9037 1.799953291610105 255.486301369863 73100
207.04095473273196 452.3720930232558 9036 1.8007041588025705 255.51846785225717 73200
207.037729215865 452.51229508196724 9035 1.8018171102459883 255.5601092896175 73300
206.99495120191673 452.72714870395635 9034 1.802619875310372 255.6261937244202 73400
206.94682554719878 452.449591280654 9033 1.8029586521168728 255.63896457765668 73500
206.8939763257816 452.16190476190474 9031 1.8030523068375233 255.5768707482993 73600
206.84278581990122 451.86141304347825 9030 1.80247880150344 255.57608695652175 73700
206.79296002295342 451.6146540027137 9029 1.8020683825054706 255.57123473541384 73800
206.76562978434998 451.3617886178862 9027 1.8014977646171872 255.61246612466124 73900
206.746685592888 451.07713125845737 9026 1.8013703211916845 255.57645466847092 74000
206.73296142600617 450.7554054054054 9025 1.8012575892954104 255.52702702702703 74100
206.72294390243812 450.6207827260459 9024 1.8009522484191682 255.47773279352228 74200
206.6839581288624 450.4514824797844 9024 1.8004973459740568 255.49056603773585 74300
206.63268219261897 450.38896366083446 9023 1.7998685922558322 255.4899057873486 74400
206.5908206790611 450.30645161290323 9022 1.7994960904822723 255.4811827956989 74500
206.54422892455247 450.3194630872483 9021 1.7992657695242347 255.4805369127517 74600
206.5065703713198 450.15549597855227 9020 1.799285458155398 255.44235924932977 74700
206.47291805137564 450.61044176706827 9020 1.7994235486055117 255.40026773761713 74800
206.44913148396373 450.93716577540107 9019 1.7995580091020287 255.38903743315507 74900
206.4126792970888 451.39385847797064 9019 1.7999661601685075 255.37516688918558 75000
206.3713772618538 452.0346666666667 9018 1.8001276087970548 255.368 75100
206.33083861796058 452.62050599201064 9018 1.8010415353985054 255.3115845539281 75200
206.27265350146735 453.3630319148936 9017 1.8019377567610073 255.26861702127658 75300
206.2135712458382 453.22443559096945 9016 1.8031968035647776 255.269588313413 75400
206.15767077313922 453.15384615384613 9016 1.8036618557534798 255.28647214854112 75500
206.1161248200496 453.0105960264901 9015 1.80446529224951 255.29271523178807 75600
206.08037592035032 452.94444444444446 9015 1.8051333590713015 255.30291005291005 75700
206.01449403034528 452.91281373844123 9014 1.8054851361021567 255.33949801849406 75800
205.93582190247898 452.86807387862797 9014 1.8053878038870788 255.36543535620052 75900
205.86660465053941 452.62714097496706 9014 1.8051539688052043 255.39525691699606 76000
205.7939265730744 452.3644736842105 9013 1.8047043117859163 255.37236842105264 76100
205.71904459100216 452.2181340341656 9012 1.8043840375388338 255.37187910643888 76200
205.64842288833816 452.0997375328084 9011 1.80415244034619 255.38582677165354 76300
205.59200675662316 451.8440366972477 9010 1.8034119134712703 255.4954128440367 76400
205.52941095110575 451.62041884816756 9009 1.8026578045888115 255.467277486911 76500
205.4796788631126 451.5111111111111 9008 1.8017754539612025 255.3908496732026 76600
205.42185997031055 451.4934725848564 9007 1.800966110263888 255.28981723237598 76700
205.39269270954415 451.3350717079531 9007 1.800619197109607 255.15906127770535 76800
205.35903794277348 451.2083333333333 9006 1.8004158445670742 255.05338541666666 76900
205.32110413538544 451.0325097529259 9006 1.8001552257835018 254.98309492847855 77000
205.2886319040974 450.8168831168831 9005 1.7996473500475374 254.97662337662337 77100
205.24418025978784 450.68612191958493 9004 1.7991897121235305 254.99221789883268 77200
205.2000043519433 450.4443005181347 9003 1.7986467202684484 255.01165803108807 77300
205.17874409118375 450.1448900388098 9002 1.798028489992527 255.04527813712807 77400
205.15617553649213 449.8837209302326 9001 1.7976814399598569 255.07751937984497 77500
205.16732464527126 449.5896774193548 9000 1.7971539657004105 255.1109677419355 77600
205.16768260748654 449.6443298969072 8999 1.7967710353322397 255.16752577319588 77700
205.17381916108482 449.72072072072075 8998 1.7963007670100872 255.2136422136422 77800
205.16830009484568 450.1298200514139 8997 1.7961609202658584 255.23907455012852 77900
205.17980685379314 450.3273427471117 8997 1.7960958286422237 255.2798459563543 78000
205.16726707246542 450.33717948717947 8996 1.795787443676728 255.33846153846153 78100
205.16320708195713 450.4071702944942 8996 1.7957169613426232 255.39564660691423 78200
205.1580255772253 450.3542199488491 8995 1.7956061863397437 255.45012787723786 78300
205.1726291449848 450.3320561941252 8995 1.7956307184323044 255.50830140485314 78400
205.1694862821833 450.5905612244898 8995 1.7959386346550144 255.44132653061226 78500
205.20983301449817 451.3515923566879 8995 1.7960806330916417 255.38980891719746 78600
205.25130392688337 452.05470737913487 8995 1.7958507399393424 255.39949109414758 78700
205.2972194335476 452.4218551461245 8995 1.7956109586397282 255.40914866581957 78800
205.3534964941942 452.36421319796955 8995 1.795739056057873 255.36040609137055 78900
205.39263302469735 452.56147021546263 8996 1.796020177481943 255.32826362484158 79000
205.46428022325537 452.8607594936709 8996 1.7962306128913879 255.27721518987343 79100
205.53091440013162 453.11504424778764 8997 1.796026295282948 255.26801517067003 79200
205.57294640839925 453.3459595959596 8998 1.7960032542254922 255.22222222222223 79300
205.60287151441156 453.5535939470366 8999 1.7960726874859736 255.19293820933166 79400
205.6571487251546 453.68513853904284 9000 1.7960146614312054 255.1977329974811 79500
205.7313227440114 453.6075471698113 9001 1.7961942348258884 255.1559748427673 79600
205.78622302752905 454.32286432160805 9001 1.796622703000681 255.11306532663318 79700
205.8409480680771 455.00878293601005 9002 1.7972793871876311 255.0878293601004 79800
205.90587700422105 456.08020050125316 9003 1.7972877107232699 255.0751879699248 79900
