0 7119 0 0 10890160 6926 14306985 149900
0 0 0 0 0 149900
324.73434923355643 1021.29692374942 6838 2.656729558153351 348.09091750291526
0 7450 0 0 10853253 7256 14187181 149900
0 0 0 0 0 149900
310.65540051254527 1010.4947662158098 6795 2.5748307389083194 343.79144511713014
0 7310 0 0 10853642 7136 14260162 149900
0 0 0 0 0 149900
313.1619548456719 975.7345879768908 6848 2.582271048455081 345.022404251699
0 7671 0 0 10844783 7475 14215811 149900
0 0 0 0 0 149900
310.65230101712547 913.4639999803715 6739 2.536717349354737 343.73916568841275
0 7406 0 0 10834572 7211 14175925 149900
0 0 0 0 0 149900
316.8960728939426 1001.5930407181677 6768 2.594693864082847 347.6868180166232
0 7633 0 0 10836789 7448 14162060 149900
0 0 0 0 0 149900
338.13432509537716 986.0412851017447 6807 2.6185921429852685 357.006616600765
0 7136 0 0 10899342 6939 14400458 149900
0 0 0 0 0 149900
333.0470923680993 1029.662961717012 6924 2.6399902336612517 336.98866519878254
0 6261 0 0 10662088 6090 13491129 149900
0 0 0 0 0 149900
297.35239603432643 6618.480375356834 6469 2.6344342962753604 387.0747102151103
