0 1000 0 0 11011687 1439035 16549363 149900
1314 0 642 0 0 149900
445.9419111863976 845.195841547281 7709 13.023047741965453 547.8805259510137
0 1189 0 0 10959190 1501588 16386880 149900
1272 0 784 0 0 149900
444.8875705310854 773.8317007932093 7696 13.020715482780528 552.657270201871
0 1239 0 0 11026472 1464155 16711091 149900
1325 0 792 0 0 149900
463.141729509996 977.052707537484 7852 13.09356125444663 556.9398509856638
0 1065 0 0 11014660 1462751 16624525 149900
1366 0 680 0 0 149900
459.3443026087556 989.7823491551593 7875 12.96801389529657 555.3709841568271
0 1097 0 0 11015592 1461637 16610575 149900
1367 0 667 0 0 149900
455.60183698675445 817.3578073296883 7795 13.12675892617584 557.5613089228592
0 1102 0 0 10977418 1413972 16399265 149900
1314 0 724 0 0 149900
437.4986899343184 771.3594298161458 7689 12.881311254673685 548.6306792431249
0 1069 0 0 10985034 1520608 16542446 149900
1292 0 695 0 0 149900
459.17121828726386 802.7237305172628 7803 13.269772208678743 559.8658401972008
0 1124 0 0 11015009 1432078 16507525 149900
1265 0 711 0 0 149900
453.8104929141977 855.1829201185429 7780 13.130475732976553 544.4834169482076
