0 2363 0 0 10981786 1449683 16380836 149900
0 0 0 0 0 149900
410.15138282652686 751.1870356951974 7697 12.963580218714148 563.8891850258086
0 2295 0 0 10980338 1498609 16508380 149900
0 0 0 0 0 149900
424.0897995655521 770.2007219748433 7717 12.875861457766987 540.1577689190211
0 2400 0 0 10977965 1416991 16435600 149900
0 0 0 0 0 149900
394.3267697229577 883.2907468493227 7720 13.045191632484684 546.3970448654349
0 2259 0 0 10924994 1441251 16198692 149900
0 0 0 0 0 149900
402.26980777601784 754.7654463573969 7644 13.04405087758862 549.0118028324683
0 2263 0 0 10969821 1449413 16431862 149900
0 0 0 0 0 149900
434.77457455880767 776.3009721213867 7763 12.947312634218555 558.8792390187201
0 2496 0 0 10967416 1411485 16369497 149900
0 0 0 0 0 149900
414.9911201974325 829.6284126800178 7750 13.288168236083816 547.7590450833547
0 2064 0 0 10980449 1444665 16447113 149900
0 0 0 0 0 149900
420.2083324056498 800.7968725804112 7775 13.097313072453373 539.2047119250672
0 2261 0 0 10997342 1473431 16575502 149900
0 0 0 0 0 149900
429.3169905946459 805.6039737872537 7779 13.10247969011953 555.5904760921072
