0 5172 0 0 7195402 5037 9358215 99900
0 0 0 0 0 99900
286.5627113420866 906.4690421133414 6970 2.4789997628107505 352.1223352998873
0 5245 0 0 7271025 5071 9702838 99900
0 0 0 0 0 99900
312.25048087723354 1032.635528726366 7297 2.5770986240596256 323.94917231016035
0 5217 0 0 7226417 5042 9493583 99900
0 0 0 0 0 99900
305.0540559098604 917.381266555418 7073 2.519020205922999 333.8272842961271
0 5342 0 0 7217808 5192 9498775 99900
0 0 0 0 0 99900
316.32915624746875 1010.4774889115301 7160 2.5146357618507067 330.24475864796614
0 5221 0 0 7254506 5063 9607202 99900
0 0 0 0 0 99900
330.9125149766124 1063.9686203782674 7256 2.5623631113216425 336.15153065280424
0 5247 0 0 7208969 5075 9423492 99900
0 0 0 0 0 99900
306.37302039243633 1131.5140401475544 7035 2.6126745893719794 347.6077546253481
0 5228 0 0 7256197 5076 9662231 99900
0 0 0 0 0 99900
338.2014817146107 1082.9117613723702 7309 2.6711146700087185 336.3024686040619
0 5327 0 0 7235920 5187 9536446 99900
0 0 0 0 0 99900
326.5713788695667 1057.477418380241 7206 2.570799268604059 332.7911488894984
