0 2490 0 0 8438527 1324767 13661300 69900
0 0 0 0 0 69900
409.6152166005123 1574.9491159526033 15407 12.401492116083341 514.2823026174409
0 2458 0 0 8392083 1320969 13460810 69900
0 0 0 0 0 69900
377.4871922463837 1556.542861332853 14967 12.131101602296486 506.53410194489885
0 2334 0 0 8380596 1309467 13408668 69900
0 0 0 0 0 69900
377.1131655492164 1539.3170847538581 15062 12.408802853878372 503.2942121048043
0 2590 0 0 8404923 1348795 13537106 69900
0 0 0 0 0 69900
410.2083162177818 1608.3299262856165 15117 12.193789344913673 498.5289621498765
0 2525 0 0 8413612 1352486 13598962 69900
0 0 0 0 0 69900
429.004590449156 1512.7225683062943 15288 12.691094074176474 528.4833368846402
0 2482 0 0 8420662 1303974 13548299 69900
0 0 0 0 0 69900
392.36855854963386 1597.8724051116299 15172 12.149063263088085 485.71017486229096
0 2139 0 0 8465358 1314400 13680844 69900
0 0 0 0 0 69900
445.161938423049 1625.5971601727965 15146 12.475971401420605 524.6536485272445
0 2310 0 0 8368498 1337730 13377001 69900
0 0 0 0 0 69900
397.5386322971932 1543.7135573387616 14911 12.441941549836146 509.81882129386446
