0 7196 0 0 10811656 7005 14052968 149900
0 0 0 0 0 149900
319.04856499860693 965.0048875922649 6694 2.595233607556068 359.29017765166213
0 7035 0 0 10833767 6822 14128606 149900
0 0 0 0 0 149900
333.9135098721311 972.4597677744332 6804 2.630616923263046 339.6957828783639
0 6989 0 0 10847762 6776 14283057 149900
0 0 0 0 0 149900
313.08312680322194 968.7128292640127 6876 2.6183386607994716 357.63778557674596
0 7309 0 0 10854031 7108 14238662 149900
0 0 0 0 0 149900
338.5371758513835 1004.8523113995484 6869 2.6383768655074755 343.64449831646715
0 7060 0 0 10831814 6839 14156566 149900
0 0 0 0 0 149900
331.56137715550267 1001.5477941487093 6812 2.5947945229651994 350.65388482781503
0 6522 0 0 10812469 6312 14069716 149900
0 0 0 0 0 149900
312.9928959549129 1190.2428133105827 6680 2.6249694568580595 354.02001409951106
0 6959 0 0 10823434 6755 14127505 149900
0 0 0 0 0 149900
309.6647944122794 975.7507221247287 6687 2.5801247688167908 344.2550484352249
0 7222 0 0 10842705 7029 14155524 149900
0 0 0 0 0 149900
324.7806977816935 977.9227342884694 6768 2.6352632568455547 348.4370230554711
