0 9234 0 0 11868409 8932 16359264 99900
160 0 3072 0 0 99900
364.22333711102715 2013.2657531984814 12500 2.5923442183236878 304.85788020787516
0 9180 0 0 11900035 8876 16451595 99900
151 0 2952 0 0 99900
357.32478731334874 1926.4705334141634 12432 2.623109611313775 314.4479273251171
0 9228 0 0 11915101 8917 16571253 99900
168 0 3090 0 0 99900
386.6115038405292 2097.6772242536204 12681 2.708591952120691 312.62045778590414
0 8879 0 0 11880250 8557 16428643 99900
177 0 2886 0 0 99900
363.31670615488923 2137.477217551191 12453 2.6457654372298154 315.77314623638875
0 9186 0 0 11890204 8904 16438761 99900
192 0 3051 0 0 99900
387.28110191093623 2049.8370585028315 12527 2.6182841705579754 301.6019976162465
0 9253 0 0 11893102 8943 16421748 99900
151 0 2956 0 0 99900
388.0900644879117 2385.0306939371617 12513 2.7376791566835736 317.34017073442567
0 8984 0 0 11842609 8661 16251297 99900
201 0 2931 0 0 99900
358.3995686793631 2063.460099230148 12345 2.599229080816441 313.9180584686718
0 9142 0 0 11867871 8832 16410470 99900
164 0 3020 0 0 99900
345.9410247664081 2245.5160297145053 12477 2.5879092862163624 307.7055876546737
