0.0 42.0 4180 0.0 0.0 0
0.0 42.0 2444 0.0 0.0 100
0.023112360427891 42.0 1970 0.0 0.0 200
0.09861971455532278 40.5 1793 0.0 0.0 300
0.25721361772479195 39.6 1739 0.0 0.0 400
0.5906836102942411 39.333333333333336 1746 0.0 0.0 500
1.14735145682336 40.57142857142857 1803 0.0 0.0 600
1.9925167238023438 42.25 1872 0.0 0.0 700
2.9690535491273575 50.22222222222222 1949 0.0 0.0 800
3.958304270561566 57.6 2033 0.0 0.0 900
5.10910652516234 63.45454545454545 2127 0.0202020202020202 2.909090909090909 1000
6.707713415567085 66.66666666666667 2222 0.10185185185185186 8.5 1100
8.648237071574906 73.6923076923077 2324 0.17793317793317792 25.53846153846154 1200
10.613953985528399 81.14285714285714 2437 0.20808080808080806 49.714285714285715 1300
13.031234710600673 90.26666666666667 2556 0.23230399230399226 66.13333333333334 1400
15.489368210970063 96.25 2678 0.2927849927849927 73.25 1500
18.20956388154703 104.3529411764706 2788 0.3498657517233368 84.70588235294117 1600
21.15158517936143 110.55555555555556 2889 0.4362488713365906 92.77777777777777 1700
24.277310132102254 116.84210526315789 2991 0.5335891563038376 102.63157894736842 1800
26.98669265228499 124.1 3105 0.6226991721728563 117.0 1900
29.666342056630498 135.9047619047619 3205 0.6752979128918978 132.0 2000
32.24111781559668 163.63636363636363 3300 0.7117962291043214 147.45454545454547 2100
35.32214185225259 187.7391304347826 3379 0.7351963930563075 165.1304347826087 2200
38.50616223023736 204.83333333333334 3465 0.7718709023199869 174.58333333333334 2300
41.980369201648394 206.24 3544 0.7933037585348797 183.44 2400
46.39872496495496 206.92307692307693 3617 0.8397151524373843 187.46153846153845 2500
50.78195068469712 208.07407407407408 3689 0.8909191179849708 194.96296296296296 2600
54.78529515329826 221.0 3771 0.9596296785860368 203.64285714285714 2700
59.10974245013041 230.48275862068965 3850 1.039839492624942 211.3793103448276 2800
62.974632435459476 241.26666666666668 3924 1.1084039826557233 218.4 2900
66.45884642656388 245.93548387096774 3996 1.1861084148058725 225.29032258064515 3000
70.48212840541757 249.875 4069 1.2611114923604305 233.5 3100
75.08627270224456 251.0909090909091 4146 1.3351294381587118 239.93939393939394 3200
79.10578886738404 252.41176470588235 4220 1.3777936983809347 245.7058823529412 3300
83.28948521133994 253.77142857142857 4284 1.423084248797564 249.77142857142857 3400
88.05829448267757 258.3333333333333 4348 1.4638010443556562 252.77777777777777 3500
93.47130699169176 261.7837837837838 4405 1.5431577728865846 254.48648648648648 3600
98.88883752368015 268.7368421052632 4469 1.6330746736000954 259.42105263157896 3700
104.262645132998 274.71794871794873 4532 1.6937650665847086 266.4102564102564 3800
109.9612784348725 299.75 4601 1.753594852963569 271.5 3900
114.98843396705607 325.609756097561 4676 1.8274732393706083 275.1707317073171 4000
119.22728979655574 356.1904761904762 4750 1.874871062675637 282.4761904761905 4100
123.33347458705347 368.3720930232558 4815 1.9464410601106445 285.48837209302326 4200
126.7856095812163 373.1818181818182 4874 1.9817492178354028 289.8181818181818 4300
129.90373487053967 372.4888888888889 4926 2.0104376190552222 293.77777777777777 4400
132.892215189263 372.8695652173913 4961 2.038566101816782 298.5217391304348 4500
135.8576468580327 373.5744680851064 4991 2.0661143407852194 303.1489361702128 4600
139.69022852205578 384.7916666666667 5018 2.10480106124963 306.375 4700
142.445792562197 394.1224489795918 5051 2.1540606011938928 309.51020408163265 4800
145.38153902032124 405.48 5083 2.1761645743552003 316.52 4900
148.0429440188201 407.4117647058824 5119 2.1915919937396664 325.7647058823529 5000
150.4671300940974 408.0769230769231 5150 2.221352348375107 332.61538461538464 5100
152.16531922149468 411.0566037735849 5183 2.2302382982606272 334.49056603773585 5200
153.11348362819103 416.1111111111111 5210 2.2339111340071236 335.22222222222223 5300
153.80953834289966 428.1090909090909 5229 2.2262491133888123 336.4727272727273 5400
154.95780621915236 435.0357142857143 5249 2.215066093506869 338.0357142857143 5500
155.84315874204808 440.56140350877195 5272 2.199974385018633 339.2280701754386 5600
157.1646431396581 442.8965517241379 5289 2.1998635919510146 340.7586206896552 5700
157.90796302769633 445.0169491525424 5309 2.1974176930290574 340.7457627118644 5800
158.69402336913635 449.26666666666665 5331 2.1959792499970914 341.3 5900
159.454748199016 454.2950819672131 5353 2.20096319671845 342.8524590163934 6000
160.51147040704032 458.5806451612903 5371 2.2155486799632294 343.35483870967744 6100
161.84019550422624 457.74603174603175 5392 2.2317795777113565 343.3015873015873 6200
162.80822786262618 457.0 5410 2.2403531437608355 343.625 6300
163.97409505513534 459.84615384615387 5426 2.2591694743821504 344.73846153846154 6400
165.43521122609212 466.1515151515151 5443 2.281111104666826 347.06060606060606 6500
167.12084761000682 470.17910447761193 5463 2.310497506089709 348.95522388059703 6600
169.008037694033 472.3529411764706 5482 2.333942570776065 351.38235294117646 6700
170.95720350236442 479.5072463768116 5504 2.3629192484942863 354.1449275362319 6800
172.75358663788074 486.8285714285714 5522 2.378142851066817 356.62857142857143 6900
175.1745011009178 494.84507042253523 5538 2.3941154182623716 359.07042253521126 7000
177.77842334619817 497.77777777777777 5561 2.4001592081848795 361.1111111111111 7100
180.61362338040783 504.63013698630135 5588 2.410539146933608 362.16438356164383 7200
183.6865157806823 516.027027027027 5618 2.427403977182693 362.7837837837838 7300
186.74224770866823 529.76 5649 2.4446509939210324 362.32 7400
189.51310284050925 541.7894736842105 5677 2.46152759567566 362.6578947368421 7500
192.56693081400414 550.8571428571429 5703 2.4767230677755663 364.0 7600
195.5911066913218 558.5384615384615 5728 2.5016912646533465 365.1794871794872 7700
198.81710508172117 567.4430379746835 5756 2.5269863119362155 367.3164556962025 7800
201.41194061822372 574.25 5785 2.5599151120692714 369.075 7900
203.888354104504 580.7901234567901 5812 2.5874208364619817 370.14814814814815 8000
206.45633633107553 583.0731707317074 5832 2.6139730931191885 371.0 8100
208.9041908749548 584.1686746987951 5853 2.6348030214292844 372.144578313253 8200
211.30128074858317 598.5 5867 2.6599839378408405 373.3809523809524 8300
213.78804851448749 613.8823529411765 5883 2.682579952234364 374.0470588235294 8400
216.49778952776467 623.7674418604652 5906 2.6959608055029562 374.8837209302326 8500
219.16706712649813 636.5057471264367 5926 2.708529919051319 374.41379310344826 8600
221.35824768968894 643.9772727272727 5943 2.721091550520873 374.20454545454544 8700
223.75978436594502 650.3370786516854 5960 2.7293751660580914 373.5280898876405 8800
225.7878224395173 652.4 5978 2.733035703428688 373.06666666666666 8900
227.29476349296917 651.8681318681319 5996 2.7377276187756254 372.15384615384613 9000
228.9838180507133 650.8695652173913 6010 2.7446278513933673 371.7173913043478 9100
230.67696641387326 658.494623655914 6025 2.751801365957765 372.38709677419354 9200
232.0283088443184 664.8510638297872 6035 2.762474777392431 372.6170212765957 9300
233.24453636565866 675.6 6048 2.7773320222985975 373.7684210526316 9400
234.411983842622 678.1041666666666 6061 2.7909739441677694 375.0208333333333 9500
235.78775486607182 683.4432989690722 6076 2.811773291529936 375.5257731958763 9600
237.08393119605648 687.3061224489796 6091 2.8345880441430897 376.16326530612247 9700
239.62372851796567 690.2222222222222 6108 2.8536669957711305 377.8787878787879 9800
242.22507900446024 688.24 6125 2.8745180809154602 379.28 9900
243.80277918198902 688.9702970297029 6143 2.894509159532897 380.1782178217822 10000
245.81564382359272 688.843137254902 6160 2.908948745603903 382.078431372549 10100
247.31216362758346 695.1067961165048 6180 2.9236490191716022 383.92233009708735 10200
248.96527726449037 700.7884615384615 6198 2.944868113050805 384.78846153846155 10300
250.14722415987833 706.3809523809524 6217 2.9677630568246296 385.3904761904762 10400
251.10063335744826 705.1320754716982 6234 2.9892411831229295 386.3207547169811 10500
252.34902001898814 714.5233644859813 6251 3.0095547299878964 387.02803738317755 10600
253.7722086302078 722.3148148148148 6265 3.026046794288181 387.72222222222223 10700
255.09324633261483 727.9082568807339 6281 3.042039307819764 389.2110091743119 10800
256.3144863392167 731.6 6299 3.0609084691925257 390.6909090909091 10900
257.708788038491 734.2522522522522 6314 3.0824727663578675 391.8378378378378 11000
259.0362936273317 735.9285714285714 6327 3.105460892168448 393.5357142857143 11100
260.7801914160018 734.70796460177 6343 3.1310762825032405 394.37168141592923 11200
262.6036453230742 732.8771929824561 6356 3.1573055442463005 396.0701754385965 11300
263.7048295351059 732.2782608695652 6372 3.1682315230219698 398.5217391304348 11400
264.72669163171616 733.2241379310345 6386 3.179173492651091 399.08620689655174 11500
266.05390289361355 733.965811965812 6399 3.1893942320301414 400.2393162393162 11600
267.65821389328033 734.4237288135594 6408 3.207198709560777 401.33898305084745 11700
269.48727672142275 735.6302521008404 6422 3.20978654826322 403.21008403361344 11800
271.4892899978737 734.4666666666667 6434 3.218522197995435 403.8833333333333 11900
272.97917897297174 734.595041322314 6447 3.2225319625054207 403.7190082644628 12000
274.3443491696341 736.688524590164 6458 3.228904651337343 403.5081967213115 12100
276.103065908804 741.7235772357724 6468 3.230092418399641 404.1463414634146 12200
277.59640950434374 747.1612903225806 6479 3.2350606557202393 404.5967741935484 12300
278.93610836868487 753.36 6490 3.2352542445485515 404.592 12400
280.0646423112121 758.4603174603175 6502 3.2413236553061027 404.8253968253968 12500
281.02966420147794 761.0866141732283 6512 3.2445586967056097 405.5590551181102 12600
282.00862310960144 761.28125 6523 3.244835581887597 406.203125 12700
283.4658033455918 759.1162790697674 6531 3.2501153519964214 406.4651162790698 12800
284.24376707160724 758.8923076923077 6541 3.255353191463823 406.61538461538464 12900
284.3044149823829 758.1526717557252 6546 3.2517681616489416 407.2977099236641 13000
284.20827403193925 759.6363636363636 6549 3.2478967417935762 408.06060606060606 13100
284.0481959087559 760.2857142857143 6551 3.247644027301036 408.69172932330827 13200
284.136733163913 760.8507462686567 6553 3.2481280270972968 410.46268656716416 13300
284.2263154651629 758.4148148148148 6556 3.2471615014063797 412.54814814814813 13400
284.4462782168951 760.5147058823529 6557 3.250668681035999 414.79411764705884 13500
284.4405783172784 760.7737226277372 6558 3.2566416506433375 416.992700729927 13600
284.53235965727873 762.7536231884058 6560 3.264527055973508 418.94202898550725 13700
284.499182134011 762.3597122302158 6562 3.27598472360782 420.978417266187 13800
284.72222923380633 760.7285714285714 6566 3.2916324517725264 422.2 13900
284.93162107522073 758.1276595744681 6570 3.312416776385644 423.8723404255319 14000
285.22108152349637 756.2676056338029 6573 3.329718283377511 426.2957746478873 14100
285.56434555815594 754.7832167832167 6576 3.347853658480304 428.8811188811189 14200
285.9688515815559 754.5694444444445 6581 3.3568268969630797 432.30555555555554 14300
286.7849825288043 754.4137931034483 6586 3.3579332037378884 435.00689655172414 14400
287.57645691580376 753.5890410958904 6591 3.354503132870799 436.1232876712329 14500
288.47346514540146 752.6530612244898 6593 3.3621783402709275 435.687074829932 14600
289.2769660230233 751.2567567567568 6593 3.364744266916874 435.31081081081084 14700
289.76781155065595 749.6241610738255 6597 3.3773391329801488 434.30872483221475 14800
290.24891609247135 746.9733333333334 6599 3.3862213882226473 433.72 14900
290.9189280778422 744.6622516556291 6602 3.3989639275561805 433.2450331125828 15000
291.964301339181 746.8026315789474 6603 3.4138074044393174 432.9605263157895 15100
292.8011140434965 748.718954248366 6605 3.4255752365298173 433.42483660130716 15200
293.540501784241 750.5064935064935 6610 3.432552020708195 433.8961038961039 15300
294.4147433020066 748.8516129032258 6615 3.4357350781612124 433.7935483870968 15400
294.91396146403144 746.5641025641025 6620 3.4324840291253795 434.43589743589746 15500
295.4728602944791 746.0254777070064 6623 3.4315491899953723 434.4076433121019 15600
295.7324112810183 749.1518987341772 6626 3.4257705148594426 434.30379746835445 15700
296.01326360651177 754.1635220125786 6628 3.419822272627622 434.69182389937106 15800
296.20542508157644 757.5 6631 3.415948383423699 434.8375 15900
296.3981509918302 756.7950310559006 6634 3.4089282958602865 435.2422360248447 16000
296.539015352944 756.4320987654321 6635 3.40146577551547 435.41975308641975 16100
296.70490343061505 756.5889570552147 6636 3.394785003886541 435.65644171779144 16200
297.1169128254212 755.8658536585366 6635 3.3907517619929237 435.6829268292683 16300
297.44842436462403 753.3575757575758 6635 3.3898464744071783 435.1636363636364 16400
297.79465391788597 752.4698795180723 6635 3.3917371806077594 434.96385542168673 16500
298.1516349206823 752.443113772455 6635 3.3953794729394495 435.1736526946108 16600
298.7181540036253 754.8571428571429 6634 3.3989784046481435 435.39285714285717 16700
299.12377674465375 755.7633136094674 6633 3.3985899722734993 435.92899408284023 16800
299.0943776117988 757.2588235294118 6632 3.3993041489071842 436.4117647058824 16900
299.1200858965051 761.5087719298245 6633 3.3969690369252707 436.8654970760234 17000
299.06995804383996 764.4767441860465 6634 3.3968972133653303 437.4767441860465 17100
299.0075009918058 767.3179190751445 6634 3.3922480537076845 438.21965317919074 17200
298.9155530973062 767.7241379310345 6636 3.3875991185331187 438.8965517241379 17300
298.9647724360725 769.2685714285715 6639 3.38171079703946 439.78285714285715 17400
299.18600780304587 769.2613636363636 6642 3.380353674004333 440.2386363636364 17500
299.5194454414752 767.9322033898305 6643 3.3783870321428178 440.7118644067797 17600
299.69759873968087 766.561797752809 6647 3.3764549856623565 441.2247191011236 17700
300.02464964723197 764.8603351955308 6648 3.370999929876534 441.56424581005587 17800
300.5087285716597 764.4777777777778 6650 3.3667502669664446 441.8666666666667 17900
301.1306231712104 764.6077348066299 6652 3.3595241523943193 441.9779005524862 18000
301.3068000981143 765.4615384615385 6651 3.355831711996548 441.8901098901099 18100
301.5629666739392 768.448087431694 6651 3.3521796261386436 442.2841530054645 18200
301.8095416324138 769.1195652173913 6651 3.3506279252719477 442.8804347826087 18300
301.88919451422794 767.5675675675676 6653 3.3468021372588947 443.03783783783786 18400
301.7191254513883 766.6236559139785 6655 3.3441695604840773 443.0537634408602 18500
301.46891360488524 765.5294117647059 6656 3.343715494702127 442.427807486631 18600
301.3879654420844 764.5851063829788 6656 3.3439048290113056 442.1914893617021 18700
301.4538704528618 764.8571428571429 6657 3.3403215583110697 442.16931216931215 18800
301.4466634194353 765.7894736842105 6657 3.33688565537259 442.3157894736842 18900
301.360672083284 766.1884816753927 6658 3.3403574582240427 442.0628272251309 19000
301.43411851097676 765.9479166666666 6659 3.3440994690114785 441.5625 19100
301.367313747885 764.6010362694301 6658 3.346461647928517 440.9326424870466 19200
301.3006971857479 763.1752577319587 6658 3.3451745991945985 440.6082474226804 19300
301.2462236893318 760.9333333333333 6656 3.343581307704476 440.22564102564104 19400
301.1158313492633 759.8877551020408 6655 3.339359612421586 440.234693877551 19500
301.19187275631623 761.5025380710659 6655 3.3361632561116026 440.0406091370558 19600
301.4491318365303 762.8181818181819 6656 3.3334553608787156 440.09090909090907 19700
301.6185295416482 763.0452261306533 6656 3.3334547476749696 440.02010050251255 19800
301.9358482938922 761.12 6656 3.3308900380391595 440.29 19900
302.3304249724691 759.4129353233831 6656 3.328995062725532 440.21890547263683 20000
302.77829651877846 757.7029702970297 6658 3.3310792455833265 439.5742574257426 20100
303.5168891993382 756.1477832512315 6658 3.332312329835809 439.3399014778325 20200
304.32129827278044 754.656862745098 6660 3.334445317731051 439.15686274509807 20300
305.34940683139655 753.6585365853658 6662 3.3338348641108086 439.76585365853657 20400
306.37424509661355 752.2330097087379 6665 3.3328366615093246 440.8543689320388 20500
307.0048611333733 751.6811594202899 6668 3.3299574607545117 442.0869565217391 20600
307.92028558846624 751.4807692307693 6670 3.3260817495192 443.2019230769231 20700
308.45500953474846 751.8755980861245 6672 3.3242823153109744 443.99043062200957 20800
309.207676081803 751.8571428571429 6674 3.3245899656613456 444.4761904761905 20900
309.90470463949293 753.8009478672985 6677 3.3258952264875945 445.12796208530807 21000
311.3011154220221 754.4433962264151 6679 3.3272901623136986 445.66037735849056 21100
313.1393470136766 755.0422535211268 6681 3.3321054252909605 446.3755868544601 21200
314.4813259629373 753.196261682243 6683 3.3380301662942737 447.7102803738318 21300
315.1099485866212 751.7767441860465 6685 3.3457602585440678 448.0 21400
315.8115504811456 750.6203703703703 6688 3.3560229425322894 447.98148148148147 21500
316.24397243922607 748.9953917050691 6691 3.357873416334333 448.21198156682027 21600
316.3434042881089 747.1743119266055 6693 3.3610969605741112 448.5229357798165 21700
316.4362788202603 745.2785388127854 6693 3.3637457254600207 448.99543378995435 21800
316.4492347123424 743.8636363636364 6693 3.3656549893614924 449.7 21900
316.5660928323184 742.3257918552036 6691 3.3682807402962642 450.2262443438914 22000
316.6316643001619 741.1351351351351 6691 3.368552319973179 450.4684684684685 22100
316.7412715586981 740.0448430493274 6691 3.3718821800231247 450.10762331838566 22200
317.03887584270797 738.75 6690 3.3746862774337356 449.9732142857143 22300
317.38115042611247 737.3333333333334 6690 3.375687671756252 450.14222222222224 22400
317.6579121719776 737.5486725663717 6689 3.37889259356264 450.353982300885 22500
318.08884533892615 737.9030837004406 6689 3.380725101057394 450.6696035242291 22600
318.4575872180074 737.5 6691 3.380967084982131 451.2456140350877 22700
318.8876067584465 736.0524017467249 6692 3.3843253073184543 451.3886462882096 22800
319.40460618291615 734.5739130434782 6692 3.38653211855573 451.4695652173913 22900
319.9551906355458 733.5930735930735 6693 3.3870818215642053 451.5238095238095 23000
320.6253603956345 733.051724137931 6694 3.387111380065823 451.62068965517244 23100
321.1150869049319 733.1158798283262 6695 3.387595880580562 451.91416309012874 23200
321.7550152226587 733.1880341880342 6696 3.38839999038901 452.37606837606836 23300
322.42538476143045 733.3446808510638 6697 3.3935815249237824 452.62978723404257 23400
322.9719384102765 733.2372881355932 6699 3.3969712150177362 453.14406779661016 23500
323.5288113930273 732.7848101265823 6700 3.4009221100317255 453.8481012658228 23600
323.9311310883356 732.3277310924369 6702 3.405400028336915 454.70588235294116 23700
324.4846565473573 731.8242677824268 6703 3.4050984940481963 456.02510460251045 23800
325.0674003050734 731.6916666666667 6705 3.406148678894424 457.0416666666667 23900
325.63122604381283 730.4896265560166 6706 3.406538103463327 457.98340248962654 24000
326.1337360262689 729.297520661157 6707 3.4118239554560996 458.3636363636364 24100
326.4567755154724 729.8683127572017 6708 3.4209784397396703 458.40329218106996 24200
326.7407798429402 729.688524590164 6710 3.4274498395768025 458.5983606557377 24300
327.05588638564245 729.934693877551 6713 3.4281541259458765 459.1510204081633 24400
327.3537079076957 729.1219512195122 6716 3.4286720179361603 459.8536585365854 24500
327.80815991330593 730.0890688259109 6718 3.4282860313588204 460.9068825910931 24600
328.20515102760913 730.7741935483871 6719 3.431027249410229 461.8225806451613 24700
328.8039912178412 733.8152610441767 6720 3.4347918831581064 462.6265060240964 24800
329.380780099105 735.088 6722 3.4412749378476963 463.512 24900
329.82749099372813 736.3027888446215 6725 3.443943607860698 464.51792828685257 25000
330.09336989005544 738.8492063492064 6726 3.4494342530949673 465.5079365079365 25100
330.8935246504578 744.4584980237154 6726 3.4536504379928448 466.92490118577075 25200
331.2445362588659 752.1259842519685 6726 3.459103427124445 467.07086614173227 25300
331.4990881165794 756.8235294117648 6728 3.4631259567625787 467.6549019607843 25400
331.80742139159145 757.4375 6730 3.468794549565404 468.03125 25500
332.10430221203313 756.1089494163424 6731 3.473379235456315 468.9805447470817 25600
332.42581403700336 754.953488372093 6729 3.473368417626229 469.86046511627904 25700
332.7056472015879 754.046332046332 6728 3.4738119190798633 470.3938223938224 25800
333.00217415004244 752.9923076923077 6728 3.4769669411105513 470.82307692307694 25900
333.3532246318124 751.9080459770115 6728 3.4787580426558917 471.2490421455939 26000
333.9051050993727 751.1603053435115 6728 3.4803457479973012 471.6412213740458 26100
334.61720001801496 750.5171102661596 6728 3.480920779173617 471.79467680608366 26200
335.44412640538434 750.3863636363636 6727 3.4809444864009116 471.59090909090907 26300
336.66435389198574 755.1094339622641 6728 3.4807184794015837 471.5245283018868 26400
338.32193152691644 759.0676691729324 6728 3.4788238392010005 471.57894736842104 26500
340.3560410887982 760.4119850187266 6729 3.475112157698558 471.8426966292135 26600
341.96614369460724 760.4328358208955 6731 3.4719646457197135 471.44029850746267 26700
343.1326874208909 760.7657992565056 6733 3.470773383659474 470.996282527881 26800
343.9222166594631 760.0296296296297 6735 3.469724222979254 470.65185185185186 26900
344.4374515630533 758.8708487084871 6736 3.4683072121406373 470.22140221402213 27000
344.66099957458255 757.5147058823529 6736 3.464589696129616 469.58088235294116 27100
344.93410929223626 757.040293040293 6737 3.4604807856780684 469.25274725274727 27200
345.0114969986896 756.0583941605839 6736 3.4584873730087535 468.97080291970804 27300
345.1778888909286 754.4363636363636 6735 3.4552039845816513 468.9381818181818 27400
345.5272537005118 752.9927536231884 6734 3.4512102787551617 468.90579710144925 27500
345.8269604366224 751.7328519855596 6732 3.4483779913469004 468.87364620938627 27600
345.99162131246345 750.2302158273382 6730 3.4480903764594353 468.9352517985611 27700
346.066028173525 750.931899641577 6728 3.44859268799226 469.3333333333333 27800
346.1804200000064 752.5214285714286 6727 3.450338785535145 470.05 27900
346.2760662620898 754.5836298932385 6726 3.452690288473138 470.51957295373666 28000
346.40733306520815 754.3758865248227 6727 3.453884555833909 471.36170212765956 28100
346.64046234112425 755.356890459364 6727 3.4567203356946026 472.18374558303884 28200
347.005806801097 755.7183098591549 6727 3.460486516869881 472.4154929577465 28300
347.3838985326258 756.540350877193 6726 3.461640857807919 473.0736842105263 28400
347.8681706634433 755.7692307692307 6725 3.4644197717890455 473.83216783216784 28500
348.3694430072409 755.0174216027874 6725 3.4659459712754614 474.55052264808364 28600
349.01970792332617 754.5486111111111 6726 3.466275935297963 475.22222222222223 28700
349.47995952064025 754.1937716262976 6726 3.4659373370880453 475.7993079584775 28800
350.0133974588541 753.448275862069 6726 3.466364255200651 475.8344827586207 28900
350.47195242756067 753.1752577319587 6727 3.4663787705961613 476.0068728522337 29000
351.07969173120824 752.3698630136986 6727 3.4659848410781993 476.458904109589 29100
351.78155447621543 751.7064846416382 6726 3.4672051297153543 476.70307167235495 29200
352.20925757344 751.0544217687075 6726 3.4692174371973143 476.95238095238096 29300
352.4899627435817 751.4915254237288 6726 3.4701127453198097 476.51525423728816 29400
352.8230550148603 753.2702702702703 6725 3.471661592222687 476.38513513513516 29500
353.0034085659937 755.1313131313132 6725 3.4720472666480373 476.3771043771044 29600
353.0286403176513 757.0134228187919 6726 3.473302657854432 476.4161073825503 29700
353.1469263469219 759.2173913043479 6727 3.4780073312395348 476.16722408026754 29800
353.1982468957542 761.6333333333333 6729 3.4770806401354024 476.32 29900
353.21806377454953 763.8405315614618 6729 3.4760493644760375 476.4983388704319 30000
353.188474431038 763.9933774834437 6730 3.479991805874019 476.27814569536423 30100
353.15978657342964 763.4323432343234 6730 3.483142930635806 476.3696369636964 30200
353.07073998526664 762.6381578947369 6730 3.4818277674867857 476.4868421052632 30300
352.9948023100191 761.5737704918033 6730 3.4813409004895615 476.5967213114754 30400
353.13679091016115 760.437908496732 6730 3.4824675215877052 476.65359477124184 30500
353.28540669024835 759.771986970684 6728 3.483892708813804 476.63843648208467 30600
353.37197933279566 760.4090909090909 6728 3.4848468811156352 476.8766233766234 30700
353.31902080250495 761.0226537216829 6726 3.485621285807929 477.28155339805824 30800
353.1299985239549 761.2322580645161 6724 3.487280571982742 477.52258064516127 30900
352.9463674447245 759.7363344051447 6722 3.4891765285902667 478.0257234726688 31000
352.68411387821664 759.724358974359 6720 3.490279595272136 478.4423076923077 31100
352.4092500795185 760.6325878594249 6718 3.4924637276945205 478.8690095846645 31200
352.185513954941 762.9936305732484 6717 3.4928668611064735 479.2420382165605 31300
351.9103579653872 764.0 6717 3.491937125039468 479.46031746031747 31400
351.5850871845451 764.1518987341772 6717 3.4911338279288855 479.50632911392404 31500
351.1531803891109 762.7192429022082 6716 3.4908463395127067 479.64668769716087 31600
350.7028644824251 761.1698113207547 6714 3.489931728382163 480.0440251572327 31700
350.2957171067945 759.8244514106583 6712 3.48808241261921 480.09404388714734 31800
349.9607093555701 758.80625 6709 3.4873795235008265 480.4125 31900
349.6190201897008 757.7881619937694 6707 3.4869827025553417 480.6853582554517 32000
349.3088256380242 756.6708074534162 6705 3.4867355743095407 481.04347826086956 32100
348.96768132719626 755.8947368421053 6702 3.4863343584669186 481.57894736842104 32200
348.6636390458825 754.9876543209876 6699 3.4823442783083682 482.22222222222223 32300
348.45563313032557 754.2153846153847 6697 3.478466979674257 482.39384615384614 32400
348.3748088052753 753.4907975460122 6695 3.47393180488998 482.6441717791411 32500
348.2675897875149 752.7278287461774 6693 3.468965652581448 483.0764525993884 32600
348.1405819826111 751.939024390244 6692 3.465249293884553 483.4939024390244 32700
348.0630571298814 751.6109422492401 6691 3.4642248435329437 483.7082066869301 32800
347.9660350770189 751.1454545454545 6690 3.4637750393818867 484.04242424242426 32900
347.8762272306315 750.9184290030212 6690 3.4650684437701353 484.4652567975831 33000
347.8911646094815 750.1626506024096 6690 3.466362625692832 485.03614457831327 33100
347.96739085728365 749.9099099099099 6690 3.4673329291718638 485.54354354354354 33200
348.0992750834835 750.5149700598803 6690 3.467194365406615 485.61077844311376 33300
348.3094707350422 751.0268656716418 6690 3.4663644992089506 485.62388059701493 33400
348.44479907988534 751.5119047619048 6691 3.4661830733345353 485.5059523809524 33500
348.5304348608923 751.080118694362 6693 3.465180171420205 485.67952522255194 33600
348.5949015366454 750.5207100591716 6694 3.4646257264686 485.5562130177515 33700
348.72090094460316 751.0973451327434 6694 3.462833741603332 485.4867256637168 33800
348.6437003051009 752.0529411764705 6695 3.460607413989619 485.48823529411766 33900
348.5918333969686 752.2639296187683 6695 3.458812333152362 485.75953079178885 34000
348.5767203958748 751.4035087719299 6695 3.45755938197444 485.9766081871345 34100
348.6410385902446 751.9067055393587 6694 3.4581690242038627 486.06413994169094 34200
348.5771763449413 752.2732558139535 6695 3.4590393926148284 486.1453488372093 34300
348.572087915723 752.9159420289855 6696 3.4586146407521765 486.6840579710145 34400
348.52332403311783 752.0578034682081 6697 3.4598180666459566 486.73988439306356 34500
348.54552649860284 752.1671469740634 6697 3.459849104595951 487.2622478386167 34600
348.5691279677804 752.4252873563219 6697 3.4610529516482273 487.867816091954 34700
348.7126105122353 752.4813753581661 6695 3.462269746301711 488.7507163323782 34800
348.9038080729339 752.2685714285715 6696 3.462695007344024 489.5542857142857 34900
348.98043594640893 752.1538461538462 6696 3.4655281921012864 490.039886039886 35000
349.0398834766382 752.0454545454545 6695 3.469219037812229 490.3693181818182 35100
349.01179801924604 751.5467422096317 6695 3.471237732271169 490.6685552407932 35200
349.01253949841004 750.8926553672317 6696 3.4727314109935667 491.1186440677966 35300
349.0886578553526 750.5577464788732 6695 3.475805695931902 491.47042253521124 35400
349.2375944429408 751.1797752808989 6695 3.4778543546656002 492.0449438202247 35500
349.424069929473 751.8767507002801 6696 3.4795970595544916 492.1120448179272 35600
349.6108128320183 752.0167597765363 6696 3.4823738393058097 492.3296089385475 35700
349.76947388658584 751.0640668523677 6697 3.4864373563845907 492.5181058495822 35800
349.9452401101051 749.7888888888889 6698 3.489661304904437 492.9888888888889 35900
349.94064648083275 748.9972299168975 6698 3.4902835331852717 493.4459833795014 36000
349.9719430177321 748.6353591160221 6697 3.4908791100354257 493.8563535911602 36100
350.0474581060472 748.7823691460055 6697 3.4932261569577996 494.0 36200
350.18028351697836 748.6263736263736 6697 3.496396026920908 493.9230769230769 36300
350.39739320612887 748.082191780822 6698 3.4983237090389325 493.627397260274 36400
350.6541520341459 747.2950819672132 6699 3.4996944092874602 493.4535519125683 36500
350.7412887679311 746.016348773842 6700 3.499901665871847 493.35149863760216 36600
350.9162597264035 745.2119565217391 6700 3.500931247972163 493.16847826086956 36700
351.1107057070287 744.189701897019 6700 3.499733124073625 492.80758807588074 36800
351.2905800028709 743.0756756756757 6699 3.49682639245246 492.5567567567568 36900
351.50993283012326 741.9245283018868 6699 3.4949154824670865 492.3234501347709 37000
351.65765485683414 741.1236559139785 6699 3.494419324792675 492.26344086021504 37100
351.78241716091844 740.3270777479893 6698 3.4932853013252108 492.4450402144772 37200
351.9114317947524 739.5187165775401 6698 3.492427356116061 492.6577540106952 37300
351.8889154840112 738.256 6699 3.4925956979812334 492.98133333333334 37400
351.89743130852145 737.0585106382979 6698 3.492057737562787 493.3351063829787 37500
351.91062182145697 735.8832891246684 6698 3.4913152003600234 493.85145888594167 37600
351.9559889250329 735.2275132275132 6697 3.4919554599710634 494.1216931216931 37700
352.100172303359 734.4538258575197 6696 3.4917639016036195 494.5065963060686 37800
352.19622977491406 733.3578947368421 6696 3.4938532447196997 495.05263157894734 37900
352.2879251925862 732.3149606299213 6695 3.4958816264046004 495.62729658792654 38000
352.4330861818122 731.4764397905759 6693 3.4954561073127914 496.6178010471204 38100
352.6143095510045 730.9242819843342 6692 3.495032810252793 497.58746736292426 38200
352.9421349945821 730.125 6692 3.4945574643927597 498.1875 38300
353.25499090025045 729.1064935064935 6691 3.492351240564006 498.82077922077923 38400
353.45152455839747 728.0777202072538 6690 3.493666392790524 498.6373056994819 38500
353.6423001276669 727.359173126615 6688 3.495808290083472 498.29457364341084 38600
353.8306323685256 727.0515463917526 6687 3.4965922893358345 497.8814432989691 38700
353.96230981365034 726.8174807197944 6686 3.4978863965611926 497.5629820051414 38800
354.1371268458742 726.2717948717949 6686 3.498532841698215 497.3179487179487 38900
354.24652628067827 725.6879795396419 6686 3.4970103173113953 497.35038363171356 39000
354.5344236967466 724.9387755102041 6687 3.497799708371579 496.9591836734694 39100
354.8579583930968 723.9898218829517 6687 3.4974872409202518 496.7022900763359 39200
355.16328664570574 723.1522842639594 6687 3.49828676568949 496.4213197969543 39300
355.57288977252455 722.0911392405063 6687 3.498449330839643 496.293670886076 39400
355.9120187854137 721.0505050505051 6686 3.498185416857572 496.2878787878788 39500
356.19473645687486 719.9244332493703 6686 3.4982334167629943 496.61964735516375 39600
356.29863779713276 718.9597989949749 6685 3.4967531592060292 496.96984924623115 39700
356.3585616195712 717.9047619047619 6685 3.495722986590762 496.8421052631579 39800
356.5572855748037 716.87 6684 3.4958408219814276 497.02 39900
356.76693448918087 715.8753117206983 6683 3.495530566992518 497.0274314214464 40000
357.06483336803126 715.0895522388059 6683 3.496216880436389 496.74626865671644 40100
357.38683758121243 714.4913151364764 6682 3.497320998526096 496.61538461538464 40200
357.77130307780254 714.6336633663366 6681 3.4972548283200764 496.33663366336634 40300
358.122688052853 714.8493827160494 6681 3.4996581206829753 496.0246913580247 40400
358.50339632997895 716.3645320197045 6681 3.502918887409778 495.88669950738915 40500
358.871408691796 717.2039312039312 6682 3.5070522198367446 495.965601965602 40600
359.2188680775998 717.7107843137255 6684 3.5131623859645957 495.94607843137254 40700
359.4154894572858 716.8655256723716 6685 3.5163086881994015 495.9755501222494 40800
359.5015088395001 715.9219512195122 6686 3.5157998677591404 495.6292682926829 40900
359.5573327439972 714.992700729927 6686 3.5145448802463446 495.2506082725061 41000
359.7424449742286 714.3980582524272 6686 3.5119890394242383 494.6601941747573 41100
359.84653646967 714.0677966101695 6686 3.5074931153912328 494.363196125908 41200
360.00613756790426 713.8888888888889 6686 3.504388596325607 494.0144927536232 41300
360.17717489536057 713.778313253012 6686 3.5012990387976473 493.66265060240966 41400
360.38846215550046 713.3125 6686 3.4973203243922533 493.4855769230769 41500
360.60524966637854 712.6043165467626 6686 3.49488070730738 492.91127098321346 41600
360.9051947548578 711.7799043062201 6686 3.494424887017379 492.7894736842105 41700
361.0686136043114 710.7923627684964 6686 3.4947636429824054 492.7684964200477 41800
361.3301162785372 710.8190476190476 6685 3.495768173991177 492.8809523809524 41900
361.51568675878184 710.0522565320665 6684 3.4961468063897563 493.01187648456056 42000
361.6103698102388 709.9668246445498 6683 3.496866837654236 493.13744075829385 42100
361.82179243057715 709.9952718676122 6682 3.4971411553567235 493.49881796690306 42200
362.03921309803553 710.0943396226415 6682 3.497262018426104 493.9622641509434 42300
362.26223104152365 709.7317647058824 6681 3.4973823127280994 494.6729411764706 42400
362.32314488720004 709.4084507042254 6681 3.4981078275172433 495.3145539906103 42500
362.3532918222455 709.3255269320844 6680 3.4970122659312617 495.7751756440281 42600
362.47224086708286 708.5654205607476 6680 3.4966756512362602 495.92056074766356 42700
362.7093074620025 708.9417249417249 6681 3.496250499868077 496.041958041958 42800
362.8825040231961 709.0837209302325 6680 3.494412434410107 496.3255813953488 42900
363.1217954529941 709.3549883990719 6679 3.4916701781817774 496.41763341067286 43000
363.3574369424986 709.7407407407408 6679 3.4909660805470972 496.125 43100
363.668897127319 709.9676674364896 6679 3.489459714720013 496.1062355658199 43200
363.9102095264824 710.520737327189 6680 3.4888206859121813 496.21198156682027 43300
364.2956432140913 709.8390804597701 6680 3.4882378662150195 496.2528735632184 43400
364.64542037709094 708.9311926605504 6680 3.4879699549884453 496.2477064220183 43500
364.96439398756263 708.2974828375286 6681 3.4894276896452223 496.2471395881007 43600
365.34177232603093 707.5479452054794 6682 3.489984551845423 496.32876712328766 43700
365.6757895197317 707.7904328018224 6682 3.4913034150923385 496.255125284738 43800
366.01329163921025 708.8909090909091 6683 3.4934237310222254 496.54545454545456 43900
366.25128602766637 709.265306122449 6682 3.49653766058151 496.48979591836735 44000
366.24799610328637 708.5746606334842 6683 3.5004852661239605 496.4660633484163 44100
366.1788244683626 707.4446952595937 6683 3.5016128388866603 496.72234762979684 44200
366.2162886097083 706.2702702702703 6682 3.5032813330387715 496.98198198198196 44300
366.19842673489677 705.7528089887641 6680 3.502290813189246 497.39775280898874 44400
366.1140479767538 705.1614349775784 6679 3.500900817960518 497.84304932735427 44500
365.9591341387298 704.4116331096197 6678 3.5006615306584576 498.2505592841163 44600
365.80228197946064 703.4776785714286 6677 3.5006600540275237 498.5982142857143 44700
365.7684961172839 702.7305122494432 6676 3.500769942548621 498.93541202672606 44800
365.7531455646701 702.0044444444444 6675 3.499607737738019 499.0933333333333 44900
365.7796394875021 702.6252771618625 6675 3.499205462971819 499.1308203991131 45000
365.82477294441765 703.1283185840708 6674 3.4994902008341477 499.0929203539823 45100
365.89811959844207 703.5894039735099 6673 3.4990899615788447 499.1788079470199 45200
365.9434089778911 702.7180616740088 6673 3.498861456899617 499.2511013215859 45300
366.15157568949996 702.5494505494505 6673 3.4998582030435315 499.36703296703297 45400
366.30455114308995 701.8245614035088 6673 3.500356919105437 499.530701754386 45500
366.2676115145242 701.4704595185996 6672 3.500199839257442 499.64551422319477 45600
366.3179664277037 702.117903930131 6672 3.499869353165837 499.66812227074234 45700
366.38205654236407 702.7058823529412 6671 3.5005338601279608 499.9259259259259 45800
366.4773826423042 702.7521739130435 6672 3.5025349878919845 500.2826086956522 45900
366.6590886589862 702.6594360086768 6672 3.504070760837532 500.4642082429501 46000
366.9051239695409 703.1212121212121 6672 3.503982760563309 500.76623376623377 46100
367.2356045204655 703.4384449244061 6673 3.5033926665464747 500.889848812095 46200
367.61264693712377 703.1293103448276 6674 3.5030962462705917 500.63793103448273 46300
368.1228290668894 702.8 6675 3.5036272220850635 500.40860215053766 46400
368.6123429420593 702.1716738197425 6677 3.503540928977899 500.2575107296137 46500
369.1123512059368 701.3961456102784 6679 3.5047084655064364 500.0813704496788 46600
369.5640663003046 700.5854700854701 6680 3.5073837823680822 500.0 46700
370.0620332909058 699.8592750533049 6680 3.5091256598562612 499.9317697228145 46800
370.5903444626776 698.9957446808511 6681 3.5094981808487287 499.98297872340424 46900
371.08889806447473 698.2590233545648 6682 3.511146198056511 499.9575371549894 47000
371.4813605645543 697.5593220338983 6682 3.5123937696707976 500.08898305084745 47100
371.8809549477515 696.9302325581396 6683 3.5158098613378894 500.4566596194503 47200
372.0172170942974 696.253164556962 6684 3.5174173885877624 500.62869198312234 47300
372.2882295769966 695.7557894736842 6684 3.51797815994607 500.62315789473683 47400
372.5575867911659 695.3067226890756 6685 3.5185365751221993 500.65966386554624 47500
372.92327269798074 695.7945492662474 6685 3.5187933656167565 500.7127882599581 47600
373.2935339348874 695.7866108786611 6686 3.5198000740568887 500.5271966527197 47700
373.59811216280644 695.8622129436326 6687 3.521055631566607 500.44676409185803 47800
373.85700840592216 695.3625 6689 3.521800907081652 500.62083333333334 47900
374.16283150616295 695.1642411642412 6691 3.522910584105506 500.8773388773389 48000
374.45686858586777 695.0995850622406 6692 3.524018949817202 501.2572614107884 48100
374.66094798968663 695.6894409937888 6693 3.5252715653622273 501.768115942029 48200
374.79514766978207 696.0495867768595 6694 3.5255859202991617 502.02479338842977 48300
374.896161698018 696.2639175257732 6695 3.5268390077487166 502.0907216494845 48400
374.9244857273683 695.551440329218 6696 3.528198392506435 501.9382716049383 48500
375.05884153635907 694.8049281314169 6696 3.5300383186496305 501.98357289527723 48600
375.2465105911101 694.0081967213115 6696 3.5328642460890594 501.9590163934426 48700
375.4333257027147 693.4233128834355 6696 3.536826871833855 502.02453987730064 48800
375.59071429649447 692.7469387755102 6695 3.541613659730473 502.065306122449 48900
375.7570007206133 692.1466395112017 6695 3.5448924815060017 502.20366598778 49000
375.8690673023454 691.3780487804878 6696 3.5465143608989917 502.2560975609756 49100
375.98935382795423 690.762677484787 6695 3.549104655119815 502.2393509127789 49200
376.03632227045676 690.2388663967612 6695 3.5517525057311974 502.19028340080973 49300
376.0781627370301 689.5111111111111 6695 3.555134432894594 502.37979797979796 49400
376.1615252257446 688.7862903225806 6694 3.557068205639334 502.68548387096774 49500
376.1359580385793 688.0040241448692 6693 3.5583366800746674 502.89738430583503 49600
376.0110831664024 687.1044176706828 6692 3.559588650961702 503.00401606425703 49700
375.8646664882897 686.0761523046092 6691 3.5597841503728866 503.0060120240481 49800
375.7533590303131 685.272 6690 3.5594014241774046 503.28 49900
375.63479537942226 684.6746506986028 6688 3.55855458527712 503.7245508982036 50000
375.59278873796654 683.9482071713147 6686 3.5571727332444265 504.0358565737052 50100
375.61195870020896 683.3280318091452 6684 3.554892581508864 504.1431411530815 50200
375.66212370665943 682.5753968253969 6683 3.5527473268045333 504.2738095238095 50300
375.7081088014522 682.0435643564357 6682 3.550266639028683 504.3920792079208 50400
375.8046515039503 681.99604743083 6681 3.5488671106178713 504.39525691699606 50500
375.90644209024816 681.759368836292 6680 3.546722478173928 504.4536489151874 50600
375.9809023702561 681.6259842519685 6679 3.544195776238028 504.51181102362204 50700
376.04810495008644 680.9076620825148 6677 3.5425425481957182 504.52652259332024 50800
376.23053742814614 681.1058823529412 6676 3.541940100292681 504.62745098039215 50900
376.3600015219011 681.4833659491194 6675 3.5421248821636615 504.70450097847356 51000
376.4016997715353 681.7734375 6674 3.5423891291806044 504.9375 51100
376.5098126656606 681.9376218323587 6674 3.5436710217163143 505.0877192982456 51200
376.6031687120799 682.0972762645914 6672 3.54391031285435 505.1634241245136 51300
376.8679428725567 682.7029126213592 6672 3.546090422279228 505.1417475728155 51400
377.1109393396543 683.2751937984497 6671 3.546702783797131 505.38759689922483 51500
377.21389542303945 683.6905222437138 6671 3.548472291877869 505.5009671179884 51600
377.344776473774 684.3822393822394 6670 3.548861341507448 505.7104247104247 51700
377.48036135252875 684.8631984585742 6670 3.548996575182863 506.1040462427746 51800
377.5866303579939 685.3 6669 3.5500311135416247 506.38461538461536 51900
377.66483701542194 685.8579654510556 6668 3.55316314246346 506.595009596929 52000
377.72430718027584 686.4559386973181 6667 3.555091948703952 506.7011494252874 52100
377.83908575948806 687.2695984703632 6666 3.5579311610391255 506.80305927342255 52200
377.8999514715769 688.5343511450382 6664 3.5589111179291817 506.9083969465649 52300
377.89200569546085 689.5504761904762 6663 3.558862398339475 507.18095238095236 52400
377.91470491253136 690.6577946768061 6662 3.5577999222970047 507.6768060836502 52500
377.95791575677845 691.5939278937382 6662 3.5560299034691165 508.3643263757116 52600
377.96027680829246 692.2386363636364 6660 3.555229341783253 509.0189393939394 52700
377.91237717974667 692.82797731569 6659 3.554114574107632 509.94706994328925 52800
377.87188825974187 693.4981132075471 6658 3.552873889485048 510.7849056603774 52900
377.802414142634 693.9284369114878 6658 3.5507287279294233 511.84180790960454 53000
377.7420181300677 694.4022556390977 6657 3.5480730931673055 512.8045112781955 53100
377.77590420219445 694.9230769230769 6656 3.545168640834909 513.2757973733584 53200
377.78594845440705 695.9700374531835 6654 3.542382075696909 513.4868913857678 53300
377.8493017494916 697.8841121495327 6653 3.540226013665492 513.6149532710281 53400
377.96283988143796 699.5223880597015 6652 3.539905482021772 513.4514925373135 53500
378.24079056333244 700.8826815642458 6651 3.540475776927046 513.2849162011173 53600
378.57312635409085 701.3828996282527 6651 3.541530855609538 513.0669144981413 53700
378.893302827283 701.8330241187384 6651 3.5429998769040165 512.9499072356215 53800
379.10704077460105 702.3851851851852 6651 3.5465082104653054 512.9148148148148 53900
379.3080256264675 702.898336414048 6650 3.547346457765739 512.9390018484288 54000
379.51868793014495 703.8856088560885 6651 3.5477054781091066 512.9557195571956 54100
379.7198863940718 704.390423572744 6650 3.548792449667806 512.8434622467771 54200
379.8846226097999 704.5036764705883 6651 3.5492542282529755 512.8161764705883 54300
379.9855461038883 704.5467889908257 6651 3.5495570383190906 512.7339449541284 54400
380.09373379066227 704.7216117216117 6650 3.5475330225793935 512.3956043956044 54500
380.1592036494978 705.0749542961609 6650 3.546532048132265 512.054844606947 54600
380.35388850186234 705.4343065693431 6650 3.5468561464587287 512.3138686131387 54700
380.4464146505276 705.7340619307832 6649 3.546062439654817 512.1748633879781 54800
380.5310322441214 705.8618181818182 6650 3.545949364251339 511.9818181818182 54900
380.5312430233885 705.9274047186933 6650 3.546773412592081 511.9491833030853 55000
380.3933709511876 705.9528985507246 6650 3.5467763359329902 512.1195652173913 55100
380.35124208444137 706.867992766727 6649 3.546578729538898 512.4195298372514 55200
380.3342706419613 707.5884476534296 6648 3.5477356271390086 512.6606498194946 55300
380.2875153351124 709.0522522522523 6648 3.54803571738612 512.6774774774775 55400
380.270262208956 710.2589928057554 6648 3.5478208535573166 512.8021582733813 55500
380.2796296092839 711.6876122082585 6647 3.546982900644433 512.9299820466787 55600
380.3328481384111 712.3225806451613 6647 3.546975506813273 512.9964157706094 55700
380.4476162503247 712.4865831842576 6647 3.5484173058645383 512.9767441860465 55800
380.52982098827687 713.5535714285714 6647 3.549433787566251 513.0142857142857 55900
380.6052000043904 714.4527629233512 6648 3.550132081118875 512.8770053475936 56000
380.67562033991885 715.1743772241992 6648 3.552080531669059 512.8754448398577 56100
380.7185355185699 715.1509769094139 6649 3.5540602583742054 512.9733570159858 56200
380.8178565828756 715.4858156028369 6649 3.5543136439036296 513.113475177305 56300
380.9308098454348 716.6761061946903 6648 3.5537750356843314 513.2460176991151 56400
381.0262203832067 717.9752650176679 6648 3.553351909674793 513.2968197879859 56500
381.04983211748583 718.7125220458554 6648 3.5517880909040556 513.1358024691358 56600
381.08826429746347 718.8169014084507 6648 3.55022977853744 513.0070422535211 56700
381.12578489634063 718.6959578207382 6647 3.5486769435429393 512.9666080843585 56800
381.10354362357197 718.4315789473684 6647 3.5477675156249746 512.8350877192983 56900
381.10385272067265 718.3292469352014 6646 3.546589288802514 512.7390542907181 57000
381.0640333286677 718.0979020979021 6645 3.546962384451461 512.5314685314685 57100
381.05238784325553 717.7801047120419 6645 3.5462017365049685 512.4746945898778 57200
381.034392034452 717.4181184668989 6645 3.5450699420583365 512.383275261324 57300
380.9797560600487 717.4956521739131 6644 3.5456292407098293 512.2226086956522 57400
380.89862346004105 717.4409722222222 6644 3.545029189944708 512.21875 57500
380.8195240527495 717.2305025996534 6644 3.5447982289671303 512.1178509532062 57600
380.7840791470319 717.1626297577855 6643 3.543855671477568 512.1522491349481 57700
380.75862364748735 717.0880829015545 6642 3.543492075038631 512.0759930915372 57800
380.7383002557502 717.0448275862069 6642 3.542505758653097 512.2068965517242 57900
380.7148623991786 717.1600688468159 6641 3.54217674934621 512.1067125645438 58000
380.6988105904853 717.1099656357388 6641 3.5426601731647986 512.0859106529209 58100
380.7303188711119 716.9090909090909 6640 3.5433466173666726 511.9519725557461 58200
380.78670386667505 716.5342465753424 6640 3.5446839079607777 511.8527397260274 58300
380.9700105147678 716.2461538461539 6640 3.5451115795623354 511.81880341880344 58400
381.32788328391905 715.9863481228668 6640 3.543911910080416 511.9249146757679 58500
381.71119764469444 715.4855195911414 6640 3.5421335252250827 512.1737649063033 58600
382.1309682578344 715.156462585034 6640 3.5412574937655616 512.3027210884354 58700
382.41822833156994 714.9134125636672 6641 3.5398292127914264 512.3497453310696 58800
382.63522712945536 714.6576271186441 6641 3.540059461033603 512.2474576271186 58900
382.87261028830017 714.4433164128595 6641 3.539290687471303 512.2504230118443 59000
383.1373078105454 714.1959459459459 6642 3.5407258195682916 512.1959459459459 59100
383.3601910483232 713.7504215851602 6642 3.5402823995989983 512.3642495784148 59200
383.47879602265516 713.1279461279461 6642 3.540588695596681 512.4680134680135 59300
383.6679520757812 712.5983193277311 6641 3.541102250471568 512.4873949579832 59400
383.79611361269866 711.9664429530201 6641 3.5409008249365135 512.5671140939597 59500
383.8580096067428 711.7989949748744 6641 3.5410955352082167 512.4958123953098 59600
383.812651712695 711.4882943143813 6641 3.5408118111885183 512.2207357859531 59700
383.78739925652224 711.449081803005 6640 3.540768972630861 512.0634390651085 59800
383.8040841097919 711.4633333333334 6640 3.54049269100981 512.04 59900
