0 8766 0 0 11915306 8457 16569367 99900
0 0 0 0 0 99900
389.8739329999639 2105.872880717981 12497 2.6253133342244945 302.21178730237256
0 9441 0 0 11826860 9150 16168901 99900
0 0 0 0 0 99900
346.8325568582148 1989.3222102456657 12207 2.5399991275555003 312.49960021856674
0 9262 0 0 11879872 8954 16401643 99900
0 0 0 0 0 99900
371.211900628565 2636.0421593084247 12404 2.636524787388717 312.11586911592855
0 9345 0 0 11893742 9062 16453272 99900
0 0 0 0 0 99900
356.5290447718651 2175.2046157676564 12518 2.6069931773587003 301.41755880044616
0 9573 0 0 11920324 9275 16531279 99900
0 0 0 0 0 99900
358.5646971747549 2249.525715684754 12570 2.6953288865941922 308.62935838648264
0 9003 0 0 11908966 8701 16507664 99900
0 0 0 0 0 99900
380.223797383166 2110.956881101756 12465 2.682695269795225 304.9948987230849
0 9142 0 0 11824000 8837 16167770 99900
0 0 0 0 0 99900
352.33033114877924 2004.8662504645517 12167 2.514632263600047 314.4546489900345
0 9225 0 0 11863247 8932 16358828 99900
0 0 0 0 0 99900
361.77404799261575 2139.384304619952 12414 2.6762211339934314 312.5027069795279
