0 9604 0 0 11606844 9383 15832904 99900
0 0 0 0 0 99900
378.56067766731945 1501.5910689317807 12947 2.9396490555235917 363.50120062109147
0 9131 0 0 11641144 8915 15928887 99900
0 0 0 0 0 99900
363.3431967215663 1550.6741415522756 13108 2.8909126756597177 360.4250345847136
0 9536 0 0 11629213 9294 15945140 99900
0 0 0 0 0 99900
356.76867967387193 1622.8458226289133 13013 3.116147265756445 393.2744904313618
0 9785 0 0 11649248 9580 16012214 99900
0 0 0 0 0 99900
368.80201406589805 1599.8564303153637 13154 2.89241828466836 366.6664072808616
0 9665 0 0 11632198 9435 15971504 99900
0 0 0 0 0 99900
365.66654758073093 1494.794028114576 13160 2.946874907921629 374.9995691087386
0 9673 0 0 11658831 9460 16075338 99900
0 0 0 0 0 99900
369.23068914397027 1545.0324227080027 13225 2.9340534989418128 385.52458295185704
0 9539 0 0 11614962 9337 15807937 99900
0 0 0 0 0 99900
355.8229038263689 1528.0587616130047 12919 2.8974996330528153 399.85394128350083
0 9591 0 0 11595214 9389 15781164 99900
0 0 0 0 0 99900
365.1707871751578 1458.3013724812095 12957 2.8098874455244633 356.84731328527204
