0 8523 0 0 11501401 8390 15422757 99900
2867 0 3898 0 0 99900
344.40790952440284 1513.6105129981252 12718 2.924003659242174 350.43718368196716
0 8768 0 0 11504398 8607 15383629 99900
2878 0 3916 0 0 99900
348.09519245837294 1380.5783726683583 12565 2.8405774797021777 368.4389631712785
0 8500 0 0 11514650 8352 15403473 99900
2801 0 3893 0 0 99900
337.3227327196843 1364.2468902273931 12697 2.7103591994935696 369.17883052379403
0 8668 0 0 11489190 8520 15365930 99900
2864 0 3894 0 0 99900
326.36430407051074 1491.105974617272 12624 2.8524143102044954 355.5728632991365
0 8650 0 0 11490524 8507 15282170 99900
2982 0 3800 0 0 99900
367.66849004092984 1356.0029551745338 12609 2.8841505321957857 358.1359938540568
0 8436 0 0 11460400 8286 15225789 99900
2812 0 3809 0 0 99900
350.9432826560892 1418.2118569199558 12422 2.786771888333211 341.5483740076011
0 8468 0 0 11500425 8323 15351670 99900
2760 0 3933 0 0 99900
326.05078662354765 1397.7512000860565 12695 2.7255206132451186 349.2863635877012
0 8623 0 0 11487411 8469 15360365 99900
2846 0 3968 0 0 99900
332.556026557663 1461.8768793880088 12598 2.7170085839332314 351.77853399414437
