0 7156 0 0 10836231 6938 14162875 149900
0 0 0 0 0 149900
315.05052269374806 1006.1152163209845 6764 2.642541671006074 348.8826254317475
0 7457 0 0 10810445 7258 14071106 149900
0 0 0 0 0 149900
311.90881609011575 936.2543948309253 6697 2.525496472148967 345.00502464953473
0 6793 0 0 10846730 6577 14224754 149900
0 0 0 0 0 149900
314.3920762684375 912.477082508554 6759 2.623571369522277 352.086725023859
0 6843 0 0 10799568 6637 14038949 149900
0 0 0 0 0 149900
322.41257261953075 927.3881198594198 6713 2.606003084191738 352.34319245627483
0 7794 0 0 10848215 7615 14223792 149900
0 0 0 0 0 149900
329.81391936934045 1011.0658913032569 6814 2.6271875852546263 348.64640079828087
0 7147 0 0 10884788 6928 14346350 149900
0 0 0 0 0 149900
320.9210920768592 976.7261770333774 6892 2.654119590244757 343.1607347758651
0 7663 0 0 10841448 7471 14201149 149900
0 0 0 0 0 149900
322.91293094155117 933.1097872764956 6774 2.617370482390702 349.63885349737564
0 6935 0 0 10840385 6726 14177577 149900
0 0 0 0 0 149900
305.21188342614545 920.3725284458127 6719 2.53899309400771 339.02362572643966
