0 1466 0 0 10982281 1426420 16437107 149900
904 0 1062 0 0 149900
414.23837174734354 836.1334693450594 7683 13.038963350200186 551.3778570850325
0 1417 0 0 10982872 1452832 16491754 149900
902 0 1034 0 0 149900
430.94419427360265 829.7749000827396 7704 13.024328107589477 540.6220049923191
0 1467 0 0 10931574 1447827 16252534 149900
889 0 1071 0 0 149900
449.91494467227227 803.5044942687925 7675 13.146746904594263 567.7754092947304
0 1478 0 0 10995850 1474213 16584036 149900
879 0 1032 0 0 149900
434.1738572673684 872.9027874691222 7888 12.91309196613972 547.6535027619168
0 1520 0 0 11002648 1463853 16601402 149900
953 0 1092 0 0 149900
412.4941892026473 916.199011010276 7745 12.88137982349541 555.9756106210048
0 1546 0 0 11004643 1519178 16644366 149900
898 0 1108 0 0 149900
454.31315990150904 822.3053898910505 7870 13.139210214709115 555.6321501650546
0 1442 0 0 10990084 1434541 16463418 149900
941 0 1019 0 0 149900
450.2468934979154 787.1844360657967 7741 12.960558923468605 551.7535458868466
0 1530 0 0 10955830 1458783 16376867 149900
927 0 1152 0 0 149900
422.06576441673536 764.8376515583304 7684 13.35675354402284 562.8383487852216
