0 1113 0 0 11019837 1601479 16768630 149900
1406 0 710 0 0 149900
447.6732611356136 865.8580600503434 7996 13.071680241461088 542.8898783080339
0 1150 0 0 11006950 1417395 16489157 149900
1340 0 710 0 0 149900
453.5584498701975 872.2116045539726 7821 12.806544235945639 543.7492865682979
0 1194 0 0 10971523 1415250 16354891 149900
1235 0 748 0 0 149900
471.6261157650075 783.4024032929926 7774 12.885947225862573 552.2851569058231
0 1196 0 0 10974232 1462360 16450534 149900
1363 0 760 0 0 149900
435.40993798065557 889.7631047688025 7761 12.872576610987423 548.4241932034306
0 1032 0 0 10982957 1558085 16600154 149900
1194 0 646 0 0 149900
473.5298985850856 841.4344620689342 7877 12.746795511540888 556.7506206999589
0 1126 0 0 10975170 1432542 16361278 149900
1286 0 690 0 0 149900
449.46366401602654 783.2877804708121 7674 12.948594444352661 547.6581483279272
0 1125 0 0 10992873 1432122 16481081 149900
1306 0 668 0 0 149900
452.88808527312733 828.9158437107966 7674 12.877381695938924 559.0434952499834
0 1072 0 0 10981253 1482273 16508430 149900
1252 0 694 0 0 149900
456.6800628429517 797.2582429441059 7743 13.131090036080193 555.4488618036406
