0 2256 0 0 10956671 1426367 16335428 149900
0 0 0 0 0 149900
402.3325847540328 794.6836318824979 7695 12.967380802193043 551.028051522346
0 2252 0 0 10995832 1491633 16570496 149900
0 0 0 0 0 149900
421.95632366096174 786.4592162374059 7767 13.26326264235329 552.417027321199
0 2320 0 0 10969094 1479968 16519778 149900
0 0 0 0 0 149900
410.56519605841527 794.0641748611565 7744 13.278872315466298 547.2610589280811
0 2301 0 0 10975323 1479088 16456529 149900
0 0 0 0 0 149900
386.5568808992892 781.9360036632839 7722 13.113446930828127 554.6320555119984
0 2438 0 0 11038446 1488748 16702971 149900
0 0 0 0 0 149900
403.8195172265187 820.118584756707 7955 13.284474601974676 530.0120867690424
0 2319 0 0 10983160 1443573 16469036 149900
0 0 0 0 0 149900
405.55096431452824 784.1440257701772 7686 13.199589999688108 563.0237286516649
0 2355 0 0 11012129 1428606 16555167 149900
0 0 0 0 0 149900
401.91960459765886 930.8393658838019 7777 12.958515449597789 533.331987889833
0 2188 0 0 11004910 1480370 16602435 149900
0 0 0 0 0 149900
399.5723982241951 806.5318965290558 7714 13.06398106611726 546.6183414576949
