0 0 0 0 0 0 0 0
0 14 14 0 3324 0 3379 100
0 23 23 0 7446 11 7615 200
0 25 25 0 9296 18 9556 300
0 28 28 0 11761 20 12102 400
0 31 31 0 14780 21 15155 500
0 33 33 0 18218 26 18649 600
0 33 33 0 22085 63 22622 700
0 34 34 0 26128 99 26794 800
0 34 34 0 30613 141 31494 900
0 34 34 0 35248 197 36426 1000
0 35 35 0 40088 270 41670 1100
0 37 37 0 45263 340 47315 1200
0 38 38 0 50664 443 53302 1300
0 40 40 0 56269 577 59637 1400
0 41 41 0 61944 719 66163 1500
0 43 43 0 67836 906 73111 1600
0 44 44 0 73810 1099 80237 1700
0 45 45 0 79992 1344 87802 1800
0 49 49 0 86254 1671 95515 1900
0 51 51 0 92614 1992 103473 2000
0 53 53 0 99177 2355 111873 2100
0 56 56 0 105761 2736 120376 2200
0 62 62 0 112476 3189 129229 2300
0 67 67 0 119195 3645 138206 2400
0 67 67 0 126098 4141 147503 2500
0 72 72 0 132964 4691 156912 2600
0 73 73 0 139965 5235 166407 2700
0 78 78 0 147005 5852 175941 2800
0 82 82 0 154037 6475 185664 2900
0 85 85 0 160911 7085 195263 3000
0 86 86 0 167888 7762 205164 3100
0 87 87 0 175069 8409 215133 3200
0 89 89 0 182094 9116 225042 3300
0 92 92 0 189215 9734 235042 3400
0 94 94 0 196358 10426 245177 3500
0 97 97 0 203513 11127 255573 3600
0 99 99 0 210541 11880 265772 3700
0 103 103 0 217632 12652 276219 3800
0 108 108 0 224797 13518 286909 3900
0 112 112 0 231998 14345 297702 4000
0 112 112 0 239193 15261 308639 4100
0 114 114 0 246598 16344 320044 4200
0 116 116 0 253911 17432 331456 4300
0 118 118 0 261318 18535 343166 4400
0 120 120 0 268737 19682 355024 4500
0 121 121 0 276097 20886 366839 4600
0 125 125 0 283526 22269 378824 4700
1 127 127 0 290903 23554 390628 4800
1 132 132 0 298371 24794 402644 4900
1 135 135 0 305830 26192 414827 5000
1 138 138 0 313277 27512 427127 5100
1 141 141 0 320877 28928 439884 5200
1 145 145 0 328532 30338 453030 5300
1 146 146 0 336291 31673 466455 5400
1 148 148 0 344048 33017 480056 5500
1 149 149 0 351905 34353 493888 5600
1 151 151 0 359749 35651 507651 5700
1 154 154 0 367742 36904 521600 5800
1 156 156 0 375671 38238 535465 5900
1 156 156 0 383547 39450 548973 6000
1 158 158 0 391369 40697 562456 6100
1 158 158 0 399220 41824 575687 6200
1 159 159 0 407037 42918 588457 6300
1 161 161 0 414776 44157 601383 6400
1 164 164 0 422421 45366 614149 6500
2 167 167 0 430096 46458 626810 6600
2 168 168 0 437798 47499 639291 6700
2 173 173 0 445325 48590 651603 6800
3 175 175 0 452920 49693 664125 6900
3 176 176 0 460560 50866 676901 7000
3 181 181 0 468170 51965 689547 7100
3 183 183 0 475989 52991 702471 7200
3 185 185 0 483703 53989 715350 7300
3 188 188 0 491308 55062 728065 7400
3 189 189 0 499076 56068 740680 7500
3 191 191 0 506842 57083 753301 7600
3 193 193 0 514470 58157 765760 7700
3 195 195 0 522153 59196 778394 7800
3 199 199 0 529752 60273 790762 7900
3 201 201 0 537213 61324 802812 8000
3 202 202 0 544742 62512 815009 8100
3 205 205 0 552238 63618 826946 8200
4 207 207 0 559817 64753 838980 8300
4 208 208 0 567140 65918 851006 8400
4 208 208 0 574732 67120 863271 8500
4 210 210 0 582245 68228 875440 8600
4 212 212 0 589660 69358 887562 8700
4 214 214 0 597324 70499 899890 8800
4 216 216 0 604889 71611 912176 8900
4 218 218 0 612577 72736 924388 9000
4 220 220 0 620194 73866 936536 9100
4 220 220 0 627876 75009 948675 9200
4 222 222 0 635194 76147 960581 9300
4 226 226 0 642718 77288 972520 9400
4 226 226 0 650376 78389 984624 9500
4 229 229 0 657803 79459 996396 9600
4 229 229 0 665263 80469 1008127 9700
4 230 230 0 672741 81504 1019600 9800
4 231 231 0 680384 82618 1031600 9900
4 233 233 0 687779 83784 1043442 10000
4 236 236 0 695471 84829 1055361 10100
4 237 237 0 703075 85813 1067100 10200
5 239 239 0 710528 86918 1078817 10300
5 241 241 0 718036 87966 1090670 10400
5 241 241 0 725623 89051 1102574 10500
5 242 242 0 733044 90147 1114234 10600
5 243 243 0 740695 91120 1125938 10700
5 245 245 0 748065 92145 1137173 10800
5 246 246 0 755528 93101 1148503 10900
6 248 248 0 762999 94104 1159766 11000
6 249 249 0 770304 95127 1170879 11100
6 252 252 0 777765 96079 1182177 11200
6 255 255 0 784981 97039 1193156 11300
7 259 259 0 792402 97924 1204154 11400
7 261 261 0 799808 98818 1215132 11500
7 262 262 0 807171 99781 1226386 11600
7 265 265 0 814675 100736 1237704 11700
7 267 267 0 821960 101627 1248605 11800
7 268 268 0 829267 102470 1259376 11900
7 270 270 0 836675 103445 1270146 12000
7 272 272 0 843916 104365 1280779 12100
7 273 273 0 851072 105238 1291263 12200
7 273 273 0 858278 106182 1301796 12300
7 274 274 0 865462 107134 1312557 12400
7 274 274 0 872742 108139 1323469 12500
7 276 276 0 880145 109074 1334426 12600
7 277 277 0 887523 110045 1345308 12700
7 279 279 0 894883 111022 1356363 12800
8 280 280 0 902130 112144 1367651 12900
8 281 281 0 909554 113238 1379125 13000
9 283 283 0 917067 114295 1390850 13100
9 284 284 0 924593 115378 1402658 13200
9 286 286 0 932134 116538 1414639 13300
9 289 289 0 939760 117672 1426688 13400
9 290 290 0 947403 118820 1438689 13500
9 295 295 0 954881 119995 1450788 13600
9 295 295 0 962552 121096 1462987 13700
9 298 298 0 970238 122278 1475320 13800
9 301 301 0 977764 123444 1487545 13900
9 304 304 0 985354 124547 1499613 14000
9 304 304 0 992984 125633 1511707 14100
9 307 307 0 1000502 126821 1523713 14200
9 307 307 0 1008100 128005 1535781 14300
9 309 309 0 1015590 129179 1547679 14400
9 310 310 0 1023118 130368 1559695 14500
9 312 312 0 1030553 131581 1571504 14600
9 313 313 0 1038125 132777 1583457 14700
9 313 313 0 1045596 133915 1595177 14800
9 313 313 0 1053144 135029 1606966 14900
9 317 317 0 1060681 136150 1618773 15000
9 317 317 0 1068234 137323 1630825 15100
9 317 317 0 1075698 138462 1642616 15200
9 318 318 0 1083333 139572 1654558 15300
9 320 320 0 1090783 140679 1666044 15400
9 322 322 0 1098216 141656 1677317 15500
9 323 323 0 1105627 142625 1688403 15600
9 323 323 0 1113105 143679 1699733 15700
9 324 324 0 1120592 144582 1710966 15800
9 326 326 0 1128006 145450 1722046 15900
9 327 327 0 1135358 146381 1733254 16000
9 329 329 0 1142937 147356 1744842 16100
9 332 332 0 1150467 148236 1756075 16200
9 334 334 0 1157953 149178 1767347 16300
9 335 335 0 1165313 150033 1778448 16400
9 338 338 0 1172819 150859 1789674 16500
9 338 338 0 1180317 151737 1800870 16600
9 338 338 0 1187745 152623 1811879 16700
9 339 339 0 1195279 153499 1822954 16800
9 341 341 0 1202548 154378 1833638 16900
9 342 342 0 1209874 155305 1844399 17000
9 342 342 0 1217212 156308 1855335 17100
9 343 343 0 1224657 157359 1866413 17200
9 343 343 0 1231911 158399 1877476 17300
9 344 344 0 1239495 159517 1888936 17400
9 345 345 0 1246907 160701 1900316 17500
9 346 346 0 1254288 161834 1911451 17600
9 347 347 0 1261736 162973 1922812 17700
9 348 348 0 1268997 164089 1933890 17800
9 348 348 0 1276323 165197 1945086 17900
9 350 350 0 1283665 166326 1956451 18000
9 350 350 0 1291045 167432 1967879 18100
9 350 350 0 1298370 168516 1979345 18200
9 353 353 0 1305833 169621 1991096 18300
9 354 354 0 1313265 170725 2002880 18400
9 355 355 0 1320782 171809 2014642 18500
9 359 359 0 1328232 172967 2026717 18600
9 360 360 0 1335854 174080 2039205 18700
9 360 360 0 1343552 175218 2051912 18800
9 361 361 0 1351269 176306 2064285 18900
9 365 365 0 1358923 177420 2076550 19000
9 366 366 0 1366513 178440 2088588 19100
9 368 368 0 1374177 179422 2100739 19200
9 371 371 0 1381836 180433 2112901 19300
9 372 372 0 1389408 181391 2124766 19400
10 373 373 0 1397007 182312 2136643 19500
10 376 376 0 1404582 183339 2148520 19600
10 379 379 0 1412187 184344 2160441 19700
10 380 380 0 1419796 185349 2172145 19800
10 381 381 0 1427341 186347 2183649 19900
10 383 383 0 1434889 187372 2195390 20000
10 386 386 0 1442438 188404 2207111 20100
11 387 387 0 1449934 189440 2218697 20200
11 391 391 0 1457393 190441 2230315 20300
11 393 393 0 1464902 191443 2241869 20400
11 396 396 0 1472340 192483 2253275 20500
11 398 398 0 1479686 193482 2264663 20600
11 399 399 0 1487110 194503 2275849 20700
11 403 403 0 1494487 195441 2286987 20800
11 403 403 0 1501936 196284 2298025 20900
11 405 405 0 1509389 197127 2309108 21000
11 406 406 0 1516708 198079 2320169 21100
11 406 406 0 1524029 199083 2331282 21200
11 406 406 0 1531426 200035 2342252 21300
11 406 406 0 1538782 200975 2353286 21400
11 408 408 0 1546170 201917 2364190 21500
11 411 411 0 1553422 202976 2375184 21600
11 411 411 0 1560923 203866 2386280 21700
11 414 414 0 1568259 204802 2397232 21800
11 414 414 0 1575524 205699 2408142 21900
11 414 414 0 1582904 206621 2419099 22000
11 415 415 0 1590399 207589 2430330 22100
11 415 415 0 1597610 208633 2441501 22200
11 416 416 0 1605011 209592 2452816 22300
11 416 416 0 1612479 210524 2464195 22400
11 418 418 0 1619943 211511 2475510 22500
11 418 418 0 1627442 212592 2487160 22600
11 418 418 0 1634814 213695 2498709 22700
11 418 418 0 1642208 214751 2510107 22800
11 420 420 0 1649714 215828 2521644 22900
11 421 421 0 1657175 216973 2533359 23000
11 425 425 0 1664636 218086 2544774 23100
11 429 429 0 1672066 219246 2556218 23200
12 433 433 0 1679375 220343 2567561 23300
12 437 437 0 1686807 221468 2579042 23400
12 440 440 0 1694236 222557 2590586 23500
12 442 442 0 1701714 223649 2602192 23600
12 445 445 0 1709224 224828 2613883 23700
12 446 446 0 1716622 225909 2625387 23800
12 448 448 0 1723953 226962 2636557 23900
12 449 449 0 1731368 228022 2647826 24000
12 450 450 0 1738661 228996 2658904 24100
12 450 450 0 1746085 229961 2670035 24200
12 452 452 0 1753598 230897 2681351 24300
12 452 452 0 1760984 231892 2692672 24400
12 454 454 0 1768295 232812 2703728 24500
12 455 455 0 1775695 233838 2715182 24600
12 457 457 0 1783053 234872 2726593 24700
12 458 458 0 1790326 235963 2737688 24800
12 462 462 0 1797589 236958 2748645 24900
12 464 464 0 1805027 237901 2759786 25000
12 468 468 0 1812293 238934 2770706 25100
12 469 469 0 1819580 239851 2781569 25200
12 471 471 0 1826881 240792 2792334 25300
12 473 473 0 1834163 241714 2803039 25400
12 475 475 0 1841485 242697 2813979 25500
12 476 476 0 1848898 243651 2825076 25600
12 478 478 0 1856213 244575 2836020 25700
12 482 482 0 1863587 245619 2847145 25800
12 483 483 0 1870887 246570 2857969 25900
12 489 489 0 1878191 247562 2868734 26000
12 491 491 0 1885331 248604 2879399 26100
12 493 493 0 1892697 249650 2890109 26200
12 496 496 0 1899987 250724 2900994 26300
13 498 498 0 1907305 251701 2912075 26400
13 503 503 0 1914672 252705 2923362 26500
13 503 503 0 1922132 253783 2934887 26600
14 503 503 0 1929576 254838 2946491 26700
14 504 504 0 1937071 255885 2958172 26800
14 505 505 0 1944607 256873 2970094 26900
14 507 507 0 1952092 257878 2981780 27000
14 509 509 0 1959545 258851 2993434 27100
14 509 509 0 1967089 259834 3005005 27200
14 510 510 0 1974489 260743 3016278 27300
14 510 510 0 1981953 261641 3027583 27400
15 511 511 0 1989416 262717 3039032 27500
15 513 513 0 1996934 263679 3050293 27600
16 513 513 0 2004336 264676 3061582 27700
16 513 513 0 2011776 265709 3073050 27800
16 514 514 0 2019300 266710 3084562 27900
16 515 515 0 2026693 267615 3095963 28000
16 517 517 0 2034153 268686 3107682 28100
16 519 519 0 2041667 269722 3119569 28200
16 519 519 0 2049233 270741 3131625 28300
16 520 520 0 2056930 271806 3143825 28400
16 522 522 0 2064554 272885 3155788 28500
16 522 522 0 2072200 274022 3167843 28600
16 522 522 0 2079805 275082 3179664 28700
16 522 522 0 2087367 276146 3191489 28800
16 523 523 0 2095055 277196 3203472 28900
17 524 524 0 2102621 278249 3215308 29000
17 524 524 0 2110280 279333 3227231 29100
17 525 525 0 2117695 280372 3238801 29200
17 526 526 0 2125290 281338 3250450 29300
17 526 526 0 2132744 282343 3261880 29400
17 527 527 0 2140212 283396 3273556 29500
17 528 528 0 2147781 284351 3285188 29600
17 531 531 0 2155146 285346 3296645 29700
17 533 533 0 2162608 286347 3308115 29800
18 536 536 0 2170100 287337 3319612 29900
18 538 538 0 2177550 288300 3331085 30000
18 539 539 0 2185003 289289 3342718 30100
18 539 539 0 2192532 290297 3354417 30200
18 543 543 0 2200005 291314 3366028 30300
18 544 544 0 2207444 292292 3377711 30400
18 545 545 0 2214925 293231 3389290 30500
18 546 546 0 2222551 294144 3400857 30600
18 547 547 0 2229965 295104 3412436 30700
18 548 548 0 2237461 296102 3424126 30800
18 548 548 0 2245017 297120 3435925 30900
18 551 551 0 2252568 298138 3447562 31000
18 551 551 0 2260100 299200 3458995 31100
18 552 552 0 2267573 300288 3470577 31200
18 553 553 0 2274883 301378 3481898 31300
18 553 553 0 2282307 302467 3493263 31400
18 553 553 0 2289670 303520 3504667 31500
18 556 556 0 2297140 304717 3516396 31600
18 557 557 0 2304594 305896 3527988 31700
18 558 558 0 2311948 307114 3539705 31800
18 559 559 0 2319475 308321 3551377 31900
18 562 562 0 2326869 309505 3562721 32000
18 563 563 0 2334119 310640 3573840 32100
18 565 565 0 2341564 311735 3585152 32200
18 567 567 0 2348860 312794 3596243 32300
18 568 568 0 2356267 313906 3607617 32400
18 569 569 0 2363677 314996 3619129 32500
18 569 569 0 2371152 316048 3630713 32600
18 569 569 0 2378590 317095 3642389 32700
18 570 570 0 2385999 318169 3653854 32800
18 571 571 0 2393293 319246 3665116 32900
18 573 573 0 2400765 320387 3676681 33000
18 573 573 0 2408181 321477 3688130 33100
18 575 575 0 2415675 322579 3699770 33200
18 576 576 0 2423150 323599 3711327 33300
18 577 577 0 2430596 324661 3722754 33400
18 578 578 0 2437934 325620 3733906 33500
18 578 578 0 2445394 326681 3745384 33600
18 578 578 0 2452622 327694 3756535 33700
18 579 579 0 2460126 328652 3768023 33800
18 581 581 0 2467458 329660 3779355 33900
18 581 581 0 2474961 330637 3790759 34000
18 581 581 0 2482448 331658 3802055 34100
18 582 582 0 2489851 332632 3813274 34200
19 584 584 0 2497309 333655 3824520 34300
19 586 586 0 2504695 334641 3835811 34400
19 588 588 0 2512177 335687 3847303 34500
19 590 590 0 2519593 336716 3858631 34600
19 592 592 0 2527017 337795 3869974 34700
19 595 595 0 2534393 338836 3881156 34800
19 596 596 0 2542016 339778 3892551 34900
19 597 597 0 2549429 340808 3903710 35000
19 599 599 0 2556776 341813 3914823 35100
19 600 600 0 2564220 342725 3925977 35200
19 602 602 0 2571596 343659 3937234 35300
19 604 604 0 2579028 344621 3948542 35400
19 605 605 0 2586529 345507 3960008 35500
19 605 605 0 2594077 346426 3971666 35600
19 605 605 0 2601537 347402 3983268 35700
19 606 606 0 2609008 348327 3994603 35800
19 606 606 0 2616637 349194 4006003 35900
19 607 607 0 2624001 350034 4016836 36000
19 609 609 0 2631375 350923 4027543 36100
19 611 611 0 2638793 351781 4038358 36200
19 613 613 0 2646063 352588 4049103 36300
19 614 614 0 2653420 353406 4059819 36400
19 614 614 0 2660739 354243 4070654 36500
19 616 616 0 2668050 355052 4081296 36600
19 617 617 0 2675314 355932 4091951 36700
19 619 619 0 2682714 356850 4102802 36800
20 621 621 0 2690073 357759 4113567 36900
20 622 622 0 2697295 358615 4124211 37000
20 623 623 0 2704591 359470 4134915 37100
20 624 624 0 2711921 360422 4145894 37200
20 626 626 0 2719392 361365 4157096 37300
20 626 626 0 2726704 362261 4167961 37400
20 626 626 0 2734047 363189 4178858 37500
20 626 626 0 2741429 364161 4190027 37600
20 628 628 0 2748823 365145 4201142 37700
20 629 629 0 2756229 366196 4212468 37800
20 631 631 0 2763684 367210 4223820 37900
20 631 631 0 2771216 368200 4235207 38000
20 632 632 0 2778824 369233 4246845 38100
20 635 635 0 2786241 370238 4258228 38200
20 635 635 0 2793659 371289 4269758 38300
20 636 636 0 2801301 372327 4281457 38400
20 640 640 0 2808816 373339 4293142 38500
20 641 641 0 2816225 374349 4304715 38600
20 643 643 0 2823704 375422 4316611 38700
20 644 644 0 2831283 376480 4328457 38800
20 646 646 0 2838815 377508 4340254 38900
20 647 647 0 2846283 378478 4351954 39000
20 648 648 0 2853876 379487 4363813 39100
20 648 648 0 2861474 380549 4375789 39200
20 649 649 0 2869111 381675 4388082 39300
20 650 650 0 2876643 382743 4399848 39400
20 650 650 0 2884394 383860 4412011 39500
20 650 650 0 2891929 384991 4423962 39600
20 652 652 0 2899492 386085 4436004 39700
20 653 653 0 2907007 387236 4448040 39800
20 655 655 0 2914535 388356 4460246 39900
20 655 655 0 2922141 389413 4472409 40000
20 656 656 0 2929852 390588 4484508 40100
20 656 656 0 2937230 391717 4496233 40200
20 657 657 0 2944752 392801 4507942 40300
20 658 658 0 2952242 393836 4519385 40400
20 661 661 0 2959606 394772 4530454 40500
20 663 663 0 2966978 395756 4541541 40600
20 664 664 0 2974403 396685 4552360 40700
20 667 667 0 2981615 397658 4563071 40800
20 668 668 0 2988977 398547 4573730 40900
20 670 670 0 2996255 399444 4584370 41000
20 670 670 0 3003654 400293 4595179 41100
20 673 673 0 3010955 401132 4605843 41200
20 674 674 0 3018353 401964 4616640 41300
20 675 675 0 3025844 402749 4627435 41400
20 678 678 0 3033297 403563 4638363 41500
20 679 679 0 3040868 404380 4649352 41600
20 682 682 0 3048254 405161 4660258 41700
20 684 684 0 3055569 405950 4671111 41800
20 685 685 0 3063032 406676 4681990 41900
20 686 686 0 3070382 407469 4692698 42000
20 688 688 0 3077736 408205 4703219 42100
20 690 690 0 3085115 408877 4713553 42200
20 691 691 0 3092356 409629 4723992 42300
20 691 691 0 3099657 410349 4734415 42400
20 691 691 0 3106933 411075 4744861 42500
20 691 691 0 3114139 411776 4755212 42600
20 691 691 0 3121506 412485 4765759 42700
20 692 692 0 3128655 413322 4776126 42800
20 695 695 0 3135930 414144 4786682 42900
20 697 697 0 3143275 414938 4797305 43000
20 697 697 0 3150511 415782 4807690 43100
20 698 698 0 3157868 416587 4818183 43200
20 699 699 0 3165086 417476 4828669 43300
20 701 701 0 3172372 418315 4839061 43400
20 701 701 0 3179524 419204 4849334 43500
20 703 703 0 3186772 420138 4859650 43600
20 703 703 0 3193949 421130 4870165 43700
20 703 703 0 3201130 422104 4880823 43800
20 703 703 0 3208400 423157 4891708 43900
20 704 704 0 3215669 424200 4902853 44000
20 705 705 0 3222986 425255 4914001 44100
20 707 707 0 3230330 426337 4925272 44200
20 707 707 0 3237639 427394 4936292 44300
20 710 710 0 3245036 428418 4947502 44400
20 711 711 0 3252438 429450 4958750 44500
20 712 712 0 3259767 430479 4969825 44600
20 713 713 0 3267188 431462 4980864 44700
20 713 713 0 3274503 432443 4991786 44800
20 714 714 0 3281817 433385 5002641 44900
20 716 716 0 3289235 434377 5013824 45000
21 717 717 0 3296449 435295 5025046 45100
21 720 720 0 3303847 436172 5036037 45200
21 722 722 0 3311257 437030 5047064 45300
21 724 724 0 3318470 437855 5057966 45400
21 725 725 0 3325987 438799 5069266 45500
22 727 727 0 3333427 439692 5080362 45600
22 729 729 0 3340711 440499 5091152 45700
22 730 730 0 3348103 441369 5102105 45800
22 730 730 0 3355461 442259 5113132 45900
22 733 733 0 3362851 443112 5124009 46000
22 733 733 0 3370169 443956 5134750 46100
22 734 734 0 3377606 444831 5145595 46200
22 734 734 0 3385001 445675 5156329 46300
22 734 734 0 3392274 446545 5166797 46400
22 736 736 0 3399429 447397 5177207 46500
22 738 738 0 3406795 448252 5187827 46600
22 738 738 0 3413955 449053 5198409 46700
22 738 738 0 3421380 449915 5209233 46800
22 741 741 0 3428658 450813 5219954 46900
22 742 742 0 3436114 451699 5230781 47000
22 742 742 0 3443482 452588 5241559 47100
22 743 743 0 3450757 453589 5252617 47200
22 744 744 0 3458104 454544 5263694 47300
22 745 745 0 3465555 455562 5275231 47400
23 749 749 0 3473033 456587 5286796 47500
23 751 751 0 3480408 457584 5298174 47600
23 752 752 0 3487824 458568 5309714 47700
23 755 755 0 3495138 459574 5321121 47800
23 756 756 0 3502729 460624 5332990 47900
23 756 756 0 3510024 461630 5344486 48000
23 759 759 0 3517394 462724 5356085 48100
23 759 759 0 3524889 463823 5367840 48200
23 761 761 0 3532360 464971 5379660 48300
23 763 763 0 3539850 466111 5391531 48400
23 763 763 0 3547222 467317 5403408 48500
23 765 765 0 3554744 468523 5415525 48600
23 767 767 0 3562275 469730 5427799 48700
23 769 769 0 3569817 471008 5440002 48800
23 769 769 0 3577378 472410 5452517 48900
23 770 770 0 3584882 473766 5464617 49000
23 770 770 0 3592436 475103 5476636 49100
23 770 770 0 3599963 476436 5488629 49200
23 770 770 0 3607366 477744 5500490 49300
23 772 772 0 3614858 479004 5512522 49400
23 772 772 0 3622402 480244 5524569 49500
23 775 775 0 3629860 481478 5536499 49600
23 776 776 0 3637465 482628 5548528 49700
23 777 777 0 3644847 483827 5560101 49800
23 779 779 0 3652265 485016 5571470 49900
23 780 780 0 3659620 486217 5582861 50000
23 781 781 0 3666905 487291 5593978 50100
23 782 782 0 3674324 488360 5605168 50200
23 783 783 0 3681746 489375 5616369 50300
23 785 785 0 3689104 490402 5627454 50400
23 789 789 0 3696400 491370 5638338 50500
23 789 789 0 3703859 492352 5649560 50600
23 789 789 0 3711321 493200 5660706 50700
23 790 790 0 3718818 494026 5671807 50800
24 790 790 0 3726123 494878 5682578 50900
24 791 791 0 3733528 495680 5693555 51000
24 791 791 0 3740837 496425 5704258 51100
24 791 791 0 3748334 497150 5715077 51200
24 793 793 0 3755644 497819 5725613 51300
24 794 794 0 3762910 498542 5736069 51400
24 795 795 0 3770215 499244 5746558 51500
24 795 795 0 3777533 499956 5756852 51600
24 796 796 0 3784810 500618 5767064 51700
24 796 796 0 3791930 501275 5776933 51800
24 796 796 0 3799181 501994 5787035 51900
25 797 797 0 3806369 502672 5796982 52000
25 797 797 0 3813580 503391 5807217 52100
25 797 797 0 3820846 504171 5817443 52200
25 797 797 0 3828034 504923 5827569 52300
25 797 797 0 3835234 505707 5837681 52400
25 797 797 0 3842404 506397 5847532 52500
25 797 797 0 3849595 507220 5857676 52600
25 797 797 0 3856735 508091 5867622 52700
25 797 797 0 3863838 508971 5877594 52800
25 797 797 0 3871023 509897 5887786 52900
25 798 798 0 3878266 510785 5898094 53000
25 798 798 0 3885388 511668 5908247 53100
25 799 799 0 3892571 512573 5918767 53200
25 800 800 0 3899819 513470 5929348 53300
25 802 802 0 3907020 514370 5939875 53400
25 802 802 0 3914290 515271 5950621 53500
25 805 805 0 3921432 516217 5961334 53600
26 805 805 0 3928852 517174 5972234 53700
26 806 806 0 3936228 518115 5983176 53800
26 808 808 0 3943510 519032 5994222 53900
27 808 808 0 3951053 520052 6005555 54000
27 809 809 0 3958459 521065 6017000 54100
28 812 812 0 3965868 522052 6028509 54200
28 814 814 0 3973286 523012 6040067 54300
28 819 819 0 3980754 523996 6051618 54400
28 820 820 0 3988193 525017 6062960 54500
28 821 821 0 3995652 526119 6074356 54600
28 823 823 0 4003028 527256 6085595 54700
28 824 824 0 4010364 528330 6096964 54800
28 824 824 0 4017765 529442 6108360 54900
28 824 824 0 4025125 530507 6119571 55000
28 824 824 0 4032489 531563 6130817 55100
28 825 825 0 4039809 532657 6142127 55200
29 827 827 0 4047169 533760 6153548 55300
29 828 828 0 4054661 534865 6165254 55400
30 829 829 0 4062122 535940 6176881 55500
30 830 830 0 4069525 537009 6188659 55600
30 831 831 0 4077085 538058 6200504 55700
30 831 831 0 4084540 539098 6212304 55800
30 832 832 0 4092111 540324 6224309 55900
30 832 832 0 4099576 541499 6235833 56000
30 833 833 0 4106870 542650 6247336 56100
30 836 836 0 4114147 543713 6258687 56200
30 836 836 0 4121493 544795 6270171 56300
30 836 836 0 4128907 545862 6281797 56400
30 838 838 0 4136320 546992 6293464 56500
30 839 839 0 4143908 548155 6305357 56600
30 840 840 0 4151296 549243 6316866 56700
30 840 840 0 4158692 550324 6328276 56800
30 841 841 0 4166215 551388 6339757 56900
30 841 841 0 4173530 552475 6351188 57000
30 842 842 0 4180928 553480 6362369 57100
30 842 842 0 4188236 554521 6373244 57200
30 844 844 0 4195505 555515 6383917 57300
30 844 844 0 4202741 556598 6394599 57400
30 845 845 0 4209904 557570 6405028 57500
30 846 846 0 4217173 558602 6415606 57600
30 846 846 0 4224338 559476 6425994 57700
30 846 846 0 4231582 560332 6436405 57800
31 848 848 0 4238938 561204 6447049 57900
31 849 849 0 4246161 562102 6457661 58000
31 850 850 0 4253520 563017 6468581 58100
31 850 850 0 4260745 563883 6479357 58200
31 851 851 0 4268104 564789 6490412 58300
31 851 851 0 4275477 565741 6501512 58400
31 855 855 0 4282836 566728 6512794 58500
31 856 856 0 4290251 567735 6524222 58600
32 858 858 0 4297628 568764 6535602 58700
32 860 860 0 4305140 569840 6547447 58800
32 860 860 0 4312655 570993 6559346 58900
32 865 865 0 4320031 572016 6570948 59000
32 867 867 0 4327566 573048 6582677 59100
32 870 870 0 4335118 574063 6594343 59200
32 873 873 0 4342428 575145 6605631 59300
32 873 873 0 4349668 576161 6616812 59400
32 875 875 0 4357139 577133 6628017 59500
32 876 876 0 4364452 578072 6638970 59600
32 878 878 0 4371758 579020 6649892 59700
32 879 879 0 4379178 579975 6660800 59800
32 883 883 0 4386456 580885 6671458 59900
32 883 883 0 4393677 581811 6682114 60000
32 883 883 0 4400918 582815 6692983 60100
32 885 885 0 4408383 583719 6703813 60200
32 885 885 0 4415638 584647 6714452 60300
32 885 885 0 4422903 585568 6724968 60400
32 886 886 0 4430223 586584 6735548 60500
32 886 886 0 4437266 587623 6745891 60600
32 888 888 0 4444497 588559 6756433 60700
32 889 889 0 4451850 589531 6767342 60800
32 889 889 0 4459084 590543 6778125 60900
32 889 889 0 4466531 591496 6789192 61000
32 889 889 0 4473792 592517 6800046 61100
32 889 889 0 4481009 593641 6811050 61200
33 890 890 0 4488297 594704 6822119 61300
33 892 892 0 4495679 595732 6833050 61400
33 893 893 0 4502982 596785 6844083 61500
33 894 894 0 4510222 597769 6854828 61600
33 896 896 0 4517441 598710 6865469 61700
33 897 897 0 4524803 599656 6876353 61800
33 898 898 0 4532040 600594 6886950 61900
33 898 898 0 4539380 601536 6897662 62000
33 900 900 0 4546599 602424 6908177 62100
33 900 900 0 4553824 603270 6918590 62200
33 900 900 0 4561092 604128 6929111 62300
33 900 900 0 4568289 604929 6939468 62400
33 900 900 0 4575488 605800 6950068 62500
33 901 901 0 4582625 606704 6960510 62600
33 902 902 0 4589973 607549 6971198 62700
33 903 903 0 4597266 608415 6981845 62800
33 906 906 0 4604577 609286 6992726 62900
34 906 906 0 4611783 610202 7003588 63000
34 907 907 0 4619167 611081 7014643 63100
34 908 908 0 4626499 611996 7025871 63200
34 909 909 0 4633853 612915 7037124 63300
34 912 912 0 4641167 613869 7048267 63400
34 912 912 0 4648566 614819 7059497 63500
34 916 916 0 4655833 615819 7070629 63600
34 917 917 0 4663240 616808 7081920 63700
35 917 917 0 4670519 617792 7092903 63800
35 919 919 0 4677774 618800 7103879 63900
35 921 921 0 4685074 619776 7114697 64000
35 921 921 0 4692287 620702 7125154 64100
35 922 922 0 4699480 621694 7135735 64200
35 925 925 0 4706763 622702 7146295 64300
35 926 926 0 4714028 623682 7156906 64400
35 926 926 0 4721193 624687 7167534 64500
35 928 928 0 4728510 625680 7178525 64600
35 929 929 0 4735691 626670 7189390 64700
35 929 929 0 4743181 627675 7200714 64800
35 929 929 0 4750418 628744 7211757 64900
35 930 930 0 4757798 629745 7222820 65000
35 930 930 0 4765081 630728 7233709 65100
36 930 930 0 4772438 631810 7244977 65200
36 931 931 0 4779724 632896 7256089 65300
36 931 931 0 4786926 633946 7267251 65400
36 931 931 0 4794444 635004 7278834 65500
36 931 931 0 4801854 636015 7290123 65600
36 931 931 0 4809205 637089 7301497 65700
36 931 931 0 4816604 638160 7312816 65800
36 931 931 0 4824044 639196 7324313 65900
36 932 932 0 4831340 640201 7335634 66000
36 932 932 0 4838782 641152 7347165 66100
36 933 933 0 4846222 642086 7358467 66200
36 933 933 0 4853622 642988 7369590 66300
36 933 933 0 4861035 643897 7380654 66400
36 934 934 0 4868264 644731 7391389 66500
36 934 934 0 4875607 645596 7402279 66600
36 935 935 0 4882971 646488 7413110 66700
36 935 935 0 4890278 647289 7423739 66800
36 936 936 0 4897319 648179 7434151 66900
36 937 937 0 4904574 649016 7444898 67000
36 938 938 0 4911814 649931 7455478 67100
36 938 938 0 4919225 650851 7466236 67200
36 938 938 0 4926531 651822 7476894 67300
36 939 939 0 4933741 652751 7487426 67400
36 939 939 0 4940970 653686 7498098 67500
36 940 940 0 4948206 654621 7508820 67600
36 940 940 0 4955468 655600 7519657 67700
36 942 942 0 4962780 656588 7530491 67800
36 942 942 0 4969977 657518 7541303 67900
36 943 943 0 4977282 658455 7552104 68000
36 944 944 0 4984688 659417 7563043 68100
37 944 944 0 4992063 660297 7573907 68200
37 946 946 0 4999363 661260 7584947 68300
37 946 946 0 5006727 662279 7596064 68400
37 946 946 0 5014126 663315 7607149 68500
37 947 947 0 5021401 664349 7618129 68600
37 949 949 0 5028691 665315 7629120 68700
37 951 951 0 5036084 666452 7640203 68800
37 952 952 0 5043377 667504 7651396 68900
37 952 952 0 5050661 668591 7662641 69000
37 954 954 0 5057998 669697 7674079 69100
37 954 954 0 5065322 670655 7685217 69200
37 954 954 0 5072640 671669 7696559 69300
37 956 956 0 5080011 672616 7707997 69400
37 957 957 0 5087525 673577 7719872 69500
37 958 958 0 5094990 674629 7731983 69600
37 960 960 0 5102501 675580 7744099 69700
37 961 961 0 5110164 676540 7756472 69800
37 962 962 0 5117729 677497 7768900 69900
37 962 962 0 5125353 678460 7781203 70000
37 963 963 0 5132931 679417 7793256 70100
37 965 965 0 5140486 680323 7805202 70200
37 965 965 0 5147931 681262 7816823 70300
37 967 967 0 5155409 682165 7828295 70400
37 967 967 0 5162899 683072 7839630 70500
37 968 968 0 5170234 683989 7850878 70600
37 970 970 0 5177634 684999 7862100 70700
37 971 971 0 5185036 685981 7873343 70800
37 975 975 0 5192327 686961 7884631 70900
37 978 978 0 5199698 687862 7895835 71000
38 979 979 0 5207062 688873 7907198 71100
38 982 982 0 5214384 689804 7918531 71200
38 982 982 0 5221931 690706 7930035 71300
38 982 982 0 5229320 691641 7941456 71400
38 983 983 0 5236777 692605 7953134 71500
38 983 983 0 5244236 693541 7964965 71600
38 985 985 0 5251711 694464 7976376 71700
39 985 985 0 5259198 695472 7987759 71800
39 986 986 0 5266547 696455 7998992 71900
39 986 986 0 5273885 697437 8010084 72000
39 986 986 0 5281290 698402 8021081 72100
39 988 988 0 5288536 699437 8031944 72200
39 990 990 0 5295803 700441 8042695 72300
40 991 991 0 5303046 701512 8053620 72400
40 993 993 0 5310357 702580 8064778 72500
40 994 994 0 5317651 703657 8075867 72600
40 996 996 0 5325106 704643 8087265 72700
40 996 996 0 5332474 705627 8098531 72800
40 998 998 0 5339778 706664 8109412 72900
40 998 998 0 5347018 707613 8120364 73000
40 1000 1000 0 5354234 708562 8131136 73100
40 1001 1001 0 5361554 709552 8142175 73200
40 1003 1003 0 5368897 710463 8153099 73300
41 1003 1003 0 5376107 711408 8163827 73400
41 1005 1005 0 5383368 712329 8174479 73500
41 1006 1006 0 5390661 713174 8184982 73600
41 1006 1006 0 5397952 714142 8195574 73700
41 1007 1007 0 5405197 715059 8205928 73800
41 1007 1007 0 5412452 715953 8216339 73900
42 1008 1008 0 5419661 716825 8226830 74000
42 1011 1011 0 5426950 717711 8237440 74100
43 1013 1013 0 5434198 718580 8248114 74200
43 1015 1015 0 5441557 719445 8258646 74300
43 1015 1015 0 5448758 720265 8268804 74400
43 1015 1015 0 5455975 721046 8279004 74500
43 1015 1015 0 5463047 721832 8289051 74600
44 1016 1016 0 5470282 722654 8299335 74700
44 1016 1016 0 5477492 723428 8309585 74800
45 1020 1020 0 5484713 724213 8319830 74900
45 1020 1020 0 5491922 725098 8330177 75000
45 1023 1023 0 5499172 725923 8340464 75100
46 1023 1023 0 5506322 726816 8350794 75200
46 1024 1024 0 5513456 727770 8361060 75300
46 1026 1026 0 5520662 728649 8371275 75400
46 1028 1028 0 5527833 729526 8381468 75500
47 1029 1029 0 5535026 730401 8391620 75600
47 1029 1029 0 5542206 731335 8401853 75700
47 1030 1030 0 5549492 732258 8412032 75800
47 1030 1030 0 5556532 733233 8422159 75900
48 1031 1031 0 5563678 734190 8432370 76000
48 1033 1033 0 5570824 735148 8442627 76100
48 1034 1034 0 5578073 736134 8452805 76200
48 1035 1035 0 5585246 737057 8462901 76300
48 1038 1038 0 5592507 737967 8473084 76400
49 1039 1039 0 5599605 738864 8483237 76500
49 1039 1039 0 5606940 739803 8493835 76600
50 1041 1041 0 5614151 740683 8504379 76700
50 1041 1041 0 5621473 741594 8515155 76800
50 1044 1044 0 5628812 742548 8526000 76900
50 1045 1045 0 5636158 743479 8537051 77000
50 1046 1046 0 5643533 744407 8548010 77100
50 1047 1047 0 5650892 745260 8559046 77200
50 1047 1047 0 5658365 746131 8570254 77300
50 1048 1048 0 5665723 747003 8581145 77400
50 1049 1049 0 5673121 747949 8592288 77500
50 1049 1049 0 5680508 748940 8603385 77600
50 1051 1051 0 5687897 749838 8614375 77700
50 1051 1051 0 5695243 750709 8625434 77800
50 1051 1051 0 5702530 751663 8636582 77900
50 1052 1052 0 5709743 752598 8647671 78000
50 1053 1053 0 5717127 753509 8658902 78100
50 1053 1053 0 5724397 754427 8669937 78200
50 1056 1056 0 5731698 755348 8680832 78300
50 1059 1059 0 5739037 756312 8691897 78400
50 1060 1060 0 5746419 757339 8702960 78500
50 1062 1062 0 5753616 758283 8713725 78600
50 1063 1063 0 5760960 759237 8724775 78700
50 1063 1063 0 5768148 760260 8735787 78800
50 1064 1064 0 5775466 761242 8746812 78900
50 1065 1065 0 5782714 762263 8757779 79000
50 1065 1065 0 5790034 763287 8768702 79100
50 1065 1065 0 5797232 764343 8779399 79200
50 1066 1066 0 5804524 765311 8790156 79300
50 1066 1066 0 5811694 766259 8800780 79400
50 1069 1069 0 5818976 767235 8811429 79500
50 1070 1070 0 5826119 768290 8822069 79600
50 1070 1070 0 5833405 769267 8832859 79700
50 1071 1071 0 5840603 770230 8843468 79800
50 1072 1072 0 5847714 771258 8853842 79900
50 1076 1076 0 5854900 772248 8864384 80000
51 1076 1076 0 5861998 773264 8874846 80100
51 1077 1077 0 5869200 774235 8885398 80200
51 1077 1077 0 5876342 775209 8895979 80300
51 1077 1077 0 5883568 776145 8906538 80400
51 1077 1077 0 5890850 777059 8917100 80500
51 1079 1079 0 5898045 777978 8927666 80600
51 1079 1079 0 5905188 778872 8938155 80700
51 1081 1081 0 5912517 779667 8948583 80800
51 1082 1082 0 5919809 780420 8958921 80900
51 1082 1082 0 5927025 781173 8969095 81000
51 1083 1083 0 5934110 781968 8979199 81100
51 1084 1084 0 5941231 782787 8989338 81200
51 1084 1084 0 5948506 783604 8999746 81300
51 1085 1085 0 5955781 784441 9010112 81400
51 1087 1087 0 5962951 785270 9020452 81500
51 1088 1088 0 5970214 786171 9030954 81600
51 1091 1091 0 5977217 787142 9041438 81700
51 1091 1091 0 5984638 788044 9052364 81800
51 1092 1092 0 5991845 788956 9063118 81900
51 1093 1093 0 5999163 789872 9074081 82000
51 1096 1096 0 6006592 790860 9085372 82100
51 1097 1097 0 6013903 791828 9096612 82200
51 1099 1099 0 6021292 792860 9108127 82300
51 1102 1102 0 6028568 793888 9119378 82400
52 1104 1104 0 6035926 794932 9130563 82500
53 1105 1105 0 6043164 796055 9141677 82600
53 1106 1106 0 6050458 797246 9152695 82700
54 1109 1109 0 6057639 798381 9163625 82800
54 1109 1109 0 6064914 799491 9174794 82900
54 1111 1111 0 6072207 800680 9186109 83000
54 1112 1112 0 6079625 801945 9197680 83100
54 1113 1113 0 6087020 803072 9209131 83200
54 1114 1114 0 6094302 804212 9220673 83300
54 1115 1115 0 6101683 805414 9232280 83400
54 1117 1117 0 6109157 806583 9243809 83500
55 1118 1118 0 6116563 807722 9255307 83600
55 1119 1119 0 6123903 808839 9266647 83700
55 1119 1119 0 6131268 810048 9278099 83800
55 1120 1120 0 6138560 811262 9289475 83900
55 1122 1122 0 6145971 812405 9301067 84000
55 1125 1125 0 6153313 813570 9312654 84100
55 1126 1126 0 6160721 814695 9324307 84200
55 1129 1129 0 6168079 815916 9335903 84300
55 1132 1132 0 6175542 817043 9347455 84400
55 1133 1133 0 6182900 818176 9358753 84500
55 1138 1138 0 6190211 819291 9369934 84600
55 1139 1139 0 6197450 820382 9381134 84700
55 1141 1141 0 6204726 821403 9392358 84800
55 1141 1141 0 6212027 822398 9403542 84900
55 1142 1142 0 6219388 823377 9414680 85000
55 1142 1142 0 6226698 824381 9425805 85100
55 1142 1142 0 6234031 825394 9436838 85200
55 1142 1142 0 6241315 826443 9447986 85300
55 1144 1144 0 6248561 827481 9458997 85400
55 1144 1144 0 6255818 828542 9469940 85500
55 1145 1145 0 6263096 829541 9480806 85600
55 1145 1145 0 6270333 830629 9491779 85700
55 1146 1146 0 6277516 831563 9502377 85800
55 1147 1147 0 6284719 832581 9513019 85900
55 1148 1148 0 6292046 833555 9523790 86000
55 1148 1148 0 6299241 834556 9534262 86100
55 1148 1148 0 6306414 835424 9544591 86200
55 1148 1148 0 6313530 836343 9555196 86300
55 1149 1149 0 6320774 837242 9565781 86400
55 1150 1150 0 6328027 838219 9576617 86500
55 1151 1151 0 6335269 839201 9587497 86600
56 1152 1152 0 6342493 840182 9598416 86700
56 1153 1153 0 6349906 841195 9609366 86800
56 1155 1155 0 6357094 842185 9620157 86900
56 1155 1155 0 6364331 843232 9630931 87000
56 1155 1155 0 6371561 844257 9641788 87100
56 1155 1155 0 6378828 845297 9652868 87200
56 1155 1155 0 6386077 846316 9663785 87300
56 1156 1156 0 6393299 847428 9674802 87400
56 1157 1157 0 6400649 848516 9685907 87500
56 1157 1157 0 6407919 849595 9697023 87600
56 1158 1158 0 6415186 850625 9707964 87700
56 1159 1159 0 6422407 851647 9718975 87800
56 1159 1159 0 6429746 852738 9730158 87900
56 1159 1159 0 6436927 853869 9741330 88000
56 1161 1161 0 6444435 854920 9752715 88100
56 1162 1162 0 6451761 855982 9763949 88200
56 1162 1162 0 6459173 857029 9775152 88300
56 1164 1164 0 6466591 858123 9786545 88400
56 1164 1164 0 6473897 859114 9797783 88500
56 1164 1164 0 6481349 860171 9809301 88600
56 1165 1165 0 6488732 861184 9820659 88700
56 1165 1165 0 6496136 862172 9832045 88800
56 1168 1168 0 6503526 863103 9843431 88900
56 1168 1168 0 6511045 864018 9855035 89000
56 1169 1169 0 6518467 864978 9866448 89100
56 1169 1169 0 6526032 865869 9877701 89200
56 1169 1169 0 6533348 866842 9888856 89300
56 1170 1170 0 6540683 867770 9899897 89400
56 1171 1171 0 6548046 868702 9910789 89500
56 1172 1172 0 6555467 869642 9921876 89600
56 1173 1173 0 6562781 870593 9932816 89700
56 1176 1176 0 6569954 871480 9943592 89800
56 1177 1177 0 6577267 872404 9954624 89900
56 1178 1178 0 6584527 873253 9965615 90000
56 1179 1179 0 6591841 874179 9976682 90100
56 1180 1180 0 6599099 875056 9987593 90200
56 1181 1181 0 6606427 875987 9998611 90300
56 1182 1182 0 6613710 877072 10009569 90400
56 1183 1183 0 6620943 878079 10020364 90500
56 1184 1184 0 6628231 879121 10031354 90600
56 1184 1184 0 6635499 880217 10042753 90700
56 1184 1184 0 6642876 881328 10054389 90800
56 1185 1185 0 6650454 882437 10066209 90900
56 1185 1185 0 6657852 883547 10077890 91000
56 1188 1188 0 6665246 884657 10089578 91100
56 1188 1188 0 6672601 885756 10101209 91200
56 1190 1190 0 6680121 886871 10113020 91300
57 1191 1191 0 6687554 887890 10124760 91400
57 1192 1192 0 6695090 888876 10136717 91500
57 1192 1192 0 6702721 889801 10148754 91600
57 1193 1193 0 6710209 890746 10160702 91700
57 1193 1193 0 6717758 891680 10172329 91800
57 1193 1193 0 6725236 892550 10184038 91900
57 1194 1194 0 6732629 893403 10195742 92000
57 1194 1194 0 6740267 894225 10207690 92100
57 1195 1195 0 6747705 895059 10219372 92200
57 1196 1196 0 6755450 895840 10231334 92300
57 1199 1199 0 6762952 896696 10243183 92400
57 1200 1200 0 6770363 897526 10254819 92500
57 1201 1201 0 6777935 898370 10266445 92600
57 1203 1203 0 6785337 899219 10277824 92700
57 1205 1205 0 6792872 900124 10289049 92800
57 1209 1209 0 6800309 901088 10300224 92900
57 1211 1211 0 6807666 902014 10311154 93000
57 1213 1213 0 6814888 902882 10321942 93100
57 1214 1214 0 6822151 903808 10332730 93200
57 1216 1216 0 6829660 904775 10343665 93300
57 1216 1216 0 6836970 905738 10354526 93400
57 1217 1217 0 6844265 906669 10365335 93500
57 1218 1218 0 6851670 907630 10376547 93600
57 1219 1219 0 6859058 908633 10387783 93700
57 1221 1221 0 6866561 909651 10399232 93800
57 1223 1223 0 6873951 910657 10410507 93900
57 1224 1224 0 6881442 911722 10421969 94000
57 1225 1225 0 6888762 912712 10433167 94100
57 1226 1226 0 6896354 913749 10444554 94200
57 1227 1227 0 6903733 914796 10455816 94300
57 1228 1228 0 6911035 915924 10467055 94400
57 1229 1229 0 6918556 917051 10478672 94500
57 1229 1229 0 6925947 918126 10490242 94600
57 1230 1230 0 6933360 919313 10502003 94700
57 1230 1230 0 6940748 920457 10513633 94800
57 1230 1230 0 6948248 921687 10525599 94900
57 1231 1231 0 6955639 922843 10537331 95000
57 1231 1231 0 6963040 924009 10548998 95100
57 1232 1232 0 6970560 925116 10560764 95200
57 1233 1233 0 6978035 926261 10572302 95300
57 1233 1233 0 6985484 927408 10583804 95400
57 1234 1234 0 6992824 928531 10595202 95500
57 1234 1234 0 7000170 929566 10606453 95600
57 1235 1235 0 7007527 930553 10617635 95700
57 1235 1235 0 7014978 931514 10628694 95800
57 1235 1235 0 7022190 932411 10639408 95900
57 1235 1235 0 7029437 933251 10649865 96000
57 1236 1236 0 7036666 934096 10660139 96100
57 1237 1237 0 7043770 934923 10670253 96200
57 1239 1239 0 7050892 935781 10680339 96300
57 1239 1239 0 7058137 936570 10690568 96400
57 1239 1239 0 7065351 937382 10700790 96500
57 1241 1241 0 7072419 938236 10710907 96600
57 1241 1241 0 7079640 939082 10721196 96700
57 1243 1243 0 7086957 939859 10731545 96800
57 1245 1245 0 7094166 940617 10741845 96900
58 1246 1246 0 7101367 941392 10752126 97000
58 1247 1247 0 7108621 942192 10762566 97100
58 1248 1248 0 7115904 943036 10773190 97200
58 1249 1249 0 7123049 943897 10783628 97300
58 1249 1249 0 7130432 944691 10794011 97400
58 1249 1249 0 7137628 945496 10804111 97500
58 1249 1249 0 7144789 946299 10814115 97600
58 1250 1250 0 7151982 947089 10824076 97700
58 1252 1252 0 7159107 947893 10834074 97800
58 1252 1252 0 7166266 948745 10844317 97900
58 1253 1253 0 7173573 949620 10854653 98000
58 1253 1253 0 7180763 950495 10865009 98100
58 1253 1253 0 7188011 951367 10875355 98200
58 1254 1254 0 7195188 952187 10885602 98300
58 1254 1254 0 7202374 953050 10896051 98400
59 1256 1256 0 7209597 953966 10906705 98500
59 1257 1257 0 7216936 954910 10917429 98600
59 1259 1259 0 7224208 955817 10928044 98700
59 1259 1259 0 7231545 956743 10938744 98800
59 1259 1259 0 7238837 957660 10949517 98900
59 1259 1259 0 7245990 958575 10960059 99000
59 1260 1260 0 7253378 959447 10971018 99100
59 1262 1262 0 7260704 960375 10981892 99200
59 1263 1263 0 7267966 961398 10992577 99300
59 1265 1265 0 7275241 962391 11003276 99400
59 1268 1268 0 7282397 963449 11013925 99500
59 1270 1270 0 7289531 964418 11024612 99600
59 1271 1271 0 7296914 965454 11035614 99700
60 1274 1274 0 7304293 966353 11046929 99800
60 1274 1274 0 7311763 967340 11058528 99900
60 1277 1277 0 7319207 968303 11070139 100000
60 1279 1279 0 7326624 969295 11081519 100100
61 1279 1279 0 7333893 970349 11092662 100200
61 1280 1280 0 7341220 971525 11103940 100300
61 1280 1280 0 7348497 972719 11115318 100400
61 1281 1281 0 7355847 974018 11126813 100500
62 1282 1282 0 7363294 975192 11138421 100600
63 1282 1282 0 7370781 976434 11150316 100700
63 1283 1283 0 7378146 977673 11161980 100800
63 1283 1283 0 7385578 978886 11173642 100900
63 1283 1283 0 7392984 980061 11185372 101000
63 1283 1283 0 7400442 981259 11196917 101100
63 1283 1283 0 7407861 982465 11208567 101200
63 1283 1283 0 7415119 983583 11219818 101300
63 1283 1283 0 7422578 984721 11231310 101400
63 1284 1284 0 7430006 985833 11242882 101500
63 1284 1284 0 7437548 986829 11254599 101600
64 1285 1285 0 7445033 987908 11266113 101700
64 1289 1289 0 7452483 989013 11277516 101800
64 1290 1290 0 7460018 990015 11288743 101900
64 1291 1291 0 7467373 990997 11299762 102000
64 1292 1292 0 7474771 991940 11310814 102100
64 1292 1292 0 7482189 992968 11321848 102200
64 1294 1294 0 7489498 993923 11332790 102300
64 1295 1295 0 7496809 994939 11343803 102400
64 1296 1296 0 7504134 995972 11354862 102500
64 1298 1298 0 7511619 997072 11366398 102600
64 1298 1298 0 7519033 998216 11378004 102700
64 1298 1298 0 7526406 999394 11389530 102800
64 1298 1298 0 7533896 1000496 11401136 102900
64 1298 1298 0 7541257 1001581 11412536 103000
64 1299 1299 0 7548651 1002652 11423930 103100
64 1299 1299 0 7555999 1003839 11435482 103200
64 1300 1300 0 7563523 1004956 11447035 103300
64 1300 1300 0 7570935 1005958 11458356 103400
64 1302 1302 0 7578297 1007025 11469840 103500
64 1303 1303 0 7585576 1008034 11481189 103600
64 1304 1304 0 7592961 1009097 11492459 103700
64 1304 1304 0 7600313 1010220 11503954 103800
64 1305 1305 0 7607664 1011232 11515426 103900
64 1306 1306 0 7615090 1012327 11526900 104000
64 1307 1307 0 7622333 1013462 11538177 104100
64 1308 1308 0 7629635 1014553 11549616 104200
64 1309 1309 0 7637094 1015711 11561291 104300
64 1309 1309 0 7644511 1016774 11572670 104400
64 1311 1311 0 7651903 1017861 11584192 104500
64 1311 1311 0 7659349 1018947 11595712 104600
64 1312 1312 0 7666586 1019987 11607042 104700
65 1313 1313 0 7674036 1021016 11618557 104800
65 1315 1315 0 7681395 1022061 11629725 104900
65 1316 1316 0 7688721 1023080 11640753 105000
65 1317 1317 0 7696010 1024025 11651641 105100
65 1319 1319 0 7703246 1024959 11662412 105200
65 1320 1320 0 7710528 1025858 11673155 105300
65 1321 1321 0 7717710 1026771 11683891 105400
65 1323 1323 0 7725070 1027668 11694932 105500
65 1324 1324 0 7732358 1028600 11706023 105600
65 1324 1324 0 7739718 1029621 11717262 105700
65 1325 1325 0 7747068 1030556 11728293 105800
65 1326 1326 0 7754468 1031573 11739354 105900
65 1327 1327 0 7761757 1032477 11750232 106000
65 1331 1331 0 7768979 1033470 11761211 106100
65 1333 1333 0 7776278 1034426 11772198 106200
65 1334 1334 0 7783595 1035403 11783320 106300
65 1334 1334 0 7790828 1036420 11794393 106400
65 1335 1335 0 7798135 1037580 11805655 106500
65 1336 1336 0 7805465 1038709 11816977 106600
65 1336 1336 0 7812804 1039828 11828432 106700
65 1338 1338 0 7820178 1040951 11839945 106800
65 1338 1338 0 7827584 1042193 11851831 106900
65 1338 1338 0 7834928 1043379 11863840 107000
65 1339 1339 0 7842481 1044629 11876048 107100
65 1340 1340 0 7849978 1045903 11888260 107200
65 1340 1340 0 7857567 1047073 11900471 107300
65 1341 1341 0 7864957 1048231 11912268 107400
65 1341 1341 0 7872453 1049349 11924178 107500
65 1341 1341 0 7879901 1050515 11936167 107600
65 1343 1343 0 7887258 1051695 11947956 107700
65 1343 1343 0 7894835 1052764 11959804 107800
65 1343 1343 0 7902245 1053846 11971392 107900
65 1345 1345 0 7909603 1054890 11982944 108000
65 1345 1345 0 7917054 1056079 11994863 108100
65 1346 1346 0 7924520 1057197 12006822 108200
65 1346 1346 0 7931989 1058303 12018809 108300
65 1346 1346 0 7939514 1059425 12031001 108400
65 1347 1347 0 7947057 1060598 12043167 108500
65 1348 1348 0 7954582 1061707 12055194 108600
65 1350 1350 0 7962032 1062702 12067005 108700
65 1350 1350 0 7969447 1063742 12078780 108800
65 1356 1356 0 7976960 1064790 12090721 108900
65 1357 1357 0 7984296 1065763 12102342 109000
65 1358 1358 0 7991797 1066800 12114332 109100
65 1360 1360 0 7999408 1067865 12126437 109200
65 1361 1361 0 8006918 1068845 12138322 109300
65 1361 1361 0 8014479 1069830 12150112 109400
65 1361 1361 0 8021909 1070838 12161676 109500
65 1363 1363 0 8029327 1071887 12173098 109600
65 1364 1364 0 8036782 1073006 12184588 109700
65 1365 1365 0 8044068 1074048 12195737 109800
65 1368 1368 0 8051575 1075159 12207099 109900
65 1369 1369 0 8058947 1076197 12218403 110000
65 1371 1371 0 8066223 1077253 12229746 110100
65 1373 1373 0 8073727 1078213 12241095 110200
65 1374 1374 0 8081114 1079233 12252274 110300
65 1374 1374 0 8088476 1080205 12263231 110400
65 1374 1374 0 8095829 1081176 12274240 110500
65 1374 1374 0 8103138 1082078 12285184 110600
65 1374 1374 0 8110482 1083021 12296160 110700
65 1375 1375 0 8117894 1083917 12307146 110800
65 1376 1376 0 8125095 1084776 12317669 110900
65 1376 1376 0 8132390 1085674 12328453 111000
65 1376 1376 0 8139686 1086604 12339162 111100
65 1378 1378 0 8146989 1087587 12349965 111200
65 1378 1378 0 8154363 1088530 12360836 111300
65 1380 1380 0 8161604 1089554 12371540 111400
65 1380 1380 0 8168877 1090563 12382177 111500
65 1380 1380 0 8176040 1091562 12392738 111600
65 1380 1380 0 8183356 1092520 12403503 111700
65 1380 1380 0 8190638 1093426 12414429 111800
65 1381 1381 0 8197998 1094365 12425456 111900
65 1382 1382 0 8205444 1095240 12436522 112000
65 1382 1382 0 8212846 1096118 12447492 112100
65 1385 1385 0 8220289 1096997 12458510 112200
65 1385 1385 0 8227593 1097871 12469335 112300
65 1387 1387 0 8234892 1098721 12480226 112400
65 1388 1388 0 8242219 1099656 12491149 112500
65 1389 1389 0 8249614 1100566 12502014 112600
65 1389 1389 0 8256914 1101485 12512784 112700
66 1391 1391 0 8264214 1102497 12523746 112800
66 1396 1396 0 8271507 1103483 12534741 112900
66 1398 1398 0 8278962 1104510 12546202 113000
66 1401 1401 0 8286183 1105522 12557406 113100
66 1403 1403 0 8293643 1106702 12568886 113200
66 1404 1404 0 8301053 1107819 12580283 113300
66 1408 1408 0 8308291 1108858 12591379 113400
66 1408 1408 0 8315709 1109965 12602759 113500
66 1410 1410 0 8323001 1111035 12613911 113600
66 1412 1412 0 8330351 1112154 12625176 113700
66 1413 1413 0 8337786 1113229 12636320 113800
66 1414 1414 0 8345127 1114315 12647445 113900
66 1416 1416 0 8352536 1115313 12658762 114000
66 1416 1416 0 8359997 1116367 12670080 114100
66 1417 1417 0 8367454 1117431 12681449 114200
66 1418 1418 0 8374849 1118494 12692928 114300
66 1418 1418 0 8382217 1119608 12704159 114400
66 1418 1418 0 8389693 1120730 12715478 114500
66 1418 1418 0 8396928 1121802 12726461 114600
66 1418 1418 0 8404321 1122812 12737503 114700
66 1420 1420 0 8411628 1123779 12748334 114800
66 1423 1423 0 8418925 1124699 12758999 114900
66 1424 1424 0 8426310 1125568 12769916 115000
66 1426 1426 0 8433517 1126399 12780461 115100
66 1427 1427 0 8440825 1127232 12791195 115200
66 1427 1427 0 8448219 1128073 12801923 115300
66 1428 1428 0 8455592 1128776 12812528 115400
66 1430 1430 0 8462960 1129473 12823042 115500
66 1430 1430 0 8470329 1130179 12833596 115600
66 1431 1431 0 8477617 1130871 12843924 115700
66 1433 1433 0 8484832 1131543 12854151 115800
66 1435 1435 0 8492112 1132316 12864557 115900
66 1435 1435 0 8499507 1133043 12874990 116000
66 1437 1437 0 8506683 1133738 12885158 116100
66 1440 1440 0 8513968 1134428 12895382 116200
66 1442 1442 0 8521189 1135206 12905630 116300
66 1443 1443 0 8528348 1135972 12915693 116400
66 1446 1446 0 8535535 1136789 12925998 116500
66 1447 1447 0 8542780 1137575 12936249 116600
66 1449 1449 0 8550104 1138379 12946771 116700
66 1450 1450 0 8557348 1139180 12957082 116800
66 1450 1450 0 8564586 1139984 12967338 116900
66 1451 1451 0 8571773 1140819 12977510 117000
67 1451 1451 0 8579094 1141700 12987846 117100
67 1451 1451 0 8586282 1142619 12998259 117200
67 1452 1452 0 8593496 1143512 13008719 117300
67 1452 1452 0 8600822 1144459 13019476 117400
67 1453 1453 0 8608242 1145373 13030389 117500
67 1454 1454 0 8615595 1146302 13041299 117600
67 1457 1457 0 8622934 1147202 13052119 117700
67 1458 1458 0 8630291 1148126 13063004 117800
67 1458 1458 0 8637760 1148992 13073877 117900
67 1458 1458 0 8645130 1149880 13084477 118000
67 1458 1458 0 8652391 1150684 13094840 118100
67 1458 1458 0 8659566 1151560 13105247 118200
67 1458 1458 0 8667006 1152469 13115929 118300
67 1458 1458 0 8674399 1153356 13126485 118400
67 1458 1458 0 8681661 1154208 13136772 118500
67 1458 1458 0 8688948 1155152 13147157 118600
67 1458 1458 0 8696221 1156135 13157709 118700
67 1459 1459 0 8703479 1157107 13168227 118800
67 1459 1459 0 8710737 1158027 13178803 118900
67 1459 1459 0 8718206 1158945 13189606 119000
67 1459 1459 0 8725381 1160012 13200273 119100
68 1460 1460 0 8732613 1161030 13210754 119200
68 1460 1460 0 8739933 1161988 13221390 119300
68 1460 1460 0 8747255 1162983 13232232 119400
68 1461 1461 0 8754523 1163983 13243034 119500
68 1462 1462 0 8761813 1164990 13253961 119600
69 1464 1464 0 8769247 1166009 13265219 119700
69 1466 1466 0 8776527 1167072 13276257 119800
69 1467 1467 0 8784012 1168167 13287757 119900
