0 8086 0 0 11425604 107857 15224402 99900
0 0 0 0 0 99900
297.2426329659438 1205.1146450277881 12458 15.382009649533556 674.4643975167677
0 7936 0 0 11453465 104614 15341765 99900
0 0 0 0 0 99900
286.52370818507615 1108.0065438064737 12630 15.587003624183437 582.8903770742861
0 8531 0 0 11444457 78323 15263961 99900
0 0 0 0 0 99900
282.4065259289446 1121.2955624538415 12460 14.906210533759879 637.6050764381653
0 7802 0 0 11433260 83571 15260323 99900
0 0 0 0 0 99900
287.4046403055663 1485.9309830237698 12565 14.852166580794998 627.6114484660267
0 7959 0 0 11459081 88112 15347228 99900
0 0 0 0 0 99900
306.9435098042066 1170.3100195294705 12652 15.06211072754997 529.2420371849328
0 8430 0 0 11448765 76598 15306864 99900
0 0 0 0 0 99900
283.40599184293626 1063.5102236116488 12618 14.354698429133567 623.1212872869748
0 8070 0 0 11451200 92196 15293443 99900
0 0 0 0 0 99900
303.93670180871385 1090.0863033903286 12525 15.605022636246739 556.7968552131402
0 8374 0 0 11466483 95145 15436410 99900
0 0 0 0 0 99900
303.00550632959687 1240.7263908633074 12788 16.08740710351127 594.638872535696
