0 0 0 0 0 0
0 0 0 0 0 100
0 0 1 0 1 200
0 0 2 0 1 300
0 0 2 1 2 400
0 0 4 2 2 500
0 0 4 2 3 600
0 0 4 2 4 700
0 0 5 3 4 800
0 0 6 3 4 900
0 0 6 3 5 1000
0 0 7 3 5 1100
0 0 7 3 6 1200
0 0 9 3 6 1300
0 0 11 3 7 1400
0 0 11 3 8 1500
0 0 13 3 10 1600
0 0 16 3 10 1700
0 0 16 4 12 1800
0 0 19 4 13 1900
0 0 19 4 14 2000
0 0 21 4 17 2100
0 0 24 4 18 2200
0 0 24 4 19 2300
0 0 25 4 20 2400
1 0 28 4 21 2500
1 0 31 4 21 2600
1 0 33 4 25 2700
1 0 36 4 27 2800
1 0 37 4 30 2900
1 0 37 4 32 3000
1 0 39 4 32 3100
1 0 40 4 32 3200
1 0 40 4 35 3300
2 0 42 4 35 3400
2 0 46 4 36 3500
2 0 46 4 37 3600
2 0 47 4 39 3700
2 0 48 4 42 3800
3 0 54 4 43 3900
3 0 55 4 46 4000
3 0 55 4 50 4100
3 0 56 5 51 4200
4 0 56 5 52 4300
5 0 57 6 53 4400
5 0 60 6 54 4500
7 0 65 6 55 4600
7 0 69 6 57 4700
7 0 72 6 62 4800
8 0 76 6 68 4900
8 0 78 6 72 5000
9 0 79 7 74 5100
9 0 80 7 75 5200
9 0 81 7 76 5300
9 0 84 7 77 5400
9 0 84 7 78 5500
9 0 86 7 80 5600
9 0 88 7 81 5700
10 0 89 7 83 5800
10 0 90 7 86 5900
10 0 94 7 86 6000
10 0 94 7 89 6100
12 0 99 7 90 6200
12 0 101 7 91 6300
12 0 103 7 96 6400
12 0 108 7 97 6500
12 0 112 7 102 6600
12 0 114 7 105 6700
12 0 116 7 109 6800
13 1 117 7 110 6900
13 1 120 7 113 7000
14 1 123 7 117 7100
15 1 127 7 119 7200
15 1 133 7 123 7300
15 1 134 7 128 7400
15 1 134 7 132 7500
15 1 135 7 132 7600
15 1 136 7 133 7700
16 1 139 7 135 7800
16 1 144 7 136 7900
16 1 148 7 142 8000
16 1 150 7 148 8100
16 1 153 7 151 8200
16 1 155 7 151 8300
16 1 158 7 153 8400
19 1 160 7 158 8500
19 1 162 7 159 8600
20 1 164 7 160 8700
20 1 165 8 161 8800
21 1 166 8 164 8900
22 1 168 8 164 9000
22 1 170 8 166 9100
22 1 171 8 167 9200
22 1 173 8 168 9300
22 1 175 9 169 9400
23 1 175 9 170 9500
23 1 177 9 171 9600
23 1 179 9 171 9700
23 1 179 9 174 9800
23 1 179 9 174 9900
23 1 179 10 174 10000
23 1 179 10 174 10100
23 1 181 10 174 10200
23 1 183 10 174 10300
23 1 184 11 176 10400
25 1 185 11 177 10500
26 1 186 12 179 10600
26 1 188 12 179 10700
26 1 189 12 182 10800
26 1 191 12 183 10900
27 1 192 12 183 11000
27 1 193 12 185 11100
27 1 193 12 187 11200
29 1 193 12 187 11300
29 1 195 12 187 11400
29 1 196 12 187 11500
30 1 198 12 190 11600
30 1 199 12 192 11700
30 1 200 12 192 11800
30 1 200 12 193 11900
30 1 200 13 193 12000
30 1 200 13 193 12100
30 1 202 13 193 12200
30 1 202 13 194 12300
30 1 205 13 194 12400
31 1 206 13 195 12500
32 1 206 13 196 12600
32 1 207 13 197 12700
32 1 208 13 197 12800
32 1 209 13 198 12900
32 1 213 13 199 13000
32 1 215 14 201 13100
34 1 219 14 203 13200
34 1 220 14 205 13300
35 1 220 15 208 13400
35 1 224 15 208 13500
36 1 225 15 210 13600
37 1 227 15 211 13700
38 1 229 16 212 13800
38 1 229 16 214 13900
38 1 233 16 214 14000
39 1 235 16 214 14100
39 1 239 16 218 14200
40 1 240 16 220 14300
41 1 242 16 224 14400
41 1 243 16 225 14500
42 1 244 17 225 14600
43 1 245 17 226 14700
44 1 247 18 226 14800
44 1 249 18 227 14900
45 1 249 18 228 15000
46 1 250 18 229 15100
46 1 251 18 231 15200
46 1 255 18 231 15300
46 1 256 18 231 15400
46 1 258 18 236 15500
47 1 259 18 237 15600
47 1 261 18 239 15700
47 1 264 18 240 15800
48 1 265 18 242 15900
49 1 268 20 245 16000
49 1 268 21 245 16100
49 1 270 21 247 16200
49 1 270 21 248 16300
49 1 274 21 249 16400
49 1 276 21 249 16500
49 1 277 21 252 16600
50 1 279 22 254 16700
50 1 281 22 255 16800
50 1 286 22 256 16900
50 1 286 22 257 17000
50 1 288 23 260 17100
50 1 290 23 260 17200
50 1 291 23 263 17300
50 1 292 23 264 17400
51 1 292 23 266 17500
51 1 295 23 266 17600
51 1 295 23 266 17700
52 1 295 23 269 17800
54 1 296 23 269 17900
54 1 299 23 271 18000
54 1 300 23 272 18100
55 1 301 24 276 18200
56 1 301 24 276 18300
56 1 303 24 276 18400
57 1 304 25 276 18500
57 1 304 25 279 18600
57 1 307 25 279 18700
57 1 307 25 282 18800
57 1 308 25 283 18900
58 1 310 25 283 19000
58 1 311 25 286 19100
58 1 312 26 286 19200
58 1 315 26 288 19300
59 1 316 26 290 19400
61 2 320 26 294 19500
61 2 321 27 297 19600
61 2 323 27 300 19700
61 3 325 29 301 19800
62 3 325 29 304 19900
62 3 328 29 306 20000
62 3 330 29 308 20100
62 3 332 29 309 20200
62 4 332 30 312 20300
62 4 332 30 313 20400
62 4 332 30 313 20500
62 4 334 30 313 20600
62 4 335 30 313 20700
62 4 336 30 316 20800
62 4 338 31 317 20900
62 4 338 31 319 21000
64 4 338 31 319 21100
65 4 340 31 319 21200
65 4 341 31 321 21300
65 4 341 31 322 21400
66 4 341 31 323 21500
66 4 343 31 323 21600
66 4 345 31 324 21700
66 4 345 31 325 21800
66 4 347 31 326 21900
66 4 348 31 328 22000
66 4 352 31 328 22100
66 4 353 31 330 22200
66 4 354 31 331 22300
66 4 356 32 331 22400
66 4 357 32 332 22500
66 4 360 32 333 22600
66 4 361 32 334 22700
66 4 361 32 335 22800
66 4 361 33 336 22900
66 5 362 33 337 23000
66 5 363 33 338 23100
66 5 365 33 339 23200
66 5 367 33 340 23300
67 5 371 33 344 23400
69 5 372 33 346 23500
71 5 375 34 347 23600
71 5 378 34 349 23700
71 5 381 34 353 23800
73 5 386 34 356 23900
75 5 387 34 360 24000
75 5 390 34 363 24100
77 5 392 34 363 24200
77 6 393 35 365 24300
77 6 394 36 366 24400
77 6 394 36 368 24500
77 6 394 36 368 24600
77 7 395 36 369 24700
78 7 396 37 369 24800
78 7 397 37 371 24900
78 7 399 37 371 25000
79 7 399 37 373 25100
79 7 400 37 374 25200
79 7 401 37 375 25300
80 7 403 37 375 25400
81 8 404 37 376 25500
81 8 406 37 378 25600
81 8 407 37 379 25700
81 8 407 37 382 25800
82 8 407 37 384 25900
82 8 409 37 384 26000
82 8 409 37 386 26100
82 8 410 37 386 26200
82 8 410 37 387 26300
82 8 410 37 388 26400
82 8 411 37 389 26500
83 8 412 37 390 26600
83 8 412 38 390 26700
83 8 412 38 391 26800
83 8 412 38 391 26900
84 8 413 38 392 27000
84 8 414 38 392 27100
84 8 417 38 396 27200
84 8 418 38 399 27300
85 8 419 38 399 27400
85 9 421 38 400 27500
85 9 423 38 401 27600
85 9 424 38 402 27700
85 9 427 40 404 27800
86 9 429 40 405 27900
86 9 431 40 409 28000
86 9 431 40 412 28100
86 9 432 40 412 28200
87 9 432 40 413 28300
87 9 435 40 413 28400
87 9 436 40 414 28500
87 9 437 40 416 28600
87 9 439 40 417 28700
87 9 439 40 419 28800
87 9 440 40 419 28900
87 9 441 40 420 29000
87 9 442 40 421 29100
87 9 442 40 421 29200
87 9 442 40 421 29300
87 9 442 40 421 29400
87 9 442 40 421 29500
87 9 444 40 421 29600
87 9 444 40 422 29700
87 9 444 40 423 29800
87 9 445 40 423 29900
87 9 447 40 423 30000
87 9 448 40 424 30100
87 9 450 40 425 30200
87 9 452 41 427 30300
87 9 452 41 429 30400
87 9 452 41 430 30500
87 9 454 41 430 30600
88 9 454 41 430 30700
88 9 455 41 431 30800
89 9 456 42 432 30900
89 9 458 42 434 31000
89 9 459 42 435 31100
90 9 459 42 435 31200
90 9 460 42 436 31300
90 9 462 42 437 31400
90 9 464 42 439 31500
90 9 465 42 439 31600
90 9 465 42 441 31700
90 9 466 42 441 31800
91 9 466 43 441 31900
92 9 466 43 442 32000
93 9 468 43 442 32100
95 9 468 44 444 32200
95 9 471 44 444 32300
95 9 471 44 446 32400
97 9 471 44 447 32500
97 9 471 44 447 32600
97 9 472 44 447 32700
97 9 473 44 447 32800
97 9 474 44 448 32900
97 9 474 44 449 33000
99 9 475 44 450 33100
100 9 476 44 451 33200
100 9 477 44 451 33300
100 9 479 44 453 33400
101 9 480 44 454 33500
101 9 481 44 456 33600
101 9 481 44 456 33700
101 9 481 44 457 33800
101 9 482 44 458 33900
101 9 483 44 459 34000
101 9 483 44 459 34100
101 9 484 45 461 34200
101 9 484 45 461 34300
101 9 484 45 463 34400
101 9 485 45 463 34500
101 9 485 45 464 34600
101 9 486 45 465 34700
101 9 486 45 465 34800
101 9 487 45 466 34900
102 9 488 45 466 35000
102 9 489 45 467 35100
102 9 489 45 467 35200
103 9 490 45 467 35300
103 9 491 45 467 35400
103 9 492 45 467 35500
104 9 494 45 468 35600
105 9 495 45 468 35700
107 9 498 45 471 35800
109 9 499 45 473 35900
110 9 501 45 475 36000
110 9 503 45 477 36100
110 9 503 45 479 36200
110 9 504 46 481 36300
110 9 504 46 482 36400
110 9 505 46 483 36500
110 9 505 46 484 36600
111 9 506 46 485 36700
111 9 506 46 486 36800
111 9 507 46 487 36900
111 9 508 46 487 37000
111 9 509 46 488 37100
111 9 513 46 489 37200
112 9 513 46 493 37300
113 9 514 46 493 37400
113 9 514 46 494 37500
114 10 515 46 494 37600
114 10 516 46 494 37700
114 10 517 46 496 37800
116 10 517 46 498 37900
116 10 518 46 499 38000
116 10 519 46 500 38100
116 10 519 46 501 38200
116 10 519 46 501 38300
117 10 519 46 501 38400
118 10 520 46 501 38500
118 11 521 46 501 38600
118 11 522 46 502 38700
119 11 522 46 502 38800
120 11 522 46 503 38900
120 11 524 46 503 39000
121 11 527 46 504 39100
121 12 527 46 506 39200
121 12 527 46 509 39300
122 12 529 46 510 39400
123 12 530 46 511 39500
123 12 531 46 512 39600
123 12 531 46 514 39700
123 13 534 46 514 39800
123 13 534 46 516 39900
123 13 534 46 516 40000
123 13 534 46 517 40100
123 13 534 46 517 40200
123 13 534 46 517 40300
123 13 534 46 517 40400
123 13 534 46 518 40500
123 13 534 46 518 40600
123 13 535 46 518 40700
123 13 535 46 518 40800
123 13 535 46 519 40900
123 13 535 46 519 41000
123 13 535 46 520 41100
124 13 537 46 520 41200
124 13 537 46 521 41300
124 13 541 46 522 41400
124 13 541 46 525 41500
124 13 541 46 526 41600
124 13 541 46 527 41700
124 13 541 46 528 41800
124 13 541 46 529 41900
125 13 542 47 529 42000
127 13 542 47 530 42100
128 13 545 47 530 42200
128 13 545 48 531 42300
129 13 547 48 532 42400
129 13 549 48 532 42500
129 13 549 48 535 42600
130 13 550 49 536 42700
130 13 550 49 537 42800
130 13 551 49 537 42900
131 13 552 49 537 43000
131 13 553 49 537 43100
131 13 553 49 539 43200
131 13 554 49 540 43300
131 13 554 49 540 43400
132 13 554 49 541 43500
132 13 555 49 541 43600
133 13 555 49 541 43700
134 13 557 49 541 43800
134 13 558 49 542 43900
134 13 558 49 543 44000
134 13 558 49 544 44100
134 13 561 49 545 44200
134 13 561 49 545 44300
134 13 562 49 548 44400
135 13 564 49 549 44500
135 13 565 49 550 44600
135 13 567 49 551 44700
135 13 567 49 554 44800
135 13 569 49 555 44900
135 13 573 49 557 45000
135 13 573 49 557 45100
135 13 573 49 559 45200
135 14 574 50 559 45300
135 14 575 50 559 45400
135 14 575 50 560 45500
135 14 577 50 561 45600
135 14 577 50 563 45700
135 14 579 50 563 45800
136 14 581 50 565 45900
136 14 582 50 567 46000
136 14 582 50 569 46100
136 14 582 50 569 46200
136 14 582 50 569 46300
136 14 583 50 570 46400
136 14 583 50 571 46500
137 14 584 50 572 46600
137 14 585 50 572 46700
137 14 586 50 573 46800
137 14 587 50 573 46900
137 14 588 50 574 47000
137 14 588 50 576 47100
137 14 588 50 576 47200
138 14 588 50 576 47300
138 15 590 51 576 47400
138 15 592 51 577 47500
138 15 592 52 579 47600
138 15 592 52 579 47700
138 15 592 52 579 47800
138 15 592 52 579 47900
138 15 592 52 579 48000
138 15 592 52 580 48100
138 16 595 52 580 48200
138 16 595 53 581 48300
139 16 595 53 582 48400
139 16 596 54 583 48500
139 16 596 54 585 48600
139 16 597 54 586 48700
141 16 597 54 588 48800
141 16 597 54 589 48900
141 16 597 54 589 49000
141 16 597 54 589 49100
141 16 597 54 589 49200
141 16 597 54 589 49300
141 16 597 54 589 49400
141 16 597 54 589 49500
142 16 597 54 589 49600
142 16 597 54 589 49700
143 16 597 54 589 49800
143 16 597 54 589 49900
144 16 598 54 589 50000
145 16 599 54 590 50100
146 16 599 54 590 50200
147 16 600 54 591 50300
148 16 601 54 591 50400
148 16 603 54 593 50500
148 18 603 54 595 50600
148 18 603 55 595 50700
149 18 603 56 596 50800
149 18 604 56 596 50900
149 18 604 56 596 51000
149 18 605 56 597 51100
149 18 605 56 597 51200
149 18 605 56 597 51300
149 18 606 56 597 51400
150 18 606 56 598 51500
150 18 607 56 600 51600
150 18 608 56 601 51700
150 18 610 56 601 51800
150 18 611 56 601 51900
150 18 612 56 604 52000
150 18 612 56 604 52100
152 18 613 56 604 52200
152 18 614 56 604 52300
152 18 614 56 604 52400
152 18 615 56 604 52500
152 18 616 56 605 52600
152 18 616 56 608 52700
152 18 616 56 608 52800
153 18 616 56 608 52900
153 18 616 56 608 53000
153 18 616 56 608 53100
153 18 616 56 608 53200
153 18 616 56 608 53300
153 18 617 56 608 53400
153 18 618 56 609 53500
153 18 620 56 610 53600
153 18 620 56 610 53700
153 18 620 56 612 53800
154 18 621 56 612 53900
154 18 621 56 613 54000
155 18 621 56 613 54100
156 18 621 56 613 54200
156 18 621 56 613 54300
156 18 621 56 614 54400
156 18 621 56 614 54500
156 19 621 56 615 54600
156 19 622 56 615 54700
156 19 623 56 615 54800
156 19 623 56 616 54900
156 19 623 57 616 55000
156 19 623 57 616 55100
156 19 623 57 616 55200
157 19 623 57 616 55300
157 19 624 58 616 55400
157 19 624 58 616 55500
157 19 624 58 617 55600
157 19 626 58 617 55700
157 19 626 58 618 55800
158 19 627 58 618 55900
159 19 628 58 618 56000
159 19 630 58 618 56100
159 19 630 59 620 56200
160 19 630 59 621 56300
162 19 630 59 621 56400
162 19 632 59 622 56500
162 19 633 59 622 56600
162 19 633 59 625 56700
162 19 633 59 625 56800
162 19 634 59 625 56900
162 19 635 59 626 57000
162 19 636 59 628 57100
162 19 637 59 629 57200
162 19 637 59 630 57300
163 19 638 59 631 57400
163 19 640 60 632 57500
164 19 640 60 632 57600
164 19 643 60 635 57700
164 19 645 60 636 57800
164 19 646 60 639 57900
164 19 647 60 639 58000
165 19 648 60 641 58100
165 19 649 60 641 58200
165 19 650 60 643 58300
165 19 650 60 645 58400
165 19 651 60 645 58500
165 19 651 60 646 58600
166 19 651 60 646 58700
166 19 652 60 646 58800
166 19 653 60 647 58900
166 19 655 60 647 59000
166 19 655 60 650 59100
167 19 655 60 650 59200
167 19 656 60 650 59300
167 19 656 60 650 59400
167 19 656 60 650 59500
167 19 656 60 650 59600
167 19 656 60 650 59700
167 19 656 60 650 59800
167 19 657 60 650 59900
167 19 657 60 650 60000
167 19 657 60 650 60100
167 19 659 60 650 60200
167 19 660 60 651 60300
167 19 661 60 652 60400
167 19 662 60 653 60500
167 19 665 60 655 60600
167 19 665 60 656 60700
167 19 667 60 658 60800
167 19 667 60 658 60900
167 19 667 60 660 61000
168 19 667 60 660 61100
168 19 667 60 660 61200
168 19 667 60 662 61300
170 19 667 60 663 61400
171 19 667 60 664 61500
171 19 669 60 664 61600
172 19 669 60 666 61700
172 19 670 60 666 61800
172 19 670 60 667 61900
172 19 672 61 667 62000
172 19 672 62 668 62100
172 20 672 62 669 62200
173 20 673 62 670 62300
173 21 674 62 671 62400
174 21 674 62 672 62500
174 21 674 63 672 62600
175 21 675 63 672 62700
175 21 675 63 672 62800
175 21 675 63 673 62900
175 21 675 63 674 63000
175 21 675 63 674 63100
175 21 676 63 674 63200
175 21 676 64 676 63300
175 21 676 64 676 63400
175 21 676 64 676 63500
175 21 676 64 676 63600
176 21 676 64 676 63700
176 21 680 64 676 63800
176 21 680 64 676 63900
176 21 680 64 678 64000
176 21 680 64 678 64100
177 21 682 64 678 64200
178 21 682 64 678 64300
179 21 684 64 679 64400
179 21 687 64 679 64500
179 21 688 64 681 64600
179 21 690 65 683 64700
179 21 691 65 686 64800
179 21 693 65 686 64900
179 21 694 66 687 65000
180 21 694 66 689 65100
180 21 696 66 689 65200
180 21 698 66 690 65300
180 21 698 67 691 65400
180 21 698 67 693 65500
180 21 699 67 694 65600
180 21 699 67 695 65700
180 21 699 67 696 65800
180 21 700 67 698 65900
180 21 700 67 699 66000
180 21 700 67 699 66100
181 21 702 67 699 66200
182 21 703 67 700 66300
183 21 704 67 701 66400
183 21 706 67 703 66500
183 21 707 67 705 66600
184 21 710 67 706 66700
184 21 710 67 709 66800
184 21 711 67 710 66900
184 22 712 67 710 67000
184 22 712 68 710 67100
184 22 712 68 711 67200
184 22 713 68 711 67300
184 22 714 68 712 67400
185 22 715 68 713 67500
185 22 718 68 714 67600
186 22 718 68 714 67700
186 22 719 68 717 67800
188 22 723 68 718 67900
189 22 724 68 721 68000
189 22 724 68 724 68100
189 22 725 68 725 68200
190 23 726 68 726 68300
191 23 727 68 727 68400
192 23 727 68 728 68500
192 23 727 68 728 68600
192 23 729 68 728 68700
192 23 729 68 729 68800
193 23 730 68 729 68900
194 23 732 68 729 69000
194 23 733 68 731 69100
194 23 735 68 732 69200
194 23 735 68 734 69300
194 23 735 68 735 69400
195 23 736 69 736 69500
196 23 737 69 736 69600
196 23 737 70 737 69700
196 23 738 70 738 69800
196 23 739 71 739 69900
196 23 742 71 739 70000
197 23 742 72 740 70100
197 23 745 72 742 70200
197 23 747 72 743 70300
197 23 747 72 744 70400
197 23 747 73 745 70500
197 23 747 74 745 70600
197 23 749 74 745 70700
197 23 750 74 745 70800
197 23 751 74 747 70900
197 23 751 74 747 71000
197 23 751 74 747 71100
197 23 751 74 747 71200
197 23 751 74 747 71300
197 23 753 74 747 71400
197 23 754 74 748 71500
197 23 754 74 748 71600
197 23 755 74 750 71700
197 23 755 74 750 71800
198 23 755 74 751 71900
198 23 756 74 751 72000
198 23 756 74 751 72100
198 23 757 74 751 72200
198 23 757 74 752 72300
198 23 758 74 753 72400
198 23 758 74 753 72500
198 23 758 74 754 72600
199 23 758 74 755 72700
199 23 760 74 755 72800
199 23 760 74 755 72900
199 23 760 74 756 73000
200 23 760 74 756 73100
200 23 761 74 756 73200
202 23 762 74 757 73300
202 23 764 74 757 73400
202 23 764 74 759 73500
202 23 766 74 760 73600
202 23 768 74 761 73700
202 23 768 74 762 73800
202 23 770 74 764 73900
202 23 770 74 765 74000
202 23 771 74 767 74100
202 23 771 75 767 74200
202 23 772 75 768 74300
202 23 773 75 769 74400
203 23 773 75 769 74500
203 23 774 75 769 74600
204 23 774 75 769 74700
204 23 776 75 771 74800
204 23 778 75 771 74900
204 23 778 76 772 75000
204 23 778 76 772 75100
204 23 779 76 772 75200
204 23 780 76 772 75300
204 23 781 76 773 75400
204 23 784 76 774 75500
204 23 784 76 776 75600
205 23 785 76 779 75700
206 23 788 76 780 75800
207 23 790 77 780 75900
208 23 790 77 782 76000
208 23 790 77 783 76100
208 23 790 78 784 76200
209 23 790 78 784 76300
209 23 791 78 784 76400
209 23 791 78 784 76500
209 23 794 78 785 76600
209 23 794 78 787 76700
209 23 794 78 788 76800
209 23 795 78 788 76900
209 23 795 78 788 77000
209 23 798 78 790 77100
210 23 798 78 791 77200
211 23 799 78 793 77300
211 23 800 78 794 77400
211 23 801 78 794 77500
211 23 802 78 794 77600
211 23 803 78 796 77700
211 23 803 78 796 77800
211 23 804 78 796 77900
211 23 804 79 796 78000
211 23 804 79 797 78100
211 23 804 79 797 78200
211 23 804 79 797 78300
211 23 805 79 797 78400
211 23 805 79 798 78500
211 23 806 79 799 78600
211 24 807 79 800 78700
211 24 808 79 802 78800
211 24 808 79 803 78900
211 24 809 79 803 79000
211 24 811 79 803 79100
211 24 811 79 806 79200
212 24 811 79 806 79300
212 24 812 79 806 79400
212 24 812 79 807 79500
212 24 813 79 807 79600
212 24 814 79 808 79700
212 24 815 79 809 79800
212 24 815 79 810 79900
212 24 815 79 811 80000
212 24 815 79 811 80100
212 24 816 79 812 80200
212 24 817 79 812 80300
213 24 817 79 813 80400
214 24 818 79 813 80500
214 24 818 79 814 80600
214 24 819 79 815 80700
215 24 820 79 817 80800
215 24 821 79 819 80900
215 25 821 79 820 81000
215 25 821 79 821 81100
215 25 823 79 821 81200
215 25 823 79 821 81300
215 25 825 79 822 81400
215 25 826 79 823 81500
215 25 828 79 824 81600
215 25 828 79 826 81700
215 25 829 79 827 81800
215 25 829 79 828 81900
215 25 829 79 828 82000
215 25 829 79 828 82100
215 25 829 79 828 82200
216 25 829 79 828 82300
216 25 829 79 828 82400
216 25 829 79 828 82500
217 25 830 79 828 82600
217 25 831 79 829 82700
217 25 831 79 830 82800
218 25 831 79 832 82900
218 25 831 79 832 83000
218 26 831 79 833 83100
218 26 831 79 833 83200
218 26 831 79 833 83300
218 26 831 79 833 83400
219 26 831 79 833 83500
221 26 831 79 834 83600
221 26 833 79 834 83700
222 26 835 79 834 83800
222 26 835 79 837 83900
222 26 835 79 837 84000
222 26 836 79 837 84100
222 26 837 79 837 84200
222 26 837 79 839 84300
223 26 839 79 839 84400
223 26 839 80 839 84500
223 26 839 80 840 84600
224 26 839 80 840 84700
224 26 841 81 840 84800
224 26 841 81 840 84900
224 26 843 81 842 85000
224 26 843 81 843 85100
224 26 846 81 844 85200
225 26 847 81 844 85300
226 26 849 81 846 85400
227 26 849 81 846 85500
228 26 851 81 848 85600
229 26 851 82 849 85700
230 26 851 82 850 85800
230 26 853 82 850 85900
230 26 853 82 852 86000
230 26 853 82 853 86100
230 26 853 82 854 86200
231 26 853 83 854 86300
232 26 853 83 854 86400
232 26 854 84 855 86500
232 27 856 84 855 86600
232 27 856 84 857 86700
232 27 856 84 857 86800
232 27 856 84 858 86900
233 27 856 84 858 87000
234 27 856 84 858 87100
234 27 856 84 858 87200
234 27 856 84 859 87300
234 27 856 84 859 87400
234 27 856 84 859 87500
234 27 857 84 859 87600
234 27 859 84 860 87700
234 27 859 84 861 87800
234 27 860 84 863 87900
234 27 860 84 864 88000
234 27 860 84 865 88100
234 27 860 84 865 88200
234 27 860 84 866 88300
234 27 860 84 866 88400
234 27 861 84 866 88500
235 27 862 84 866 88600
235 27 862 84 869 88700
236 27 862 85 870 88800
237 27 862 85 870 88900
237 27 863 85 870 89000
238 27 863 85 873 89100
238 28 864 85 873 89200
239 28 864 85 873 89300
240 28 865 85 873 89400
240 28 867 85 873 89500
240 28 868 85 874 89600
240 28 868 86 875 89700
240 28 870 86 876 89800
240 28 872 86 878 89900
241 28 873 86 878 90000
241 28 873 86 880 90100
241 28 875 86 880 90200
241 28 876 86 882 90300
241 29 876 86 885 90400
241 29 876 86 885 90500
241 29 877 86 886 90600
241 29 877 86 887 90700
241 29 880 86 887 90800
241 29 880 86 888 90900
241 30 881 86 890 91000
241 31 883 86 892 91100
241 31 884 86 893 91200
241 31 884 86 893 91300
241 31 887 86 894 91400
241 31 888 86 894 91500
241 31 888 86 898 91600
242 31 889 86 898 91700
242 31 890 86 898 91800
242 31 891 86 900 91900
243 31 894 86 900 92000
243 31 895 86 902 92100
244 31 895 87 905 92200
244 31 897 87 905 92300
244 31 899 87 906 92400
245 31 899 88 906 92500
245 31 899 89 908 92600
245 31 899 89 908 92700
245 31 900 89 908 92800
245 31 901 89 908 92900
245 31 901 89 908 93000
245 31 901 89 908 93100
245 31 901 89 909 93200
245 32 901 89 909 93300
245 32 902 89 910 93400
245 32 902 89 911 93500
245 32 902 89 911 93600
245 32 902 89 912 93700
246 32 902 89 913 93800
246 32 903 89 913 93900
246 32 904 90 913 94000
246 32 904 90 915 94100
246 32 905 90 915 94200
247 32 906 90 915 94300
247 32 907 90 916 94400
248 32 908 90 918 94500
248 32 910 90 919 94600
248 32 910 90 919 94700
248 32 910 90 920 94800
248 32 911 90 920 94900
249 32 911 90 921 95000
249 32 911 90 922 95100
249 32 913 90 922 95200
249 32 914 90 923 95300
249 32 914 90 923 95400
249 32 916 90 924 95500
249 32 917 90 924 95600
249 32 917 90 926 95700
250 32 917 90 926 95800
250 32 919 90 926 95900
250 32 920 90 928 96000
250 32 922 90 929 96100
250 32 922 90 930 96200
251 32 924 90 931 96300
251 32 926 90 933 96400
251 32 926 90 935 96500
251 32 927 90 935 96600
252 32 927 90 935 96700
253 32 927 90 936 96800
253 32 927 90 936 96900
253 32 928 90 936 97000
253 32 928 90 936 97100
253 32 929 90 937 97200
254 32 930 90 937 97300
254 32 931 90 938 97400
254 32 932 90 940 97500
254 32 933 90 941 97600
254 32 933 90 942 97700
254 32 934 90 945 97800
255 32 935 90 946 97900
255 32 936 90 946 98000
255 32 937 90 946 98100
256 32 937 90 947 98200
256 32 939 90 948 98300
256 32 940 90 950 98400
256 32 941 90 950 98500
256 32 942 90 951 98600
256 32 943 90 953 98700
256 32 943 90 955 98800
256 32 944 90 955 98900
257 32 945 90 955 99000
257 32 945 90 956 99100
257 32 945 90 956 99200
258 32 945 90 957 99300
258 32 945 90 957 99400
258 32 945 90 957 99500
258 32 945 90 957 99600
258 32 946 90 957 99700
258 32 946 90 958 99800
258 32 947 90 958 99900
258 32 947 90 958 100000
258 32 947 90 959 100100
258 32 947 90 959 100200
258 32 948 90 959 100300
258 32 948 90 959 100400
258 32 948 90 961 100500
258 32 948 90 961 100600
258 32 948 90 962 100700
258 32 950 90 962 100800
259 32 951 90 962 100900
259 32 953 90 963 101000
259 32 954 91 964 101100
259 32 954 91 964 101200
259 32 954 91 965 101300
259 32 955 91 965 101400
259 32 955 91 966 101500
259 32 956 91 966 101600
259 32 958 91 967 101700
259 32 959 91 967 101800
259 32 959 91 969 101900
259 32 960 91 970 102000
259 32 960 91 970 102100
259 32 960 91 972 102200
259 32 961 91 972 102300
259 32 962 91 972 102400
259 32 962 91 974 102500
259 32 964 91 974 102600
259 32 964 92 974 102700
259 32 964 92 976 102800
259 32 964 92 976 102900
259 32 964 92 976 103000
259 32 964 92 976 103100
259 32 965 92 976 103200
259 32 965 92 977 103300
259 32 965 92 977 103400
259 32 965 92 977 103500
259 32 965 92 977 103600
259 32 965 92 977 103700
259 32 966 92 977 103800
259 32 966 92 979 103900
259 32 967 92 979 104000
259 32 967 92 980 104100
259 32 967 92 980 104200
259 32 968 93 980 104300
259 32 968 93 980 104400
260 32 969 93 981 104500
260 32 969 93 982 104600
260 32 971 93 983 104700
261 32 971 93 984 104800
261 32 971 93 985 104900
261 32 971 93 985 105000
261 32 971 93 985 105100
262 32 972 93 985 105200
262 32 972 93 985 105300
262 32 972 93 985 105400
262 32 973 93 985 105500
262 32 973 93 986 105600
262 32 973 93 986 105700
263 32 973 93 986 105800
263 32 973 93 986 105900
263 32 973 93 986 106000
263 32 973 93 986 106100
263 32 973 93 986 106200
264 32 973 93 986 106300
264 32 975 93 986 106400
264 32 975 93 987 106500
266 32 976 93 988 106600
266 32 978 93 989 106700
267 32 978 93 991 106800
267 32 980 93 991 106900
267 32 980 93 992 107000
267 32 980 93 993 107100
268 32 980 94 993 107200
269 32 982 94 993 107300
269 32 982 94 993 107400
269 32 984 94 993 107500
269 32 985 94 993 107600
269 32 986 94 994 107700
270 32 988 94 996 107800
270 32 988 94 997 107900
271 32 990 94 998 108000
272 32 991 94 999 108100
272 32 991 94 1001 108200
272 32 992 94 1001 108300
272 32 992 94 1001 108400
272 32 992 94 1001 108500
272 33 992 94 1001 108600
272 33 992 94 1002 108700
272 33 992 94 1002 108800
272 34 993 94 1003 108900
272 34 993 94 1004 109000
272 34 994 94 1004 109100
272 34 995 94 1005 109200
272 34 996 94 1006 109300
272 34 997 95 1008 109400
272 34 997 95 1011 109500
273 34 998 95 1011 109600
273 34 999 95 1012 109700
273 34 1001 95 1013 109800
273 34 1001 95 1014 109900
274 34 1003 95 1015 110000
274 34 1006 95 1015 110100
274 34 1006 95 1017 110200
274 34 1008 95 1019 110300
274 34 1008 95 1021 110400
274 34 1008 95 1022 110500
275 34 1008 95 1022 110600
276 34 1009 95 1022 110700
277 34 1011 95 1024 110800
277 34 1012 96 1024 110900
278 34 1013 96 1026 111000
278 34 1013 96 1026 111100
278 34 1014 96 1027 111200
278 34 1015 96 1027 111300
278 34 1015 96 1029 111400
278 34 1016 96 1029 111500
278 34 1016 96 1029 111600
278 34 1016 96 1029 111700
278 34 1016 96 1029 111800
278 34 1016 96 1030 111900
278 34 1016 96 1030 112000
278 34 1016 96 1030 112100
278 34 1016 96 1030 112200
278 34 1017 96 1030 112300
278 34 1017 96 1030 112400
278 34 1018 96 1031 112500
278 34 1019 96 1032 112600
278 34 1019 96 1032 112700
278 34 1019 96 1034 112800
278 34 1019 96 1034 112900
278 34 1019 96 1034 113000
278 34 1020 96 1034 113100
278 34 1020 96 1034 113200
278 34 1020 96 1035 113300
278 34 1020 96 1035 113400
278 34 1021 96 1036 113500
278 34 1021 97 1037 113600
279 34 1022 97 1038 113700
279 34 1023 97 1038 113800
279 34 1023 97 1040 113900
279 34 1024 97 1040 114000
280 34 1024 97 1041 114100
280 34 1025 97 1041 114200
281 34 1026 97 1041 114300
281 34 1026 97 1043 114400
281 34 1026 97 1043 114500
281 34 1026 97 1043 114600
281 34 1027 97 1043 114700
281 34 1027 97 1043 114800
282 34 1027 97 1045 114900
283 34 1027 97 1045 115000
283 34 1028 97 1045 115100
283 34 1029 97 1045 115200
283 34 1030 98 1046 115300
283 34 1031 98 1047 115400
283 34 1031 98 1048 115500
284 34 1032 98 1048 115600
284 34 1033 98 1049 115700
284 34 1033 98 1049 115800
284 34 1033 98 1050 115900
284 34 1034 98 1050 116000
284 34 1034 98 1052 116100
284 34 1034 98 1052 116200
284 34 1036 98 1053 116300
284 34 1037 98 1053 116400
284 34 1037 98 1055 116500
284 34 1037 98 1056 116600
284 34 1038 98 1056 116700
284 34 1038 98 1056 116800
284 34 1038 98 1057 116900
284 34 1038 98 1057 117000
285 34 1038 98 1057 117100
285 34 1039 98 1057 117200
285 34 1039 98 1057 117300
285 34 1039 98 1057 117400
285 34 1041 98 1057 117500
285 34 1042 98 1058 117600
286 34 1042 98 1060 117700
286 35 1043 98 1061 117800
286 35 1044 98 1062 117900
286 35 1045 98 1064 118000
286 36 1046 98 1065 118100
286 36 1048 98 1067 118200
287 36 1050 98 1068 118300
287 36 1050 98 1071 118400
287 36 1051 98 1071 118500
288 36 1051 98 1071 118600
288 36 1051 98 1072 118700
289 36 1052 98 1072 118800
289 36 1053 98 1072 118900
289 36 1053 98 1074 119000
289 36 1053 98 1075 119100
289 37 1054 98 1075 119200
290 37 1055 98 1075 119300
290 37 1056 98 1077 119400
290 37 1057 98 1077 119500
290 37 1058 98 1077 119600
290 37 1059 98 1079 119700
290 37 1061 98 1081 119800
292 37 1061 98 1083 119900
