0 9872 0 0 11838702 9636 16740268 99900
3178 0 3079 0 0 99900
506.6072835917363 1831.487349590586 13812 3.2084298038471264 354.2614624997473
0 10014 0 0 11821225 9800 16670064 99900
3219 0 3157 0 0 99900
480.681914118236 1724.6840719345437 13681 3.0884598349427588 357.9444653760616
0 9868 0 0 11784083 9630 16555553 99900
3039 0 3256 0 0 99900
465.68302007784945 1802.520772197379 13477 3.177979305854054 366.87914205263473
0 9630 0 0 11765655 9371 16490306 99900
3078 0 3107 0 0 99900
466.75841976486277 2237.7945842720674 13339 3.151794813233944 366.5511335541429
0 10061 0 0 11854149 9831 16796617 99900
3346 0 3245 0 0 99900
469.61996733021977 1922.5726247953216 13877 3.1053581070798133 374.48892916549937
0 9969 0 0 11808223 9748 16583279 99900
3190 0 3272 0 0 99900
453.6280575347422 1839.010472433992 13599 3.0115295123218577 358.6521174130233
0 10151 0 0 11817044 9910 16660879 99900
3339 0 3239 0 0 99900
482.7856704024563 1884.4903819675114 13663 3.246809778718155 362.1986040584068
0 9915 0 0 11840426 9669 16742221 99900
3199 0 3141 0 0 99900
459.56899514710335 1727.680779571118 13667 3.122912765065576 357.1696550594908
