0 0 1 0 0 0
0 0 1 0 2 100
0 0 1 0 3 200
0 0 1 0 3 300
0 0 2 0 4 400
0 0 4 0 4 500
0 0 6 0 5 600
0 0 8 0 6 700
0 0 9 0 7 800
0 0 10 0 9 900
0 0 11 0 9 1000
0 0 13 1 10 1100
0 0 13 1 11 1200
0 0 14 1 13 1300
0 0 15 1 14 1400
0 0 15 1 16 1500
0 0 18 1 16 1600
0 0 18 1 20 1700
0 0 24 1 20 1800
0 0 25 1 23 1900
0 0 28 1 29 2000
0 0 31 1 30 2100
1 0 35 1 35 2200
1 0 35 1 40 2300
1 0 36 1 41 2400
1 0 39 1 42 2500
2 0 40 1 43 2600
2 0 45 1 49 2700
3 0 53 1 50 2800
3 0 56 1 56 2900
3 0 65 1 67 3000
4 0 69 1 71 3100
4 0 71 1 76 3200
5 0 73 1 79 3300
6 0 76 1 83 3400
6 0 80 1 86 3500
6 0 85 1 87 3600
8 0 86 2 90 3700
8 0 86 2 97 3800
9 0 90 2 97 3900
9 0 92 2 100 4000
9 0 95 2 102 4100
10 0 95 2 104 4200
10 0 97 2 106 4300
11 0 100 2 108 4400
12 0 101 2 112 4500
12 0 103 2 113 4600
14 0 105 2 113 4700
14 0 107 3 117 4800
14 0 109 3 119 4900
14 0 111 3 123 5000
14 0 112 3 126 5100
15 0 114 3 127 5200
16 0 117 3 128 5300
16 0 120 3 132 5400
16 1 122 3 138 5500
17 1 125 4 140 5600
17 1 128 4 142 5700
17 1 131 5 145 5800
17 1 136 5 145 5900
17 1 140 5 149 6000
19 1 143 5 152 6100
20 1 147 5 157 6200
20 1 150 6 159 6300
20 1 152 7 161 6400
20 1 153 7 163 6500
20 1 155 7 164 6600
20 1 156 7 166 6700
22 1 157 7 167 6800
22 1 159 7 167 6900
23 1 159 7 170 7000
23 1 161 7 170 7100
24 1 161 7 172 7200
24 1 163 7 172 7300
25 1 163 7 173 7400
26 1 165 7 173 7500
27 1 166 7 175 7600
27 1 169 7 176 7700
27 1 169 7 178 7800
27 1 171 8 178 7900
27 1 172 8 179 8000
27 1 173 8 180 8100
27 1 175 8 181 8200
27 1 177 8 184 8300
27 1 178 8 184 8400
27 1 178 8 186 8500
28 1 179 8 186 8600
29 1 182 8 187 8700
29 1 182 8 187 8800
31 1 183 9 189 8900
31 1 187 9 191 9000
32 1 191 9 193 9100
33 1 193 9 195 9200
35 1 194 9 198 9300
36 1 195 10 199 9400
36 1 196 10 201 9500
37 1 200 10 201 9600
37 1 200 10 203 9700
37 1 201 10 205 9800
38 1 203 10 205 9900
39 1 206 10 207 10000
41 1 206 10 210 10100
41 1 209 10 212 10200
41 1 211 10 214 10300
41 1 213 11 215 10400
41 1 215 12 220 10500
41 1 218 12 220 10600
41 1 218 12 224 10700
42 1 218 12 226 10800
42 1 221 12 226 10900
42 1 224 12 228 11000
42 1 224 12 230 11100
42 1 227 12 231 11200
42 1 228 12 232 11300
42 1 231 12 234 11400
42 1 232 12 236 11500
42 1 233 12 238 11600
44 1 235 12 238 11700
44 1 236 12 239 11800
44 2 238 12 239 11900
44 2 238 14 240 12000
44 2 239 14 241 12100
44 2 240 14 241 12200
44 2 242 14 242 12300
44 2 242 14 243 12400
44 2 242 14 244 12500
45 2 243 14 244 12600
46 2 245 14 244 12700
46 2 246 14 244 12800
46 2 246 14 247 12900
47 2 248 14 247 13000
48 2 249 14 247 13100
48 2 251 14 249 13200
48 2 251 14 249 13300
48 2 253 14 251 13400
48 2 254 14 251 13500
48 2 256 14 253 13600
49 2 257 15 253 13700
50 2 257 15 254 13800
50 2 260 15 254 13900
51 2 261 16 255 14000
52 2 261 16 257 14100
52 2 262 16 257 14200
52 2 263 16 258 14300
52 2 264 16 258 14400
52 2 265 16 259 14500
54 2 266 16 260 14600
54 2 269 16 261 14700
54 2 270 16 262 14800
54 2 271 16 264 14900
54 2 271 16 266 15000
55 2 272 16 266 15100
56 2 273 16 267 15200
57 2 276 16 268 15300
57 2 277 16 270 15400
58 2 280 16 271 15500
58 2 282 16 273 15600
58 3 282 16 276 15700
58 3 283 16 277 15800
59 3 283 16 277 15900
59 3 286 16 277 16000
59 3 289 16 278 16100
60 3 289 16 280 16200
61 3 289 16 283 16300
61 3 289 16 283 16400
61 3 290 16 283 16500
61 3 290 16 284 16600
62 3 290 16 285 16700
62 3 291 16 285 16800
62 3 293 16 285 16900
63 3 293 17 285 17000
63 3 293 17 286 17100
63 3 295 17 286 17200
63 3 297 17 288 17300
63 3 298 17 290 17400
63 4 303 17 291 17500
63 4 304 17 294 17600
63 5 304 17 296 17700
63 5 306 17 299 17800
63 5 306 17 300 17900
63 5 309 18 301 18000
63 5 311 18 302 18100
63 5 313 18 304 18200
63 5 316 19 306 18300
63 5 316 19 308 18400
63 5 318 19 309 18500
63 5 320 20 311 18600
63 5 323 20 312 18700
64 5 324 20 313 18800
64 5 326 20 318 18900
64 5 328 20 318 19000
64 5 328 20 320 19100
64 5 329 20 322 19200
65 5 331 20 323 19300
65 5 332 20 325 19400
65 5 334 20 327 19500
65 6 334 20 329 19600
66 6 335 20 331 19700
67 6 335 20 331 19800
67 6 335 20 333 19900
67 6 338 20 333 20000
68 7 339 20 336 20100
69 7 341 20 336 20200
69 7 344 20 340 20300
70 8 344 20 341 20400
71 8 345 20 343 20500
72 8 347 20 344 20600
72 8 349 20 345 20700
72 8 350 20 349 20800
73 8 351 20 350 20900
73 8 353 20 352 21000
73 8 353 20 354 21100
73 8 355 20 356 21200
73 8 355 21 357 21300
73 8 357 21 358 21400
73 8 359 21 359 21500
74 8 359 21 361 21600
74 8 362 21 362 21700
75 8 362 21 364 21800
75 8 364 21 365 21900
75 8 366 21 365 22000
75 8 366 21 367 22100
75 8 366 23 368 22200
75 8 366 23 368 22300
75 8 366 23 368 22400
75 8 367 23 368 22500
75 8 367 23 369 22600
77 8 367 23 370 22700
78 8 367 23 371 22800
78 8 367 23 371 22900
78 8 369 23 371 23000
78 8 370 23 371 23100
78 8 370 23 374 23200
78 8 372 23 375 23300
80 8 373 23 377 23400
80 9 374 24 378 23500
83 9 375 24 380 23600
85 9 378 24 380 23700
86 9 378 24 383 23800
87 9 381 24 385 23900
89 9 382 24 387 24000
90 9 384 24 390 24100
92 9 387 24 391 24200
92 9 391 24 394 24300
92 9 393 24 396 24400
92 9 393 24 399 24500
92 9 397 24 400 24600
92 9 399 24 402 24700
92 9 399 24 403 24800
93 9 401 25 405 24900
93 9 403 25 407 25000
93 9 406 25 407 25100
93 9 407 25 409 25200
93 9 407 25 410 25300
93 9 408 25 411 25400
93 9 409 25 411 25500
93 9 410 25 411 25600
93 9 411 25 413 25700
93 9 412 25 413 25800
93 9 412 25 414 25900
93 9 413 25 414 26000
93 9 415 26 414 26100
93 9 415 26 415 26200
93 9 417 26 416 26300
93 9 417 26 417 26400
93 9 419 26 418 26500
93 9 420 26 418 26600
93 9 420 27 418 26700
93 9 421 27 419 26800
94 9 421 27 420 26900
95 9 421 27 420 27000
95 9 421 27 420 27100
96 9 422 27 420 27200
96 9 423 27 420 27300
96 9 424 27 422 27400
96 9 426 27 422 27500
96 9 426 27 424 27600
96 9 426 27 425 27700
97 9 426 27 425 27800
97 9 427 28 425 27900
98 9 427 28 425 28000
99 9 427 28 426 28100
100 9 427 28 426 28200
100 9 431 28 426 28300
100 9 431 28 429 28400
100 9 432 28 430 28500
101 9 433 28 430 28600
101 9 435 28 432 28700
101 9 435 28 433 28800
101 9 436 28 434 28900
101 9 437 28 435 29000
101 9 437 28 435 29100
101 9 437 29 436 29200
101 9 438 29 436 29300
101 9 440 29 436 29400
101 9 441 29 438 29500
101 9 443 29 440 29600
103 9 445 29 442 29700
105 9 445 29 444 29800
107 9 446 29 444 29900
107 9 448 29 445 30000
107 9 450 29 446 30100
107 9 450 29 448 30200
107 9 453 29 449 30300
107 9 455 29 452 30400
107 9 455 29 452 30500
107 9 457 29 453 30600
107 9 457 29 454 30700
107 9 458 29 455 30800
107 9 458 29 455 30900
107 9 458 29 456 31000
107 9 460 29 456 31100
107 9 460 29 457 31200
107 9 461 29 457 31300
107 9 461 29 457 31400
108 9 462 29 458 31500
108 9 462 29 458 31600
108 9 463 29 459 31700
108 9 463 29 459 31800
108 9 463 29 460 31900
108 9 464 29 460 32000
108 9 464 29 460 32100
108 9 464 29 461 32200
108 9 465 29 461 32300
108 10 465 29 462 32400
108 10 466 29 462 32500
108 11 466 29 462 32600
108 11 466 30 463 32700
108 11 467 30 463 32800
108 12 468 30 463 32900
108 12 471 30 465 33000
109 12 472 30 467 33100
109 12 473 30 469 33200
109 12 473 30 469 33300
109 12 473 30 470 33400
109 12 473 30 470 33500
109 12 476 30 470 33600
109 12 477 30 471 33700
109 12 479 30 472 33800
109 12 482 30 472 33900
109 12 482 30 473 34000
109 12 483 30 475 34100
109 12 484 30 475 34200
109 12 484 30 476 34300
109 12 486 30 476 34400
109 12 487 30 478 34500
109 12 487 30 478 34600
109 12 490 30 479 34700
109 12 493 30 480 34800
110 12 496 30 484 34900
111 12 497 30 486 35000
113 12 499 30 488 35100
114 12 500 30 491 35200
115 12 500 30 493 35300
115 12 504 30 494 35400
116 12 505 30 496 35500
116 12 508 30 498 35600
116 12 509 30 499 35700
117 12 509 30 501 35800
117 12 509 30 502 35900
117 12 510 30 502 36000
117 12 511 30 503 36100
117 12 512 30 505 36200
117 12 512 30 506 36300
117 12 514 30 506 36400
117 12 515 30 507 36500
118 12 515 30 508 36600
119 12 516 30 508 36700
119 12 517 30 509 36800
119 12 517 30 510 36900
122 12 517 30 510 37000
122 12 518 30 510 37100
122 12 520 30 511 37200
122 12 522 30 513 37300
122 12 523 30 514 37400
122 12 525 30 516 37500
122 12 527 30 518 37600
122 12 527 30 519 37700
122 12 528 30 520 37800
123 12 529 30 521 37900
125 12 530 30 522 38000
125 12 531 30 522 38100
125 12 532 30 523 38200
125 12 534 30 523 38300
126 12 536 30 524 38400
126 12 538 30 526 38500
126 12 539 31 528 38600
126 12 540 31 528 38700
126 12 542 31 528 38800
126 12 543 31 530 38900
126 12 543 31 531 39000
127 12 544 31 532 39100
128 12 546 31 532 39200
129 12 546 31 533 39300
130 12 547 31 534 39400
130 12 549 31 535 39500
130 12 552 31 536 39600
130 12 552 31 538 39700
130 12 553 31 538 39800
130 12 556 31 538 39900
130 12 558 31 542 40000
131 12 558 32 543 40100
131 12 560 32 544 40200
131 12 561 32 545 40300
131 12 563 32 546 40400
131 12 564 32 547 40500
131 12 565 32 550 40600
131 12 567 33 550 40700
131 12 567 33 552 40800
131 12 567 33 553 40900
131 12 569 33 554 41000
131 13 569 33 554 41100
131 13 569 33 556 41200
131 13 570 33 557 41300
131 14 572 33 559 41400
131 14 572 33 559 41500
131 14 573 33 560 41600
131 14 574 34 561 41700
131 14 575 34 564 41800
131 14 575 34 565 41900
131 14 576 34 565 42000
131 14 577 34 565 42100
131 14 577 34 566 42200
131 14 580 34 567 42300
131 14 580 34 569 42400
131 14 580 34 569 42500
132 14 580 34 569 42600
133 15 583 34 570 42700
135 15 583 34 573 42800
135 15 585 34 574 42900
135 15 587 34 575 43000
136 15 588 34 576 43100
136 17 590 34 577 43200
136 17 593 34 579 43300
136 17 595 34 580 43400
136 17 596 35 581 43500
136 17 598 35 584 43600
136 17 598 35 584 43700
136 17 598 35 585 43800
137 17 598 35 586 43900
138 17 598 35 586 44000
138 17 600 35 586 44100
138 17 601 35 587 44200
138 17 602 35 589 44300
138 17 602 35 590 44400
138 17 602 35 590 44500
138 17 603 35 590 44600
138 17 603 35 590 44700
138 17 604 35 591 44800
138 17 605 35 591 44900
138 17 606 35 592 45000
138 17 606 35 594 45100
138 17 606 35 594 45200
138 18 607 35 595 45300
138 18 607 35 595 45400
138 18 607 35 596 45500
139 18 607 35 596 45600
139 18 607 35 596 45700
140 18 607 35 596 45800
141 18 608 35 596 45900
142 18 608 35 597 46000
142 18 609 35 598 46100
144 18 611 35 599 46200
145 18 613 35 599 46300
146 18 615 35 600 46400
147 18 616 35 604 46500
147 18 620 36 605 46600
147 18 622 36 606 46700
148 18 623 37 609 46800
149 18 628 38 609 46900
150 18 629 38 614 47000
151 18 629 38 615 47100
152 18 631 38 616 47200
152 18 633 38 620 47300
153 18 635 38 621 47400
154 18 638 38 622 47500
154 18 638 38 624 47600
156 18 638 38 627 47700
156 18 640 38 627 47800
156 18 640 38 629 47900
156 18 640 38 630 48000
156 18 640 38 631 48100
158 18 642 39 632 48200
158 18 643 39 632 48300
158 18 644 39 633 48400
159 18 644 40 634 48500
161 18 645 40 635 48600
161 18 645 40 636 48700
161 18 645 40 636 48800
161 18 645 40 636 48900
161 18 645 40 636 49000
161 18 646 40 636 49100
162 18 647 40 637 49200
162 18 650 40 638 49300
162 18 650 40 639 49400
162 18 651 40 641 49500
162 18 652 40 642 49600
163 18 652 40 642 49700
163 18 652 40 643 49800
163 18 652 40 643 49900
163 19 652 40 644 50000
163 19 652 40 644 50100
163 19 652 40 644 50200
164 19 652 40 644 50300
164 19 652 40 644 50400
165 19 653 40 644 50500
165 19 653 40 645 50600
165 19 653 40 645 50700
165 19 653 40 645 50800
165 19 653 41 646 50900
165 19 654 41 646 51000
165 19 656 41 647 51100
165 19 656 41 648 51200
165 19 656 41 648 51300
165 19 656 41 648 51400
165 19 656 41 649 51500
166 19 658 41 650 51600
166 19 658 41 650 51700
166 19 658 41 652 51800
166 20 659 41 653 51900
166 20 659 41 653 52000
166 20 660 42 654 52100
166 20 660 42 654 52200
166 20 660 42 655 52300
166 20 663 42 655 52400
166 20 663 42 658 52500
166 20 664 42 658 52600
167 20 664 42 659 52700
167 20 664 42 659 52800
167 20 667 42 659 52900
167 20 667 42 661 53000
167 20 668 42 662 53100
168 20 668 42 663 53200
168 21 668 42 663 53300
168 21 668 42 663 53400
168 21 668 42 663 53500
170 21 669 42 663 53600
170 21 670 42 664 53700
170 21 671 42 665 53800
170 21 673 42 666 53900
171 21 673 42 668 54000
171 21 674 42 669 54100
171 21 677 42 670 54200
171 21 677 42 671 54300
172 21 678 42 673 54400
172 21 679 42 674 54500
173 21 680 43 675 54600
173 21 682 43 675 54700
174 21 682 43 675 54800
175 21 682 43 675 54900
175 21 683 43 675 55000
175 21 683 43 675 55100
175 21 684 43 675 55200
175 21 684 43 677 55300
175 21 685 43 677 55400
175 21 685 43 677 55500
175 21 686 43 678 55600
175 21 686 43 679 55700
175 21 686 43 679 55800
175 21 686 43 679 55900
175 21 686 43 679 56000
175 21 687 43 679 56100
175 21 689 43 680 56200
176 21 690 43 681 56300
176 21 692 43 683 56400
177 21 693 43 684 56500
177 21 693 43 685 56600
177 21 694 43 686 56700
177 21 694 43 686 56800
177 21 696 43 687 56900
177 21 697 43 688 57000
177 21 698 43 689 57100
177 21 698 43 689 57200
177 22 699 44 690 57300
177 22 699 44 691 57400
178 22 700 44 694 57500
178 22 701 44 695 57600
178 22 702 44 695 57700
178 22 702 44 696 57800
178 22 702 44 697 57900
178 22 704 44 697 58000
178 22 704 44 699 58100
178 22 704 44 699 58200
178 22 705 44 699 58300
178 22 705 44 700 58400
178 22 705 44 700 58500
178 22 705 44 700 58600
178 22 706 44 700 58700
178 22 707 44 701 58800
179 22 708 44 701 58900
179 22 710 44 703 59000
179 22 710 45 703 59100
180 22 710 45 704 59200
180 22 711 45 704 59300
180 22 711 45 704 59400
180 22 712 45 706 59500
181 23 712 45 706 59600
181 23 713 46 706 59700
181 23 713 46 707 59800
182 23 713 46 707 59900
182 23 713 46 707 60000
182 23 713 46 707 60100
182 23 713 46 707 60200
182 23 714 46 708 60300
182 23 714 46 708 60400
183 23 715 46 709 60500
184 23 715 46 709 60600
184 23 715 46 710 60700
184 23 718 46 710 60800
184 23 718 46 711 60900
184 23 719 47 712 61000
184 23 721 47 712 61100
186 23 722 47 712 61200
187 23 723 47 714 61300
188 23 723 47 715 61400
188 23 725 47 715 61500
188 23 726 47 717 61600
188 24 726 47 719 61700
188 24 726 47 720 61800
188 24 726 47 721 61900
188 24 726 47 721 62000
188 24 727 47 722 62100
188 24 728 47 722 62200
189 24 729 47 723 62300
190 24 731 47 724 62400
191 24 731 47 725 62500
191 24 732 47 725 62600
191 24 732 47 727 62700
191 24 733 47 727 62800
191 24 734 47 729 62900
191 24 735 47 730 63000
191 24 736 47 730 63100
191 24 736 48 731 63200
191 24 736 48 732 63300
191 24 738 48 732 63400
192 24 738 48 734 63500
193 24 740 48 735 63600
194 24 741 48 736 63700
196 24 742 49 737 63800
197 24 743 49 737 63900
198 24 744 49 737 64000
198 24 744 49 738 64100
198 25 744 50 739 64200
198 25 744 50 739 64300
199 25 744 50 739 64400
200 25 747 50 739 64500
201 25 748 50 740 64600
201 26 749 50 741 64700
201 26 749 50 744 64800
201 26 751 50 745 64900
201 26 752 50 746 65000
201 26 752 50 748 65100
201 26 752 50 748 65200
202 26 753 50 748 65300
202 26 753 50 749 65400
204 26 754 50 750 65500
204 26 755 50 750 65600
204 26 755 50 751 65700
204 26 755 50 752 65800
204 26 755 50 752 65900
204 26 756 50 752 66000
204 26 758 50 753 66100
204 26 758 50 753 66200
204 26 759 50 755 66300
204 26 760 50 755 66400
204 26 761 50 757 66500
204 26 762 50 757 66600
204 26 762 50 758 66700
205 26 762 51 759 66800
206 26 763 51 760 66900
208 26 766 51 760 67000
208 26 767 51 763 67100
209 26 768 51 765 67200
209 26 770 51 766 67300
209 26 773 51 766 67400
210 26 774 52 770 67500
211 26 780 52 771 67600
211 26 780 53 772 67700
212 26 781 53 777 67800
212 26 782 53 777 67900
212 26 782 53 778 68000
212 26 783 53 779 68100
212 26 783 53 779 68200
212 26 783 53 780 68300
212 26 784 53 780 68400
213 26 784 53 780 68500
214 26 785 53 781 68600
214 26 786 53 782 68700
215 26 787 53 783 68800
215 26 790 53 784 68900
215 26 790 53 786 69000
217 26 790 53 788 69100
218 26 792 53 788 69200
218 26 792 53 790 69300
218 26 793 54 790 69400
218 26 794 54 790 69500
218 26 795 54 791 69600
218 26 796 54 793 69700
219 26 797 54 795 69800
219 26 798 54 795 69900
219 26 799 54 795 70000
220 26 801 55 797 70100
220 26 803 55 799 70200
220 26 804 55 800 70300
220 26 806 56 803 70400
220 26 807 56 805 70500
220 26 809 57 806 70600
220 26 810 57 807 70700
220 26 811 57 808 70800
220 26 812 57 808 70900
220 26 812 58 810 71000
221 26 812 58 810 71100
221 26 813 58 810 71200
223 26 814 58 810 71300
223 26 818 58 810 71400
223 26 819 58 813 71500
224 26 819 58 815 71600
224 26 821 58 816 71700
224 26 822 58 816 71800
224 26 822 58 817 71900
224 26 822 58 819 72000
224 26 822 58 819 72100
224 26 823 58 819 72200
224 26 823 58 819 72300
224 26 823 58 820 72400
224 26 823 58 820 72500
224 26 824 58 820 72600
224 26 824 58 821 72700
225 26 825 58 821 72800
225 26 827 58 821 72900
225 26 827 58 822 73000
226 26 829 58 823 73100
226 26 829 58 825 73200
226 26 829 58 825 73300
226 26 829 58 825 73400
226 26 830 58 825 73500
226 26 830 58 825 73600
226 26 830 58 825 73700
226 26 830 58 825 73800
226 26 830 58 825 73900
226 26 830 58 825 74000
226 26 830 58 825 74100
226 26 830 58 826 74200
226 26 831 58 829 74300
228 27 831 58 830 74400
228 27 834 58 830 74500
228 27 834 59 832 74600
228 27 835 59 832 74700
228 27 835 60 832 74800
228 27 835 60 833 74900
228 27 835 60 833 75000
228 27 835 60 833 75100
228 28 835 60 833 75200
228 28 836 60 833 75300
228 28 837 60 833 75400
228 28 838 60 835 75500
230 28 840 60 837 75600
230 28 840 60 838 75700
230 28 841 60 839 75800
230 28 843 60 840 75900
230 28 844 60 842 76000
230 28 844 60 842 76100
230 28 845 60 843 76200
230 28 845 60 844 76300
230 28 845 60 845 76400
230 28 845 60 846 76500
230 28 845 60 848 76600
230 28 846 60 848 76700
230 28 846 60 849 76800
230 28 848 60 850 76900
230 28 848 60 851 77000
230 28 848 60 851 77100
231 28 849 60 851 77200
232 28 849 60 852 77300
232 29 849 60 852 77400
232 29 849 60 852 77500
232 30 849 60 853 77600
232 30 850 60 853 77700
232 30 850 60 854 77800
234 31 851 60 855 77900
234 31 852 60 858 78000
235 32 852 60 858 78100
235 32 853 60 859 78200
235 32 853 60 860 78300
235 32 853 60 860 78400
235 33 853 60 861 78500
235 33 853 60 862 78600
235 33 856 60 862 78700
235 33 856 60 863 78800
235 33 857 60 864 78900
235 33 858 60 866 79000
236 33 859 60 866 79100
236 33 859 61 868 79200
236 33 861 61 869 79300
236 33 861 61 871 79400
236 33 861 61 873 79500
237 33 861 61 873 79600
238 33 864 61 874 79700
238 33 866 61 875 79800
238 33 867 62 878 79900
238 33 868 62 879 80000
239 33 868 62 880 80100
240 33 869 62 881 80200
242 33 871 62 883 80300
243 33 872 62 883 80400
243 33 873 62 885 80500
243 33 875 62 886 80600
244 33 875 62 888 80700
244 33 877 62 890 80800
244 34 877 62 891 80900
244 34 878 62 893 81000
244 34 878 62 893 81100
244 35 878 62 893 81200
244 35 878 63 893 81300
244 35 878 63 893 81400
244 35 878 63 893 81500
245 35 878 63 893 81600
245 35 883 63 893 81700
245 35 883 63 895 81800
245 35 885 63 898 81900
245 35 886 63 900 82000
245 35 886 63 902 82100
245 35 888 63 902 82200
245 35 891 63 902 82300
245 35 892 63 905 82400
246 36 892 64 905 82500
246 36 892 64 907 82600
246 37 893 64 907 82700
246 37 893 64 908 82800
246 37 895 64 909 82900
248 38 895 64 911 83000
248 38 895 64 912 83100
248 38 895 64 913 83200
248 38 897 64 913 83300
248 38 899 64 914 83400
248 38 900 64 915 83500
248 38 902 64 916 83600
248 38 904 64 918 83700
248 38 904 64 919 83800
248 38 905 64 921 83900
248 38 906 64 923 84000
248 38 908 64 923 84100
248 38 908 64 925 84200
248 38 908 64 925 84300
248 38 908 64 925 84400
248 38 908 64 925 84500
248 38 909 66 925 84600
248 38 909 66 925 84700
248 38 909 66 926 84800
248 38 909 66 926 84900
248 38 912 66 926 85000
248 38 912 66 929 85100
248 39 912 66 931 85200
248 39 913 66 931 85300
248 39 913 66 932 85400
249 40 913 66 932 85500
249 40 915 66 932 85600
249 40 918 66 932 85700
249 40 918 66 934 85800
251 40 919 66 936 85900
251 40 919 66 936 86000
251 40 920 66 937 86100
251 40 921 66 938 86200
251 40 922 66 938 86300
252 40 922 66 939 86400
252 40 925 66 940 86500
252 40 926 66 942 86600
252 40 928 66 946 86700
252 40 928 66 946 86800
252 40 928 66 948 86900
252 40 928 66 948 87000
252 40 929 66 948 87100
252 40 929 66 948 87200
252 40 930 66 949 87300
252 40 931 66 950 87400
254 40 931 66 950 87500
254 40 933 66 951 87600
255 40 934 66 952 87700
255 40 934 67 952 87800
255 40 935 67 954 87900
255 40 936 67 954 88000
255 40 938 67 956 88100
256 40 939 67 958 88200
257 40 941 67 959 88300
259 40 942 67 961 88400
259 40 943 67 964 88500
263 40 947 68 964 88600
264 40 948 68 968 88700
264 40 951 68 970 88800
264 40 952 68 972 88900
264 40 954 68 974 89000
264 40 954 68 975 89100
264 40 955 68 976 89200
265 40 955 68 976 89300
266 40 957 68 977 89400
267 40 959 68 979 89500
268 40 960 68 981 89600
268 40 961 68 983 89700
268 40 964 68 983 89800
268 40 965 68 984 89900
268 40 967 68 985 90000
268 40 968 68 985 90100
268 40 970 69 985 90200
268 40 970 69 985 90300
268 40 972 69 987 90400
268 40 972 69 988 90500
268 40 972 69 989 90600
268 40 974 69 989 90700
268 40 974 69 990 90800
268 40 974 69 991 90900
268 40 974 69 991 91000
268 40 975 69 991 91100
268 40 976 69 992 91200
268 40 976 69 992 91300
268 40 976 69 992 91400
268 40 977 69 992 91500
268 40 977 69 992 91600
268 40 979 69 993 91700
268 40 981 69 993 91800
268 40 981 69 995 91900
268 40 981 69 997 92000
268 40 981 69 997 92100
268 40 981 69 997 92200
268 40 981 69 997 92300
268 40 981 69 997 92400
268 40 981 69 997 92500
268 40 981 69 997 92600
268 40 982 69 997 92700
268 40 983 69 997 92800
268 40 984 69 999 92900
268 40 985 69 999 93000
268 40 986 69 999 93100
268 40 987 69 1001 93200
269 40 987 69 1001 93300
269 40 988 69 1002 93400
269 40 990 69 1002 93500
270 40 990 69 1004 93600
271 40 990 69 1005 93700
271 40 990 70 1005 93800
271 40 991 70 1005 93900
271 40 994 70 1006 94000
271 40 994 70 1007 94100
271 40 996 70 1009 94200
271 41 996 70 1010 94300
271 41 997 70 1011 94400
271 41 999 70 1011 94500
271 41 1002 70 1012 94600
271 41 1002 71 1014 94700
271 41 1003 72 1015 94800
272 41 1003 72 1016 94900
272 41 1004 72 1016 95000
272 41 1005 72 1016 95100
272 41 1005 72 1017 95200
272 41 1006 72 1018 95300
272 41 1006 73 1018 95400
273 41 1007 73 1020 95500
276 41 1007 73 1020 95600
276 41 1008 73 1021 95700
276 41 1009 73 1021 95800
276 41 1012 74 1021 95900
277 41 1013 74 1023 96000
280 41 1014 74 1024 96100
283 41 1015 75 1024 96200
285 41 1016 75 1027 96300
286 41 1017 75 1028 96400
287 42 1018 75 1028 96500
287 42 1018 76 1028 96600
287 42 1019 77 1028 96700
287 42 1019 78 1028 96800
287 42 1020 78 1029 96900
287 42 1020 78 1030 97000
287 42 1020 78 1031 97100
287 42 1021 78 1031 97200
287 42 1021 78 1033 97300
287 42 1021 78 1033 97400
287 42 1021 78 1033 97500
287 42 1021 78 1034 97600
287 42 1023 78 1034 97700
287 42 1023 78 1034 97800
288 42 1025 79 1035 97900
288 42 1026 79 1035 98000
288 42 1029 79 1037 98100
289 42 1030 80 1039 98200
290 42 1030 80 1041 98300
290 42 1031 80 1041 98400
290 42 1032 80 1041 98500
290 42 1032 81 1043 98600
290 42 1032 81 1044 98700
290 42 1033 81 1044 98800
290 42 1035 81 1044 98900
290 42 1037 81 1045 99000
290 42 1037 82 1047 99100
290 42 1037 82 1048 99200
290 42 1040 82 1049 99300
290 42 1040 82 1049 99400
290 42 1040 82 1052 99500
290 42 1042 82 1052 99600
290 42 1043 82 1054 99700
292 42 1045 82 1054 99800
292 42 1046 82 1055 99900
292 42 1046 82 1056 100000
292 42 1047 83 1057 100100
292 42 1049 83 1058 100200
292 42 1050 83 1059 100300
292 42 1050 83 1060 100400
293 42 1050 83 1061 100500
293 42 1051 84 1061 100600
293 42 1052 84 1061 100700
293 42 1052 84 1064 100800
293 42 1053 84 1064 100900
293 42 1053 84 1065 101000
293 42 1053 84 1065 101100
293 42 1056 84 1065 101200
294 42 1057 84 1066 101300
294 42 1060 84 1067 101400
294 42 1060 85 1068 101500
294 42 1060 85 1068 101600
294 42 1060 86 1070 101700
295 42 1062 86 1070 101800
295 42 1062 86 1070 101900
296 42 1063 87 1071 102000
296 42 1063 87 1071 102100
296 42 1063 87 1072 102200
296 43 1063 88 1073 102300
296 43 1063 88 1073 102400
296 43 1064 88 1074 102500
297 43 1064 88 1075 102600
297 43 1065 88 1075 102700
297 43 1066 88 1075 102800
297 43 1067 88 1077 102900
297 44 1068 88 1077 103000
297 44 1069 89 1078 103100
297 44 1069 89 1079 103200
297 44 1069 89 1079 103300
297 44 1069 89 1079 103400
297 44 1069 89 1080 103500
297 44 1070 89 1080 103600
297 44 1070 89 1080 103700
297 45 1071 89 1081 103800
297 45 1071 90 1082 103900
298 45 1072 90 1082 104000
298 45 1072 90 1083 104100
298 45 1072 90 1083 104200
298 45 1074 90 1083 104300
298 45 1074 90 1083 104400
298 45 1076 90 1085 104500
299 45 1076 91 1086 104600
299 45 1080 91 1086 104700
299 45 1081 91 1088 104800
299 45 1082 91 1089 104900
301 45 1083 92 1090 105000
301 45 1084 92 1092 105100
301 45 1084 92 1092 105200
302 45 1084 92 1093 105300
302 45 1085 92 1093 105400
302 45 1085 92 1093 105500
302 45 1086 92 1094 105600
302 45 1086 92 1095 105700
303 45 1087 92 1095 105800
303 45 1087 92 1095 105900
303 45 1087 92 1096 106000
303 45 1088 92 1096 106100
303 45 1090 92 1096 106200
303 45 1091 92 1096 106300
303 45 1093 92 1098 106400
303 45 1093 92 1099 106500
303 45 1093 92 1100 106600
303 45 1094 92 1100 106700
303 45 1095 92 1101 106800
304 45 1097 92 1102 106900
304 45 1099 92 1102 107000
304 45 1099 92 1106 107100
304 45 1100 92 1106 107200
304 45 1102 92 1106 107300
304 45 1102 92 1107 107400
304 45 1102 92 1107 107500
304 45 1103 93 1107 107600
304 45 1103 93 1107 107700
304 45 1104 93 1108 107800
304 45 1106 93 1108 107900
304 45 1107 93 1110 108000
304 45 1107 93 1112 108100
304 45 1107 93 1112 108200
304 45 1107 93 1112 108300
304 45 1107 93 1112 108400
304 45 1108 93 1112 108500
304 45 1109 93 1113 108600
304 45 1109 93 1113 108700
304 45 1110 93 1114 108800
306 45 1111 93 1116 108900
306 45 1111 93 1117 109000
306 45 1112 93 1117 109100
308 45 1115 93 1119 109200
308 45 1116 93 1121 109300
308 45 1116 93 1121 109400
309 45 1116 93 1121 109500
309 45 1117 94 1121 109600
309 45 1117 94 1123 109700
310 45 1119 94 1123 109800
310 45 1121 94 1124 109900
310 45 1122 94 1125 110000
310 45 1123 94 1127 110100
311 45 1124 94 1127 110200
311 45 1127 94 1129 110300
312 45 1129 94 1130 110400
315 45 1130 95 1132 110500
317 45 1131 95 1133 110600
319 45 1133 95 1134 110700
319 45 1135 95 1136 110800
319 45 1135 95 1136 110900
319 45 1135 95 1137 111000
319 45 1135 97 1137 111100
319 45 1136 97 1137 111200
319 45 1136 97 1137 111300
320 45 1136 97 1137 111400
320 45 1137 97 1137 111500
320 45 1137 97 1137 111600
320 45 1137 97 1138 111700
320 45 1138 97 1138 111800
320 46 1139 97 1140 111900
321 46 1140 97 1141 112000
321 46 1142 97 1141 112100
321 46 1143 98 1141 112200
321 46 1143 98 1142 112300
321 46 1143 98 1142 112400
321 46 1144 98 1142 112500
321 46 1144 98 1142 112600
321 46 1145 98 1142 112700
321 46 1145 98 1143 112800
321 46 1146 98 1144 112900
321 46 1146 98 1145 113000
321 46 1148 98 1145 113100
321 46 1148 98 1145 113200
321 46 1148 98 1146 113300
321 46 1148 98 1146 113400
321 46 1149 98 1146 113500
321 47 1150 98 1148 113600
321 47 1152 98 1149 113700
321 47 1153 98 1149 113800
321 47 1153 98 1151 113900
321 47 1154 98 1151 114000
321 47 1154 98 1152 114100
321 47 1156 98 1152 114200
321 47 1156 98 1153 114300
321 47 1157 98 1153 114400
321 47 1158 98 1155 114500
322 47 1158 98 1155 114600
322 47 1158 98 1157 114700
323 47 1159 98 1158 114800
323 47 1161 98 1159 114900
323 47 1163 98 1160 115000
323 47 1164 98 1163 115100
323 47 1164 98 1163 115200
323 47 1164 98 1163 115300
323 47 1164 98 1164 115400
324 47 1164 98 1164 115500
325 47 1167 98 1164 115600
325 47 1168 98 1164 115700
325 47 1168 98 1168 115800
325 47 1168 98 1168 115900
325 47 1170 98 1168 116000
325 47 1170 98 1169 116100
325 47 1171 98 1170 116200
325 47 1172 98 1172 116300
325 47 1173 98 1174 116400
325 47 1173 98 1174 116500
325 47 1173 98 1175 116600
325 47 1173 98 1176 116700
326 47 1173 98 1177 116800
328 47 1174 98 1177 116900
329 47 1174 98 1177 117000
329 47 1175 98 1177 117100
329 47 1175 98 1177 117200
329 47 1175 98 1177 117300
330 47 1177 100 1178 117400
330 47 1178 100 1180 117500
331 47 1179 100 1181 117600
331 47 1179 100 1182 117700
332 47 1180 100 1182 117800
332 47 1181 100 1183 117900
332 47 1183 100 1183 118000
332 47 1184 100 1184 118100
333 47 1185 100 1186 118200
333 47 1188 100 1186 118300
333 47 1188 100 1189 118400
333 47 1189 100 1190 118500
333 47 1189 100 1192 118600
334 47 1190 100 1193 118700
335 47 1192 100 1193 118800
336 47 1193 100 1197 118900
337 47 1193 100 1197 119000
337 47 1194 100 1199 119100
337 47 1194 101 1200 119200
337 47 1195 101 1200 119300
337 48 1196 101 1202 119400
337 48 1196 102 1202 119500
337 48 1196 102 1203 119600
337 48 1197 102 1204 119700
337 48 1197 102 1204 119800
337 48 1197 102 1204 119900
