0 0 0 0 0 0 0 0
0 7 7 0 3235 0 3281 100
0 17 17 0 7098 4 7215 200
0 18 18 0 8566 13 8744 300
0 21 21 0 10636 15 10863 400
0 23 23 0 13224 17 13493 500
0 26 26 0 16214 18 16536 600
0 27 27 0 19729 21 20123 700
0 29 29 0 23594 28 24113 800
0 33 33 0 27800 40 28476 900
0 34 34 0 32397 64 33320 1000
0 36 36 0 37139 98 38418 1100
0 37 37 0 42144 140 43888 1200
0 39 39 0 47360 203 49627 1300
0 40 40 0 52807 274 55683 1400
0 42 42 0 58423 377 61959 1500
0 42 42 0 64182 497 68490 1600
0 46 46 0 70101 607 75307 1700
0 46 46 0 76232 744 82497 1800
0 49 49 0 82367 899 89754 1900
0 55 55 0 88682 1084 97462 2000
0 57 57 0 95230 1287 105595 2100
0 63 63 0 101668 1506 113652 2200
0 68 68 0 108352 1774 122113 2300
1 70 70 0 115119 2054 130676 2400
1 72 72 0 121858 2364 139610 2500
1 73 73 0 128742 2720 148878 2600
2 80 80 0 135648 3058 158229 2700
2 81 81 0 142607 3491 167829 2800
2 91 91 0 149643 3955 177555 2900
2 102 102 0 156679 4530 187490 3000
2 107 107 0 163612 5082 197430 3100
2 113 113 0 170648 5763 207819 3200
2 116 116 0 177764 6477 218461 3300
2 120 120 0 185016 7212 229426 3400
2 124 124 0 192248 7993 240424 3500
2 125 125 0 199453 8791 251249 3600
2 130 130 0 206557 9678 262168 3700
3 137 137 0 213747 10516 273331 3800
3 137 137 0 221131 11386 284651 3900
3 140 140 0 228406 12274 295955 4000
3 142 142 0 235703 13237 307318 4100
3 144 144 0 243088 14226 318883 4200
3 147 147 0 250470 15185 330128 4300
3 149 149 0 257841 16222 341605 4400
3 153 153 0 265277 17301 353072 4500
3 154 154 0 272582 18418 364528 4600
3 155 155 0 279914 19498 375931 4700
3 159 159 0 287215 20688 387423 4800
3 161 161 0 294711 21802 399210 4900
3 165 165 0 302192 22902 411097 5000
3 169 169 0 309627 23999 422889 5100
3 171 171 0 317095 25000 434806 5200
3 172 172 0 324620 26124 446697 5300
4 177 177 0 332064 27219 458513 5400
4 183 183 0 339448 28249 470096 5500
4 185 185 0 346793 29333 482022 5600
4 188 188 0 354212 30457 494053 5700
4 193 193 0 361798 31602 506338 5800
4 197 197 0 369495 32682 518718 5900
4 203 203 0 376968 33815 530936 6000
4 207 207 0 384445 34889 542996 6100
4 213 213 0 392102 35952 555058 6200
4 217 217 0 399520 36980 567049 6300
4 219 219 0 407063 38153 579232 6400
4 221 221 0 414661 39372 591480 6500
4 224 224 0 422243 40484 603707 6600
4 226 226 0 429712 41606 615576 6700
4 227 227 0 437253 42769 627546 6800
4 227 227 0 444754 43939 639401 6900
4 230 230 0 452297 45195 651508 7000
4 230 230 0 459787 46592 663802 7100
4 232 232 0 467353 47820 675896 7200
4 232 232 0 474755 49054 687909 7300
4 234 234 0 482369 50291 700274 7400
4 234 234 0 489791 51501 712643 7500
4 236 236 0 497470 52816 725452 7600
4 237 237 0 505055 54097 738338 7700
4 241 241 0 512837 55420 751530 7800
4 241 241 0 520677 56621 764897 7900
4 242 242 0 528388 57809 777842 8000
4 243 243 0 536111 58978 790836 8100
4 244 244 0 543778 60119 803531 8200
4 248 248 0 551384 61228 816126 8300
4 248 248 0 559054 62386 828557 8400
4 252 252 0 566810 63525 841053 8500
4 253 253 0 574350 64559 853211 8600
4 254 254 0 582129 65541 865503 8700
4 256 256 0 589704 66547 877672 8800
4 258 258 0 597329 67543 890029 8900
4 260 260 0 604980 68539 902444 9000
4 262 262 0 612681 69470 914815 9100
4 264 264 0 620213 70414 926852 9200
4 268 268 0 627698 71420 938841 9300
4 271 271 0 635452 72441 951034 9400
4 273 273 0 642814 73540 962628 9500
4 273 273 0 650326 74528 974220 9600
4 276 276 0 657832 75683 985858 9700
4 278 278 0 665184 76809 997277 9800
4 278 278 0 672539 77965 1008751 9900
4 280 280 0 679860 79134 1020191 10000
4 283 283 0 687368 80228 1031855 10100
4 285 285 0 694703 81286 1043218 10200
4 288 288 0 702193 82313 1054696 10300
4 290 290 0 709662 83495 1066517 10400
4 297 297 0 717111 84655 1078088 10500
4 297 297 0 724606 85776 1089717 10600
4 302 302 0 732130 86870 1101281 10700
4 304 304 0 739593 87998 1112831 10800
4 304 304 0 746898 89089 1124259 10900
4 307 307 0 754342 90255 1135831 11000
4 311 311 0 761719 91370 1147312 11100
4 312 312 0 769223 92548 1158887 11200
4 313 313 0 776633 93651 1170285 11300
4 316 316 0 784131 94886 1182025 11400
4 318 318 0 791629 96115 1193673 11500
4 320 320 0 799111 97363 1205363 11600
4 320 320 0 806554 98619 1217010 11700
4 322 322 0 814049 99863 1228863 11800
5 323 323 0 821543 101083 1240881 11900
5 326 326 0 829025 102319 1252857 12000
5 327 327 0 836547 103605 1264998 12100
5 327 327 0 844071 104904 1277156 12200
5 328 328 0 851727 106219 1289610 12300
5 330 330 0 859264 107536 1301916 12400
5 331 331 0 866774 108878 1314183 12500
5 331 331 0 874426 110299 1326613 12600
5 332 332 0 881998 111779 1339197 12700
5 333 333 0 889568 113268 1351882 12800
5 336 336 0 897247 114660 1364581 12900
5 336 336 0 904748 116124 1377186 13000
5 336 336 0 912370 117568 1390019 13100
5 339 339 0 920021 118984 1402582 13200
5 339 339 0 927577 120269 1414850 13300
5 341 341 0 935186 121488 1427107 13400
5 342 342 0 942887 122748 1439550 13500
5 345 345 0 950527 124040 1452016 13600
5 345 345 0 958168 125324 1464428 13700
5 347 347 0 965696 126490 1476543 13800
5 348 348 0 973243 127654 1488657 13900
5 350 350 0 980811 128779 1500667 14000
5 352 352 0 988443 129891 1512666 14100
5 352 352 0 995935 130936 1524614 14200
5 353 353 0 1003594 132070 1536671 14300
5 353 353 0 1011090 133252 1548514 14400
5 354 354 0 1018651 134416 1560228 14500
5 356 356 0 1026092 135586 1571770 14600
5 357 357 0 1033642 136767 1583415 14700
5 358 358 0 1041123 137962 1594832 14800
5 360 360 0 1048563 139208 1606285 14900
5 362 362 0 1056011 140391 1617754 15000
5 363 363 0 1063469 141544 1629167 15100
5 364 364 0 1070890 142765 1640603 15200
5 365 365 0 1078291 144013 1652089 15300
5 367 367 0 1085534 145295 1663411 15400
5 368 368 0 1092812 146541 1674760 15500
5 371 371 0 1100193 147770 1686313 15600
6 374 374 0 1107660 148924 1698059 15700
6 375 375 0 1115128 150125 1710049 15800
6 376 376 0 1122437 151293 1721676 15900
6 376 376 0 1129881 152531 1733316 16000
6 377 377 0 1137282 153730 1745082 16100
6 379 379 0 1144602 154919 1756777 16200
6 382 382 0 1152043 156005 1768540 16300
6 382 382 0 1159435 157188 1780419 16400
7 382 382 0 1166972 158401 1792617 16500
7 383 383 0 1174562 159609 1805124 16600
7 384 384 0 1182333 160781 1817611 16700
7 384 384 0 1189968 161845 1830050 16800
7 385 385 0 1197540 162952 1842560 16900
7 386 386 0 1205138 164044 1854831 17000
7 387 387 0 1212867 165228 1867234 17100
7 387 387 0 1220384 166214 1879213 17200
7 389 389 0 1228018 167289 1891353 17300
8 391 391 0 1235559 168373 1903472 17400
8 393 393 0 1243203 169493 1915701 17500
8 397 397 0 1250732 170652 1927813 17600
9 400 400 0 1258218 171757 1939694 17700
9 403 403 0 1265764 172772 1951423 17800
9 405 405 0 1273208 173845 1962966 17900
9 407 407 0 1280600 174978 1974311 18000
9 408 408 0 1287935 176007 1985290 18100
9 412 412 0 1295236 177047 1996258 18200
9 414 414 0 1302538 178037 2007188 18300
9 416 416 0 1309958 179063 2018386 18400
9 418 418 0 1317284 180030 2029448 18500
9 420 420 0 1324796 181035 2040762 18600
9 421 421 0 1332112 182035 2051838 18700
9 422 422 0 1339538 183017 2063069 18800
9 427 427 0 1346901 183970 2074286 18900
9 427 427 0 1354415 184935 2085469 19000
9 430 430 0 1361901 185836 2096502 19100
9 432 432 0 1369318 186759 2107356 19200
10 434 434 0 1376623 187675 2118245 19300
10 436 436 0 1383979 188536 2129060 19400
11 438 438 0 1391440 189440 2139988 19500
12 440 440 0 1398778 190245 2150817 19600
12 442 442 0 1406096 191128 2161589 19700
12 443 443 0 1413535 191940 2172499 19800
12 446 446 0 1420889 192679 2183101 19900
13 446 446 0 1428185 193477 2193655 20000
13 449 449 0 1435506 194190 2204248 20100
13 449 449 0 1442733 194984 2214716 20200
14 453 453 0 1450052 195689 2225303 20300
15 456 456 0 1457297 196433 2235831 20400
15 458 458 0 1464596 197184 2246441 20500
15 459 459 0 1471840 197905 2256899 20600
15 460 460 0 1479099 198597 2267409 20700
15 464 464 0 1486477 199332 2277971 20800
15 465 465 0 1493659 200097 2288503 20900
15 467 467 0 1500826 200855 2299006 21000
15 469 469 0 1508270 201595 2309696 21100
15 472 472 0 1515505 202388 2320158 21200
15 473 473 0 1522740 203198 2330535 21300
15 474 474 0 1530017 203970 2340805 21400
15 475 475 0 1537258 204712 2350998 21500
16 477 477 0 1544558 205561 2361126 21600
16 479 479 0 1551635 206351 2371124 21700
16 481 481 0 1558891 207204 2381245 21800
16 482 482 0 1566051 208107 2391568 21900
16 482 482 0 1573270 208973 2401886 22000
16 486 486 0 1580492 209864 2412413 22100
16 487 487 0 1587779 210749 2422933 22200
16 487 487 0 1595163 211634 2433502 22300
16 487 487 0 1602400 212532 2444000 22400
16 487 487 0 1609618 213403 2454392 22500
17 488 488 0 1616874 214389 2464991 22600
17 489 489 0 1624221 215393 2475869 22700
17 490 490 0 1631604 216413 2486793 22800
17 490 490 0 1638878 217428 2497515 22900
17 491 491 0 1646113 218470 2508199 23000
17 492 492 0 1653343 219546 2519089 23100
17 495 495 0 1660782 220717 2530347 23200
18 496 496 0 1668119 221913 2541587 23300
18 499 499 0 1675375 223094 2552933 23400
20 502 502 0 1682870 224290 2564705 23500
20 504 504 0 1690354 225601 2576447 23600
20 505 505 0 1697761 226826 2588373 23700
20 508 508 0 1705242 227943 2600349 23800
20 511 511 0 1712774 229225 2612587 23900
20 513 513 0 1720145 230586 2624927 24000
20 516 516 0 1727716 231900 2637262 24100
20 517 517 0 1735282 233278 2649654 24200
20 520 520 0 1742877 234615 2662053 24300
20 522 522 0 1750412 235911 2674145 24400
20 526 526 0 1757937 237166 2686248 24500
20 527 527 0 1765396 238470 2698293 24600
20 529 529 0 1772842 239684 2710360 24700
20 532 532 0 1780293 240865 2722372 24800
20 534 534 0 1787818 242050 2734512 24900
20 536 536 0 1795335 243176 2746531 25000
20 537 537 0 1802823 244376 2758761 25100
20 540 540 0 1810344 245615 2771073 25200
20 542 542 0 1818065 246916 2783632 25300
20 543 543 0 1825704 248173 2796136 25400
20 544 544 0 1833254 249518 2808708 25500
20 544 544 0 1840944 250748 2821500 25600
20 547 547 0 1848669 252000 2834303 25700
20 547 547 0 1856380 253297 2846991 25800
20 549 549 0 1864127 254521 2859345 25900
20 550 550 0 1871685 255774 2871528 26000
20 551 551 0 1879113 256968 2883468 26100
20 552 552 0 1886581 258169 2895585 26200
20 553 553 0 1894155 259318 2907886 26300
20 554 554 0 1901732 260515 2920238 26400
20 555 555 0 1909279 261640 2932313 26500
20 556 556 0 1916910 262816 2944672 26600
20 557 557 0 1924485 263961 2956866 26700
20 558 558 0 1931961 265123 2968664 26800
20 559 559 0 1939475 266256 2980637 26900
20 559 559 0 1946920 267410 2992742 27000
20 560 560 0 1954438 268564 3005005 27100
20 560 560 0 1962016 269699 3017333 27200
20 560 560 0 1969639 270906 3030079 27300
20 562 562 0 1977281 272062 3042607 27400
20 562 562 0 1985023 273238 3054794 27500
20 564 564 0 1992583 274407 3066556 27600
20 566 566 0 2000048 275523 3078288 27700
20 566 566 0 2007421 276689 3089841 27800
20 566 566 0 2014935 277856 3101537 27900
20 566 566 0 2022312 279088 3113208 28000
20 567 567 0 2029894 280234 3124977 28100
20 567 567 0 2037466 281470 3136806 28200
20 567 567 0 2044806 282708 3148339 28300
20 570 570 0 2052257 283966 3159826 28400
20 571 571 0 2059570 285201 3171045 28500
20 571 571 0 2066915 286373 3182164 28600
20 573 573 0 2074178 287514 3193359 28700
20 574 574 0 2081587 288683 3204968 28800
20 575 575 0 2089054 289895 3216722 28900
20 576 576 0 2096534 291123 3228438 29000
20 577 577 0 2103913 292257 3239753 29100
20 578 578 0 2111355 293418 3251312 29200
20 578 578 0 2118598 294524 3262374 29300
20 578 578 0 2125910 295648 3273486 29400
20 580 580 0 2133225 296773 3284407 29500
20 582 582 0 2140558 297934 3295654 29600
20 584 584 0 2147888 299053 3306834 29700
20 586 586 0 2155301 300152 3318126 29800
20 586 586 0 2162682 301232 3329528 29900
20 587 587 0 2170089 302447 3341274 30000
20 588 588 0 2177522 303567 3352858 30100
20 590 590 0 2184926 304691 3364482 30200
20 592 592 0 2192374 305813 3376192 30300
20 595 595 0 2199866 307027 3388036 30400
20 596 596 0 2207246 308275 3399709 30500
20 597 597 0 2214528 309552 3411251 30600
20 598 598 0 2222040 310818 3423024 30700
20 599 599 0 2229409 312176 3434767 30800
20 599 599 0 2236832 313497 3446292 30900
20 600 600 0 2244297 314767 3457832 31000
20 600 600 0 2251669 316081 3469494 31100
20 602 602 0 2259092 317513 3481433 31200
20 602 602 0 2266477 318953 3493434 31300
20 603 603 0 2274049 320419 3505838 31400
20 604 604 0 2281501 321922 3518183 31500
20 604 604 0 2289049 323512 3530738 31600
20 605 605 0 2296538 325027 3543101 31700
20 605 605 0 2304030 326464 3555302 31800
20 606 606 0 2311468 327884 3567345 31900
20 606 606 0 2319078 329382 3579611 32000
20 607 607 0 2326436 330809 3591425 32100
20 608 608 0 2333880 332287 3603340 32200
21 608 608 0 2341229 333704 3614914 32300
21 609 609 0 2348534 335118 3626152 32400
21 609 609 0 2355811 336487 3637188 32500
22 610 610 0 2362995 337838 3648054 32600
22 611 611 0 2370278 339086 3658941 32700
22 611 611 0 2377595 340404 3669969 32800
23 611 611 0 2384819 341864 3681098 32900
23 613 613 0 2392079 343283 3692422 33000
23 616 616 0 2399324 344576 3703845 33100
23 618 618 0 2406618 345908 3715371 33200
23 618 618 0 2414128 347324 3727230 33300
23 619 619 0 2421573 348698 3738991 33400
23 619 619 0 2428877 350072 3750830 33500
23 619 619 0 2436302 351501 3762970 33600
23 621 621 0 2443728 353009 3775120 33700
23 623 623 0 2451324 354615 3787655 33800
23 623 623 0 2458686 356216 3799935 33900
23 627 627 0 2466256 357821 3812360 34000
23 629 629 0 2473708 359261 3824419 34100
23 629 629 0 2481111 360790 3836620 34200
23 631 631 0 2488498 362339 3848697 34300
23 631 631 0 2496078 363863 3860909 34400
23 633 633 0 2503514 365401 3872934 34500
23 633 633 0 2510957 366879 3885098 34600
23 634 634 0 2518358 368279 3897139 34700
23 635 635 0 2525793 369691 3909250 34800
23 639 639 0 2533143 371107 3921108 34900
23 643 643 0 2540501 372523 3932921 35000
23 645 645 0 2547933 374000 3944965 35100
23 648 648 0 2555335 375437 3957054 35200
23 650 650 0 2562903 376872 3969289 35300
23 651 651 0 2570351 378239 3981318 35400
23 655 655 0 2577804 379484 3993097 35500
23 657 657 0 2585210 380826 4005049 35600
23 658 658 0 2592540 382247 4016956 35700
23 660 660 0 2599977 383686 4028954 35800
23 661 661 0 2607482 385165 4041139 35900
23 661 661 0 2614925 386657 4053276 36000
23 662 662 0 2622379 388121 4065460 36100
23 664 664 0 2629957 389525 4077766 36200
23 665 665 0 2637361 390925 4089979 36300
23 665 665 0 2644862 392377 4102254 36400
23 666 666 0 2652374 393807 4114502 36500
23 668 668 0 2659713 395252 4126592 36600
23 668 668 0 2667245 396617 4138806 36700
23 669 669 0 2674763 398119 4151176 36800
23 670 670 0 2682203 399497 4163275 36900
23 670 670 0 2689718 400860 4175293 37000
23 670 670 0 2697135 402200 4187154 37100
23 671 671 0 2704350 403471 4198562 37200
23 673 673 0 2711828 404680 4210330 37300
23 674 674 0 2719255 405903 4222034 37400
23 676 676 0 2726675 407156 4233906 37500
23 678 678 0 2734119 408412 4245705 37600
23 679 679 0 2741530 409696 4257541 37700
23 681 681 0 2748990 410905 4269168 37800
23 682 682 0 2756408 412194 4280727 37900
23 683 683 0 2763753 413488 4292216 38000
23 684 684 0 2771175 414752 4303699 38100
23 685 685 0 2778490 416020 4315230 38200
23 685 685 0 2785867 417307 4326745 38300
23 686 686 0 2793272 418587 4338530 38400
23 689 689 0 2800693 419846 4350222 38500
23 692 692 0 2808034 421129 4361759 38600
23 692 692 0 2815505 422451 4373710 38700
23 693 693 0 2823004 423683 4385882 38800
23 695 695 0 2830591 424835 4398072 38900
23 696 696 0 2838297 425967 4410414 39000
23 697 697 0 2845857 427057 4422661 39100
23 697 697 0 2853574 428141 4435105 39200
23 699 699 0 2861126 429199 4447356 39300
23 700 700 0 2868857 430240 4459710 39400
23 701 701 0 2876538 431389 4472122 39500
23 703 703 0 2884262 432470 4484753 39600
23 705 705 0 2891866 433352 4497125 39700
23 707 707 0 2899667 434378 4509744 39800
23 707 707 0 2907342 435272 4522177 39900
23 712 712 0 2915074 436162 4534580 40000
23 713 713 0 2922782 437169 4546905 40100
23 714 714 0 2930398 438011 4558726 40200
23 715 715 0 2937845 438828 4570360 40300
23 716 716 0 2945369 439521 4581833 40400
23 717 717 0 2952980 440266 4593531 40500
23 721 721 0 2960408 440917 4604903 40600
23 721 721 0 2967942 441593 4616239 40700
23 723 723 0 2975504 442287 4627469 40800
23 724 724 0 2982865 442988 4638526 40900
23 725 725 0 2990326 443667 4649446 41000
24 725 725 0 2997676 444378 4660301 41100
24 727 727 0 3005081 445103 4671167 41200
24 728 728 0 3012415 445831 4681731 41300
25 730 730 0 3019740 446466 4692249 41400
25 730 730 0 3027057 447119 4702746 41500
25 732 732 0 3034346 447771 4713205 41600
25 733 733 0 3041756 448491 4724003 41700
25 736 736 0 3049033 449246 4734514 41800
25 737 737 0 3056410 449995 4745364 41900
25 737 737 0 3063799 450780 4756268 42000
25 737 737 0 3071059 451576 4767060 42100
25 738 738 0 3078382 452453 4778028 42200
25 739 739 0 3085764 453314 4789043 42300
25 741 741 0 3093075 454108 4800116 42400
25 742 742 0 3100579 454888 4811328 42500
25 742 742 0 3107995 455760 4822586 42600
27 743 743 0 3115359 456703 4834012 42700
27 746 746 0 3122783 457663 4845752 42800
27 747 747 0 3130284 458678 4857455 42900
27 749 749 0 3137845 459610 4869422 43000
27 751 751 0 3145458 460585 4881355 43100
29 752 752 0 3152914 461623 4893145 43200
29 755 755 0 3160344 462654 4904926 43300
29 757 757 0 3167749 463686 4916779 43400
29 760 760 0 3175220 464729 4928685 43500
29 763 763 0 3182749 465808 4940645 43600
29 763 763 0 3190165 466807 4952164 43700
29 765 765 0 3197671 467843 4963879 43800
29 766 766 0 3205126 468874 4975543 43900
29 766 766 0 3212484 469912 4986906 44000
29 766 766 0 3220062 470911 4998384 44100
29 767 767 0 3227407 471918 5009568 44200
29 769 769 0 3234783 472915 5020637 44300
29 770 770 0 3242179 473963 5031702 44400
29 770 770 0 3249551 474926 5042830 44500
29 770 770 0 3256893 475924 5053953 44600
29 770 770 0 3264342 476942 5065224 44700
29 771 771 0 3271642 477918 5076390 44800
29 771 771 0 3279030 478955 5087624 44900
29 772 772 0 3286399 479908 5098654 45000
29 774 774 0 3293828 480936 5109822 45100
29 774 774 0 3301221 482035 5120953 45200
30 775 775 0 3308557 483032 5131824 45300
30 775 775 0 3315872 483916 5142570 45400
31 777 777 0 3323162 484826 5153429 45500
31 777 777 0 3330444 485726 5164486 45600
31 777 777 0 3337839 486658 5175616 45700
31 778 778 0 3345297 487641 5186907 45800
31 778 778 0 3352614 488554 5198229 45900
31 779 779 0 3360097 489479 5209622 46000
32 781 781 0 3367519 490438 5221147 46100
32 782 782 0 3374934 491435 5232699 46200
32 782 782 0 3382342 492477 5244305 46300
32 785 785 0 3389726 493483 5255814 46400
32 791 791 0 3397164 494524 5267350 46500
32 792 792 0 3404615 495603 5278882 46600
32 796 796 0 3412134 496577 5290213 46700
32 800 800 0 3419513 497690 5301667 46800
32 801 801 0 3426909 498763 5312979 46900
32 806 806 0 3434345 499897 5324456 47000
32 807 807 0 3441846 501078 5336173 47100
32 808 808 0 3449288 502149 5348002 47200
32 812 812 0 3456976 503121 5359990 47300
32 813 813 0 3464503 504101 5371695 47400
32 815 815 0 3471971 505064 5383502 47500
32 818 818 0 3479516 506026 5395217 47600
32 821 821 0 3487036 506933 5406687 47700
32 821 821 0 3494423 507897 5418041 47800
32 823 823 0 3501884 508818 5429347 47900
33 824 824 0 3509317 509696 5440403 48000
34 826 826 0 3516643 510582 5451285 48100
34 827 827 0 3523943 511422 5462055 48200
34 827 827 0 3531370 512338 5473014 48300
34 830 830 0 3538685 513286 5483861 48400
34 831 831 0 3545967 514217 5494871 48500
34 832 832 0 3553479 515161 5506138 48600
34 833 833 0 3560917 516064 5517327 48700
34 833 833 0 3568284 516935 5528280 48800
34 833 833 0 3575624 517841 5539324 48900
34 833 833 0 3582865 518731 5550188 49000
34 833 833 0 3590139 519554 5561095 49100
34 834 834 0 3597422 520348 5571925 49200
34 835 835 0 3604797 521160 5583000 49300
34 836 836 0 3612179 522016 5594044 49400
34 838 838 0 3619525 522902 5604943 49500
34 839 839 0 3626885 523806 5615752 49600
34 839 839 0 3634181 524676 5626261 49700
34 840 840 0 3641410 525547 5636772 49800
35 841 841 0 3648627 526394 5647262 49900
35 842 842 0 3655955 527261 5657875 50000
35 842 842 0 3663333 528111 5668535 50100
35 842 842 0 3670680 529023 5679378 50200
35 842 842 0 3678069 529959 5690367 50300
35 842 842 0 3685420 530746 5701116 50400
35 842 842 0 3692851 531609 5712020 50500
35 843 843 0 3700112 532453 5722677 50600
35 843 843 0 3707483 533297 5733392 50700
35 844 844 0 3714749 534130 5744020 50800
35 845 845 0 3722051 534932 5754642 50900
35 845 845 0 3729297 535742 5765114 51000
35 846 846 0 3736570 536603 5775349 51100
35 848 848 0 3743867 537431 5785799 51200
35 849 849 0 3750986 538203 5795987 51300
35 850 850 0 3758219 538985 5806245 51400
36 851 851 0 3765277 539805 5816552 51500
36 852 852 0 3772561 540643 5827241 51600
36 852 852 0 3779811 541457 5837987 51700
36 854 854 0 3787118 542329 5848946 51800
37 855 855 0 3794441 543207 5859808 51900
37 857 857 0 3801771 544128 5870760 52000
37 858 858 0 3809072 545052 5881650 52100
37 858 858 0 3816385 545994 5892464 52200
37 859 859 0 3823715 546887 5903314 52300
37 859 859 0 3830852 547807 5913826 52400
37 863 863 0 3838290 548811 5924915 52500
38 863 863 0 3845542 549819 5935993 52600
38 864 864 0 3852757 550776 5946873 52700
38 864 864 0 3860235 551757 5958125 52800
38 864 864 0 3867547 552805 5969215 52900
38 866 866 0 3874761 553834 5980194 53000
38 867 867 0 3882028 554885 5991020 53100
38 869 869 0 3889288 555912 6001889 53200
39 869 869 0 3896508 556918 6012582 53300
39 869 869 0 3903741 557900 6023551 53400
39 870 870 0 3910985 558961 6034750 53500
39 870 870 0 3918313 560035 6045893 53600
39 871 871 0 3925649 561127 6057180 53700
39 872 872 0 3932862 562134 6068333 53800
39 873 873 0 3940187 563200 6079861 53900
39 875 875 0 3947636 564296 6091448 54000
39 876 876 0 3955107 565430 6103196 54100
39 877 877 0 3962471 566618 6114841 54200
39 878 878 0 3969934 567748 6126415 54300
39 881 881 0 3977374 568850 6138051 54400
39 882 882 0 3984844 570019 6149863 54500
39 884 884 0 3992337 571092 6161492 54600
39 884 884 0 3999684 572206 6172891 54700
39 886 886 0 4007202 573355 6184621 54800
39 887 887 0 4014545 574444 6196117 54900
39 887 887 0 4022061 575532 6207738 55000
39 888 888 0 4029450 576643 6219218 55100
39 888 888 0 4036777 577688 6230348 55200
39 890 890 0 4044179 578750 6241670 55300
39 890 890 0 4051407 579803 6252878 55400
39 890 890 0 4058850 580849 6264284 55500
39 891 891 0 4066143 581891 6275502 55600
39 892 892 0 4073370 582976 6286918 55700
39 892 892 0 4080831 584124 6298498 55800
39 892 892 0 4088267 585301 6310135 55900
39 892 892 0 4095734 586331 6321660 56000
39 892 892 0 4103046 587378 6332954 56100
39 893 893 0 4110611 588368 6344528 56200
39 894 894 0 4118011 589333 6355975 56300
39 897 897 0 4125468 590226 6367221 56400
39 898 898 0 4132834 591144 6378395 56500
39 899 899 0 4140187 592066 6389483 56600
39 900 900 0 4147530 592956 6400370 56700
39 900 900 0 4154805 593804 6411127 56800
39 901 901 0 4162061 594587 6421662 56900
39 902 902 0 4169360 595373 6432115 57000
39 904 904 0 4176657 596288 6442715 57100
39 905 905 0 4183856 597115 6453336 57200
40 906 906 0 4191187 597927 6464124 57300
41 907 907 0 4198443 598719 6474814 57400
41 910 910 0 4205793 599530 6485641 57500
41 911 911 0 4213031 600386 6496262 57600
41 911 911 0 4220450 601212 6507200 57700
41 912 912 0 4227826 602077 6518078 57800
41 913 913 0 4235078 602938 6528724 57900
41 913 913 0 4242502 603817 6539402 58000
41 915 915 0 4249668 604743 6550018 58100
41 915 915 0 4257109 605707 6560863 58200
41 915 915 0 4264405 606622 6571368 58300
41 916 916 0 4271702 607526 6581690 58400
41 916 916 0 4278905 608471 6591992 58500
41 916 916 0 4286126 609465 6602390 58600
41 916 916 0 4293432 610466 6613012 58700
41 917 917 0 4300873 611483 6623902 58800
41 918 918 0 4308199 612528 6634728 58900
41 920 920 0 4315521 613499 6645614 59000
41 921 921 0 4322950 614528 6656657 59100
41 922 922 0 4330319 615540 6667589 59200
41 922 922 0 4337578 616529 6678459 59300
41 922 922 0 4344855 617706 6689371 59400
41 924 924 0 4352318 618814 6700451 59500
42 924 924 0 4359687 619927 6711641 59600
42 925 925 0 4367117 621052 6722976 59700
42 926 926 0 4374526 622274 6734497 59800
42 926 926 0 4381968 623325 6745675 59900
42 926 926 0 4389382 624462 6757044 60000
42 926 926 0 4396784 625622 6768387 60100
42 926 926 0 4404190 626760 6779656 60200
42 927 927 0 4411705 627840 6790973 60300
42 927 927 0 4419041 628912 6802019 60400
42 928 928 0 4426494 629926 6813140 60500
42 928 928 0 4433937 630927 6824280 60600
42 929 929 0 4441241 631912 6835296 60700
42 930 930 0 4448673 632832 6846265 60800
42 932 932 0 4455965 633828 6857148 60900
42 933 933 0 4463363 634786 6867927 61000
42 934 934 0 4470679 635694 6878795 61100
42 934 934 0 4477995 636607 6889614 61200
42 937 937 0 4485452 637522 6900540 61300
42 938 938 0 4492721 638538 6911485 61400
42 938 938 0 4500145 639431 6922484 61500
42 940 940 0 4507435 640397 6933277 61600
43 942 942 0 4514893 641219 6944255 61700
43 943 943 0 4522134 642123 6955035 61800
43 944 944 0 4529631 643095 6966121 61900
43 944 944 0 4537050 644049 6977026 62000
43 945 945 0 4544260 644960 6987539 62100
44 945 945 0 4551645 645958 6998410 62200
44 947 947 0 4558831 646962 7009003 62300
44 948 948 0 4566145 647883 7019713 62400
44 950 950 0 4573438 648815 7030348 62500
44 951 951 0 4580737 649721 7040866 62600
44 953 953 0 4588100 650649 7051423 62700
44 953 953 0 4595320 651565 7061974 62800
44 955 955 0 4602533 652444 7072831 62900
44 956 956 0 4609957 653318 7083832 63000
44 958 958 0 4617353 654236 7095127 63100
44 959 959 0 4624794 655141 7106454 63200
44 961 961 0 4632206 656029 7117548 63300
44 961 961 0 4639735 656935 7128616 63400
44 963 963 0 4647090 657814 7139282 63500
44 964 964 0 4654391 658724 7150107 63600
44 966 966 0 4661643 659653 7160795 63700
44 967 967 0 4669043 660515 7171568 63800
44 967 967 0 4676279 661334 7182098 63900
44 968 968 0 4683495 662272 7192506 64000
44 970 970 0 4690757 663156 7203075 64100
45 971 971 0 4698006 664001 7213494 64200
45 972 972 0 4705282 664880 7224107 64300
45 972 972 0 4712580 665650 7234608 64400
45 972 972 0 4719867 666504 7245184 64500
45 974 974 0 4727247 667385 7255901 64600
46 976 976 0 4734481 668273 7266560 64700
46 979 979 0 4741751 669172 7277488 64800
46 980 980 0 4749169 670085 7288610 64900
46 981 981 0 4756662 671030 7299961 65000
46 983 983 0 4764042 671894 7311027 65100
46 983 983 0 4771563 672808 7322319 65200
46 984 984 0 4778866 673784 7333191 65300
46 985 985 0 4786217 674748 7344023 65400
46 986 986 0 4793530 675811 7355094 65500
46 986 986 0 4800872 676954 7366429 65600
46 987 987 0 4808267 677993 7377759 65700
46 989 989 0 4815609 679044 7389050 65800
46 989 989 0 4822971 680138 7400379 65900
46 989 989 0 4830395 681193 7411877 66000
46 990 990 0 4837917 682220 7423227 66100
46 990 990 0 4845188 683227 7434373 66200
46 992 992 0 4852659 684285 7445589 66300
46 992 992 0 4860053 685348 7456880 66400
46 995 995 0 4867466 686349 7468223 66500
46 995 995 0 4874897 687307 7479576 66600
46 997 997 0 4882225 688267 7490667 66700
46 998 998 0 4889679 689259 7502080 66800
46 999 999 0 4897097 690232 7513312 66900
46 999 999 0 4904480 691251 7524555 67000
46 1002 1002 0 4911854 692276 7535828 67100
46 1004 1004 0 4919053 693289 7547118 67200
46 1006 1006 0 4926525 694356 7558760 67300
46 1007 1007 0 4933896 695433 7570070 67400
46 1012 1012 0 4941308 696493 7581391 67500
46 1015 1015 0 4948682 697605 7592726 67600
46 1016 1016 0 4956069 698715 7604262 67700
46 1021 1021 0 4963517 699765 7615762 67800
46 1021 1021 0 4971015 700857 7627411 67900
46 1022 1022 0 4978643 702008 7639057 68000
46 1023 1023 0 4986018 703180 7650614 68100
46 1023 1023 0 4993438 704255 7662101 68200
46 1024 1024 0 5000901 705360 7673544 68300
46 1024 1024 0 5008248 706462 7684831 68400
47 1025 1025 0 5015637 707532 7696014 68500
47 1026 1026 0 5023028 708598 7707233 68600
47 1028 1028 0 5030452 709595 7718290 68700
47 1029 1029 0 5037903 710659 7729631 68800
47 1030 1030 0 5045260 711671 7741268 68900
47 1033 1033 0 5052868 712696 7753165 69000
47 1035 1035 0 5060461 713635 7764879 69100
47 1035 1035 0 5068027 714706 7776734 69200
47 1038 1038 0 5075488 715747 7788433 69300
47 1038 1038 0 5083048 716886 7800855 69400
47 1039 1039 0 5090662 717975 7813425 69500
47 1040 1040 0 5098508 718945 7826075 69600
47 1042 1042 0 5106189 719960 7838543 69700
47 1044 1044 0 5113866 720955 7850694 69800
47 1045 1045 0 5121446 721939 7862730 69900
47 1045 1045 0 5129028 722843 7874863 70000
47 1047 1047 0 5136528 723851 7886845 70100
47 1049 1049 0 5144182 724780 7898904 70200
47 1051 1051 0 5151622 725639 7910597 70300
47 1054 1054 0 5159083 726643 7922034 70400
47 1059 1059 0 5166504 727483 7933223 70500
47 1061 1061 0 5173781 728320 7944108 70600
47 1062 1062 0 5181112 729220 7955147 70700
47 1065 1065 0 5188559 730100 7966119 70800
47 1066 1066 0 5195669 730972 7976799 70900
47 1069 1069 0 5203015 731801 7987578 71000
47 1069 1069 0 5210236 732698 7998196 71100
47 1070 1070 0 5217542 733623 8009006 71200
47 1070 1070 0 5224908 734415 8019886 71300
47 1071 1071 0 5232232 735257 8030785 71400
47 1075 1075 0 5239568 736107 8041819 71500
47 1077 1077 0 5246978 737013 8053076 71600
47 1078 1078 0 5254393 737852 8064190 71700
47 1078 1078 0 5261818 738727 8075542 71800
47 1081 1081 0 5269049 739607 8086348 71900
47 1083 1083 0 5276440 740494 8097326 72000
47 1083 1083 0 5283817 741442 8108447 72100
47 1084 1084 0 5291042 742391 8119175 72200
47 1084 1084 0 5298419 743354 8129953 72300
47 1085 1085 0 5305654 744249 8140377 72400
47 1085 1085 0 5312822 745149 8150874 72500
47 1085 1085 0 5320008 746069 8161293 72600
47 1086 1086 0 5327266 747002 8171839 72700
47 1086 1086 0 5334457 747954 8182258 72800
47 1086 1086 0 5341726 748878 8192850 72900
47 1088 1088 0 5348933 749723 8203349 73000
47 1089 1089 0 5356119 750704 8213993 73100
47 1091 1091 0 5363365 751716 8224856 73200
47 1091 1091 0 5370621 752661 8235574 73300
47 1091 1091 0 5377877 753550 8246457 73400
47 1091 1091 0 5385224 754484 8257285 73500
47 1092 1092 0 5392559 755473 8268108 73600
47 1092 1092 0 5399801 756499 8278817 73700
47 1092 1092 0 5406989 757383 8289290 73800
47 1092 1092 0 5414355 758370 8299962 73900
47 1092 1092 0 5421483 759287 8310434 74000
47 1092 1092 0 5428711 760179 8321055 74100
47 1093 1093 0 5436005 761112 8331814 74200
48 1096 1096 0 5443262 762147 8342613 74300
49 1097 1097 0 5450482 763178 8353359 74400
49 1099 1099 0 5457710 764192 8364020 74500
49 1101 1101 0 5464962 765205 8374562 74600
49 1102 1102 0 5472185 766219 8384930 74700
49 1102 1102 0 5479399 767246 8395283 74800
49 1103 1103 0 5486565 768249 8405591 74900
49 1103 1103 0 5493771 769283 8416020 75000
49 1103 1103 0 5500971 770373 8426533 75100
50 1104 1104 0 5508333 771466 8437307 75200
50 1104 1104 0 5515546 772502 8447931 75300
51 1104 1104 0 5522863 773480 8458614 75400
51 1106 1106 0 5530069 774491 8469194 75500
51 1108 1108 0 5537312 775538 8480018 75600
51 1109 1109 0 5544728 776642 8491173 75700
51 1110 1110 0 5552101 777729 8502324 75800
51 1112 1112 0 5559388 778864 8513514 75900
51 1114 1114 0 5566857 780013 8524819 76000
51 1114 1114 0 5574132 781131 8535931 76100
51 1115 1115 0 5581360 782310 8547078 76200
51 1116 1116 0 5588791 783586 8558550 76300
51 1117 1117 0 5596093 784867 8569967 76400
51 1118 1118 0 5603659 786061 8581591 76500
51 1120 1120 0 5611017 787329 8593065 76600
51 1120 1120 0 5618431 788588 8604673 76700
51 1121 1121 0 5625753 789898 8616237 76800
51 1122 1122 0 5633259 791072 8627781 76900
51 1124 1124 0 5640678 792251 8639453 77000
51 1124 1124 0 5648273 793551 8651485 77100
51 1124 1124 0 5655863 794801 8663473 77200
51 1126 1126 0 5663154 796007 8675149 77300
52 1126 1126 0 5670725 797201 8687108 77400
52 1126 1126 0 5678251 798443 8699007 77500
53 1127 1127 0 5685639 799590 8710608 77600
53 1127 1127 0 5693206 800721 8722377 77700
53 1128 1128 0 5700567 801839 8733859 77800
54 1129 1129 0 5708008 803135 8745619 77900
54 1132 1132 0 5715387 804377 8757327 78000
56 1132 1132 0 5722945 805638 8769301 78100
56 1133 1133 0 5730410 806772 8781206 78200
56 1134 1134 0 5737975 807872 8792936 78300
56 1134 1134 0 5745457 808980 8804411 78400
57 1135 1135 0 5752908 810004 8815761 78500
57 1136 1136 0 5760213 811024 8827106 78600
57 1137 1137 0 5767717 812056 8838590 78700
57 1138 1138 0 5775127 813095 8850164 78800
57 1140 1140 0 5782513 814191 8861983 78900
57 1143 1143 0 5790031 815187 8873839 79000
57 1143 1143 0 5797559 816113 8885743 79100
57 1146 1146 0 5805099 817099 8897453 79200
57 1147 1147 0 5812541 818100 8909125 79300
57 1149 1149 0 5820001 819173 8920625 79400
58 1151 1151 0 5827320 820055 8931630 79500
58 1152 1152 0 5834789 820996 8942875 79600
58 1153 1153 0 5842159 821829 8953893 79700
58 1156 1156 0 5849623 822651 8964835 79800
58 1160 1160 0 5856832 823587 8975702 79900
58 1161 1161 0 5864156 824345 8986551 80000
58 1162 1162 0 5871553 825152 8997518 80100
58 1163 1163 0 5878833 826022 9008393 80200
59 1165 1165 0 5886317 826914 9019524 80300
59 1166 1166 0 5893648 827783 9030518 80400
59 1168 1168 0 5900924 828691 9041422 80500
59 1169 1169 0 5908190 829626 9052272 80600
59 1171 1171 0 5915476 830589 9063086 80700
59 1173 1173 0 5922653 831471 9073622 80800
60 1174 1174 0 5929971 832365 9084224 80900
60 1176 1176 0 5937286 833279 9094895 81000
60 1177 1177 0 5944570 834160 9105448 81100
61 1179 1179 0 5951783 835045 9115908 81200
61 1179 1179 0 5959067 835969 9126546 81300
61 1179 1179 0 5966331 836890 9137206 81400
61 1179 1179 0 5973694 837787 9147965 81500
61 1179 1179 0 5981097 838698 9158767 81600
61 1179 1179 0 5988451 839609 9169375 81700
61 1181 1181 0 5995731 840415 9179865 81800
61 1184 1184 0 6003089 841272 9190504 81900
61 1186 1186 0 6010334 842141 9201018 82000
61 1188 1188 0 6017631 843053 9211636 82100
61 1189 1189 0 6024867 843930 9222223 82200
62 1191 1191 0 6032162 844844 9232985 82300
62 1194 1194 0 6039419 845770 9243689 82400
63 1195 1195 0 6046611 846768 9254422 82500
63 1197 1197 0 6053823 847758 9265192 82600
64 1197 1197 0 6061219 848732 9276041 82700
64 1198 1198 0 6068463 849659 9286729 82800
64 1199 1199 0 6075796 850605 9297497 82900
65 1202 1202 0 6083059 851542 9308273 83000
65 1203 1203 0 6090312 852458 9319087 83100
65 1204 1204 0 6097674 853427 9330166 83200
65 1204 1204 0 6105029 854398 9341245 83300
65 1205 1205 0 6112280 855430 9352219 83400
65 1206 1206 0 6119692 856412 9363336 83500
65 1208 1208 0 6126864 857402 9374374 83600
65 1210 1210 0 6134205 858390 9385554 83700
65 1211 1211 0 6141630 859419 9396745 83800
65 1213 1213 0 6148960 860412 9407955 83900
65 1215 1215 0 6156258 861355 9419002 84000
65 1215 1215 0 6163676 862308 9430302 84100
65 1218 1218 0 6170984 863321 9441701 84200
65 1218 1218 0 6178445 864343 9453636 84300
65 1218 1218 0 6186052 865384 9465923 84400
65 1219 1219 0 6193688 866452 9478221 84500
65 1220 1220 0 6201416 867545 9490469 84600
65 1220 1220 0 6208981 868592 9502327 84700
65 1221 1221 0 6216562 869570 9514058 84800
65 1221 1221 0 6224011 870637 9525693 84900
65 1221 1221 0 6231521 871681 9537347 85000
65 1224 1224 0 6238924 872716 9549003 85100
66 1228 1228 0 6246601 873712 9560692 85200
66 1228 1228 0 6254068 874720 9572160 85300
66 1229 1229 0 6261614 875793 9583822 85400
67 1230 1230 0 6269040 876870 9595375 85500
67 1230 1230 0 6276645 877946 9607173 85600
67 1230 1230 0 6284282 878922 9618837 85700
67 1233 1233 0 6291658 879969 9630446 85800
67 1235 1235 0 6299200 881090 9642047 85900
67 1235 1235 0 6306696 882208 9653783 86000
67 1236 1236 0 6314204 883284 9665536 86100
67 1237 1237 0 6321733 884319 9677453 86200
67 1237 1237 0 6329374 885438 9689531 86300
67 1238 1238 0 6337008 886565 9701672 86400
67 1239 1239 0 6344534 887793 9713785 86500
67 1241 1241 0 6352058 888940 9725829 86600
67 1245 1245 0 6359520 890109 9737751 86700
67 1245 1245 0 6367137 891179 9749641 86800
67 1247 1247 0 6374641 892264 9761384 86900
67 1247 1247 0 6382162 893315 9773054 87000
67 1247 1247 0 6389456 894373 9784391 87100
67 1247 1247 0 6397048 895393 9796229 87200
67 1248 1248 0 6404632 896377 9808151 87300
67 1249 1249 0 6412214 897373 9820124 87400
67 1249 1249 0 6419731 898410 9831948 87500
67 1250 1250 0 6427207 899381 9843438 87600
67 1252 1252 0 6434640 900355 9854810 87700
67 1252 1252 0 6442166 901275 9866062 87800
67 1254 1254 0 6449313 902234 9876977 87900
67 1254 1254 0 6456875 903211 9888225 88000
67 1256 1256 0 6464108 904088 9899218 88100
67 1258 1258 0 6471474 905007 9910273 88200
68 1259 1259 0 6478831 905900 9921503 88300
68 1261 1261 0 6486209 906887 9932830 88400
68 1266 1266 0 6493704 907886 9944088 88500
68 1266 1266 0 6501108 908813 9955366 88600
68 1270 1270 0 6508662 909804 9967031 88700
68 1272 1272 0 6516128 910767 9978612 88800
68 1275 1275 0 6523709 911807 9990216 88900
68 1277 1277 0 6531226 912768 10001696 89000
68 1278 1278 0 6538700 913802 10013200 89100
68 1279 1279 0 6546133 914824 10024635 89200
68 1279 1279 0 6553498 915892 10035830 89300
68 1280 1280 0 6560803 916938 10047140 89400
68 1283 1283 0 6568269 918006 10058721 89500
68 1285 1285 0 6575674 919091 10070340 89600
68 1288 1288 0 6583194 920131 10082073 89700
68 1288 1288 0 6590697 921242 10093814 89800
68 1290 1290 0 6598173 922349 10105453 89900
68 1293 1293 0 6605506 923462 10116962 90000
68 1295 1295 0 6613042 924616 10128593 90100
68 1296 1296 0 6620359 925790 10140123 90200
68 1296 1296 0 6627836 926977 10151695 90300
68 1298 1298 0 6635298 928091 10163249 90400
68 1299 1299 0 6642706 929271 10174740 90500
68 1300 1300 0 6650184 930459 10186342 90600
68 1300 1300 0 6657728 931592 10197895 90700
68 1301 1301 0 6665099 932659 10209116 90800
68 1302 1302 0 6672511 933737 10220166 90900
68 1302 1302 0 6679834 934709 10230919 91000
68 1302 1302 0 6687228 935750 10241816 91100
68 1303 1303 0 6694622 936759 10252421 91200
68 1303 1303 0 6701920 937687 10262924 91300
68 1304 1304 0 6709155 938643 10273398 91400
68 1304 1304 0 6716412 939646 10284109 91500
68 1304 1304 0 6723766 940586 10294979 91600
68 1305 1305 0 6730984 941575 10305948 91700
68 1305 1305 0 6738378 942543 10316992 91800
68 1307 1307 0 6745668 943477 10327925 91900
68 1309 1309 0 6753151 944472 10339148 92000
68 1309 1309 0 6760445 945526 10350243 92100
68 1309 1309 0 6767626 946591 10361171 92200
68 1309 1309 0 6775065 947609 10372369 92300
68 1309 1309 0 6782261 948593 10383133 92400
68 1309 1309 0 6789618 949666 10394065 92500
68 1309 1309 0 6796761 950671 10404807 92600
68 1309 1309 0 6804144 951714 10415839 92700
68 1309 1309 0 6811490 952806 10426852 92800
68 1311 1311 0 6818710 953911 10437566 92900
68 1312 1312 0 6825967 955039 10448552 93000
68 1312 1312 0 6833199 956212 10459679 93100
68 1314 1314 0 6840642 957472 10471142 93200
68 1314 1314 0 6848029 958717 10482774 93300
68 1315 1315 0 6855421 959981 10494608 93400
69 1315 1315 0 6862953 961294 10506719 93500
69 1317 1317 0 6870518 962638 10519004 93600
69 1319 1319 0 6878004 964081 10531204 93700
69 1319 1319 0 6885473 965480 10543457 93800
69 1319 1319 0 6893001 966917 10555832 93900
69 1320 1320 0 6900479 968311 10567917 94000
69 1321 1321 0 6907979 969603 10580002 94100
69 1323 1323 0 6915343 970869 10591703 94200
70 1325 1325 0 6922776 972124 10603327 94300
70 1326 1326 0 6930118 973306 10614739 94400
70 1326 1326 0 6937348 974479 10626282 94500
70 1329 1329 0 6944654 975724 10637995 94600
70 1331 1331 0 6952139 976932 10649987 94700
70 1332 1332 0 6959565 978134 10662106 94800
70 1333 1333 0 6967001 979396 10674286 94900
70 1333 1333 0 6974640 980643 10686484 95000
70 1333 1333 0 6982100 981876 10698574 95100
70 1335 1335 0 6989552 983106 10710725 95200
70 1336 1336 0 6997106 984380 10723058 95300
70 1336 1336 0 7004646 985687 10735329 95400
70 1338 1338 0 7012156 987027 10747604 95500
70 1338 1338 0 7019622 988366 10759976 95600
70 1339 1339 0 7027161 989703 10772421 95700
70 1339 1339 0 7034815 991113 10785265 95800
70 1340 1340 0 7042392 992524 10797874 95900
70 1343 1343 0 7049994 993923 10810418 96000
70 1345 1345 0 7057428 995228 10822488 96100
70 1346 1346 0 7064961 996579 10834670 96200
71 1349 1349 0 7072273 997879 10846421 96300
71 1350 1350 0 7079693 999178 10858174 96400
71 1352 1352 0 7087095 1000512 10869699 96500
71 1352 1352 0 7094364 1001717 10880970 96600
71 1353 1353 0 7101606 1002937 10892263 96700
71 1353 1353 0 7108874 1004111 10903536 96800
71 1354 1354 0 7116087 1005279 10914797 96900
71 1355 1355 0 7123499 1006392 10926244 97000
71 1356 1356 0 7130818 1007498 10937623 97100
71 1356 1356 0 7138003 1008605 10948886 97200
71 1358 1358 0 7145485 1009722 10960342 97300
71 1358 1358 0 7152883 1010839 10971832 97400
71 1358 1358 0 7160239 1011913 10983312 97500
71 1359 1359 0 7167708 1013019 10995005 97600
71 1359 1359 0 7175149 1014126 11006667 97700
71 1359 1359 0 7182589 1015171 11018345 97800
71 1363 1363 0 7190136 1016107 11029825 97900
71 1363 1363 0 7197594 1017011 11041072 98000
71 1367 1367 0 7205016 1017881 11052132 98100
71 1369 1369 0 7212411 1018829 11063273 98200
71 1372 1372 0 7219779 1019703 11074255 98300
71 1372 1372 0 7227097 1020504 11084965 98400
71 1372 1372 0 7234558 1021292 11095783 98500
71 1375 1375 0 7242008 1022105 11106794 98600
71 1376 1376 0 7249403 1022891 11117840 98700
71 1376 1376 0 7256980 1023741 11129175 98800
71 1376 1376 0 7264401 1024586 11140376 98900
71 1378 1378 0 7271941 1025436 11151848 99000
71 1381 1381 0 7279374 1026250 11163228 99100
71 1382 1382 0 7286861 1027132 11174491 99200
71 1383 1383 0 7294411 1028034 11186245 99300
71 1383 1383 0 7301978 1028950 11198063 99400
71 1387 1387 0 7309427 1029848 11209536 99500
71 1387 1387 0 7317098 1030746 11221355 99600
71 1390 1390 0 7324570 1031673 11232882 99700
71 1390 1390 0 7332015 1032563 11244312 99800
71 1393 1393 0 7339408 1033446 11255631 99900
71 1394 1394 0 7346817 1034355 11266740 100000
71 1395 1395 0 7354354 1035287 11278243 100100
71 1396 1396 0 7361742 1036155 11289530 100200
71 1397 1397 0 7369231 1037154 11301092 100300
71 1399 1399 0 7376678 1038160 11312513 100400
71 1400 1400 0 7384034 1039159 11323823 100500
71 1401 1401 0 7391276 1040173 11334974 100600
71 1401 1401 0 7398688 1041141 11346007 100700
71 1404 1404 0 7406000 1042165 11356977 100800
71 1404 1404 0 7413380 1043129 11367752 100900
71 1405 1405 0 7420659 1044094 11378577 101000
71 1405 1405 0 7428026 1044938 11389453 101100
71 1405 1405 0 7435367 1045894 11400362 101200
71 1407 1407 0 7442737 1046828 11411280 101300
71 1408 1408 0 7450087 1047849 11422198 101400
71 1411 1411 0 7457432 1048748 11433081 101500
71 1413 1413 0 7464780 1049718 11444001 101600
71 1415 1415 0 7472159 1050698 11454904 101700
71 1415 1415 0 7479430 1051689 11465765 101800
71 1416 1416 0 7486915 1052652 11476854 101900
71 1417 1417 0 7494313 1053661 11488068 102000
71 1417 1417 0 7501519 1054552 11498686 102100
71 1418 1418 0 7508727 1055417 11509292 102200
72 1420 1420 0 7516085 1056324 11520250 102300
72 1420 1420 0 7523333 1057260 11531092 102400
73 1421 1421 0 7530612 1058162 11541993 102500
73 1422 1422 0 7537981 1059080 11552970 102600
73 1422 1422 0 7545344 1059936 11563830 102700
73 1422 1422 0 7552722 1060903 11574996 102800
73 1424 1424 0 7560170 1061951 11586324 102900
74 1425 1425 0 7567482 1062945 11597517 103000
74 1426 1426 0 7574880 1063888 11608647 103100
74 1428 1428 0 7582190 1064894 11619797 103200
74 1428 1428 0 7589623 1065852 11631203 103300
74 1428 1428 0 7597054 1066893 11642714 103400
74 1429 1429 0 7604353 1067905 11653963 103500
74 1429 1429 0 7611702 1068883 11665098 103600
74 1430 1430 0 7619200 1069822 11676410 103700
75 1431 1431 0 7626452 1070741 11687388 103800
75 1432 1432 0 7633803 1071677 11698600 103900
75 1432 1432 0 7641233 1072610 11709737 104000
75 1433 1433 0 7648576 1073501 11720862 104100
75 1433 1433 0 7656003 1074336 11732016 104200
75 1433 1433 0 7663463 1075230 11743170 104300
75 1433 1433 0 7670910 1076125 11754246 104400
75 1436 1436 0 7678261 1077054 11765075 104500
75 1437 1437 0 7685586 1077903 11775872 104600
75 1438 1438 0 7693030 1078785 11786836 104700
75 1441 1441 0 7700367 1079662 11797948 104800
75 1442 1442 0 7707770 1080573 11808905 104900
75 1443 1443 0 7715136 1081484 11819945 105000
75 1445 1445 0 7722508 1082382 11830917 105100
75 1445 1445 0 7729793 1083256 11841887 105200
75 1446 1446 0 7737048 1084177 11852928 105300
75 1446 1446 0 7744511 1085100 11864114 105400
75 1446 1446 0 7751841 1086048 11875294 105500
75 1447 1447 0 7759219 1086916 11886513 105600
75 1448 1448 0 7766553 1087800 11897703 105700
75 1448 1448 0 7773873 1088671 11908830 105800
75 1448 1448 0 7781288 1089576 11920064 105900
75 1449 1449 0 7788590 1090440 11930900 106000
75 1449 1449 0 7795853 1091218 11941629 106100
75 1450 1450 0 7803179 1092034 11952407 106200
75 1450 1450 0 7810387 1092808 11962909 106300
75 1452 1452 0 7817700 1093607 11973481 106400
75 1454 1454 0 7824983 1094411 11983993 106500
75 1455 1455 0 7832179 1095254 11994581 106600
75 1455 1455 0 7839412 1096110 12005008 106700
75 1456 1456 0 7846702 1096926 12015560 106800
75 1457 1457 0 7853922 1097793 12026005 106900
75 1457 1457 0 7861170 1098658 12036457 107000
75 1461 1461 0 7868334 1099601 12046887 107100
75 1462 1462 0 7875541 1100520 12057284 107200
75 1463 1463 0 7882765 1101489 12067955 107300
75 1464 1464 0 7890039 1102370 12078346 107400
75 1466 1466 0 7897207 1103420 12088893 107500
75 1466 1466 0 7904513 1104457 12099838 107600
75 1466 1466 0 7911784 1105509 12110707 107700
75 1467 1467 0 7919174 1106529 12121818 107800
75 1467 1467 0 7926476 1107461 12132724 107900
75 1469 1469 0 7933940 1108425 12143967 108000
75 1471 1471 0 7941271 1109470 12155175 108100
75 1471 1471 0 7948668 1110418 12166369 108200
75 1471 1471 0 7956114 1111428 12177789 108300
75 1471 1471 0 7963473 1112370 12188944 108400
75 1471 1471 0 7970929 1113442 12200508 108500
75 1472 1472 0 7978475 1114491 12212182 108600
75 1472 1472 0 7985835 1115532 12223597 108700
75 1473 1473 0 7993251 1116622 12235145 108800
76 1475 1475 0 8000609 1117699 12246637 108900
76 1476 1476 0 8007960 1118771 12258245 109000
76 1476 1476 0 8015544 1119821 12269853 109100
76 1479 1479 0 8022754 1120841 12281043 109200
76 1481 1481 0 8030212 1121901 12292392 109300
77 1484 1484 0 8037569 1123050 12303923 109400
77 1484 1484 0 8044981 1124162 12315355 109500
77 1484 1484 0 8052204 1125224 12326597 109600
78 1486 1486 0 8059622 1126252 12337913 109700
78 1486 1486 0 8066868 1127286 12349078 109800
78 1487 1487 0 8074277 1128318 12360369 109900
78 1489 1489 0 8081754 1129389 12371917 110000
78 1491 1491 0 8089020 1130474 12383238 110100
78 1491 1491 0 8096351 1131517 12394393 110200
78 1493 1493 0 8103682 1132575 12405719 110300
78 1496 1496 0 8110916 1133613 12416656 110400
78 1498 1498 0 8118240 1134609 12427779 110500
78 1499 1499 0 8125589 1135634 12439095 110600
78 1500 1500 0 8133020 1136691 12450297 110700
78 1503 1503 0 8140396 1137745 12461332 110800
78 1505 1505 0 8147677 1138757 12472313 110900
78 1506 1506 0 8155036 1139776 12483405 111000
78 1506 1506 0 8162325 1140804 12494418 111100
78 1506 1506 0 8169678 1141789 12505402 111200
78 1506 1506 0 8177069 1142853 12516585 111300
78 1507 1507 0 8184379 1143870 12527692 111400
78 1507 1507 0 8191792 1144923 12539033 111500
78 1507 1507 0 8199101 1145924 12549950 111600
78 1508 1508 0 8206418 1146904 12561106 111700
78 1508 1508 0 8213785 1147902 12572334 111800
79 1510 1510 0 8221097 1148878 12583507 111900
79 1512 1512 0 8228594 1149886 12595026 112000
79 1512 1512 0 8235942 1150882 12606319 112100
79 1514 1514 0 8243327 1151861 12617692 112200
79 1516 1516 0 8250651 1152925 12629193 112300
79 1516 1516 0 8257954 1153948 12640582 112400
79 1516 1516 0 8265480 1154959 12652057 112500
79 1517 1517 0 8272822 1155915 12663418 112600
79 1517 1517 0 8280210 1156876 12674724 112700
79 1518 1518 0 8287607 1157883 12686118 112800
79 1519 1519 0 8294948 1158896 12697179 112900
79 1520 1520 0 8302319 1159847 12708361 113000
79 1520 1520 0 8309564 1160823 12719488 113100
79 1520 1520 0 8317003 1161694 12730826 113200
79 1522 1522 0 8324466 1162627 12742473 113300
79 1522 1522 0 8331944 1163569 12754070 113400
79 1522 1522 0 8339371 1164392 12765615 113500
80 1524 1524 0 8346874 1165217 12777155 113600
80 1525 1525 0 8354279 1165993 12788547 113700
80 1525 1525 0 8361747 1166780 12799915 113800
80 1528 1528 0 8369134 1167518 12811190 113900
80 1528 1528 0 8376596 1168329 12822502 114000
80 1529 1529 0 8384084 1169084 12833695 114100
80 1529 1529 0 8391328 1169812 12844576 114200
80 1530 1530 0 8398736 1170500 12855407 114300
80 1531 1531 0 8406070 1171261 12866088 114400
80 1534 1534 0 8413384 1171997 12876592 114500
81 1534 1534 0 8420718 1172764 12887175 114600
81 1536 1536 0 8428066 1173523 12897916 114700
81 1537 1537 0 8435364 1174215 12908465 114800
81 1538 1538 0 8442696 1174962 12919094 114900
81 1540 1540 0 8449970 1175731 12929839 115000
81 1543 1543 0 8457313 1176501 12940523 115100
81 1543 1543 0 8464596 1177291 12951212 115200
81 1544 1544 0 8471927 1178102 12961969 115300
81 1545 1545 0 8479279 1178875 12972668 115400
81 1545 1545 0 8486665 1179674 12983441 115500
81 1545 1545 0 8493906 1180599 12994209 115600
81 1545 1545 0 8501234 1181516 13005155 115700
81 1549 1549 0 8508476 1182457 13016255 115800
81 1549 1549 0 8515825 1183374 13027350 115900
81 1549 1549 0 8523213 1184298 13038535 116000
81 1550 1550 0 8530637 1185202 13049855 116100
81 1552 1552 0 8537986 1186109 13061259 116200
81 1554 1554 0 8545356 1187025 13072697 116300
81 1556 1556 0 8552688 1187989 13084214 116400
81 1559 1559 0 8560114 1188992 13095711 116500
81 1560 1560 0 8567503 1190003 13107179 116600
81 1562 1562 0 8574934 1191031 13119048 116700
82 1564 1564 0 8582443 1191980 13131033 116800
82 1564 1564 0 8590171 1192917 13143229 116900
82 1564 1564 0 8597575 1193953 13154825 117000
82 1565 1565 0 8605006 1194935 13166349 117100
82 1565 1565 0 8612604 1195866 13177932 117200
82 1567 1567 0 8619928 1196684 13188960 117300
82 1568 1568 0 8627384 1197511 13200091 117400
83 1571 1571 0 8634585 1198336 13210917 117500
83 1572 1572 0 8641953 1199162 13221868 117600
84 1573 1573 0 8649330 1199953 13232643 117700
84 1574 1574 0 8656742 1200806 13243532 117800
84 1575 1575 0 8664019 1201648 13254326 117900
84 1575 1575 0 8671368 1202461 13265029 118000
84 1576 1576 0 8678660 1203273 13275550 118100
84 1578 1578 0 8685934 1204038 13286021 118200
84 1579 1579 0 8693292 1204825 13296653 118300
84 1582 1582 0 8700509 1205618 13307265 118400
84 1583 1583 0 8707857 1206440 13318117 118500
84 1585 1585 0 8715067 1207190 13328817 118600
84 1586 1586 0 8722494 1207979 13339877 118700
85 1586 1586 0 8730016 1208793 13351057 118800
85 1590 1590 0 8737444 1209683 13362422 118900
85 1590 1590 0 8744866 1210564 13373606 119000
85 1593 1593 0 8752224 1211434 13384868 119100
85 1594 1594 0 8759705 1212265 13396280 119200
85 1594 1594 0 8767189 1213106 13407892 119300
86 1596 1596 0 8774666 1213909 13419405 119400
86 1597 1597 0 8782260 1214743 13431058 119500
86 1598 1598 0 8789902 1215588 13442966 119600
86 1599 1599 0 8797340 1216438 13454592 119700
86 1599 1599 0 8804799 1217302 13466127 119800
86 1600 1600 0 8812248 1218241 13477669 119900
