5 0 0 0 0 0
5 0 0 0 0 100
6 0 0 0 0 200
7 0 0 0 0 300
7 0 0 0 0 400
10 0 0 0 0 500
11 0 0 0 0 600
11 0 0 0 0 700
12 0 0 0 0 800
12 0 0 0 0 900
13 0 0 0 0 1000
16 0 0 0 0 1100
16 0 0 0 0 1200
18 0 0 0 0 1300
21 0 0 0 0 1400
25 0 0 0 0 1500
27 0 0 0 0 1600
29 0 0 0 0 1700
30 0 0 0 0 1800
32 0 1 0 0 1900
33 0 1 0 0 2000
36 0 1 0 0 2100
40 0 1 0 0 2200
45 0 1 0 0 2300
46 0 1 0 0 2400
48 0 2 0 0 2500
48 0 5 0 0 2600
51 0 5 0 0 2700
52 0 5 0 0 2800
54 0 6 0 0 2900
59 0 6 0 0 3000
62 0 7 0 0 3100
67 0 7 0 0 3200
73 0 7 0 0 3300
76 0 8 0 0 3400
82 0 8 0 0 3500
86 0 8 0 0 3600
90 0 8 0 0 3700
92 0 8 0 0 3800
94 0 8 0 0 3900
95 0 8 0 0 4000
98 0 8 0 0 4100
100 0 8 0 0 4200
103 0 8 0 0 4300
104 0 9 0 0 4400
108 0 9 0 0 4500
109 0 9 0 0 4600
111 0 10 0 0 4700
115 0 10 0 0 4800
119 0 10 0 0 4900
120 0 10 0 0 5000
123 0 10 0 0 5100
125 0 10 0 0 5200
130 0 10 0 0 5300
131 0 10 0 0 5400
135 0 10 0 0 5500
139 0 11 0 0 5600
140 0 11 0 0 5700
142 0 12 0 0 5800
143 0 12 0 0 5900
145 0 13 0 0 6000
146 0 14 0 0 6100
149 0 14 0 0 6200
150 0 14 0 0 6300
155 0 15 0 0 6400
156 0 15 0 0 6500
158 0 15 0 0 6600
163 0 15 0 0 6700
164 0 16 0 0 6800
169 0 16 0 0 6900
171 0 16 0 0 7000
174 0 16 0 0 7100
177 0 16 0 0 7200
178 0 16 0 0 7300
185 0 16 0 0 7400
186 0 16 0 0 7500
188 0 17 0 0 7600
190 0 17 0 0 7700
193 0 17 0 0 7800
197 0 18 0 0 7900
200 0 18 0 0 8000
201 0 18 0 0 8100
207 0 18 0 0 8200
210 0 18 0 0 8300
211 0 18 0 0 8400
212 0 18 0 0 8500
213 0 18 0 0 8600
214 0 18 0 0 8700
215 0 19 0 0 8800
217 0 19 0 0 8900
217 0 19 0 0 9000
220 0 20 0 0 9100
224 0 20 0 0 9200
227 0 20 0 0 9300
229 0 21 0 0 9400
231 0 23 0 0 9500
236 0 25 0 0 9600
237 0 25 0 0 9700
238 0 26 0 0 9800
239 0 26 0 0 9900
243 0 26 0 0 10000
244 0 27 0 0 10100
246 0 27 0 0 10200
247 0 27 0 0 10300
249 0 27 0 0 10400
251 0 27 0 0 10500
251 0 27 0 0 10600
253 0 27 0 0 10700
257 0 27 0 0 10800
259 0 27 0 0 10900
262 0 28 0 0 11000
266 0 28 0 0 11100
267 0 28 0 0 11200
272 0 29 0 0 11300
275 0 29 0 0 11400
280 0 29 0 0 11500
283 0 29 0 0 11600
284 0 30 0 0 11700
285 0 30 0 0 11800
286 0 32 0 0 11900
287 0 32 0 0 12000
290 0 32 0 0 12100
291 0 32 0 0 12200
296 0 34 0 0 12300
300 0 34 0 0 12400
301 0 34 0 0 12500
304 0 34 0 0 12600
305 0 34 0 0 12700
307 0 34 0 0 12800
308 0 34 0 0 12900
310 0 34 0 0 13000
312 0 34 0 0 13100
313 0 34 0 0 13200
314 0 35 0 0 13300
320 0 35 0 0 13400
323 0 35 0 0 13500
324 0 36 0 0 13600
326 0 36 0 0 13700
329 0 36 0 0 13800
333 0 36 0 0 13900
334 0 36 0 0 14000
337 0 36 0 0 14100
341 0 36 0 0 14200
344 0 36 0 0 14300
347 0 36 0 0 14400
349 0 36 0 0 14500
351 0 36 0 0 14600
352 0 37 0 0 14700
355 0 37 0 0 14800
357 0 37 0 0 14900
360 0 37 0 0 15000
360 0 37 0 0 15100
361 0 37 0 0 15200
364 0 37 0 0 15300
367 0 37 0 0 15400
369 0 37 0 0 15500
372 0 37 0 0 15600
372 0 37 0 0 15700
374 0 37 0 0 15800
375 0 38 0 0 15900
375 0 38 0 0 16000
377 0 38 0 0 16100
378 0 38 0 0 16200
385 0 39 0 0 16300
385 0 39 0 0 16400
387 0 39 0 0 16500
388 0 39 0 0 16600
389 0 39 0 0 16700
391 0 39 0 0 16800
392 0 39 0 0 16900
394 0 40 0 0 17000
396 0 40 0 0 17100
399 0 40 0 0 17200
401 0 40 0 0 17300
402 0 40 0 0 17400
404 0 40 0 0 17500
405 0 40 0 0 17600
408 0 40 0 0 17700
408 0 40 0 0 17800
410 0 40 0 0 17900
412 0 40 0 0 18000
415 0 40 0 0 18100
415 0 40 0 0 18200
418 0 40 0 0 18300
420 0 40 0 0 18400
421 0 40 0 0 18500
424 0 40 0 0 18600
424 0 40 0 0 18700
424 0 40 0 0 18800
425 0 40 0 0 18900
425 0 40 0 0 19000
426 0 40 0 0 19100
429 0 40 0 0 19200
431 0 40 0 0 19300
432 0 40 0 0 19400
435 0 40 0 0 19500
435 0 40 0 0 19600
438 0 40 0 0 19700
439 0 40 0 0 19800
439 0 41 0 0 19900
444 0 41 0 0 20000
446 0 41 0 0 20100
447 0 41 0 0 20200
448 0 42 0 0 20300
449 0 42 0 0 20400
451 0 42 0 0 20500
453 0 42 0 0 20600
453 0 42 0 0 20700
455 0 42 0 0 20800
458 0 42 0 0 20900
459 0 42 0 0 21000
463 0 42 0 0 21100
465 0 43 0 0 21200
467 0 43 0 0 21300
471 0 43 0 0 21400
473 0 43 0 0 21500
474 0 43 0 0 21600
476 0 43 0 0 21700
477 0 43 0 0 21800
478 0 43 0 0 21900
481 0 43 0 0 22000
482 0 43 0 0 22100
482 0 43 0 0 22200
483 0 43 0 0 22300
483 0 43 0 0 22400
485 0 43 0 0 22500
485 0 43 0 0 22600
486 0 43 0 0 22700
488 0 43 0 0 22800
489 0 43 0 0 22900
491 0 43 0 0 23000
492 0 43 0 0 23100
495 0 43 0 0 23200
495 0 43 0 0 23300
495 0 43 0 0 23400
497 0 43 0 0 23500
500 0 43 0 0 23600
502 0 43 0 0 23700
503 0 43 0 0 23800
504 0 43 0 0 23900
505 0 43 0 0 24000
505 0 44 0 0 24100
505 0 44 0 0 24200
506 0 44 0 0 24300
506 0 44 0 0 24400
506 0 44 0 0 24500
507 0 44 0 0 24600
508 0 44 0 0 24700
509 0 44 0 0 24800
509 0 44 0 0 24900
510 0 44 0 0 25000
511 0 44 0 0 25100
512 0 44 0 0 25200
516 0 44 0 0 25300
517 0 45 0 0 25400
519 0 45 0 0 25500
521 0 45 0 0 25600
521 0 45 0 0 25700
522 0 45 0 0 25800
522 0 46 0 0 25900
525 0 46 0 0 26000
526 0 46 0 0 26100
528 0 46 0 0 26200
530 0 46 0 0 26300
530 0 46 0 0 26400
531 0 46 0 0 26500
531 0 46 0 0 26600
534 0 46 0 0 26700
536 0 46 0 0 26800
536 0 46 0 0 26900
537 0 46 0 0 27000
538 0 46 0 0 27100
540 0 46 0 0 27200
541 0 46 0 0 27300
544 0 46 0 0 27400
545 0 46 0 0 27500
547 0 46 0 0 27600
549 0 46 0 0 27700
549 0 46 0 0 27800
549 0 46 0 0 27900
550 1 46 0 0 28000
552 1 46 0 0 28100
552 1 46 0 0 28200
553 1 46 0 0 28300
554 1 46 0 0 28400
557 1 47 0 0 28500
560 1 47 0 0 28600
560 1 47 0 0 28700
560 1 48 0 0 28800
560 1 48 0 0 28900
561 1 48 0 0 29000
563 1 49 0 0 29100
565 1 49 0 0 29200
568 1 50 0 0 29300
569 1 50 0 0 29400
572 1 50 0 0 29500
574 1 51 0 0 29600
575 1 51 0 0 29700
578 1 51 0 0 29800
579 1 51 0 0 29900
582 1 51 0 0 30000
584 1 51 0 0 30100
585 1 51 0 0 30200
587 1 51 0 0 30300
587 1 51 0 0 30400
589 1 51 0 0 30500
593 1 51 0 0 30600
593 1 52 0 0 30700
596 1 52 0 0 30800
596 1 52 0 0 30900
597 1 52 0 0 31000
599 1 52 0 0 31100
599 1 52 0 0 31200
599 1 52 0 0 31300
600 1 52 0 0 31400
602 1 52 0 0 31500
604 1 52 0 0 31600
606 1 52 0 0 31700
608 1 53 0 0 31800
609 1 53 0 0 31900
612 1 53 0 0 32000
613 1 53 0 0 32100
614 1 53 0 0 32200
615 1 54 0 0 32300
616 1 54 0 0 32400
618 1 54 0 0 32500
620 1 55 0 0 32600
621 1 55 0 0 32700
623 1 55 0 0 32800
625 1 55 0 0 32900
627 1 55 0 0 33000
630 1 55 0 0 33100
630 1 55 0 0 33200
630 1 55 0 0 33300
632 1 55 0 0 33400
632 1 55 0 0 33500
635 1 55 0 0 33600
637 1 55 0 0 33700
640 1 55 0 0 33800
641 1 55 0 0 33900
644 1 55 0 0 34000
645 1 55 0 0 34100
647 1 55 0 0 34200
647 1 55 0 0 34300
648 1 55 0 0 34400
648 1 55 0 0 34500
648 1 55 0 0 34600
649 1 55 0 0 34700
651 1 55 0 0 34800
651 1 55 0 0 34900
652 1 55 0 0 35000
653 1 56 0 0 35100
655 1 56 0 0 35200
656 1 56 0 0 35300
657 1 56 0 0 35400
658 1 56 0 0 35500
659 1 56 0 0 35600
660 1 56 0 0 35700
660 1 56 0 0 35800
661 1 56 0 0 35900
664 1 56 0 0 36000
664 1 56 0 0 36100
665 1 56 0 0 36200
668 1 56 0 0 36300
671 1 56 0 0 36400
672 1 56 0 0 36500
672 1 56 0 0 36600
674 1 56 0 0 36700
675 1 56 0 0 36800
675 1 56 0 0 36900
677 1 56 0 0 37000
678 1 56 0 0 37100
678 1 56 0 0 37200
679 1 56 0 0 37300
680 1 56 0 0 37400
680 1 56 0 0 37500
680 1 56 0 0 37600
682 1 56 0 0 37700
684 1 56 0 0 37800
685 1 56 0 0 37900
686 1 56 0 0 38000
687 1 56 0 0 38100
691 1 56 0 0 38200
692 1 56 0 0 38300
694 1 56 0 0 38400
694 2 56 0 0 38500
696 2 56 0 0 38600
697 2 56 0 0 38700
699 2 56 0 0 38800
699 2 57 0 0 38900
699 2 57 0 0 39000
700 2 57 0 0 39100
702 2 57 0 0 39200
702 2 57 0 0 39300
702 2 57 0 0 39400
705 2 57 0 0 39500
707 2 57 0 0 39600
710 2 57 0 0 39700
712 2 57 0 0 39800
714 2 57 0 0 39900
714 2 57 0 0 40000
717 2 57 0 0 40100
718 2 57 0 0 40200
719 2 57 0 0 40300
723 2 58 0 0 40400
723 2 58 0 0 40500
724 2 58 0 0 40600
726 2 58 0 0 40700
728 2 58 0 0 40800
729 2 58 0 0 40900
730 2 58 0 0 41000
732 2 58 0 0 41100
734 2 58 0 0 41200
735 2 59 0 0 41300
736 2 59 0 0 41400
736 2 60 0 0 41500
737 2 60 0 0 41600
738 2 60 0 0 41700
739 2 60 0 0 41800
739 2 60 0 0 41900
740 2 60 0 0 42000
740 2 60 0 0 42100
742 2 60 0 0 42200
745 2 62 0 0 42300
745 2 62 0 0 42400
745 2 62 0 0 42500
747 2 64 0 0 42600
748 2 64 0 0 42700
749 2 65 0 0 42800
752 2 65 0 0 42900
756 2 66 0 0 43000
757 2 67 0 0 43100
758 2 68 0 0 43200
759 2 68 0 0 43300
759 2 68 0 0 43400
761 2 69 0 0 43500
763 2 69 0 0 43600
766 2 70 0 0 43700
767 2 70 0 0 43800
767 2 70 0 0 43900
767 2 70 0 0 44000
768 2 70 0 0 44100
770 2 71 0 0 44200
772 2 71 0 0 44300
772 2 71 0 0 44400
775 2 73 0 0 44500
776 2 73 0 0 44600
776 2 73 0 0 44700
777 2 74 0 0 44800
777 2 74 0 0 44900
778 2 74 0 0 45000
778 2 74 0 0 45100
781 2 74 0 0 45200
782 2 74 0 0 45300
783 2 74 0 0 45400
784 2 74 0 0 45500
784 2 74 0 0 45600
784 2 74 0 0 45700
787 2 74 0 0 45800
788 2 74 0 0 45900
790 2 75 0 0 46000
791 2 75 0 0 46100
792 2 75 0 0 46200
793 2 75 0 0 46300
794 2 75 0 0 46400
795 2 75 0 0 46500
796 2 75 0 0 46600
796 2 75 0 0 46700
796 2 76 0 0 46800
796 2 76 0 0 46900
797 2 76 0 0 47000
797 2 76 0 0 47100
799 2 76 0 0 47200
801 2 76 0 0 47300
801 2 76 0 0 47400
803 2 76 0 0 47500
804 2 76 0 0 47600
805 2 76 0 0 47700
806 2 76 0 0 47800
806 2 77 0 0 47900
808 2 77 0 0 48000
808 2 77 0 0 48100
809 2 78 0 0 48200
811 2 78 0 0 48300
811 2 78 0 0 48400
813 2 78 0 0 48500
814 2 78 0 0 48600
814 2 78 0 0 48700
816 2 78 0 0 48800
816 2 78 0 0 48900
818 2 79 0 0 49000
818 2 79 0 0 49100
820 2 79 0 0 49200
820 2 79 0 0 49300
820 2 79 0 0 49400
820 2 80 0 0 49500
821 2 80 0 0 49600
822 3 81 0 0 49700
823 3 81 0 0 49800
824 3 81 0 0 49900
825 3 81 0 0 50000
825 3 81 0 0 50100
825 3 81 0 0 50200
828 3 81 0 0 50300
828 3 81 0 0 50400
830 3 81 0 0 50500
831 3 81 0 0 50600
834 3 81 0 0 50700
835 3 81 0 0 50800
837 3 81 0 0 50900
838 3 81 0 0 51000
842 3 81 0 0 51100
844 3 81 0 0 51200
844 3 82 0 0 51300
847 3 82 0 0 51400
848 3 82 0 0 51500
851 3 82 0 0 51600
851 3 82 0 0 51700
853 3 82 0 0 51800
854 3 83 0 0 51900
854 3 83 0 0 52000
854 3 84 0 0 52100
854 3 84 0 0 52200
855 3 84 0 0 52300
855 3 84 0 0 52400
856 3 84 0 0 52500
856 3 84 0 0 52600
857 3 84 0 0 52700
858 3 84 0 0 52800
858 3 84 0 0 52900
860 3 84 0 0 53000
861 3 84 0 0 53100
861 3 86 0 0 53200
863 3 86 0 0 53300
865 3 86 0 0 53400
865 3 86 0 0 53500
866 3 86 0 0 53600
867 3 86 0 0 53700
869 3 86 0 0 53800
870 3 86 0 0 53900
871 3 86 0 0 54000
871 3 86 0 0 54100
874 3 86 0 0 54200
875 3 86 0 0 54300
877 3 86 0 0 54400
877 3 86 0 0 54500
879 3 86 0 0 54600
880 3 86 0 0 54700
880 3 86 0 0 54800
881 3 86 0 0 54900
881 3 86 0 0 55000
882 3 86 0 0 55100
883 3 86 0 0 55200
885 3 86 0 0 55300
885 3 86 0 0 55400
886 3 86 0 0 55500
887 3 86 0 0 55600
888 3 86 0 0 55700
892 3 86 0 0 55800
894 3 86 0 0 55900
896 3 86 0 0 56000
898 3 87 0 0 56100
898 3 87 0 0 56200
899 3 88 0 0 56300
899 3 88 0 0 56400
901 3 88 0 0 56500
902 3 88 0 0 56600
902 3 89 0 0 56700
903 3 89 0 0 56800
905 3 89 0 0 56900
905 3 89 0 0 57000
905 3 89 0 0 57100
907 3 90 0 0 57200
909 3 90 0 0 57300
911 3 91 0 0 57400
911 3 91 0 0 57500
914 3 91 0 0 57600
915 3 91 0 0 57700
916 3 91 0 0 57800
918 3 92 0 0 57900
920 3 92 0 0 58000
920 3 92 0 0 58100
923 3 93 0 0 58200
924 3 93 0 0 58300
925 3 93 0 0 58400
926 3 93 0 0 58500
927 3 93 0 0 58600
928 3 93 0 0 58700
931 3 93 0 0 58800
931 3 93 0 0 58900
931 3 94 0 0 59000
931 3 96 0 0 59100
933 3 96 0 0 59200
933 3 96 0 0 59300
934 3 97 0 0 59400
934 3 98 0 0 59500
936 3 98 0 0 59600
936 3 99 0 0 59700
937 3 99 0 0 59800
937 3 99 0 0 59900
937 3 100 0 0 60000
938 3 100 0 0 60100
938 3 100 0 0 60200
939 3 100 0 0 60300
941 3 100 0 0 60400
944 3 100 0 0 60500
945 3 100 0 0 60600
946 3 101 0 0 60700
947 3 101 0 0 60800
950 3 101 0 0 60900
951 3 101 0 0 61000
951 3 102 0 0 61100
952 3 103 0 0 61200
952 3 103 0 0 61300
952 3 103 0 0 61400
954 3 104 0 0 61500
955 3 104 0 0 61600
957 3 104 0 0 61700
958 3 104 0 0 61800
958 3 104 0 0 61900
959 3 104 0 0 62000
959 3 104 0 0 62100
960 3 104 0 0 62200
962 3 104 0 0 62300
962 3 104 0 0 62400
962 3 104 0 0 62500
963 3 104 0 0 62600
964 3 104 0 0 62700
966 3 104 0 0 62800
968 3 104 0 0 62900
969 3 104 0 0 63000
970 3 104 0 0 63100
970 3 104 0 0 63200
970 3 104 0 0 63300
974 3 104 0 0 63400
976 3 104 0 0 63500
976 3 104 0 0 63600
977 3 104 0 0 63700
979 3 104 0 0 63800
983 3 104 0 0 63900
983 3 104 0 0 64000
983 3 104 0 0 64100
986 3 104 0 0 64200
986 3 104 0 0 64300
986 3 105 0 0 64400
986 3 105 0 0 64500
986 3 105 0 0 64600
989 3 105 0 0 64700
989 3 105 0 0 64800
989 3 105 0 0 64900
990 3 105 0 0 65000
990 3 105 0 0 65100
991 3 105 0 0 65200
993 3 105 0 0 65300
993 3 105 0 0 65400
995 3 105 0 0 65500
996 3 105 0 0 65600
997 3 105 0 0 65700
999 3 105 0 0 65800
1000 3 105 0 0 65900
1003 3 105 0 0 66000
1004 3 105 0 0 66100
1006 3 105 0 0 66200
1006 3 105 0 0 66300
1006 3 105 0 0 66400
1008 3 105 0 0 66500
1008 3 105 0 0 66600
1008 3 105 0 0 66700
1008 3 105 0 0 66800
1009 3 105 0 0 66900
1010 3 105 0 0 67000
1010 3 105 0 0 67100
1010 3 105 0 0 67200
1012 3 105 0 0 67300
1014 3 105 0 0 67400
1015 3 105 0 0 67500
1017 3 105 0 0 67600
1017 3 105 0 0 67700
1018 3 105 0 0 67800
1018 3 105 0 0 67900
1020 3 105 0 0 68000
1021 3 105 0 0 68100
1023 3 105 0 0 68200
1023 3 105 0 0 68300
1026 3 105 0 0 68400
1026 3 106 0 0 68500
1028 3 106 0 0 68600
1029 3 106 0 0 68700
1030 3 106 0 0 68800
1032 3 106 0 0 68900
1033 3 106 0 0 69000
1034 3 106 0 0 69100
1037 3 106 0 0 69200
1038 3 106 0 0 69300
1040 3 106 0 0 69400
1040 3 106 0 0 69500
1041 3 106 0 0 69600
1042 3 106 0 0 69700
1044 3 106 0 0 69800
1044 3 106 0 0 69900
1045 3 106 0 0 70000
1047 3 106 0 0 70100
1047 3 106 0 0 70200
1048 3 106 0 0 70300
1049 3 106 0 0 70400
1051 3 106 0 0 70500
1053 3 106 0 0 70600
1056 3 106 0 0 70700
1060 3 106 0 0 70800
1060 3 106 0 0 70900
1063 3 106 0 0 71000
1064 3 106 0 0 71100
1064 3 106 0 0 71200
1064 3 107 0 0 71300
1064 3 107 0 0 71400
1066 3 107 0 0 71500
1069 3 107 0 0 71600
1069 3 108 0 0 71700
1070 3 108 0 0 71800
1070 3 108 0 0 71900
1071 3 108 0 0 72000
1071 3 108 0 0 72100
1072 3 108 0 0 72200
1072 3 108 0 0 72300
1073 3 108 0 0 72400
1073 3 108 0 0 72500
1073 3 108 0 0 72600
1074 3 108 0 0 72700
1074 3 109 0 0 72800
1077 3 110 0 0 72900
1077 3 110 0 0 73000
1079 3 111 0 0 73100
1079 3 111 0 0 73200
1079 3 111 0 0 73300
1080 3 111 0 0 73400
1082 3 111 0 0 73500
1083 3 111 0 0 73600
1085 3 111 0 0 73700
1087 3 111 0 0 73800
1090 3 111 0 0 73900
1092 3 111 0 0 74000
1094 3 111 0 0 74100
1095 3 111 0 0 74200
1097 3 111 0 0 74300
1098 3 111 0 0 74400
1099 3 111 0 0 74500
1100 3 111 0 0 74600
1101 3 111 0 0 74700
1102 3 112 0 0 74800
1103 3 112 0 0 74900
1103 3 112 0 0 75000
1103 3 112 0 0 75100
1104 3 112 0 0 75200
1107 3 112 0 0 75300
1107 3 112 0 0 75400
1108 3 112 0 0 75500
1108 4 112 0 0 75600
1108 4 112 0 0 75700
1109 4 112 0 0 75800
1110 4 112 0 0 75900
1112 4 112 0 0 76000
1113 4 112 0 0 76100
1115 4 112 0 0 76200
1119 4 112 0 0 76300
1119 4 113 0 0 76400
1120 4 113 0 0 76500
1121 4 113 0 0 76600
1122 4 113 0 0 76700
1123 4 113 0 0 76800
1123 4 113 0 0 76900
1124 4 113 0 0 77000
1124 4 113 0 0 77100
1127 4 113 0 0 77200
1129 4 113 0 0 77300
1129 4 113 0 0 77400
1132 4 113 0 0 77500
1135 4 113 0 0 77600
1136 4 113 0 0 77700
1136 4 113 0 0 77800
1136 4 113 0 0 77900
1137 4 113 0 0 78000
1138 4 114 0 0 78100
1140 4 114 0 0 78200
1144 4 114 0 0 78300
1145 4 114 0 0 78400
1147 4 115 0 0 78500
1151 4 115 0 0 78600
1152 5 115 0 0 78700
1154 5 115 0 0 78800
1154 5 115 0 0 78900
1155 5 115 0 0 79000
1156 5 115 0 0 79100
1156 5 115 0 0 79200
1158 5 115 0 0 79300
1158 5 115 0 0 79400
1161 5 115 0 0 79500
1162 6 115 0 0 79600
1162 6 115 0 0 79700
1163 6 115 0 0 79800
1164 6 115 0 0 79900
1165 6 115 0 0 80000
1166 6 116 0 0 80100
1169 6 116 0 0 80200
1170 6 116 0 0 80300
1171 6 116 0 0 80400
1173 6 116 0 0 80500
1173 6 116 0 0 80600
1174 6 116 0 0 80700
1177 6 116 0 0 80800
1180 6 116 0 0 80900
1182 7 116 0 0 81000
1183 7 116 0 0 81100
1184 7 116 0 0 81200
1184 7 116 0 0 81300
1184 7 117 0 0 81400
1186 7 117 0 0 81500
1188 7 117 0 0 81600
1188 7 117 0 0 81700
1188 8 117 0 0 81800
1189 8 117 0 0 81900
1190 8 119 0 0 82000
1192 8 119 0 0 82100
1192 8 119 0 0 82200
1192 8 119 0 0 82300
1193 8 119 0 0 82400
1196 8 119 0 0 82500
1199 8 119 0 0 82600
1201 8 119 0 0 82700
1204 8 119 0 0 82800
1205 9 119 0 0 82900
1208 9 119 0 0 83000
1210 9 119 0 0 83100
1211 9 119 0 0 83200
1211 9 119 0 0 83300
1212 9 120 0 0 83400
1213 9 120 0 0 83500
1215 9 120 0 0 83600
1216 9 120 0 0 83700
1216 9 120 0 0 83800
1218 9 120 0 0 83900
1219 9 120 0 0 84000
1222 9 120 0 0 84100
1223 9 120 0 0 84200
1227 9 120 0 0 84300
1227 9 121 0 0 84400
1228 9 122 0 0 84500
1228 9 122 0 0 84600
1230 9 122 0 0 84700
1230 9 122 0 0 84800
1231 9 122 0 0 84900
1232 9 122 0 0 85000
1233 9 122 0 0 85100
1234 9 122 0 0 85200
1235 9 122 0 0 85300
1235 9 122 0 0 85400
1235 9 122 0 0 85500
1237 9 122 0 0 85600
1238 9 122 0 0 85700
1239 9 122 0 0 85800
1241 9 122 0 0 85900
1242 9 122 0 0 86000
1245 9 122 0 0 86100
1245 9 122 0 0 86200
1247 9 122 0 0 86300
1249 9 122 0 0 86400
1251 9 122 0 0 86500
1256 9 122 0 0 86600
1257 9 122 0 0 86700
1259 9 122 0 0 86800
1259 9 122 0 0 86900
1259 9 124 0 0 87000
1259 9 124 0 0 87100
1259 9 124 0 0 87200
1260 9 124 0 0 87300
1262 9 124 0 0 87400
1263 9 124 0 0 87500
1265 9 124 0 0 87600
1266 9 124 0 0 87700
1267 9 124 0 0 87800
1269 9 124 0 0 87900
1271 9 124 0 0 88000
1273 9 124 0 0 88100
1275 9 124 0 0 88200
1276 9 124 0 0 88300
1278 9 125 0 0 88400
1283 9 125 0 0 88500
1287 9 125 0 0 88600
1291 9 125 0 0 88700
1293 9 125 0 0 88800
1294 9 126 0 0 88900
1296 9 126 0 0 89000
1298 9 126 0 0 89100
1303 9 127 0 0 89200
1303 9 128 0 0 89300
1306 9 129 0 0 89400
1309 9 129 0 0 89500
1309 9 129 0 0 89600
1309 9 129 0 0 89700
1311 9 129 0 0 89800
1311 9 129 0 0 89900
1316 9 129 0 0 90000
1316 9 129 0 0 90100
1318 9 129 0 0 90200
1318 9 129 0 0 90300
1320 9 129 0 0 90400
1322 9 130 0 0 90500
1325 9 131 0 0 90600
1327 10 131 0 0 90700
1328 10 131 0 0 90800
1330 10 131 0 0 90900
1330 10 131 0 0 91000
1330 10 131 0 0 91100
1331 10 131 0 0 91200
1331 10 131 0 0 91300
1333 10 131 0 0 91400
1335 10 131 0 0 91500
1338 10 131 0 0 91600
1339 10 131 0 0 91700
1342 10 131 0 0 91800
1342 11 131 0 0 91900
1345 11 131 0 0 92000
1346 11 131 0 0 92100
1346 11 131 0 0 92200
1346 11 131 0 0 92300
1346 11 131 0 0 92400
1347 11 131 0 0 92500
1348 11 131 0 0 92600
1348 11 131 0 0 92700
1349 11 132 0 0 92800
1351 11 132 0 0 92900
1351 11 132 0 0 93000
1352 11 132 0 0 93100
1354 11 132 0 0 93200
1356 11 132 0 0 93300
1356 11 132 0 0 93400
1357 11 132 0 0 93500
1357 11 132 0 0 93600
1358 11 132 0 0 93700
1360 11 132 0 0 93800
1360 11 133 0 0 93900
1361 11 133 0 0 94000
1361 11 133 0 0 94100
1361 11 133 0 0 94200
1363 11 133 0 0 94300
1365 11 133 0 0 94400
1366 11 133 0 0 94500
1366 11 133 0 0 94600
1368 11 133 0 0 94700
1372 11 133 0 0 94800
1373 11 133 0 0 94900
1373 11 133 0 0 95000
1376 11 133 0 0 95100
1377 11 133 0 0 95200
1379 11 133 0 0 95300
1380 11 133 0 0 95400
1383 11 133 0 0 95500
1386 11 134 0 0 95600
1388 11 134 0 0 95700
1390 11 134 0 0 95800
1391 11 134 0 0 95900
1391 11 134 0 0 96000
1395 11 134 0 0 96100
1397 11 134 0 0 96200
1400 11 134 0 0 96300
1402 11 134 0 0 96400
1402 11 134 0 0 96500
1404 11 134 0 0 96600
1404 11 134 0 0 96700
1405 11 134 0 0 96800
1407 11 135 0 0 96900
1410 11 136 0 0 97000
1412 11 136 0 0 97100
1415 11 137 0 0 97200
1415 11 137 0 0 97300
1416 11 137 0 0 97400
1417 11 137 0 0 97500
1418 11 137 0 0 97600
1420 11 137 0 0 97700
1421 11 137 0 0 97800
1421 11 137 0 0 97900
1423 11 137 0 0 98000
1423 11 137 0 0 98100
1424 11 137 0 0 98200
1427 11 137 0 0 98300
1428 11 137 0 0 98400
1428 11 137 0 0 98500
1429 11 137 0 0 98600
1430 11 137 0 0 98700
1432 11 137 0 0 98800
1433 11 137 0 0 98900
1435 11 137 0 0 99000
1436 11 137 0 0 99100
1437 11 138 0 0 99200
1437 11 138 0 0 99300
1437 11 138 0 0 99400
1439 11 138 0 0 99500
1439 11 138 0 0 99600
1441 11 138 0 0 99700
1441 11 138 0 0 99800
1441 11 138 0 0 99900
1442 11 138 0 0 100000
1442 11 138 0 0 100100
1442 11 138 0 0 100200
1442 11 138 0 0 100300
1442 11 138 0 0 100400
1443 11 139 0 0 100500
1444 11 139 0 0 100600
1444 11 139 0 0 100700
1447 11 139 0 0 100800
1448 11 139 0 0 100900
1452 11 140 0 0 101000
1452 11 140 0 0 101100
1453 11 141 0 0 101200
1453 11 141 0 0 101300
1453 11 141 0 0 101400
1454 11 142 0 0 101500
1454 11 142 0 0 101600
1454 11 142 0 0 101700
1454 11 142 0 0 101800
1457 11 142 0 0 101900
1457 11 142 0 0 102000
1457 11 142 0 0 102100
1457 11 142 0 0 102200
1458 11 142 0 0 102300
1458 11 142 0 0 102400
1459 11 142 0 0 102500
1461 11 142 0 0 102600
1466 11 142 0 0 102700
1467 11 142 0 0 102800
1467 11 142 0 0 102900
1469 11 142 0 0 103000
1469 11 143 0 0 103100
1469 11 143 0 0 103200
1470 11 143 0 0 103300
1470 11 144 0 0 103400
1472 11 144 0 0 103500
1472 11 144 0 0 103600
1473 11 145 0 0 103700
1475 11 145 0 0 103800
1477 11 145 0 0 103900
1477 12 145 0 0 104000
1478 12 146 0 0 104100
1478 12 147 0 0 104200
1480 12 147 0 0 104300
1483 12 148 0 0 104400
1485 12 148 0 0 104500
1486 12 148 0 0 104600
1486 12 148 0 0 104700
1489 12 148 0 0 104800
1491 13 148 0 0 104900
1493 13 148 0 0 105000
1493 13 148 0 0 105100
1495 13 148 0 0 105200
1495 14 148 0 0 105300
1498 14 148 0 0 105400
1499 14 148 0 0 105500
1500 14 148 0 0 105600
1503 14 148 0 0 105700
1503 14 148 0 0 105800
1503 14 148 0 0 105900
1503 14 148 0 0 106000
1503 14 148 0 0 106100
1505 14 148 0 0 106200
1507 14 149 0 0 106300
1508 14 149 0 0 106400
1509 14 149 0 0 106500
1510 14 149 0 0 106600
1511 14 149 0 0 106700
1513 14 149 0 0 106800
1513 14 149 0 0 106900
1514 14 150 0 0 107000
1516 14 150 0 0 107100
1517 14 150 0 0 107200
1518 14 150 0 0 107300
1521 14 150 0 0 107400
1525 14 150 0 0 107500
1525 14 150 0 0 107600
1527 14 150 0 0 107700
1528 14 150 0 0 107800
1530 14 150 0 0 107900
1531 14 150 0 0 108000
1531 14 150 0 0 108100
1533 14 150 0 0 108200
1535 14 150 0 0 108300
1536 14 150 0 0 108400
1538 14 150 0 0 108500
1539 14 150 0 0 108600
1539 14 150 0 0 108700
1541 14 150 0 0 108800
1542 14 150 0 0 108900
1543 14 150 0 0 109000
1544 14 150 0 0 109100
1546 14 150 0 0 109200
1548 14 150 0 0 109300
1549 14 150 0 0 109400
1549 14 150 0 0 109500
1551 14 151 0 0 109600
1551 14 151 0 0 109700
1552 14 151 0 0 109800
1553 14 151 0 0 109900
1553 14 151 0 0 110000
1556 14 151 0 0 110100
1556 14 151 0 0 110200
1558 14 151 0 0 110300
1559 14 151 0 0 110400
1560 14 151 0 0 110500
1560 14 151 0 0 110600
1560 14 151 0 0 110700
1561 14 151 0 0 110800
1563 14 151 0 0 110900
1563 14 151 0 0 111000
1563 14 152 0 0 111100
1564 14 152 0 0 111200
1564 14 153 0 0 111300
1566 14 153 0 0 111400
1568 14 153 0 0 111500
1568 14 153 0 0 111600
1570 14 153 0 0 111700
1571 14 153 0 0 111800
1572 14 153 0 0 111900
1573 14 153 0 0 112000
1576 14 153 0 0 112100
1577 14 153 0 0 112200
1578 14 153 0 0 112300
1579 14 153 0 0 112400
1580 14 153 0 0 112500
1580 14 153 0 0 112600
1583 14 153 0 0 112700
1585 14 153 0 0 112800
1586 14 153 0 0 112900
1587 14 153 0 0 113000
1588 14 153 0 0 113100
1589 14 153 0 0 113200
1590 14 153 0 0 113300
1593 14 153 0 0 113400
1594 14 153 0 0 113500
1598 14 153 0 0 113600
1600 14 154 0 0 113700
1600 14 154 0 0 113800
1602 14 154 0 0 113900
1602 14 154 0 0 114000
1603 14 154 0 0 114100
1605 14 154 0 0 114200
1606 14 154 0 0 114300
1607 14 154 0 0 114400
1608 14 154 0 0 114500
1609 14 154 0 0 114600
1609 14 154 0 0 114700
1611 14 154 0 0 114800
1612 14 154 0 0 114900
1615 15 154 0 0 115000
1617 15 155 0 0 115100
1618 15 155 0 0 115200
1619 15 155 0 0 115300
1619 15 155 0 0 115400
1621 15 155 0 0 115500
1621 16 155 0 0 115600
1622 16 155 0 0 115700
1623 16 155 0 0 115800
1624 16 155 0 0 115900
1626 16 156 0 0 116000
1626 16 156 0 0 116100
1626 16 156 0 0 116200
1627 16 156 0 0 116300
1628 16 156 0 0 116400
1629 16 156 0 0 116500
1631 16 156 0 0 116600
1631 16 156 0 0 116700
1632 16 156 0 0 116800
1633 16 156 0 0 116900
1633 16 157 0 0 117000
1636 16 157 0 0 117100
1636 16 157 0 0 117200
1637 16 157 0 0 117300
1638 16 157 0 0 117400
1639 16 157 0 0 117500
1641 16 157 0 0 117600
1643 16 157 0 0 117700
1643 16 157 0 0 117800
1644 16 157 0 0 117900
1645 16 157 0 0 118000
1647 16 157 0 0 118100
1648 16 157 0 0 118200
1649 16 157 0 0 118300
1650 16 157 0 0 118400
1651 16 157 0 0 118500
1652 16 157 0 0 118600
1655 16 157 0 0 118700
1656 16 157 0 0 118800
1659 16 157 0 0 118900
1662 17 157 0 0 119000
1664 17 157 0 0 119100
1664 17 157 0 0 119200
1666 18 157 0 0 119300
1666 18 157 0 0 119400
1668 18 157 0 0 119500
1669 18 157 0 0 119600
1670 18 157 0 0 119700
1671 18 157 0 0 119800
1671 18 157 0 0 119900
1674 18 158 0 0 120000
1674 18 158 0 0 120100
1677 18 158 0 0 120200
1678 18 158 0 0 120300
1679 18 159 0 0 120400
1679 18 159 0 0 120500
1679 18 159 0 0 120600
1679 18 159 0 0 120700
1680 18 159 0 0 120800
1680 18 160 0 0 120900
1680 18 160 0 0 121000
1682 18 161 0 0 121100
1683 18 161 0 0 121200
1683 18 161 0 0 121300
1685 18 161 0 0 121400
1685 18 161 0 0 121500
1687 18 161 0 0 121600
1689 18 161 0 0 121700
1689 18 161 0 0 121800
1690 18 161 0 0 121900
1693 18 161 0 0 122000
1694 18 161 0 0 122100
1696 18 161 0 0 122200
1696 18 161 0 0 122300
1698 18 161 0 0 122400
1698 18 161 0 0 122500
1699 18 161 0 0 122600
1699 18 161 0 0 122700
1702 18 161 0 0 122800
1702 18 161 0 0 122900
1704 18 162 0 0 123000
1704 18 162 0 0 123100
1704 18 162 0 0 123200
1706 18 162 0 0 123300
1707 18 162 0 0 123400
1710 18 162 0 0 123500
1712 18 162 0 0 123600
1712 18 162 0 0 123700
1713 18 162 0 0 123800
1713 18 162 0 0 123900
1713 18 162 0 0 124000
1714 18 162 0 0 124100
1714 18 162 0 0 124200
1714 18 162 0 0 124300
1715 18 162 0 0 124400
1716 18 162 0 0 124500
1719 18 162 0 0 124600
1721 18 163 0 0 124700
1722 18 163 0 0 124800
1722 18 163 0 0 124900
1725 18 163 0 0 125000
1725 18 164 0 0 125100
1727 18 164 0 0 125200
1727 18 164 0 0 125300
1728 18 164 0 0 125400
1728 18 165 0 0 125500
1729 18 165 0 0 125600
1729 18 165 0 0 125700
1729 18 165 0 0 125800
1731 18 165 0 0 125900
1732 18 165 0 0 126000
1732 18 165 0 0 126100
1736 18 165 0 0 126200
1736 18 165 0 0 126300
1738 18 165 0 0 126400
1740 18 165 0 0 126500
1742 18 165 0 0 126600
1742 19 165 0 0 126700
1743 19 165 0 0 126800
1747 19 165 0 0 126900
1749 19 165 0 0 127000
1754 19 165 0 0 127100
1754 19 165 0 0 127200
1756 19 166 0 0 127300
1756 19 167 0 0 127400
1756 19 167 0 0 127500
1757 19 167 0 0 127600
1758 19 167 0 0 127700
1759 19 167 0 0 127800
1760 19 167 0 0 127900
1761 19 167 0 0 128000
1761 19 167 0 0 128100
1761 19 167 0 0 128200
1761 19 167 0 0 128300
1762 19 167 0 0 128400
1762 19 167 0 0 128500
1763 19 167 0 0 128600
1763 19 167 0 0 128700
1767 19 167 0 0 128800
1768 19 167 0 0 128900
1770 19 168 0 0 129000
1771 19 168 0 0 129100
1771 19 168 0 0 129200
1771 19 169 0 0 129300
1772 19 169 0 0 129400
1774 19 170 0 0 129500
1774 19 170 0 0 129600
1774 19 170 0 0 129700
1777 19 171 0 0 129800
1777 19 171 0 0 129900
1777 19 171 0 0 130000
1777 19 171 0 0 130100
1777 19 171 0 0 130200
1778 19 171 0 0 130300
1779 19 171 0 0 130400
1779 19 171 0 0 130500
1781 19 171 0 0 130600
1781 19 173 0 0 130700
1782 19 175 0 0 130800
1782 19 175 0 0 130900
1782 19 175 0 0 131000
1783 19 175 0 0 131100
1783 19 175 0 0 131200
1783 19 175 0 0 131300
1783 19 175 0 0 131400
1784 19 175 0 0 131500
1785 19 175 0 0 131600
1785 19 175 0 0 131700
1785 19 175 0 0 131800
1786 19 175 0 0 131900
1788 19 175 0 0 132000
1788 19 175 0 0 132100
1793 19 175 0 0 132200
1793 19 175 0 0 132300
1795 19 175 0 0 132400
1798 19 175 0 0 132500
1799 19 175 0 0 132600
1799 19 175 0 0 132700
1800 19 175 0 0 132800
1802 19 175 0 0 132900
1804 19 175 0 0 133000
1807 19 175 0 0 133100
1810 19 175 0 0 133200
1812 19 176 0 0 133300
1813 19 176 0 0 133400
1815 19 176 0 0 133500
1819 19 176 0 0 133600
1820 19 176 0 0 133700
1820 19 176 0 0 133800
1823 19 176 0 0 133900
1823 19 176 0 0 134000
1825 19 176 0 0 134100
1828 19 176 0 0 134200
1828 19 176 0 0 134300
1828 19 176 0 0 134400
1829 19 176 0 0 134500
1829 19 176 0 0 134600
1832 19 176 0 0 134700
1832 19 176 0 0 134800
1836 19 176 0 0 134900
1838 19 176 0 0 135000
1839 19 176 0 0 135100
1839 19 176 0 0 135200
1840 19 177 0 0 135300
1842 19 177 0 0 135400
1843 19 178 0 0 135500
1846 19 178 0 0 135600
1846 19 178 0 0 135700
1849 19 178 0 0 135800
1849 19 178 0 0 135900
1851 19 178 0 0 136000
1851 19 178 0 0 136100
1854 19 178 0 0 136200
1854 19 178 0 0 136300
1855 19 178 0 0 136400
1855 19 178 0 0 136500
1856 19 178 0 0 136600
1858 19 178 0 0 136700
1859 19 178 0 0 136800
1861 19 178 0 0 136900
1862 19 178 0 0 137000
1862 19 178 0 0 137100
1863 19 178 0 0 137200
1864 19 178 0 0 137300
1864 19 178 0 0 137400
1865 19 178 0 0 137500
1865 19 178 0 0 137600
1867 19 178 0 0 137700
1868 19 178 0 0 137800
1869 19 178 0 0 137900
1870 19 178 0 0 138000
1871 19 178 0 0 138100
1871 19 178 0 0 138200
1871 19 178 0 0 138300
1873 19 178 0 0 138400
1874 19 178 0 0 138500
1874 19 178 0 0 138600
1874 19 178 0 0 138700
1874 19 178 0 0 138800
1876 19 178 0 0 138900
1876 19 178 0 0 139000
1876 19 178 0 0 139100
1878 19 178 0 0 139200
1878 19 178 0 0 139300
1878 19 178 0 0 139400
1879 19 178 0 0 139500
1879 19 178 0 0 139600
1879 19 178 0 0 139700
1883 19 178 0 0 139800
1884 19 178 0 0 139900
1885 19 178 0 0 140000
1885 19 178 0 0 140100
1885 19 178 0 0 140200
1885 19 178 0 0 140300
1887 19 178 0 0 140400
1887 19 178 0 0 140500
1889 19 178 0 0 140600
1891 19 178 0 0 140700
1891 19 178 0 0 140800
1892 19 179 0 0 140900
1894 19 179 0 0 141000
1896 19 179 0 0 141100
1896 19 180 0 0 141200
1896 19 180 0 0 141300
1898 19 180 0 0 141400
1898 19 180 0 0 141500
1898 19 180 0 0 141600
1899 19 180 0 0 141700
1902 19 180 0 0 141800
1902 19 180 0 0 141900
1902 19 180 0 0 142000
1904 19 180 0 0 142100
1905 19 181 0 0 142200
1906 19 181 0 0 142300
1908 19 183 0 0 142400
1909 19 183 0 0 142500
1910 19 183 0 0 142600
1910 19 184 0 0 142700
1911 19 184 0 0 142800
1911 19 184 0 0 142900
1912 19 185 0 0 143000
1914 19 185 0 0 143100
1914 19 185 0 0 143200
1915 19 186 0 0 143300
1915 19 186 0 0 143400
1917 19 186 0 0 143500
1919 19 186 0 0 143600
1919 19 187 0 0 143700
1921 19 187 0 0 143800
1922 19 188 0 0 143900
1922 19 189 0 0 144000
1923 19 189 0 0 144100
1924 19 189 0 0 144200
1925 19 189 0 0 144300
1927 19 189 0 0 144400
1927 19 190 0 0 144500
1929 19 190 0 0 144600
1931 19 190 0 0 144700
1931 19 190 0 0 144800
1931 19 190 0 0 144900
1933 19 190 0 0 145000
1933 19 190 0 0 145100
1933 19 190 0 0 145200
1933 19 190 0 0 145300
1934 19 190 0 0 145400
1934 19 190 0 0 145500
1937 19 190 0 0 145600
1938 19 190 0 0 145700
1939 19 190 0 0 145800
1942 19 190 0 0 145900
1944 19 190 0 0 146000
1946 19 190 0 0 146100
1947 19 190 0 0 146200
1949 19 190 0 0 146300
1951 19 190 0 0 146400
1951 19 190 0 0 146500
1951 19 190 0 0 146600
1952 19 190 0 0 146700
1953 19 190 0 0 146800
1953 19 190 0 0 146900
1955 19 190 0 0 147000
1955 19 190 0 0 147100
1955 19 190 0 0 147200
1957 19 190 0 0 147300
1960 19 190 0 0 147400
1961 19 190 0 0 147500
1962 19 190 0 0 147600
1962 19 191 0 0 147700
1962 19 191 0 0 147800
1964 19 191 0 0 147900
1965 19 191 0 0 148000
1969 19 191 0 0 148100
1969 19 192 0 0 148200
1971 19 193 0 0 148300
1972 19 193 0 0 148400
1972 19 193 0 0 148500
1975 19 193 0 0 148600
1976 19 193 0 0 148700
1977 19 193 0 0 148800
1980 19 194 0 0 148900
1983 19 194 0 0 149000
1983 19 194 0 0 149100
1985 19 194 0 0 149200
1985 19 194 0 0 149300
1986 19 195 0 0 149400
1986 19 195 0 0 149500
1987 19 195 0 0 149600
1988 19 196 0 0 149700
1988 19 196 0 0 149800
1988 19 196 0 0 149900
1989 19 196 0 0 150000
1989 19 196 0 0 150100
1990 19 196 0 0 150200
1990 19 196 0 0 150300
1992 19 196 0 0 150400
1992 19 196 0 0 150500
1992 19 196 0 0 150600
1993 19 196 0 0 150700
1996 19 196 0 0 150800
1996 19 196 0 0 150900
1997 19 196 0 0 151000
1997 19 196 0 0 151100
1997 19 196 0 0 151200
1998 19 196 0 0 151300
1999 19 196 0 0 151400
2002 19 196 0 0 151500
2004 19 196 0 0 151600
2005 19 196 0 0 151700
2006 19 196 0 0 151800
2008 20 196 0 0 151900
2008 20 196 0 0 152000
2008 20 196 0 0 152100
2009 20 196 0 0 152200
2010 20 196 0 0 152300
2010 20 197 0 0 152400
2011 20 197 0 0 152500
2011 20 198 0 0 152600
2012 20 198 0 0 152700
2014 20 198 0 0 152800
2014 20 199 0 0 152900
2017 20 199 0 0 153000
2017 20 200 0 0 153100
2017 20 201 0 0 153200
2018 20 201 0 0 153300
2020 20 202 0 0 153400
2021 20 203 0 0 153500
2022 20 204 0 0 153600
2022 20 204 0 0 153700
2023 20 205 0 0 153800
2024 20 205 0 0 153900
2027 20 205 0 0 154000
2030 20 205 0 0 154100
2034 20 205 0 0 154200
2036 20 205 0 0 154300
2039 20 205 0 0 154400
2041 20 205 0 0 154500
2042 20 205 0 0 154600
2042 20 205 0 0 154700
2044 20 205 0 0 154800
2044 20 205 0 0 154900
2045 20 205 0 0 155000
2045 20 205 0 0 155100
2047 20 205 0 0 155200
2049 20 205 0 0 155300
2051 20 205 0 0 155400
2052 20 205 0 0 155500
2052 20 205 0 0 155600
2054 20 205 0 0 155700
2055 20 205 0 0 155800
2057 20 205 0 0 155900
2057 20 206 0 0 156000
2057 20 206 0 0 156100
2057 20 206 0 0 156200
2058 20 206 0 0 156300
2058 20 206 0 0 156400
2059 20 206 0 0 156500
2059 20 206 0 0 156600
2059 20 206 0 0 156700
2060 20 206 0 0 156800
2063 20 206 0 0 156900
2064 20 206 0 0 157000
2064 20 206 0 0 157100
2065 20 206 0 0 157200
2068 20 206 0 0 157300
2068 20 206 0 0 157400
2069 20 206 0 0 157500
2073 20 206 0 0 157600
2076 20 206 0 0 157700
2076 20 206 0 0 157800
2077 20 206 0 0 157900
2077 20 206 0 0 158000
2078 20 206 0 0 158100
2079 20 206 0 0 158200
2080 20 206 0 0 158300
2081 20 207 0 0 158400
2081 20 207 0 0 158500
2083 20 208 0 0 158600
2084 20 208 0 0 158700
2085 20 208 0 0 158800
2086 20 208 0 0 158900
2087 20 209 0 0 159000
2087 20 209 0 0 159100
2087 20 209 0 0 159200
2087 20 209 0 0 159300
2087 20 209 0 0 159400
2087 20 209 0 0 159500
2087 20 209 0 0 159600
2090 20 209 0 0 159700
2090 20 209 0 0 159800
2091 20 209 0 0 159900
2095 20 209 0 0 160000
2096 20 209 0 0 160100
2098 20 209 0 0 160200
2098 20 209 0 0 160300
2098 20 209 0 0 160400
2100 20 209 0 0 160500
2100 20 209 0 0 160600
2101 20 209 0 0 160700
2104 20 209 0 0 160800
2106 20 209 0 0 160900
2108 20 209 0 0 161000
2109 20 209 0 0 161100
2112 20 209 0 0 161200
2113 20 209 0 0 161300
2114 20 209 0 0 161400
2116 20 209 0 0 161500
2117 20 209 0 0 161600
2118 20 209 0 0 161700
2118 20 210 0 0 161800
2118 20 210 0 0 161900
2118 20 210 0 0 162000
2118 20 210 0 0 162100
2119 20 210 0 0 162200
2120 20 211 0 0 162300
2120 20 211 0 0 162400
2121 20 211 0 0 162500
2122 20 211 0 0 162600
2123 20 212 0 0 162700
2123 20 212 0 0 162800
2124 20 212 0 0 162900
2125 20 212 0 0 163000
2127 20 212 0 0 163100
2127 20 212 0 0 163200
2129 20 212 0 0 163300
2130 20 213 0 0 163400
2132 20 213 0 0 163500
2135 20 214 0 0 163600
2136 20 214 0 0 163700
2137 20 214 0 0 163800
2139 20 214 0 0 163900
2140 20 214 0 0 164000
2141 20 214 0 0 164100
2141 20 214 0 0 164200
2141 20 214 0 0 164300
2141 20 214 0 0 164400
2141 20 214 0 0 164500
2142 20 214 0 0 164600
2142 20 214 0 0 164700
2144 20 214 0 0 164800
2145 20 214 0 0 164900
2147 20 214 0 0 165000
2149 20 214 0 0 165100
2150 20 214 0 0 165200
2152 20 214 0 0 165300
2155 20 214 0 0 165400
2156 20 214 0 0 165500
2156 20 214 0 0 165600
2157 20 214 0 0 165700
2158 20 214 0 0 165800
2159 20 214 0 0 165900
2160 20 214 0 0 166000
2162 20 214 0 0 166100
2162 20 214 0 0 166200
2162 20 214 0 0 166300
2162 20 214 0 0 166400
2162 20 214 0 0 166500
2162 20 214 0 0 166600
2162 20 214 0 0 166700
2162 20 214 0 0 166800
2162 20 214 0 0 166900
2162 20 214 0 0 167000
2163 20 214 0 0 167100
2165 20 214 0 0 167200
2165 20 214 0 0 167300
2167 20 214 0 0 167400
2169 20 215 0 0 167500
2171 20 215 0 0 167600
2173 20 215 0 0 167700
2173 20 216 0 0 167800
2173 20 216 0 0 167900
2175 20 216 0 0 168000
2175 20 217 0 0 168100
2175 20 217 0 0 168200
2177 20 217 0 0 168300
2177 20 218 0 0 168400
2178 20 219 0 0 168500
2178 20 220 0 0 168600
2180 20 220 0 0 168700
2181 20 220 0 0 168800
2182 20 220 0 0 168900
2182 20 220 0 0 169000
2183 20 220 0 0 169100
2184 20 220 0 0 169200
2184 20 221 0 0 169300
2186 20 221 0 0 169400
2186 20 221 0 0 169500
2187 20 221 0 0 169600
2188 20 221 0 0 169700
2188 20 221 0 0 169800
2188 20 221 0 0 169900
2188 20 221 0 0 170000
2188 20 221 0 0 170100
2189 20 222 0 0 170200
2190 20 222 0 0 170300
2190 20 222 0 0 170400
2192 20 222 0 0 170500
2193 20 222 0 0 170600
2197 20 222 0 0 170700
2197 20 222 0 0 170800
2197 20 222 0 0 170900
2200 20 222 0 0 171000
2200 20 222 0 0 171100
2201 20 222 0 0 171200
2203 20 222 0 0 171300
2204 20 223 0 0 171400
2205 21 223 0 0 171500
2207 21 225 0 0 171600
2208 21 225 0 0 171700
2208 21 225 0 0 171800
2209 21 225 0 0 171900
2210 21 225 0 0 172000
2212 21 225 0 0 172100
2213 21 225 0 0 172200
2213 21 225 0 0 172300
2213 21 226 0 0 172400
2213 21 226 0 0 172500
2214 21 226 0 0 172600
2217 21 226 0 0 172700
2219 21 226 0 0 172800
2219 21 226 0 0 172900
2220 21 226 0 0 173000
2222 21 226 0 0 173100
2222 21 226 0 0 173200
2223 21 226 0 0 173300
2223 21 226 0 0 173400
2223 21 226 0 0 173500
2223 21 226 0 0 173600
2223 21 226 0 0 173700
2223 21 226 0 0 173800
2224 21 226 0 0 173900
2225 21 226 0 0 174000
2226 21 226 0 0 174100
2229 21 226 0 0 174200
2229 21 226 0 0 174300
2229 21 226 0 0 174400
2229 21 226 0 0 174500
2231 21 226 0 0 174600
2232 21 226 0 0 174700
2232 21 226 0 0 174800
2233 21 226 0 0 174900
2236 21 226 0 0 175000
2236 21 226 0 0 175100
2236 21 226 0 0 175200
2237 21 226 0 0 175300
2237 21 226 0 0 175400
2238 21 226 0 0 175500
2242 21 226 0 0 175600
2243 21 226 0 0 175700
2243 21 226 0 0 175800
2243 21 226 0 0 175900
2244 21 226 0 0 176000
2246 21 226 0 0 176100
2248 21 226 0 0 176200
2250 21 226 0 0 176300
2253 21 226 0 0 176400
2254 21 226 0 0 176500
2256 21 226 0 0 176600
2256 21 226 0 0 176700
2257 21 226 0 0 176800
2257 21 226 0 0 176900
2257 21 226 0 0 177000
2258 21 226 0 0 177100
2259 21 226 0 0 177200
2260 21 227 0 0 177300
2260 21 228 0 0 177400
2260 21 228 0 0 177500
2260 21 228 0 0 177600
2261 21 228 0 0 177700
2263 21 228 0 0 177800
2263 21 228 0 0 177900
2264 21 228 0 0 178000
2265 21 228 0 0 178100
2266 21 228 0 0 178200
2267 21 229 0 0 178300
2268 21 229 0 0 178400
2270 21 229 0 0 178500
2271 21 229 0 0 178600
2272 21 229 0 0 178700
2272 21 229 0 0 178800
2273 21 229 0 0 178900
2276 21 229 0 0 179000
2276 21 229 0 0 179100
2278 21 229 0 0 179200
2280 21 229 0 0 179300
2280 21 229 0 0 179400
2282 21 229 0 0 179500
2282 21 229 0 0 179600
2283 21 229 0 0 179700
2284 21 229 0 0 179800
2284 21 229 0 0 179900
2287 21 229 0 0 180000
2289 21 229 0 0 180100
2292 21 229 0 0 180200
2294 21 229 0 0 180300
2295 21 229 0 0 180400
2296 21 230 0 0 180500
2296 21 230 0 0 180600
2296 21 230 0 0 180700
2296 21 231 0 0 180800
2298 21 232 0 0 180900
2298 21 232 0 0 181000
2301 21 233 0 0 181100
2302 21 233 0 0 181200
2306 21 233 0 0 181300
2306 21 233 0 0 181400
2311 21 233 0 0 181500
2311 21 233 0 0 181600
2313 21 233 0 0 181700
2313 21 234 0 0 181800
2315 21 234 0 0 181900
2315 21 234 0 0 182000
2316 21 234 0 0 182100
2320 21 234 0 0 182200
2320 21 234 0 0 182300
2323 21 234 0 0 182400
2325 21 234 0 0 182500
2326 21 234 0 0 182600
2326 21 234 0 0 182700
2329 21 234 0 0 182800
2331 21 234 0 0 182900
2333 21 234 0 0 183000
2334 21 234 0 0 183100
2336 21 234 0 0 183200
2336 21 234 0 0 183300
2338 21 234 0 0 183400
2341 21 234 0 0 183500
2342 21 234 0 0 183600
2343 21 234 0 0 183700
2344 21 234 0 0 183800
2344 21 234 0 0 183900
2346 21 234 0 0 184000
2349 21 234 0 0 184100
2349 21 234 0 0 184200
2349 21 234 0 0 184300
2351 21 234 0 0 184400
2352 21 234 0 0 184500
2352 21 234 0 0 184600
2352 21 234 0 0 184700
2352 21 234 0 0 184800
2353 21 234 0 0 184900
2353 21 234 0 0 185000
2353 21 234 0 0 185100
2354 21 234 0 0 185200
2354 21 234 0 0 185300
2357 21 234 0 0 185400
2359 21 234 0 0 185500
2360 21 234 0 0 185600
2362 21 234 0 0 185700
2363 21 234 0 0 185800
2366 21 234 0 0 185900
2368 21 234 0 0 186000
2370 21 234 0 0 186100
2371 21 234 0 0 186200
2373 21 234 0 0 186300
2375 21 234 0 0 186400
2378 21 234 0 0 186500
2380 21 234 0 0 186600
2384 21 234 0 0 186700
2385 21 234 0 0 186800
2386 21 234 0 0 186900
2390 21 235 0 0 187000
2392 21 235 0 0 187100
2396 21 235 0 0 187200
2396 21 235 0 0 187300
2398 21 236 0 0 187400
2399 21 236 0 0 187500
2400 21 236 0 0 187600
2401 21 236 0 0 187700
2403 21 236 0 0 187800
2404 21 236 0 0 187900
2404 21 236 0 0 188000
2407 21 236 0 0 188100
2407 21 236 0 0 188200
2408 21 237 0 0 188300
2410 21 237 0 0 188400
2410 21 237 0 0 188500
2411 21 237 0 0 188600
2412 21 237 0 0 188700
2412 21 237 0 0 188800
2416 21 238 0 0 188900
2419 21 238 0 0 189000
2419 21 238 0 0 189100
2420 21 238 0 0 189200
2422 21 238 0 0 189300
2422 21 238 0 0 189400
2425 21 238 0 0 189500
2426 21 238 0 0 189600
2427 21 238 0 0 189700
2427 21 238 0 0 189800
2427 21 238 0 0 189900
2427 21 238 0 0 190000
2427 21 238 0 0 190100
2428 21 238 0 0 190200
2428 21 238 0 0 190300
2431 21 239 0 0 190400
2431 21 239 0 0 190500
2432 21 240 0 0 190600
2433 21 240 0 0 190700
2434 21 240 0 0 190800
2435 21 240 0 0 190900
2438 21 240 0 0 191000
2440 21 240 0 0 191100
2441 21 240 0 0 191200
2441 21 240 0 0 191300
2443 21 240 0 0 191400
2444 21 240 0 0 191500
2445 21 240 0 0 191600
2447 22 240 0 0 191700
2449 22 240 0 0 191800
2451 22 240 0 0 191900
2452 22 240 0 0 192000
2455 22 240 0 0 192100
2455 22 240 0 0 192200
2455 22 241 0 0 192300
2457 22 241 0 0 192400
2459 22 241 0 0 192500
2460 22 241 0 0 192600
2461 22 241 0 0 192700
2461 22 241 0 0 192800
2462 22 241 0 0 192900
2462 22 241 0 0 193000
2463 22 241 0 0 193100
2464 22 241 0 0 193200
2464 22 241 0 0 193300
2465 22 241 0 0 193400
2465 22 241 0 0 193500
2466 23 241 0 0 193600
2467 23 241 0 0 193700
2467 23 241 0 0 193800
2467 23 241 0 0 193900
2467 23 241 0 0 194000
2467 23 241 0 0 194100
2468 23 241 0 0 194200
2468 23 241 0 0 194300
2470 23 241 0 0 194400
2470 23 241 0 0 194500
2474 23 241 0 0 194600
2474 23 241 0 0 194700
2474 23 241 0 0 194800
2477 23 241 0 0 194900
2478 23 241 0 0 195000
2479 23 241 0 0 195100
2481 23 241 0 0 195200
2482 23 241 0 0 195300
2484 23 241 0 0 195400
2487 23 241 0 0 195500
2489 23 241 0 0 195600
2491 23 242 0 0 195700
2491 23 242 0 0 195800
2492 23 242 0 0 195900
2492 23 242 0 0 196000
2493 23 242 0 0 196100
2494 23 243 0 0 196200
2494 23 243 0 0 196300
2496 23 243 0 0 196400
2499 23 243 0 0 196500
2499 23 243 0 0 196600
2500 23 243 0 0 196700
2500 23 243 0 0 196800
2503 23 245 0 0 196900
2503 23 245 0 0 197000
2503 23 245 0 0 197100
2505 23 245 0 0 197200
2505 23 245 0 0 197300
2507 23 245 0 0 197400
2507 23 245 0 0 197500
2509 23 245 0 0 197600
2510 23 245 0 0 197700
2510 23 245 0 0 197800
2510 23 245 0 0 197900
2510 23 245 0 0 198000
2510 23 245 0 0 198100
2510 23 245 0 0 198200
2511 23 245 0 0 198300
2512 23 245 0 0 198400
2514 23 245 0 0 198500
2514 23 245 0 0 198600
2515 23 245 0 0 198700
2517 23 245 0 0 198800
2518 23 245 0 0 198900
2520 23 245 0 0 199000
2520 23 245 0 0 199100
2522 23 245 0 0 199200
2522 23 245 0 0 199300
2523 23 245 0 0 199400
2523 23 245 0 0 199500
2524 23 245 0 0 199600
2524 23 245 0 0 199700
2525 23 245 0 0 199800
2527 23 245 0 0 199900
2527 23 245 0 0 200000
2527 23 245 0 0 200100
2528 23 245 0 0 200200
2530 23 246 0 0 200300
2532 23 246 0 0 200400
2533 23 246 0 0 200500
2534 23 246 0 0 200600
2535 23 246 0 0 200700
2537 23 246 0 0 200800
2540 23 246 0 0 200900
2540 23 246 0 0 201000
2540 23 247 0 0 201100
2542 23 248 0 0 201200
2545 23 248 0 0 201300
2546 23 248 0 0 201400
2547 23 248 0 0 201500
2549 23 248 0 0 201600
2551 23 248 0 0 201700
2553 24 248 0 0 201800
2555 24 249 0 0 201900
2558 24 249 0 0 202000
2560 24 249 0 0 202100
2561 24 249 0 0 202200
2562 24 249 0 0 202300
2564 24 249 0 0 202400
2565 24 250 0 0 202500
2567 24 250 0 0 202600
2570 24 251 0 0 202700
2571 24 251 0 0 202800
2571 24 251 0 0 202900
2572 24 251 0 0 203000
2576 24 251 0 0 203100
2579 24 251 0 0 203200
2580 24 251 0 0 203300
2583 24 251 0 0 203400
2584 24 251 0 0 203500
2586 24 251 0 0 203600
2588 24 251 0 0 203700
2589 24 252 0 0 203800
2591 24 252 0 0 203900
2592 24 252 0 0 204000
2592 24 252 0 0 204100
2592 24 252 0 0 204200
2594 24 254 0 0 204300
2594 24 254 0 0 204400
2596 24 254 0 0 204500
2597 24 254 0 0 204600
2598 24 254 0 0 204700
2599 24 254 0 0 204800
2601 24 254 0 0 204900
2601 24 254 0 0 205000
2602 24 254 0 0 205100
2604 24 254 0 0 205200
2606 24 254 0 0 205300
2606 24 254 0 0 205400
2606 24 254 0 0 205500
2608 24 254 0 0 205600
2608 24 254 0 0 205700
2609 24 254 0 0 205800
2611 24 254 0 0 205900
2611 24 254 0 0 206000
2612 24 254 0 0 206100
2613 24 254 0 0 206200
2614 24 254 0 0 206300
2614 24 255 0 0 206400
2615 24 255 0 0 206500
2616 24 256 0 0 206600
2619 24 256 0 0 206700
2622 24 257 0 0 206800
2624 24 257 0 0 206900
2625 24 257 0 0 207000
2626 24 257 0 0 207100
2626 24 257 0 0 207200
2626 24 257 0 0 207300
2626 24 257 0 0 207400
2627 24 257 0 0 207500
2629 24 257 0 0 207600
2630 24 257 0 0 207700
2631 24 257 0 0 207800
2633 24 257 0 0 207900
2634 24 257 0 0 208000
2636 24 257 0 0 208100
2636 24 257 0 0 208200
2637 24 257 0 0 208300
2639 24 257 0 0 208400
2642 24 257 0 0 208500
2642 24 257 0 0 208600
2644 24 257 0 0 208700
2646 24 257 0 0 208800
2646 24 257 0 0 208900
2646 24 257 0 0 209000
2648 24 257 0 0 209100
2649 24 257 0 0 209200
2651 24 257 0 0 209300
2655 24 257 0 0 209400
2657 24 257 0 0 209500
2658 24 257 0 0 209600
2658 24 258 0 0 209700
2660 24 258 0 0 209800
2660 24 258 0 0 209900
2662 24 259 0 0 210000
2663 24 259 0 0 210100
2664 24 260 0 0 210200
2665 24 260 0 0 210300
2665 24 260 0 0 210400
2667 24 260 0 0 210500
2669 24 260 0 0 210600
2669 24 260 0 0 210700
2670 24 260 0 0 210800
2671 24 260 0 0 210900
2671 24 260 0 0 211000
2672 24 260 0 0 211100
2673 24 260 0 0 211200
2674 24 260 0 0 211300
2674 24 260 0 0 211400
2675 24 260 0 0 211500
2675 24 260 0 0 211600
2676 24 260 0 0 211700
2680 24 260 0 0 211800
2680 24 260 0 0 211900
2682 24 261 0 0 212000
2682 24 261 0 0 212100
2682 24 262 0 0 212200
2684 24 263 0 0 212300
2684 24 263 0 0 212400
2685 24 264 0 0 212500
2686 24 264 0 0 212600
2686 24 264 0 0 212700
2688 24 264 0 0 212800
2688 24 264 0 0 212900
2690 24 264 0 0 213000
2690 24 264 0 0 213100
2692 24 264 0 0 213200
2692 24 264 0 0 213300
2693 24 264 0 0 213400
2694 24 264 0 0 213500
2695 24 264 0 0 213600
2696 24 264 0 0 213700
2698 24 265 0 0 213800
2700 24 265 0 0 213900
2700 24 265 0 0 214000
2700 24 265 0 0 214100
2702 24 266 0 0 214200
2702 24 266 0 0 214300
2705 24 266 0 0 214400
2707 24 266 0 0 214500
2707 24 266 0 0 214600
2709 24 266 0 0 214700
2712 24 266 0 0 214800
2714 24 266 0 0 214900
2714 24 267 0 0 215000
2715 24 267 0 0 215100
2715 24 267 0 0 215200
2717 24 267 0 0 215300
2718 24 267 0 0 215400
2718 24 267 0 0 215500
2719 24 267 0 0 215600
2720 24 267 0 0 215700
2722 24 267 0 0 215800
2723 24 267 0 0 215900
2723 24 268 0 0 216000
2724 24 268 0 0 216100
2724 24 268 0 0 216200
2724 24 268 0 0 216300
2725 24 268 0 0 216400
2725 24 268 0 0 216500
2725 24 268 0 0 216600
2725 24 268 0 0 216700
2725 25 268 0 0 216800
2726 25 269 0 0 216900
2727 25 269 0 0 217000
2729 25 269 0 0 217100
2732 25 269 0 0 217200
2732 25 269 0 0 217300
2732 25 269 0 0 217400
2736 25 269 0 0 217500
2738 25 269 0 0 217600
2739 25 269 0 0 217700
2739 25 269 0 0 217800
2740 25 270 0 0 217900
2741 25 270 0 0 218000
2743 25 270 0 0 218100
2744 25 270 0 0 218200
2744 25 271 0 0 218300
2745 25 271 0 0 218400
2746 25 271 0 0 218500
2748 25 271 0 0 218600
2748 25 271 0 0 218700
2748 25 271 0 0 218800
2750 25 271 0 0 218900
2752 25 271 0 0 219000
2753 25 271 0 0 219100
2754 25 271 0 0 219200
2755 25 271 0 0 219300
2757 25 271 0 0 219400
2757 25 271 0 0 219500
2757 25 271 0 0 219600
2758 25 271 0 0 219700
2760 25 271 0 0 219800
2761 25 271 0 0 219900
2762 25 271 0 0 220000
2762 25 271 0 0 220100
2762 25 271 0 0 220200
2765 25 271 0 0 220300
2765 25 272 0 0 220400
2766 25 272 0 0 220500
2766 25 272 0 0 220600
2767 25 272 0 0 220700
2767 25 272 0 0 220800
2768 25 272 0 0 220900
2770 25 272 0 0 221000
2771 25 272 0 0 221100
2772 25 272 0 0 221200
2772 25 272 0 0 221300
2772 25 272 0 0 221400
2772 25 272 0 0 221500
2773 25 272 0 0 221600
2775 25 272 0 0 221700
2777 25 273 0 0 221800
2778 25 273 0 0 221900
2779 25 273 0 0 222000
2782 25 273 0 0 222100
2782 25 274 0 0 222200
2784 25 274 0 0 222300
2786 25 274 0 0 222400
2788 25 274 0 0 222500
2790 25 274 0 0 222600
2793 25 274 0 0 222700
2793 25 274 0 0 222800
2798 25 275 0 0 222900
2798 25 275 0 0 223000
2799 25 275 0 0 223100
2802 25 275 0 0 223200
2803 25 275 0 0 223300
2804 25 276 0 0 223400
2806 25 277 0 0 223500
2808 25 277 0 0 223600
2811 25 277 0 0 223700
2811 25 278 0 0 223800
2811 25 278 0 0 223900
2811 25 279 0 0 224000
2813 25 279 0 0 224100
2814 25 280 0 0 224200
2815 25 280 0 0 224300
2815 25 281 0 0 224400
2815 25 281 0 0 224500
2818 25 281 0 0 224600
2819 25 281 0 0 224700
2819 25 281 0 0 224800
2822 25 281 0 0 224900
2823 25 281 0 0 225000
2824 25 281 0 0 225100
2824 25 281 0 0 225200
2825 25 281 0 0 225300
2826 25 282 0 0 225400
2826 25 283 0 0 225500
2827 25 283 0 0 225600
2829 25 284 0 0 225700
2830 25 284 0 0 225800
2830 25 284 0 0 225900
2832 25 285 0 0 226000
2832 25 285 0 0 226100
2833 25 286 0 0 226200
2834 25 286 0 0 226300
2835 25 286 0 0 226400
2836 25 287 0 0 226500
2836 25 288 0 0 226600
2836 25 288 0 0 226700
2836 25 288 0 0 226800
2838 25 288 0 0 226900
2839 25 288 0 0 227000
2840 25 288 0 0 227100
2840 25 288 0 0 227200
2842 25 288 0 0 227300
2842 25 289 0 0 227400
2844 25 289 0 0 227500
2844 25 290 0 0 227600
2845 25 291 0 0 227700
2847 25 292 0 0 227800
2847 25 292 0 0 227900
2849 25 292 0 0 228000
2850 26 293 0 0 228100
2852 26 293 0 0 228200
2852 26 295 0 0 228300
2854 26 295 0 0 228400
2858 26 296 0 0 228500
2858 26 296 0 0 228600
2860 26 296 0 0 228700
2861 26 297 0 0 228800
2862 26 297 0 0 228900
2865 26 297 0 0 229000
2865 26 298 0 0 229100
2865 26 298 0 0 229200
2869 26 298 0 0 229300
2869 26 298 0 0 229400
2870 26 298 0 0 229500
2872 26 299 0 0 229600
2872 26 299 0 0 229700
2873 26 299 0 0 229800
2875 26 299 0 0 229900
2877 26 299 0 0 230000
2878 26 299 0 0 230100
2879 26 299 0 0 230200
2880 26 299 0 0 230300
2881 26 299 0 0 230400
2882 26 299 0 0 230500
2883 26 299 0 0 230600
2884 26 299 0 0 230700
2885 26 299 0 0 230800
2886 26 299 0 0 230900
2886 26 299 0 0 231000
2889 26 299 0 0 231100
2889 26 299 0 0 231200
2889 26 299 0 0 231300
2891 26 299 0 0 231400
2892 26 299 0 0 231500
2892 26 299 0 0 231600
2894 26 299 0 0 231700
2894 26 299 0 0 231800
2895 26 299 0 0 231900
2895 26 299 0 0 232000
2896 26 299 0 0 232100
2898 26 299 0 0 232200
2899 26 299 0 0 232300
2901 26 299 0 0 232400
2905 26 299 0 0 232500
2906 26 299 0 0 232600
2907 26 300 0 0 232700
2907 26 300 0 0 232800
2908 26 300 0 0 232900
2908 26 300 0 0 233000
2908 26 300 0 0 233100
2909 26 300 0 0 233200
2911 26 300 0 0 233300
2911 26 300 0 0 233400
2911 26 300 0 0 233500
2914 26 300 0 0 233600
2914 26 300 0 0 233700
2914 26 300 0 0 233800
2917 26 300 0 0 233900
2917 26 300 0 0 234000
2920 26 300 0 0 234100
2920 26 300 0 0 234200
2920 26 300 0 0 234300
2920 26 301 0 0 234400
2920 26 302 0 0 234500
2920 26 302 0 0 234600
2921 26 302 0 0 234700
2921 26 302 0 0 234800
2922 26 302 0 0 234900
2925 26 302 0 0 235000
2926 26 303 0 0 235100
2927 26 303 0 0 235200
2928 26 304 0 0 235300
2929 26 304 0 0 235400
2930 26 304 0 0 235500
2933 26 304 0 0 235600
2934 26 304 0 0 235700
2934 26 305 0 0 235800
2936 26 305 0 0 235900
2939 26 305 0 0 236000
2940 26 305 0 0 236100
2942 26 305 0 0 236200
2943 26 305 0 0 236300
2943 26 305 0 0 236400
2945 26 305 0 0 236500
2946 26 305 0 0 236600
2946 26 305 0 0 236700
2947 26 305 0 0 236800
2947 26 305 0 0 236900
2948 26 305 0 0 237000
2949 26 306 0 0 237100
2951 26 306 0 0 237200
2953 26 306 0 0 237300
2954 26 306 0 0 237400
2954 26 306 0 0 237500
2954 26 306 0 0 237600
2956 26 306 0 0 237700
2956 26 306 0 0 237800
2959 26 306 0 0 237900
2960 26 306 0 0 238000
2961 26 306 0 0 238100
2964 26 306 0 0 238200
2967 26 306 0 0 238300
2968 26 306 0 0 238400
2968 26 307 0 0 238500
2969 26 308 0 0 238600
2970 26 309 0 0 238700
2972 26 309 0 0 238800
2972 26 309 0 0 238900
2972 26 310 0 0 239000
2972 26 310 0 0 239100
2973 26 310 0 0 239200
2975 26 310 0 0 239300
2975 26 310 0 0 239400
2975 26 311 0 0 239500
2976 26 311 0 0 239600
2976 26 312 0 0 239700
2977 26 312 0 0 239800
2977 26 312 0 0 239900
2977 26 312 0 0 240000
2979 26 312 0 0 240100
2980 26 312 0 0 240200
2982 26 312 0 0 240300
2982 26 312 0 0 240400
2984 26 312 0 0 240500
2984 26 312 0 0 240600
2984 26 312 0 0 240700
2985 26 312 0 0 240800
2986 26 312 0 0 240900
2986 26 312 0 0 241000
2987 26 312 0 0 241100
2989 26 312 0 0 241200
2990 26 312 0 0 241300
2992 26 312 0 0 241400
2993 26 312 0 0 241500
2993 26 312 0 0 241600
2996 26 312 0 0 241700
2998 26 312 0 0 241800
2998 26 312 0 0 241900
3001 26 312 0 0 242000
3002 26 312 0 0 242100
3004 26 312 0 0 242200
3005 26 313 0 0 242300
3006 26 313 0 0 242400
3006 26 314 0 0 242500
3008 26 314 0 0 242600
3009 26 314 0 0 242700
3012 26 314 0 0 242800
3012 26 314 0 0 242900
3014 26 314 0 0 243000
3014 26 314 0 0 243100
3014 26 314 0 0 243200
3014 26 314 0 0 243300
3014 26 314 0 0 243400
3015 26 314 0 0 243500
3017 26 314 0 0 243600
3018 26 314 0 0 243700
3019 26 314 0 0 243800
3021 26 314 0 0 243900
3023 26 315 0 0 244000
3023 26 315 0 0 244100
3024 26 315 0 0 244200
3025 26 315 0 0 244300
3026 26 316 0 0 244400
3028 26 316 0 0 244500
3029 26 316 0 0 244600
3032 26 317 0 0 244700
3035 26 318 0 0 244800
3037 26 318 0 0 244900
3040 26 319 0 0 245000
3044 26 319 0 0 245100
3048 26 320 0 0 245200
3051 26 320 0 0 245300
3053 26 320 0 0 245400
3055 26 322 0 0 245500
3055 26 322 0 0 245600
3055 26 322 0 0 245700
3057 26 322 0 0 245800
3058 26 322 0 0 245900
3060 26 322 0 0 246000
3061 26 322 0 0 246100
3062 26 322 0 0 246200
3063 27 322 0 0 246300
3063 27 322 0 0 246400
3065 27 322 0 0 246500
3069 27 322 0 0 246600
3071 27 322 0 0 246700
3071 27 323 0 0 246800
3072 27 323 0 0 246900
3073 27 323 0 0 247000
3074 27 323 0 0 247100
3076 27 323 0 0 247200
3078 27 323 0 0 247300
3079 27 323 0 0 247400
3082 27 324 0 0 247500
3082 27 324 0 0 247600
3083 27 324 0 0 247700
3084 27 324 0 0 247800
3088 27 324 0 0 247900
3091 27 325 0 0 248000
3091 27 325 0 0 248100
3094 27 325 0 0 248200
3094 27 326 0 0 248300
3096 27 326 0 0 248400
3100 27 326 0 0 248500
3102 27 326 0 0 248600
3103 27 326 0 0 248700
3104 27 326 0 0 248800
3107 27 326 0 0 248900
3108 27 326 0 0 249000
3109 27 326 0 0 249100
3109 27 326 0 0 249200
3110 27 326 0 0 249300
3112 27 326 0 0 249400
3114 27 326 0 0 249500
3115 27 326 0 0 249600
3116 27 326 0 0 249700
3116 27 326 0 0 249800
3118 27 326 0 0 249900
3118 27 326 0 0 250000
3119 27 326 0 0 250100
3119 27 326 0 0 250200
3121 27 326 0 0 250300
3123 27 326 0 0 250400
3124 27 326 0 0 250500
3124 27 326 0 0 250600
3127 27 326 0 0 250700
3127 27 326 0 0 250800
3129 27 326 0 0 250900
3130 27 326 0 0 251000
3131 27 326 0 0 251100
3131 27 326 0 0 251200
3133 27 326 0 0 251300
3134 27 326 0 0 251400
3138 27 326 0 0 251500
3139 27 326 0 0 251600
3141 27 326 0 0 251700
3145 27 326 0 0 251800
3146 27 326 0 0 251900
3147 27 327 0 0 252000
3148 27 327 0 0 252100
3150 27 327 0 0 252200
3152 27 327 0 0 252300
3155 27 327 0 0 252400
3155 27 327 0 0 252500
3156 27 327 0 0 252600
3157 27 327 0 0 252700
3159 27 327 0 0 252800
3159 27 328 0 0 252900
3160 27 328 0 0 253000
3160 27 328 0 0 253100
3161 27 328 0 0 253200
3162 27 328 0 0 253300
3163 27 328 0 0 253400
3164 27 329 0 0 253500
3165 27 329 0 0 253600
3165 27 329 0 0 253700
3166 27 329 0 0 253800
3166 27 329 0 0 253900
3168 27 329 0 0 254000
3168 27 329 0 0 254100
3168 27 329 0 0 254200
3169 27 329 0 0 254300
3169 27 329 0 0 254400
3170 27 330 0 0 254500
3171 27 330 0 0 254600
3172 27 330 0 0 254700
3174 27 330 0 0 254800
3174 27 330 0 0 254900
3176 27 330 0 0 255000
3177 27 330 0 0 255100
3181 27 330 0 0 255200
3182 27 330 0 0 255300
3184 27 330 0 0 255400
3184 27 330 0 0 255500
3185 27 330 0 0 255600
3185 27 330 0 0 255700
3186 27 330 0 0 255800
3186 27 330 0 0 255900
3187 27 330 0 0 256000
3187 27 330 0 0 256100
3188 27 330 0 0 256200
3188 27 330 0 0 256300
3189 27 330 0 0 256400
3190 27 330 0 0 256500
3192 27 330 0 0 256600
3192 27 330 0 0 256700
3192 27 330 0 0 256800
3192 27 330 0 0 256900
3192 27 330 0 0 257000
3192 27 330 0 0 257100
3192 27 330 0 0 257200
3192 27 330 0 0 257300
3192 27 330 0 0 257400
3192 27 330 0 0 257500
3193 27 330 0 0 257600
3193 27 330 0 0 257700
3195 27 330 0 0 257800
3195 27 330 0 0 257900
3195 27 330 0 0 258000
3195 27 330 0 0 258100
3195 27 330 0 0 258200
3196 27 330 0 0 258300
3197 27 330 0 0 258400
3199 27 330 0 0 258500
3201 27 330 0 0 258600
3203 27 330 0 0 258700
3204 27 330 0 0 258800
3204 27 330 0 0 258900
3206 27 330 0 0 259000
3206 27 330 0 0 259100
3207 28 331 0 0 259200
3207 28 331 0 0 259300
3208 28 331 0 0 259400
3208 28 331 0 0 259500
3211 28 331 0 0 259600
3211 28 331 0 0 259700
3211 28 331 0 0 259800
3213 28 331 0 0 259900
3214 28 331 0 0 260000
3214 28 331 0 0 260100
3215 28 332 0 0 260200
3217 28 332 0 0 260300
3219 28 332 0 0 260400
3222 28 332 0 0 260500
3224 28 332 0 0 260600
3225 28 332 0 0 260700
3226 28 332 0 0 260800
3227 28 332 0 0 260900
3228 28 332 0 0 261000
3230 28 332 0 0 261100
3230 28 332 0 0 261200
3231 28 332 0 0 261300
3232 28 332 0 0 261400
3233 28 332 0 0 261500
3233 28 332 0 0 261600
3234 28 332 0 0 261700
3235 28 332 0 0 261800
3235 28 332 0 0 261900
3236 28 332 0 0 262000
3238 28 332 0 0 262100
3238 28 332 0 0 262200
3240 28 332 0 0 262300
3242 28 332 0 0 262400
3245 28 332 0 0 262500
3247 28 332 0 0 262600
3250 28 332 0 0 262700
3251 28 332 0 0 262800
3252 28 332 0 0 262900
3253 28 332 0 0 263000
3253 28 332 0 0 263100
3254 28 332 0 0 263200
3254 28 332 0 0 263300
3254 28 332 0 0 263400
3257 28 332 0 0 263500
3258 28 332 0 0 263600
3258 28 332 0 0 263700
3258 28 333 0 0 263800
3258 28 333 0 0 263900
3259 28 333 0 0 264000
3259 28 333 0 0 264100
3261 28 333 0 0 264200
3261 28 333 0 0 264300
3263 28 333 0 0 264400
3263 28 333 0 0 264500
3263 28 333 0 0 264600
3263 28 333 0 0 264700
3264 28 334 0 0 264800
3265 28 334 0 0 264900
3268 28 334 0 0 265000
3269 28 334 0 0 265100
3270 28 334 0 0 265200
3272 28 334 0 0 265300
3274 28 334 0 0 265400
3276 28 334 0 0 265500
3276 28 334 0 0 265600
3277 28 334 0 0 265700
3278 28 334 0 0 265800
3279 28 334 0 0 265900
3279 28 334 0 0 266000
3279 28 334 0 0 266100
3279 28 334 0 0 266200
3280 28 334 0 0 266300
3280 28 334 0 0 266400
3281 28 334 0 0 266500
3282 28 334 0 0 266600
3285 28 334 0 0 266700
3286 28 334 0 0 266800
3287 28 335 0 0 266900
3287 28 335 0 0 267000
3287 28 337 0 0 267100
3288 28 337 0 0 267200
3291 28 337 0 0 267300
3291 28 337 0 0 267400
3293 28 337 0 0 267500
3294 28 337 0 0 267600
3295 28 337 0 0 267700
3297 28 338 0 0 267800
3297 28 338 0 0 267900
3298 28 338 0 0 268000
3298 28 339 0 0 268100
3299 28 339 0 0 268200
3300 28 339 0 0 268300
3301 28 339 0 0 268400
3302 28 339 0 0 268500
3302 28 339 0 0 268600
3302 28 339 0 0 268700
3305 28 339 0 0 268800
3305 28 339 0 0 268900
3305 28 339 0 0 269000
3307 28 339 0 0 269100
3308 28 339 0 0 269200
3309 28 339 0 0 269300
3310 28 339 0 0 269400
3312 28 339 0 0 269500
3314 28 339 0 0 269600
3314 28 339 0 0 269700
3314 28 339 0 0 269800
3314 28 339 0 0 269900
3315 28 339 0 0 270000
3315 28 339 0 0 270100
3317 28 339 0 0 270200
3319 28 339 0 0 270300
3319 28 339 0 0 270400
3319 28 339 0 0 270500
3320 28 339 0 0 270600
3321 28 339 0 0 270700
3323 28 339 0 0 270800
3327 28 339 0 0 270900
3328 28 339 0 0 271000
3328 28 339 0 0 271100
3328 28 339 0 0 271200
3330 28 339 0 0 271300
3331 28 339 0 0 271400
3332 28 339 0 0 271500
3332 28 339 0 0 271600
3332 28 339 0 0 271700
3332 28 340 0 0 271800
3334 28 340 0 0 271900
3335 28 340 0 0 272000
3337 28 341 0 0 272100
3339 28 341 0 0 272200
3342 28 341 0 0 272300
3342 28 341 0 0 272400
3342 28 341 0 0 272500
3345 28 341 0 0 272600
3346 28 341 0 0 272700
3347 28 342 0 0 272800
3349 28 342 0 0 272900
3349 28 342 0 0 273000
3350 28 342 0 0 273100
3350 28 342 0 0 273200
3351 28 342 0 0 273300
3351 28 342 0 0 273400
3351 28 342 0 0 273500
3351 28 342 0 0 273600
3351 28 342 0 0 273700
3353 28 342 0 0 273800
3355 28 342 0 0 273900
3356 28 342 0 0 274000
3357 28 343 0 0 274100
3358 28 343 0 0 274200
3360 28 343 0 0 274300
3361 28 343 0 0 274400
3363 28 343 0 0 274500
3363 28 343 0 0 274600
3363 28 344 0 0 274700
3363 28 344 0 0 274800
3364 28 344 0 0 274900
3365 29 345 0 0 275000
3367 29 345 0 0 275100
3367 29 345 0 0 275200
3368 29 345 0 0 275300
3369 29 345 0 0 275400
3371 29 345 0 0 275500
3373 29 345 0 0 275600
3373 29 345 0 0 275700
3373 29 345 0 0 275800
3375 29 345 0 0 275900
3376 29 345 0 0 276000
3377 29 345 0 0 276100
3377 29 345 0 0 276200
3378 30 345 0 0 276300
3381 30 345 0 0 276400
3382 30 345 0 0 276500
3385 30 345 0 0 276600
3386 30 345 0 0 276700
3390 30 345 0 0 276800
3393 30 345 0 0 276900
3395 30 345 0 0 277000
3396 30 346 0 0 277100
3398 30 346 0 0 277200
3399 30 346 0 0 277300
3401 30 346 0 0 277400
3402 31 346 0 0 277500
3405 31 346 0 0 277600
3405 32 346 0 0 277700
3407 32 347 0 0 277800
3409 32 347 0 0 277900
3409 32 347 0 0 278000
3410 32 348 0 0 278100
3411 32 348 0 0 278200
3411 32 348 0 0 278300
3411 32 348 0 0 278400
3413 32 348 0 0 278500
3413 32 348 0 0 278600
3414 32 349 0 0 278700
3414 32 349 0 0 278800
3414 32 349 0 0 278900
3416 32 349 0 0 279000
3416 32 350 0 0 279100
3417 32 350 0 0 279200
3418 32 350 0 0 279300
3418 32 350 0 0 279400
3420 32 350 0 0 279500
3420 32 350 0 0 279600
3421 32 350 0 0 279700
3422 32 350 0 0 279800
3424 32 350 0 0 279900
3424 32 350 0 0 280000
3427 32 351 0 0 280100
3429 32 351 0 0 280200
3430 32 351 0 0 280300
3432 32 351 0 0 280400
3433 32 351 0 0 280500
3434 32 351 0 0 280600
3439 32 351 0 0 280700
3440 32 351 0 0 280800
3443 32 351 0 0 280900
3443 32 351 0 0 281000
3444 32 351 0 0 281100
3445 32 351 0 0 281200
3446 32 351 0 0 281300
3447 32 351 0 0 281400
3449 33 352 0 0 281500
3450 33 352 0 0 281600
3451 33 352 0 0 281700
3451 33 352 0 0 281800
3452 33 352 0 0 281900
3452 33 352 0 0 282000
3452 33 352 0 0 282100
3452 33 352 0 0 282200
3453 33 352 0 0 282300
3453 33 352 0 0 282400
3453 33 352 0 0 282500
3454 33 352 0 0 282600
3456 33 352 0 0 282700
3457 33 352 0 0 282800
3457 33 352 0 0 282900
3460 33 352 0 0 283000
3463 33 352 0 0 283100
3465 33 352 0 0 283200
3465 33 352 0 0 283300
3467 33 352 0 0 283400
3470 33 352 0 0 283500
3472 33 352 0 0 283600
3472 33 352 0 0 283700
3475 33 352 0 0 283800
3478 33 352 0 0 283900
3478 33 353 0 0 284000
3478 33 353 0 0 284100
3479 33 353 0 0 284200
3480 33 353 0 0 284300
3482 33 353 0 0 284400
3482 33 353 0 0 284500
3483 33 353 0 0 284600
3483 33 353 0 0 284700
3484 33 353 0 0 284800
3484 33 353 0 0 284900
3484 33 353 0 0 285000
3485 33 353 0 0 285100
3488 33 353 0 0 285200
3488 33 353 0 0 285300
3489 33 353 0 0 285400
3491 33 353 0 0 285500
3492 33 353 0 0 285600
3493 33 353 0 0 285700
3496 33 353 0 0 285800
3497 33 353 0 0 285900
3497 33 353 0 0 286000
3500 33 353 0 0 286100
3500 33 354 0 0 286200
3500 33 354 0 0 286300
3503 33 354 0 0 286400
3503 33 354 0 0 286500
3506 33 354 0 0 286600
3508 33 354 0 0 286700
3510 33 355 0 0 286800
3512 33 355 0 0 286900
3512 33 356 0 0 287000
3513 33 356 0 0 287100
3514 33 356 0 0 287200
3514 33 356 0 0 287300
3515 33 356 0 0 287400
3515 33 356 0 0 287500
3516 33 356 0 0 287600
3516 33 356 0 0 287700
3520 33 356 0 0 287800
3522 33 356 0 0 287900
3524 34 357 0 0 288000
3524 34 357 0 0 288100
3524 34 357 0 0 288200
3525 34 357 0 0 288300
3526 34 357 0 0 288400
3527 34 357 0 0 288500
3529 34 358 0 0 288600
3531 34 358 0 0 288700
3532 34 358 0 0 288800
3533 35 358 0 0 288900
3534 35 358 0 0 289000
3535 35 358 0 0 289100
3537 35 358 0 0 289200
3538 35 358 0 0 289300
3540 35 359 0 0 289400
3540 35 359 0 0 289500
3541 35 359 0 0 289600
3541 35 360 0 0 289700
3541 35 360 0 0 289800
3541 35 360 0 0 289900
3542 35 360 0 0 290000
3542 35 360 0 0 290100
3544 35 360 0 0 290200
3544 35 360 0 0 290300
3544 35 360 0 0 290400
3544 35 360 0 0 290500
3546 35 361 0 0 290600
3547 35 361 0 0 290700
3548 35 362 0 0 290800
3549 35 362 0 0 290900
3550 35 362 0 0 291000
3551 35 362 0 0 291100
3551 35 362 0 0 291200
3553 35 362 0 0 291300
3555 35 363 0 0 291400
3555 35 363 0 0 291500
3555 35 363 0 0 291600
3556 35 363 0 0 291700
3557 35 363 0 0 291800
3557 35 363 0 0 291900
3560 35 363 0 0 292000
3562 35 363 0 0 292100
3563 35 363 0 0 292200
3565 35 363 0 0 292300
3566 35 363 0 0 292400
3567 35 363 0 0 292500
3567 35 364 0 0 292600
3567 35 364 0 0 292700
3567 35 364 0 0 292800
3567 35 364 0 0 292900
3567 35 364 0 0 293000
3568 35 364 0 0 293100
3572 35 364 0 0 293200
3574 35 364 0 0 293300
3575 35 364 0 0 293400
3575 35 364 0 0 293500
3575 35 364 0 0 293600
3575 35 364 0 0 293700
3575 35 365 0 0 293800
3576 35 366 0 0 293900
3576 35 366 0 0 294000
3576 35 366 0 0 294100
3577 35 366 0 0 294200
3577 35 366 0 0 294300
3578 35 366 0 0 294400
3579 35 366 0 0 294500
3581 35 366 0 0 294600
3583 35 366 0 0 294700
3586 35 366 0 0 294800
3587 35 366 0 0 294900
3589 35 366 0 0 295000
3589 35 366 0 0 295100
3590 35 366 0 0 295200
3590 35 367 0 0 295300
3591 35 368 0 0 295400
3594 35 368 0 0 295500
3594 35 368 0 0 295600
3594 35 368 0 0 295700
3596 35 368 0 0 295800
3597 35 368 0 0 295900
3597 35 368 0 0 296000
3597 35 368 0 0 296100
3601 35 368 0 0 296200
3602 35 368 0 0 296300
3604 35 368 0 0 296400
3604 35 369 0 0 296500
3604 35 369 0 0 296600
3605 35 369 0 0 296700
3607 35 370 0 0 296800
3608 35 370 0 0 296900
3610 35 371 0 0 297000
3610 35 371 0 0 297100
3611 35 371 0 0 297200
3613 35 371 0 0 297300
3614 35 371 0 0 297400
3615 35 371 0 0 297500
3615 35 371 0 0 297600
3616 35 371 0 0 297700
3617 35 371 0 0 297800
3617 35 371 0 0 297900
3618 35 371 0 0 298000
3618 35 371 0 0 298100
3619 35 371 0 0 298200
3620 35 371 0 0 298300
3620 35 371 0 0 298400
3622 35 371 0 0 298500
3623 35 371 0 0 298600
3623 35 373 0 0 298700
3624 35 373 0 0 298800
3624 35 373 0 0 298900
3625 35 374 0 0 299000
3626 35 374 0 0 299100
3629 35 374 0 0 299200
3630 35 374 0 0 299300
3631 35 374 0 0 299400
3631 35 375 0 0 299500
3632 35 375 0 0 299600
3636 35 375 0 0 299700
3638 35 375 0 0 299800
3638 35 375 0 0 299900
