0 0 0 0 0 0 0 0
0 9 0 0 3301 0 3334 100
0 16 0 0 7205 7 7318 200
0 19 0 0 8684 14 8855 300
0 22 0 0 10721 17 10931 400
0 25 0 0 13277 21 13515 500
0 29 0 0 16187 23 16467 600
0 31 0 0 19595 29 19961 700
0 32 0 0 23216 35 23692 800
0 32 0 0 27229 44 27961 900
0 34 0 0 31507 63 32527 1000
0 35 0 0 36006 88 37339 1100
0 38 0 0 40778 118 42504 1200
0 40 0 0 45685 162 47935 1300
0 44 0 0 50845 230 53811 1400
0 46 0 0 56096 293 59766 1500
0 50 0 0 61717 385 66213 1600
0 56 0 0 67565 465 73000 1700
0 59 0 0 73482 587 80041 1800
0 62 0 0 79542 728 87320 1900
0 65 0 0 85775 868 94826 2000
0 67 0 0 92064 1018 102545 2100
0 70 0 0 98418 1178 110359 2200
0 73 0 0 104777 1404 118279 2300
0 74 0 0 111434 1616 126580 2400
0 76 0 0 118092 1781 134943 2500
0 77 0 0 124791 2041 143438 2600
0 82 0 0 131531 2317 152159 2700
0 85 0 0 138389 2620 161042 2800
0 86 0 0 145235 3007 170313 2900
0 91 0 0 152209 3327 179846 3000
0 95 0 0 159130 3780 189504 3100
0 98 0 0 166193 4216 199311 3200
0 101 0 0 173290 4670 209303 3300
0 103 0 0 180469 5234 219392 3400
0 108 0 0 187602 5823 229639 3500
0 112 0 0 194749 6452 239935 3600
0 114 0 0 201968 7053 250250 3700
0 116 0 0 209022 7703 260452 3800
0 120 0 0 216336 8347 270937 3900
0 125 0 0 223484 9064 281439 4000
0 129 0 0 230664 9721 291900 4100
0 133 0 0 237921 10447 302553 4200
0 141 0 0 245229 11190 313515 4300
0 150 0 0 252470 11887 324463 4400
0 154 0 0 259906 12621 335676 4500
0 160 0 0 267388 13376 346895 4600
0 167 0 0 274778 14177 358600 4700
0 172 0 0 282372 15004 370552 4800
0 173 0 0 289784 15822 382178 4900
0 181 0 0 297358 16619 393822 5000
0 187 0 0 304780 17367 405295 5100
0 191 0 0 312242 18163 416683 5200
0 198 0 0 319659 18851 427827 5300
0 202 0 0 327073 19565 439201 5400
0 206 0 0 334605 20267 450892 5500
0 208 0 0 342105 21095 462535 5600
0 212 0 0 349622 21880 474240 5700
0 216 0 0 357213 22658 486082 5800
0 219 0 0 364748 23335 497565 5900
0 224 0 0 372434 24157 509319 6000
0 227 0 0 379964 24956 520803 6100
0 228 0 0 387474 25705 532149 6200
0 231 0 0 395008 26528 543572 6300
0 231 0 0 402571 27203 554789 6400
0 232 0 0 409817 27836 565571 6500
0 233 0 0 417124 28572 576527 6600
0 235 0 0 424526 29258 587517 6700
0 240 0 0 431927 30016 598600 6800
0 244 0 0 439218 30742 609432 6900
0 248 0 0 446623 31465 620486 7000
0 252 0 0 453802 32175 631420 7100
0 254 0 0 461181 32957 642597 7200
0 259 0 0 468664 33704 653835 7300
0 263 0 0 475961 34415 664714 7400
0 267 0 0 483337 35132 675880 7500
0 267 0 0 490651 35894 686805 7600
0 269 0 0 498108 36613 697891 7700
0 272 0 0 505479 37358 708922 7800
0 275 0 0 512811 38096 720150 7900
0 280 0 0 520279 38878 731531 8000
0 281 0 0 527735 39557 742783 8100
0 285 0 0 535187 40261 753968 8200
0 291 0 0 542664 41060 765296 8300
0 294 0 0 550036 41702 776249 8400
0 297 0 0 557296 42360 787133 8500
0 300 0 0 564766 42984 798014 8600
0 303 0 0 572068 43554 808720 8700
0 306 0 0 579389 44201 819605 8800
0 308 0 0 586715 44854 830698 8900
0 309 0 0 594252 45444 842093 9000
0 312 0 0 601615 46033 853232 9100
0 317 0 0 609207 46628 864716 9200
0 320 0 0 616679 47146 876318 9300
0 323 0 0 624208 47684 887977 9400
0 326 0 0 631818 48264 899492 9500
0 328 0 0 639343 48864 910858 9600
0 331 0 0 646897 49423 922088 9700
0 333 0 0 654427 49938 933440 9800
0 336 0 0 661982 50525 944831 9900
0 341 0 0 669511 51166 956318 10000
0 345 0 0 676982 51664 967460 10100
0 349 0 0 684576 52222 978683 10200
0 350 0 0 692071 52783 989631 10300
0 355 0 0 699473 53386 1000584 10400
0 359 0 0 706985 53967 1011534 10500
0 364 0 0 714368 54601 1022451 10600
0 366 0 0 721905 55236 1033341 10700
0 369 0 0 729177 55801 1043902 10800
0 371 0 0 736590 56373 1054678 10900
0 375 0 0 744030 56898 1065455 11000
0 376 0 0 751403 57397 1076018 11100
0 378 0 0 758752 57913 1086622 11200
0 380 0 0 766254 58419 1097365 11300
0 382 0 0 773638 58896 1108056 11400
0 386 0 0 780952 59442 1118732 11500
0 389 0 0 788307 59998 1129446 11600
0 391 0 0 795630 60585 1140222 11700
0 396 0 0 803080 61170 1151051 11800
0 400 0 0 810486 61714 1161863 11900
0 404 0 0 817790 62251 1172531 12000
0 410 0 0 825135 62859 1183329 12100
0 414 0 0 832528 63456 1194293 12200
0 418 0 0 839993 64009 1205419 12300
0 420 0 0 847432 64633 1216555 12400
0 423 0 0 854926 65234 1227708 12500
0 430 0 0 862339 65760 1238766 12600
0 432 0 0 869702 66432 1249897 12700
0 434 0 0 877170 67068 1261214 12800
0 439 0 0 884662 67709 1272348 12900
0 443 0 0 892104 68341 1283580 13000
0 443 0 0 899519 68985 1294802 13100
0 445 0 0 906895 69713 1306271 13200
0 447 0 0 914414 70433 1317992 13300
0 449 0 0 921980 71124 1330003 13400
0 452 0 0 929493 71810 1341933 13500
0 455 0 0 937283 72521 1354341 13600
0 459 0 0 944896 73233 1366455 13700
0 461 0 0 952646 74019 1379028 13800
0 463 0 0 960310 74764 1391690 13900
0 464 0 0 968113 75422 1404415 14000
0 466 0 0 975915 76206 1417213 14100
0 468 0 0 983761 76909 1429941 14200
0 468 0 0 991407 77650 1442406 14300
0 469 0 0 999146 78388 1454800 14400
0 471 0 0 1006783 79102 1466974 14500
0 473 0 0 1014379 79796 1479110 14600
0 473 0 0 1021981 80415 1491111 14700
0 477 0 0 1029656 81170 1503106 14800
0 479 0 0 1037110 81786 1514367 14900
0 481 0 0 1044769 82462 1525796 15000
0 481 0 0 1052208 83130 1536928 15100
0 484 0 0 1059590 83817 1547862 15200
0 487 0 0 1066879 84466 1558565 15300
0 489 0 0 1074371 85123 1569615 15400
0 496 0 0 1081707 85783 1580498 15500
0 497 0 0 1089086 86470 1591815 15600
0 497 0 0 1096640 87116 1603174 15700
0 498 0 0 1104125 87815 1614225 15800
0 499 0 0 1111730 88439 1625330 15900
0 500 0 0 1119091 89076 1635969 16000
0 502 0 0 1126504 89684 1646840 16100
0 505 0 0 1133875 90354 1657859 16200
0 506 0 0 1141405 91061 1669071 16300
0 506 0 0 1148838 91730 1680263 16400
0 508 0 0 1156408 92331 1691581 16500
0 509 0 0 1163956 92969 1702924 16600
0 511 0 0 1171465 93618 1714096 16700
0 513 0 0 1178844 94245 1725167 16800
0 514 0 0 1186348 94903 1736291 16900
0 517 0 0 1193824 95495 1747514 17000
0 518 0 0 1201328 96051 1758913 17100
0 521 0 0 1208822 96656 1770256 17200
0 521 0 0 1216450 97237 1781797 17300
0 522 0 0 1223995 97828 1793053 17400
0 525 0 0 1231421 98435 1804232 17500
0 526 0 0 1239028 99102 1815846 17600
0 530 0 0 1246471 99722 1827181 17700
0 532 0 0 1253986 100277 1838486 17800
0 535 0 0 1261609 100784 1850042 17900
0 535 0 0 1269031 101329 1861537 18000
0 537 0 0 1276607 101965 1873458 18100
0 537 0 0 1284255 102546 1885281 18200
0 540 0 0 1291832 103152 1897017 18300
0 540 0 0 1299477 103737 1908785 18400
0 542 0 0 1306992 104400 1920614 18500
0 544 0 0 1314613 104999 1932542 18600
0 544 0 0 1322367 105569 1944492 18700
0 547 0 0 1329992 106137 1956291 18800
0 550 0 0 1337640 106646 1968072 18900
0 551 0 0 1345366 107140 1979961 19000
0 552 0 0 1352946 107611 1991641 19100
0 554 0 0 1360553 108157 2003559 19200
0 555 0 0 1368191 108684 2015260 19300
0 558 0 0 1375683 109277 2026845 19400
0 560 0 0 1383254 109849 2038215 19500
0 565 0 0 1390767 110442 2049746 19600
0 566 0 0 1398269 111003 2061039 19700
0 567 0 0 1405766 111510 2072344 19800
0 570 0 0 1413322 112048 2083480 19900
0 572 0 0 1420728 112520 2094093 20000
0 573 0 0 1428082 113037 2104611 20100
0 575 0 0 1435380 113598 2115031 20200
0 575 0 0 1442707 114181 2125391 20300
0 576 0 0 1449988 114731 2135642 20400
0 578 0 0 1457268 115312 2146060 20500
0 580 0 0 1464610 115950 2156801 20600
0 582 0 0 1472003 116475 2167584 20700
0 584 0 0 1479438 117028 2178571 20800
0 586 0 0 1486843 117570 2189527 20900
0 587 0 0 1494274 118139 2200417 21000
0 591 0 0 1501598 118745 2211269 21100
0 591 0 0 1509091 119419 2222244 21200
0 593 0 0 1516397 120016 2233035 21300
0 597 0 0 1523773 120658 2243809 21400
0 599 0 0 1531132 121291 2254677 21500
0 600 0 0 1538535 121863 2265540 21600
0 601 0 0 1545963 122440 2276481 21700
0 604 0 0 1553392 122981 2287287 21800
0 606 0 0 1560814 123550 2298078 21900
0 609 0 0 1568351 124072 2308711 22000
0 611 0 0 1575657 124635 2319171 22100
0 615 0 0 1582900 125077 2329286 22200
0 615 0 0 1590245 125563 2339452 22300
0 616 0 0 1597512 126165 2349641 22400
0 618 0 0 1604724 126623 2359532 22500
0 619 0 0 1612151 127105 2369679 22600
0 621 0 0 1619371 127607 2379545 22700
0 623 0 0 1626488 128102 2389263 22800
0 625 0 0 1633592 128617 2399061 22900
0 625 0 0 1640803 129152 2409106 23000
0 626 0 0 1648158 129688 2419454 23100
0 626 0 0 1655308 130175 2429397 23200
0 627 0 0 1662546 130710 2439532 23300
0 629 0 0 1669857 131291 2449768 23400
0 631 0 0 1677078 131897 2459809 23500
0 631 0 0 1684345 132431 2469913 23600
0 632 0 0 1691594 133065 2480146 23700
0 634 0 0 1698738 133619 2490269 23800
0 636 0 0 1706017 134133 2500880 23900
0 636 0 0 1713445 134656 2511641 24000
0 639 0 0 1720918 135155 2522500 24100
0 640 0 0 1728302 135698 2533468 24200
0 640 0 0 1735887 136228 2544574 24300
0 641 0 0 1743235 136826 2555641 24400
0 641 0 0 1750816 137355 2566754 24500
0 642 0 0 1758266 137780 2577382 24600
0 642 0 0 1765743 138266 2587974 24700
0 643 0 0 1773190 138804 2598393 24800
0 645 0 0 1780525 139370 2608800 24900
0 646 0 0 1787915 139919 2619319 25000
0 648 0 0 1795313 140368 2629824 25100
0 648 0 0 1802653 140867 2640370 25200
0 648 0 0 1810094 141406 2651222 25300
0 648 0 0 1817638 141902 2662207 25400
0 650 0 0 1825254 142361 2673413 25500
0 652 0 0 1832640 142790 2684416 25600
0 655 0 0 1840160 143244 2695298 25700
0 655 0 0 1847579 143674 2706021 25800
0 655 0 0 1855067 144085 2716742 25900
0 657 0 0 1862427 144462 2727201 26000
0 658 0 0 1869712 144886 2737611 26100
0 660 0 0 1877089 145335 2747958 26200
0 664 0 0 1884344 145845 2758171 26300
0 666 0 0 1891738 146322 2768482 26400
0 668 0 0 1898926 146820 2778540 26500
0 671 0 0 1906086 147286 2788651 26600
0 674 0 0 1913415 147857 2798936 26700
0 678 0 0 1920706 148352 2809358 26800
0 679 0 0 1927780 148825 2819487 26900
0 682 0 0 1935123 149322 2829964 27000
0 687 0 0 1942333 149913 2840407 27100
0 691 0 0 1949622 150470 2851126 27200
0 691 0 0 1956946 151006 2861940 27300
0 693 0 0 1964434 151556 2873055 27400
0 694 0 0 1971944 152145 2884256 27500
0 695 0 0 1979440 152708 2895288 27600
0 697 0 0 1986830 153353 2906298 27700
0 701 0 0 1994137 153966 2917245 27800
0 703 0 0 2001566 154537 2928234 27900
0 704 0 0 2008909 155142 2939278 28000
0 706 0 0 2016301 155816 2950423 28100
0 709 0 0 2023797 156498 2961768 28200
0 709 0 0 2031235 157230 2973118 28300
0 710 0 0 2038615 157854 2984218 28400
0 711 0 0 2045892 158553 2995157 28500
0 711 0 0 2053175 159241 3006290 28600
0 711 0 0 2060495 159889 3017302 28700
0 712 0 0 2067882 160597 3028274 28800
0 714 0 0 2075263 161306 3039274 28900
0 716 0 0 2082567 161965 3049995 29000
0 718 0 0 2089830 162598 3060726 29100
0 719 0 0 2097363 163291 3071885 29200
0 719 0 0 2104676 164025 3082848 29300
0 719 0 0 2112010 164750 3093856 29400
0 721 0 0 2119498 165487 3104926 29500
0 724 0 0 2127000 166221 3115944 29600
0 726 0 0 2134364 166983 3126749 29700
0 726 0 0 2141704 167690 3137595 29800
0 729 0 0 2148924 168467 3148422 29900
0 729 0 0 2156398 169107 3159518 30000
0 729 0 0 2163732 169783 3170476 30100
0 729 0 0 2171068 170386 3181587 30200
0 730 0 0 2178560 171058 3192911 30300
0 731 0 0 2186028 171687 3204266 30400
0 732 0 0 2193592 172315 3215787 30500
0 733 0 0 2200944 172990 3226986 30600
0 734 0 0 2208555 173701 3238250 30700
0 736 0 0 2215945 174430 3249246 30800
0 738 0 0 2223356 175096 3260000 30900
0 738 0 0 2230696 175717 3270735 31000
0 738 0 0 2237946 176374 3281201 31100
0 740 0 0 2245383 176997 3291876 31200
0 740 0 0 2252872 177607 3302379 31300
0 742 0 0 2260170 178214 3312841 31400
0 744 0 0 2267597 178799 3323314 31500
0 747 0 0 2274824 179385 3333408 31600
0 749 0 0 2282090 179928 3343525 31700
0 752 0 0 2289337 180472 3353637 31800
0 752 0 0 2296594 181095 3363977 31900
0 753 0 0 2303869 181735 3374322 32000
0 756 0 0 2311262 182404 3384952 32100
0 756 0 0 2318527 182999 3395308 32200
0 758 0 0 2325895 183687 3405838 32300
0 761 0 0 2333271 184348 3416445 32400
0 762 0 0 2340593 185109 3427038 32500
0 766 0 0 2347995 185782 3437657 32600
0 768 0 0 2355473 186393 3448472 32700
0 769 0 0 2362952 186997 3459175 32800
0 774 0 0 2370421 187705 3470073 32900
0 776 0 0 2377760 188391 3480792 33000
0 779 0 0 2385213 189051 3491762 33100
0 780 0 0 2392609 189682 3502670 33200
0 780 0 0 2400175 190340 3513758 33300
0 783 0 0 2407650 190956 3524649 33400
0 785 0 0 2415216 191640 3535451 33500
0 786 0 0 2422603 192257 3546223 33600
0 786 0 0 2429995 192784 3556856 33700
0 787 0 0 2437510 193433 3567836 33800
0 789 0 0 2444966 194044 3578598 33900
0 790 0 0 2452398 194699 3589217 34000
0 790 0 0 2459815 195331 3599909 34100
0 795 0 0 2467226 195912 3610644 34200
0 797 0 0 2474592 196469 3621240 34300
0 799 0 0 2482069 197039 3631931 34400
0 804 0 0 2489303 197612 3642368 34500
0 805 0 0 2496721 198145 3653096 34600
0 809 0 0 2504118 198642 3663912 34700
0 809 0 0 2511593 199135 3674520 34800
0 816 0 0 2518963 199628 3684961 34900
0 819 0 0 2526273 200090 3695212 35000
0 819 0 0 2533531 200585 3705237 35100
0 823 0 0 2540707 200981 3714938 35200
0 823 0 0 2547954 201489 3724694 35300
0 825 0 0 2555152 201974 3734469 35400
0 827 0 0 2562299 202504 3744234 35500
0 829 0 0 2569609 203041 3754110 35600
0 830 0 0 2576878 203539 3763963 35700
0 831 0 0 2584267 203984 3773931 35800
0 832 0 0 2591438 204428 3783911 35900
0 833 0 0 2598842 204948 3794088 36000
0 835 0 0 2606127 205454 3804335 36100
0 837 0 0 2613441 205989 3814562 36200
0 840 0 0 2620676 206535 3824630 36300
0 840 0 0 2627910 207067 3834753 36400
0 841 0 0 2635171 207564 3844983 36500
0 843 0 0 2642370 208136 3855259 36600
0 844 0 0 2649686 208655 3865680 36700
0 846 0 0 2657127 209172 3876246 36800
0 847 0 0 2664407 209732 3886633 36900
0 848 0 0 2671718 210299 3896975 37000
0 849 0 0 2678973 210899 3907335 37100
0 849 0 0 2686196 211494 3917462 37200
0 849 0 0 2693379 211976 3927526 37300
0 850 0 0 2700601 212430 3937461 37400
0 850 0 0 2707827 212884 3947462 37500
0 853 0 0 2715103 213384 3957499 37600
0 856 0 0 2722224 213892 3967432 37700
0 857 0 0 2729485 214429 3977689 37800
0 860 0 0 2736858 214974 3988223 37900
0 861 0 0 2744225 215548 3998811 38000
0 866 0 0 2751511 216160 4009424 38100
0 867 0 0 2758758 216738 4019952 38200
0 869 0 0 2766152 217342 4030529 38300
0 871 0 0 2773504 217942 4041169 38400
0 871 0 0 2780865 218487 4051888 38500
0 874 0 0 2788171 219107 4062638 38600
0 875 0 0 2795562 219787 4073381 38700
0 876 0 0 2802886 220372 4083868 38800
0 876 0 0 2810166 220961 4094477 38900
0 878 0 0 2817561 221496 4105174 39000
0 878 0 0 2824917 222086 4115788 39100
0 880 0 0 2832352 222647 4126664 39200
0 880 0 0 2839788 223132 4137422 39300
0 881 0 0 2847106 223700 4148072 39400
0 882 0 0 2854542 224218 4158803 39500
0 883 0 0 2861885 224721 4169459 39600
0 884 0 0 2869274 225339 4180177 39700
0 885 0 0 2876628 225932 4190951 39800
0 886 0 0 2884141 226522 4202007 39900
0 887 0 0 2891650 227104 4212996 40000
0 888 0 0 2899152 227705 4223877 40100
0 889 0 0 2906517 228261 4234563 40200
0 889 0 0 2913884 228842 4245045 40300
0 890 0 0 2921329 229353 4255534 40400
0 890 0 0 2928707 229841 4265870 40500
0 891 0 0 2935949 230438 4276174 40600
0 891 0 0 2943294 230988 4286531 40700
0 892 0 0 2950706 231458 4297100 40800
0 892 0 0 2957962 231978 4307357 40900
0 892 0 0 2965422 232481 4317907 41000
0 895 0 0 2972770 233009 4328293 41100
0 896 0 0 2980042 233553 4338835 41200
0 898 0 0 2987452 234135 4349384 41300
0 900 0 0 2994772 234677 4360047 41400
0 902 0 0 3002087 235202 4370883 41500
0 902 0 0 3009617 235715 4381849 41600
0 902 0 0 3017007 236289 4392933 41700
0 902 0 0 3024549 236864 4403921 41800
0 905 0 0 3031951 237434 4414883 41900
0 905 0 0 3039376 237956 4425668 42000
0 908 0 0 3046808 238585 4436675 42100
0 908 0 0 3054210 239201 4447496 42200
0 909 0 0 3061703 239817 4458349 42300
0 910 0 0 3069173 240464 4469091 42400
0 910 0 0 3076555 241136 4479692 42500
0 910 0 0 3083901 241792 4490400 42600
0 910 0 0 3091364 242454 4501119 42700
0 910 0 0 3098677 243031 4511487 42800
0 911 0 0 3106003 243658 4521984 42900
0 912 0 0 3113435 244278 4532657 43000
0 914 0 0 3120717 244876 4543220 43100
0 915 0 0 3128105 245470 4553634 43200
0 917 0 0 3135350 246031 4564021 43300
0 917 0 0 3142724 246582 4574453 43400
0 920 0 0 3150037 247150 4584762 43500
0 921 0 0 3157320 247714 4595084 43600
0 921 0 0 3164713 248211 4605346 43700
0 922 0 0 3172090 248809 4615791 43800
0 922 0 0 3179408 249346 4626171 43900
0 924 0 0 3186736 249899 4636541 44000
0 924 0 0 3194034 250481 4646816 44100
0 924 0 0 3201405 251036 4657025 44200
0 927 0 0 3208715 251541 4667154 44300
0 927 0 0 3216010 252081 4677425 44400
0 927 0 0 3223328 252625 4687693 44500
0 929 0 0 3230682 253115 4698163 44600
0 931 0 0 3238075 253599 4708715 44700
0 931 0 0 3245623 254091 4719473 44800
0 932 0 0 3252993 254589 4729816 44900
0 935 0 0 3260423 255018 4740085 45000
0 938 0 0 3267707 255538 4750331 45100
0 939 0 0 3275029 255966 4760518 45200
0 940 0 0 3282387 256387 4770994 45300
0 940 0 0 3289777 256812 4781419 45400
0 941 0 0 3297236 257194 4791923 45500
0 941 0 0 3304721 257638 4802446 45600
0 942 0 0 3312166 258020 4813013 45700
0 942 0 0 3319478 258452 4823245 45800
0 942 0 0 3326823 258889 4833361 45900
0 942 0 0 3334138 259283 4843146 46000
0 943 0 0 3341393 259754 4853066 46100
0 943 0 0 3348526 260222 4862769 46200
0 943 0 0 3355880 260680 4872997 46300
0 943 0 0 3363081 261073 4883126 46400
0 943 0 0 3370498 261496 4893476 46500
0 943 0 0 3377736 261900 4903614 46600
0 945 0 0 3385027 262304 4913677 46700
0 945 0 0 3392340 262664 4923762 46800
0 946 0 0 3399709 263064 4933701 46900
0 947 0 0 3406886 263463 4943455 47000
0 952 0 0 3413995 263879 4953180 47100
0 952 0 0 3421272 264280 4963049 47200
0 954 0 0 3428489 264647 4972721 47300
0 956 0 0 3435725 265095 4982402 47400
0 957 0 0 3442967 265582 4992093 47500
0 961 0 0 3450193 266022 5001754 47600
0 961 0 0 3457393 266482 5011426 47700
0 962 0 0 3464659 266892 5021219 47800
0 963 0 0 3471995 267348 5031222 47900
0 964 0 0 3479176 267735 5041157 48000
0 964 0 0 3486592 268202 5051483 48100
0 965 0 0 3493810 268678 5061821 48200
0 966 0 0 3501146 269127 5072193 48300
0 967 0 0 3508442 269635 5082553 48400
0 969 0 0 3515810 270185 5093128 48500
0 969 0 0 3523028 270720 5103358 48600
0 971 0 0 3530332 271266 5113627 48700
0 973 0 0 3537692 271806 5124077 48800
0 974 0 0 3545041 272415 5134576 48900
0 974 0 0 3552396 272912 5144957 49000
0 975 0 0 3559776 273491 5155326 49100
0 977 0 0 3566996 274128 5165501 49200
0 979 0 0 3574404 274720 5175837 49300
0 981 0 0 3581667 275322 5186013 49400
0 981 0 0 3589046 275870 5196324 49500
0 982 0 0 3596374 276372 5206459 49600
0 983 0 0 3603688 276889 5216644 49700
0 986 0 0 3611007 277329 5226641 49800
0 986 0 0 3618284 277723 5236662 49900
0 988 0 0 3625613 278195 5247010 50000
0 990 0 0 3632948 278723 5257268 50100
0 994 0 0 3640215 279236 5267461 50200
0 994 0 0 3647667 279682 5277923 50300
0 995 0 0 3655035 280153 5288219 50400
0 995 0 0 3662442 280615 5298531 50500
0 996 0 0 3669680 281070 5308576 50600
0 997 0 0 3677150 281559 5319031 50700
0 1000 0 0 3684478 282025 5329251 50800
0 1000 0 0 3691856 282471 5339433 50900
0 1004 0 0 3699101 282911 5349505 51000
0 1004 0 0 3706485 283435 5359812 51100
0 1008 0 0 3713922 283911 5370295 51200
0 1010 0 0 3721232 284338 5380527 51300
0 1013 0 0 3728541 284805 5390771 51400
0 1015 0 0 3735839 285223 5401044 51500
0 1017 0 0 3743333 285672 5411564 51600
0 1017 0 0 3750640 286127 5421885 51700
0 1017 0 0 3757968 286570 5431883 51800
0 1019 0 0 3765270 287004 5441840 51900
0 1019 0 0 3772539 287436 5451659 52000
0 1020 0 0 3779719 287838 5461261 52100
0 1020 0 0 3786906 288316 5470997 52200
0 1020 0 0 3794130 288726 5480816 52300
0 1021 0 0 3801309 289107 5490539 52400
0 1021 0 0 3808595 289506 5500324 52500
0 1022 0 0 3815827 289978 5510112 52600
0 1023 0 0 3823011 290417 5519983 52700
0 1024 0 0 3830319 290877 5529963 52800
0 1025 0 0 3837570 291313 5539848 52900
0 1026 0 0 3844859 291725 5549603 53000
0 1027 0 0 3852019 292166 5559301 53100
0 1029 0 0 3859158 292626 5569095 53200
0 1031 0 0 3866363 293124 5579009 53300
0 1032 0 0 3873527 293637 5588849 53400
0 1034 0 0 3880906 294164 5599009 53500
0 1034 0 0 3888206 294750 5609269 53600
0 1035 0 0 3895585 295349 5619497 53700
0 1036 0 0 3902832 295894 5629514 53800
0 1036 0 0 3910084 296496 5639420 53900
0 1037 0 0 3917211 297131 5649390 54000
0 1038 0 0 3924514 297716 5659443 54100
0 1039 0 0 3931838 298298 5669747 54200
0 1040 0 0 3939127 298897 5679943 54300
0 1043 0 0 3946303 299529 5690189 54400
0 1043 0 0 3953605 300104 5700341 54500
0 1044 0 0 3960876 300705 5710567 54600
0 1044 0 0 3968099 301331 5720802 54700
0 1044 0 0 3975389 301945 5731232 54800
0 1045 0 0 3982827 302596 5741971 54900
0 1045 0 0 3990182 303265 5752798 55000
0 1046 0 0 3997628 303897 5763859 55100
0 1048 0 0 4005054 304487 5774755 55200
0 1049 0 0 4012547 305068 5785877 55300
0 1052 0 0 4020008 305629 5796997 55400
0 1053 0 0 4027446 306231 5808223 55500
0 1054 0 0 4034909 306859 5819259 55600
0 1057 0 0 4042256 307426 5830114 55700
0 1058 0 0 4049646 307999 5841030 55800
0 1059 0 0 4057094 308566 5851961 55900
0 1061 0 0 4064503 309178 5862848 56000
0 1061 0 0 4071837 309767 5873533 56100
0 1062 0 0 4079100 310359 5884100 56200
0 1064 0 0 4086495 310946 5894838 56300
0 1066 0 0 4093912 311473 5905486 56400
0 1067 0 0 4101159 312006 5915876 56500
0 1070 0 0 4108569 312532 5926658 56600
0 1073 0 0 4115933 313052 5937144 56700
0 1074 0 0 4123059 313601 5947419 56800
0 1078 0 0 4130466 314156 5957889 56900
0 1079 0 0 4137635 314674 5968167 57000
0 1081 0 0 4144969 315226 5978661 57100
0 1084 0 0 4152228 315764 5989129 57200
0 1084 0 0 4159560 316252 5999792 57300
0 1088 0 0 4166910 316731 6010488 57400
0 1089 0 0 4174272 317217 6021260 57500
0 1091 0 0 4181623 317714 6031971 57600
0 1094 0 0 4189016 318231 6042836 57700
0 1096 0 0 4196336 318712 6053480 57800
0 1099 0 0 4203759 319290 6064308 57900
0 1101 0 0 4211089 319774 6075040 58000
0 1104 0 0 4218431 320280 6085580 58100
0 1106 0 0 4225769 320721 6096255 58200
0 1108 0 0 4233082 321149 6106702 58300
0 1110 0 0 4240447 321609 6117241 58400
0 1110 0 0 4247790 322104 6127720 58500
0 1111 0 0 4255133 322607 6138081 58600
0 1113 0 0 4262512 323111 6148743 58700
0 1114 0 0 4269838 323547 6159238 58800
0 1115 0 0 4277150 324021 6169925 58900
0 1117 0 0 4284485 324471 6180568 59000
0 1120 0 0 4292118 324944 6191590 59100
0 1121 0 0 4299363 325411 6202226 59200
0 1123 0 0 4306738 325856 6212936 59300
0 1124 0 0 4314189 326320 6223684 59400
0 1126 0 0 4321603 326753 6234273 59500
0 1128 0 0 4328969 327274 6244750 59600
0 1128 0 0 4336315 327754 6255165 59700
0 1131 0 0 4343680 328293 6265682 59800
0 1132 0 0 4351019 328760 6276235 59900
0 1134 0 0 4358384 329264 6286980 60000
0 1134 0 0 4365882 329735 6297820 60100
0 1134 0 0 4373232 330214 6308363 60200
0 1135 0 0 4380657 330721 6318704 60300
0 1136 0 0 4387957 331234 6329017 60400
0 1139 0 0 4395099 331755 6338937 60500
0 1140 0 0 4402328 332224 6348897 60600
0 1140 0 0 4409442 332710 6358931 60700
0 1142 0 0 4416692 333226 6369175 60800
0 1144 0 0 4423975 333700 6379331 60900
0 1146 0 0 4431179 334142 6389488 61000
0 1147 0 0 4438447 334552 6399555 61100
0 1149 0 0 4445645 334901 6409412 61200
0 1149 0 0 4452875 335250 6419366 61300
0 1150 0 0 4460119 335623 6429072 61400
0 1151 0 0 4467227 336037 6438630 61500
0 1153 0 0 4474438 336434 6448094 61600
0 1154 0 0 4481463 336829 6457412 61700
0 1154 0 0 4488552 337233 6466884 61800
0 1155 0 0 4495704 337684 6476585 61900
0 1155 0 0 4502862 338086 6486156 62000
0 1156 0 0 4509975 338527 6495723 62100
0 1156 0 0 4517207 338993 6505511 62200
0 1156 0 0 4524389 339408 6515261 62300
0 1157 0 0 4531515 339790 6524800 62400
0 1158 0 0 4538702 340242 6534568 62500
0 1159 0 0 4545886 340661 6544361 62600
0 1159 0 0 4553135 341142 6554252 62700
0 1161 0 0 4560244 341689 6564080 62800
0 1163 0 0 4567502 342211 6574180 62900
0 1165 0 0 4574811 342771 6584549 63000
0 1166 0 0 4582030 343368 6594822 63100
0 1166 0 0 4589226 343868 6604946 63200
0 1168 0 0 4596588 344308 6615349 63300
0 1168 0 0 4603736 344853 6625558 63400
0 1170 0 0 4611056 345449 6636105 63500
0 1171 0 0 4618407 345927 6646499 63600
0 1172 0 0 4625677 346406 6656916 63700
0 1175 0 0 4632963 346922 6667346 63800
0 1175 0 0 4640226 347456 6677982 63900
0 1175 0 0 4647647 348024 6688830 64000
0 1175 0 0 4655003 348494 6699756 64100
0 1176 0 0 4662455 349043 6710908 64200
0 1177 0 0 4669880 349564 6722012 64300
0 1178 0 0 4677211 350123 6733057 64400
0 1179 0 0 4684787 350686 6744329 64500
0 1180 0 0 4692242 351295 6755664 64600
0 1183 0 0 4699589 351882 6766661 64700
0 1183 0 0 4707050 352446 6777601 64800
0 1184 0 0 4714406 353112 6788592 64900
0 1185 0 0 4721699 353704 6799417 65000
0 1185 0 0 4728947 354273 6810463 65100
0 1185 0 0 4736445 354894 6821608 65200
0 1186 0 0 4743839 355446 6832667 65300
0 1186 0 0 4751260 355995 6843898 65400
0 1186 0 0 4758700 356546 6855172 65500
0 1186 0 0 4766247 357115 6866582 65600
0 1186 0 0 4773689 357705 6877679 65700
0 1187 0 0 4781062 358257 6888605 65800
0 1187 0 0 4788381 358845 6899419 65900
0 1188 0 0 4795656 359401 6909931 66000
0 1189 0 0 4802986 360036 6920669 66100
0 1189 0 0 4810313 360591 6931347 66200
0 1191 0 0 4817656 361176 6942273 66300
0 1193 0 0 4824985 361767 6953448 66400
0 1194 0 0 4832414 362324 6964548 66500
0 1196 0 0 4839984 362903 6975991 66600
0 1198 0 0 4847460 363470 6987165 66700
0 1201 0 0 4855017 364020 6998514 66800
0 1204 0 0 4862525 364608 7009359 66900
0 1207 0 0 4869868 365149 7020205 67000
0 1207 0 0 4877212 365713 7031014 67100
0 1208 0 0 4884591 366303 7041746 67200
0 1211 0 0 4891860 366891 7052176 67300
0 1212 0 0 4899062 367432 7062493 67400
0 1212 0 0 4906355 367970 7072877 67500
0 1213 0 0 4913587 368463 7082907 67600
0 1214 0 0 4920770 369018 7092893 67700
0 1215 0 0 4927944 369545 7102885 67800
0 1215 0 0 4935137 370077 7112834 67900
0 1216 0 0 4942413 370565 7122958 68000
0 1217 0 0 4949585 371089 7133057 68100
0 1219 0 0 4956885 371670 7143264 68200
0 1221 0 0 4964099 372134 7153234 68300
0 1222 0 0 4971229 372701 7163442 68400
0 1225 0 0 4978564 373224 7173761 68500
0 1225 0 0 4985868 373741 7184084 68600
0 1227 0 0 4993181 374229 7194243 68700
0 1228 0 0 5000395 374721 7204238 68800
0 1229 0 0 5007750 375169 7214467 68900
0 1229 0 0 5015038 375610 7224672 69000
0 1231 0 0 5022505 376057 7235103 69100
0 1232 0 0 5029800 376508 7245195 69200
0 1236 0 0 5037092 376944 7255186 69300
0 1238 0 0 5044400 377445 7265098 69400
0 1241 0 0 5051515 377904 7274871 69500
0 1241 0 0 5058727 378374 7284630 69600
0 1242 0 0 5065898 378838 7294132 69700
0 1243 0 0 5073020 379251 7303568 69800
0 1244 0 0 5080213 379666 7313158 69900
0 1247 0 0 5087365 380166 7322865 70000
0 1248 0 0 5094594 380660 7332700 70100
0 1249 0 0 5101862 381165 7342506 70200
0 1250 0 0 5109036 381692 7352300 70300
0 1251 0 0 5116380 382150 7362260 70400
0 1254 0 0 5123710 382684 7372266 70500
0 1255 0 0 5130998 383228 7382241 70600
0 1257 0 0 5138266 383714 7392152 70700
0 1258 0 0 5145635 384189 7402370 70800
0 1260 0 0 5153064 384716 7412888 70900
0 1261 0 0 5160440 385213 7423272 71000
0 1262 0 0 5167832 385767 7433835 71100
0 1264 0 0 5175252 386366 7444386 71200
0 1265 0 0 5182523 386920 7454837 71300
0 1267 0 0 5189848 387446 7465212 71400
0 1270 0 0 5197117 387998 7475713 71500
0 1273 0 0 5204448 388498 7486462 71600
0 1276 0 0 5211815 389028 7497367 71700
0 1277 0 0 5219271 389554 7508271 71800
0 1279 0 0 5226747 390057 7519290 71900
0 1281 0 0 5234159 390585 7530157 72000
0 1283 0 0 5241482 391137 7540906 72100
0 1284 0 0 5249029 391761 7552014 72200
0 1289 0 0 5256421 392346 7563036 72300
0 1293 0 0 5263963 392933 7574276 72400
0 1295 0 0 5271497 393485 7585565 72500
0 1295 0 0 5278990 394087 7596814 72600
0 1299 0 0 5286542 394711 7608166 72700
0 1302 0 0 5294015 395335 7619303 72800
0 1304 0 0 5301535 396011 7630720 72900
0 1308 0 0 5309070 396655 7642048 73000
0 1314 0 0 5316584 397272 7653385 73100
0 1314 0 0 5324065 397956 7664850 73200
0 1318 0 0 5331617 398603 7676264 73300
0 1318 0 0 5339068 399250 7687347 73400
0 1322 0 0 5346472 399916 7698506 73500
0 1322 0 0 5353839 400593 7709660 73600
0 1325 0 0 5361218 401266 7720959 73700
0 1326 0 0 5368809 401900 7732464 73800
0 1328 0 0 5376241 402538 7743678 73900
0 1329 0 0 5383611 403152 7754913 74000
0 1330 0 0 5391004 403755 7765869 74100
0 1333 0 0 5398365 404376 7776699 74200
0 1333 0 0 5405754 404966 7787609 74300
0 1336 0 0 5413150 405548 7798634 74400
0 1337 0 0 5420501 406063 7809676 74500
0 1339 0 0 5427929 406676 7820868 74600
0 1341 0 0 5435353 407283 7832127 74700
0 1342 0 0 5442737 407885 7843153 74800
0 1344 0 0 5450065 408457 7854035 74900
0 1346 0 0 5457568 409047 7865277 75000
0 1349 0 0 5464942 409598 7876228 75100
0 1349 0 0 5472424 410145 7887230 75200
0 1354 0 0 5479907 410728 7898249 75300
0 1355 0 0 5487305 411254 7909015 75400
0 1359 0 0 5494669 411808 7919916 75500
0 1360 0 0 5502000 412383 7930633 75600
0 1363 0 0 5509356 412853 7941316 75700
0 1367 0 0 5516763 413346 7951878 75800
0 1372 0 0 5524025 413797 7962315 75900
0 1374 0 0 5531240 414231 7972691 76000
0 1378 0 0 5538599 414675 7983196 76100
0 1380 0 0 5546126 415159 7993939 76200
0 1382 0 0 5553429 415728 8004608 76300
0 1387 0 0 5560837 416236 8015280 76400
0 1388 0 0 5568146 416748 8025985 76500
0 1388 0 0 5575471 417214 8036625 76600
0 1388 0 0 5582903 417693 8047326 76700
0 1390 0 0 5590256 418189 8057908 76800
0 1390 0 0 5597744 418670 8068652 76900
0 1391 0 0 5605012 419154 8079158 77000
0 1391 0 0 5612472 419670 8089835 77100
0 1392 0 0 5619917 420078 8100322 77200
0 1393 0 0 5627139 420561 8110725 77300
0 1395 0 0 5634463 421068 8121320 77400
0 1396 0 0 5641757 421527 8131726 77500
0 1397 0 0 5649065 421995 8142174 77600
0 1397 0 0 5656306 422517 8152534 77700
0 1404 0 0 5663577 423021 8162835 77800
0 1405 0 0 5670873 423500 8173364 77900
0 1407 0 0 5678191 423946 8183875 78000
0 1410 0 0 5685611 424478 8194449 78100
0 1411 0 0 5692938 425004 8205064 78200
0 1413 0 0 5700271 425510 8215779 78300
0 1414 0 0 5707624 426001 8226150 78400
0 1415 0 0 5714902 426500 8236675 78500
0 1419 0 0 5722370 426935 8247416 78600
0 1422 0 0 5729697 427387 8257973 78700
0 1424 0 0 5737038 427848 8268612 78800
0 1426 0 0 5744313 428332 8279287 78900
0 1426 0 0 5751815 428821 8290136 79000
0 1430 0 0 5759111 429205 8300637 79100
0 1430 0 0 5766507 429687 8311224 79200
0 1434 0 0 5773906 430087 8321761 79300
0 1437 0 0 5781241 430500 8332252 79400
0 1440 0 0 5788540 430930 8342637 79500
0 1443 0 0 5795847 431331 8352875 79600
0 1443 0 0 5803085 431727 8362985 79700
0 1446 0 0 5810393 432086 8373109 79800
0 1450 0 0 5817768 432491 8383601 79900
0 1454 0 0 5825154 432944 8394111 80000
0 1455 0 0 5832352 433369 8404258 80100
0 1457 0 0 5839445 433831 8414071 80200
0 1460 0 0 5846837 434282 8424336 80300
0 1462 0 0 5853937 434665 8433973 80400
0 1465 0 0 5861149 435064 8443849 80500
0 1465 0 0 5868445 435492 8453750 80600
0 1466 0 0 5875538 435918 8463490 80700
0 1468 0 0 5882820 436320 8473350 80800
0 1468 0 0 5889998 436757 8483216 80900
0 1469 0 0 5897174 437223 8493223 81000
0 1473 0 0 5904469 437740 8503482 81100
0 1473 0 0 5911763 438204 8513777 81200
0 1474 0 0 5919056 438688 8523990 81300
0 1476 0 0 5926315 439145 8534111 81400
0 1476 0 0 5933568 439581 8544212 81500
0 1477 0 0 5940894 440021 8554285 81600
0 1479 0 0 5948239 440467 8564291 81700
0 1479 0 0 5955392 441001 8574334 81800
0 1479 0 0 5962691 441470 8584564 81900
0 1479 0 0 5969914 441916 8594694 82000
0 1479 0 0 5977163 442460 8605078 82100
0 1481 0 0 5984487 442915 8615426 82200
0 1482 0 0 5991745 443410 8625597 82300
0 1482 0 0 5998964 443815 8635744 82400
0 1484 0 0 6006232 444274 8645792 82500
0 1484 0 0 6013491 444751 8655941 82600
0 1486 0 0 6020699 445223 8665965 82700
0 1488 0 0 6028015 445710 8676124 82800
0 1488 0 0 6035212 446150 8686092 82900
0 1491 0 0 6042412 446546 8695998 83000
0 1491 0 0 6049627 446989 8706034 83100
0 1494 0 0 6056888 447460 8716012 83200
0 1497 0 0 6064099 447958 8726068 83300
0 1497 0 0 6071272 448449 8736024 83400
0 1500 0 0 6078509 448939 8746234 83500
0 1502 0 0 6085702 449395 8756461 83600
0 1503 0 0 6093098 449848 8767075 83700
0 1504 0 0 6100546 450347 8777626 83800
0 1506 0 0 6107831 450769 8788048 83900
0 1507 0 0 6115185 451227 8798418 84000
0 1507 0 0 6122497 451576 8808608 84100
0 1508 0 0 6129683 451958 8818647 84200
0 1510 0 0 6137149 452371 8829013 84300
0 1511 0 0 6144358 452759 8839010 84400
0 1514 0 0 6151667 453199 8849113 84500
0 1515 0 0 6158993 453723 8859348 84600
0 1516 0 0 6166223 454162 8869457 84700
0 1517 0 0 6173525 454605 8879743 84800
0 1518 0 0 6180895 455011 8889982 84900
0 1520 0 0 6188280 455478 8900158 85000
0 1523 0 0 6195479 455947 8910460 85100
0 1523 0 0 6202802 456382 8920888 85200
0 1526 0 0 6210287 456842 8931513 85300
0 1528 0 0 6217766 457235 8942083 85400
0 1528 0 0 6225147 457699 8952464 85500
0 1529 0 0 6232546 458154 8962810 85600
0 1530 0 0 6239790 458555 8972827 85700
0 1531 0 0 6247095 458917 8982813 85800
0 1531 0 0 6254432 459344 8992663 85900
0 1532 0 0 6261583 459769 9002284 86000
0 1533 0 0 6268819 460203 9012141 86100
0 1534 0 0 6276009 460626 9022071 86200
0 1535 0 0 6283305 461027 9032239 86300
0 1537 0 0 6290541 461473 9042496 86400
0 1539 0 0 6297910 461955 9052979 86500
0 1541 0 0 6305153 462388 9063393 86600
0 1541 0 0 6312639 462852 9073857 86700
0 1541 0 0 6319888 463329 9084187 86800
0 1542 0 0 6327106 463783 9094641 86900
0 1545 0 0 6334563 464210 9105404 87000
0 1545 0 0 6342071 464645 9116112 87100
0 1548 0 0 6349481 465121 9126724 87200
0 1548 0 0 6356774 465613 9137343 87300
0 1548 0 0 6364169 466049 9148011 87400
0 1552 0 0 6371525 466570 9158716 87500
0 1552 0 0 6378938 466992 9169336 87600
0 1552 0 0 6386304 467461 9179988 87700
0 1555 0 0 6393497 467928 9190481 87800
0 1557 0 0 6400978 468431 9201456 87900
0 1558 0 0 6408438 468906 9212406 88000
0 1558 0 0 6415910 469398 9223619 88100
0 1562 0 0 6423384 469822 9234606 88200
0 1565 0 0 6430820 470289 9245605 88300
0 1567 0 0 6438297 470734 9256676 88400
0 1570 0 0 6445808 471148 9267782 88500
0 1572 0 0 6453310 471587 9278912 88600
0 1572 0 0 6460876 472005 9289991 88700
0 1574 0 0 6468300 472430 9300839 88800
0 1575 0 0 6475934 472865 9311857 88900
0 1578 0 0 6483226 473381 9322343 89000
0 1580 0 0 6490625 473937 9333116 89100
0 1582 0 0 6498083 474346 9343621 89200
0 1585 0 0 6505486 474784 9354078 89300
0 1586 0 0 6512812 475209 9364467 89400
0 1590 0 0 6520211 475609 9374762 89500
0 1593 0 0 6527503 475991 9385108 89600
0 1594 0 0 6534954 476397 9395755 89700
0 1594 0 0 6542388 476826 9406365 89800
0 1596 0 0 6549782 477339 9417034 89900
0 1599 0 0 6557139 477828 9427693 90000
0 1600 0 0 6564589 478373 9438568 90100
0 1601 0 0 6571990 478918 9449251 90200
0 1601 0 0 6579330 479517 9459903 90300
0 1601 0 0 6586736 480162 9470730 90400
0 1603 0 0 6594196 480816 9481620 90500
0 1604 0 0 6601608 481472 9492416 90600
0 1606 0 0 6609015 482153 9503360 90700
0 1607 0 0 6616293 482874 9514269 90800
0 1607 0 0 6623765 483606 9525183 90900
0 1608 0 0 6631110 484299 9535827 91000
0 1608 0 0 6638450 484935 9546244 91100
0 1608 0 0 6645736 485575 9556543 91200
0 1608 0 0 6653134 486172 9567090 91300
0 1608 0 0 6660284 486776 9577224 91400
0 1608 0 0 6667602 487367 9587543 91500
0 1609 0 0 6674855 487961 9597877 91600
0 1611 0 0 6682237 488556 9608226 91700
0 1614 0 0 6689532 489162 9618721 91800
0 1614 0 0 6696941 489707 9629493 91900
0 1615 0 0 6704419 490306 9640497 92000
0 1617 0 0 6711867 490902 9651320 92100
0 1620 0 0 6719323 491445 9661971 92200
0 1621 0 0 6726685 492030 9672667 92300
0 1625 0 0 6734020 492649 9683374 92400
0 1627 0 0 6741536 493297 9694275 92500
0 1630 0 0 6748838 493864 9704908 92600
0 1631 0 0 6756371 494526 9715873 92700
0 1631 0 0 6763711 495147 9726516 92800
0 1632 0 0 6771149 495754 9737204 92900
0 1632 0 0 6778602 496366 9748286 93000
0 1633 0 0 6786000 496995 9759314 93100
0 1633 0 0 6793520 497588 9770304 93200
0 1634 0 0 6800891 498135 9781044 93300
0 1635 0 0 6808383 498704 9792016 93400
0 1636 0 0 6815802 499211 9802936 93500
0 1637 0 0 6823190 499764 9813619 93600
0 1637 0 0 6830569 500285 9824139 93700
0 1639 0 0 6838021 500869 9834819 93800
0 1640 0 0 6845386 501526 9845397 93900
0 1644 0 0 6852646 502093 9855872 94000
0 1645 0 0 6859932 502749 9866584 94100
0 1646 0 0 6867480 503330 9877434 94200
0 1648 0 0 6874855 503852 9888143 94300
0 1650 0 0 6882372 504357 9898818 94400
0 1651 0 0 6889663 504880 9909032 94500
0 1653 0 0 6896996 505448 9919322 94600
0 1653 0 0 6904363 506026 9929787 94700
0 1653 0 0 6911840 506587 9940348 94800
0 1654 0 0 6919259 507180 9950832 94900
0 1656 0 0 6926618 507719 9961185 95000
0 1656 0 0 6933913 508290 9971545 95100
0 1658 0 0 6941358 508913 9982045 95200
0 1658 0 0 6948619 509478 9992230 95300
0 1660 0 0 6955939 510005 10002530 95400
0 1662 0 0 6963170 510562 10012747 95500
0 1663 0 0 6970516 511174 10023189 95600
0 1665 0 0 6977873 511689 10033657 95700
0 1666 0 0 6985272 512203 10044308 95800
0 1666 0 0 6992663 512812 10055089 95900
0 1667 0 0 7000052 513407 10065847 96000
0 1667 0 0 7007517 513982 10076772 96100
0 1667 0 0 7015005 514586 10087753 96200
0 1669 0 0 7022385 515208 10098810 96300
0 1670 0 0 7029794 515803 10109809 96400
0 1671 0 0 7037172 516441 10120935 96500
0 1672 0 0 7044634 517083 10132270 96600
0 1674 0 0 7052201 517614 10143583 96700
0 1675 0 0 7059779 518232 10154928 96800
0 1675 0 0 7067237 518806 10165980 96900
0 1675 0 0 7074791 519409 10177279 97000
0 1675 0 0 7082459 519943 10188651 97100
0 1679 0 0 7089864 520505 10199920 97200
0 1679 0 0 7097565 521071 10211303 97300
0 1683 0 0 7105045 521608 10222327 97400
0 1683 0 0 7112413 522075 10233002 97500
0 1685 0 0 7119691 522561 10243469 97600
0 1686 0 0 7127113 523071 10253959 97700
0 1687 0 0 7134289 523579 10264371 97800
0 1688 0 0 7141639 524080 10275016 97900
0 1689 0 0 7149032 524530 10285571 98000
0 1689 0 0 7156310 524955 10295922 98100
0 1691 0 0 7163564 525417 10306338 98200
0 1693 0 0 7170785 525862 10316564 98300
0 1695 0 0 7178216 526307 10327093 98400
0 1696 0 0 7185387 526799 10337419 98500
0 1697 0 0 7192617 527347 10347840 98600
0 1699 0 0 7199967 527855 10358339 98700
0 1701 0 0 7207372 528369 10368792 98800
0 1703 0 0 7214543 528930 10379029 98900
0 1706 0 0 7221875 529523 10389396 99000
0 1707 0 0 7229217 530110 10399805 99100
0 1708 0 0 7236561 530677 10410334 99200
0 1708 0 0 7243859 531214 10420807 99300
0 1710 0 0 7251369 531766 10431655 99400
0 1711 0 0 7258819 532322 10442402 99500
0 1712 0 0 7266107 532882 10452892 99600
0 1713 0 0 7273492 533415 10463433 99700
0 1713 0 0 7280699 533917 10473751 99800
0 1714 0 0 7288024 534532 10484385 99900
0 1714 0 0 7295329 535059 10494941 100000
0 1715 0 0 7302736 535601 10505629 100100
0 1716 0 0 7310033 536243 10516201 100200
0 1716 0 0 7317296 536769 10526599 100300
0 1716 0 0 7324673 537296 10537191 100400
0 1721 0 0 7332021 537816 10547917 100500
0 1723 0 0 7339410 538378 10558669 100600
0 1725 0 0 7346776 538955 10569333 100700
0 1725 0 0 7354264 539490 10580293 100800
0 1726 0 0 7361722 540047 10591464 100900
0 1729 0 0 7369150 540634 10602657 101000
0 1730 0 0 7376538 541235 10613787 101100
0 1731 0 0 7383865 541801 10624690 101200
0 1733 0 0 7391365 542358 10635749 101300
0 1733 0 0 7398760 542997 10646983 101400
0 1736 0 0 7406176 543599 10658112 101500
0 1738 0 0 7413711 544210 10669238 101600
0 1741 0 0 7421253 544829 10680349 101700
0 1742 0 0 7428675 545489 10691350 101800
0 1743 0 0 7436244 546080 10702536 101900
0 1745 0 0 7443702 546652 10713477 102000
0 1748 0 0 7451176 547141 10724078 102100
0 1750 0 0 7458560 547639 10734499 102200
0 1753 0 0 7465888 548102 10744849 102300
0 1758 0 0 7473231 548577 10755234 102400
0 1759 0 0 7480559 549054 10765722 102500
0 1762 0 0 7488006 549641 10776407 102600
0 1765 0 0 7495312 550107 10786803 102700
0 1768 0 0 7502645 550676 10797421 102800
0 1771 0 0 7509997 551212 10808076 102900
0 1772 0 0 7517329 551765 10818658 103000
0 1776 0 0 7524749 552327 10829405 103100
0 1778 0 0 7532014 552956 10839954 103200
0 1778 0 0 7539313 553458 10850210 103300
0 1778 0 0 7546712 553984 10860798 103400
0 1778 0 0 7553908 554543 10871173 103500
0 1784 0 0 7561207 555160 10881670 103600
0 1784 0 0 7568571 555827 10892551 103700
0 1784 0 0 7575862 556504 10903267 103800
0 1787 0 0 7583314 557058 10914130 103900
0 1788 0 0 7590674 557629 10925079 104000
0 1789 0 0 7598052 558263 10936252 104100
0 1791 0 0 7605319 558821 10947210 104200
0 1793 0 0 7612824 559457 10958390 104300
0 1794 0 0 7620313 560110 10969632 104400
0 1796 0 0 7627855 560705 10980996 104500
0 1798 0 0 7635275 561305 10992100 104600
0 1798 0 0 7642647 561973 11003424 104700
0 1798 0 0 7650132 562595 11014757 104800
0 1799 0 0 7657583 563119 11025994 104900
0 1799 0 0 7665021 563768 11037099 105000
0 1799 0 0 7672464 564423 11048265 105100
0 1800 0 0 7679842 565062 11059380 105200
0 1802 0 0 7687290 565723 11070561 105300
0 1803 0 0 7694780 566345 11081663 105400
0 1805 0 0 7702151 566968 11092451 105500
0 1807 0 0 7709537 567586 11103445 105600
0 1810 0 0 7716872 568214 11114388 105700
0 1810 0 0 7724198 568871 11125283 105800
0 1811 0 0 7731554 569512 11136043 105900
0 1812 0 0 7738940 570160 11146804 106000
0 1812 0 0 7746255 570843 11157527 106100
0 1813 0 0 7753591 571546 11168303 106200
0 1813 0 0 7760947 572183 11178989 106300
0 1815 0 0 7768279 572817 11189758 106400
0 1815 0 0 7775579 573488 11200637 106500
0 1817 0 0 7783095 574158 11211623 106600
0 1817 0 0 7790444 574810 11222469 106700
0 1817 0 0 7797922 575413 11233526 106800
0 1817 0 0 7805388 576089 11244548 106900
0 1818 0 0 7812785 576784 11255728 107000
0 1819 0 0 7820440 577465 11267302 107100
0 1819 0 0 7827940 578145 11278874 107200
0 1820 0 0 7835499 578813 11290328 107300
0 1820 0 0 7843109 579507 11301745 107400
0 1821 0 0 7850811 580198 11313264 107500
0 1823 0 0 7858319 580913 11324540 107600
0 1824 0 0 7865805 581603 11335690 107700
0 1826 0 0 7873238 582257 11346627 107800
0 1829 0 0 7880580 582949 11357337 107900
0 1831 0 0 7887934 583685 11367902 108000
0 1834 0 0 7895219 584406 11378505 108100
0 1835 0 0 7902627 585190 11389425 108200
0 1838 0 0 7910020 585943 11400433 108300
0 1840 0 0 7917525 586737 11411383 108400
0 1841 0 0 7925000 587414 11422385 108500
0 1841 0 0 7932506 588175 11433517 108600
0 1844 0 0 7939978 588827 11444412 108700
0 1844 0 0 7947287 589438 11455009 108800
0 1844 0 0 7954672 590087 11465848 108900
0 1846 0 0 7962158 590742 11476913 109000
0 1848 0 0 7969594 591426 11488035 109100
0 1849 0 0 7977085 592029 11499195 109200
0 1851 0 0 7984352 592646 11510372 109300
0 1853 0 0 7992000 593250 11521882 109400
0 1854 0 0 7999481 593836 11533203 109500
0 1855 0 0 8007018 594432 11544443 109600
0 1857 0 0 8014621 594962 11555685 109700
0 1858 0 0 8021982 595567 11566560 109800
0 1858 0 0 8029331 596127 11577201 109900
0 1858 0 0 8036734 596679 11587896 110000
0 1860 0 0 8044049 597273 11598519 110100
0 1862 0 0 8051458 597781 11609257 110200
0 1862 0 0 8058874 598326 11619999 110300
0 1862 0 0 8066350 598823 11630822 110400
0 1865 0 0 8073691 599401 11641613 110500
0 1865 0 0 8081183 599969 11652509 110600
0 1866 0 0 8088721 600583 11663405 110700
0 1867 0 0 8096026 601139 11674026 110800
0 1867 0 0 8103392 601625 11684805 110900
0 1870 0 0 8110898 602125 11695653 111000
0 1870 0 0 8118412 602600 11706481 111100
0 1870 0 0 8125894 603049 11717229 111200
0 1870 0 0 8133202 603440 11727873 111300
0 1873 0 0 8140716 603843 11738757 111400
0 1875 0 0 8148021 604256 11749363 111500
0 1878 0 0 8155522 604662 11760164 111600
0 1880 0 0 8162888 605030 11770453 111700
0 1883 0 0 8170185 605453 11780610 111800
0 1885 0 0 8177361 605861 11790530 111900
0 1887 0 0 8184500 606296 11800490 112000
0 1891 0 0 8191745 606771 11810565 112100
0 1893 0 0 8199020 607222 11820722 112200
0 1893 0 0 8206292 607628 11830845 112300
0 1894 0 0 8213563 608101 11840850 112400
0 1894 0 0 8220760 608563 11850910 112500
0 1895 0 0 8227907 609056 11860804 112600
0 1895 0 0 8235227 609493 11870830 112700
0 1896 0 0 8242380 610061 11880793 112800
0 1896 0 0 8249579 610568 11890684 112900
0 1897 0 0 8256849 611015 11900818 113000
0 1898 0 0 8264152 611510 11911052 113100
0 1899 0 0 8271385 611993 11921093 113200
0 1901 0 0 8278701 612509 11931262 113300
0 1904 0 0 8285935 613047 11941387 113400
0 1904 0 0 8293179 613588 11951681 113500
0 1906 0 0 8300592 614115 11962252 113600
0 1906 0 0 8308015 614684 11973019 113700
0 1907 0 0 8315431 615269 11983709 113800
0 1907 0 0 8322859 615758 11994339 113900
0 1907 0 0 8330317 616322 12005164 114000
0 1908 0 0 8337704 616906 12015917 114100
0 1909 0 0 8345140 617434 12026769 114200
0 1910 0 0 8352600 617962 12037709 114300
0 1910 0 0 8359955 618514 12048523 114400
0 1911 0 0 8367364 619033 12059381 114500
0 1913 0 0 8374805 619526 12070042 114600
0 1914 0 0 8382217 620040 12080657 114700
0 1914 0 0 8389593 620504 12091179 114800
0 1916 0 0 8397027 621016 12101772 114900
0 1916 0 0 8404233 621480 12112123 115000
0 1918 0 0 8411642 622065 12122797 115100
0 1919 0 0 8418960 622628 12133502 115200
0 1919 0 0 8426270 623204 12144414 115300
0 1921 0 0 8433807 623832 12155587 115400
0 1924 0 0 8441178 624413 12166452 115500
0 1925 0 0 8448687 625020 12177350 115600
0 1925 0 0 8456097 625519 12188190 115700
0 1926 0 0 8463375 626076 12198947 115800
0 1928 0 0 8470787 626679 12209870 115900
0 1929 0 0 8478128 627286 12220461 116000
0 1931 0 0 8485520 627913 12231236 116100
0 1935 0 0 8492752 628575 12241804 116200
0 1935 0 0 8500104 629228 12252451 116300
0 1937 0 0 8507360 629890 12262952 116400
0 1939 0 0 8514715 630496 12273572 116500
0 1941 0 0 8522076 631098 12284160 116600
0 1942 0 0 8529299 631799 12294836 116700
0 1944 0 0 8536715 632489 12305764 116800
0 1944 0 0 8544133 633156 12316614 116900
0 1947 0 0 8551530 633920 12327845 117000
0 1947 0 0 8558996 634643 12338941 117100
0 1948 0 0 8566505 635364 12350195 117200
0 1950 0 0 8573946 636145 12361383 117300
0 1950 0 0 8581289 636843 12372293 117400
0 1952 0 0 8588581 637595 12383365 117500
0 1955 0 0 8595805 638268 12394189 117600
0 1958 0 0 8603185 639027 12405129 117700
0 1958 0 0 8610483 639740 12416093 117800
0 1960 0 0 8617871 640454 12427035 117900
0 1961 0 0 8625198 641265 12438084 118000
0 1962 0 0 8632544 641930 12448832 118100
0 1964 0 0 8639869 642625 12459531 118200
0 1966 0 0 8647143 643260 12470220 118300
0 1968 0 0 8654402 643899 12480805 118400
0 1972 0 0 8661559 644549 12491298 118500
0 1972 0 0 8668942 645186 12501990 118600
0 1973 0 0 8676191 645782 12512480 118700
0 1974 0 0 8683503 646424 12523094 118800
0 1976 0 0 8690760 647073 12533711 118900
0 1977 0 0 8697937 647702 12544118 119000
0 1979 0 0 8705137 648315 12554561 119100
0 1980 0 0 8712395 648925 12564957 119200
0 1981 0 0 8719717 649562 12575797 119300
0 1984 0 0 8726958 650181 12586575 119400
0 1984 0 0 8734380 650825 12597727 119500
0 1985 0 0 8741683 651498 12608729 119600
0 1986 0 0 8749004 652241 12619822 119700
0 1987 0 0 8756410 652920 12630898 119800
0 1989 0 0 8763882 653558 12641889 119900
