0 0 2 0 0 0
0 0 3 0 0 100
0 0 5 1 3 200
0 0 5 1 3 300
0 0 5 1 3 400
0 0 7 2 3 500
0 0 8 2 3 600
0 0 9 2 4 700
0 0 9 2 4 800
0 0 10 2 4 900
0 0 12 2 4 1000
0 0 13 2 4 1100
0 0 14 3 6 1200
0 0 14 4 6 1300
0 0 16 4 7 1400
0 0 17 4 7 1500
1 0 19 4 10 1600
1 0 20 4 12 1700
1 0 22 4 12 1800
1 0 22 4 14 1900
2 0 23 5 14 2000
2 0 23 5 15 2100
2 0 23 5 15 2200
2 0 25 5 15 2300
2 0 28 5 17 2400
3 0 29 5 17 2500
4 0 31 5 20 2600
4 0 32 5 23 2700
4 0 35 5 24 2800
4 0 35 5 24 2900
4 0 36 5 26 3000
4 0 39 5 26 3100
4 0 41 5 28 3200
4 0 42 5 29 3300
4 0 43 6 30 3400
4 0 45 6 31 3500
4 0 46 6 32 3600
4 0 46 7 34 3700
4 0 49 7 34 3800
4 0 49 7 36 3900
5 0 51 7 37 4000
5 0 55 7 39 4100
5 0 58 7 41 4200
5 0 59 7 43 4300
5 0 60 7 44 4400
6 0 60 7 45 4500
7 0 61 7 46 4600
7 0 64 7 46 4700
7 0 67 7 47 4800
7 0 68 7 50 4900
8 0 70 7 52 5000
8 0 71 8 54 5100
9 0 73 9 54 5200
9 0 74 10 54 5300
9 0 74 11 56 5400
9 0 75 11 56 5500
9 0 77 11 57 5600
9 0 79 11 59 5700
9 0 81 11 59 5800
9 0 83 11 62 5900
9 0 84 11 64 6000
9 0 84 11 66 6100
9 0 86 11 66 6200
10 0 87 12 68 6300
10 0 90 12 68 6400
10 0 93 12 71 6500
10 0 94 12 73 6600
11 0 95 13 74 6700
12 0 97 13 74 6800
13 0 99 13 74 6900
13 0 101 13 76 7000
13 0 101 14 78 7100
13 0 101 14 78 7200
13 0 102 14 80 7300
13 0 104 14 80 7400
13 0 104 14 80 7500
13 0 105 15 80 7600
13 0 107 15 80 7700
13 0 110 16 82 7800
13 0 112 16 82 7900
13 0 113 16 86 8000
13 0 115 16 88 8100
13 0 117 16 88 8200
13 0 117 16 92 8300
13 0 118 16 92 8400
13 0 119 16 94 8500
13 0 120 16 94 8600
13 0 122 16 97 8700
13 0 125 16 97 8800
13 0 126 17 98 8900
13 0 130 17 101 9000
13 0 132 17 105 9100
13 0 134 17 106 9200
14 0 135 17 109 9300
14 0 139 17 110 9400
16 0 140 17 111 9500
17 0 142 17 114 9600
18 0 143 18 114 9700
18 0 147 18 117 9800
18 0 147 18 119 9900
18 0 147 18 121 10000
18 0 148 18 121 10100
18 0 150 18 122 10200
18 0 152 18 122 10300
19 0 153 18 123 10400
19 0 153 19 124 10500
19 0 155 19 125 10600
19 0 156 20 125 10700
19 0 157 20 127 10800
19 0 158 21 128 10900
19 0 159 21 129 11000
19 0 161 21 131 11100
20 0 163 21 132 11200
20 0 164 21 134 11300
20 0 165 21 134 11400
20 0 165 22 136 11500
20 0 166 22 136 11600
20 0 166 22 136 11700
20 0 168 23 136 11800
20 0 168 23 137 11900
20 0 170 23 138 12000
20 0 171 23 138 12100
20 0 172 23 139 12200
21 0 172 24 139 12300
22 0 172 24 140 12400
22 0 172 24 141 12500
22 0 173 24 141 12600
22 0 174 24 141 12700
22 0 175 24 142 12800
22 0 178 25 143 12900
22 0 181 25 145 13000
22 0 181 25 148 13100
22 0 182 25 149 13200
22 0 183 25 149 13300
22 0 183 25 149 13400
22 0 184 26 149 13500
22 0 185 26 150 13600
23 0 189 26 150 13700
23 0 189 26 152 13800
23 0 191 27 152 13900
25 0 191 28 153 14000
26 0 191 28 154 14100
26 0 192 28 154 14200
27 0 195 28 154 14300
29 0 196 29 155 14400
30 0 197 29 159 14500
30 0 197 29 161 14600
30 0 198 29 162 14700
30 0 198 29 164 14800
30 0 199 29 164 14900
30 0 200 29 166 15000
30 0 201 29 166 15100
30 0 203 30 167 15200
30 0 203 30 168 15300
30 0 203 30 169 15400
30 0 206 30 170 15500
30 0 206 30 170 15600
30 0 206 30 173 15700
31 0 207 30 174 15800
32 0 208 30 174 15900
32 0 209 30 174 16000
32 0 209 30 175 16100
32 0 210 30 176 16200
32 0 210 30 176 16300
32 0 210 30 176 16400
32 0 210 30 176 16500
32 0 211 30 176 16600
32 0 211 30 177 16700
33 0 212 30 177 16800
33 0 212 30 178 16900
34 0 213 30 178 17000
34 0 215 30 178 17100
35 0 216 30 179 17200
35 0 218 31 180 17300
36 0 220 32 181 17400
37 0 221 32 183 17500
37 0 224 32 184 17600
37 0 224 32 186 17700
37 0 224 32 186 17800
37 0 224 33 186 17900
37 0 224 33 186 18000
38 0 225 33 186 18100
39 0 226 33 186 18200
39 0 228 33 187 18300
39 0 229 33 189 18400
40 0 231 33 190 18500
42 0 232 33 190 18600
42 0 233 34 191 18700
42 0 234 34 192 18800
42 0 235 34 193 18900
42 0 236 34 194 19000
42 0 236 34 195 19100
42 0 236 34 195 19200
42 0 237 34 195 19300
42 0 238 34 195 19400
42 0 239 35 197 19500
42 0 239 35 198 19600
42 0 239 35 198 19700
42 0 240 35 198 19800
42 0 240 35 198 19900
42 0 241 35 199 20000
42 0 243 35 199 20100
42 0 243 36 199 20200
42 0 243 36 201 20300
42 0 246 36 201 20400
42 0 246 36 201 20500
42 0 246 36 203 20600
42 0 246 37 203 20700
42 0 246 37 203 20800
42 0 246 37 203 20900
42 0 247 37 203 21000
42 0 248 37 203 21100
42 0 248 38 203 21200
43 0 249 39 203 21300
43 0 251 39 203 21400
43 0 253 39 205 21500
43 0 256 39 205 21600
43 0 256 40 208 21700
43 0 257 40 209 21800
44 0 257 40 209 21900
44 0 258 40 209 22000
46 0 258 41 211 22100
46 0 260 41 212 22200
47 0 262 41 213 22300
47 0 263 41 217 22400
47 0 263 41 218 22500
48 0 263 41 218 22600
48 0 263 41 219 22700
48 0 264 41 219 22800
49 0 267 41 219 22900
49 0 270 42 221 23000
49 0 270 42 223 23100
49 0 271 42 225 23200
49 0 274 42 226 23300
49 0 275 42 228 23400
49 0 277 42 228 23500
49 0 279 43 229 23600
49 0 279 44 230 23700
49 0 279 44 232 23800
49 0 279 44 232 23900
49 0 279 44 232 24000
49 0 280 44 232 24100
49 0 280 44 232 24200
49 0 282 44 233 24300
50 0 283 44 235 24400
50 0 284 44 235 24500
51 0 284 44 237 24600
51 0 287 44 237 24700
52 0 288 44 238 24800
52 0 289 44 240 24900
53 0 290 45 241 25000
53 0 292 45 241 25100
53 0 292 45 241 25200
53 0 292 46 241 25300
53 0 293 47 241 25400
53 0 294 47 243 25500
53 0 294 47 244 25600
53 0 295 47 244 25700
53 0 295 47 244 25800
53 0 296 47 245 25900
54 0 297 47 246 26000
54 0 298 47 246 26100
54 0 299 47 247 26200
54 0 299 47 248 26300
54 0 300 47 249 26400
54 0 300 47 249 26500
54 0 300 47 250 26600
54 0 305 47 250 26700
54 0 306 47 252 26800
54 0 309 48 253 26900
55 0 310 48 254 27000
56 0 313 48 254 27100
56 0 315 48 255 27200
56 0 315 48 258 27300
56 0 316 49 258 27400
56 0 316 49 260 27500
56 0 316 49 260 27600
56 0 318 49 261 27700
57 0 319 49 261 27800
57 0 320 49 262 27900
57 0 322 49 263 28000
57 0 322 49 263 28100
57 0 322 49 263 28200
57 0 323 49 263 28300
57 0 325 49 263 28400
57 0 327 49 264 28500
57 0 328 49 265 28600
57 0 328 49 269 28700
58 0 329 49 269 28800
58 0 331 49 269 28900
58 0 331 49 272 29000
58 0 332 49 272 29100
58 0 332 49 272 29200
58 0 333 49 273 29300
58 0 335 49 273 29400
58 0 335 49 274 29500
58 0 337 49 275 29600
58 0 338 49 276 29700
59 0 338 49 278 29800
59 0 340 49 278 29900
59 0 342 49 279 30000
60 0 342 49 282 30100
61 0 343 49 283 30200
61 0 345 49 283 30300
61 0 347 49 285 30400
61 0 348 50 286 30500
61 0 350 50 287 30600
61 0 352 50 288 30700
62 0 353 50 290 30800
62 0 355 50 291 30900
62 0 357 51 291 31000
62 0 359 51 294 31100
62 0 360 52 295 31200
62 0 360 52 297 31300
62 0 360 52 297 31400
62 0 360 52 298 31500
63 0 360 52 298 31600
63 0 361 52 299 31700
63 0 364 52 300 31800
63 0 366 53 303 31900
63 0 367 53 303 32000
63 0 367 53 305 32100
63 0 367 54 306 32200
63 0 367 55 306 32300
63 0 368 55 306 32400
64 0 368 55 306 32500
65 0 368 55 306 32600
66 0 370 56 306 32700
67 0 370 56 307 32800
68 0 372 56 308 32900
68 0 372 56 309 33000
68 0 373 56 309 33100
68 0 374 57 310 33200
68 0 378 57 310 33300
68 0 378 58 313 33400
68 0 379 59 314 33500
68 0 380 59 316 33600
68 0 381 59 317 33700
68 0 383 59 318 33800
68 0 383 59 319 33900
68 0 385 59 319 34000
68 0 386 59 322 34100
68 0 386 59 323 34200
68 0 386 60 323 34300
69 0 387 60 323 34400
69 0 387 60 323 34500
69 0 388 61 323 34600
70 0 389 63 324 34700
71 0 390 63 324 34800
71 0 390 63 325 34900
71 0 390 63 325 35000
71 0 391 64 325 35100
71 0 391 64 326 35200
71 0 392 64 326 35300
71 0 393 64 326 35400
71 0 393 65 327 35500
71 0 395 65 328 35600
71 0 395 65 329 35700
72 0 395 66 329 35800
72 0 397 66 329 35900
72 0 398 66 329 36000
72 0 399 66 330 36100
72 0 401 66 331 36200
72 0 402 66 331 36300
72 0 403 66 333 36400
72 0 404 66 334 36500
73 0 405 66 335 36600
74 0 405 66 336 36700
74 0 405 66 337 36800
74 0 405 66 337 36900
74 0 406 67 337 37000
74 0 406 67 337 37100
74 0 406 68 337 37200
74 0 406 68 337 37300
74 0 406 68 337 37400
74 0 406 68 337 37500
74 0 409 68 337 37600
74 0 409 68 337 37700
74 0 409 68 338 37800
75 0 409 69 338 37900
75 0 411 69 338 38000
75 0 411 69 338 38100
75 0 412 69 340 38200
75 0 413 69 341 38300
75 0 414 69 341 38400
75 0 414 69 341 38500
75 0 416 70 342 38600
75 0 416 70 342 38700
76 0 416 71 343 38800
77 0 417 71 343 38900
77 0 418 71 343 39000
77 0 418 71 343 39100
77 0 418 71 343 39200
77 0 418 72 343 39300
77 0 418 72 343 39400
77 0 420 72 343 39500
78 0 420 72 344 39600
80 0 420 72 344 39700
80 0 420 72 344 39800
80 0 420 72 344 39900
80 0 420 72 344 40000
80 0 421 72 344 40100
80 0 421 72 344 40200
81 0 423 72 345 40300
81 0 424 72 345 40400
81 0 425 72 346 40500
81 0 426 72 347 40600
82 0 426 73 347 40700
82 0 428 73 347 40800
82 0 429 73 347 40900
82 0 430 73 347 41000
82 0 431 73 348 41100
82 0 431 73 350 41200
82 0 432 73 350 41300
82 0 432 73 350 41400
82 0 434 73 352 41500
82 0 435 73 353 41600
82 0 435 73 354 41700
83 0 435 73 355 41800
83 0 436 73 355 41900
83 0 436 73 356 42000
83 0 436 73 356 42100
83 0 437 73 356 42200
83 0 438 73 358 42300
83 0 438 73 359 42400
83 0 439 73 359 42500
83 0 439 73 359 42600
83 0 439 74 359 42700
83 0 441 75 359 42800
83 0 443 75 360 42900
83 0 444 75 361 43000
83 0 444 75 362 43100
83 0 444 76 363 43200
83 0 445 76 363 43300
83 0 445 76 363 43400
83 0 445 76 363 43500
83 0 446 77 363 43600
83 0 447 77 363 43700
83 0 447 77 363 43800
83 0 447 77 364 43900
83 0 447 77 365 44000
83 0 447 77 366 44100
83 0 448 77 367 44200
83 0 448 77 367 44300
84 0 451 77 369 44400
84 0 452 77 370 44500
84 0 453 77 376 44600
84 0 453 78 377 44700
84 0 453 78 378 44800
84 0 453 78 379 44900
84 0 454 78 379 45000
84 0 455 78 379 45100
84 0 455 78 380 45200
86 0 455 79 380 45300
87 0 456 80 380 45400
87 0 457 80 380 45500
87 0 457 80 380 45600
87 0 459 80 381 45700
87 0 460 80 381 45800
87 0 460 80 383 45900
87 0 460 80 383 46000
87 0 460 81 384 46100
88 0 461 81 384 46200
89 0 464 81 385 46300
90 0 465 81 386 46400
90 0 465 81 386 46500
90 0 468 82 387 46600
90 0 468 82 389 46700
90 0 468 82 391 46800
90 0 470 82 391 46900
90 0 472 82 394 47000
90 0 473 82 396 47100
90 0 474 82 397 47200
90 0 474 82 398 47300
90 0 475 82 398 47400
90 0 477 82 398 47500
91 0 478 82 399 47600
91 0 481 82 400 47700
91 0 482 82 402 47800
91 0 482 83 403 47900
91 0 484 83 404 48000
91 0 485 83 406 48100
91 0 485 84 406 48200
92 0 487 84 407 48300
92 0 488 84 408 48400
93 0 489 85 408 48500
94 0 490 86 408 48600
94 0 491 86 410 48700
94 0 491 86 411 48800
94 0 493 86 411 48900
94 0 493 86 411 49000
94 0 493 86 413 49100
94 0 493 86 413 49200
94 0 493 87 413 49300
94 0 494 87 413 49400
95 0 494 87 413 49500
95 0 495 87 415 49600
95 0 495 87 415 49700
95 0 495 87 416 49800
95 0 496 87 416 49900
95 0 496 87 416 50000
95 0 496 87 417 50100
96 0 496 87 417 50200
96 0 497 87 417 50300
97 0 497 87 418 50400
97 0 498 87 418 50500
97 0 498 87 418 50600
97 0 498 88 419 50700
97 0 498 88 419 50800
97 0 498 88 419 50900
97 0 498 88 419 51000
97 0 499 88 420 51100
97 0 499 88 420 51200
97 0 499 88 420 51300
97 0 499 88 421 51400
97 0 499 88 421 51500
97 0 499 88 422 51600
98 0 499 88 422 51700
98 0 500 88 422 51800
98 0 501 88 423 51900
98 0 502 88 423 52000
98 0 502 88 425 52100
99 0 503 89 425 52200
100 0 505 89 425 52300
100 0 505 89 426 52400
100 0 506 89 427 52500
100 0 506 90 428 52600
100 0 506 90 428 52700
100 0 506 91 428 52800
100 0 506 91 428 52900
100 0 506 91 428 53000
100 0 506 91 428 53100
100 0 506 91 428 53200
100 0 506 91 428 53300
100 0 506 91 428 53400
100 0 507 91 428 53500
100 0 508 91 429 53600
100 0 509 91 429 53700
100 0 509 91 431 53800
100 0 510 91 432 53900
100 0 510 91 432 54000
100 0 510 91 434 54100
101 0 511 91 434 54200
101 0 511 91 435 54300
102 0 511 92 435 54400
104 0 512 92 435 54500
105 0 513 92 435 54600
105 0 513 92 436 54700
105 0 514 93 437 54800
105 0 514 93 437 54900
105 0 515 93 438 55000
106 0 515 93 439 55100
106 0 516 93 439 55200
108 0 516 93 439 55300
108 0 518 93 441 55400
108 0 518 93 441 55500
108 0 518 94 442 55600
108 0 520 94 443 55700
109 0 520 94 443 55800
109 0 520 94 445 55900
111 0 520 94 445 56000
111 0 520 94 445 56100
111 0 521 94 445 56200
111 0 523 95 446 56300
111 0 523 95 447 56400
111 0 524 95 447 56500
112 0 525 95 448 56600
112 0 526 95 449 56700
112 0 526 95 450 56800
113 0 526 95 450 56900
113 0 527 95 450 57000
113 0 527 95 451 57100
113 0 527 95 451 57200
113 0 527 95 451 57300
114 0 527 95 452 57400
115 0 527 95 452 57500
115 0 527 95 452 57600
116 0 527 95 452 57700
116 0 527 96 452 57800
116 0 528 96 452 57900
116 0 530 96 452 58000
116 0 531 96 454 58100
116 0 532 96 456 58200
116 0 532 96 456 58300
117 0 533 96 456 58400
117 0 534 97 456 58500
117 0 535 97 457 58600
118 0 535 98 457 58700
119 0 535 99 458 58800
119 0 537 99 458 58900
119 0 537 99 458 59000
119 0 538 99 459 59100
119 0 538 99 459 59200
119 0 538 99 460 59300
120 0 538 99 461 59400
121 0 538 99 461 59500
121 0 539 99 461 59600
121 0 539 99 461 59700
121 0 539 99 461 59800
121 0 539 100 461 59900
121 0 539 100 461 60000
121 0 540 100 461 60100
121 0 541 100 462 60200
121 0 542 100 462 60300
122 0 542 100 462 60400
122 0 543 100 463 60500
122 0 543 100 464 60600
122 0 543 100 464 60700
122 0 543 100 464 60800
122 0 543 100 464 60900
122 0 543 100 464 61000
122 0 544 100 464 61100
122 0 544 101 464 61200
122 0 544 101 465 61300
122 0 544 101 465 61400
122 0 544 101 465 61500
122 0 544 101 465 61600
122 0 545 101 465 61700
122 0 545 101 466 61800
122 0 546 101 467 61900
122 0 546 101 468 62000
122 0 546 101 468 62100
122 0 548 101 468 62200
122 0 549 101 468 62300
122 0 549 101 469 62400
122 0 549 103 469 62500
122 0 549 103 469 62600
122 0 551 103 469 62700
122 0 551 103 469 62800
122 0 552 103 470 62900
122 0 552 103 470 63000
122 0 552 103 471 63100
122 0 552 103 471 63200
122 0 552 103 471 63300
122 0 552 103 471 63400
122 0 552 103 471 63500
122 0 553 103 471 63600
122 0 553 104 472 63700
122 0 553 104 472 63800
122 0 553 104 472 63900
122 0 555 104 472 64000
122 0 556 104 472 64100
122 0 557 104 475 64200
122 0 557 104 475 64300
122 0 558 104 475 64400
122 0 558 104 475 64500
122 0 558 104 476 64600
123 0 559 104 476 64700
123 0 561 104 477 64800
123 0 561 104 478 64900
123 0 561 104 478 65000
123 0 561 104 478 65100
123 0 562 104 478 65200
123 0 562 105 478 65300
123 0 562 105 478 65400
124 0 563 105 478 65500
124 0 563 105 478 65600
125 0 563 105 479 65700
126 0 563 105 479 65800
126 0 565 105 479 65900
126 0 565 105 481 66000
126 0 566 106 481 66100
126 0 566 106 481 66200
126 0 567 107 482 66300
126 0 567 107 483 66400
126 0 567 107 483 66500
127 0 567 107 483 66600
127 0 568 107 483 66700
127 0 568 107 484 66800
127 0 568 107 484 66900
127 0 568 107 484 67000
127 0 569 107 484 67100
128 0 569 107 484 67200
128 0 570 107 485 67300
128 0 570 107 485 67400
128 0 570 107 485 67500
128 0 571 108 485 67600
129 0 571 108 485 67700
131 0 571 108 485 67800
131 0 572 108 485 67900
131 0 573 108 485 68000
131 0 573 108 486 68100
132 0 576 108 487 68200
132 0 577 108 487 68300
132 0 577 110 488 68400
132 0 578 110 488 68500
132 0 580 110 489 68600
132 0 580 110 490 68700
132 0 581 110 490 68800
132 0 581 111 490 68900
132 0 582 111 492 69000
132 0 582 111 492 69100
132 0 583 111 493 69200
132 0 583 111 494 69300
132 0 584 111 494 69400
132 0 584 111 494 69500
132 0 584 111 495 69600
132 0 585 111 495 69700
132 0 586 112 496 69800
132 0 586 112 497 69900
133 0 586 112 498 70000
134 0 586 112 499 70100
134 0 586 112 499 70200
134 0 587 112 500 70300
134 0 587 112 501 70400
134 0 587 114 502 70500
134 0 588 115 502 70600
134 0 588 115 503 70700
134 0 588 115 503 70800
134 0 589 115 503 70900
134 0 589 115 504 71000
134 0 589 115 504 71100
134 0 590 115 504 71200
135 0 591 115 504 71300
136 0 593 115 504 71400
136 0 595 115 505 71500
137 0 595 115 507 71600
137 0 595 116 509 71700
137 0 597 116 509 71800
137 0 597 116 510 71900
137 0 597 116 511 72000
137 0 598 116 511 72100
137 0 598 116 512 72200
137 0 599 116 512 72300
137 0 600 116 512 72400
137 0 600 116 513 72500
137 0 601 116 514 72600
137 0 601 116 514 72700
137 0 601 116 514 72800
137 0 601 116 514 72900
137 0 601 116 514 73000
137 0 602 116 514 73100
137 0 603 116 515 73200
137 0 603 116 516 73300
137 0 603 116 516 73400
138 0 603 117 516 73500
138 0 605 117 516 73600
138 0 605 117 517 73700
139 0 605 117 519 73800
139 0 605 117 519 73900
140 0 606 117 519 74000
140 0 606 118 520 74100
140 0 606 119 520 74200
140 0 606 119 520 74300
140 0 606 119 520 74400
140 0 607 119 520 74500
141 0 607 119 521 74600
142 0 607 120 521 74700
143 0 607 120 521 74800
143 0 608 120 521 74900
143 0 608 120 522 75000
143 0 609 121 522 75100
144 0 609 121 522 75200
144 0 609 121 522 75300
144 0 609 122 522 75400
144 0 609 122 522 75500
144 0 610 122 522 75600
144 0 610 122 522 75700
144 0 610 123 522 75800
144 0 611 123 522 75900
144 0 611 123 522 76000
145 0 613 123 523 76100
145 0 614 123 524 76200
146 0 615 123 525 76300
146 0 616 123 527 76400
146 0 617 123 527 76500
147 0 617 123 528 76600
147 0 617 123 528 76700
147 0 617 123 528 76800
147 0 617 123 528 76900
147 0 618 123 528 77000
147 0 620 123 529 77100
147 0 620 123 530 77200
147 0 621 124 530 77300
147 0 623 124 532 77400
147 0 625 124 533 77500
147 0 626 124 535 77600
147 0 626 124 536 77700
147 0 626 124 537 77800
147 0 627 125 537 77900
147 0 627 125 538 78000
147 0 628 125 538 78100
147 0 630 125 539 78200
147 0 631 125 539 78300
148 0 631 125 541 78400
148 0 632 125 542 78500
148 0 632 125 542 78600
148 0 634 125 542 78700
148 0 634 125 542 78800
148 0 634 125 544 78900
149 0 634 125 544 79000
149 0 635 125 544 79100
149 0 635 125 544 79200
150 0 635 125 544 79300
150 0 636 125 544 79400
150 0 636 125 545 79500
150 0 636 125 546 79600
150 0 637 125 546 79700
150 0 638 125 546 79800
150 0 638 126 547 79900
151 0 640 126 547 80000
152 0 640 126 547 80100
153 0 644 126 548 80200
154 0 645 126 549 80300
155 0 645 126 551 80400
157 0 646 127 552 80500
158 0 647 127 552 80600
158 0 648 127 552 80700
158 0 649 127 552 80800
158 0 649 128 554 80900
158 0 649 128 554 81000
159 0 652 128 554 81100
159 0 652 128 555 81200
159 0 652 128 556 81300
159 0 652 128 556 81400
159 0 653 128 556 81500
159 0 653 128 556 81600
159 0 653 128 557 81700
159 0 653 128 557 81800
159 0 653 128 557 81900
159 0 653 128 557 82000
159 0 653 128 558 82100
159 0 653 128 558 82200
159 0 653 128 558 82300
159 0 653 128 558 82400
159 0 653 128 558 82500
159 0 653 128 558 82600
159 0 653 128 558 82700
159 0 655 128 558 82800
159 0 656 128 558 82900
159 0 659 128 559 83000
159 0 659 129 561 83100
159 0 659 130 562 83200
159 0 659 130 563 83300
159 0 659 130 563 83400
160 0 661 131 563 83500
160 0 661 131 565 83600
160 0 662 131 566 83700
161 0 662 131 566 83800
161 0 663 131 566 83900
161 0 665 132 566 84000
161 0 666 132 566 84100
161 0 667 132 568 84200
161 0 668 132 568 84300
161 0 668 132 569 84400
161 0 669 132 570 84500
162 0 669 132 571 84600
162 0 669 132 571 84700
162 0 669 132 571 84800
162 0 669 133 572 84900
163 0 669 133 573 85000
163 0 670 133 573 85100
163 0 670 133 574 85200
163 0 672 133 574 85300
163 0 672 133 576 85400
163 0 672 133 576 85500
163 0 672 133 576 85600
163 0 673 133 576 85700
164 0 673 133 576 85800
164 0 673 133 577 85900
164 0 676 133 577 86000
164 0 677 133 577 86100
165 0 679 133 578 86200
165 0 679 134 579 86300
165 0 680 134 580 86400
165 0 680 134 581 86500
165 0 681 134 581 86600
165 0 682 134 581 86700
165 0 682 134 582 86800
166 0 682 134 583 86900
166 0 683 134 583 87000
167 0 683 134 583 87100
167 0 685 135 583 87200
168 0 686 136 583 87300
168 0 687 136 586 87400
168 0 687 136 588 87500
168 0 689 136 588 87600
168 0 689 136 588 87700
169 0 689 137 588 87800
169 0 689 137 588 87900
169 0 689 137 588 88000
169 0 689 137 588 88100
169 0 689 137 588 88200
169 0 691 137 588 88300
170 0 692 137 588 88400
171 0 692 137 590 88500
171 0 693 137 591 88600
173 0 693 137 591 88700
174 0 694 137 592 88800
174 0 694 137 592 88900
174 0 694 137 592 89000
174 0 695 138 592 89100
174 0 696 138 593 89200
174 0 696 138 593 89300
174 0 696 138 594 89400
174 0 697 138 594 89500
174 0 698 138 595 89600
174 0 699 138 596 89700
174 0 700 138 596 89800
174 0 700 138 597 89900
174 0 701 138 598 90000
174 0 702 138 599 90100
175 0 702 138 600 90200
175 0 705 138 600 90300
175 0 705 138 601 90400
175 0 707 138 601 90500
175 0 707 139 602 90600
175 0 710 139 603 90700
175 0 710 139 604 90800
175 0 710 140 605 90900
175 0 710 140 606 91000
175 0 713 140 606 91100
175 0 713 140 608 91200
175 0 714 140 608 91300
175 0 716 141 608 91400
175 0 716 141 609 91500
175 0 720 142 609 91600
175 0 722 142 610 91700
176 0 725 143 611 91800
177 0 725 143 614 91900
178 0 727 143 614 92000
178 0 727 143 614 92100
178 0 727 144 615 92200
178 0 728 145 615 92300
178 0 728 145 615 92400
178 0 728 145 616 92500
178 0 728 145 616 92600
178 0 730 145 616 92700
178 0 730 145 617 92800
178 0 731 145 617 92900
178 0 732 146 617 93000
178 0 734 146 619 93100
178 0 736 146 619 93200
178 0 736 146 621 93300
178 0 736 147 622 93400
178 0 738 148 623 93500
178 0 739 148 624 93600
178 0 739 148 625 93700
178 0 739 148 625 93800
178 0 739 148 625 93900
178 0 739 148 625 94000
178 0 739 148 625 94100
178 0 739 148 625 94200
178 0 739 148 625 94300
178 0 739 148 625 94400
178 0 739 148 625 94500
178 0 739 148 625 94600
178 0 739 148 625 94700
178 0 739 148 625 94800
179 0 739 148 625 94900
179 0 739 148 625 95000
179 0 740 148 625 95100
179 0 740 148 626 95200
179 0 740 148 626 95300
179 0 740 148 626 95400
179 0 740 148 627 95500
180 0 741 148 627 95600
181 0 741 148 628 95700
182 0 742 148 628 95800
182 0 744 148 628 95900
182 0 744 148 630 96000
183 0 744 148 631 96100
184 0 747 148 631 96200
186 0 748 148 633 96300
187 0 749 149 634 96400
188 0 751 149 636 96500
190 0 752 149 637 96600
191 0 753 150 638 96700
191 0 753 150 640 96800
192 0 753 150 640 96900
193 0 755 150 640 97000
194 0 756 150 641 97100
195 0 756 151 642 97200
196 0 757 151 642 97300
197 0 759 151 643 97400
197 0 760 151 644 97500
197 0 760 151 645 97600
197 0 761 151 645 97700
198 0 761 151 645 97800
198 0 763 151 646 97900
198 0 763 151 647 98000
198 0 763 151 647 98100
198 0 763 152 647 98200
198 0 764 152 647 98300
198 0 764 152 648 98400
198 0 765 152 648 98500
198 0 767 152 648 98600
198 0 767 152 649 98700
198 0 767 153 649 98800
198 0 767 153 649 98900
198 0 767 153 649 99000
198 0 767 153 649 99100
198 0 767 153 649 99200
198 0 767 153 649 99300
198 0 767 153 649 99400
198 0 769 153 649 99500
198 0 770 153 649 99600
198 0 770 153 651 99700
198 0 770 153 651 99800
198 0 771 153 651 99900
198 0 771 153 651 100000
198 0 772 153 652 100100
198 0 772 153 653 100200
198 0 773 153 653 100300
198 0 773 153 653 100400
199 0 774 153 653 100500
199 0 775 153 654 100600
199 0 775 153 654 100700
199 0 775 154 654 100800
199 0 775 154 655 100900
199 0 775 155 655 101000
199 0 775 155 655 101100
199 0 775 155 655 101200
199 0 775 155 656 101300
199 0 775 155 656 101400
199 0 775 155 656 101500
199 0 775 155 656 101600
199 0 776 155 656 101700
199 0 779 155 656 101800
199 0 779 155 658 101900
199 0 780 155 658 102000
199 0 781 155 659 102100
199 0 782 155 659 102200
199 0 783 155 660 102300
199 0 784 155 661 102400
199 0 784 155 661 102500
199 0 784 156 661 102600
199 0 784 156 661 102700
199 0 784 156 661 102800
199 0 786 156 661 102900
199 0 786 156 662 103000
199 0 786 156 664 103100
200 0 786 156 664 103200
200 0 787 156 664 103300
200 0 787 156 665 103400
200 0 787 157 666 103500
201 0 787 157 666 103600
201 0 787 158 666 103700
201 0 787 158 666 103800
201 0 787 158 666 103900
201 0 787 158 666 104000
201 0 787 158 666 104100
201 0 788 158 666 104200
201 0 788 158 666 104300
201 0 788 158 666 104400
201 0 788 158 666 104500
201 0 788 158 666 104600
201 0 789 158 666 104700
201 0 789 158 666 104800
201 0 789 158 667 104900
201 0 789 158 667 105000
202 0 789 158 667 105100
202 0 789 158 667 105200
202 0 789 158 667 105300
202 0 789 158 667 105400
202 0 789 158 667 105500
202 0 789 158 668 105600
203 0 789 158 668 105700
203 0 791 158 668 105800
203 0 791 158 669 105900
203 0 792 158 670 106000
203 0 792 158 671 106100
204 0 792 158 671 106200
205 0 794 158 671 106300
206 0 794 158 672 106400
206 0 795 158 673 106500
208 0 795 158 673 106600
209 0 795 158 674 106700
209 0 795 158 674 106800
210 0 795 158 674 106900
210 0 796 158 674 107000
210 0 796 158 674 107100
210 0 797 158 674 107200
210 0 797 159 674 107300
211 0 797 159 675 107400
211 0 797 159 675 107500
211 0 797 159 675 107600
212 0 798 160 675 107700
213 0 798 160 675 107800
213 0 799 160 675 107900
213 0 799 161 676 108000
213 0 799 161 676 108100
213 0 800 161 676 108200
213 0 801 161 676 108300
213 0 801 162 677 108400
214 0 802 162 677 108500
214 0 804 162 678 108600
214 0 804 162 678 108700
214 0 804 162 680 108800
214 0 805 162 680 108900
214 0 805 162 681 109000
214 0 805 162 681 109100
214 0 805 162 681 109200
214 0 806 162 681 109300
214 0 807 162 682 109400
214 0 807 162 682 109500
214 0 808 162 682 109600
214 0 809 162 683 109700
215 0 812 163 684 109800
215 0 813 163 687 109900
216 0 813 163 688 110000
216 0 813 163 688 110100
217 0 813 163 689 110200
218 0 813 163 690 110300
219 0 816 163 690 110400
220 0 817 163 690 110500
220 0 819 163 692 110600
220 0 821 164 693 110700
220 0 823 164 696 110800
222 0 824 164 696 110900
222 0 826 164 698 111000
222 0 827 165 699 111100
223 0 827 167 700 111200
223 0 827 167 700 111300
223 0 827 167 700 111400
223 0 828 167 701 111500
223 0 829 167 702 111600
223 0 829 167 702 111700
223 0 830 167 703 111800
223 0 830 167 703 111900
223 0 830 167 705 112000
224 0 830 167 705 112100
224 0 831 167 706 112200
224 0 831 168 706 112300
224 0 831 168 707 112400
224 0 832 168 707 112500
224 0 832 168 707 112600
225 0 833 168 707 112700
225 0 835 168 708 112800
225 0 835 168 709 112900
225 0 835 168 710 113000
225 0 836 168 710 113100
225 0 836 168 710 113200
225 0 836 168 710 113300
225 0 837 169 711 113400
225 0 837 169 711 113500
225 0 838 169 712 113600
225 0 839 169 712 113700
226 0 839 170 712 113800
226 0 841 170 712 113900
226 0 841 170 713 114000
226 0 842 170 714 114100
226 0 843 170 714 114200
226 0 844 170 715 114300
226 0 845 170 716 114400
226 0 845 170 717 114500
227 0 845 171 717 114600
227 0 845 172 717 114700
227 0 845 172 717 114800
227 0 847 172 717 114900
228 0 847 172 717 115000
228 0 847 173 718 115100
228 0 850 173 718 115200
228 0 850 173 719 115300
228 0 851 173 720 115400
228 0 853 173 721 115500
229 0 854 173 722 115600
230 0 855 174 723 115700
230 0 857 174 724 115800
230 0 858 174 724 115900
230 0 859 174 725 116000
231 0 860 175 727 116100
231 0 862 176 727 116200
231 0 862 176 729 116300
231 0 862 176 730 116400
233 0 862 176 730 116500
234 0 864 176 730 116600
234 0 865 176 731 116700
234 0 866 176 731 116800
234 0 867 178 732 116900
234 0 868 178 732 117000
234 0 868 178 733 117100
234 0 869 178 733 117200
234 0 869 178 734 117300
234 0 869 178 734 117400
235 0 869 178 734 117500
236 0 869 178 734 117600
236 0 869 178 734 117700
236 0 871 178 734 117800
236 0 872 178 735 117900
236 0 872 178 735 118000
236 0 872 180 735 118100
236 0 872 180 735 118200
236 0 872 180 735 118300
236 0 872 180 736 118400
236 0 872 180 736 118500
236 0 872 180 736 118600
236 0 873 180 736 118700
236 0 873 180 736 118800
237 0 873 180 737 118900
237 0 874 180 737 119000
237 0 874 180 737 119100
238 0 875 180 737 119200
238 0 875 181 737 119300
240 0 876 181 738 119400
241 0 877 181 739 119500
241 0 880 181 740 119600
241 0 880 181 741 119700
242 0 880 182 743 119800
242 0 881 182 743 119900
