0.0 14.0 4205 0.0 0.0 0
0.0 9.333333333333334 1653 0.0 0.0 100
0.015448658649398705 7.2 1220 0.0 0.0 200
0.05645118525270672 6.571428571428571 1085 0.0 0.0 300
0.155596566370822 7.333333333333333 1041 0.0 0.0 400
0.32051788293640615 7.454545454545454 1037 0.0 0.0 500
0.5777969072875186 7.846153846153846 1062 0.15384615384615385 0.7692307692307693 600
1.0284631549809176 10.133333333333333 1098 0.26666666666666666 5.533333333333333 700
1.5795227866279642 12.823529411764707 1140 0.44705882352941173 9.117647058823529 800
2.222387275210308 15.68421052631579 1189 0.6105263157894737 14.0 900
4.783081280380937 18.285714285714285 1241 0.6884353741496598 23.285714285714285 1000
5.6483219732200345 20.782608695652176 1294 0.7561076604554865 37.869565217391305 1100
8.185574770838793 23.92 1347 0.8598295739348372 47.92 1200
9.269445966304911 26.59259259259259 1404 1.010563445651165 54.666666666666664 1300
10.426992317515017 28.620689655172413 1463 1.3708896988922612 58.44827586206897 1400
11.788413558892907 30.516129032258064 1521 1.8066387505766315 62.806451612903224 1500
13.47954650286255 35.878787878787875 1574 2.2426000384204716 69.6969696969697 1600
15.082885858960672 40.457142857142856 1627 2.6136995850971965 78.0 1700
16.704406810052404 45.2972972972973 1685 3.027183818050691 87.72972972972973 1800
18.56588929050012 48.15384615384615 1743 3.3945321448417425 98.92307692307692 1900
20.508487474409126 50.048780487804876 1800 3.6435793572884867 111.3170731707317 2000
22.459392944564154 51.44186046511628 1860 3.8510995340608702 124.76744186046511 2100
24.53046820648401 58.71111111111111 1915 4.022796697626419 136.82222222222222 2200
26.84962792537324 67.57446808510639 1971 4.234592582833806 148.59574468085106 2300
29.517231291311006 76.65306122448979 2028 4.443384722309977 159.20408163265307 2400
32.15257790959612 82.3529411764706 2084 4.607136208456551 170.76470588235293 2500
35.19734806771916 90.18867924528301 2138 4.756732146681911 182.41509433962264 2600
38.50977350594929 99.16363636363636 2187 4.827915912776595 196.0909090909091 2700
41.307390398182704 104.87719298245614 2238 4.907471077073489 204.52631578947367 2800
43.35139073330281 107.69491525423729 2290 4.992932105937826 212.864406779661 2900
45.48939344279389 110.06557377049181 2338 5.104014737905517 219.98360655737704 3000
47.8352810648181 111.71428571428571 2374 5.216152798174029 227.1904761904762 3100
50.307170736740574 114.8923076923077 2414 5.279655788999443 234.8153846153846 3200
53.13183610368724 121.07462686567165 2455 5.3030844558660934 242.28358208955223 3300
56.0621794144199 125.47826086956522 2490 5.332342877435193 250.31884057971016 3400
58.72792968195763 127.52112676056338 2529 5.34176044896284 258.2957746478873 3500
61.215475052381805 128.1917808219178 2565 5.370587269373156 264.3972602739726 3600
63.005736583941655 127.41333333333333 2601 5.431562085047014 267.2266666666667 3700
64.48638839150024 131.97402597402598 2628 5.522022439053215 267.42857142857144 3800
66.24636415203703 136.20253164556962 2659 5.643579577602872 267.24050632911394 3900
68.47688166908063 140.98765432098764 2693 5.769664032476875 267.7654320987654 4000
70.71152241788795 141.13253012048193 2727 5.922713384012664 268.67469879518075 4100
73.20109673751153 148.94117647058823 2759 6.079968612766733 270.4470588235294 4200
75.9269791931937 159.28735632183907 2787 6.223963587185889 273.42528735632186 4300
78.00035674391165 170.24719101123594 2816 6.3714186590629325 277.0674157303371 4400
80.17873120242136 176.04395604395606 2848 6.53823447889756 281.0 4500
82.23834891771234 178.6236559139785 2878 6.633492703770384 285.97849462365593 4600
84.01514832245898 182.56842105263158 2904 6.706998120533113 291.4421052631579 4700
85.67463717289351 187.36082474226805 2932 6.773564837036918 297.44329896907215 4800
87.76986819532617 193.85858585858585 2952 6.8338478859366925 303.1313131313131 4900
90.09625920271456 198.13861386138615 2970 6.908680664944015 307.8712871287129 5000
92.17612744993909 203.49514563106797 2987 7.001903902893741 311.9805825242718 5100
94.5064110077474 204.43809523809523 3005 7.106301135613663 316.14285714285717 5200
96.65434590536529 206.11214953271028 3022 7.224198181741412 319.76635514018693 5300
98.72086596164606 211.70642201834863 3039 7.305908661981729 323.9633027522936 5400
100.58117112603429 216.54054054054055 3056 7.382409841728563 327.2882882882883 5500
102.37185846697672 219.92920353982302 3074 7.4592545866720315 330.283185840708 5600
103.96765551414663 221.33913043478262 3089 7.536291704971456 332.7130434782609 5700
105.78948388800079 225.53846153846155 3105 7.601394882428471 334.14529914529913 5800
107.93026360042516 229.91596638655463 3124 7.657463876001102 334.8151260504202 5900
110.62615013046666 234.8099173553719 3148 7.721776656509747 335.6694214876033 6000
113.99187471369568 236.8617886178862 3174 7.764590673634425 336.6178861788618 6100
116.31396691109319 238.656 3200 7.81102388952294 337.696 6200
118.58756725084187 239.84251968503938 3224 7.844971019871661 339.1102362204724 6300
120.33210160553043 241.33333333333334 3247 7.888718239201816 339.8217054263566 6400
121.73248422510791 242.91603053435114 3266 7.937745441656749 340.51145038167937 6500
122.91504640695865 245.11278195488723 3283 7.9948219513060215 341.38345864661653 6600
123.9755397333108 246.66666666666666 3301 8.047738169311364 343.0148148148148 6700
124.86056417137135 248.71532846715328 3316 8.10178578727762 344.7007299270073 6800
125.64153714958928 248.3884892086331 3325 8.14570032492609 346.23021582733816 6900
126.25684842910923 249.91489361702128 3333 8.195832235210826 347.9645390070922 7000
126.93349769883699 248.8111888111888 3341 8.251275141012075 349.6643356643357 7100
127.90255415153297 247.51724137931035 3347 8.322771795738745 351.82758620689657 7200
129.01522051980558 247.61904761904762 3354 8.355647423480837 354.4013605442177 7300
130.05505765624272 246.8993288590604 3360 8.401032586994694 356.03355704697987 7400
130.85987554005555 249.19205298013244 3366 8.427664800489897 358.9205298013245 7500
131.33384957765264 250.47058823529412 3371 8.440229821253283 361.94117647058823 7600
131.77578707594492 252.29677419354837 3374 8.43003330743066 364.741935483871 7700
132.17554404747327 251.9235668789809 3379 8.42687133130821 366.31847133757964 7800
132.67832057337682 251.30817610062894 3383 8.436268082404688 367.9685534591195 7900
133.36173136381777 251.11801242236024 3388 8.424637422995934 369.72049689440996 8000
133.81879637224736 249.96319018404907 3392 8.403772398554688 370.63803680981596 8100
134.50791108907046 249.74545454545455 3395 8.394186105551677 370.6060606060606 8200
135.10032727437692 249.59281437125748 3399 8.393339917602132 370.31736526946105 8300
135.6541765743229 249.25443786982248 3403 8.379159823325416 370.08284023668637 8400
136.16099760784482 248.17543859649123 3407 8.365728354406631 370.0233918128655 8500
136.8487985683472 246.83236994219652 3411 8.361804509725326 370.1098265895954 8600
137.72142519672 246.0457142857143 3413 8.359342074910348 370.24 8700
138.66432620711683 247.19774011299435 3416 8.361559176386566 370.50847457627117 8800
139.6211422613091 248.14525139664804 3419 8.356445064402875 370.91620111731845 8900
140.34571079537858 249.04972375690608 3424 8.356042356508919 371.4088397790055 9000
140.85609155825676 248.4153005464481 3430 8.358927139497892 372.08743169398906 9100
141.49662636078054 248.0 3436 8.364975141740496 373.0 9200
142.2272004696748 247.20855614973263 3441 8.365750808673752 373.8983957219251 9300
143.11301952258296 247.15343915343917 3446 8.382383075248633 374.3862433862434 9400
143.98007321333472 247.27748691099475 3451 8.40466847024993 375.13612565445027 9500
144.95852586771622 247.17098445595855 3456 8.429358268926647 375.9896373056995 9600
146.23698883255975 246.71794871794873 3460 8.446723301856546 377.05128205128204 9700
147.51359239476392 249.38071065989848 3466 8.467991762412995 378.39086294416245 9800
148.48904129570116 252.63316582914572 3473 8.488520873322134 379.81909547738695 9900
149.38842417215668 256.40796019900495 3481 8.515058531851821 380.76616915422886 10000
150.33500722849476 256.7389162561576 3489 8.5461088583032 381.5221674876847 10100
151.27060262851887 257.11219512195123 3499 8.575159596503262 382.37560975609756 10200
152.52657388640324 257.8743961352657 3508 8.601887169625298 383.06280193236717 10300
153.8014364021244 258.7081339712919 3518 8.622921742164769 384.2105263157895 10400
155.05505426048663 259.34597156398104 3525 8.647585991054202 385.2085308056872 10500
156.2872134636397 259.71830985915494 3533 8.676018758045952 386.15962441314554 10600
157.61828416883674 260.2604651162791 3541 8.704246735327287 387.2139534883721 10700
158.98621015742813 262.64516129032256 3549 8.732574210372913 388.926267281106 10800
160.54989724318114 265.1232876712329 3556 8.75980445241778 390.8401826484018 10900
161.9835446857868 267.8371040723982 3561 8.786199621067713 393.23981900452486 11000
163.51368072759504 271.49775784753365 3567 8.806296727847617 395.70403587443946 11100
165.05967307858756 273.52 3572 8.820907423600083 397.8933333333333 11200
166.3465543885065 275.647577092511 3578 8.83778790537685 399.6167400881057 11300
167.9421207304039 275.0043668122271 3584 8.848168061569837 400.8602620087336 11400
169.5677165874804 275.3246753246753 3588 8.859830000008362 401.54978354978357 11500
171.46023764172958 276.52360515021456 3593 8.873005166034945 401.87124463519314 11600
173.09504215066684 280.59574468085106 3599 8.888488591790457 401.78297872340426 11700
175.05788827338108 283.1898734177215 3607 8.917254909980391 401.63713080168776 11800
176.8392060802474 285.163179916318 3615 8.939390852156286 401.73221757322176 11900
178.21485993884278 284.97095435684645 3622 8.962380782174531 401.9626556016598 12000
179.4016384095801 284.798353909465 3628 8.98313378781706 402.1934156378601 12100
180.72093256734482 285.51836734693876 3632 8.99907133951625 402.3061224489796 12200
182.08770718114874 285.4817813765182 3636 9.01805659182786 402.5425101214575 12300
183.49612744558516 286.65060240963857 3640 9.034920772285655 402.9156626506024 12400
185.12245236964418 288.2629482071713 3644 9.050363419303084 403.42231075697214 12500
186.83879609850956 290.30830039525694 3648 9.072802355821548 403.7509881422925 12600
188.07819882568285 291.8509803921569 3653 9.090314145623383 404.2470588235294 12700
189.1745384111536 292.7237354085603 3660 9.1097150731542 404.7859922178988 12800
189.99050161746857 293.11969111969114 3664 9.124779868424099 405.44015444015446 12900
190.725364377383 293.6168582375479 3667 9.139149371348052 406.30268199233717 13000
191.59958941060125 294.4638783269962 3669 9.141086938059775 406.7186311787072 13100
192.88009826039652 294.44528301886794 3672 9.161446354960603 406.85283018867926 13200
194.0500313397292 296.24719101123594 3675 9.175218292376629 406.85767790262173 13300
194.8373767201378 297.6208178438662 3678 9.182309846024864 406.8364312267658 13400
195.51212489247092 298.64944649446494 3682 9.182049690877296 406.55350553505536 13500
196.31914499303915 300.2271062271062 3687 9.178622848557943 406.3076923076923 13600
197.2888567787051 301.7309090909091 3690 9.176919732891664 405.89454545454544 13700
198.36495151182413 302.15162454873644 3692 9.177173895196567 405.53068592057764 13800
199.28916257552746 303.89247311827955 3696 9.16957872074228 405.4301075268817 13900
199.9305603247265 305.20996441281136 3698 9.16920910037275 405.11032028469754 14000
200.66872460290654 309.5406360424028 3699 9.172170416229605 404.9434628975265 14100
201.44629679323214 310.99649122807017 3700 9.185435886992906 404.66315789473686 14200
202.3522737335585 312.29965156794424 3701 9.197671013010993 404.22648083623693 14300
203.3020271271806 311.7785467128028 3703 9.205408857029491 403.878892733564 14400
204.1355842848823 311.0378006872852 3705 9.217919043755344 403.6219931271478 14500
204.90873342321376 310.0341296928328 3707 9.233137128242014 403.5324232081911 14600
205.7005379795448 313.02372881355933 3710 9.239143301061036 403.6779661016949 14700
206.5957922285098 317.15824915824913 3711 9.244098565026954 403.85858585858585 14800
207.27745101439496 321.26421404682276 3713 9.253271046969147 403.98327759197326 14900
207.84533100759205 321.6079734219269 3717 9.263343869043977 404.16943521594686 15000
208.5180073010976 322.8778877887789 3720 9.27971512894197 404.4191419141914 15100
209.51410765613733 324.327868852459 3722 9.295999999537344 404.7704918032787 15200
210.52968136531624 325.79153094462544 3725 9.31687296370974 405.10749185667754 15300
211.59427494658513 325.67637540453075 3729 9.34015718863256 405.6148867313916 15400
212.6290785029871 325.7749196141479 3733 9.361120807998267 406.34083601286176 15500
213.61866679887552 326.0702875399361 3736 9.379837752232433 407.15015974440894 15600
214.53398002106331 326.02539682539685 3740 9.401846108384316 408.0698412698413 15700
215.43806674087858 325.8296529968454 3742 9.41562756446108 408.8864353312303 15800
216.33541783364888 325.7868338557994 3745 9.433397924558502 409.57993730407526 15900
217.37524494435544 325.3582554517134 3748 9.444447760241777 410.1775700934579 16000
218.32988426033148 324.6996904024768 3750 9.453012084988869 410.75541795665634 16100
219.44635740017156 324.41846153846154 3751 9.462076170163867 411.8707692307692 16200
220.6224393724497 324.434250764526 3753 9.467323410713323 412.737003058104 16300
221.72229618277004 324.93009118541033 3754 9.468859438611721 413.17629179331306 16400
222.6991107550591 325.1238670694864 3755 9.472824034148811 413.5256797583082 16500
223.52952465090485 325.0990990990991 3756 9.475509775685454 413.93693693693695 16600
224.54085322647933 324.63283582089554 3758 9.472930483059688 414.7761194029851 16700
225.30240225186404 324.4807121661721 3758 9.472022883753697 415.45697329376856 16800
225.853715512915 324.18289085545723 3757 9.471555829235134 415.91150442477874 16900
226.3010768625329 324.83870967741933 3758 9.471839959268946 415.8299120234604 17000
226.96648978506792 324.9795918367347 3759 9.469088705862129 415.8396501457726 17100
227.5972991702667 325.8376811594203 3760 9.462021524958582 416.1101449275362 17200
228.10034136041563 326.9221902017291 3761 9.454212426008633 415.94812680115274 17300
228.59340746105482 326.40687679083095 3762 9.455797278757977 415.65042979942695 17400
229.04118390396042 325.92022792022794 3762 9.462221985621655 415.4928774928775 17500
229.35967164076354 324.65155807365437 3761 9.470481351142213 415.3314447592068 17600
229.5657950547839 323.9943661971831 3760 9.476064771482474 415.12112676056336 17700
229.7875292808419 323.2044817927171 3759 9.479400142910743 414.8291316526611 17800
229.9185552935648 322.25626740947075 3758 9.488299992125295 414.50139275766014 17900
230.12788228289682 322.8531855955679 3758 9.500297477785798 414.20775623268696 18000
230.36337387860073 323.44903581267215 3758 9.511645701048685 413.96143250688704 18100
230.5153667880166 324.2027397260274 3758 9.522869560221022 413.71232876712327 18200
230.64328593612527 324.18528610354224 3757 9.53208708694617 413.4713896457766 18300
230.821755485302 324.7371273712737 3756 9.533128012930389 413.5989159891599 18400
230.99154256888062 324.6469002695418 3756 9.536291743318904 413.6765498652291 18500
231.21185396847676 326.30563002680964 3756 9.538203622136804 413.5656836461126 18600
231.43821776360082 327.4293333333333 3756 9.543904631390168 413.216 18700
231.6627798324351 327.9787798408488 3756 9.559382794945332 413.1114058355438 18800
231.93849684424586 327.2189973614776 3756 9.579365755637726 413.10026385224273 18900
232.16081030452074 326.96587926509187 3756 9.595822028386534 413.29396325459317 19000
232.3616221663126 326.6318537859008 3756 9.607922401492928 413.7075718015666 19100
232.60843778619562 326.16623376623374 3756 9.619671195341752 414.2311688311688 19200
232.74296841508615 325.23514211886305 3756 9.623910620688823 414.7829457364341 19300
232.82876557366833 324.48329048843186 3755 9.621493836797601 415.48071979434445 19400
233.05544711634394 324.2762148337596 3754 9.623795293240725 415.84398976982095 19500
233.45777560786357 324.70737913486005 3754 9.627991123107536 416.25699745547075 19600
233.84534936587121 324.9367088607595 3755 9.629199606872392 416.8 19700
234.09961547586514 324.6347607052897 3756 9.630905109787312 417.0654911838791 19800
234.28518369999856 325.5187969924812 3755 9.639624233900511 417.34586466165416 19900
234.50035095219326 326.3092269326683 3754 9.64862583096058 417.8852867830424 20000
234.82235967907866 326.22828784119105 3755 9.660295181675416 418.5062034739454 20100
235.2152189621414 326.51851851851853 3755 9.666911007938747 418.99753086419753 20200
235.4838803463613 326.33906633906633 3754 9.672282452617182 419.55282555282554 20300
235.78307353182896 326.5965770171149 3753 9.681031870753717 420.06112469437653 20400
235.97145332101456 326.2141119221411 3753 9.691046948924173 420.87834549878346 20500
236.1730280200894 325.88377723970945 3752 9.696175050866428 421.8910411622276 20600
236.3664054257151 325.22409638554217 3752 9.69898866507912 422.9710843373494 20700
236.43301365468182 324.9304556354916 3751 9.70119975061831 424.5227817745803 20800
236.48762012265485 324.84486873508354 3752 9.703023777266115 426.10501193317424 20900
236.65996871838806 325.69121140142516 3752 9.706809887587891 427.53444180522564 21000
236.97304116567165 326.0520094562648 3751 9.70854636128286 428.6761229314421 21100
237.47494242127502 327.40235294117645 3752 9.702453404775405 430.0635294117647 21200
237.8818981944775 328.6744730679157 3753 9.698159544732965 431.30210772833726 21300
238.20388026903186 329.02564102564105 3753 9.700430060539269 432.2004662004662 21400
238.4437234281927 329.4292343387471 3753 9.701820176267626 432.46403712296984 21500
238.66683416390762 329.71824480369514 3752 9.700330523466517 432.5773672055427 21600
238.94512117176646 330.85977011494253 3752 9.703135186933734 432.4804597701149 21700
239.22029744889588 331.20366132723115 3751 9.700973329010786 432.1716247139588 21800
239.35400173537442 331.30296127562644 3750 9.697415363958346 431.9476082004556 21900
239.43387064732497 330.68027210884355 3749 9.700057471151277 431.4580498866213 22000
239.5946647824599 330.01354401805867 3748 9.705550063456087 430.9074492099323 22100
239.81422491008027 329.17303370786516 3748 9.709022921011634 430.35955056179773 22200
239.95920321566783 328.28187919463085 3748 9.71601936106405 429.91498881431767 22300
240.12869541338475 327.5367483296214 3747 9.712473617807643 429.6169265033408 22400
240.2134224808323 327.1707317073171 3746 9.7051962561829 429.32372505543236 22500
240.244269587062 327.1920529801325 3745 9.696686682326805 429.2251655629139 22600
240.25536914081871 327.832967032967 3743 9.684540074199361 429.0879120879121 22700
240.32165335025852 328.1706783369803 3741 9.670829719992499 429.07877461706784 22800
240.31920055590044 328.0305010893246 3739 9.66475142957408 428.9324618736383 22900
240.30240975463101 327.1366594360087 3738 9.66118960124621 428.7852494577007 23000
240.31607095348372 326.60043196544274 3737 9.660925283314263 428.71922246220305 23100
240.44162430608603 325.93978494623656 3736 9.652825724150663 428.5827956989247 23200
240.50794094337857 326.32119914346896 3734 9.647510687669856 428.29764453961457 23300
240.52184875637778 326.5543710021322 3733 9.640986748954091 428.3219616204691 23400
240.51403634313615 326.28874734607217 3732 9.636206132250049 428.4225053078556 23500
240.45059373918994 325.94503171247356 3731 9.634837395961465 428.2431289640592 23600
240.29984016621978 325.781052631579 3729 9.63229597534689 427.8926315789474 23700
240.1345030600829 325.58490566037733 3728 9.629884431874338 427.62473794549265 23800
239.9775388158009 325.0563674321503 3727 9.628140117804387 427.55532359081417 23900
239.91749893504507 324.47817047817045 3726 9.632025190079629 427.5051975051975 24000
239.91609149711243 324.03312629399585 3725 9.63354889529669 427.6521739130435 24100
239.94177927052263 323.6865979381443 3725 9.64394187368246 427.5896907216495 24200
239.97505871954218 323.17864476386035 3724 9.65756650032663 427.6694045174538 24300
240.04708270704558 322.6134969325153 3724 9.661737677645698 427.9979550102249 24400
240.14360635786105 322.21181262729124 3725 9.66631599376818 428.60285132382893 24500
240.27664525581716 322.446247464503 3724 9.667669681420236 429.1419878296146 24600
240.40118551450652 322.4767676767677 3725 9.66335586452561 429.31111111111113 24700
240.46727859920264 322.6841046277666 3724 9.667637220110107 429.1106639839034 24800
240.53522883852187 322.80961923847696 3724 9.665602601993433 429.1362725450902 24900
240.70266730442478 322.76646706586826 3723 9.664327357459143 428.9620758483034 25000
240.86801766031832 322.4333996023857 3723 9.665356182769752 428.82703777335985 25100
241.03890912498275 321.8851485148515 3723 9.661295366204328 428.84554455445544 25200
241.156655387613 321.2268244575937 3723 9.655846469296224 428.8224852071006 25300
241.28904987976327 321.0530451866405 3724 9.647980063341604 428.53241650294694 25400
241.26734186586887 320.8493150684931 3724 9.641359874205747 428.14481409001957 25500
241.25371521687242 321.05263157894734 3724 9.63885944584627 427.82261208577 25600
241.14856387820097 320.8349514563107 3723 9.637729219209808 427.4796116504854 25700
241.04515189768202 320.4023210831721 3723 9.636654831514605 427.0560928433269 25800
240.87641698907348 319.70327552986515 3722 9.631489673382742 426.7148362235067 25900
240.72145580914284 319.23992322456814 3722 9.627402061072893 426.4587332053743 26000
240.6534389583026 319.19694072657745 3721 9.62401595561514 426.2944550669216 26100
240.5928250684458 319.33714285714285 3721 9.62392446626042 425.9352380952381 26200
240.52484620666942 319.41555977229604 3722 9.624086675749627 425.74573055028463 26300
240.46858211781208 319.3194706994329 3722 9.625247158951932 425.7504725897921 26400
240.41718225223923 319.6647834274953 3723 9.62760027699731 425.5875706214689 26500
240.3753061375844 320.0375234521576 3722 9.628350693244588 425.4596622889306 26600
240.35693261961012 320.3738317757009 3722 9.62793533132334 425.403738317757 26700
240.34684575614597 319.9627560521415 3723 9.624106894335172 425.4227188081937 26800
240.39032531116706 320.02968460111316 3724 9.618345564751102 425.5769944341373 26900
240.468145228785 319.9038817005545 3724 9.616719782362269 425.62846580406654 27000
240.55277395718423 319.926335174954 3724 9.611159646357779 425.6758747697974 27100
240.62084660417375 319.47889908256883 3724 9.608672210346679 425.61284403669725 27200
240.6822512661909 318.9981718464351 3724 9.604051206236479 425.6252285191956 27300
240.77263967221003 318.6885245901639 3725 9.59785512099136 425.6338797814208 27400
240.8970278657704 318.1705989110708 3725 9.591925649460666 425.77495462794917 27500
241.13823668723492 317.9023508137432 3724 9.58844537452457 425.84267631103074 27600
241.37235296398273 317.62882882882883 3724 9.580719245046803 425.7477477477477 27700
241.58831771540596 317.4685816876122 3724 9.57414574685992 425.6032315978456 27800
241.80856451407558 317.1377459749553 3724 9.565651486584928 425.44007155635063 27900
242.11568768877717 316.5204991087344 3724 9.556135979410428 425.3778966131907 28000
242.319907439294 315.7371225577265 3724 9.551017857335736 425.28774422735347 28100
242.4010306079887 315.012389380531 3723 9.545527528637203 425.3150442477876 28200
242.53929062440722 314.71604938271605 3722 9.541083742947881 425.347442680776 28300
242.69720865329165 314.4920913884007 3721 9.53590933793661 425.39367311072056 28400
242.87418750444886 314.14360770577935 3720 9.530857991744188 425.4010507880911 28500
243.06075317473113 313.9650959860384 3719 9.522658899911985 425.47294938917975 28600
243.19308308872613 313.41913043478263 3717 9.516801685225055 425.44521739130437 28700
243.30082581803018 312.9358752166378 3716 9.508727849227741 425.50433275563256 28800
243.4458927752172 312.42832469775476 3715 9.504407768629816 425.5215889464594 28900
243.53292906755368 312.10327022375213 3713 9.4993401276518 425.49397590361446 29000
243.63501161918822 311.7358490566038 3712 9.496409840045184 425.47341337907375 29100
243.71173660480372 311.6102564102564 3711 9.49868293571197 425.37606837606836 29200
243.75025704236808 311.7444633730835 3711 9.503343868355769 425.3594548551959 29300
243.88718581090498 311.80984719864176 3711 9.507001937262169 425.39219015280133 29400
244.05529355844874 311.73604060913704 3711 9.510416918971124 425.4162436548223 29500
244.27782751484372 311.50758853288363 3711 9.51071905415166 425.42327150084316 29600
244.50544743718402 311.4218487394958 3711 9.511752542434117 425.45546218487397 29700
244.76535380091772 311.7185929648241 3711 9.514252750051185 425.53768844221105 29800
245.1820286544107 312.1068447412354 3711 9.515561588949177 425.69115191986646 29900
245.62544044833038 312.89850249584026 3712 9.516029770017566 425.8136439267887 30000
246.01112549745235 314.03648424543945 3712 9.515458361161786 425.90547263681594 30100
246.35077910819703 316.02644628099176 3713 9.51551056492654 426.06446280991736 30200
246.74266682752113 317.77594728171334 3713 9.516667586678567 426.2619439868204 30300
247.1659512376346 318.5451559934319 3714 9.519949890276532 426.3661740558292 30400
247.5331743771062 318.4713584288052 3715 9.517719971412841 426.6317512274959 30500
247.9603003972394 318.70146818923325 3716 9.514031151846057 426.8091353996737 30600
248.31523706119472 318.51056910569105 3716 9.513009912327858 426.6878048780488 30700
248.6464988305599 318.25607779578604 3716 9.515259139684085 426.7212317666126 30800
248.92574401753848 317.951534733441 3716 9.517027284628563 426.7253634894992 30900
249.22979448015715 317.42028985507244 3717 9.520632232621269 426.6892109500805 31000
249.56916315230862 317.0465489566613 3717 9.52207671417078 426.60192616372393 31100
249.94301724788235 316.9152 3718 9.519145462624827 426.6928 31200
250.3321191836111 317.7129186602871 3718 9.517276843392638 426.74003189792666 31300
250.71312347975453 318.91573926868045 3718 9.51639958573589 426.70111287758345 31400
251.01751095984392 319.283676703645 3719 9.513178033958596 426.5515055467512 31500
251.38180041667158 319.6240126382306 3720 9.507581690988337 426.45971563981044 31600
251.6966513079686 319.9307086614173 3720 9.504459005449029 426.3417322834646 31700
252.07115454596962 320.48037676609107 3720 9.49676542632377 426.24960753532184 31800
252.43919957761634 321.13302034428796 3720 9.489204598952119 426.1643192488263 31900
252.84638225288865 321.7566302652106 3721 9.48455809474322 426.0405616224649 32000
253.21388217103603 322.0559875583204 3721 9.484028476141486 425.83048211508554 32100
253.54379001698956 321.50387596899225 3722 9.488165385729207 425.477519379845 32200
253.74621353340265 321.0448222565688 3722 9.494870107433734 425.15765069551776 32300
253.9473810468074 320.6779661016949 3722 9.50206179101197 424.87057010785827 32400
254.112482824213 320.55913978494624 3722 9.507838415129218 424.67434715821815 32500
254.29376617480526 320.59724349157733 3722 9.512058555621056 424.54517611026034 32600
254.42449724385278 320.4091603053435 3723 9.516340165265834 424.47175572519086 32700
254.5096710373998 319.77777777777777 3723 9.519196193543701 424.50532724505325 32800
254.5590347788105 319.6236722306525 3722 9.523494486950147 424.701062215478 32900
254.62951320038763 319.47352496217854 3722 9.528796658151405 424.9606656580938 33000
254.70829954661968 319.4238310708899 3722 9.53134930774974 425.32579185520365 33100
254.8290845895648 318.8390977443609 3723 9.538676804374505 425.4766917293233 33200
254.96615942039028 318.6926536731634 3723 9.546780859864672 425.7946026986507 33300
255.16656738264464 318.47533632286996 3723 9.554839584476209 426.050822122571 33400
255.45523474868952 318.27123695976155 3723 9.562488981008954 426.33084947839046 33500
255.75437653210182 318.1693907875186 3724 9.567586421712575 426.5408618127786 33600
256.0457925630257 318.31703703703704 3725 9.574962885224961 426.6607407407407 33700
256.35260730744983 318.38995568685374 3726 9.580609926883046 426.86410635155096 33800
256.70160450046774 318.70103092783506 3727 9.585875939035473 427.14874815905745 33900
257.1194338523448 318.5961820851689 3729 9.590505267150384 427.511013215859 34000
257.47360412194485 318.4568081991215 3731 9.595008048588317 427.73645680819914 34100
257.9462417519826 318.32408759124087 3733 9.601056686889278 428.014598540146 34200
258.5387849821295 318.26783114992725 3735 9.603382577174896 428.2721979621543 34300
259.1493383067918 318.2322206095791 3736 9.606102919593956 428.36865021770683 34400
259.68694336362165 318.21997105643993 3737 9.608235348604847 428.4254703328509 34500
260.1632635337838 318.1154401154401 3739 9.609036153618149 428.3939393939394 34600
260.6383833035068 317.5884892086331 3740 9.609328211638786 428.30359712230216 34700
261.10999205152706 317.0358680057389 3740 9.609373180902375 428.16929698708753 34800
261.6746371526512 317.27896995708153 3741 9.605954757341399 428.12732474964236 34900
262.15392511934186 317.5891583452211 3741 9.603966558059657 428.0242510699001 35000
262.74067013925355 317.91465149359885 3742 9.60204509254191 427.86628733997156 35100
263.28923360979195 317.8609929078014 3742 9.598227688751466 427.6709219858156 35200
263.840178016774 317.79349363507777 3743 9.595541467987383 427.42857142857144 35300
264.3302002228849 317.7094499294781 3744 9.594174950760653 427.14809590973204 35400
264.71732095528483 317.64275668073134 3744 9.59493638511819 426.8663853727145 35500
265.04326481792526 317.61851332398317 3744 9.596294059685658 426.6507713884993 35600
265.3438578132341 317.5104895104895 3744 9.599021708669554 426.5188811188811 35700
265.63995974241305 317.0460251046025 3744 9.601970741560296 426.3668061366806 35800
265.97763078671323 316.7204450625869 3744 9.604632362666974 426.18497913769124 35900
266.33522133273846 316.4576976421637 3743 9.607116045433502 426.00138696255203 36000
266.72704383619214 316.1106500691563 3742 9.607911676959564 425.9571230982019 36100
267.10913645207125 315.5806896551724 3742 9.60704208040748 425.9944827586207 36200
267.5204698773622 315.1774415405777 3742 9.605961595218698 426.0288858321871 36300
267.8118332193358 314.85322359396434 3741 9.603445620715735 426.10699588477365 36400
268.14833555010233 314.5827633378933 3741 9.601369010110343 426.1887824897401 36500
268.5476052415916 314.3738062755798 3740 9.599143485623587 426.14597544338335 36600
269.0663368487414 314.02993197278914 3740 9.597956131098558 426.00680272108843 36700
269.5458209890932 314.0 3740 9.597381931655587 425.8683853459973 36800
270.0400621792578 313.95669824086605 3740 9.59640957253905 425.71177266576456 36900
270.51761152924917 314.10526315789474 3741 9.594246177727534 425.5195681511471 37000
270.9901154849785 314.1292059219381 3742 9.592571819839229 425.43068640646027 37100
271.5037340946738 314.23892617449667 3743 9.594297248826633 425.3422818791946 37200
272.0326962708524 314.80053547523426 3743 9.597977175871273 425.3092369477912 37300
272.50973256399084 315.4072096128171 3744 9.600514986073952 425.34846461949263 37400
273.0086272089368 316.51930758988016 3745 9.59969901446539 425.4314247669774 37500
273.5315569811861 316.64010624169987 3746 9.600306909323573 425.543160690571 37600
273.93217529774694 316.7258278145695 3747 9.601189098526246 425.77615894039735 37700
274.31341930116827 316.38309114927347 3748 9.60488476801495 425.9048877146631 37800
274.6266194859277 316.5718050065876 3748 9.607619873086996 426.1317523056654 37900
274.89749382487736 316.7779237844941 3749 9.60845641987501 426.42969776609726 38000
275.2659127037393 316.95412844036696 3750 9.609576361856242 426.5740498034076 38100
275.70595234282825 316.7816993464052 3750 9.605450018426552 426.7895424836601 38200
276.03957526934926 316.5736636245111 3751 9.605783482089933 426.82790091264667 38300
276.34247687616147 316.58777633289986 3752 9.607436527156917 426.9141742522757 38400
276.6664383206693 316.6536964980545 3753 9.610270673649376 426.92217898832683 38500
277.0413759757047 316.7968952134541 3754 9.615160012139286 426.95860284605436 38600
277.4947875248112 316.78967741935486 3754 9.61684131963484 426.85548387096776 38700
277.9364101590459 316.8622908622909 3754 9.616416021265705 426.71685971685974 38800
278.2585689062641 317.02695763799744 3754 9.617894562141293 426.5622593068036 38900
278.6401934119807 317.0550576184379 3754 9.621054503984343 426.35339308578745 39000
279.07529498768105 316.98850574712645 3755 9.623725288563355 426.213282247765 39100
279.4615918794778 316.83057324840763 3755 9.625627569026557 426.05859872611467 39200
279.83478925014015 316.84371029224906 3756 9.626883915738052 425.9301143583227 39300
280.2238761811481 316.72243346007605 3756 9.625392350776641 425.8897338403042 39400
280.59104876538134 317.24399494311 3756 9.62165722004939 425.85082174462707 39500
280.86522669306805 317.1626733921816 3756 9.614729963504496 425.81462799495586 39600
281.02659376883105 317.0364779874214 3755 9.605356778411124 425.8314465408805 39700
281.1200235993385 316.9460476787955 3755 9.595751812286572 425.9335006273526 39800
281.21850260459746 316.90362953692113 3754 9.589347019357287 425.99374217772214 39900
281.28785227907 316.8938826466916 3753 9.5795265523926 426.0449438202247 40000
281.35734602010047 317.14819427148194 3752 9.569988503694239 425.9539227895392 40100
281.39523231776417 317.34906832298134 3751 9.561723298078212 425.7788819875776 40200
281.46452454397513 317.1449814126394 3750 9.554302837779547 425.5539033457249 40300
281.52544269350926 316.8257107540173 3748 9.547337545486553 425.41285537700867 40400
281.56222068794153 317.0012330456227 3747 9.539922509716034 425.3181257706535 40500
281.5609486825633 317.2890528905289 3746 9.534939393368111 425.2386223862239 40600
281.5958426443122 317.42576687116565 3745 9.532034882835555 425.23312883435585 40700
281.6322049232027 317.1750305997552 3744 9.52841333252004 425.17135862913096 40800
281.6402604932415 316.7887667887668 3743 9.526512445261138 425.1062271062271 40900
281.68933948987694 316.3020706455542 3743 9.525165726053503 425.1461632155907 41000
281.7465073438174 315.85419198055894 3742 9.522006149562486 425.273390036452 41100
281.78336657619644 315.5224242424242 3742 9.519626838995162 425.48848484848486 41200
281.8361167206398 315.7243047158404 3742 9.513787990915112 425.75574365175333 41300
281.9352538387618 315.78287092882994 3741 9.508179791152203 425.7816646562123 41400
282.0789926460539 315.927797833935 3741 9.50277660969272 425.748495788207 41500
282.1933134825763 315.6062424969988 3741 9.500892269016262 425.61464585834335 41600
282.38096045869884 315.25748502994014 3741 9.49929332545774 425.47664670658685 41700
282.4848879465058 315.3285543608124 3741 9.497322298645775 425.3142174432497 41800
282.581082101796 315.3921334922527 3741 9.493276238339112 425.24433849821213 41900
282.7267995137705 315.38882282996434 3741 9.489989282031793 425.19143876337694 42000
282.92873613737123 315.10083036773426 3741 9.486557464662488 425.18623962040334 42100
283.10123315578005 315.1313609467456 3741 9.48354257352115 425.2130177514793 42200
283.26130001323065 315.2538370720189 3742 9.478416144776117 425.2892561983471 42300
283.50242831053026 315.321554770318 3742 9.47379918923723 425.32626619552417 42400
283.7262259108689 316.2115158636898 3743 9.468482477773778 425.4876615746181 42500
283.92817793077216 317.1277842907386 3743 9.465374329274558 425.59906213364593 42600
284.1960282703802 318.1801169590643 3744 9.46352192005463 425.6093567251462 42700
284.47094343382406 318.4294049008168 3746 9.463093630859635 425.4830805134189 42800
284.8118297926981 318.58672875436554 3747 9.46215511251072 425.3573923166473 42900
285.20511042715043 318.5528455284553 3748 9.462097841633808 425.27409988385597 43000
285.57867879067277 318.68366164542294 3750 9.463985438164624 425.2456546929316 43100
286.02863329057874 318.8 3751 9.465816255541096 425.36300578034684 43200
286.4690945120049 319.0472895040369 3752 9.469135622667325 425.5028835063437 43300
286.9724286241942 319.36708860759495 3754 9.47265890086602 425.6271576524741 43400
287.4541661101859 319.9219288174512 3755 9.478207075350571 425.74167623421357 43500
287.8458491035126 320.23825887743413 3756 9.484590806867187 425.84421534936996 43600
288.283791141984 320.54857142857145 3757 9.492840313594348 425.8617142857143 43700
288.7289085016748 320.4697833523375 3758 9.497454426977844 425.93956670467503 43800
289.18756556648555 320.91695108077363 3759 9.500873188236143 425.8862343572241 43900
289.5990061046808 321.3598183881952 3760 9.504980955862365 425.83427922814985 44000
290.1106106925937 321.89354473386186 3761 9.508018720053286 425.8573046432616 44100
290.42685733523086 321.63389830508476 3762 9.512931261209816 425.93898305084747 44200
290.807319169676 321.26268320180384 3762 9.514746933266125 425.98421645997746 44300
291.1200801141735 320.8548931383577 3763 9.513307682572611 425.92575928009 44400
291.48895936689917 320.4534231200898 3762 9.510774142060923 425.8552188552189 44500
291.82077419296127 320.0851063829787 3762 9.508286406020472 425.8656215005599 44600
292.1380385578676 320.35754189944134 3761 9.504469006230481 425.859217877095 44700
292.4396123753487 320.8807134894091 3761 9.50460445413477 425.81828316610927 44800
292.739179366179 321.4349276974416 3760 9.507425639493153 425.76529477196885 44900
293.03276182365846 321.53829078801334 3759 9.507913646347268 425.7336293007769 45000
293.2791579133008 321.344407530454 3759 9.508600840526304 425.8161683277962 45100
293.51568489822455 321.0895027624309 3758 9.507476860768234 425.9569060773481 45200
293.7554341067954 320.8445424476295 3757 9.503509620354928 426.1951488423374 45300
294.02672624457574 320.51485148514854 3757 9.49991458316469 426.42134213421343 45400
294.27778718204445 320.1602634467618 3756 9.496222524405123 426.65532381997804 45500
294.45174101085405 319.7721796276013 3756 9.488563767506099 427.04381161007666 45600
294.6377119139726 319.40546448087434 3755 9.480730320811574 427.2415300546448 45700
294.7898341459119 319.02508178844056 3754 9.473969627376768 427.21374045801525 45800
294.8850274884888 319.1947769314472 3753 9.468090971545104 427.0805223068553 45900
294.90745957818564 319.4397394136808 3752 9.464902934690501 426.928338762215 46000
294.9530671708025 319.49295774647885 3751 9.45831176240098 426.7648970747562 46100
295.0079244737623 319.1481081081081 3751 9.452176363250214 426.6086486486486 46200
295.04454826313383 318.8651564185545 3750 9.445950883861686 426.38942826321465 46300
295.03667634421373 318.52744886975245 3750 9.440621793122034 426.1786867599569 46400
294.99093155059865 318.21911922663804 3749 9.436452895607273 425.94736842105266 46500
295.0052634867003 317.7470525187567 3748 9.431475045272178 425.8006430868167 46600
294.9797654868406 317.2534759358289 3748 9.427174676472832 425.70267379679143 46700
294.8849657376553 316.9647812166489 3747 9.423945457770191 425.6008537886873 46800
294.79892549195614 316.72843450479235 3746 9.422616500458645 425.52183173588924 46900
294.75599646036983 316.52072263549417 3746 9.424329475863773 425.45589798087144 47000
294.74917015920244 316.2099681866384 3745 9.42443415186518 425.4082714740191 47100
294.7496012239506 316.03809523809525 3744 9.422981582735508 425.4804232804233 47200
294.7944765986576 315.68532206969377 3744 9.420888312617414 425.6451953537487 47300
294.90033869050063 315.56375131717596 3744 9.41674844628762 425.840885142255 47400
295.0291187102793 315.40273396424817 3744 9.41381675086478 426.055730809674 47500
295.19822159429106 315.64323189926546 3744 9.413098202744246 426.1794333683106 47600
295.39175732495283 316.18848167539267 3745 9.412286774101096 426.22931937172774 47700
295.64964792211373 317.03657262277954 3745 9.412014599614054 426.26541274817134 47800
295.90870273232565 317.46611053180396 3746 9.411903983888006 426.2158498435871 47900
296.22273080974173 317.8293444328824 3747 9.40985007341165 426.09157127991676 48000
296.51033689631504 317.85669781931466 3748 9.407646516061474 425.9781931464174 48100
296.8587986394565 317.85284974093264 3749 9.406657057081325 425.9222797927461 48200
297.18348182450796 317.85108583247154 3750 9.404240176380217 425.9462254395036 48300
297.57081564692805 318.14241486068113 3752 9.401243562914791 425.94014447884416 48400
297.8543208211136 318.31513903192587 3752 9.399232762579228 425.773429454171 48500
298.04979342766484 318.47893114080165 3753 9.39789826563662 425.672147995889 48600
298.2919210696305 318.4 3754 9.397745714141497 425.62051282051283 48700
298.51830039905946 318.51995905834184 3755 9.399095554761763 425.6816786079836 48800
298.7739259104831 318.6537282941777 3755 9.399585428784494 425.7803881511747 48900
298.9569522567949 318.9683995922528 3755 9.400413094690244 425.8399592252803 49000
299.1358406923081 319.05391658189217 3756 9.400320369593576 426.10986775178026 49100
299.3604810535156 318.9807106598985 3756 9.403498434307862 426.36345177664975 49200
299.57864800639607 318.6241134751773 3756 9.405467029172485 426.6433637284701 49300
299.790824893616 318.8432760364004 3756 9.405405417384472 426.9787664307381 49400
299.99450835892054 319.0676084762866 3756 9.406421937044827 427.27144298688194 49500
300.16750432254815 319.3675730110775 3756 9.40850603479617 427.4551863041289 49600
300.35993840072047 319.12964824120604 3756 9.411645898515765 427.58492462311557 49700
300.5274309801209 318.78435305917753 3756 9.415647110354248 427.6058174523571 49800
300.77227565632353 318.5885885885886 3756 9.419054517658491 427.61961961961964 49900
892.2409003831417 298.0 7740 22.685714285714287 841.0 50000
604.3266456824707 248.66666666666666 5106 15.154497354497357 553.6666666666666 50100
526.8809634860374 268.0 4571 13.641269841269843 487.4 50200
494.9609032214934 245.42857142857142 4393 12.960090702947847 466.14285714285717 50300
478.9555864609387 236.66666666666666 4331 12.475132275132275 465.1111111111111 50400
468.8581879748013 255.27272727272728 4239 12.258874458874459 468.3636363636364 50500
461.30548136476983 258.3076923076923 4157 11.94302951950011 478.2307692307692 50600
454.040132668995 269.3333333333333 4119 11.719253034547153 484.6 50700
453.38203620855137 267.4117647058824 4090 11.468545065084857 487.4117647058824 50800
446.96337635296203 283.4736842105263 4041 11.273025701508674 485.89473684210526 50900
437.28895505585604 301.14285714285717 3998 11.01028855986839 482.7142857142857 51000
429.9840143462011 321.6521739130435 3964 10.74852433727114 477.0869565217391 51100
424.6319440298589 324.24 3942 10.477360339007397 475.16 51200
420.24945168072514 318.6666666666667 3930 10.327886199781627 468.6296296296296 51300
415.9386492498579 312.2068965517241 3915 10.221396377988674 463.2413793103448 51400
411.0531208177181 303.741935483871 3900 10.174854676182953 460.2903225806452 51500
406.8571360243866 310.3030303030303 3887 10.148214642332293 456.4848484848485 51600
403.99742729647403 313.9428571428571 3880 10.164955318232632 454.45714285714286 51700
401.2859870096658 319.7837837837838 3868 10.118501277006844 454.02702702702703 51800
398.2442395450498 312.8205128205128 3858 10.088862264880365 453.8974358974359 51900
395.2783287442025 305.9024390243902 3843 10.085921248475051 455.2439024390244 52000
393.38248399273357 299.1162790697674 3833 10.074580970088208 454.5813953488372 52100
392.6917894179724 292.97777777777776 3827 10.072435850949784 455.7111111111111 52200
391.7036324073257 292.7659574468085 3826 10.062088295278853 455.97872340425533 52300
390.50991578014344 295.6326530612245 3820 10.045268364859307 455.57142857142856 52400
390.56662089568357 300.7843137254902 3819 10.024865683884432 456.15686274509807 52500
391.6968445586553 299.58490566037733 3823 9.984256335387583 456.1132075471698 52600
392.02651564511706 297.7090909090909 3828 9.92608757354132 453.3454545454546 52700
392.3520825351234 304.9824561403509 3835 9.931451075116048 450.50877192982455 52800
393.0915706080923 310.8135593220339 3834 9.936382329414592 448.45762711864404 52900
394.1184291528624 316.72131147540983 3835 9.905681269433785 446.9016393442623 53000
394.8906654584318 317.015873015873 3842 9.858346440129266 447.07936507936506 53100
396.2850105339228 315.16923076923075 3847 9.839440470864501 446.61538461538464 53200
398.6770717408822 330.5970149253731 3854 9.822391283164867 446.6119402985075 53300
400.5295104410465 347.1014492753623 3863 9.808469949251624 447.231884057971 53400
401.60726142816515 362.11267605633805 3871 9.799399992554013 447.7042253521127 53500
403.1963214771572 364.90410958904107 3877 9.7856437543278 446.45205479452056 53600
405.0721710365159 364.82666666666665 3889 9.767500271756251 444.3333333333333 53700
407.17310147709554 364.85714285714283 3894 9.742903195100578 443.31168831168833 53800
408.74791221768334 363.1898734177215 3898 9.742507487054304 442.5189873417722 53900
410.7558155039298 365.55555555555554 3902 9.750361772821012 441.7901234567901 54000
413.4465236013472 366.31325301204816 3903 9.724465722287388 441.9277108433735 54100
415.39290200211093 366.32941176470587 3903 9.69011843193599 442.22352941176473 54200
415.9537694847535 361.97701149425285 3903 9.651941267172079 444.7816091954023 54300
416.55447799660374 359.9325842696629 3901 9.623948204988436 446.8426966292135 54400
417.28933814469747 358.0659340659341 3898 9.608903056294052 448.3736263736264 54500
417.0079923561398 356.0860215053763 3898 9.595808366911385 448.18279569892474 54600
417.2895426480579 354.3157894736842 3898 9.582696042828472 447.46315789473687 54700
417.15733781904214 351.4845360824742 3902 9.557116851495058 446.4020618556701 54800
417.110916545476 347.5959595959596 3908 9.54687206661637 445.1212121212121 54900
416.83662820086033 348.7920792079208 3909 9.531799635311378 444.2079207920792 55000
416.5692524451446 350.36893203883494 3908 9.528627235647694 442.9805825242718 55100
416.1157189302115 351.8666666666667 3905 9.524573183038864 441.8 55200
415.4713553394427 349.7196261682243 3904 9.519782893317144 440.6448598130841 55300
414.9904750631537 353.5229357798165 3903 9.509022350932119 439.58715596330273 55400
414.5907255760892 355.9099099099099 3905 9.490241167431842 439.009009009009 55500
414.4096845393194 354.95575221238937 3910 9.464602680692636 437.716814159292 55600
414.3461209569796 351.7391304347826 3917 9.449424142501355 436.04347826086956 55700
414.19508527750753 349.4017094017094 3922 9.440695106051828 434.1623931623932 55800
413.11522428373786 347.7142857142857 3927 9.423484544045357 432.2773109243698 55900
411.9406501819283 345.73553719008265 3930 9.419520724629528 430.40495867768595 56000
411.38738699800336 344.7642276422764 3935 9.41009762341604 429.1626016260163 56100
410.8844424172122 342.896 3937 9.407696061441381 428.224 56200
410.37716785467256 340.5826771653543 3936 9.423585362311073 427.4173228346457 56300
410.04871123640373 338.62015503875966 3936 9.431281713282996 426.71317829457365 56400
409.4681324966496 336.3358778625954 3938 9.435511509008954 425.6106870229008 56500
409.24443489812694 334.5112781954887 3938 9.44807273944992 424.45864661654133 56600
408.92755754067537 332.47407407407405 3937 9.465138328495105 423.73333333333335 56700
408.7822903534862 330.17518248175185 3939 9.476673814924903 423.1240875912409 56800
408.34628535607584 328.2589928057554 3938 9.48093357690767 423.1294964028777 56900
408.3354342108954 326.0851063829787 3938 9.485072494578871 423.1985815602837 57000
408.10519718454003 323.72027972027973 3938 9.49163854996302 423.6223776223776 57100
407.7357794600049 322.24827586206897 3938 9.507114381875754 424.2689655172414 57200
407.3359985496369 320.6938775510204 3938 9.52872150722762 424.9183673469388 57300
406.65299621310726 319.6510067114094 3938 9.539521665967294 425.2281879194631 57400
406.18548393846265 321.8675496688742 3939 9.55240475809953 425.41059602649005 57500
405.8163854764896 323.58169934640523 3940 9.573941950804114 425.16993464052285 57600
405.56596582228264 324.56774193548387 3942 9.59045442287871 424.7741935483871 57700
406.19735545902086 326.484076433121 3945 9.595079059174433 424.90445859872614 57800
406.94970895640205 328.0880503144654 3944 9.60046493030373 425.0880503144654 57900
407.5503788459836 330.7577639751553 3945 9.609568885620867 425.42857142857144 58000
407.90093540782874 330.55214723926383 3946 9.62202816309791 425.6319018404908 58100
408.1947624774005 330.93333333333334 3948 9.626018361268786 426.030303030303 58200
408.4261259144071 330.09580838323353 3951 9.613786418772044 426.125748502994 58300
408.5686743571896 329.5739644970414 3955 9.608831809688583 426.3431952662722 58400
408.6614245289387 328.51461988304095 3959 9.594985823610353 426.53216374269005 58500
408.58086578071953 328.3815028901734 3960 9.580501655281424 426.8265895953757 58600
408.4677388660333 327.8514285714286 3962 9.565145546138357 426.85714285714283 58700
408.1301590369313 327.774011299435 3962 9.537944972022014 426.9717514124294 58800
407.93419807376745 326.6480446927374 3963 9.510764169629532 427.2625698324022 58900
407.68620574019536 325.02762430939225 3963 9.480007358111777 427.50828729281767 59000
407.17060405275265 326.1311475409836 3962 9.434792601660908 426.78142076502735 59100
406.34918084828195 328.64864864864865 3959 9.397075340518043 425.5243243243243 59200
405.56989483909723 331.379679144385 3955 9.3806479156046 424.24064171122996 59300
404.8366142030387 331.0687830687831 3953 9.360907212954304 423.76719576719574 59400
404.6415345926073 330.0628272251309 3950 9.336820289893064 422.9371727748691 59500
404.3004283887271 329.18134715025906 3946 9.322632949432865 422.2901554404145 59600
403.67878908049727 328.3282051282051 3940 9.30169568841304 421.94358974358977 59700
403.13785616977844 327.005076142132 3937 9.278666628970608 422.39086294416245 59800
403.0137324648411 326.321608040201 3932 9.265145691326012 422.5326633165829 59900
