0 0 0 0 0 0 0 0
0 3 0 0 3269 0 3302 100
0 10 0 0 7407 4 7507 200
0 10 0 0 9336 9 9493 300
0 10 0 0 11862 9 12058 400
0 11 0 0 14858 9 15086 500
0 11 0 0 18247 10 18514 600
0 11 0 0 21904 11 22232 700
0 11 0 0 25895 20 26357 800
0 11 0 0 30275 50 30917 900
0 11 0 0 35013 78 36007 1000
0 11 0 0 39985 110 41386 1100
0 11 0 0 45152 171 47131 1200
0 11 0 0 50679 266 53384 1300
0 11 0 0 56311 379 59810 1400
0 11 0 0 62100 539 66429 1500
0 11 0 0 68000 728 73293 1600
0 11 0 0 74042 945 80507 1700
0 11 0 0 80085 1202 87756 1800
0 11 0 0 86166 1465 95212 1900
0 11 0 0 92571 1742 103056 2000
0 11 0 0 98901 2083 111054 2100
0 11 0 0 105472 2450 119410 2200
0 12 0 0 112087 2863 128003 2300
0 12 0 0 118803 3322 136836 2400
0 13 0 0 125478 3799 145746 2500
0 13 0 0 132291 4285 154799 2600
0 13 0 0 139104 4872 163900 2700
0 13 0 0 146052 5521 173299 2800
0 15 0 0 153023 6222 182981 2900
0 15 0 0 159987 6921 192687 3000
0 15 0 0 167094 7623 202647 3100
0 15 0 0 174334 8308 212991 3200
0 15 0 0 181432 9021 223202 3300
0 15 0 0 188721 9785 233705 3400
0 15 0 0 196027 10574 244310 3500
0 16 0 0 203262 11391 254962 3600
0 16 0 0 210502 12197 265545 3700
0 17 0 0 217822 13186 276327 3800
0 18 0 0 225065 14133 287126 3900
0 18 0 0 232400 14989 298056 4000
0 18 0 0 239676 15954 309016 4100
1 19 0 0 246928 16891 319905 4200
1 19 0 0 254203 17902 330881 4300
1 21 0 0 261600 18923 342058 4400
1 21 0 0 269014 19876 353044 4500
2 22 0 0 276370 20868 364039 4600
3 22 0 0 283729 21842 375316 4700
4 23 0 0 291070 22752 386662 4800
5 24 0 0 298503 23731 398102 4900
7 26 0 0 305930 24723 409713 5000
7 26 0 0 313334 25829 421277 5100
7 26 0 0 320809 26856 432960 5200
8 26 0 0 328209 27918 444525 5300
8 27 0 0 335755 28940 456571 5400
8 27 0 0 343291 29986 468758 5500
8 27 0 0 350951 31150 481298 5600
8 27 0 0 358742 32278 493814 5700
8 27 0 0 366492 33396 506157 5800
8 27 0 0 374117 34456 518403 5900
8 27 0 0 381840 35492 530635 6000
9 27 0 0 389439 36485 542636 6100
9 27 0 0 397088 37558 554598 6200
9 28 0 0 404644 38543 566288 6300
9 28 0 0 412201 39414 577688 6400
9 28 0 0 419773 40295 588945 6500
9 28 0 0 427234 41195 600067 6600
9 28 0 0 434607 42134 611268 6700
9 28 0 0 442162 43047 622716 6800
9 29 0 0 449778 44018 634357 6900
9 29 0 0 457318 45016 646053 7000
9 30 0 0 464825 46004 657871 7100
9 30 0 0 472419 47034 669958 7200
9 32 0 0 479975 48046 682283 7300
9 32 0 0 487747 49095 695100 7400
9 32 0 0 495428 50115 707931 7500
9 32 0 0 503061 51176 720529 7600
9 32 0 0 510868 52310 733129 7700
9 32 0 0 518499 53333 745437 7800
9 32 0 0 526289 54359 757743 7900
9 33 0 9988 533960 55383 769894 8000
9 33 0 9988 541603 56463 782323 8100
9 34 0 9988 549043 57585 795099 8200
9 35 0 9988 556667 58697 807754 8300
9 35 0 9988 564108 59693 819585 8400
9 36 0 9988 571774 60784 831918 8500
9 37 0 9988 579341 61896 843981 8600
9 37 0 9988 586979 62946 855946 8700
9 38 0 9988 594606 63989 867881 8800
9 38 0 9988 602005 65123 879660 8900
9 38 0 9988 609611 66228 891562 9000
9 38 0 9988 617070 67311 903263 9100
9 39 0 9988 624539 68371 914914 9200
10 40 0 9988 632084 69468 926742 9300
10 41 0 9988 639660 70477 938536 9400
10 41 0 9988 647040 71563 950277 9500
11 43 0 9988 654552 72616 962326 9600
11 43 0 9988 662159 73718 974713 9700
12 43 0 9988 669720 74832 987252 9800
13 43 0 9988 677440 75931 999843 9900
14 45 0 9988 685055 77036 1012374 10000
15 45 0 9988 692798 78157 1024904 10100
15 46 0 9988 700285 79249 1037243 10200
15 46 0 9988 707940 80339 1049764 10300
15 46 0 9988 715615 81469 1062481 10400
15 47 0 9988 723363 82525 1075115 10500
15 50 0 9988 731034 83621 1087672 10600
15 51 0 9988 738756 84776 1100543 10700
15 51 0 9988 746393 85871 1112889 10800
15 53 0 9988 754046 86927 1125234 10900
15 54 0 9988 761717 88002 1137462 11000
15 56 0 9988 769281 89031 1149469 11100
15 56 0 9988 776884 89978 1161266 11200
15 58 0 9988 784388 90965 1173080 11300
15 58 0 9988 791853 91921 1184736 11400
16 59 0 9988 799456 92879 1196549 11500
17 59 0 9988 807098 93851 1208413 11600
17 60 0 9988 814763 94779 1220323 11700
17 61 0 9988 822266 95781 1232141 11800
17 61 0 9988 829809 96701 1243684 11900
17 61 0 9988 837310 97711 1255325 12000
17 62 0 9988 844810 98668 1266948 12100
18 62 0 9988 852338 99584 1278367 12200
18 64 0 9988 859768 100446 1289752 12300
18 65 0 9988 867237 101432 1301481 12400
18 65 0 9988 874849 102419 1313295 12500
19 66 0 9988 882383 103436 1325185 12600
19 66 0 9988 889972 104416 1336997 12700
21 66 0 9988 897516 105500 1348799 12800
21 67 0 9988 904922 106534 1360331 12900
21 67 0 9988 912472 107577 1372001 13000
21 67 0 9988 919915 108628 1383461 13100
21 67 0 9988 927370 109645 1395016 13200
21 67 0 9988 934939 110744 1406730 13300
21 68 0 9988 942396 111811 1418652 13400
21 68 0 9988 950019 112879 1430791 13500
21 69 0 9988 957605 114008 1442769 13600
21 70 0 9988 965093 115162 1454494 13700
21 70 0 9988 972515 116332 1466111 13800
21 71 0 9988 979905 117554 1477700 13900
21 71 0 9988 987489 118804 1489537 14000
21 71 0 9988 994880 120042 1501233 14100
21 72 0 9988 1002430 121213 1513285 14200
21 72 0 9988 1009894 122453 1525254 14300
22 72 0 9988 1017421 123698 1537429 14400
22 72 0 9988 1024924 124872 1549459 14500
22 72 0 9988 1032601 126040 1561574 14600
22 72 0 9988 1040056 127118 1573320 14700
22 74 0 9988 1047724 128334 1585353 14800
22 74 0 9988 1055238 129410 1597280 14900
22 75 0 9988 1062826 130504 1609215 15000
22 77 0 9988 1070366 131654 1621234 15100
22 77 0 9988 1077898 132788 1633302 15200
22 77 0 9988 1085459 133969 1645610 15300
22 78 0 9988 1092990 135007 1657797 15400
22 79 0 9988 1100490 136159 1669971 15500
22 81 0 9988 1108206 137298 1682368 15600
22 81 0 9988 1115827 138458 1694648 15700
22 82 0 9988 1123327 139547 1706651 15800
23 84 0 9988 1130953 140663 1718909 15900
23 87 0 19980 1138413 141829 1730768 16000
23 88 0 19980 1145950 142940 1742854 16100
23 89 0 19980 1153314 144165 1755313 16200
23 91 0 19980 1160776 145297 1767430 16300
23 92 0 19980 1168157 146355 1779143 16400
23 93 0 19980 1175653 147442 1790856 16500
23 94 0 19980 1183028 148557 1802568 16600
23 95 0 19980 1190380 149614 1814139 16700
23 97 0 19980 1197821 150639 1825933 16800
23 98 0 19980 1205240 151644 1837557 16900
23 99 0 19980 1212620 152711 1849100 17000
23 99 0 19980 1220216 153750 1861132 17100
23 99 0 19980 1227620 154717 1872714 17200
23 99 0 19980 1235040 155692 1884406 17300
23 100 0 19980 1242560 156684 1895894 17400
24 100 0 19980 1249876 157684 1907103 17500
24 100 0 19980 1257252 158651 1918254 17600
24 100 0 19980 1264549 159637 1929482 17700
24 100 0 19980 1271852 160631 1940787 17800
24 100 0 19980 1279330 161637 1952294 17900
24 100 0 19980 1286745 162581 1963659 18000
24 100 0 19980 1294184 163483 1975030 18100
24 101 0 19980 1301643 164426 1986515 18200
24 102 0 19980 1309199 165466 1998046 18300
24 103 0 19980 1316604 166443 2009441 18400
24 104 0 19980 1324095 167453 2020925 18500
24 104 0 19980 1331524 168376 2032180 18600
24 105 0 19980 1339094 169379 2043752 18700
24 107 0 19980 1346538 170371 2055511 18800
24 109 0 19980 1354074 171404 2067554 18900
24 110 0 19980 1361644 172416 2079534 19000
24 110 0 19980 1369257 173469 2091738 19100
24 110 0 19980 1376892 174373 2103735 19200
24 111 0 19980 1384584 175409 2116040 19300
24 111 0 19980 1392220 176492 2128110 19400
24 112 0 19980 1399695 177598 2139940 19500
24 112 0 19980 1407179 178675 2151784 19600
24 113 0 19980 1414782 179780 2163533 19700
24 113 0 19980 1422252 180870 2174841 19800
24 113 0 19980 1429724 181979 2186272 19900
24 113 0 19980 1437097 183181 2197609 20000
24 114 0 19980 1444669 184232 2209267 20100
25 114 0 19980 1452211 185367 2221074 20200
26 115 0 19980 1459779 186427 2232825 20300
26 115 0 19980 1467403 187516 2244683 20400
26 117 0 19980 1474873 188577 2256565 20500
26 119 0 19980 1482412 189633 2268419 20600
26 120 0 19980 1489955 190674 2280347 20700
26 121 0 19980 1497574 191751 2292427 20800
26 123 0 19980 1505152 192788 2304419 20900
26 124 0 19980 1512716 193885 2316558 21000
26 124 0 19980 1520429 195030 2328899 21100
26 127 0 19980 1527901 196052 2340731 21200
26 127 0 19980 1535445 197108 2352612 21300
26 127 0 19980 1543086 198169 2364602 21400
26 128 0 19980 1550556 199195 2376244 21500
26 128 0 19980 1558055 200229 2388060 21600
26 128 0 19980 1565687 201301 2400150 21700
26 128 0 19980 1573086 202329 2411805 21800
26 128 0 19980 1580673 203446 2423881 21900
26 129 0 19980 1588207 204494 2436078 22000
26 131 0 19980 1595737 205528 2448145 22100
26 131 0 19980 1603409 206654 2460390 22200
27 131 0 19980 1610975 207683 2472476 22300
27 132 0 19980 1618647 208723 2484774 22400
27 132 0 19980 1626305 209770 2497105 22500
27 132 0 19980 1633896 210786 2509297 22600
27 134 0 19980 1641577 211787 2521410 22700
27 134 0 19980 1649282 212776 2533525 22800
27 134 0 19980 1656857 213679 2545225 22900
27 135 0 19980 1664351 214680 2556831 23000
27 136 0 19980 1671865 215607 2568281 23100
27 136 0 19980 1679411 216613 2579792 23200
27 137 0 19980 1686783 217566 2591058 23300
27 137 0 19980 1694221 218568 2602606 23400
27 137 0 19980 1701708 219614 2614478 23500
27 137 0 19980 1709289 220644 2626463 23600
27 137 0 19980 1716893 221701 2638454 23700
27 137 0 19980 1724503 222711 2650606 23800
27 137 0 19980 1732014 223772 2662669 23900
27 138 0 29979 1739756 224963 2675192 24000
27 139 0 29979 1747445 226130 2687842 24100
27 139 0 29979 1755069 227329 2700713 24200
27 139 0 29979 1762777 228551 2713394 24300
27 140 0 29979 1770337 229746 2725799 24400
27 141 0 29979 1777916 230977 2738038 24500
27 142 0 29979 1785475 232117 2750102 24600
27 142 0 29979 1793118 233279 2762207 24700
27 143 0 29979 1800617 234484 2774217 24800
27 143 0 29979 1808142 235618 2785927 24900
27 143 0 29979 1815656 236745 2797512 25000
27 143 0 29979 1823008 237864 2809098 25100
27 143 0 29979 1830493 238886 2820900 25200
27 143 0 29979 1838125 239901 2832722 25300
27 143 0 29979 1845621 240936 2844127 25400
27 143 0 29979 1853029 241923 2855053 25500
27 143 0 29979 1860333 242850 2865930 25600
27 144 0 29979 1867727 243812 2876914 25700
27 144 0 29979 1875179 244724 2887858 25800
27 144 0 29979 1882556 245621 2898689 25900
27 144 0 29979 1889805 246519 2909402 26000
27 144 0 29979 1897204 247438 2920342 26100
27 144 0 29979 1904468 248329 2930958 26200
27 144 0 29979 1911862 249191 2941682 26300
27 144 0 29979 1919170 250019 2952228 26400
27 145 0 29979 1926459 250830 2962671 26500
27 145 0 29979 1933773 251770 2973384 26600
27 146 0 29979 1941069 252740 2984044 26700
27 146 0 29979 1948263 253638 2994558 26800
27 146 0 29979 1955685 254570 3005479 26900
27 147 0 29979 1963088 255482 3016607 27000
28 147 0 29979 1970577 256414 3027889 27100
29 147 0 29979 1978068 257324 3039193 27200
29 149 0 29979 1985552 258170 3050379 27300
29 150 0 29979 1993012 259113 3061639 27400
29 151 0 29979 2000342 260035 3072909 27500
29 151 0 29979 2007785 260936 3084105 27600
29 151 0 29979 2015321 261840 3095411 27700
29 152 0 29979 2022828 262785 3106801 27800
29 152 0 29979 2030234 263661 3117898 27900
29 153 0 29979 2037809 264548 3129311 28000
29 153 0 29979 2045295 265426 3140648 28100
29 153 0 29979 2052744 266295 3151880 28200
29 153 0 29979 2060263 267142 3163330 28300
29 153 0 29979 2067667 267986 3174406 28400
29 153 0 29979 2075246 268903 3185854 28500
29 153 0 29979 2082556 269772 3196842 28600
29 153 0 29979 2090105 270637 3208045 28700
29 153 0 29979 2097491 271469 3219026 28800
29 153 0 29979 2104900 272269 3229868 28900
29 153 0 29979 2112271 273057 3240626 29000
29 153 0 29979 2119700 273795 3251465 29100
29 154 0 29979 2127106 274619 3262365 29200
29 155 0 29979 2134474 275426 3273114 29300
29 155 0 29979 2141891 276229 3283923 29400
29 155 0 29979 2149190 277015 3294360 29500
29 155 0 29979 2156466 277804 3304703 29600
29 155 0 29979 2163725 278622 3315035 29700
29 155 0 29979 2170884 279417 3325251 29800
29 155 0 29979 2178242 280245 3335756 29900
29 156 0 29979 2185528 281080 3346358 30000
29 156 0 29979 2192990 281963 3357237 30100
29 156 0 29979 2200342 282879 3368203 30200
29 156 0 29979 2207892 283738 3379313 30300
29 156 0 29979 2215332 284728 3390361 30400
29 157 0 29979 2222830 285769 3401707 30500
29 157 0 29979 2230356 286880 3413019 30600
29 157 0 29979 2237828 288008 3424437 30700
30 157 0 29979 2245241 289184 3435945 30800
30 157 0 29979 2252912 290370 3447829 30900
30 157 0 29979 2260455 291639 3459579 31000
30 158 0 29979 2267904 292877 3471301 31100
30 159 0 29979 2275388 294072 3483067 31200
30 159 0 29979 2282932 295317 3495067 31300
30 159 0 29979 2290550 296620 3507403 31400
30 159 0 29979 2298196 298015 3519834 31500
30 159 0 29979 2305702 299277 3531842 31600
30 159 0 29979 2313236 300619 3543887 31700
30 159 0 29979 2320647 301792 3555557 31800
30 159 0 29979 2328203 303023 3567311 31900
30 161 0 39976 2335716 304182 3578956 32000
30 161 0 39976 2343099 305283 3590953 32100
30 162 0 39976 2350600 306357 3603863 32200
30 162 0 39976 2357863 307443 3616045 32300
30 162 0 39976 2365433 308557 3627687 32400
30 162 0 39976 2372892 309537 3639263 32500
30 162 0 39976 2380401 310612 3650943 32600
30 162 0 39976 2387910 311613 3662567 32700
30 163 0 39976 2395320 312598 3674167 32800
30 163 0 39976 2402914 313636 3686135 32900
30 163 0 39976 2410508 314532 3698002 33000
30 164 0 39976 2417996 315480 3709715 33100
30 164 0 39976 2425695 316416 3721560 33200
30 164 0 39976 2433181 317274 3732960 33300
30 165 0 39976 2440625 318186 3744339 33400
30 166 0 39976 2448129 319020 3755577 33500
30 169 0 39976 2455571 319876 3766849 33600
30 169 0 39976 2462974 320696 3777981 33700
30 170 0 39976 2470400 321489 3788903 33800
31 170 0 39976 2477807 322325 3799843 33900
31 171 0 39976 2485106 323094 3810570 34000
32 171 0 39976 2492314 323892 3821208 34100
32 171 0 39976 2499737 324675 3832033 34200
32 172 0 39976 2507130 325509 3842846 34300
32 172 0 39976 2514402 326327 3853251 34400
32 172 0 39976 2521684 327152 3863676 34500
32 172 0 39976 2528992 327937 3873934 34600
32 173 0 39976 2536289 328761 3884302 34700
32 175 0 39976 2543531 329607 3894702 34800
32 175 0 39976 2550803 330410 3905132 34900
32 175 0 39976 2558160 331150 3915514 35000
32 176 0 39976 2565406 331823 3925863 35100
32 176 0 39976 2572841 332571 3936315 35200
32 176 0 39976 2580093 333294 3946591 35300
32 177 0 39976 2587444 334009 3957052 35400
32 177 0 39976 2594787 334784 3967534 35500
32 178 0 39976 2602147 335570 3978091 35600
33 178 0 39976 2609466 336342 3988541 35700
33 178 0 39976 2616795 337126 3999125 35800
33 178 0 39976 2624209 338002 4009965 35900
33 178 0 39976 2631548 338831 4020650 36000
33 179 0 39976 2638953 339648 4031336 36100
33 181 0 39976 2646182 340484 4041862 36200
33 182 0 39976 2653557 341399 4052684 36300
33 182 0 39976 2660853 342301 4063195 36400
33 182 0 39976 2667974 343208 4073535 36500
33 182 0 39976 2675223 344154 4084030 36600
33 182 0 39976 2682545 345072 4094799 36700
33 182 0 39976 2689893 345909 4105552 36800
33 182 0 39976 2697196 346806 4116419 36900
33 182 0 39976 2704641 347754 4127380 37000
33 184 0 39976 2711986 348647 4138248 37100
33 185 0 39976 2719176 349518 4148767 37200
33 186 0 39976 2726525 350355 4159588 37300
33 187 0 39976 2733926 351294 4170722 37400
33 187 0 39976 2741370 352194 4181899 37500
34 187 0 39976 2748743 353064 4192949 37600
34 187 0 39976 2756044 354001 4203814 37700
35 188 0 39976 2763411 354939 4214672 37800
35 188 0 39976 2770688 355882 4225399 37900
35 189 0 39976 2777919 356855 4236205 38000
35 189 0 39976 2785302 357774 4247227 38100
35 189 0 39976 2792703 358771 4258436 38200
35 190 0 39976 2800048 359753 4269603 38300
35 192 0 39976 2807446 360806 4280863 38400
35 192 0 39976 2814894 361831 4292320 38500
35 193 0 39976 2822431 362874 4304035 38600
35 193 0 39976 2829947 363837 4315671 38700
35 193 0 39976 2837517 364868 4327470 38800
35 193 0 39976 2845227 365974 4339577 38900
35 195 0 39976 2852816 367089 4351790 39000
35 195 0 39976 2860420 368254 4364380 39100
35 195 0 39976 2868103 369352 4376893 39200
35 195 0 39976 2875766 370509 4389553 39300
35 195 0 39976 2883597 371615 4402360 39400
35 195 0 39976 2891323 372682 4414900 39500
35 196 0 39976 2899270 373773 4427727 39600
35 196 0 39976 2907015 374927 4440362 39700
35 196 0 39976 2914769 375966 4452958 39800
36 197 0 39976 2922449 377100 4465229 39900
36 198 0 49970 2930095 378110 4477115 40000
36 198 0 49970 2937718 379140 4489366 40100
36 198 0 49970 2945302 380116 4502219 40200
36 198 0 49970 2952713 381091 4514445 40300
36 198 0 49970 2960338 381980 4526271 40400
36 198 0 49970 2967946 382841 4537919 40500
37 198 0 49970 2975570 383760 4549706 40600
38 198 0 49970 2983140 384634 4561315 40700
38 198 0 49970 2990692 385404 4572658 40800
38 198 0 49970 2998136 386171 4583903 40900
39 198 0 49970 3005685 386986 4595174 41000
39 198 0 49970 3013061 387770 4606313 41100
39 198 0 49970 3020592 388555 4617637 41200
40 198 0 49970 3027999 389370 4628822 41300
41 199 0 49970 3035542 390204 4640297 41400
41 199 0 49970 3043116 391106 4651881 41500
41 199 0 49970 3050592 392001 4663342 41600
41 199 0 49970 3058134 392933 4674872 41700
41 199 0 49970 3065734 393879 4686401 41800
42 200 0 49970 3073258 394836 4697725 41900
42 200 0 49970 3080707 395787 4708972 42000
42 200 0 49970 3088255 396820 4720487 42100
42 200 0 49970 3095661 397858 4731924 42200
42 201 0 49970 3103220 398976 4743890 42300
42 201 0 49970 3110862 400007 4755898 42400
42 202 0 49970 3118576 401045 4767973 42500
42 203 0 49970 3126262 402090 4779970 42600
42 204 0 49970 3133967 403202 4792169 42700
42 204 0 49970 3141592 404285 4804223 42800
42 205 0 49970 3149210 405341 4816298 42900
42 205 0 49970 3156795 406476 4828420 43000
42 206 0 49970 3164540 407587 4840637 43100
43 207 0 49970 3172223 408653 4852893 43200
43 207 0 49970 3179803 409716 4865200 43300
43 207 0 49970 3187597 410809 4877595 43400
43 207 0 49970 3195446 411882 4890091 43500
43 208 0 49970 3203017 412862 4902140 43600
43 208 0 49970 3210632 413911 4914127 43700
43 208 0 49970 3218268 414909 4926008 43800
43 208 0 49970 3226014 416008 4938224 43900
43 210 0 49970 3233613 417102 4950139 44000
43 210 0 49970 3241298 418138 4961921 44100
43 210 0 49970 3248870 419182 4973760 44200
43 211 0 49970 3256294 420202 4985437 44300
43 212 0 49970 3263891 421169 4997148 44400
43 212 0 49970 3271437 422067 5008660 44500
43 212 0 49970 3278827 423069 5019993 44600
43 212 0 49970 3286340 424134 5031442 44700
43 212 0 49970 3293853 425180 5042950 44800
43 212 0 49970 3301260 426205 5054481 44900
43 213 0 49970 3308737 427208 5065916 45000
43 213 0 49970 3316324 428296 5077465 45100
43 213 0 49970 3323828 429408 5088866 45200
43 213 0 49970 3331283 430593 5100195 45300
43 213 0 49970 3338727 431746 5111642 45400
44 213 0 49970 3346335 432881 5123223 45500
44 215 0 49970 3353713 434060 5134743 45600
44 215 0 49970 3361228 435185 5146278 45700
44 216 0 49970 3368707 436335 5157880 45800
44 216 0 49970 3376174 437457 5169657 45900
44 216 0 49970 3383660 438576 5181408 46000
44 217 0 49970 3391150 439714 5193079 46100
44 217 0 49970 3398543 440804 5204378 46200
44 217 0 49970 3406079 441934 5216044 46300
44 218 0 49970 3413395 442993 5227168 46400
44 218 0 49970 3420672 444028 5238079 46500
44 218 0 49970 3427905 445032 5248857 46600
44 218 0 49970 3435264 446166 5260056 46700
44 219 0 49970 3442523 447282 5271199 46800
44 219 0 49970 3449960 448334 5282497 46900
44 220 0 49970 3457305 449446 5293660 47000
44 222 0 49970 3464760 450519 5304874 47100
44 222 0 49970 3472118 451611 5316075 47200
44 222 0 49970 3479590 452605 5327207 47300
44 222 0 49970 3486943 453542 5338474 47400
44 223 0 49970 3494424 454600 5349893 47500
44 226 0 49970 3501909 455656 5361502 47600
44 227 0 49970 3509371 456649 5373017 47700
44 227 0 49970 3516940 457625 5384538 47800
44 228 0 49970 3524459 458612 5396009 47900
44 228 0 59967 3531911 459584 5407245 48000
44 230 0 59967 3539402 460553 5419040 48100
44 230 0 59967 3546700 461489 5431068 48200
44 230 0 59967 3554131 462317 5442404 48300
44 230 0 59967 3561567 463125 5453142 48400
44 230 0 59967 3568877 463976 5464028 48500
44 230 0 59967 3576310 464836 5475151 48600
44 230 0 59967 3583747 465754 5486280 48700
44 230 0 59967 3591162 466654 5497273 48800
44 230 0 59967 3598549 467486 5508266 48900
44 230 0 59967 3606008 468410 5519356 49000
44 230 0 59967 3613423 469356 5530495 49100
44 231 0 59967 3621009 470337 5542179 49200
44 232 0 59967 3628518 471283 5553820 49300
44 232 0 59967 3636166 472260 5565665 49400
44 233 0 59967 3643754 473288 5577392 49500
44 233 0 59967 3651230 474270 5589034 49600
44 234 0 59967 3658802 475222 5600598 49700
44 235 0 59967 3666301 476098 5612008 49800
44 235 0 59967 3673694 477127 5623343 49900
44 235 0 59967 3681107 478084 5634541 50000
44 236 0 59967 3688564 478985 5645694 50100
44 236 0 59967 3695973 479832 5656662 50200
44 236 0 59967 3703333 480659 5667326 50300
44 236 0 59967 3710707 481478 5678062 50400
44 237 0 59967 3718115 482253 5688655 50500
44 237 0 59967 3725410 483017 5698899 50600
45 238 0 59967 3732617 483805 5709188 50700
45 238 0 59967 3739864 484603 5719534 50800
45 239 0 59967 3747013 485398 5729805 50900
45 239 0 59967 3754320 486160 5740080 51000
45 239 0 59967 3761489 486979 5750449 51100
45 239 0 59967 3768803 487766 5761096 51200
45 239 0 59967 3776009 488620 5771478 51300
45 239 0 59967 3783330 489502 5782066 51400
45 239 0 59967 3790645 490479 5792814 51500
46 239 0 59967 3797983 491310 5803390 51600
46 240 0 59967 3805259 492235 5814110 51700
46 240 0 59967 3812568 493110 5824805 51800
46 240 0 59967 3819923 494016 5835579 51900
46 241 0 59967 3827069 494972 5846221 52000
46 241 0 59967 3834560 495954 5857283 52100
47 242 0 59967 3841933 496907 5868504 52200
48 243 0 59967 3849391 497904 5879813 52300
49 243 0 59967 3856851 498861 5891038 52400
49 243 0 59967 3864274 499780 5902310 52500
49 245 0 59967 3871683 500687 5913430 52600
49 246 0 59967 3879155 501629 5924505 52700
49 247 0 59967 3886580 502561 5935444 52800
49 247 0 59967 3893897 503500 5946315 52900
50 247 0 59967 3901219 504431 5957066 53000
51 247 0 59967 3908571 505401 5967995 53100
51 248 0 59967 3915946 506367 5978864 53200
51 248 0 59967 3923380 507374 5989798 53300
51 248 0 59967 3930704 508319 6000574 53400
52 249 0 59967 3938024 509248 6011472 53500
52 250 0 59967 3945478 510194 6022617 53600
52 252 0 59967 3952880 511163 6033682 53700
52 252 0 59967 3960389 512218 6044885 53800
52 253 0 59967 3967789 513283 6056239 53900
52 253 0 59967 3975158 514326 6067376 54000
52 254 0 59967 3982731 515428 6079033 54100
52 256 0 59967 3990226 516590 6090660 54200
52 256 0 59967 3997702 517763 6102196 54300
52 256 0 59967 4005218 518830 6113674 54400
52 258 0 59967 4012595 519850 6124911 54500
52 258 0 59967 4019898 520889 6136103 54600
53 259 0 59967 4027305 521947 6147263 54700
53 259 0 59967 4034706 522978 6158570 54800
53 261 0 59967 4042021 523940 6169738 54900
53 261 0 59967 4049458 524871 6180989 55000
53 261 0 59967 4057023 525820 6192219 55100
53 262 0 59967 4064419 526734 6203044 55200
53 262 0 59967 4071721 527555 6213668 55300
53 263 0 59967 4079181 528436 6224570 55400
53 263 0 59967 4086643 529357 6235466 55500
53 263 0 59967 4093965 530190 6246207 55600
53 264 0 59967 4101346 531058 6257035 55700
53 264 0 59967 4108716 531978 6267846 55800
53 264 0 59967 4115968 532977 6278832 55900
53 266 0 69966 4123514 533962 6289946 56000
55 268 0 69966 4130890 534977 6301765 56100
55 268 0 69966 4138213 535978 6313943 56200
55 269 0 69966 4145560 537038 6325792 56300
55 270 0 69966 4152975 538104 6336954 56400
55 270 0 69966 4160371 539199 6347964 56500
55 270 0 69966 4167778 540263 6358991 56600
55 271 0 69966 4175112 541348 6370105 56700
57 271 0 69966 4182473 542401 6381173 56800
57 272 0 69966 4189734 543460 6392140 56900
58 272 0 69966 4197139 544612 6403303 57000
59 272 0 69966 4204557 545658 6414516 57100
59 273 0 69966 4211889 546772 6425817 57200
59 273 0 69966 4219397 547901 6437398 57300
59 274 0 69966 4226808 549030 6448983 57400
59 274 0 69966 4234266 550245 6460749 57500
59 275 0 69966 4241704 551350 6472321 57600
59 276 0 69966 4249174 552475 6483862 57700
59 276 0 69966 4256509 553592 6495068 57800
59 276 0 69966 4263975 554673 6506440 57900
59 276 0 69966 4271347 555819 6517816 58000
59 276 0 69966 4278723 556912 6529356 58100
59 276 0 69966 4286220 557961 6540902 58200
59 276 0 69966 4293648 559090 6552554 58300
59 278 0 69966 4301035 560196 6564152 58400
59 279 0 69966 4308535 561246 6575695 58500
59 279 0 69966 4315945 562254 6587060 58600
59 281 0 69966 4323321 563345 6598463 58700
59 282 0 69966 4330885 564429 6610265 58800
59 282 0 69966 4338310 565489 6621792 58900
60 283 0 69966 4345814 566562 6633312 59000
60 283 0 69966 4353255 567621 6644761 59100
60 283 0 69966 4360687 568604 6655984 59200
60 283 0 69966 4368172 569571 6667037 59300
60 284 0 69966 4375584 570488 6677886 59400
60 285 0 69966 4382820 571472 6688719 59500
60 285 0 69966 4390149 572392 6699642 59600
60 286 0 69966 4397481 573389 6710681 59700
60 286 0 69966 4404684 574379 6721777 59800
60 286 0 69966 4412017 575367 6732956 59900
60 286 0 69966 4419453 576330 6744197 60000
60 287 0 69966 4426836 577340 6755553 60100
60 287 0 69966 4434235 578370 6766684 60200
60 287 0 69966 4441647 579440 6778047 60300
60 287 0 69966 4449019 580434 6789183 60400
60 287 0 69966 4456307 581464 6800297 60500
60 287 0 69966 4463725 582440 6811401 60600
60 287 0 69966 4471047 583475 6822323 60700
60 287 0 69966 4478340 584611 6833490 60800
60 287 0 69966 4485626 585690 6844525 60900
60 288 0 69966 4492966 586779 6855663 61000
61 288 0 69966 4500277 587829 6866884 61100
61 288 0 69966 4507633 588903 6878131 61200
61 288 0 69966 4514946 590000 6889423 61300
61 288 0 69966 4522312 591110 6900766 61400
61 289 0 69966 4529684 592278 6912047 61500
61 290 0 69966 4537088 593335 6923186 61600
61 290 0 69966 4544419 594337 6934065 61700
61 290 0 69966 4551703 595264 6944839 61800
61 291 0 69966 4558907 596370 6955821 61900
61 291 0 69966 4566296 597455 6967105 62000
61 291 0 69966 4573709 598436 6978424 62100
61 291 0 69966 4581087 599428 6989469 62200
61 291 0 69966 4588394 600438 7000411 62300
61 291 0 69966 4595673 601446 7011132 62400
61 291 0 69966 4603009 602436 7021898 62500
61 291 0 69966 4610281 603427 7032362 62600
61 291 0 69966 4617600 604288 7042889 62700
61 291 0 69966 4624806 605158 7053324 62800
61 291 0 69966 4632010 606069 7063822 62900
61 291 0 69966 4639395 606984 7074673 63000
61 291 0 69966 4646712 607821 7085435 63100
61 291 0 69966 4654085 608726 7096417 63200
61 291 0 69966 4661627 609572 7107130 63300
61 291 0 69966 4668962 610456 7117676 63400
61 292 0 69966 4676171 611330 7127987 63500
61 292 0 69966 4683489 612197 7138293 63600
61 293 0 69966 4690670 613049 7148530 63700
61 293 0 69966 4698022 613981 7159113 63800
61 293 0 69966 4705134 614890 7169287 63900
61 293 0 79965 4712387 615729 7179687 64000
61 293 0 79965 4719640 616537 7190533 64100
61 293 0 79965 4726879 617374 7202145 64200
61 294 0 79965 4734142 618250 7213126 64300
61 294 0 79965 4741388 619113 7223511 64400
61 294 0 79965 4748683 620089 7234105 64500
61 295 0 79965 4756021 621056 7244794 64600
61 296 0 79965 4763325 621945 7255313 64700
61 298 0 79965 4770581 622934 7265940 64800
62 298 0 79965 4777871 623923 7276838 64900
63 299 0 79965 4785277 624932 7287956 65000
64 299 0 79965 4792649 625965 7299159 65100
64 299 0 79965 4800116 626987 7310447 65200
64 299 0 79965 4807560 628069 7321830 65300
64 299 0 79965 4814926 629096 7333016 65400
64 299 0 79965 4822333 630162 7344308 65500
64 299 0 79965 4829571 631159 7355165 65600
64 300 0 79965 4836913 632107 7366037 65700
64 300 0 79965 4844236 633052 7376860 65800
64 300 0 79965 4851610 634072 7387727 65900
64 300 0 79965 4858851 635011 7398435 66000
64 302 0 79965 4866246 635989 7409342 66100
64 302 0 79965 4873548 636900 7419997 66200
64 303 0 79965 4880931 637876 7430716 66300
64 304 0 79965 4888211 638859 7441374 66400
65 304 0 79965 4895483 639762 7451852 66500
65 305 0 79965 4902736 640815 7462384 66600
65 305 0 79965 4909993 641768 7472883 66700
65 305 0 79965 4917236 642673 7483217 66800
65 305 0 79965 4924509 643586 7493722 66900
65 305 0 79965 4931693 644486 7504125 67000
67 305 0 79965 4938984 645426 7514601 67100
68 305 0 79965 4946213 646323 7524954 67200
68 305 0 79965 4953435 647228 7535279 67300
69 306 0 79965 4960660 648162 7545729 67400
69 307 0 79965 4967852 649048 7556100 67500
69 309 0 79965 4975192 650041 7566752 67600
69 311 0 79965 4982504 650992 7577490 67700
69 311 0 79965 4989836 651964 7588301 67800
69 311 0 79965 4997225 653060 7599386 67900
69 312 0 79965 5004532 654219 7610606 68000
69 313 0 79965 5011822 655470 7622075 68100
69 313 0 79965 5019152 656663 7633628 68200
69 313 0 79965 5026496 657813 7645109 68300
69 314 0 79965 5033949 659025 7656587 68400
69 314 0 79965 5041317 660211 7668114 68500
69 315 0 79965 5048702 661418 7679641 68600
69 317 0 79965 5056166 662684 7691495 68700
69 319 0 79965 5063542 663957 7703306 68800
69 319 0 79965 5071111 665229 7715291 68900
69 319 0 79965 5078645 666419 7727166 69000
69 320 0 79965 5086176 667540 7739076 69100
69 320 0 79965 5093741 668693 7751099 69200
69 320 0 79965 5101252 669827 7762858 69300
69 320 0 79965 5108807 670960 7774716 69400
69 320 0 79965 5116438 672079 7786659 69500
69 320 0 79965 5123945 673148 7798262 69600
69 320 0 79965 5131431 674159 7809620 69700
69 320 0 79965 5138841 675223 7821037 69800
69 320 0 79965 5146262 676342 7832459 69900
69 320 0 79965 5153759 677384 7843852 70000
69 320 0 79965 5161196 678500 7855444 70100
69 320 0 79965 5168751 679645 7867185 70200
69 320 0 79965 5176280 680836 7878989 70300
69 320 0 79965 5183612 681962 7890580 70400
69 321 0 79965 5191143 683119 7902362 70500
69 321 0 79965 5198752 684288 7914082 70600
69 322 0 79965 5206104 685371 7925457 70700
69 322 0 79965 5213424 686414 7936656 70800
69 323 0 79965 5220938 687417 7947892 70900
69 324 0 79965 5228402 688380 7958963 71000
69 324 0 79965 5235712 689324 7969881 71100
69 325 0 79965 5243082 690292 7980962 71200
69 325 0 79965 5250537 691256 7992179 71300
69 325 0 79965 5257942 692286 8003595 71400
69 325 0 79965 5265588 693353 8015288 71500
69 325 0 79965 5272940 694468 8026481 71600
69 325 0 79965 5280392 695546 8038066 71700
69 325 0 79965 5287947 696667 8049643 71800
69 325 0 79965 5295381 697810 8061333 71900
69 325 0 89965 5302756 698958 8073018 72000
69 326 0 89965 5310325 700112 8085577 72100
69 326 0 89965 5317825 701365 8098981 72200
69 326 0 89965 5325399 702491 8111655 72300
69 326 0 89965 5332992 703660 8123747 72400
69 327 0 89965 5340579 704861 8136001 72500
69 327 0 89965 5348116 706020 8147919 72600
69 327 0 89965 5355732 707094 8159725 72700
69 327 0 89965 5363226 708185 8171382 72800
69 329 0 89965 5370671 709267 8183013 72900
69 330 0 89965 5378279 710280 8194725 73000
69 330 0 89965 5385815 711354 8206344 73100
69 330 0 89965 5393214 712384 8217776 73200
69 330 0 89965 5400697 713420 8229319 73300
69 330 0 89965 5408243 714460 8240749 73400
69 331 0 89965 5415710 715499 8252073 73500
69 331 0 89965 5422995 716610 8263348 73600
69 331 0 89965 5430401 717584 8274356 73700
69 331 0 89965 5437784 718612 8285586 73800
69 331 0 89965 5445247 719606 8296977 73900
69 331 0 89965 5452645 720625 8308345 74000
69 331 0 89965 5459870 721538 8319398 74100
69 332 0 89965 5467395 722443 8330571 74200
69 332 0 89965 5474863 723342 8341595 74300
69 333 0 89965 5482216 724208 8352376 74400
69 333 0 89965 5489634 724942 8363158 74500
69 334 0 89965 5496904 725767 8374083 74600
69 334 0 89965 5504280 726511 8384939 74700
69 335 0 89965 5511697 727314 8395957 74800
69 335 0 89965 5519159 728160 8406965 74900
69 336 0 89965 5526589 729065 8418004 75000
69 336 0 89965 5533939 729867 8428690 75100
69 336 0 89965 5541198 730603 8439224 75200
69 336 0 89965 5548439 731329 8449552 75300
69 336 0 89965 5555687 732085 8459881 75400
69 336 0 89965 5562944 732858 8470217 75500
69 338 0 89965 5570380 733687 8480940 75600
69 338 0 89965 5577521 734582 8491363 75700
69 338 0 89965 5584814 735565 8501976 75800
69 339 0 89965 5592216 736455 8512703 75900
69 339 0 89965 5599617 737359 8523616 76000
69 341 0 89965 5606967 738232 8534409 76100
69 341 0 89965 5614242 739186 8545422 76200
69 342 0 89965 5621574 740148 8556316 76300
69 344 0 89965 5629023 741140 8567308 76400
69 345 0 89965 5636100 742140 8577855 76500
69 348 0 89965 5643382 743150 8588520 76600
69 349 0 89965 5650784 744110 8599321 76700
69 350 0 89965 5657999 745052 8609997 76800
69 350 0 89965 5665352 745981 8620706 76900
69 350 0 89965 5672693 746955 8631302 77000
69 351 0 89965 5680008 747889 8641888 77100
69 351 0 89965 5687315 748873 8652646 77200
69 351 0 89965 5694629 749815 8663548 77300
71 351 0 89965 5702035 750693 8674458 77400
71 351 0 89965 5709514 751611 8685670 77500
71 351 0 89965 5716933 752475 8696528 77600
72 351 0 89965 5724348 753317 8707347 77700
72 351 0 89965 5731649 754177 8717779 77800
72 351 0 89965 5738913 754942 8728081 77900
72 351 0 89965 5746267 755705 8738388 78000
72 351 0 89965 5753371 756497 8748321 78100
72 351 0 89965 5760655 757315 8758416 78200
72 351 0 89965 5767921 758099 8768524 78300
72 352 0 89965 5775183 758854 8778633 78400
72 352 0 89965 5782470 759597 8788904 78500
72 352 0 89965 5789839 760385 8799234 78600
72 353 0 89965 5797079 761156 8809291 78700
72 353 0 89965 5804361 761985 8819444 78800
72 353 0 89965 5811628 762838 8829784 78900
72 353 0 89965 5818970 763759 8840233 79000
72 354 0 89965 5826434 764631 8850730 79100
72 355 0 89965 5833714 765565 8861265 79200
72 356 0 89965 5841107 766531 8872227 79300
72 356 0 89965 5848415 767475 8883166 79400
72 357 0 89965 5855887 768469 8894526 79500
72 358 0 89965 5863322 769521 8905714 79600
72 358 0 89965 5870573 770505 8916832 79700
72 358 0 89965 5877967 771550 8928009 79800
72 358 0 89965 5885338 772610 8939334 79900
72 358 0 99963 5892692 773719 8950568 80000
72 358 0 99963 5900042 774818 8962592 80100
72 358 0 99963 5907422 775924 8975312 80200
72 360 0 99963 5914775 777192 8987414 80300
72 360 0 99963 5922159 778515 8999028 80400
72 360 0 99963 5929643 779880 9010672 80500
72 360 0 99963 5937108 781077 9022136 80600
72 360 0 99963 5944531 782328 9033742 80700
72 360 0 99963 5951906 783519 9045243 80800
72 360 0 99963 5959226 784764 9056814 80900
72 360 0 99963 5966619 786006 9068398 81000
72 360 0 99963 5974137 787334 9080435 81100
72 360 0 99963 5981585 788731 9092527 81200
72 360 0 99963 5989091 789992 9104646 81300
72 360 0 99963 5996589 791320 9116653 81400
72 360 0 99963 6004022 792670 9128812 81500
72 360 0 99963 6011466 793997 9140772 81600
72 361 0 99963 6018976 795283 9152624 81700
72 361 0 99963 6026428 796535 9164567 81800
72 361 0 99963 6033889 797800 9176549 81900
72 362 0 99963 6041371 799103 9188687 82000
72 362 0 99963 6048961 800336 9200793 82100
72 362 0 99963 6056457 801491 9212576 82200
72 362 0 99963 6063909 802641 9224103 82300
72 362 0 99963 6071356 803753 9235894 82400
72 362 0 99963 6078914 804779 9247713 82500
72 362 0 99963 6086407 805828 9259552 82600
72 362 0 99963 6093860 806963 9271322 82700
72 362 0 99963 6101340 808069 9282883 82800
72 363 0 99963 6108703 809143 9294268 82900
72 363 0 99963 6116072 810022 9305293 83000
72 364 0 99963 6123255 811029 9316335 83100
72 364 0 99963 6130546 812031 9327315 83200
72 365 0 99963 6137877 812995 9338100 83300
72 366 0 99963 6145056 813959 9348743 83400
73 368 0 99963 6152185 814886 9359173 83500
73 368 0 99963 6159351 815821 9369766 83600
73 371 0 99963 6166694 816734 9380582 83700
73 372 0 99963 6174003 817708 9391615 83800
73 372 0 99963 6181378 818715 9402578 83900
73 372 0 99963 6188657 819737 9413475 84000
73 373 0 99963 6195981 820717 9424247 84100
73 373 0 99963 6203310 821708 9435183 84200
73 373 0 99963 6210661 822693 9446050 84300
73 373 0 99963 6217961 823688 9456770 84400
73 373 0 99963 6225107 824772 9467255 84500
74 373 0 99963 6232335 825876 9477953 84600
74 373 0 99963 6239555 826957 9488598 84700
74 373 0 99963 6246743 828057 9499321 84800
74 373 0 99963 6253961 829225 9510201 84900
74 374 0 99963 6261166 830268 9521036 85000
74 374 0 99963 6268476 831411 9532092 85100
75 374 0 99963 6275748 832493 9542892 85200
75 375 0 99963 6282942 833560 9553652 85300
75 375 0 99963 6290207 834644 9564458 85400
75 375 0 99963 6297361 835655 9575205 85500
75 375 0 99963 6304713 836734 9586573 85600
75 375 0 99963 6312033 837772 9597856 85700
75 375 0 99963 6319517 838749 9609183 85800
75 375 0 99963 6326824 839838 9620315 85900
75 376 0 99963 6334207 840912 9631505 86000
75 376 0 99963 6341561 841947 9642516 86100
76 376 0 99963 6348901 843091 9653846 86200
78 378 0 99963 6356277 844284 9665196 86300
78 378 0 99963 6363602 845402 9676275 86400
78 379 0 99963 6371026 846503 9687445 86500
78 379 0 99963 6378401 847561 9698364 86600
78 380 0 99963 6385712 848702 9709391 86700
78 380 0 99963 6392904 849815 9720262 86800
78 381 0 99963 6400448 850976 9731615 86900
78 381 0 99963 6407671 852087 9742797 87000
78 381 0 99963 6415139 853212 9754235 87100
78 382 0 99963 6422465 854364 9765702 87200
78 383 0 99963 6429945 855494 9777248 87300
78 383 0 99963 6437304 856586 9788622 87400
78 383 0 99963 6444688 857689 9800116 87500
78 383 0 99963 6452104 858784 9811852 87600
78 383 0 99963 6459524 859831 9823510 87700
78 384 0 99963 6467021 860932 9835411 87800
78 384 0 99963 6474492 861999 9847406 87900
78 384 0 109962 6482059 863162 9859550 88000
78 384 0 109962 6489610 864298 9872212 88100
78 384 0 109962 6497012 865470 9885490 88200
78 384 0 109962 6504372 866556 9897877 88300
78 384 0 109962 6511673 867672 9909464 88400
78 384 0 109962 6519120 868776 9921264 88500
78 384 0 109962 6526439 869886 9932794 88600
78 384 0 109962 6533897 871021 9944624 88700
79 385 0 109962 6541348 872146 9956268 88800
80 386 0 109962 6548651 873411 9967983 88900
82 386 0 109962 6555970 874545 9979579 89000
82 387 0 109962 6563326 875707 9991161 89100
82 388 0 109962 6570624 876799 10002572 89200
82 390 0 109962 6578078 877838 10014044 89300
82 390 0 109962 6585423 878940 10025484 89400
82 394 0 109962 6592847 879996 10036957 89500
82 395 0 109962 6600200 881062 10048202 89600
82 395 0 109962 6607504 882022 10059310 89700
82 397 0 109962 6614781 883056 10070402 89800
82 398 0 109962 6622211 884023 10081511 89900
82 398 0 109962 6629395 884982 10092178 90000
82 400 0 109962 6636647 885889 10102877 90100
82 402 0 109962 6643852 886709 10113194 90200
82 402 0 109962 6651126 887535 10123754 90300
82 403 0 109962 6658295 888334 10134252 90400
82 404 0 109962 6665668 889079 10144766 90500
82 404 0 109962 6672967 889803 10155126 90600
82 404 0 109962 6680209 890555 10165541 90700
82 406 0 109962 6687493 891336 10176042 90800
82 408 0 109962 6694687 892055 10186489 90900
82 409 0 109962 6702015 892771 10197113 91000
82 410 0 109962 6709418 893497 10207778 91100
82 412 0 109962 6716904 894223 10218680 91200
82 413 0 109962 6724254 894916 10229553 91300
82 413 0 109962 6731599 895667 10240560 91400
82 414 0 109962 6739057 896471 10251768 91500
82 415 0 109962 6746580 897298 10263090 91600
82 415 0 109962 6754143 898087 10274395 91700
82 416 0 109962 6761671 898846 10285506 91800
82 416 0 109962 6769077 899582 10296469 91900
82 418 0 109962 6776493 900360 10307337 92000
82 421 0 109962 6783754 901125 10317855 92100
83 422 0 109962 6791185 901894 10328624 92200
83 422 0 109962 6798587 902665 10339353 92300
83 422 0 109962 6805981 903412 10350020 92400
84 422 0 109962 6813373 904148 10360602 92500
84 422 0 109962 6820754 904903 10371313 92600
84 422 0 109962 6828018 905571 10381630 92700
84 422 0 109962 6835368 906288 10392130 92800
84 422 0 109962 6842631 907056 10402441 92900
84 422 0 109962 6849812 907787 10412643 93000
84 422 0 109962 6857025 908507 10422918 93100
84 422 0 109962 6864314 909254 10433229 93200
84 422 0 109962 6871361 909976 10443303 93300
84 422 0 109962 6878474 910698 10453268 93400
85 424 0 109962 6885674 911363 10463256 93500
85 424 0 109962 6892843 912073 10473359 93600
85 425 0 109962 6899954 912843 10483326 93700
85 426 0 109962 6907163 913526 10493164 93800
85 426 0 109962 6914156 914201 10502986 93900
85 426 0 109962 6921261 914813 10512838 94000
85 426 0 109962 6928416 915470 10522715 94100
85 426 0 109962 6935599 916065 10532584 94200
85 426 0 109962 6942738 916669 10542287 94300
85 426 0 109962 6949983 917293 10552218 94400
85 427 0 109962 6957152 917946 10562093 94500
85 427 0 109962 6964392 918532 10571788 94600
85 427 0 109962 6971574 919119 10581319 94700
85 427 0 109962 6978631 919715 10590738 94800
85 427 0 109962 6985850 920280 10600264 94900
85 427 0 109962 6992908 920899 10609714 95000
85 427 0 109962 7000035 921494 10619146 95100
85 427 0 109962 7007198 922062 10628665 95200
86 428 0 109962 7014326 922582 10638041 95300
86 428 0 109962 7021492 923170 10647492 95400
86 428 0 109962 7028540 923766 10656958 95500
87 428 0 109962 7035663 924342 10666514 95600
87 429 0 109962 7043000 924867 10676116 95700
88 429 0 109962 7050060 925485 10685590 95800
89 430 0 109962 7057189 926164 10695266 95900
89 431 0 119955 7064403 926912 10705096 96000
89 432 0 119955 7071573 927575 10715842 96100
89 433 0 119955 7078809 928334 10727970 96200
89 434 0 119955 7086036 929070 10739068 96300
90 435 0 119955 7093306 929843 10749151 96400
91 436 0 119955 7100673 930609 10759536 96500
91 437 0 119955 7107830 931483 10769947 96600
91 437 0 119955 7115102 932346 10780547 96700
91 438 0 119955 7122314 933212 10791135 96800
91 440 0 119955 7129658 934072 10801844 96900
91 440 0 119955 7136995 935046 10812672 97000
91 440 0 119955 7144527 936018 10823592 97100
91 441 0 119955 7151908 937014 10834706 97200
91 441 0 119955 7159269 938046 10845685 97300
91 443 0 119955 7166659 939109 10856647 97400
91 444 0 119955 7174134 940147 10867593 97500
91 445 0 119955 7181391 941234 10878538 97600
91 446 0 119955 7188728 942239 10889400 97700
91 446 0 119955 7196013 943300 10900200 97800
91 447 0 119955 7203331 944412 10911190 97900
91 449 0 119955 7210745 945533 10922206 98000
92 449 0 119955 7218224 946643 10933469 98100
92 450 0 119955 7225586 947626 10944411 98200
92 450 0 119955 7232919 948572 10955235 98300
92 451 0 119955 7240154 949539 10965811 98400
92 451 0 119955 7247472 950473 10976508 98500
92 454 0 119955 7254750 951326 10986993 98600
92 454 0 119955 7262026 952202 10997391 98700
92 454 0 119955 7269168 953089 11007634 98800
92 455 0 119955 7276462 954003 11018193 98900
92 456 0 119955 7283705 954870 11028795 99000
92 456 0 119955 7291057 955744 11039608 99100
92 456 0 119955 7298423 956608 11050638 99200
92 457 0 119955 7305839 957525 11061700 99300
92 458 0 119955 7313254 958330 11072609 99400
92 458 0 119955 7320586 959233 11083410 99500
92 458 0 119955 7327986 960117 11093969 99600
92 459 0 119955 7335102 960975 11104246 99700
92 459 0 119955 7342375 961899 11114629 99800
92 459 0 119955 7349638 962777 11125057 99900
