0 0 1 0 0 0
0 0 1 0 0 100
0 0 2 0 0 200
0 0 3 0 0 300
0 0 3 0 0 400
0 0 4 0 1 500
0 0 4 1 2 600
0 0 4 1 3 700
0 0 4 1 3 800
0 0 4 1 3 900
0 0 4 1 4 1000
0 0 5 1 4 1100
0 0 5 1 5 1200
0 0 5 1 5 1300
0 0 5 1 5 1400
0 0 5 1 5 1500
0 0 5 1 5 1600
0 0 6 1 5 1700
0 0 8 1 6 1800
0 0 11 1 6 1900
0 0 13 1 7 2000
0 0 16 2 10 2100
0 0 20 2 14 2200
0 0 22 2 18 2300
0 0 25 2 22 2400
1 0 26 2 24 2500
2 0 27 2 27 2600
3 0 32 2 28 2700
3 0 35 2 33 2800
3 0 38 2 33 2900
3 0 41 3 38 3000
3 0 42 3 42 3100
3 0 47 4 45 3200
3 0 52 4 48 3300
3 0 56 4 52 3400
4 0 60 4 55 3500
4 0 62 4 60 3600
4 0 67 4 63 3700
4 0 72 4 66 3800
5 0 72 4 70 3900
6 0 76 5 72 4000
7 0 80 5 73 4100
8 0 82 5 79 4200
8 0 83 5 83 4300
8 0 84 5 84 4400
9 0 86 5 84 4500
10 0 91 5 85 4600
10 0 91 5 87 4700
10 0 93 5 90 4800
10 0 95 5 90 4900
10 0 96 5 92 5000
10 0 101 5 94 5100
10 0 103 5 96 5200
12 0 106 5 99 5300
13 0 110 5 102 5400
13 0 114 5 104 5500
13 0 116 5 108 5600
13 0 118 6 110 5700
13 0 122 6 112 5800
14 0 124 6 112 5900
14 0 126 6 116 6000
15 0 130 6 116 6100
16 0 132 7 119 6200
16 0 135 7 121 6300
16 0 137 7 123 6400
16 0 137 7 125 6500
16 0 139 8 127 6600
16 0 139 8 127 6700
16 0 139 8 130 6800
17 0 142 8 130 6900
17 0 142 8 133 7000
17 0 147 8 133 7100
18 0 148 8 135 7200
18 0 151 8 137 7300
19 0 152 8 139 7400
20 0 153 8 141 7500
21 0 155 8 141 7600
22 0 156 8 143 7700
22 0 158 8 144 7800
22 0 158 8 146 7900
23 0 160 8 147 8000
23 0 162 8 148 8100
23 0 164 9 150 8200
23 0 164 9 152 8300
23 0 166 9 154 8400
23 0 167 10 154 8500
23 0 167 10 156 8600
23 0 167 10 158 8700
25 0 171 10 158 8800
25 0 172 10 161 8900
25 0 172 10 161 9000
26 0 172 10 163 9100
26 0 175 10 163 9200
26 0 176 10 164 9300
26 0 176 10 165 9400
26 0 178 10 166 9500
26 0 181 10 167 9600
26 0 182 10 171 9700
26 0 183 10 172 9800
26 0 186 10 172 9900
26 0 187 10 173 10000
26 0 192 10 176 10100
26 0 193 11 180 10200
26 0 195 11 182 10300
26 0 197 11 183 10400
26 0 199 11 186 10500
26 0 199 11 187 10600
26 0 203 11 188 10700
27 0 205 11 190 10800
27 0 208 11 193 10900
27 0 210 11 195 11000
28 0 211 11 197 11100
28 0 213 12 198 11200
28 0 214 12 199 11300
28 0 215 12 203 11400
28 0 217 12 204 11500
28 0 217 12 205 11600
29 0 219 12 205 11700
29 0 221 13 207 11800
29 0 222 13 207 11900
29 0 224 13 210 12000
29 0 226 13 211 12100
29 0 227 13 214 12200
29 0 229 13 216 12300
30 0 230 13 217 12400
30 0 231 13 217 12500
30 0 233 13 218 12600
30 0 233 13 220 12700
30 0 236 13 220 12800
30 0 237 13 220 12900
30 0 239 13 224 13000
30 0 239 13 224 13100
30 0 240 13 226 13200
30 0 242 13 226 13300
31 0 245 13 226 13400
32 0 245 13 229 13500
32 0 250 13 230 13600
32 0 250 13 234 13700
32 0 250 13 235 13800
33 0 253 13 236 13900
33 0 256 13 238 14000
34 0 256 13 242 14100
34 0 259 13 244 14200
35 0 260 13 245 14300
36 0 260 13 246 14400
37 0 263 13 247 14500
37 0 265 13 247 14600
37 0 266 13 251 14700
37 0 266 13 251 14800
37 0 268 13 254 14900
37 0 271 13 254 15000
37 0 273 13 256 15100
37 0 274 13 259 15200
37 0 277 14 260 15300
37 0 278 14 262 15400
38 0 279 14 263 15500
38 0 280 14 264 15600
38 0 281 14 264 15700
39 0 281 14 266 15800
39 0 282 14 266 15900
39 0 282 14 267 16000
40 0 284 14 267 16100
41 0 285 14 268 16200
41 0 287 15 268 16300
41 0 291 15 271 16400
41 0 292 15 273 16500
41 0 293 15 275 16600
41 0 296 15 276 16700
41 0 296 15 278 16800
42 0 297 15 279 16900
42 0 300 15 281 17000
42 0 303 15 283 17100
42 0 304 16 284 17200
42 0 306 16 286 17300
42 0 306 16 288 17400
43 0 307 16 289 17500
43 0 309 16 289 17600
43 0 311 16 291 17700
43 0 312 16 292 17800
45 0 313 16 294 17900
45 0 313 16 296 18000
45 0 314 17 296 18100
45 0 314 17 298 18200
45 0 318 17 298 18300
45 0 318 17 299 18400
45 0 319 17 301 18500
45 0 319 17 301 18600
46 0 319 17 303 18700
46 0 320 17 303 18800
47 0 320 17 304 18900
47 0 321 18 304 19000
47 0 321 18 305 19100
48 0 324 18 305 19200
48 0 325 18 306 19300
48 0 327 18 308 19400
48 0 327 18 309 19500
48 0 329 18 311 19600
48 0 330 18 315 19700
48 0 330 18 317 19800
48 0 332 18 318 19900
49 0 333 18 319 20000
50 0 334 18 319 20100
50 0 336 18 320 20200
50 0 337 18 322 20300
50 0 338 18 323 20400
50 0 340 18 324 20500
50 0 341 18 326 20600
50 0 341 18 327 20700
51 0 341 18 328 20800
52 0 342 18 328 20900
52 0 342 18 329 21000
52 0 344 18 331 21100
52 0 346 18 332 21200
52 0 347 18 334 21300
52 0 347 18 334 21400
52 0 348 19 334 21500
53 0 348 19 334 21600
53 0 349 19 335 21700
53 0 350 19 335 21800
54 0 351 19 336 21900
54 0 351 19 337 22000
55 0 353 19 338 22100
55 0 353 19 340 22200
55 0 354 19 340 22300
56 0 354 19 340 22400
56 0 355 19 341 22500
56 0 355 19 342 22600
56 0 356 19 342 22700
56 0 356 19 342 22800
56 0 359 19 343 22900
56 0 359 19 343 23000
56 0 359 19 346 23100
56 0 360 19 346 23200
56 0 360 19 346 23300
57 0 360 19 347 23400
58 0 361 19 347 23500
60 0 363 19 348 23600
60 0 364 19 348 23700
60 0 364 19 350 23800
60 0 365 19 351 23900
60 0 365 19 351 24000
60 0 367 19 352 24100
60 0 367 19 354 24200
61 0 369 19 354 24300
61 0 371 19 355 24400
61 0 371 19 356 24500
61 0 371 19 357 24600
61 0 371 19 358 24700
61 0 371 19 359 24800
61 0 371 19 359 24900
61 0 371 19 359 25000
61 0 371 19 359 25100
61 0 372 19 359 25200
61 0 372 19 359 25300
61 0 373 19 360 25400
61 0 373 19 360 25500
61 0 373 19 361 25600
61 0 373 19 361 25700
61 0 373 19 361 25800
61 0 373 19 361 25900
61 0 374 19 361 26000
61 0 374 19 361 26100
61 0 375 19 362 26200
61 0 375 19 363 26300
61 0 378 19 363 26400
61 0 378 19 364 26500
61 0 380 19 365 26600
61 0 381 19 366 26700
61 0 382 19 368 26800
62 0 383 19 369 26900
62 0 385 19 371 27000
62 0 386 19 372 27100
62 0 387 19 374 27200
63 0 387 19 374 27300
63 0 387 19 374 27400
63 0 388 19 374 27500
63 0 388 19 374 27600
63 0 388 19 374 27700
63 0 390 19 374 27800
63 0 392 19 374 27900
63 0 392 19 377 28000
63 0 393 19 377 28100
63 0 394 19 377 28200
63 0 394 19 379 28300
63 0 395 19 379 28400
63 0 396 19 379 28500
63 0 398 19 380 28600
63 0 400 19 383 28700
63 0 400 19 385 28800
63 0 400 19 385 28900
65 0 401 19 385 29000
65 0 402 19 386 29100
65 0 402 19 388 29200
66 0 403 19 388 29300
66 0 403 19 389 29400
66 0 403 19 389 29500
66 0 404 19 390 29600
66 0 404 19 391 29700
66 0 405 19 391 29800
66 0 405 19 391 29900
66 0 406 19 392 30000
66 0 406 19 392 30100
67 0 406 19 392 30200
68 0 406 19 393 30300
68 0 407 19 393 30400
68 0 408 19 393 30500
68 0 409 19 393 30600
68 0 410 20 394 30700
68 0 412 20 395 30800
68 0 413 20 397 30900
68 0 415 20 397 31000
68 0 417 20 399 31100
68 0 418 21 400 31200
68 0 418 21 401 31300
69 0 419 21 402 31400
70 0 419 21 404 31500
70 0 420 21 405 31600
70 0 421 21 406 31700
70 0 423 21 406 31800
70 0 425 21 407 31900
70 0 425 21 410 32000
70 0 426 21 411 32100
71 0 427 21 412 32200
71 0 427 21 412 32300
72 0 429 21 413 32400
72 0 430 21 414 32500
72 0 430 21 416 32600
73 0 431 21 416 32700
74 0 431 21 416 32800
74 0 433 21 416 32900
75 0 433 21 417 33000
75 0 435 21 418 33100
76 0 435 21 419 33200
76 0 436 21 420 33300
76 0 438 21 421 33400
76 0 439 21 422 33500
76 0 439 21 424 33600
77 0 439 21 424 33700
78 0 442 21 424 33800
78 0 442 21 427 33900
78 0 444 21 427 34000
78 0 445 21 429 34100
79 0 446 21 430 34200
79 0 446 21 431 34300
79 0 446 21 432 34400
79 0 446 21 432 34500
79 0 446 21 432 34600
79 0 446 21 432 34700
79 0 446 21 432 34800
79 0 447 21 432 34900
80 0 448 21 433 35000
80 0 448 21 435 35100
81 0 449 21 435 35200
81 0 449 21 437 35300
81 0 449 21 437 35400
81 0 449 21 438 35500
81 0 449 21 438 35600
81 0 449 21 438 35700
81 0 450 21 439 35800
82 0 451 21 439 35900
82 0 451 21 440 36000
83 0 452 21 442 36100
83 0 452 21 443 36200
85 0 452 21 443 36300
86 0 452 21 444 36400
87 0 452 21 444 36500
87 0 453 21 444 36600
87 0 457 21 444 36700
87 0 458 21 449 36800
87 0 458 21 450 36900
87 0 460 22 450 37000
88 0 461 22 453 37100
88 0 462 22 453 37200
88 0 463 22 453 37300
88 0 464 22 455 37400
89 0 466 22 457 37500
89 0 469 22 458 37600
89 0 469 22 459 37700
89 0 469 23 461 37800
90 0 469 23 462 37900
90 0 469 23 462 38000
90 0 470 23 462 38100
90 0 471 23 463 38200
90 0 472 23 463 38300
90 0 472 23 465 38400
90 0 474 23 465 38500
90 0 475 23 466 38600
90 0 478 23 467 38700
90 0 478 23 471 38800
90 0 478 23 472 38900
90 0 479 23 472 39000
90 0 479 23 473 39100
90 0 479 23 473 39200
90 0 481 23 473 39300
90 0 482 23 474 39400
90 0 483 23 475 39500
90 0 484 23 476 39600
90 0 484 23 476 39700
90 0 486 23 477 39800
90 0 488 23 478 39900
90 0 491 23 480 40000
90 0 492 23 483 40100
90 0 492 23 484 40200
90 0 492 23 485 40300
90 0 494 23 485 40400
90 0 495 23 486 40500
90 0 495 23 488 40600
90 0 495 23 488 40700
90 0 496 23 488 40800
90 0 496 23 488 40900
90 0 498 23 489 41000
90 0 502 23 491 41100
91 0 504 23 493 41200
92 0 505 23 496 41300
92 0 508 23 497 41400
92 0 510 23 499 41500
92 0 511 24 500 41600
92 0 512 24 503 41700
93 0 513 24 503 41800
93 0 513 24 505 41900
94 0 513 24 506 42000
94 0 514 24 507 42100
94 0 514 24 508 42200
95 0 514 24 509 42300
95 0 517 25 509 42400
95 0 518 25 512 42500
96 0 520 25 513 42600
96 0 521 25 513 42700
96 0 522 25 513 42800
97 0 524 25 513 42900
97 0 526 26 516 43000
97 0 526 27 517 43100
97 0 526 27 518 43200
97 0 527 27 518 43300
97 0 527 27 519 43400
97 0 531 27 519 43500
97 0 534 27 520 43600
97 0 535 27 526 43700
97 0 537 27 527 43800
98 0 539 27 528 43900
98 0 541 27 530 44000
99 0 545 27 530 44100
100 0 546 27 531 44200
100 0 547 29 534 44300
100 0 548 29 535 44400
101 0 549 29 536 44500
102 0 549 29 538 44600
102 0 553 29 538 44700
102 0 553 29 540 44800
102 0 554 29 542 44900
102 0 557 29 543 45000
102 0 557 29 545 45100
102 0 558 29 546 45200
102 0 558 29 547 45300
102 0 559 29 547 45400
102 0 559 29 548 45500
102 0 562 29 548 45600
102 0 563 29 551 45700
102 0 565 30 552 45800
102 0 565 30 554 45900
102 0 567 30 555 46000
103 0 569 30 556 46100
103 0 570 30 559 46200
103 0 571 30 560 46300
103 0 572 30 562 46400
103 0 576 31 564 46500
103 0 579 31 567 46600
103 0 582 31 568 46700
103 0 583 32 571 46800
103 0 585 32 573 46900
104 0 585 33 574 47000
104 0 586 33 576 47100
104 0 588 33 577 47200
104 0 589 33 578 47300
104 0 589 33 579 47400
104 0 589 33 581 47500
104 0 590 33 581 47600
104 0 591 33 582 47700
104 0 591 33 582 47800
104 0 591 34 583 47900
104 0 591 34 583 48000
104 0 591 34 583 48100
104 0 591 34 583 48200
104 0 592 34 583 48300
105 0 595 34 585 48400
106 0 595 34 587 48500
107 0 595 34 588 48600
107 0 596 34 588 48700
107 0 596 34 588 48800
107 0 596 34 589 48900
107 0 596 34 590 49000
107 0 596 34 590 49100
107 0 596 34 591 49200
107 0 599 34 591 49300
107 0 599 34 591 49400
107 0 599 34 593 49500
107 0 600 34 593 49600
108 0 601 34 595 49700
108 0 604 34 595 49800
108 0 604 34 596 49900
108 0 606 34 599 50000
108 0 606 34 599 50100
108 0 606 34 600 50200
108 0 607 35 600 50300
109 0 607 35 601 50400
109 0 607 35 602 50500
109 0 607 35 603 50600
109 0 607 35 603 50700
109 0 607 35 603 50800
109 0 608 36 603 50900
109 0 609 36 603 51000
109 0 609 36 604 51100
109 0 609 36 605 51200
109 0 611 36 605 51300
109 0 611 36 607 51400
109 0 613 36 607 51500
109 0 614 36 607 51600
109 0 615 36 609 51700
109 0 617 36 609 51800
109 0 620 36 610 51900
110 0 621 36 613 52000
111 0 624 36 613 52100
112 0 624 37 614 52200
112 0 625 38 616 52300
112 0 625 38 617 52400
114 0 625 39 618 52500
114 0 629 39 618 52600
114 0 629 39 621 52700
114 0 630 39 622 52800
114 0 630 39 622 52900
114 0 630 39 622 53000
114 0 630 39 622 53100
114 0 631 39 622 53200
114 0 631 39 622 53300
115 0 631 39 623 53400
116 0 632 39 623 53500
116 0 632 39 624 53600
116 0 633 39 625 53700
116 0 635 39 625 53800
116 0 635 40 627 53900
116 0 635 40 627 54000
116 0 635 41 627 54100
116 0 635 41 627 54200
116 0 636 41 627 54300
116 0 637 41 627 54400
116 0 637 41 629 54500
116 0 638 41 629 54600
116 0 639 41 629 54700
116 0 640 41 630 54800
117 0 640 41 631 54900
117 0 642 41 632 55000
118 0 643 41 633 55100
118 0 643 41 635 55200
118 0 644 41 635 55300
118 0 647 41 636 55400
118 0 648 41 637 55500
118 0 651 41 639 55600
118 0 652 41 642 55700
119 0 653 41 643 55800
119 0 655 41 644 55900
119 0 656 41 649 56000
119 0 658 41 649 56100
119 0 658 41 651 56200
119 0 659 41 652 56300
119 0 661 41 652 56400
120 0 662 41 654 56500
120 0 663 42 656 56600
120 0 664 42 656 56700
120 0 666 42 657 56800
120 0 668 42 659 56900
120 0 669 42 660 57000
121 0 670 42 661 57100
121 0 671 42 662 57200
121 0 671 42 663 57300
122 0 672 42 664 57400
122 0 674 42 665 57500
122 0 675 42 666 57600
122 0 675 42 668 57700
122 0 675 42 669 57800
122 0 675 42 669 57900
122 0 675 42 670 58000
122 0 676 42 670 58100
123 0 678 42 670 58200
123 0 679 43 672 58300
124 0 680 43 673 58400
124 0 683 43 675 58500
124 0 685 43 676 58600
124 0 685 43 680 58700
124 0 687 43 682 58800
125 0 688 43 683 58900
125 0 689 43 685 59000
125 0 690 43 686 59100
125 0 690 43 689 59200
125 0 690 43 689 59300
125 0 690 43 689 59400
125 0 690 43 689 59500
125 0 690 43 689 59600
125 0 690 43 689 59700
125 0 692 43 690 59800
125 0 694 43 691 59900
125 0 694 43 694 60000
126 0 694 43 695 60100
126 0 695 43 695 60200
126 0 695 43 696 60300
127 0 696 43 696 60400
127 0 696 43 697 60500
127 0 697 43 698 60600
127 0 697 43 698 60700
127 0 697 43 700 60800
128 0 697 43 700 60900
129 0 697 43 700 61000
130 0 698 43 700 61100
132 0 698 43 700 61200
133 0 700 44 701 61300
134 0 701 44 702 61400
135 0 703 44 703 61500
136 0 703 44 703 61600
137 0 703 44 704 61700
137 0 703 44 706 61800
137 0 703 44 706 61900
137 0 706 44 706 62000
137 0 707 45 709 62100
137 0 707 45 709 62200
137 0 708 45 710 62300
137 0 708 45 711 62400
137 0 708 45 711 62500
137 0 708 45 711 62600
137 0 708 45 711 62700
137 0 708 45 711 62800
137 0 708 45 711 62900
137 0 708 45 711 63000
138 0 708 45 713 63100
139 0 708 45 713 63200
140 0 708 45 714 63300
141 0 708 45 714 63400
141 0 710 46 714 63500
141 0 710 46 714 63600
141 0 710 46 715 63700
141 0 711 46 715 63800
141 0 711 46 715 63900
141 0 713 46 716 64000
141 0 713 46 716 64100
141 0 714 46 717 64200
141 0 715 47 718 64300
141 0 715 47 720 64400
141 0 715 47 720 64500
141 0 716 47 720 64600
141 0 718 47 721 64700
141 0 718 47 724 64800
141 0 718 47 724 64900
141 0 718 47 725 65000
141 0 718 47 725 65100
143 0 718 47 725 65200
143 0 719 47 725 65300
143 0 719 48 725 65400
143 0 721 48 726 65500
144 0 722 48 727 65600
144 0 722 48 727 65700
144 0 722 48 728 65800
144 0 723 48 728 65900
144 0 723 48 729 66000
144 0 725 48 729 66100
144 0 725 48 731 66200
144 0 725 48 731 66300
144 0 725 48 731 66400
144 0 725 49 731 66500
144 0 726 49 731 66600
144 0 726 49 731 66700
144 0 726 49 731 66800
144 0 726 49 731 66900
144 0 726 49 732 67000
145 0 726 49 732 67100
145 0 727 49 733 67200
145 0 729 49 734 67300
145 0 729 49 734 67400
145 0 730 50 735 67500
145 0 730 50 735 67600
145 0 730 50 736 67700
145 0 731 50 736 67800
145 0 731 50 737 67900
145 0 732 50 737 68000
145 0 732 50 737 68100
145 0 733 50 738 68200
145 0 734 50 739 68300
145 0 734 50 740 68400
145 0 735 50 741 68500
145 0 737 50 743 68600
145 0 738 50 746 68700
146 0 738 50 746 68800
146 0 739 51 747 68900
147 0 740 51 748 69000
148 0 740 52 748 69100
148 0 741 52 749 69200
148 0 742 52 749 69300
148 0 742 52 750 69400
149 0 742 53 751 69500
149 0 743 53 751 69600
149 0 743 53 751 69700
149 0 743 53 752 69800
149 0 744 53 752 69900
149 0 744 53 753 70000
149 0 744 53 753 70100
149 0 745 53 754 70200
149 0 746 53 755 70300
149 0 748 53 756 70400
149 0 749 53 759 70500
149 0 750 53 760 70600
149 0 752 53 762 70700
150 0 753 54 763 70800
150 0 753 54 764 70900
150 0 753 54 765 71000
150 0 754 55 765 71100
151 0 755 55 766 71200
151 0 755 55 767 71300
152 0 757 55 768 71400
153 0 758 55 769 71500
153 0 760 55 770 71600
153 0 760 55 772 71700
154 0 761 55 773 71800
156 0 762 56 773 71900
156 0 763 56 774 72000
156 0 764 56 775 72100
156 0 764 56 775 72200
156 0 764 56 776 72300
156 0 765 56 776 72400
156 0 765 56 776 72500
157 0 765 56 777 72600
157 0 765 56 777 72700
157 0 767 56 777 72800
158 0 767 56 779 72900
158 0 770 56 779 73000
158 0 770 56 781 73100
159 0 771 56 782 73200
159 0 773 56 783 73300
159 0 773 56 784 73400
159 0 774 56 786 73500
159 0 776 56 787 73600
159 0 777 56 788 73700
160 0 777 56 789 73800
160 0 778 56 790 73900
160 0 778 56 790 74000
160 0 779 56 791 74100
160 0 779 56 792 74200
160 0 779 56 792 74300
160 0 779 56 792 74400
160 0 779 56 792 74500
160 0 780 57 792 74600
160 0 780 57 792 74700
160 0 782 57 793 74800
160 0 783 57 794 74900
161 0 783 57 795 75000
161 0 784 57 795 75100
162 0 785 57 795 75200
162 0 787 57 797 75300
162 0 790 57 799 75400
162 0 790 57 800 75500
162 0 791 58 801 75600
162 0 793 58 802 75700
162 0 794 58 803 75800
162 0 795 58 805 75900
162 0 795 58 806 76000
162 0 796 58 806 76100
162 0 796 58 806 76200
162 0 797 58 807 76300
162 0 799 58 807 76400
162 0 801 58 808 76500
162 0 802 58 810 76600
162 0 802 58 810 76700
163 0 802 58 811 76800
163 0 802 58 811 76900
163 0 802 58 811 77000
163 0 802 58 812 77100
163 0 802 58 813 77200
163 0 802 58 813 77300
163 0 802 58 813 77400
164 0 802 58 813 77500
164 0 805 58 813 77600
164 0 805 58 814 77700
164 0 806 58 816 77800
164 0 806 58 817 77900
164 0 806 58 817 78000
165 0 806 58 817 78100
165 0 806 58 817 78200
165 0 806 58 817 78300
165 0 806 58 817 78400
165 0 806 58 817 78500
165 0 808 58 817 78600
165 0 808 58 818 78700
165 0 809 58 819 78800
165 0 810 58 820 78900
165 0 813 58 820 79000
165 0 814 58 823 79100
165 0 815 58 825 79200
165 0 815 58 826 79300
165 0 817 58 827 79400
165 0 817 58 828 79500
165 0 817 58 829 79600
165 0 817 58 829 79700
165 0 817 58 829 79800
165 0 817 58 829 79900
165 0 817 58 829 80000
165 0 819 58 829 80100
165 0 819 58 831 80200
165 0 820 58 832 80300
165 0 820 58 833 80400
165 0 822 58 833 80500
166 0 822 58 835 80600
166 0 822 58 836 80700
166 0 823 58 838 80800
166 0 823 58 839 80900
167 0 825 58 839 81000
167 0 825 58 839 81100
167 0 826 59 841 81200
167 0 827 59 841 81300
167 0 827 59 842 81400
167 0 829 60 842 81500
167 0 829 60 843 81600
167 0 830 60 843 81700
167 0 830 61 844 81800
167 0 830 61 845 81900
167 0 830 61 845 82000
167 0 830 61 845 82100
167 0 830 61 845 82200
167 0 832 61 845 82300
167 0 832 61 846 82400
167 0 833 61 847 82500
167 0 834 61 847 82600
168 0 834 62 847 82700
168 0 835 62 848 82800
169 0 835 62 848 82900
170 0 835 62 849 83000
172 0 836 62 849 83100
172 0 837 62 849 83200
172 0 837 62 849 83300
172 0 837 62 850 83400
172 0 839 62 850 83500
172 0 841 62 851 83600
172 0 843 62 851 83700
172 0 843 62 853 83800
172 0 846 62 854 83900
172 0 846 62 855 84000
172 0 846 62 857 84100
172 0 846 62 859 84200
172 0 846 62 860 84300
172 0 846 62 860 84400
172 0 847 62 861 84500
172 0 847 62 862 84600
172 0 848 62 862 84700
172 0 849 62 862 84800
172 0 850 63 863 84900
172 0 850 63 864 85000
172 0 850 63 864 85100
172 0 851 63 864 85200
173 0 851 63 865 85300
173 0 852 63 865 85400
173 0 854 63 866 85500
174 0 854 63 866 85600
174 0 856 63 868 85700
174 0 857 63 868 85800
175 0 858 63 870 85900
176 0 860 63 871 86000
176 0 861 63 873 86100
176 0 861 63 873 86200
177 0 861 64 873 86300
177 0 862 64 873 86400
177 0 863 64 874 86500
177 0 863 64 875 86600
177 0 863 64 875 86700
177 0 863 64 875 86800
177 0 863 64 875 86900
177 0 866 64 875 87000
177 0 866 64 877 87100
177 0 867 64 878 87200
177 0 869 64 879 87300
177 0 871 64 879 87400
178 0 871 64 883 87500
179 0 874 64 884 87600
179 0 874 64 886 87700
180 0 876 64 887 87800
180 0 877 64 889 87900
180 0 877 64 890 88000
180 0 877 64 891 88100
180 0 878 64 892 88200
180 0 878 64 892 88300
180 0 878 64 894 88400
180 0 879 64 895 88500
180 0 880 64 895 88600
180 0 880 65 895 88700
180 0 880 65 895 88800
180 0 880 66 896 88900
180 0 882 66 896 89000
180 0 883 66 897 89100
180 0 883 66 900 89200
180 0 886 66 901 89300
180 0 886 66 902 89400
180 0 886 66 905 89500
181 0 887 66 905 89600
181 0 887 66 906 89700
181 0 889 66 907 89800
181 0 890 66 909 89900
181 0 891 66 910 90000
181 0 891 66 910 90100
181 0 892 66 912 90200
181 0 892 66 914 90300
181 0 892 66 914 90400
181 0 892 66 914 90500
181 0 893 66 914 90600
181 0 893 66 915 90700
181 0 893 66 915 90800
181 0 893 66 915 90900
181 0 893 66 915 91000
181 0 893 66 915 91100
181 0 895 66 915 91200
181 0 895 66 915 91300
181 0 897 66 916 91400
181 0 897 66 916 91500
181 0 897 66 917 91600
181 0 898 66 917 91700
181 0 899 66 918 91800
181 0 900 66 918 91900
181 0 900 66 920 92000
182 0 900 66 920 92100
182 0 900 66 920 92200
182 0 900 66 921 92300
182 0 901 66 921 92400
182 0 902 66 923 92500
182 0 904 66 923 92600
182 0 905 66 926 92700
182 0 906 66 928 92800
183 0 907 66 929 92900
183 0 908 66 929 93000
183 0 909 66 930 93100
184 0 911 66 931 93200
184 0 912 66 932 93300
184 0 912 66 934 93400
184 0 913 66 935 93500
184 0 913 66 936 93600
184 0 913 66 937 93700
184 0 913 66 937 93800
184 0 913 66 938 93900
184 0 915 66 938 94000
184 0 915 66 940 94100
184 0 915 66 940 94200
184 0 917 66 940 94300
184 0 918 66 940 94400
184 0 918 66 940 94500
184 0 918 67 941 94600
184 0 918 67 941 94700
184 0 920 67 941 94800
184 0 920 67 942 94900
184 0 921 67 942 95000
184 0 921 67 943 95100
184 0 921 67 945 95200
185 0 922 67 945 95300
185 0 925 67 946 95400
185 0 925 67 946 95500
185 0 927 67 948 95600
185 0 928 67 948 95700
185 0 928 68 949 95800
186 0 928 68 949 95900
186 0 929 68 949 96000
187 0 929 68 949 96100
188 0 933 68 950 96200
188 0 934 68 951 96300
188 0 935 68 954 96400
188 0 935 68 955 96500
188 0 936 68 955 96600
188 0 937 68 955 96700
189 0 938 68 956 96800
189 0 939 68 956 96900
189 0 939 69 957 97000
189 0 939 69 957 97100
189 0 939 70 958 97200
189 0 940 71 958 97300
189 0 940 71 959 97400
189 0 941 71 959 97500
189 0 943 71 960 97600
189 0 945 71 960 97700
190 0 945 71 963 97800
190 0 945 71 963 97900
190 0 946 71 963 98000
191 0 946 71 964 98100
192 0 948 71 964 98200
194 0 949 71 964 98300
194 0 950 71 965 98400
194 0 951 71 966 98500
194 0 951 71 967 98600
194 0 953 71 967 98700
194 0 953 71 969 98800
194 0 954 72 969 98900
194 0 954 72 969 99000
195 0 955 72 970 99100
195 0 957 72 971 99200
195 0 958 72 972 99300
196 0 958 72 974 99400
196 0 959 72 974 99500
197 0 959 72 974 99600
200 0 960 72 975 99700
200 0 960 72 975 99800
200 0 960 72 976 99900
200 0 960 72 976 100000
201 0 960 72 976 100100
201 0 962 72 976 100200
201 0 963 72 976 100300
201 0 963 73 976 100400
201 0 963 73 978 100500
201 0 963 73 978 100600
201 0 964 73 978 100700
201 0 965 73 979 100800
201 0 967 73 980 100900
201 0 967 73 982 101000
201 0 967 73 984 101100
201 0 969 73 984 101200
201 0 969 74 987 101300
201 0 969 74 987 101400
201 0 970 74 987 101500
202 0 971 74 987 101600
202 0 971 74 988 101700
202 0 974 74 989 101800
202 0 974 74 989 101900
202 0 974 74 990 102000
202 0 974 74 990 102100
202 0 975 74 991 102200
202 0 975 75 991 102300
202 0 975 75 992 102400
202 0 975 75 992 102500
203 0 975 75 992 102600
203 0 976 75 992 102700
203 0 977 75 993 102800
203 0 977 75 994 102900
203 0 977 75 994 103000
203 0 977 75 994 103100
203 0 979 75 994 103200
203 0 981 76 995 103300
203 0 981 76 997 103400
203 0 981 76 998 103500
203 0 981 76 998 103600
203 0 982 76 998 103700
204 0 984 76 999 103800
204 0 986 76 1000 103900
204 0 990 76 1003 104000
205 0 990 76 1004 104100
206 0 992 76 1007 104200
207 0 994 76 1008 104300
207 0 996 76 1011 104400
207 0 997 77 1013 104500
207 0 998 77 1014 104600
207 0 998 78 1016 104700
207 0 1000 78 1017 104800
207 0 1000 78 1018 104900
207 0 1001 78 1019 105000
207 0 1001 78 1020 105100
208 0 1001 78 1020 105200
208 0 1004 78 1020 105300
208 0 1004 78 1021 105400
208 0 1006 78 1023 105500
208 0 1007 78 1025 105600
208 0 1008 78 1026 105700
209 0 1009 78 1028 105800
209 0 1011 78 1028 105900
209 0 1012 78 1030 106000
210 0 1014 78 1032 106100
211 0 1017 78 1035 106200
211 0 1018 78 1036 106300
211 0 1018 78 1039 106400
212 0 1018 78 1039 106500
212 0 1019 78 1039 106600
212 0 1021 78 1040 106700
212 0 1021 78 1041 106800
212 0 1022 78 1042 106900
212 0 1023 78 1042 107000
213 0 1023 78 1042 107100
213 0 1025 79 1042 107200
213 0 1025 79 1043 107300
213 0 1026 79 1044 107400
213 0 1026 79 1045 107500
213 0 1028 79 1046 107600
214 0 1028 79 1049 107700
215 0 1030 79 1049 107800
215 0 1030 79 1050 107900
215 0 1030 79 1051 108000
215 0 1032 79 1052 108100
215 0 1033 79 1052 108200
215 0 1033 79 1054 108300
215 0 1033 79 1055 108400
215 0 1033 79 1055 108500
216 0 1033 79 1055 108600
216 0 1033 79 1055 108700
216 0 1034 79 1056 108800
216 0 1035 79 1058 108900
216 0 1036 79 1059 109000
216 0 1036 79 1061 109100
216 0 1036 79 1062 109200
216 0 1036 79 1063 109300
216 0 1036 79 1063 109400
216 0 1037 79 1063 109500
217 0 1037 79 1064 109600
217 0 1039 79 1064 109700
217 0 1039 80 1065 109800
217 0 1040 80 1066 109900
217 0 1042 80 1066 110000
217 0 1042 80 1068 110100
217 0 1042 80 1069 110200
217 0 1042 80 1069 110300
217 0 1042 80 1069 110400
217 0 1043 80 1069 110500
217 0 1044 80 1070 110600
217 0 1046 80 1072 110700
217 0 1046 80 1075 110800
217 0 1047 80 1075 110900
217 0 1047 80 1076 111000
217 0 1047 80 1076 111100
217 0 1047 80 1076 111200
217 0 1048 80 1076 111300
217 0 1048 80 1076 111400
217 0 1048 80 1077 111500
217 0 1049 80 1077 111600
217 0 1050 80 1078 111700
217 0 1051 80 1079 111800
217 0 1051 80 1079 111900
217 0 1051 80 1079 112000
217 0 1052 80 1079 112100
217 0 1052 80 1079 112200
217 0 1052 80 1080 112300
218 0 1052 80 1080 112400
218 0 1053 80 1080 112500
218 0 1054 80 1080 112600
219 0 1056 80 1081 112700
219 0 1059 80 1082 112800
221 0 1059 80 1083 112900
221 0 1059 80 1085 113000
221 0 1061 80 1085 113100
221 0 1061 80 1086 113200
221 0 1061 80 1087 113300
221 0 1062 80 1087 113400
221 0 1064 80 1088 113500
221 0 1065 80 1090 113600
221 0 1067 80 1091 113700
221 0 1069 81 1094 113800
221 0 1069 81 1096 113900
221 0 1070 81 1098 114000
221 0 1072 81 1099 114100
222 0 1072 81 1101 114200
222 0 1073 81 1101 114300
222 0 1075 81 1103 114400
222 0 1075 81 1103 114500
222 0 1075 81 1104 114600
222 0 1075 81 1104 114700
222 0 1075 81 1104 114800
222 0 1075 81 1104 114900
222 0 1075 81 1104 115000
222 0 1075 81 1104 115100
222 0 1075 81 1104 115200
222 0 1075 81 1105 115300
222 0 1075 81 1106 115400
222 0 1075 81 1106 115500
222 0 1075 81 1107 115600
222 0 1076 82 1107 115700
222 0 1076 82 1108 115800
222 0 1076 82 1109 115900
222 0 1077 82 1109 116000
222 0 1077 82 1109 116100
222 0 1078 82 1110 116200
223 0 1078 82 1111 116300
223 0 1081 82 1112 116400
224 0 1082 83 1114 116500
225 0 1083 83 1115 116600
225 0 1084 83 1116 116700
225 0 1085 83 1117 116800
225 0 1086 83 1118 116900
227 0 1087 83 1119 117000
228 0 1087 83 1122 117100
229 0 1087 83 1122 117200
229 0 1087 84 1122 117300
229 0 1088 84 1122 117400
229 0 1089 85 1122 117500
229 0 1090 85 1123 117600
229 0 1091 86 1124 117700
229 0 1092 86 1124 117800
230 0 1093 86 1125 117900
230 0 1094 86 1125 118000
230 0 1095 86 1125 118100
230 0 1097 87 1127 118200
230 0 1098 87 1128 118300
230 0 1098 87 1130 118400
230 0 1099 87 1130 118500
230 0 1099 88 1130 118600
230 0 1100 88 1131 118700
230 0 1101 88 1132 118800
230 0 1102 88 1133 118900
230 0 1103 88 1134 119000
230 0 1103 88 1134 119100
230 0 1104 88 1135 119200
230 0 1105 88 1135 119300
230 0 1105 88 1137 119400
230 0 1106 88 1138 119500
230 0 1108 88 1139 119600
231 0 1108 88 1140 119700
231 0 1109 88 1140 119800
232 0 1109 88 1142 119900
