0 0 2 0 0 0
0 0 3 0 0 100
0 0 5 0 2 200
0 0 5 0 2 300
0 0 6 1 2 400
0 0 9 1 3 500
0 0 9 1 3 600
0 0 11 1 3 700
0 0 11 1 5 800
0 0 11 1 6 900
0 0 13 1 6 1000
0 0 13 1 6 1100
0 0 14 1 6 1200
0 0 14 2 8 1300
0 0 17 2 8 1400
0 0 17 2 10 1500
0 0 19 2 10 1600
0 0 21 2 11 1700
0 0 22 2 11 1800
0 0 23 4 12 1900
0 0 24 4 12 2000
0 0 24 5 13 2100
0 0 28 5 15 2200
0 0 28 5 16 2300
0 0 31 5 19 2400
0 0 31 6 21 2500
0 0 33 6 23 2600
0 0 34 6 23 2700
0 0 37 6 24 2800
0 0 39 6 26 2900
0 0 40 6 28 3000
1 0 42 7 29 3100
1 0 42 7 29 3200
1 0 43 7 30 3300
1 0 43 8 30 3400
1 0 47 8 31 3500
1 0 48 8 32 3600
1 0 52 9 34 3700
1 0 54 9 35 3800
1 0 54 9 39 3900
1 0 56 9 41 4000
2 0 58 9 42 4100
2 0 61 9 44 4200
2 0 62 9 44 4300
3 0 63 9 47 4400
3 0 64 9 49 4500
3 0 64 9 49 4600
3 0 66 10 50 4700
3 0 67 10 51 4800
4 0 73 11 52 4900
5 0 74 11 56 5000
5 0 75 11 59 5100
5 0 80 11 60 5200
5 0 81 11 63 5300
6 0 84 11 65 5400
7 0 84 11 67 5500
7 0 86 12 67 5600
7 0 87 13 69 5700
8 0 87 13 69 5800
8 0 89 13 69 5900
9 0 90 14 70 6000
9 0 93 14 71 6100
10 0 96 15 74 6200
10 0 99 15 77 6300
10 0 101 15 77 6400
10 0 102 15 80 6500
10 0 104 16 81 6600
10 0 104 16 82 6700
10 0 107 16 83 6800
10 0 107 16 84 6900
10 0 108 16 84 7000
10 0 110 17 84 7100
11 0 114 17 86 7200
11 0 115 18 87 7300
11 0 117 18 89 7400
11 0 119 18 91 7500
11 0 121 18 92 7600
11 0 123 18 94 7700
11 0 126 18 95 7800
11 0 128 19 96 7900
11 0 131 19 99 8000
13 0 133 19 102 8100
14 0 139 19 102 8200
14 0 141 20 107 8300
14 0 143 21 109 8400
14 0 145 21 112 8500
14 0 148 21 113 8600
14 0 152 23 113 8700
15 0 153 24 115 8800
16 0 154 27 116 8900
17 0 156 27 118 9000
17 0 160 27 119 9100
17 0 163 27 121 9200
17 0 167 27 124 9300
17 0 170 27 125 9400
18 0 171 27 129 9500
18 0 173 29 129 9600
19 0 176 29 131 9700
20 0 177 29 132 9800
20 0 179 29 134 9900
20 0 180 30 134 10000
20 0 181 30 135 10100
20 0 181 30 136 10200
20 0 181 31 136 10300
20 0 183 31 136 10400
20 0 184 31 137 10500
20 0 184 31 139 10600
20 0 186 31 139 10700
20 0 188 31 139 10800
21 0 191 31 141 10900
22 0 192 31 143 11000
23 0 192 31 145 11100
23 0 193 31 146 11200
23 0 194 31 147 11300
23 0 196 31 148 11400
23 0 196 31 150 11500
23 0 197 31 150 11600
23 0 198 31 151 11700
23 0 201 31 151 11800
23 0 202 31 152 11900
24 0 203 31 155 12000
24 0 207 32 156 12100
24 0 208 32 157 12200
24 0 211 33 159 12300
24 0 211 33 162 12400
24 0 213 33 162 12500
25 0 214 33 162 12600
26 0 215 33 163 12700
26 0 217 33 164 12800
27 0 218 33 165 12900
27 0 219 33 165 13000
27 0 219 33 166 13100
27 0 219 33 166 13200
27 0 220 34 166 13300
27 0 221 34 167 13400
27 0 221 34 167 13500
27 0 221 35 167 13600
27 0 224 35 167 13700
27 0 224 35 167 13800
27 0 225 35 170 13900
27 0 226 35 171 14000
28 0 228 35 171 14100
28 0 228 35 172 14200
28 0 228 36 173 14300
28 0 229 36 173 14400
28 0 230 36 173 14500
29 0 230 36 174 14600
29 0 232 36 174 14700
29 0 232 37 175 14800
29 0 236 37 176 14900
29 0 236 37 179 15000
29 0 237 37 180 15100
29 0 240 37 181 15200
29 0 240 37 181 15300
29 0 243 37 184 15400
29 0 243 38 184 15500
29 0 243 38 186 15600
30 0 245 39 186 15700
30 0 247 39 186 15800
30 0 247 39 187 15900
30 0 247 40 188 16000
30 0 249 41 188 16100
30 0 250 42 188 16200
31 0 251 42 192 16300
32 0 252 42 192 16400
32 0 252 42 194 16500
32 0 252 42 195 16600
32 0 252 42 196 16700
33 0 252 42 196 16800
33 0 254 42 197 16900
34 0 256 42 197 17000
34 0 258 42 199 17100
34 0 259 44 199 17200
34 0 261 44 202 17300
34 0 263 44 203 17400
34 0 264 44 206 17500
34 0 265 44 206 17600
34 0 265 44 208 17700
34 0 266 44 208 17800
34 0 270 44 209 17900
35 0 271 44 209 18000
35 0 271 44 211 18100
35 0 271 46 211 18200
35 0 272 46 211 18300
35 0 272 46 211 18400
35 0 273 46 211 18500
35 0 273 46 212 18600
35 0 273 46 212 18700
35 0 273 46 212 18800
35 0 274 46 212 18900
35 0 274 46 212 19000
35 0 274 46 213 19100
35 0 274 46 213 19200
35 0 275 46 213 19300
35 0 277 46 213 19400
35 0 279 47 213 19500
35 0 279 47 215 19600
35 0 281 47 216 19700
35 0 283 47 216 19800
35 0 285 48 218 19900
35 0 285 48 220 20000
35 0 285 48 221 20100
36 0 286 48 222 20200
36 0 287 48 222 20300
36 0 288 48 223 20400
36 0 290 49 224 20500
36 0 291 49 225 20600
36 0 294 49 226 20700
36 0 294 49 227 20800
36 0 294 50 228 20900
36 0 294 50 228 21000
36 0 295 50 228 21100
36 0 297 51 228 21200
36 0 298 51 231 21300
36 0 300 51 232 21400
36 0 301 51 232 21500
36 0 301 51 235 21600
36 0 301 51 235 21700
36 0 302 51 236 21800
36 0 302 51 238 21900
36 0 302 51 239 22000
36 0 303 51 239 22100
36 0 303 51 239 22200
36 0 303 51 239 22300
36 0 303 52 239 22400
36 0 303 52 239 22500
36 0 303 52 239 22600
36 0 305 52 240 22700
36 0 305 52 241 22800
36 0 306 52 241 22900
37 0 306 53 243 23000
37 0 308 53 243 23100
37 0 308 53 245 23200
37 0 308 53 246 23300
37 0 309 53 247 23400
37 0 310 53 247 23500
38 0 310 53 248 23600
38 0 312 53 249 23700
38 0 312 53 249 23800
38 0 313 53 249 23900
38 0 313 54 249 24000
38 0 314 54 250 24100
39 0 314 54 250 24200
39 0 314 54 250 24300
39 0 315 54 250 24400
39 0 316 54 250 24500
39 0 317 54 250 24600
39 0 317 54 250 24700
39 0 318 54 251 24800
39 0 318 54 251 24900
40 0 320 54 253 25000
40 0 322 54 253 25100
40 0 322 54 255 25200
40 0 323 54 256 25300
40 0 324 55 257 25400
40 0 325 55 258 25500
40 0 325 55 260 25600
40 0 326 55 260 25700
40 0 327 55 260 25800
40 0 327 55 261 25900
40 0 328 55 261 26000
40 0 329 56 262 26100
40 0 331 56 262 26200
40 0 331 57 263 26300
40 0 333 58 265 26400
40 0 335 58 267 26500
40 0 336 58 267 26600
40 0 336 58 268 26700
40 0 336 58 269 26800
40 0 339 58 269 26900
40 0 341 58 270 27000
40 0 343 58 271 27100
40 0 344 59 271 27200
41 0 344 59 271 27300
41 0 344 59 271 27400
41 0 345 59 271 27500
41 0 345 59 272 27600
42 0 345 59 272 27700
42 0 348 59 272 27800
42 0 349 59 273 27900
42 0 349 59 277 28000
42 0 349 59 277 28100
42 0 349 59 277 28200
43 0 351 59 277 28300
43 0 351 59 278 28400
43 0 351 60 278 28500
43 0 351 60 278 28600
43 0 351 60 278 28700
43 0 351 60 278 28800
43 0 353 60 279 28900
43 0 355 60 280 29000
43 0 356 60 281 29100
43 0 356 60 283 29200
43 0 356 60 284 29300
44 0 358 60 284 29400
44 0 359 60 284 29500
44 0 360 60 285 29600
44 0 361 60 285 29700
44 0 361 60 286 29800
44 0 361 61 286 29900
45 0 363 61 287 30000
46 0 363 61 287 30100
47 0 363 61 287 30200
48 0 363 61 287 30300
48 0 364 62 287 30400
49 0 364 62 288 30500
50 0 364 62 288 30600
50 0 365 62 288 30700
50 0 367 62 288 30800
50 0 367 63 290 30900
50 0 368 63 290 31000
50 0 368 63 290 31100
50 0 369 63 291 31200
50 0 370 63 291 31300
50 0 371 63 292 31400
51 0 371 63 293 31500
52 0 371 63 293 31600
52 0 372 63 293 31700
52 0 373 63 293 31800
53 0 374 63 295 31900
53 0 375 63 295 32000
53 0 376 64 295 32100
53 0 376 65 297 32200
53 0 378 65 297 32300
53 0 378 65 298 32400
53 0 379 65 299 32500
53 0 379 65 299 32600
53 0 380 66 299 32700
53 0 382 66 300 32800
53 0 382 66 300 32900
54 0 383 66 301 33000
54 0 383 66 301 33100
55 0 384 66 302 33200
55 0 387 66 302 33300
55 0 388 66 304 33400
56 0 389 66 306 33500
57 0 389 66 306 33600
57 0 391 67 306 33700
57 0 391 68 306 33800
58 0 391 68 307 33900
58 0 392 68 307 34000
58 0 392 68 308 34100
59 0 393 68 308 34200
61 0 394 69 308 34300
63 0 396 69 309 34400
63 0 396 69 310 34500
63 0 398 69 311 34600
63 0 398 70 312 34700
63 0 398 70 313 34800
63 0 399 70 313 34900
63 0 400 70 314 35000
63 0 403 70 314 35100
63 0 403 70 317 35200
63 0 403 70 317 35300
65 0 405 71 317 35400
65 0 407 71 317 35500
65 0 407 71 319 35600
65 0 407 71 320 35700
65 0 407 71 320 35800
65 0 408 71 320 35900
65 0 408 71 320 36000
65 0 408 71 321 36100
65 0 409 71 321 36200
65 0 411 71 321 36300
65 0 415 71 321 36400
65 0 415 72 323 36500
65 0 415 72 323 36600
65 0 416 72 323 36700
65 0 417 72 323 36800
66 0 417 72 325 36900
66 0 419 72 325 37000
66 0 421 72 326 37100
66 0 423 73 326 37200
66 0 423 74 330 37300
66 0 424 74 330 37400
67 0 427 74 332 37500
68 0 429 74 333 37600
68 0 431 74 336 37700
68 0 431 74 338 37800
68 0 433 74 340 37900
68 0 433 74 340 38000
68 0 433 74 341 38100
68 0 433 75 341 38200
68 0 433 75 341 38300
68 0 434 75 341 38400
68 0 434 75 341 38500
68 0 435 75 342 38600
68 0 435 75 342 38700
68 0 435 76 342 38800
68 0 435 76 342 38900
68 0 435 76 342 39000
68 0 436 76 342 39100
69 0 436 76 342 39200
69 0 436 76 343 39300
70 0 437 77 343 39400
70 0 438 77 343 39500
70 0 438 77 343 39600
70 0 439 77 343 39700
70 0 440 78 343 39800
70 0 441 78 344 39900
70 0 442 78 346 40000
72 0 442 78 346 40100
72 0 445 78 347 40200
72 0 447 78 348 40300
72 0 449 78 349 40400
72 0 451 78 350 40500
72 0 451 78 352 40600
72 0 453 79 352 40700
72 0 454 80 354 40800
73 0 454 80 356 40900
73 0 454 80 356 41000
73 0 455 81 356 41100
74 0 455 81 356 41200
74 0 455 82 356 41300
74 0 458 82 356 41400
74 0 458 82 357 41500
74 0 459 82 359 41600
74 0 459 82 359 41700
74 0 461 82 361 41800
75 0 462 82 361 41900
75 0 464 82 363 42000
75 0 464 82 363 42100
76 0 464 82 365 42200
76 0 468 82 365 42300
76 0 468 82 366 42400
76 0 468 82 367 42500
76 0 468 84 367 42600
76 0 468 84 367 42700
77 0 469 84 367 42800
77 0 469 84 368 42900
77 0 469 84 368 43000
77 0 471 85 368 43100
77 0 471 86 371 43200
77 0 471 86 371 43300
77 0 471 86 371 43400
77 0 471 86 371 43500
77 0 471 86 371 43600
77 0 472 86 371 43700
77 0 473 86 371 43800
77 0 473 86 373 43900
78 0 473 86 373 44000
79 0 473 86 373 44100
80 0 473 86 373 44200
82 0 473 86 373 44300
84 0 474 86 373 44400
85 0 474 86 373 44500
85 0 475 86 374 44600
86 0 476 86 375 44700
86 0 476 87 375 44800
87 0 476 87 375 44900
87 0 477 87 376 45000
87 0 477 87 376 45100
87 0 477 87 377 45200
87 0 477 88 377 45300
88 0 477 88 377 45400
88 0 477 88 377 45500
90 0 479 88 377 45600
90 0 481 88 377 45700
90 0 481 88 379 45800
91 0 481 89 379 45900
91 0 481 90 379 46000
91 0 481 90 380 46100
91 0 481 90 380 46200
91 0 483 90 380 46300
91 0 483 90 380 46400
91 0 483 90 382 46500
91 0 483 90 382 46600
91 0 484 90 382 46700
91 0 485 90 383 46800
91 0 488 91 383 46900
91 0 489 91 385 47000
91 0 490 91 386 47100
91 0 490 91 387 47200
91 0 493 91 388 47300
91 0 494 92 389 47400
91 0 495 92 390 47500
91 0 495 93 391 47600
91 0 497 93 392 47700
91 0 499 93 394 47800
91 0 500 93 394 47900
91 0 500 93 396 48000
91 0 500 93 396 48100
91 0 500 94 396 48200
91 0 502 94 396 48300
91 0 504 94 397 48400
91 0 505 94 400 48500
91 0 505 95 400 48600
91 0 506 95 400 48700
91 0 507 97 400 48800
91 0 509 97 402 48900
91 0 509 98 402 49000
91 0 509 99 403 49100
91 0 509 100 404 49200
91 0 510 100 404 49300
91 0 510 100 406 49400
92 0 510 100 406 49500
92 0 511 100 406 49600
92 0 513 100 406 49700
93 0 513 100 408 49800
93 0 514 100 408 49900
93 0 516 100 408 50000
93 0 516 100 409 50100
93 0 517 100 411 50200
93 0 517 100 412 50300
94 0 519 100 412 50400
94 0 520 102 413 50500
94 0 523 102 415 50600
94 0 525 103 416 50700
94 0 526 103 418 50800
94 0 527 104 419 50900
94 0 528 104 420 51000
94 0 530 104 422 51100
94 0 530 104 423 51200
94 0 531 105 424 51300
94 0 531 105 424 51400
94 0 532 105 424 51500
94 0 533 105 424 51600
94 0 533 105 425 51700
94 0 534 105 426 51800
94 0 535 105 426 51900
94 0 536 105 428 52000
95 0 536 105 428 52100
95 0 536 106 429 52200
95 0 536 106 429 52300
95 0 536 106 429 52400
95 0 537 106 430 52500
95 0 538 106 430 52600
95 0 540 106 431 52700
95 0 541 107 433 52800
95 0 544 107 433 52900
95 0 547 107 435 53000
95 0 548 107 440 53100
95 0 551 107 441 53200
95 0 552 107 443 53300
96 0 554 108 444 53400
96 0 556 108 445 53500
96 0 557 108 447 53600
96 0 557 108 448 53700
96 0 558 108 448 53800
96 0 559 109 448 53900
96 0 559 109 448 54000
96 0 559 110 449 54100
96 0 560 110 449 54200
96 0 561 110 450 54300
96 0 561 110 451 54400
96 0 562 110 451 54500
96 0 562 110 452 54600
97 0 562 110 452 54700
97 0 563 110 452 54800
98 0 563 110 452 54900
98 0 563 110 452 55000
98 0 563 110 452 55100
99 0 563 110 452 55200
99 0 564 110 452 55300
100 0 564 110 452 55400
101 0 564 110 453 55500
101 0 566 110 453 55600
101 0 566 110 455 55700
101 0 566 110 455 55800
101 0 567 111 455 55900
101 0 567 111 455 56000
101 0 567 111 456 56100
101 0 567 111 457 56200
101 0 567 111 457 56300
101 0 568 111 457 56400
101 0 568 111 458 56500
101 0 569 111 458 56600
101 0 569 111 458 56700
101 0 569 112 459 56800
101 0 569 112 459 56900
101 0 571 112 459 57000
101 0 572 112 460 57100
102 0 572 112 461 57200
103 0 573 112 461 57300
103 0 573 112 462 57400
103 0 573 112 462 57500
103 0 573 113 462 57600
103 0 573 113 462 57700
103 0 574 113 462 57800
103 0 574 113 463 57900
103 0 574 113 463 58000
103 0 575 113 463 58100
103 0 577 113 463 58200
103 0 577 113 464 58300
103 0 578 114 465 58400
103 0 578 114 465 58500
103 0 578 115 465 58600
103 0 578 115 465 58700
103 0 578 115 465 58800
103 0 579 115 465 58900
103 0 579 115 466 59000
103 0 581 115 466 59100
103 0 581 115 467 59200
103 0 581 115 469 59300
104 0 582 115 469 59400
106 0 582 115 470 59500
106 0 584 115 470 59600
106 0 585 115 471 59700
106 0 587 115 471 59800
106 0 588 115 473 59900
106 0 588 115 475 60000
106 0 590 115 475 60100
106 0 590 115 475 60200
106 0 592 115 478 60300
106 0 593 115 479 60400
106 0 593 116 479 60500
106 0 594 117 479 60600
106 0 594 117 479 60700
106 0 594 117 480 60800
107 0 594 117 480 60900
107 0 594 117 480 61000
108 0 595 117 480 61100
108 0 596 117 480 61200
108 0 598 118 481 61300
108 0 599 118 482 61400
108 0 600 119 483 61500
108 0 601 119 484 61600
108 0 601 120 484 61700
109 0 601 121 484 61800
109 0 601 122 484 61900
109 0 601 122 484 62000
109 0 602 122 484 62100
110 0 605 122 485 62200
111 0 605 122 485 62300
111 0 606 122 487 62400
111 0 609 122 488 62500
111 0 609 122 490 62600
113 0 609 122 491 62700
114 0 612 122 491 62800
114 0 612 122 491 62900
114 0 612 123 491 63000
114 0 613 125 491 63100
114 0 615 125 491 63200
114 0 615 125 492 63300
114 0 617 127 492 63400
114 0 618 127 493 63500
114 0 618 127 494 63600
114 0 618 127 494 63700
115 0 619 127 494 63800
115 0 619 127 495 63900
115 0 619 127 495 64000
116 0 619 127 495 64100
116 0 620 127 495 64200
116 0 620 127 496 64300
117 0 623 127 496 64400
117 0 623 127 496 64500
117 0 625 127 498 64600
117 0 629 127 498 64700
117 0 632 127 503 64800
118 0 632 127 504 64900
118 0 633 127 508 65000
118 0 634 128 510 65100
118 0 634 128 512 65200
118 0 634 128 513 65300
118 0 634 128 514 65400
118 0 635 128 514 65500
118 0 636 128 515 65600
119 0 637 128 517 65700
119 0 638 128 517 65800
119 0 638 128 518 65900
119 0 639 128 519 66000
119 0 640 129 519 66100
119 0 641 129 519 66200
120 0 641 129 519 66300
120 0 642 129 519 66400
120 0 643 129 519 66500
121 0 644 129 519 66600
122 0 645 130 519 66700
122 0 647 131 519 66800
122 0 647 131 520 66900
122 0 648 131 521 67000
122 0 648 132 521 67100
123 0 648 132 521 67200
123 0 649 132 521 67300
124 0 650 132 521 67400
124 0 651 132 522 67500
124 0 651 132 523 67600
125 0 653 133 523 67700
126 0 653 133 524 67800
126 0 653 133 525 67900
128 0 653 133 525 68000
128 0 654 133 525 68100
128 0 654 133 525 68200
128 0 655 133 526 68300
128 0 656 133 526 68400
128 0 657 133 526 68500
128 0 657 133 527 68600
128 0 657 133 528 68700
128 0 657 133 528 68800
128 0 658 133 528 68900
129 0 658 133 529 69000
130 0 658 133 529 69100
131 0 659 133 529 69200
131 0 660 133 529 69300
131 0 661 133 529 69400
132 0 661 133 530 69500
132 0 662 133 530 69600
133 0 663 133 530 69700
133 0 663 133 532 69800
133 0 665 133 532 69900
133 0 665 133 533 70000
133 0 665 133 535 70100
133 0 665 133 535 70200
134 0 665 133 535 70300
134 0 665 133 536 70400
134 0 666 133 536 70500
134 0 669 133 538 70600
134 0 670 133 539 70700
134 0 672 134 540 70800
135 0 673 135 541 70900
135 0 673 135 543 71000
136 0 673 135 543 71100
136 0 674 135 543 71200
136 0 674 135 543 71300
136 0 675 135 543 71400
136 0 675 135 543 71500
136 0 675 135 544 71600
136 0 676 135 544 71700
137 0 677 135 544 71800
138 0 679 136 546 71900
138 0 679 136 548 72000
138 0 679 136 548 72100
138 0 679 136 549 72200
138 0 680 136 549 72300
139 0 680 136 549 72400
139 0 680 136 550 72500
139 0 681 136 550 72600
141 0 681 136 550 72700
141 0 681 137 550 72800
141 0 681 137 550 72900
141 0 681 137 550 73000
141 0 681 137 551 73100
142 0 681 137 551 73200
142 0 682 137 551 73300
142 0 682 137 551 73400
143 0 683 137 551 73500
143 0 683 137 551 73600
143 0 683 137 552 73700
143 0 684 137 552 73800
143 0 684 137 553 73900
143 0 684 137 553 74000
144 0 684 137 553 74100
144 0 684 137 553 74200
144 0 685 137 553 74300
144 0 685 137 554 74400
144 0 685 137 554 74500
144 0 685 137 554 74600
144 0 685 137 554 74700
144 0 685 137 554 74800
144 0 685 137 554 74900
144 0 685 137 554 75000
144 0 685 137 554 75100
144 0 685 137 554 75200
144 0 686 137 554 75300
144 0 686 137 555 75400
144 0 686 137 556 75500
144 0 686 137 556 75600
144 0 686 137 556 75700
144 0 686 137 557 75800
144 0 686 137 557 75900
144 0 686 137 558 76000
144 0 686 137 558 76100
144 0 686 137 559 76200
144 0 687 138 559 76300
144 0 687 138 560 76400
144 0 688 138 561 76500
144 0 690 138 561 76600
144 0 690 138 565 76700
144 0 691 138 565 76800
144 0 692 138 566 76900
145 0 693 138 567 77000
146 0 695 138 568 77100
147 0 695 138 568 77200
147 0 698 138 569 77300
148 0 698 138 571 77400
148 0 699 138 571 77500
149 0 699 138 571 77600
149 0 700 138 571 77700
149 0 702 138 572 77800
149 0 702 138 572 77900
149 0 702 138 573 78000
149 0 702 138 573 78100
149 0 703 138 573 78200
149 0 703 138 573 78300
149 0 703 138 574 78400
149 0 703 138 575 78500
150 0 704 139 575 78600
150 0 706 139 575 78700
150 0 706 140 575 78800
150 0 706 140 576 78900
150 0 706 141 578 79000
150 0 706 141 578 79100
150 0 706 141 578 79200
150 0 707 141 578 79300
150 0 708 141 578 79400
150 0 708 141 580 79500
150 0 708 141 580 79600
150 0 709 141 580 79700
150 0 709 141 580 79800
151 0 709 141 580 79900
151 0 709 141 580 80000
151 0 709 141 580 80100
151 0 709 141 580 80200
151 0 709 141 580 80300
151 0 709 141 580 80400
151 0 709 141 580 80500
151 0 709 141 580 80600
151 0 709 141 580 80700
151 0 709 141 580 80800
151 0 710 141 580 80900
151 0 710 141 580 81000
151 0 711 141 580 81100
151 0 712 141 580 81200
151 0 712 141 580 81300
151 0 713 142 581 81400
151 0 713 142 581 81500
151 0 713 142 582 81600
153 0 713 142 582 81700
153 0 715 142 582 81800
153 0 715 142 582 81900
153 0 715 143 584 82000
153 0 717 143 584 82100
153 0 717 143 586 82200
153 0 717 143 586 82300
153 0 717 143 587 82400
153 0 717 143 588 82500
153 0 717 143 588 82600
153 0 718 143 588 82700
153 0 718 143 589 82800
153 0 719 143 589 82900
153 0 719 143 589 83000
153 0 719 143 590 83100
153 0 719 144 590 83200
153 0 719 144 590 83300
153 0 719 144 590 83400
153 0 719 144 590 83500
153 0 719 144 590 83600
153 0 719 144 590 83700
153 0 720 144 590 83800
153 0 721 144 591 83900
153 0 721 144 592 84000
153 0 721 145 592 84100
153 0 723 145 592 84200
153 0 724 145 592 84300
153 0 724 145 594 84400
154 0 725 145 594 84500
154 0 725 145 595 84600
155 0 725 145 595 84700
156 0 725 145 595 84800
156 0 726 145 595 84900
156 0 726 145 596 85000
156 0 726 145 596 85100
157 0 726 145 596 85200
157 0 727 145 596 85300
157 0 728 145 596 85400
157 0 729 145 598 85500
157 0 729 145 598 85600
157 0 729 145 599 85700
158 0 729 145 599 85800
158 0 729 145 599 85900
159 0 729 145 599 86000
159 0 730 145 599 86100
159 0 730 145 600 86200
159 0 731 145 600 86300
160 0 731 145 600 86400
160 0 731 145 601 86500
161 0 731 145 601 86600
162 0 732 145 601 86700
162 0 732 145 602 86800
162 0 732 145 602 86900
162 0 733 145 602 87000
162 0 734 145 602 87100
162 0 734 145 603 87200
162 0 734 146 603 87300
162 0 734 146 603 87400
162 0 735 146 603 87500
162 0 735 146 603 87600
162 0 735 146 604 87700
163 0 735 146 605 87800
163 0 735 146 605 87900
163 0 736 146 605 88000
163 0 736 146 605 88100
163 0 736 147 605 88200
163 0 736 147 605 88300
163 0 736 147 605 88400
163 0 736 147 605 88500
163 0 736 147 605 88600
163 0 736 147 606 88700
163 0 736 147 606 88800
163 0 737 147 606 88900
163 0 737 147 607 89000
163 0 737 148 608 89100
163 0 737 148 608 89200
163 0 737 148 609 89300
163 0 738 148 609 89400
163 0 738 148 609 89500
163 0 740 148 609 89600
163 0 740 148 610 89700
163 0 742 148 611 89800
164 0 742 148 611 89900
164 0 744 148 612 90000
164 0 745 148 613 90100
164 0 745 148 614 90200
164 0 745 149 614 90300
164 0 745 149 614 90400
164 0 746 149 614 90500
164 0 746 149 614 90600
164 0 746 149 615 90700
164 0 747 149 615 90800
164 0 748 149 615 90900
164 0 748 149 616 91000
164 0 749 149 617 91100
164 0 750 149 619 91200
165 0 750 149 619 91300
165 0 750 150 619 91400
165 0 751 150 619 91500
165 0 751 150 620 91600
165 0 753 150 620 91700
165 0 754 150 620 91800
166 0 754 151 620 91900
167 0 754 152 621 92000
167 0 754 152 621 92100
167 0 754 152 621 92200
168 0 754 152 621 92300
168 0 755 152 621 92400
169 0 756 152 622 92500
170 0 756 152 623 92600
171 0 758 152 623 92700
171 0 759 152 623 92800
171 0 759 152 625 92900
171 0 760 152 626 93000
172 0 760 152 627 93100
173 0 760 153 627 93200
173 0 761 153 627 93300
173 0 762 153 627 93400
173 0 762 154 627 93500
174 0 763 154 628 93600
174 0 763 154 628 93700
174 0 764 154 629 93800
174 0 766 154 631 93900
174 0 766 154 632 94000
174 0 766 155 632 94100
175 0 766 155 632 94200
176 0 767 155 632 94300
176 0 767 155 633 94400
176 0 767 155 633 94500
177 0 767 155 633 94600
177 0 768 155 633 94700
177 0 768 155 634 94800
177 0 769 156 634 94900
178 0 770 156 635 95000
179 0 770 156 635 95100
179 0 770 156 636 95200
179 0 773 156 636 95300
179 0 775 156 637 95400
180 0 775 156 638 95500
180 0 778 157 638 95600
181 0 779 157 638 95700
181 0 780 157 642 95800
181 0 780 157 643 95900
181 0 781 157 643 96000
182 0 782 157 643 96100
182 0 784 157 644 96200
183 0 784 157 645 96300
183 0 784 157 646 96400
183 0 785 157 646 96500
184 0 786 158 646 96600
184 0 786 158 648 96700
184 0 786 158 648 96800
184 0 786 158 649 96900
184 0 786 158 649 97000
184 0 787 158 649 97100
184 0 787 158 650 97200
184 0 787 159 651 97300
184 0 787 159 651 97400
185 0 788 159 651 97500
185 0 790 159 652 97600
185 0 792 159 653 97700
185 0 793 159 655 97800
185 0 793 159 655 97900
185 0 794 160 655 98000
185 0 794 160 655 98100
185 0 794 160 655 98200
185 0 794 160 655 98300
185 0 794 160 655 98400
185 0 794 160 655 98500
185 0 794 160 655 98600
185 0 795 160 655 98700
185 0 798 160 656 98800
185 0 798 160 656 98900
185 0 798 160 659 99000
185 0 799 160 659 99100
185 0 799 160 660 99200
185 0 799 160 660 99300
185 0 799 160 660 99400
185 0 799 160 660 99500
185 0 799 160 660 99600
185 0 799 160 660 99700
185 0 799 160 660 99800
185 0 799 160 660 99900
185 0 799 160 660 100000
185 0 799 160 660 100100
185 0 800 160 660 100200
185 0 801 160 660 100300
185 0 801 160 661 100400
185 0 802 160 661 100500
185 0 802 160 661 100600
186 0 802 160 662 100700
186 0 804 160 662 100800
186 0 805 161 663 100900
186 0 805 162 663 101000
186 0 806 162 664 101100
186 0 806 162 664 101200
186 0 806 162 665 101300
187 0 807 162 665 101400
187 0 807 162 666 101500
187 0 807 162 667 101600
187 0 807 162 667 101700
187 0 807 162 667 101800
187 0 808 162 667 101900
187 0 808 162 667 102000
187 0 808 163 668 102100
187 0 809 163 668 102200
187 0 812 163 669 102300
187 0 813 163 670 102400
187 0 814 163 672 102500
188 0 815 163 673 102600
188 0 816 163 674 102700
188 0 816 163 675 102800
188 0 817 163 676 102900
188 0 817 163 676 103000
188 0 817 163 677 103100
188 0 817 163 677 103200
188 0 817 163 678 103300
188 0 817 163 678 103400
189 0 818 163 678 103500
190 0 819 163 679 103600
190 0 819 163 679 103700
190 0 819 163 680 103800
191 0 820 163 680 103900
191 0 821 163 680 104000
191 0 821 163 681 104100
191 0 823 163 681 104200
191 0 823 163 683 104300
191 0 823 163 684 104400
192 0 823 163 684 104500
192 0 823 163 684 104600
192 0 823 163 684 104700
192 0 823 164 684 104800
192 0 824 164 684 104900
193 0 824 164 685 105000
193 0 824 165 685 105100
194 0 825 165 685 105200
194 0 825 165 685 105300
195 0 825 165 685 105400
195 0 827 167 685 105500
195 0 827 167 687 105600
195 0 827 167 687 105700
195 0 828 167 687 105800
195 0 829 167 688 105900
195 0 829 167 688 106000
195 0 829 167 689 106100
195 0 830 167 689 106200
195 0 830 167 689 106300
195 0 832 167 690 106400
195 0 832 167 692 106500
196 0 832 167 692 106600
197 0 832 167 692 106700
197 0 833 167 692 106800
197 0 834 167 692 106900
197 0 835 167 692 107000
197 0 836 168 692 107100
198 0 836 168 693 107200
198 0 836 168 693 107300
198 0 836 169 693 107400
198 0 836 169 693 107500
198 0 836 169 693 107600
198 0 836 169 695 107700
198 0 836 169 695 107800
198 0 836 169 695 107900
198 0 836 169 695 108000
199 0 836 169 695 108100
199 0 837 169 695 108200
199 0 838 169 696 108300
199 0 838 169 697 108400
199 0 838 169 697 108500
199 0 838 169 697 108600
199 0 840 169 697 108700
199 0 841 169 697 108800
199 0 843 169 698 108900
199 0 843 171 698 109000
199 0 843 171 699 109100
199 0 845 171 699 109200
199 0 845 171 701 109300
199 0 847 171 702 109400
199 0 847 171 704 109500
200 0 848 171 704 109600
200 0 850 172 704 109700
200 0 850 172 706 109800
200 0 852 172 706 109900
200 0 852 172 707 110000
200 0 852 173 707 110100
200 0 852 173 707 110200
200 0 853 173 707 110300
200 0 853 173 707 110400
200 0 853 174 707 110500
200 0 853 174 708 110600
200 0 854 174 708 110700
200 0 855 174 709 110800
201 0 855 174 709 110900
201 0 855 174 710 111000
201 0 856 174 710 111100
201 0 857 174 711 111200
201 0 858 175 711 111300
201 0 858 175 713 111400
201 0 860 175 714 111500
201 0 861 175 715 111600
202 0 862 175 717 111700
203 0 864 175 718 111800
203 0 865 175 719 111900
203 0 867 176 720 112000
203 0 867 176 720 112100
203 0 867 176 720 112200
203 0 867 177 720 112300
203 0 867 178 720 112400
203 0 868 178 720 112500
203 0 868 178 720 112600
203 0 868 178 720 112700
203 0 868 179 720 112800
203 0 868 179 720 112900
203 0 869 180 720 113000
203 0 869 180 721 113100
203 0 870 180 721 113200
203 0 870 180 721 113300
203 0 870 180 721 113400
203 0 870 180 721 113500
203 0 872 180 721 113600
204 0 873 180 722 113700
204 0 874 180 722 113800
204 0 874 180 723 113900
204 0 874 180 723 114000
204 0 875 180 723 114100
204 0 876 180 723 114200
204 0 876 180 724 114300
204 0 876 180 725 114400
204 0 877 180 725 114500
204 0 877 180 725 114600
204 0 877 181 726 114700
204 0 877 181 726 114800
204 0 877 181 726 114900
204 0 877 181 726 115000
204 0 877 181 726 115100
205 0 878 181 727 115200
205 0 879 181 727 115300
206 0 881 182 728 115400
206 0 884 182 729 115500
206 0 884 182 733 115600
206 0 885 183 733 115700
206 0 885 183 733 115800
206 0 885 183 733 115900
206 0 885 183 733 116000
206 0 885 183 733 116100
206 0 885 183 733 116200
206 0 885 183 733 116300
206 0 885 183 733 116400
206 0 887 183 733 116500
208 0 887 183 733 116600
208 0 888 184 734 116700
208 0 889 184 734 116800
208 0 889 184 735 116900
208 0 889 184 736 117000
208 0 889 184 736 117100
209 0 889 184 736 117200
209 0 889 184 736 117300
209 0 889 184 736 117400
209 0 889 184 736 117500
209 0 890 184 736 117600
209 0 890 184 736 117700
210 0 890 184 736 117800
210 0 890 184 736 117900
210 0 890 184 736 118000
210 0 890 184 736 118100
210 0 890 184 736 118200
210 0 890 184 736 118300
210 0 890 184 736 118400
210 0 890 184 736 118500
210 0 890 184 736 118600
210 0 890 184 736 118700
210 0 890 184 736 118800
210 0 890 184 736 118900
210 0 890 184 736 119000
210 0 892 184 736 119100
210 0 892 184 737 119200
210 0 892 184 737 119300
210 0 892 184 737 119400
210 0 892 184 737 119500
210 0 892 184 737 119600
211 0 892 184 737 119700
212 0 892 184 737 119800
212 0 892 184 737 119900
