0 0 0 0 0 0
0 0 0 0 0 100
0 0 0 0 0 200
0 0 0 0 0 300
0 0 0 0 0 400
0 0 0 0 0 500
1 0 0 0 0 600
2 0 0 0 0 700
2 0 0 0 0 800
2 0 0 0 0 900
2 0 0 0 0 1000
2 0 0 0 0 1100
2 0 0 0 0 1200
2 0 0 0 0 1300
3 0 0 0 0 1400
5 0 0 0 0 1500
7 0 1 0 0 1600
9 0 1 0 0 1700
11 0 2 0 0 1800
11 0 2 0 0 1900
14 0 2 0 0 2000
17 0 3 0 0 2100
19 0 3 0 0 2200
20 0 4 0 0 2300
23 0 4 0 0 2400
24 0 5 0 0 2500
26 0 5 0 0 2600
28 0 5 0 0 2700
29 0 6 0 0 2800
30 0 6 0 0 2900
33 0 7 0 0 3000
36 0 7 0 0 3100
38 0 7 0 0 3200
41 0 8 0 0 3300
43 0 8 0 0 3400
45 0 9 0 0 3500
47 0 10 0 0 3600
48 0 11 0 0 3700
49 0 11 0 0 3800
49 0 12 0 0 3900
49 0 12 0 0 4000
49 0 12 0 0 4100
51 0 12 0 0 4200
53 0 12 0 0 4300
55 0 13 0 0 4400
58 0 13 0 0 4500
58 0 14 0 0 4600
58 0 14 0 0 4700
58 0 15 0 0 4800
58 0 15 0 0 4900
58 0 15 0 0 5000
58 0 15 0 0 5100
60 0 16 0 0 5200
63 0 16 0 0 5300
63 0 16 0 0 5400
66 0 17 0 0 5500
71 0 17 0 0 5600
72 0 18 0 0 5700
74 0 18 0 0 5800
76 0 18 0 0 5900
78 0 19 0 0 6000
78 0 19 0 0 6100
78 0 20 0 0 6200
78 0 20 0 0 6300
79 0 20 0 0 6400
80 0 21 0 0 6500
80 0 21 0 0 6600
81 0 22 0 0 6700
82 0 22 0 0 6800
85 0 23 0 0 6900
85 0 23 0 0 7000
85 0 23 0 0 7100
87 0 23 0 0 7200
89 0 23 0 0 7300
91 0 23 0 0 7400
92 0 23 0 0 7500
92 0 23 0 0 7600
92 0 23 0 0 7700
93 0 23 0 0 7800
95 0 23 0 0 7900
97 1 23 0 0 8000
98 1 23 0 0 8100
99 1 23 0 0 8200
103 1 23 0 0 8300
105 1 23 0 0 8400
108 1 23 0 0 8500
111 1 23 0 0 8600
112 1 23 0 0 8700
113 1 23 0 0 8800
114 1 23 0 0 8900
117 1 23 0 0 9000
119 1 23 0 0 9100
120 1 23 0 0 9200
120 1 23 0 0 9300
120 1 23 0 0 9400
120 1 23 0 0 9500
120 1 23 0 0 9600
122 2 23 0 0 9700
124 2 23 0 0 9800
125 2 23 0 0 9900
125 2 23 0 0 10000
127 2 23 0 0 10100
130 2 24 0 0 10200
132 2 24 0 0 10300
135 2 24 0 0 10400
135 2 24 0 0 10500
135 2 24 0 0 10600
135 2 24 0 0 10700
136 2 24 0 0 10800
136 2 24 0 0 10900
136 2 24 0 0 11000
136 2 24 0 0 11100
136 2 24 0 0 11200
137 2 24 0 0 11300
137 2 24 0 0 11400
137 2 24 0 0 11500
137 2 24 0 0 11600
138 2 24 0 0 11700
139 2 24 0 0 11800
139 2 24 0 0 11900
139 2 24 0 0 12000
139 2 24 0 0 12100
140 2 24 0 0 12200
142 2 24 0 0 12300
142 2 24 0 0 12400
145 2 24 0 0 12500
147 2 24 0 0 12600
149 2 24 0 0 12700
153 2 24 0 0 12800
157 2 24 0 0 12900
159 2 24 0 0 13000
161 2 24 0 0 13100
163 2 24 0 0 13200
163 2 24 0 0 13300
163 2 24 0 0 13400
164 2 24 0 0 13500
167 2 24 0 0 13600
167 3 24 0 0 13700
167 3 24 0 0 13800
168 3 24 0 0 13900
169 3 24 0 0 14000
170 3 24 0 0 14100
170 3 24 0 0 14200
171 3 24 0 0 14300
171 5 24 0 0 14400
171 5 24 0 0 14500
171 5 24 0 0 14600
171 6 24 0 0 14700
172 6 24 0 0 14800
172 6 24 0 0 14900
172 6 24 0 0 15000
173 6 24 0 0 15100
175 6 24 0 0 15200
175 6 24 0 0 15300
175 6 24 0 0 15400
176 6 24 0 0 15500
178 6 24 0 0 15600
179 6 24 0 0 15700
180 6 24 0 0 15800
182 6 24 0 0 15900
184 6 24 0 0 16000
187 6 24 0 0 16100
190 6 24 0 0 16200
192 6 24 0 0 16300
194 6 24 0 0 16400
195 6 24 0 0 16500
196 6 24 0 0 16600
199 6 24 0 0 16700
201 6 24 0 0 16800
202 6 25 0 0 16900
205 6 25 0 0 17000
207 6 25 0 0 17100
208 7 25 0 0 17200
210 7 25 0 0 17300
210 7 25 0 0 17400
210 7 25 0 0 17500
211 7 25 0 0 17600
212 7 25 0 0 17700
214 8 26 0 0 17800
216 8 26 0 0 17900
217 8 26 0 0 18000
217 8 26 0 0 18100
217 8 26 0 0 18200
217 8 26 0 0 18300
219 8 26 0 0 18400
220 8 26 0 0 18500
221 8 26 0 0 18600
222 8 27 0 0 18700
224 8 28 0 0 18800
225 8 28 0 0 18900
226 8 28 0 0 19000
226 8 28 0 0 19100
227 8 28 0 0 19200
228 8 28 0 0 19300
229 8 29 0 0 19400
231 8 29 0 0 19500
232 8 29 0 0 19600
233 8 29 0 0 19700
233 8 29 0 0 19800
234 8 29 0 0 19900
235 8 29 0 0 20000
235 8 29 0 0 20100
237 8 29 0 0 20200
238 8 29 0 0 20300
240 9 29 0 0 20400
242 9 29 0 0 20500
243 9 29 0 0 20600
244 9 29 0 0 20700
248 9 29 0 0 20800
250 9 29 0 0 20900
253 9 29 0 0 21000
254 9 29 0 0 21100
256 9 29 0 0 21200
256 9 29 0 0 21300
257 9 29 0 0 21400
259 9 29 0 0 21500
259 9 29 0 0 21600
260 9 30 0 0 21700
261 9 31 0 0 21800
261 9 31 0 0 21900
261 9 32 0 0 22000
261 9 32 0 0 22100
261 9 32 0 0 22200
261 9 32 0 0 22300
261 9 32 0 0 22400
263 9 32 0 0 22500
265 9 32 0 0 22600
266 9 32 0 0 22700
267 9 33 0 0 22800
268 9 33 0 0 22900
270 9 33 0 0 23000
273 9 33 0 0 23100
275 9 33 0 0 23200
277 9 33 0 0 23300
277 9 33 0 0 23400
278 9 33 0 0 23500
280 9 33 0 0 23600
281 9 33 0 0 23700
282 9 33 0 0 23800
283 9 33 0 0 23900
283 9 33 0 0 24000
283 9 33 0 0 24100
285 10 33 0 0 24200
288 10 33 0 0 24300
291 11 33 0 0 24400
293 11 33 0 0 24500
296 11 33 0 0 24600
301 11 33 0 0 24700
304 11 33 0 0 24800
306 13 33 0 0 24900
306 13 34 0 0 25000
308 13 34 0 0 25100
308 13 34 0 0 25200
309 13 35 0 0 25300
309 13 36 0 0 25400
309 13 36 0 0 25500
310 13 36 0 0 25600
310 13 36 0 0 25700
311 13 36 0 0 25800
311 13 36 0 0 25900
315 13 36 0 0 26000
315 13 36 0 0 26100
315 13 36 0 0 26200
315 13 36 0 0 26300
316 13 36 0 0 26400
316 13 36 0 0 26500
316 13 36 0 0 26600
316 13 36 0 0 26700
317 13 36 0 0 26800
318 13 36 0 0 26900
321 13 36 0 0 27000
322 13 36 0 0 27100
324 13 36 0 0 27200
327 13 37 0 0 27300
328 13 37 0 0 27400
330 13 37 0 0 27500
331 13 37 0 0 27600
332 13 37 0 0 27700
332 13 37 0 0 27800
333 13 37 0 0 27900
335 13 37 0 0 28000
336 13 38 0 0 28100
339 13 38 0 0 28200
342 13 38 0 0 28300
346 13 38 0 0 28400
347 13 39 0 0 28500
349 13 39 0 0 28600
353 13 39 0 0 28700
356 13 39 0 0 28800
358 13 40 0 0 28900
361 13 40 0 0 29000
365 13 40 0 0 29100
368 13 41 0 0 29200
369 13 42 0 0 29300
371 13 42 0 0 29400
372 13 42 0 0 29500
374 13 42 0 0 29600
374 13 42 0 0 29700
374 14 42 0 0 29800
374 14 43 0 0 29900
374 14 43 0 0 30000
375 14 43 0 0 30100
376 14 44 0 0 30200
378 14 44 0 0 30300
378 14 44 0 0 30400
378 14 44 0 0 30500
379 14 44 0 0 30600
380 14 44 0 0 30700
380 14 44 0 0 30800
382 14 45 0 0 30900
383 14 45 0 0 31000
383 14 46 0 0 31100
383 14 46 0 0 31200
385 14 46 0 0 31300
386 14 47 0 0 31400
386 14 47 0 0 31500
386 14 48 0 0 31600
386 14 48 0 0 31700
386 14 49 0 0 31800
386 15 49 0 0 31900
387 15 50 0 0 32000
388 15 50 0 0 32100
389 15 50 0 0 32200
390 15 50 0 0 32300
392 15 50 0 0 32400
394 15 50 0 0 32500
396 15 50 0 0 32600
397 15 50 0 0 32700
399 15 50 0 0 32800
400 16 50 0 0 32900
401 16 50 0 0 33000
402 16 50 0 0 33100
403 16 50 0 0 33200
404 16 50 0 0 33300
406 16 50 0 0 33400
406 16 50 0 0 33500
406 16 50 0 0 33600
406 16 50 0 0 33700
407 16 50 0 0 33800
407 16 50 0 0 33900
407 16 50 0 0 34000
408 16 50 0 0 34100
410 16 50 0 0 34200
410 16 50 0 0 34300
410 16 50 0 0 34400
410 16 50 0 0 34500
411 16 50 0 0 34600
412 16 50 0 0 34700
413 16 50 0 0 34800
415 16 50 0 0 34900
416 16 50 0 0 35000
417 16 50 0 0 35100
418 16 50 0 0 35200
418 16 50 0 0 35300
419 16 50 0 0 35400
420 16 50 0 0 35500
420 16 50 0 0 35600
421 16 50 0 0 35700
421 16 50 0 0 35800
422 16 50 0 0 35900
424 16 50 0 0 36000
424 16 50 0 0 36100
425 17 50 0 0 36200
425 18 50 0 0 36300
426 18 50 0 0 36400
427 18 50 0 0 36500
428 18 50 0 0 36600
429 18 50 0 0 36700
430 18 50 0 0 36800
431 18 50 0 0 36900
431 18 50 0 0 37000
432 18 50 0 0 37100
433 19 50 0 0 37200
434 19 50 0 0 37300
435 19 50 0 0 37400
436 19 50 0 0 37500
439 19 50 0 0 37600
440 19 50 0 0 37700
441 19 50 0 0 37800
441 19 51 0 0 37900
442 20 52 0 0 38000
443 20 52 0 0 38100
444 20 52 0 0 38200
445 20 52 0 0 38300
445 20 52 0 0 38400
445 20 52 0 0 38500
445 20 52 0 0 38600
445 20 53 0 0 38700
445 20 53 0 0 38800
446 20 53 0 0 38900
446 20 54 0 0 39000
446 20 54 0 0 39100
446 20 54 0 0 39200
446 20 55 0 0 39300
447 20 55 0 0 39400
447 20 55 0 0 39500
449 20 55 0 0 39600
450 20 56 0 0 39700
452 20 56 0 0 39800
453 20 56 0 0 39900
455 20 56 0 0 40000
455 20 56 0 0 40100
455 20 56 0 0 40200
455 20 56 0 0 40300
455 20 56 0 0 40400
456 20 56 0 0 40500
457 20 56 0 0 40600
458 20 56 0 0 40700
459 20 56 0 0 40800
459 20 56 0 0 40900
460 20 56 0 0 41000
464 20 56 0 0 41100
466 20 56 0 0 41200
467 20 56 0 0 41300
468 20 56 0 0 41400
469 20 56 0 0 41500
470 20 56 0 0 41600
471 20 56 0 0 41700
473 20 56 0 0 41800
475 20 56 0 0 41900
477 20 56 0 0 42000
478 20 56 0 0 42100
478 20 56 0 0 42200
479 20 56 0 0 42300
479 20 57 0 0 42400
479 20 57 0 0 42500
480 20 57 0 0 42600
481 20 57 0 0 42700
482 20 57 0 0 42800
482 20 57 0 0 42900
483 20 57 0 0 43000
484 20 57 0 0 43100
486 20 57 0 0 43200
487 20 57 0 0 43300
488 20 57 0 0 43400
489 20 57 0 0 43500
490 20 57 0 0 43600
491 20 57 0 0 43700
491 20 57 0 0 43800
492 20 57 0 0 43900
493 20 57 0 0 44000
493 20 57 0 0 44100
494 20 57 0 0 44200
496 20 57 0 0 44300
499 20 57 0 0 44400
500 20 57 0 0 44500
500 20 57 0 0 44600
502 20 57 0 0 44700
503 20 57 0 0 44800
505 20 57 0 0 44900
507 20 57 0 0 45000
507 20 57 0 0 45100
508 20 57 0 0 45200
510 20 57 0 0 45300
511 20 57 0 0 45400
513 20 57 0 0 45500
516 20 58 0 0 45600
518 20 59 0 0 45700
518 20 59 0 0 45800
518 20 59 0 0 45900
518 20 59 0 0 46000
518 20 59 0 0 46100
518 20 59 0 0 46200
519 20 59 0 0 46300
519 20 59 0 0 46400
519 20 59 0 0 46500
519 20 59 0 0 46600
520 20 59 0 0 46700
520 20 59 0 0 46800
521 20 59 0 0 46900
521 20 59 0 0 47000
522 20 59 0 0 47100
522 20 59 0 0 47200
524 20 59 0 0 47300
524 20 59 0 0 47400
524 20 59 0 0 47500
524 20 59 0 0 47600
524 20 59 0 0 47700
524 20 59 0 0 47800
524 20 59 0 0 47900
524 20 59 0 0 48000
525 20 59 0 0 48100
527 20 59 0 0 48200
529 20 59 0 0 48300
531 20 59 0 0 48400
533 20 59 0 0 48500
533 21 59 0 0 48600
533 21 59 0 0 48700
534 21 59 0 0 48800
536 21 59 0 0 48900
538 21 59 0 0 49000
539 21 59 0 0 49100
539 21 59 0 0 49200
539 21 59 0 0 49300
540 21 59 0 0 49400
540 21 59 0 0 49500
540 21 59 0 0 49600
541 21 59 0 0 49700
541 21 59 0 0 49800
541 21 59 0 0 49900
542 21 59 0 0 50000
542 21 59 0 0 50100
543 21 59 0 0 50200
543 21 59 0 0 50300
543 21 59 0 0 50400
544 21 59 0 0 50500
544 21 59 0 0 50600
544 21 59 0 0 50700
544 21 59 0 0 50800
544 21 59 0 0 50900
545 21 59 0 0 51000
545 21 59 0 0 51100
546 21 59 0 0 51200
547 21 59 0 0 51300
549 21 59 0 0 51400
551 21 59 0 0 51500
551 21 59 0 0 51600
552 21 59 0 0 51700
554 21 59 0 0 51800
557 21 59 0 0 51900
558 21 60 0 0 52000
558 21 60 0 0 52100
559 21 60 0 0 52200
560 21 60 0 0 52300
562 21 60 0 0 52400
563 21 60 0 0 52500
564 21 60 0 0 52600
564 21 60 0 0 52700
564 21 60 0 0 52800
566 21 60 0 0 52900
567 21 60 0 0 53000
568 21 60 0 0 53100
568 21 60 0 0 53200
568 21 60 0 0 53300
568 21 60 0 0 53400
569 21 60 0 0 53500
569 21 60 0 0 53600
569 21 60 0 0 53700
569 21 60 0 0 53800
569 21 60 0 0 53900
570 21 60 0 0 54000
570 21 60 0 0 54100
570 21 60 0 0 54200
571 21 60 0 0 54300
571 21 61 0 0 54400
572 21 61 0 0 54500
574 21 61 0 0 54600
576 21 61 0 0 54700
579 21 61 0 0 54800
580 21 61 0 0 54900
582 21 61 0 0 55000
582 21 62 0 0 55100
582 21 62 0 0 55200
582 21 62 0 0 55300
582 21 63 0 0 55400
584 21 63 0 0 55500
586 21 64 0 0 55600
587 21 64 0 0 55700
588 21 64 0 0 55800
588 21 65 0 0 55900
588 21 65 0 0 56000
588 21 66 0 0 56100
588 21 66 0 0 56200
588 21 67 0 0 56300
588 21 67 0 0 56400
588 21 68 0 0 56500
588 21 68 0 0 56600
588 21 68 0 0 56700
588 21 68 0 0 56800
588 21 68 0 0 56900
588 21 68 0 0 57000
588 21 68 0 0 57100
590 21 68 0 0 57200
590 21 68 0 0 57300
591 21 68 0 0 57400
592 21 68 0 0 57500
592 21 68 0 0 57600
592 21 68 0 0 57700
592 21 68 0 0 57800
592 21 68 0 0 57900
592 21 68 0 0 58000
593 21 68 0 0 58100
593 21 68 0 0 58200
594 21 68 0 0 58300
594 21 68 0 0 58400
595 21 68 0 0 58500
596 21 68 0 0 58600
596 21 68 0 0 58700
596 21 68 0 0 58800
597 21 68 0 0 58900
599 21 68 0 0 59000
599 21 68 0 0 59100
600 21 68 0 0 59200
601 21 68 0 0 59300
601 21 68 0 0 59400
602 21 68 0 0 59500
602 21 68 0 0 59600
603 21 68 0 0 59700
604 21 68 0 0 59800
605 21 68 0 0 59900
