0 0 1 0 0 0
0 0 1 0 0 100
0 0 2 0 1 200
0 0 3 1 1 300
0 0 3 1 1 400
0 0 4 2 1 500
0 0 9 3 2 600
0 0 10 3 6 700
0 0 13 3 8 800
0 0 14 4 8 900
0 0 14 4 11 1000
0 0 17 4 11 1100
0 0 17 4 14 1200
0 0 20 4 15 1300
0 0 20 4 17 1400
0 0 23 4 18 1500
0 0 26 4 18 1600
0 0 27 4 20 1700
1 0 28 5 23 1800
1 0 30 5 24 1900
1 0 33 5 24 2000
1 0 37 5 29 2100
2 0 41 5 31 2200
2 0 46 5 37 2300
2 0 47 5 41 2400
2 0 48 5 46 2500
2 0 51 5 48 2600
3 0 56 5 50 2700
4 0 58 5 54 2800
5 0 58 5 59 2900
6 0 62 5 61 3000
6 0 63 5 63 3100
6 0 65 5 66 3200
6 0 69 5 68 3300
6 0 71 5 72 3400
6 0 73 5 75 3500
6 0 77 5 78 3600
7 0 80 5 79 3700
7 0 82 5 85 3800
7 0 84 5 86 3900
7 0 88 5 89 4000
7 0 90 5 93 4100
7 0 94 5 95 4200
7 0 98 5 96 4300
8 0 98 5 101 4400
9 0 100 5 106 4500
10 0 104 5 108 4600
10 0 105 5 109 4700
10 0 107 6 112 4800
11 0 108 7 115 4900
11 0 112 7 117 5000
12 0 113 7 121 5100
15 1 115 7 121 5200
15 1 117 7 124 5300
15 1 119 7 125 5400
15 1 121 7 125 5500
16 1 124 7 129 5600
16 1 126 7 133 5700
16 1 127 7 135 5800
17 1 130 8 137 5900
17 1 132 8 141 6000
17 1 135 8 144 6100
18 1 138 9 144 6200
18 1 140 9 147 6300
19 1 142 9 151 6400
20 1 149 9 152 6500
21 1 150 10 156 6600
21 1 155 10 159 6700
23 1 157 11 162 6800
25 1 158 11 166 6900
25 1 161 11 167 7000
25 1 162 12 170 7100
25 1 164 12 171 7200
25 1 166 12 171 7300
25 1 168 12 175 7400
25 1 174 12 177 7500
25 1 174 12 178 7600
25 1 175 12 179 7700
25 1 178 14 180 7800
25 1 179 14 181 7900
25 1 180 14 185 8000
26 1 181 14 186 8100
26 1 184 14 187 8200
26 1 184 14 189 8300
26 1 186 14 190 8400
26 1 189 14 191 8500
26 1 192 14 193 8600
26 1 193 14 196 8700
26 1 194 14 198 8800
26 1 196 14 198 8900
26 1 196 14 199 9000
27 1 197 14 200 9100
27 1 200 14 201 9200
27 2 201 14 201 9300
28 2 202 15 206 9400
29 2 206 15 208 9500
29 2 207 15 212 9600
30 2 209 15 213 9700
31 2 211 15 215 9800
31 2 212 15 217 9900
31 3 213 15 218 10000
33 3 216 15 220 10100
34 3 216 15 221 10200
34 3 218 15 221 10300
34 3 219 17 223 10400
34 3 220 17 223 10500
35 4 221 17 225 10600
36 4 223 17 227 10700
37 4 224 17 227 10800
37 5 227 17 228 10900
38 5 227 17 229 11000
39 5 227 17 232 11100
39 5 229 17 232 11200
39 5 230 17 232 11300
39 5 230 17 234 11400
39 5 233 17 234 11500
39 5 234 17 238 11600
39 5 235 17 239 11700
40 5 237 17 239 11800
41 5 239 17 241 11900
41 5 241 17 244 12000
41 5 243 17 247 12100
42 5 245 17 248 12200
42 5 247 17 249 12300
42 5 249 17 252 12400
42 5 251 17 252 12500
42 5 251 17 253 12600
42 5 251 17 253 12700
43 5 254 17 253 12800
44 5 254 17 254 12900
44 5 255 17 256 13000
44 5 257 17 256 13100
44 5 259 17 259 13200
44 5 260 17 263 13300
44 5 262 17 264 13400
44 5 263 17 266 13500
44 5 264 17 268 13600
44 5 264 17 268 13700
44 5 266 17 271 13800
44 5 267 17 272 13900
44 5 268 17 275 14000
46 5 268 17 277 14100
46 5 270 17 278 14200
47 5 270 17 278 14300
48 5 270 17 279 14400
48 5 275 17 279 14500
49 5 275 17 282 14600
49 5 278 17 284 14700
49 5 279 17 286 14800
49 5 283 17 288 14900
49 5 284 17 289 15000
49 5 285 17 291 15100
49 6 287 17 291 15200
49 6 289 18 294 15300
50 6 290 18 296 15400
51 6 291 18 296 15500
52 6 293 18 298 15600
53 6 294 18 300 15700
53 6 295 18 304 15800
55 6 295 18 304 15900
55 6 297 18 305 16000
55 6 298 18 306 16100
55 6 299 18 307 16200
55 6 299 18 308 16300
55 6 300 18 309 16400
55 6 300 18 310 16500
55 6 300 18 312 16600
55 6 303 18 312 16700
55 6 305 18 313 16800
55 6 306 18 315 16900
55 6 308 19 317 17000
55 6 309 19 319 17100
57 6 309 19 321 17200
57 6 309 19 324 17300
57 6 309 19 324 17400
57 6 310 19 324 17500
57 6 312 19 325 17600
57 6 312 19 325 17700
57 6 312 19 327 17800
57 6 312 19 327 17900
57 6 313 19 327 18000
57 7 314 19 329 18100
57 7 314 19 330 18200
57 7 314 19 330 18300
57 7 314 19 330 18400
58 7 314 19 330 18500
58 7 315 20 330 18600
58 7 317 20 330 18700
59 7 319 20 332 18800
60 7 319 20 333 18900
61 7 321 20 337 19000
61 7 321 20 337 19100
61 7 321 20 337 19200
61 7 324 20 337 19300
61 7 325 20 339 19400
61 7 325 20 341 19500
61 7 326 20 341 19600
62 7 327 21 341 19700
62 7 327 21 343 19800
62 7 327 21 343 19900
63 7 327 21 343 20000
63 7 327 21 343 20100
64 7 327 21 343 20200
64 7 327 21 343 20300
64 7 328 21 343 20400
64 7 328 21 343 20500
64 7 328 21 344 20600
64 7 329 21 344 20700
64 7 329 21 344 20800
64 7 331 21 344 20900
64 7 331 21 344 21000
64 7 331 21 347 21100
64 7 332 21 347 21200
64 7 332 21 348 21300
64 7 332 21 349 21400
64 7 332 22 350 21500
64 7 332 22 350 21600
64 7 332 22 350 21700
64 7 332 22 350 21800
64 7 332 22 350 21900
64 7 332 22 350 22000
64 7 332 22 350 22100
64 7 332 22 351 22200
64 7 333 22 351 22300
65 7 334 22 351 22400
65 7 334 22 352 22500
65 7 334 22 352 22600
65 7 334 22 352 22700
65 7 336 22 352 22800
65 7 339 22 353 22900
65 7 340 22 354 23000
65 7 340 22 356 23100
65 7 341 22 356 23200
65 7 341 22 356 23300
65 7 341 22 357 23400
65 7 342 23 357 23500
66 7 343 23 358 23600
67 7 343 23 359 23700
67 7 344 23 359 23800
67 7 344 23 359 23900
67 7 345 23 359 24000
67 7 346 23 359 24100
67 7 347 23 361 24200
67 7 350 23 362 24300
68 7 351 23 363 24400
69 7 352 23 365 24500
70 7 353 23 366 24600
70 7 354 23 367 24700
71 7 355 23 368 24800
71 7 358 23 370 24900
73 7 359 23 373 25000
73 7 361 23 375 25100
74 7 363 23 375 25200
74 7 364 23 377 25300
75 7 366 23 378 25400
76 7 366 23 380 25500
76 7 368 23 382 25600
76 7 369 23 384 25700
78 7 369 23 385 25800
79 7 370 23 385 25900
80 7 371 23 385 26000
81 7 371 23 386 26100
81 7 372 23 387 26200
83 7 372 23 389 26300
84 7 372 23 389 26400
84 7 372 23 389 26500
84 7 373 23 389 26600
84 7 374 23 389 26700
84 7 375 23 390 26800
84 7 376 23 391 26900
84 7 377 23 391 27000
84 7 380 23 392 27100
84 7 380 23 396 27200
84 7 380 23 396 27300
84 7 382 23 397 27400
84 7 383 23 400 27500
85 7 387 23 401 27600
86 7 389 23 404 27700
87 7 390 23 406 27800
87 7 391 23 408 27900
87 7 392 23 409 28000
87 7 393 23 410 28100
87 7 393 23 411 28200
88 7 393 23 411 28300
88 7 395 23 411 28400
88 7 396 23 412 28500
89 7 396 23 413 28600
91 7 396 23 414 28700
91 7 398 23 414 28800
91 7 398 23 415 28900
92 7 399 23 418 29000
93 7 400 23 419 29100
93 7 401 23 419 29200
93 7 401 23 421 29300
93 7 401 23 421 29400
93 7 402 23 422 29500
93 7 402 23 422 29600
93 7 402 23 424 29700
94 7 404 23 424 29800
95 7 406 23 424 29900
96 7 407 23 426 30000
96 7 407 23 428 30100
96 7 410 23 428 30200
96 7 411 23 430 30300
96 7 412 23 431 30400
96 7 414 23 432 30500
96 7 415 23 435 30600
96 7 418 23 437 30700
97 7 419 23 439 30800
97 7 419 23 440 30900
99 7 420 23 441 31000
99 7 421 23 441 31100
99 7 423 23 442 31200
99 7 424 24 443 31300
99 7 424 24 444 31400
99 7 425 24 445 31500
99 7 426 24 446 31600
100 7 427 24 446 31700
102 7 429 24 446 31800
104 7 429 24 448 31900
104 7 431 24 449 32000
104 7 433 24 451 32100
104 7 433 25 452 32200
104 7 434 25 453 32300
104 7 434 25 454 32400
104 8 434 25 454 32500
104 8 436 25 455 32600
104 9 436 26 457 32700
105 9 438 26 458 32800
105 9 439 26 459 32900
105 9 439 26 462 33000
105 9 439 26 463 33100
105 9 439 26 463 33200
105 9 439 26 464 33300
106 9 440 26 464 33400
108 9 441 26 464 33500
108 9 441 26 466 33600
109 9 442 26 468 33700
110 9 444 26 469 33800
112 9 447 26 472 33900
112 9 447 26 474 34000
113 9 448 26 475 34100
113 9 451 26 477 34200
113 9 451 26 478 34300
113 9 452 26 479 34400
113 9 452 26 480 34500
113 9 455 26 481 34600
114 10 455 26 482 34700
114 10 456 26 484 34800
115 10 456 26 486 34900
115 10 457 26 487 35000
115 10 458 26 488 35100
115 10 458 26 489 35200
115 10 458 26 490 35300
115 10 458 27 492 35400
116 10 458 27 492 35500
116 10 458 27 493 35600
116 10 458 27 495 35700
117 11 459 27 495 35800
118 11 460 27 497 35900
118 11 460 28 498 36000
118 11 461 28 499 36100
118 11 463 28 499 36200
119 11 463 28 501 36300
119 11 463 28 502 36400
119 11 463 28 502 36500
119 11 463 28 503 36600
120 11 464 28 503 36700
120 11 466 28 505 36800
120 11 466 28 507 36900
120 11 468 28 507 37000
120 11 468 28 509 37100
120 11 468 28 510 37200
121 11 468 28 510 37300
122 11 469 28 510 37400
122 11 470 28 511 37500
122 11 471 28 512 37600
122 11 472 28 513 37700
122 11 472 28 513 37800
122 11 474 28 513 37900
123 11 475 28 514 38000
125 11 476 28 515 38100
126 11 477 29 517 0 0 0 0 0 0
0 0 0 0 1 100
0 0 1 0 2 200
0 0 1 0 2 300
0 0 2 0 4 400
0 0 2 0 4 500
0 0 2 0 5 600
0 0 3 0 5 700
0 0 3 0 6 800
0 0 4 0 7 900
0 0 5 0 7 1000
0 0 5 0 8 1100
0 0 6 1 8 1200
0 0 6 1 9 1300
0 0 7 1 9 1400
0 0 8 1 10 1500
1 0 9 1 10 1600
1 0 9 1 11 1700
2 0 9 1 11 1800
2 0 10 1 11 1900
3 0 10 1 11 2000
3 0 11 1 12 2100
3 0 14 1 12 2200
3 0 16 1 15 2300
3 0 20 1 16 2400
3 0 23 1 19 2500
3 0 27 1 24 2600
3 0 30 1 27 2700
3 0 32 1 32 2800
3 0 32 1 33 2900
3 0 34 1 35 3000
4 0 36 2 36 3100
5 0 37 2 39 3200
5 0 39 2 43 3300
5 0 40 2 45 3400
5 0 41 2 48 3500
5 0 43 2 50 3600
6 0 46 2 51 3700
6 0 48 2 52 3800
8 0 48 3 57 3900
9 0 49 3 59 4000
10 0 52 3 61 4100
13 0 54 3 64 4200
16 0 57 3 66 4300
16 0 60 4 69 4400
16 0 62 4 72 4500
17 0 63 4 76 4600
17 0 64 4 77 4700
18 0 66 4 79 4800
19 0 70 4 79 4900
19 0 73 5 83 5000
19 0 76 5 86 5100
19 0 77 5 87 5200
19 0 78 5 88 5300
19 0 78 5 88 5400
20 0 78 5 89 5500
20 0 80 5 90 5600
20 0 81 5 94 5700
21 0 82 5 95 5800
23 0 82 5 95 5900
24 0 83 5 96 6000
24 0 84 5 97 6100
24 0 87 5 97 6200
24 0 89 5 101 6300
25 0 92 6 102 6400
25 0 93 6 102 6500
27 0 97 6 104 6600
28 0 98 6 108 6700
28 0 100 6 108 6800
28 0 101 6 110 6900
28 0 101 7 111 7000
28 0 103 7 111 7100
28 0 104 7 111 7200
29 0 104 7 113 7300
31 0 107 8 115 7400
31 0 107 8 116 7500
32 0 108 8 118 7600
33 0 109 9 119 7700
33 0 111 9 119 7800
34 0 111 9 122 7900
34 0 111 9 122 8000
34 0 112 9 122 8100
34 0 114 9 122 8200
34 0 115 9 125 8300
34 0 116 9 126 8400
34 0 118 9 126 8500
34 0 121 9 128 8600
34 0 124 9 130 8700
37 0 124 9 132 8800
37 0 127 9 134 8900
38 0 127 9 134 9000
39 0 127 11 136 9100
39 0 127 11 136 9200
39 0 129 11 137 9300
40 0 131 11 137 9400
40 0 132 11 138 9500
41 0 134 12 141 9600
41 0 136 12 144 9700
41 0 137 12 146 9800
42 0 139 12 148 9900
42 0 141 12 149 10000
43 0 141 12 151 10100
43 0 143 12 154 10200
44 0 144 12 155 10300
44 0 144 12 156 10400
44 0 145 12 156 10500
44 0 146 13 157 10600
44 0 147 13 157 10700
44 0 149 13 158 10800
44 0 151 13 158 10900
45 0 151 13 160 11000
45 0 154 13 162 11100
45 0 155 13 163 11200
45 0 157 13 166 11300
45 0 160 13 170 11400
47 0 161 13 172 11500
47 0 162 13 174 11600
47 0 164 13 175 11700
47 0 167 13 178 11800
47 0 167 13 181 11900
48 0 169 13 182 12000
48 0 171 13 182 12100
48 0 172 13 185 12200
49 0 173 13 185 12300
49 0 174 13 186 12400
49 0 174 13 187 12500
50 0 175 15 187 12600
50 0 178 15 189 12700
51 0 181 15 191 12800
51 0 181 15 192 12900
51 0 182 15 194 13000
51 0 182 15 194 13100
51 0 183 15 196 13200
51 0 183 15 196 13300
51 0 185 15 198 13400
53 0 185 15 199 13500
53 0 186 15 200 13600
54 0 186 15 201 13700
54 0 189 15 201 13800
55 0 190 15 202 13900
56 0 191 15 205 14000
56 0 193 15 205 14100
56 0 193 15 208 14200
56 0 195 15 208 14300
57 1 195 15 209 14400
58 2 195 15 212 14500
59 2 197 15 213 14600
60 3 198 15 214 14700
60 3 198 15 217 14800
60 3 199 15 217 14900
62 3 200 15 217 15000
64 3 202 15 219 15100
65 3 203 15 219 15200
66 3 203 15 222 15300
66 3 205 15 222 15400
67 3 206 15 224 15500
67 3 207 15 225 15600
68 3 211 15 225 15700
68 3 213 15 230 15800
71 3 213 15 231 15900
72 3 216 15 231 16000
74 3 218 15 235 16100
74 3 220 15 238 16200
75 3 221 15 242 16300
76 3 224 15 244 16400
76 3 224 15 247 16500
77 3 225 15 248 16600
78 3 226 16 248 16700
79 3 227 16 249 16800
81 3 228 16 249 16900
83 3 231 16 251 17000
83 3 231 17 251 17100
84 3 231 17 253 17200
85 3 231 17 254 17300
85 3 232 17 254 17400
85 3 233 17 255 17500
85 3 235 17 256 17600
86 3 236 17 256 17700
86 3 236 17 258 17800
86 3 236 17 258 17900
86 4 238 17 258 18000
86 4 239 17 258 18100
86 4 239 17 259 18200
86 4 241 18 261 18300
88 4 241 18 263 18400
88 4 242 18 266 18500
88 4 242 18 267 18600
90 4 242 18 269 18700
91 4 242 18 270 18800
91 4 243 18 270 18900
91 4 246 18 271 19000
92 4 248 18 273 19100
92 4 249 18 275 19200
92 4 249 18 277 19300
92 4 250 18 278 19400
92 4 251 18 278 19500
92 4 251 18 279 19600
92 4 251 18 279 19700
92 4 252 18 279 19800
92 4 252 18 279 19900
92 4 253 18 280 20000
92 4 253 18 280 20100
92 4 255 18 281 20200
92 4 256 18 282 20300
92 4 257 18 284 20400
92 4 258 18 285 20500
92 4 260 18 285 20600
92 4 261 18 287 20700
94 4 262 18 288 20800
95 4 263 19 289 20900
95 4 264 19 291 21000
95 4 266 19 291 21100
96 4 268 20 295 21200
96 4 269 20 296 21300
96 4 269 20 297 21400
97 4 270 20 299 21500
97 4 271 20 299 21600
99 4 273 20 301 21700
99 4 274 20 302 21800
99 4 274 20 303 21900
101 4 275 20 303 22000
102 4 275 20 303 22100
104 4 276 20 303 22200
105 4 277 20 303 22300
106 4 279 20 304 22400
106 4 279 20 305 22500
106 4 281 20 307 22600
107 4 282 20 308 22700
107 4 283 20 308 22800
107 4 284 20 309 22900
109 4 287 20 311 23000
109 4 290 20 312 23100
109 4 290 21 314 23200
110 4 291 21 316 23300
110 4 293 21 316 23400
110 4 294 21 317 23500
112 4 294 22 319 23600
112 4 295 22 319 23700
114 4 296 22 320 23800
114 4 299 22 321 23900
114 4 299 22 321 24000
114 5 300 22 322 24100
114 5 300 24 324 24200
114 5 301 24 324 24300
114 5 302 24 324 24400
114 5 302 24 326 24500
114 5 304 24 326 24600
114 5 305 24 328 24700
114 5 306 24 329 24800
114 5 306 24 329 24900
114 5 306 25 329 25000
114 5 306 25 329 25100
116 5 309 26 330 25200
116 5 312 26 331 25300
117 5 314 26 334 25400
117 5 316 26 336 25500
117 5 317 26 337 25600
117 5 317 26 339 25700
117 5 319 26 339 25800
118 5 319 26 340 25900
118 5 322 26 340 26000
118 5 322 26 342 26100
118 5 323 26 343 26200
118 5 326 26 344 26300
118 5 327 26 345 26400
118 5 327 26 346 26500
118 6 329 26 348 26600
118 6 331 26 350 26700
118 6 331 26 353 26800
118 6 333 26 353 26900
118 6 333 26 354 27000
118 6 335 26 355 27100
118 6 335 26 355 27200
118 6 335 26 357 27300
118 6 335 26 358 27400
118 6 336 26 358 27500
118 6 336 26 359 27600
118 6 337 26 360 27700
119 6 337 26 362 27800
120 6 337 26 362 27900
120 6 338 26 363 28000
120 6 338 26 364 28100
121 6 338 26 364 28200
122 6 340 27 364 28300
123 6 343 27 364 28400
124 6 344 27 366 28500
124 6 345 27 369 28600
124 6 347 27 370 28700
124 6 351 27 372 28800
125 6 351 27 375 28900
125 6 352 28 377 29000
125 6 354 28 378 29100
126 6 355 28 379 29200
127 6 355 28 380 29300
128 6 355 28 380 29400
128 6 356 28 381 29500
128 6 358 28 383 29600
130 6 360 28 383 29700
131 6 361 28 384 29800
131 6 363 28 386 29900
131 6 363 28 387 30000
131 6 363 28 389 30100
131 6 364 28 389 30200
131 6 366 28 392 30300
131 6 368 28 393 30400
132 6 368 28 395 30500
132 6 369 28 395 30600
133 6 370 28 396 30700
133 6 373 28 396 30800
133 6 374 28 397 30900
133 6 376 29 399 31000
133 6 377 29 399 31100
133 6 378 29 401 31200
133 6 380 29 401 31300
133 6 380 29 402 31400
133 6 380 29 404 31500
134 6 381 30 404 31600
134 6 384 30 405 31700
134 6 385 30 405 31800
136 6 388 30 409 31900
138 6 389 30 410 32000
139 6 391 30 410 32100
139 6 391 31 410 32200
139 6 393 34 410 32300
139 6 394 34 411 32400
139 6 394 34 412 32500
139 6 395 34 412 32600
139 6 395 34 412 32700
139 6 397 34 413 32800
139 6 397 34 416 32900
140 6 400 34 417 33000
140 6 403 34 418 33100
140 6 403 34 420 33200
141 6 403 34 422 33300
141 6 404 34 422 33400
141 6 407 34 422 33500
142 6 408 34 425 33600
143 6 408 34 426 33700
143 6 409 34 428 33800
143 6 409 34 428 33900
144 6 409 34 428 34000
144 6 409 34 428 34100
145 6 410 34 428 34200
145 6 411 34 428 34300
145 6 411 34 429 34400
145 6 412 34 429 34500
145 6 413 34 429 34600
145 7 413 34 429 34700
145 7 414 34 431 34800
145 7 415 34 432 34900
146 7 415 34 434 35000
146 7 419 34 436 35100
146 7 419 34 437 35200
146 7 420 34 440 35300
146 7 423 34 440 35400
146 7 423 34 441 35500
146 7 424 34 443 35600
146 7 424 34 443 35700
146 7 424 34 444 35800
147 8 424 34 445 35900
147 8 426 34 445 36000
147 8 426 34 445 36100
147 8 426 34 447 36200
147 8 426 35 447 36300
147 8 427 35 447 36400
148 8 428 35 447 36500
148 8 428 35 449 36600
150 8 429 35 449 36700
150 8 429 35 450 36800
150 8 429 35 450 36900
150 8 431 36 450 37000
150 8 432 36 450 37100
150 8 434 36 450 37200
151 8 434 36 451 37300
153 8 434 36 451 37400
154 8 437 36 451 37500
154 8 438 36 453 37600
155 8 439 36 456 37700
155 8 439 36 456 37800
156 9 439 36 457 37900
157 9 440 36 458 38000
157 9 441 36 459 38100
157 10 441 36 461 38200
158 10 442 36 461 38300
158 10 443 36 463 38400
158 10 445 36 464 38500
159 10 445 36 465 38600
160 10 447 36 466 38700
160 10 449 36 467 38800
160 10 450 36 469 38900
161 10 450 36 470 39000
162 10 453 36 473 39100
162 10 455 36 473 39200
162 10 456 36 477 39300
162 10 458 36 477 39400
162 10 459 36 478 39500
163 10 459 36 480 39600
165 10 460 37 481 39700
165 10 464 37 481 39800
166 10 464 37 483 39900
166 10 464 37 484 40000
167 10 464 37 485 40100
167 10 464 37 486 40200
168 10 464 37 486 40300
168 10 464 37 486 40400
168 10 464 37 486 40500
168 10 464 37 487 40600
169 11 464 37 487 40700
169 11 464 38 487 40800
169 11 464 38 487 40900
169 11 466 38 487 41000
169 11 466 38 488 41100
169 11 467 38 489 41200
169 11 467 38 489 41300
169 11 468 38 489 41400
169 11 469 38 490 41500
169 11 470 38 490 41600
169 11 470 38 492 41700
169 11 472 38 492 41800
169 11 472 38 494 41900
169 11 474 38 496 42000
169 12 477 38 497 42100
170 12 477 38 500 42200
170 12 478 38 502 42300
170 12 479 38 503 42400
170 12 480 38 504 42500
170 12 480 38 505 42600
171 12 480 38 505 42700
172 12 480 38 505 42800
172 12 480 38 506 42900
172 12 482 38 507 43000
172 12 483 38 509 43100
173 12 483 38 509 43200
173 12 487 38 510 43300
173 12 488 38 512 43400
174 12 491 38 514 43500
175 12 493 38 516 43600
176 12 493 38 517 43700
177 12 493 38 517 43800
177 12 494 38 517 43900
177 12 494 38 517 44000
177 12 499 38 518 44100
177 12 500 38 519 44200
177 12 501 38 524 44300
177 12 504 38 524 44400
177 12 505 38 526 44500
177 12 507 38 529 44600
177 12 509 38 529 44700
177 12 510 38 531 44800
177 12 510 39 532 44900
177 12 511 39 532 45000
177 12 511 39 533 45100
178 12 512 40 533 45200
179 12 513 40 534 45300
179 12 514 40 534 45400
181 12 514 41 535 45500
182 12 516 41 536 45600
182 12 518 41 537 45700
182 12 518 41 537 45800
182 12 520 41 538 45900
182 13 521 41 541 46000
182 13 522 41 541 46100
182 13 522 41 543 46200
182 13 522 41 544 46300
183 13 523 41 544 46400
183 13 523 41 545 46500
183 13 523 41 545 46600
184 13 524 41 545 46700
184 13 524 41 545 46800
184 13 525 41 546 46900
184 13 526 41 546 47000
184 13 526 41 547 47100
186 13 528 41 548 47200
187 13 530 41 549 47300
188 13 531 41 551 47400
188 13 532 41 552 47500
188 13 532 41 553 47600
189 13 532 41 553 47700
189 13 533 41 553 47800
189 13 533 41 554 47900
190 13 533 41 555 48000
190 13 533 41 555 48100
190 13 533 41 555 48200
191 13 533 41 556 48300
191 13 534 41 557 48400
192 13 534 41 557 48500
192 13 534 41 557 48600
192 13 534 41 558 48700
194 13 534 41 558 48800
195 13 534 41 558 48900
195 13 536 41 559 49000
195 13 537 41 561 49100
195 13 539 41 562 49200
196 13 542 41 564 49300
196 13 542 42 566 49400
196 13 543 42 568 49500
196 13 544 42 570 49600
196 13 547 42 571 49700
196 13 548 42 571 49800
196 13 548 43 574 49900
196 13 549 43 574 50000
197 13 550 43 574 50100
197 13 552 43 576 50200
197 13 553 43 578 50300
199 13 554 43 581 50400
201 13 557 43 582 50500
202 13 557 43 585 50600
202 13 558 43 586 50700
202 13 558 43 586 50800
202 13 558 43 588 50900
203 13 559 43 588 51000
203 13 560 43 588 51100
203 13 560 43 590 51200
203 13 560 43 590 51300
203 13 560 44 591 51400
203 13 560 44 591 51500
204 13 561 44 591 51600
204 13 561 44 592 51700
204 13 562 44 592 51800
204 13 563 44 593 51900
204 14 563 44 595 52000
204 14 565 44 595 52100
204 14 565 44 595 52200
204 14 565 44 597 52300
204 14 565 44 597 52400
204 14 565 44 597 52500
204 14 565 44 597 52600
204 14 565 44 598 52700
204 14 565 44 598 52800
205 14 565 44 598 52900
205 14 566 44 598 53000
205 14 567 44 598 53100
205 14 569 44 599 53200
205 14 569 45 599 53300
205 14 569 45 602 53400
205 14 570 45 604 53500
206 14 570 45 605 53600
206 14 572 45 605 53700
206 14 573 45 606 53800
206 14 576 45 608 53900
206 14 577 45 610 54000
206 14 579 45 611 54100
206 14 580 45 614 54200
206 14 581 45 615 54300
207 14 581 45 617 54400
208 14 584 46 617 54500
208 14 584 46 617 54600
208 14 586 46 620 54700
208 14 589 46 622 54800
208 14 590 46 623 54900
208 14 590 46 626 55000
208 14 591 46 626 55100
208 14 592 46 626 55200
209 14 592 46 627 55300
211 14 592 46 627 55400
211 14 593 46 627 55500
211 14 594 46 627 55600
212 14 594 46 629 55700
214 14 595 47 629 55800
215 14 597 47 630 55900
215 14 597 47 630 56000
215 14 597 47 630 56100
216 14 597 47 631 56200
218 14 597 47 631 56300
218 14 599 47 631 56400
218 14 599 47 631 56500
218 14 600 47 632 56600
218 14 601 47 633 56700
218 14 602 47 633 56800
218 14 604 47 635 56900
218 15 605 47 638 57000
218 15 606 47 642 57100
218 15 606 47 643 57200
218 16 608 47 644 57300
218 16 610 48 645 57400
218 16 610 48 646 57500
219 16 610 49 649 57600
219 16 613 49 649 57700
219 16 614 49 649 57800
219 16 615 50 650 57900
219 16 616 52 650 58000
219 16 617 52 653 58100
219 16 619 52 653 58200
220 16 619 52 654 58300
220 16 619 52 655 58400
220 16 620 52 655 58500
220 16 620 52 655 58600
220 16 620 52 655 58700
221 16 620 52 655 58800
221 16 621 52 655 58900
221 16 621 52 656 59000
221 16 621 52 656 59100
221 16 622 52 656 59200
221 16 622 52 658 59300
221 16 624 52 658 59400
221 16 626 52 659 59500
221 16 626 52 662 59600
222 16 626 52 662 59700
222 16 627 52 664 59800
223 16 627 52 664 59900
224 16 627 53 665 60000
224 16 628 53 665 60100
225 16 629 53 665 60200
225 16 629 53 666 60300
227 16 629 53 667 60400
227 16 630 53 667 60500
227 16 631 53 668 60600
227 16 632 53 669 60700
227 16 632 53 670 60800
227 16 632 53 670 60900
227 16 632 53 671 61000
227 16 633 53 672 61100
227 16 633 53 672 61200
227 16 633 53 672 61300
227 16 633 53 672 61400
227 16 633 53 672 61500
227 16 633 53 672 61600
227 16 635 53 672 61700
227 16 635 53 674 61800
227 17 636 53 674 61900
227 17 637 53 676 62000
227 17 637 54 676 62100
227 17 637 54 676 62200
227 17 637 55 676 62300
227 17 637 55 676 62400
227 17 637 55 676 62500
227 17 637 55 676 62600
227 17 637 55 676 62700
227 17 637 55 676 62800
227 17 637 55 676 62900
227 17 638 55 676 63000
227 17 638 55 677 63100
227 17 638 55 677 63200
227 17 638 55 677 63300
227 17 639 55 677 63400
227 17 639 55 677 63500
227 17 640 56 678 63600
227 17 640 56 678 63700
227 18 640 56 678 63800
227 18 640 56 679 63900
227 18 641 57 679 64000
227 18 641 57 681 64100
228 18 641 57 681 64200
228 18 641 57 681 64300
228 18 642 57 681 64400
228 18 642 57 681 64500
228 18 644 57 682 64600
228 18 645 57 684 64700
228 18 646 57 685 64800
228 18 646 57 686 64900
229 18 646 57 687 65000
229 18 647 57 687 65100
229 18 647 57 687 65200
229 18 648 57 687 65300
229 18 649 57 688 65400
229 18 649 57 688 65500
229 18 651 57 689 65600
230 18 651 57 690 65700
230 18 651 57 690 65800
231 18 654 57 690 65900
231 18 654 57 693 66000
232 18 654 57 693 66100
234 18 655 57 693 66200
235 18 657 57 693 66300
235 18 657 57 694 66400
235 18 657 57 696 66500
235 18 659 57 696 66600
235 18 659 57 697 66700
236 18 660 57 698 66800
236 18 662 57 698 66900
236 18 663 57 698 67000
236 18 663 57 701 67100
236 18 663 57 702 67200
236 18 663 57 702 67300
236 18 664 57 702 67400
236 18 664 57 703 67500
236 18 665 57 703 67600
236 18 666 57 703 67700
236 18 667 57 704 67800
237 18 667 57 706 67900
237 18 667 57 706 68000
237 19 667 57 707 68100
237 19 667 57 707 68200
237 19 667 57 708 68300
238 19 668 57 708 68400
238 19 668 58 709 68500
238 19 669 58 710 68600
238 19 669 58 711 68700
238 19 669 58 713 68800
239 19 671 59 713 68900
239 19 671 59 714 69000
239 19 671 59 715 69100
239 19 672 59 715 69200
239 19 672 59 715 69300
241 19 672 60 717 69400
241 19 673 60 717 69500
241 19 674 60 717 69600
241 19 675 60 718 69700
241 19 676 60 719 69800
241 19 676 60 722 69900
242 19 676 60 723 70000
243 19 676 60 724 70100
243 19 677 60 724 70200
243 19 678 60 724 70300
243 19 680 60 726 70400
243 19 680 60 727 70500
243 19 680 60 728 70600
244 19 681 60 728 70700
244 19 682 60 729 70800
244 19 683 60 730 70900
244 19 683 60 732 71000
244 19 683 60 732 71100
244 19 684 60 732 71200
245 19 684 60 732 71300
245 19 685 60 733 71400
245 19 685 60 735 71500
246 19 685 60 735 71600
247 19 685 60 735 71700
247 19 685 60 735 71800
247 19 685 60 735 71900
247 19 685 60 735 72000
247 19 685 60 735 72100
247 19 687 60 735 72200
248 19 687 60 737 72300
248 19 689 60 737 72400
248 19 690 60 739 72500
248 19 690 60 739 72600
248 19 690 60 740 72700
248 19 690 60 740 72800
248 19 691 60 740 72900
248 19 692 60 741 73000
248 19 692 60 743 73100
250 19 692 60 743 73200
251 19 693 60 743 73300
251 19 694 60 743 73400
251 19 694 60 745 73500
252 19 695 60 746 73600
252 19 696 60 747 73700
253 19 696 61 748 73800
253 19 697 61 749 73900
253 19 697 61 749 74000
253 19 698 61 750 74100
253 19 700 61 750 74200
254 19 701 61 752 74300
254 19 701 61 752 74400
254 19 701 61 755 74500
255 20 701 61 755 74600
255 20 701 61 757 74700
256 20 702 61 757 74800
256 20 704 61 758 74900
256 20 704 61 759 75000
256 20 704 61 760 75100
256 20 704 61 760 75200
256 20 704 61 761 75300
257 20 704 61 761 75400
257 20 704 61 761 75500
258 20 704 61 761 75600
259 20 706 61 761 75700
259 20 706 61 763 75800
259 20 706 61 764 75900
259 20 707 61 765 76000
259 20 707 61 766 76100
259 20 708 61 766 76200
260 20 708 61 767 76300
260 20 710 61 767 76400
260 20 711 61 767 76500
261 20 711 61 770 76600
262 20 711 61 770 76700
262 20 712 61 770 76800
263 20 714 61 771 76900
263 20 714 61 774 77000
263 20 714 61 775 77100
263 20 714 61 776 77200
263 20 714 61 777 77300
264 20 715 61 778 77400
264 20 716 61 781 77500
265 20 717 61 782 77600
266 20 718 61 783 77700
268 20 719 61 784 77800
270 20 719 62 785 77900
270 20 721 62 786 78000
270 20 721 62 787 78100
271 20 721 62 789 78200
271 20 721 62 789 78300
272 20 723 62 790 78400
272 20 724 63 792 78500
272 20 725 63 792 78600
273 20 726 64 793 78700
273 20 728 64 794 78800
274 20 728 64 796 78900
274 20 731 64 796 79000
274 20 731 64 798 79100
274 20 731 64 799 79200
275 20 732 64 799 79300
275 20 733 64 799 79400
275 20 733 64 800 79500
275 20 734 64 801 79600
275 20 735 64 801 79700
275 20 737 65 802 79800
275 20 737 65 802 79900
275 20 739 65 803 80000
275 20 739 65 804 80100
275 20 739 66 804 80200
276 20 740 66 804 80300
276 20 741 66 804 80400
277 20 742 66 806 80500
277 21 743 66 807 80600
277 21 743 66 808 80700
277 21 745 67 809 80800
277 21 746 67 812 80900
278 21 746 67 812 81000
278 21 746 68 812 81100
278 21 746 68 812 81200
278 21 746 68 812 81300
278 21 746 68 812 81400
278 21 747 68 812 81500
278 21 748 68 814 81600
279 21 748 68 814 81700
279 21 748 68 814 81800
280 21 748 69 814 81900
280 21 750 69 814 82000
280 21 750 69 815 82100
280 21 750 69 816 82200
281 21 750 69 817 82300
281 21 750 69 817 82400
282 21 751 69 818 82500
283 21 752 69 818 82600
283 21 752 69 819 82700
283 21 752 69 821 82800
283 21 752 69 822 82900
284 21 752 69 822 83000
284 21 752 69 822 83100
285 21 752 69 822 83200
285 21 753 69 822 83300
285 21 753 69 822 83400
285 21 755 69 822 83500
286 21 755 69 824 83600
287 21 756 69 825 83700
288 21 757 69 827 83800
288 21 758 69 827 83900
288 21 760 69 828 84000
288 21 761 69 829 84100
288 21 761 70 830 84200
288 21 761 70 831 84300
288 21 761 70 831 84400
288 21 761 70 831 84500
289 21 762 70 831 84600
290 21 763 70 831 84700
290 21 764 70 831 84800
290 21 764 70 832 84900
290 21 765 70 832 85000
290 21 767 70 833 85100
290 21 768 70 833 85200
290 21 768 70 834 85300
290 21 769 70 836 85400
291 21 770 71 837 85500
291 21 770 71 838 85600
291 21 772 71 838 85700
292 21 772 71 838 85800
292 21 772 71 840 85900
293 21 773 71 840 86000
293 21 774 71 840 86100
293 21 775 71 840 86200
293 21 775 71 841 86300
293 21 776 72 841 86400
293 21 777 72 841 86500
293 21 777 72 842 86600
293 21 778 72 843 86700
293 21 778 72 844 86800
293 21 779 72 844 86900
293 21 779 72 846 87000
295 21 781 72 846 87100
295 21 781 72 847 87200
295 21 783 72 848 87300
295 21 784 72 850 87400
297 21 785 72 850 87500
297 21 785 72 851 87600
298 21 785 73 852 87700
298 21 786 73 852 87800
298 21 786 73 853 87900
298 21 787 73 854 88000
299 21 787 73 854 88100
299 21 790 73 854 88200
299 21 790 73 855 88300
299 21 790 73 856 88400
299 21 792 73 856 88500
300 21 792 73 858 88600
300 21 793 73 858 88700
300 21 793 73 860 88800
300 21 794 73 860 88900
300 21 795 73 861 89000
300 21 795 73 862 89100
301 21 795 73 862 89200
301 21 795 73 863 89300
301 21 795 73 863 89400
301 21 796 73 863 89500
301 21 797 73 863 89600
301 21 799 74 865 89700
301 21 799 74 866 89800
301 21 802 74 867 89900
301 21 803 74 868 90000
302 22 803 74 872 90100
302 22 804 74 872 90200
302 22 804 74 873 90300
302 22 804 74 874 90400
302 22 804 74 874 90500
302 22 804 74 875 90600
302 22 804 74 875 90700
302 22 804 74 875 90800
302 22 805 74 875 90900
302 22 806 74 875 91000
302 22 806 74 877 91100
302 22 807 74 877 91200
302 23 807 74 879 91300
302 23 807 74 879 91400
302 23 807 74 880 91500
302 23 807 74 880 91600
302 23 807 74 880 91700
302 23 808 74 880 91800
303 23 808 74 880 91900
303 23 810 74 881 92000
303 23 812 74 882 92100
303 23 812 74 883 92200
304 23 813 74 883 92300
304 23 814 74 884 92400
304 23 814 74 885 92500
304 23 814 74 885 92600
304 23 815 74 885 92700
304 23 815 74 885 92800
304 23 815 74 887 92900
304 23 816 75 888 93000
304 23 817 75 889 93100
305 23 817 76 889 93200
306 23 817 76 890 93300
307 23 817 76 892 93400
307 23 818 76 892 93500
308 23 820 76 893 93600
308 23 820 76 894 93700
308 23 821 76 897 93800
309 23 821 76 899 93900
311 23 822 76 899 94000
313 23 823 76 901 94100
315 23 823 76 902 94200
316 23 824 76 902 94300
317 23 825 76 903 94400
317 23 827 76 903 94500
317 23 827 76 906 94600
317 23 827 76 907 94700
318 23 827 76 908 94800
318 23 827 76 908 94900
318 23 828 76 908 95000
318 23 829 77 908 95100
318 23 829 77 910 95200
319 23 829 77 912 95300
320 23 829 77 912 95400
320 23 830 77 912 95500
320 23 830 77 913 95600
320 23 831 77 913 95700
320 23 831 77 913 95800
320 23 831 77 914 95900
321 23 831 77 914 96000
321 23 833 77 914 96100
321 23 834 77 914 96200
321 23 834 77 917 96300
322 23 834 77 918 96400
322 23 834 77 919 96500
322 23 834 77 920 96600
323 23 836 77 920 96700
323 23 837 77 921 96800
323 23 838 77 921 96900
323 23 839 77 921 97000
324 23 839 77 921 97100
324 23 839 77 922 97200
324 23 839 77 923 97300
325 23 839 77 923 97400
326 24 840 77 923 97500
327 24 841 77 924 97600
328 24 842 77 924 97700
328 24 843 77 925 97800
328 24 844 77 926 97900
330 24 844 77 927 98000
330 24 847 78 927 98100
330 24 848 78 929 98200
330 24 851 79 929 98300
330 24 852 79 931 98400
331 24 853 79 934 98500
331 24 855 79 934 98600
331 24 856 79 935 98700
332 24 858 79 936 98800
332 24 859 79 938 98900
333 24 859 79 939 99000
333 24 860 79 940 99100
333 24 860 79 940 99200
333 24 861 79 941 99300
333 24 861 79 941 99400
333 24 861 79 941 99500
333 24 862 80 941 99600
333 24 862 80 942 99700
333 24 863 80 942 99800
334 24 863 80 944 99900
335 24 863 80 944 100000
336 24 864 80 944 100100
336 24 865 80 945 100200
336 24 865 80 946 100300
336 24 866 80 947 100400
336 25 867 80 947 100500
336 25 867 80 947 100600
337 25 867 81 948 100700
337 25 867 81 948 100800
337 25 868 81 948 100900
338 25 869 81 948 101000
341 25 870 81 948 101100
343 25 872 82 949 101200
345 25 872 82 951 101300
347 25 872 82 952 101400
348 25 873 82 952 101500
349 25 874 82 953 101600
350 25 874 82 953 101700
350 25 875 82 954 101800
351 25 875 82 956 101900
351 25 876 82 956 102000
352 25 877 82 956 102100
352 25 879 82 957 102200
352 25 879 82 959 102300
352 25 880 82 960 102400
353 25 880 82 961 102500
353 25 880 82 963 102600
353 25 880 82 964 102700
353 25 881 82 964 102800
353 25 881 82 965 102900
355 25 881 82 966 103000
355 25 884 82 966 103100
355 25 884 82 969 103200
356 25 884 82 970 103300
356 25 884 82 970 103400
356 25 884 82 970 103500
356 25 885 82 970 103600
356 25 885 82 970 103700
356 25 885 82 970 103800
356 25 885 82 970 103900
356 25 885 82 971 104000
358 25 885 82 971 104100
358 25 885 82 971 104200
358 25 885 82 971 104300
358 25 885 82 971 104400
358 25 886 82 971 104500
358 25 886 82 972 104600
359 25 886 82 972 104700
361 25 886 82 972 104800
361 25 888 82 972 104900
361 25 890 82 972 105000
361 25 890 82 975 105100
362 25 890 82 975 105200
362 25 890 82 975 105300
362 25 890 82 975 105400
363 25 892 82 975 105500
363 25 892 82 976 105600
363 25 895 82 977 105700
363 25 895 82 977 105800
363 25 895 82 980 105900
363 25 897 82 980 106000
363 25 897 82 981 106100
363 25 898 82 981 106200
363 25 898 82 981 106300
363 25 898 82 982 106400
363 25 898 82 982 106500
363 25 898 82 982 106600
363 25 898 82 983 106700
364 25 898 82 983 106800
364 25 898 82 983 106900
365 25 899 82 984 107000
365 25 899 82 985 107100
365 25 900 82 985 107200
365 25 900 82 985 107300
365 25 900 82 986 107400
366 25 900 82 987 107500
366 25 900 82 987 107600
367 25 900 82 987 107700
367 25 901 82 987 107800
367 25 902 82 989 107900
367 26 902 82 991 108000
367 26 902 82 991 108100
367 26 903 82 991 108200
368 26 903 82 991 108300
368 26 903 82 992 108400
368 26 903 82 993 108500
369 26 903 82 993 108600
369 26 903 82 993 108700
369 26 903 82 994 108800
370 26 904 82 994 108900
370 26 904 82 994 109000
370 26 905 82 995 109100
370 26 906 82 996 109200
371 26 907 82 996 109300
371 26 907 82 996 109400
371 26 909 83 996 109500
371 26 909 83 996 109600
371 26 910 83 997 109700
371 26 912 83 997 109800
371 26 913 83 998 109900
371 26 915 83 999 110000
371 26 916 83 1001 110100
372 26 916 83 1002 110200
372 26 917 84 1002 110300
372 26 918 84 1002 110400
372 26 919 84 1005 110500
373 26 919 84 1005 110600
373 26 921 84 1006 110700
373 26 922 84 1007 110800
374 26 922 84 1009 110900
376 26 924 84 1010 111000
376 26 926 84 1010 111100
376 26 926 84 1012 111200
376 26 927 84 1014 111300
377 27 927 84 1015 111400
377 27 928 84 1016 111500
377 27 928 84 1016 111600
377 27 929 84 1016 111700
377 27 929 85 1016 111800
377 27 930 85 1017 111900
379 27 931 85 1018 112000
379 27 933 85 1019 112100
380 27 933 85 1021 112200
380 27 935 85 1021 112300
381 27 935 85 1021 112400
381 27 936 85 1023 112500
381 27 937 85 1024 112600
381 27 938 85 1025 112700
381 27 939 85 1026 112800
382 27 939 86 1026 112900
382 27 940 86 1027 113000
382 27 941 86 1027 113100
382 27 942 86 1029 113200
382 27 943 86 1031 113300
382 27 943 86 1032 113400
382 27 944 86 1035 113500
384 27 944 86 1036 113600
384 27 946 86 1037 113700
384 27 948 86 1037 113800
384 27 949 87 1038 113900
384 27 949 88 1041 114000
384 27 950 88 1041 114100
384 27 950 88 1043 114200
385 27 951 88 1043 114300
385 27 951 88 1044 114400
385 27 951 88 1044 114500
386 27 951 88 1045 114600
386 27 952 89 1045 114700
386 27 954 89 1047 114800
388 27 954 89 1048 114900
390 27 954 89 1049 115000
390 27 954 90 1049 115100
390 27 954 90 1051 115200
391 27 954 90 1051 115300
391 27 954 90 1051 115400
391 27 954 90 1051 115500
392 27 954 90 1052 115600
393 27 954 90 1052 115700
394 27 955 90 1052 115800
394 27 955 90 1053 115900
394 27 955 90 1053 116000
394 27 955 90 1053 116100
395 27 955 90 1053 116200
395 27 957 90 1053 116300
395 27 957 90 1053 116400
395 28 958 90 1056 116500
395 28 959 90 1056 116600
396 28 959 90 1058 116700
397 28 960 91 1058 116800
398 28 960 91 1059 116900
399 29 960 91 1059 117000
399 29 960 91 1059 117100
399 29 960 91 1059 117200
399 30 960 92 1059 117300
399 30 960 92 1060 117400
399 30 960 92 1061 117500
400 30 961 92 1061 117600
400 30 961 92 1062 117700
401 30 962 92 1063 117800
401 30 964 92 1063 117900
401 30 964 92 1065 118000
402 30 964 92 1065 118100
403 30 966 92 1066 118200
403 30 966 92 1066 118300
404 30 966 93 1066 118400
404 30 967 93 1066 118500
406 30 967 93 1067 118600
406 30 969 93 1067 118700
406 30 969 93 1068 118800
408 30 971 93 1070 118900
410 30 971 93 1073 119000
410 30 974 93 1073 119100
410 30 974 94 1074 119200
410 30 975 94 1074 119300
410 30 977 94 1074 119400
410 30 978 94 1074 119500
410 30 978 95 1075 119600
410 30 980 96 1078 119700
413 30 980 96 1079 119800
413 30 981 96 1080 119900
