0 0 0 0 0 0 0 0
0 8 0 0 2601 0 2635 100
0 14 0 0 5847 5 5953 200
0 15 0 0 7228 11 7379 300
0 18 0 0 9017 11 9208 400
0 18 0 0 11249 14 11470 500
0 19 0 0 13942 14 14205 600
0 21 0 0 16897 16 17214 700
0 24 0 0 20069 17 20474 800
0 25 0 0 23572 19 24134 900
0 26 0 0 27162 21 27927 1000
0 27 0 0 31093 21 32039 1100
0 28 0 0 35103 22 36275 1200
0 29 0 0 39336 23 40815 1300
0 29 0 0 43683 25 45570 1400
0 31 0 0 48107 26 50508 1500
0 34 0 0 52706 28 55689 1600
0 36 0 0 57359 31 61002 1700
0 36 0 0 62235 32 66618 1800
0 38 0 0 67242 32 72380 1900
0 38 0 0 72316 34 78275 2000
0 40 0 0 77415 34 84239 2100
0 43 0 0 82622 36 90357 2200
0 47 0 0 87928 39 96605 2300
0 51 0 0 93302 42 102966 2400
0 57 0 0 98657 46 109460 2500
0 57 0 0 104019 51 115996 2600
0 58 0 0 109532 53 122750 2700
0 61 0 0 114925 54 129385 2800
0 64 0 0 120457 56 136239 2900
0 67 0 0 125822 58 142871 3000
0 69 0 0 131342 62 149631 3100
0 69 0 0 136810 64 156530 3200
0 75 0 0 142448 65 163614 3300
0 78 0 0 148067 69 170781 3400
0 84 0 0 153660 73 177825 3500
0 88 0 0 159291 76 184926 3600
0 95 0 0 164805 82 191822 3700
0 98 0 0 170470 87 198881 3800
0 105 0 0 176114 92 205844 3900
0 111 0 0 181657 97 212800 4000
0 120 0 0 187158 105 219882 4100
0 128 0 0 192829 112 227201 4200
0 133 0 0 198507 122 234516 4300
0 140 0 0 204203 125 242000 4400
0 148 0 0 210015 134 249674 4500
0 152 0 0 215783 140 257180 4600
0 156 0 0 221536 145 264784 4700
0 165 0 0 227346 151 272439 4800
0 174 0 0 233045 160 279794 4900
0 183 0 0 238701 166 287039 5000
0 193 0 0 244449 174 294478 5100
0 200 0 0 250199 184 301902 5200
0 213 0 0 255891 194 309287 5300
0 217 0 0 261748 205 316915 5400
0 222 0 0 267472 210 324392 5500
0 226 0 0 273277 212 332115 5600
0 231 0 0 279202 219 340142 5700
0 237 0 0 285168 222 348176 5800
0 244 0 0 291036 227 356247 5900
0 249 0 0 296941 236 364295 6000
0 256 0 0 302918 241 372381 6100
0 264 0 0 308759 248 380309 6200
0 270 0 0 314545 255 388244 6300
0 275 0 0 320522 260 396488 6400
0 279 0 0 326526 265 404844 6500
0 283 0 0 332608 270 413275 6600
0 287 0 0 338594 273 421644 6700
0 295 0 0 344672 278 430204 6800
0 297 0 0 350625 286 438643 6900
0 301 0 0 356803 287 447155 7000
0 311 0 0 362758 292 455228 7100
0 315 0 0 368576 298 463151 7200
0 321 0 0 374520 304 471105 7300
0 329 0 0 380337 310 478765 7400
0 337 0 0 386166 316 486252 7500
0 341 0 0 391934 325 493815 7600
0 347 0 0 397795 328 501411 7700
0 352 0 0 403663 333 509202 7800
0 354 0 0 409650 340 517121 7900
0 360 0 0 415488 342 524888 8000
0 364 0 0 421351 346 532714 8100
0 367 0 0 427229 351 540511 8200
0 371 0 0 433114 353 548441 8300
0 377 0 0 439054 357 556442 8400
0 382 0 0 444860 362 564487 8500
0 389 0 0 450701 369 572322 8600
0 392 0 0 456673 375 580114 8700
0 394 0 0 462452 378 587508 8800
0 401 0 0 468232 380 594862 8900
0 406 0 0 473980 388 602150 9000
0 412 0 0 479672 392 609381 9100
0 418 0 0 485379 398 616674 9200
0 423 0 0 491159 405 624116 9300
0 426 0 0 496958 408 631716 9400
0 431 0 0 502739 415 639149 9500
0 443 0 0 508610 420 646559 9600
0 448 0 0 514174 428 653674 9700
0 456 0 0 519890 435 660942 9800
0 464 0 0 525620 442 668173 9900
0 470 0 0 531387 453 675549 10000
0 481 0 0 537122 459 682930 10100
0 489 0 0 542830 468 690144 10200
0 494 0 0 548537 475 697457 10300
0 501 0 0 554457 481 705181 10400
0 507 0 0 560185 487 712863 10500
0 510 0 0 566144 491 720855 10600
0 517 0 0 572023 496 728678 10700
0 526 0 0 577862 504 736614 10800
0 531 0 0 583768 511 744728 10900
0 539 0 0 589751 514 752902 11000
0 544 0 0 595627 524 760897 11100
0 551 0 0 601635 529 768956 11200
0 558 0 0 607513 539 776827 11300
0 565 0 0 613527 541 784950 11400
0 570 0 0 619402 549 792951 11500
0 574 0 0 625316 554 800987 11600
0 579 0 0 631082 558 808809 11700
0 582 0 0 636942 562 816810 11800
0 589 0 0 642964 565 825082 11900
0 593 0 0 648946 574 833391 12000
0 599 0 0 655077 576 841812 12100
0 605 0 0 661039 582 850180 12200
0 611 0 0 666983 587 858352 12300
0 619 0 0 672904 595 866657 12400
0 625 0 0 679034 602 875090 12500
0 633 0 0 684996 607 883272 12600
0 639 0 0 690861 617 891321 12700
0 645 0 0 696790 622 899580 12800
0 650 0 0 702856 629 908132 12900
0 654 0 0 708905 633 916654 13000
0 659 0 0 714980 636 925079 13100
0 666 0 0 721047 641 933587 13200
0 670 0 0 726932 647 942048 13300
0 672 0 0 733040 652 950685 13400
0 675 0 0 738981 654 958938 13500
0 678 0 0 744917 657 967129 13600
0 680 0 0 750895 660 975372 13700
0 683 0 0 756853 661 983370 13800
0 689 0 0 762667 663 991139 13900
0 691 0 0 768552 669 998889 14000
0 695 0 0 774331 672 1006526 14100
0 699 0 0 780170 676 1014203 14200
0 702 0 0 785929 681 1021736 14300
0 707 0 0 791868 682 1029431 14400
0 715 0 0 797772 690 1037220 14500
0 719 0 0 803576 694 1044902 14600
0 725 0 0 809383 699 1052643 14700
0 729 0 0 815201 706 1060424 14800
0 734 0 0 821092 710 1068165 14900
0 740 0 0 826945 718 1075834 15000
0 744 0 0 832785 720 1083536 15100
0 748 0 0 838651 725 1091187 15200
0 753 0 0 844532 730 1098670 15300
0 758 0 0 850403 733 1106100 15400
0 762 0 0 856281 740 1113519 15500
0 767 0 0 862047 744 1120801 15600
0 770 0 0 867871 747 1128229 15700
0 772 0 0 873691 750 1135585 15800
0 777 0 0 879461 753 1142984 15900
0 782 0 0 885367 758 1150667 16000
0 786 0 0 891174 763 1158221 16100
0 787 0 0 897103 766 1165932 16200
0 790 0 0 902847 768 1173512 16300
0 792 0 0 908835 771 1181319 16400
0 795 0 0 914650 773 1188873 16500
0 798 0 0 920331 776 1196353 16600
0 803 0 0 926132 779 1203881 16700
0 805 0 0 932032 782 1211366 16800
0 811 0 0 937863 786 1218829 16900
0 816 0 0 943595 791 1226174 17000
0 822 0 0 949369 797 1233460 17100
0 827 0 0 955072 802 1240719 17200
0 832 0 0 960835 808 1248135 17300
0 837 0 0 966644 813 1255484 17400
0 841 0 0 972343 816 1262715 17500
0 846 0 0 978029 822 1269906 17600
0 854 0 0 983713 827 1277163 17700
0 859 0 0 989457 834 1284430 17800
0 860 0 0 995251 840 1292005 17900
0 870 0 0 1001016 843 1299495 18000
0 873 0 0 1006762 851 1307098 18100
0 878 0 0 1012546 856 1314683 18200
0 883 0 0 1018347 860 1322402 18300
0 891 0 0 1024226 866 1330064 18400
0 899 0 0 1030145 874 1337864 18500
0 905 0 0 1036019 880 1345538 18600
0 909 0 0 1041758 885 1353211 18700
0 915 0 0 1047704 890 1360898 18800
0 921 0 0 1053526 896 1368476 18900
0 924 0 0 1059365 900 1375807 19000
0 925 0 0 1065125 905 1382996 19100
0 930 0 0 1070765 907 1390037 19200
0 932 0 0 1076562 909 1397299 19300
0 932 0 0 1082230 911 1404371 19400
0 934 0 0 1087960 912 1411542 19500
0 937 0 0 1093667 914 1418791 19600
0 937 0 0 1099325 917 1425942 19700
0 943 0 0 1105118 919 1433250 19800
0 945 0 0 1110803 922 1440358 19900
0 950 0 0 1116635 925 1447697 20000
0 953 0 0 1122331 930 1454921 20100
0 959 0 0 1128002 933 1462260 20200
0 963 0 0 1133836 939 1469608 20300
0 967 0 0 1139682 943 1477014 20400
0 970 0 0 1145502 948 1484373 20500
0 975 0 0 1151238 949 1491590 20600
0 976 0 0 1157106 953 1498922 20700
0 978 0 0 1162833 955 1506251 20800
0 980 0 0 1168647 956 1513536 20900
0 984 0 0 1174445 961 1520779 21000
0 987 0 0 1180049 963 1527788 21100
0 990 0 0 1185730 965 1534865 21200
0 996 0 0 1191511 969 1542213 21300
0 999 0 0 1197165 974 1549365 21400
0 1005 0 0 1202970 979 1556772 21500
0 1007 0 0 1208735 983 1564118 21600
0 1011 0 0 1214588 986 1571528 21700
0 1014 0 0 1220239 989 1578664 21800
0 1016 0 0 1226036 993 1585996 21900
0 1018 0 0 1231850 994 1593266 22000
0 1022 0 0 1237541 998 1600383 22100
0 1026 0 0 1243229 1000 1607451 22200
0 1032 0 0 1248936 1005 1614671 22300
0 1033 0 0 1254749 1011 1621939 22400
0 1037 0 0 1260499 1012 1629153 22500
0 1042 0 0 1266185 1018 1636417 22600
0 1043 0 0 1272004 1021 1643765 22700
0 1048 0 0 1277771 1022 1651103 22800
0 1053 0 0 1283472 1024 1658303 22900
0 1058 0 0 1289278 1030 1665739 23000
0 1062 0 0 1294861 1035 1672980 23100
0 1068 0 0 1300653 1040 1680406 23200
0 1072 0 0 1306393 1046 1687711 23300
0 1076 0 0 1312074 1051 1695015 23400
0 1081 0 0 1317757 1054 1702196 23500
0 1084 0 0 1323536 1058 1709467 23600
0 1086 0 0 1329258 1061 1716528 23700
0 1091 0 0 1334947 1066 1723656 23800
0 1094 0 0 1340576 1067 1730749 23900
0 1098 0 0 1346309 1071 1738023 24000
0 1101 0 0 1352050 1076 1745289 24100
0 1107 0 0 1357734 1080 1752517 24200
0 1114 0 0 1363456 1084 1759753 24300
0 1117 0 0 1369311 1091 1767132 24400
0 1121 0 0 1375079 1094 1774467 24500
0 1126 0 0 1380765 1097 1781806 24600
0 1128 0 0 1386493 1102 1789223 24700
0 1133 0 0 1392239 1105 1796508 24800
0 1138 0 0 1398072 1110 1803957 24900
0 1141 0 0 1403893 1114 1811435 25000
0 1146 0 0 1409760 1117 1818865 25100
0 1153 0 0 1415456 1122 1826190 25200
0 1156 0 0 1421228 1129 1833664 25300
0 1160 0 0 1427113 1131 1841364 25400
0 1164 0 0 1432856 1135 1849141 25500
0 1170 0 0 1438756 1140 1857127 25600
0 1175 0 0 1444535 1145 1864876 25700
0 1180 0 0 1450433 1151 1872708 25800
0 1183 0 0 1456301 1154 1880353 25900
0 1190 0 0 1462191 1158 1887857 26000
0 1191 0 0 1467935 1164 1895277 26100
0 1198 0 0 1473769 1166 1902849 26200
0 1198 0 0 1479571 1171 1910378 26300
0 1200 0 0 1485376 1172 1917680 26400
0 1207 0 0 1491202 1176 1925071 26500
0 1211 0 0 1497015 1178 1932512 26600
0 1214 0 0 1502744 1185 1939875 26700
0 1218 0 0 1508655 1188 1947398 26800
0 1220 0 0 1514503 1191 1954921 26900
0 1227 0 0 1520295 1194 1962387 27000
0 1230 0 0 1526180 1200 1969936 27100
0 1234 0 0 1532026 1203 1977334 27200
0 1238 0 0 1537834 1207 1984798 27300
0 1240 0 0 1543735 1211 1992483 27400
0 1244 0 0 1549624 1215 2000082 27500
0 1252 0 0 1555439 1218 2007801 27600
0 1258 0 0 1561243 1224 2015446 27700
0 1262 0 0 1567243 1231 2023242 27800
0 1265 0 0 1573054 1234 2030813 27900
0 1272 0 0 1578857 1237 2038350 28000
0 1276 0 0 1584674 1242 2045822 28100
0 1281 0 0 1590500 1246 2053363 28200
0 1284 0 0 1596366 1253 2060926 28300
0 1293 0 0 1602180 1257 2068494 28400
0 1301 0 0 1607923 1261 2076120 28500
0 1306 0 0 1613843 1271 2083985 28600
0 1313 0 0 1619673 1275 2091820 28700
0 1317 0 0 1625669 1281 2099880 28800
0 1320 0 0 1631609 1285 2107920 28900
0 1324 0 0 1637567 1289 2116053 29000
0 1328 0 0 1643474 1293 2124139 29100
0 1334 0 0 1649489 1296 2132249 29200
0 1338 0 0 1655461 1303 2140319 29300
0 1345 0 0 1661343 1307 2148123 29400
0 1352 0 0 1667250 1313 2155894 29500
0 1358 0 0 1673084 1321 2163785 29600
0 1363 0 0 1679088 1325 2171658 29700
0 1367 0 0 1684965 1331 2179480 29800
0 1372 0 0 1690846 1334 2187164 29900
0 1374 0 0 1696691 1339 2194631 30000
0 1376 0 0 1702459 1342 2201914 30100
0 1381 0 0 1708297 1344 2209149 30200
0 1383 0 0 1713999 1348 2216263 30300
0 1384 0 0 1719841 1350 2223659 30400
0 1386 0 0 1725618 1352 2231066 30500
0 1386 0 0 1731444 1354 2238564 30600
0 1393 0 0 1737263 1355 2245933 30700
0 1394 0 0 1743016 1360 2253189 30800
0 1399 0 0 1748791 1361 2260525 30900
0 1401 0 0 1754467 1366 2267890 31000
0 1405 0 0 1760256 1370 2275309 31100
0 1407 0 0 1765962 1373 2282691 31200
0 1411 0 0 1771736 1374 2290184 31300
0 1413 0 0 1777468 1377 2297517 31400
0 1416 0 0 1783276 1381 2305033 31500
0 1420 0 0 1789070 1383 2312518 31600
0 1424 0 0 1794728 1389 2319880 31700
0 1429 0 0 1800577 1389 2327412 31800
0 1435 0 0 1806226 1397 2334592 31900
0 1439 0 0 1812016 1402 2341886 32000
0 1445 0 0 1817618 1407 2349028 32100
0 1451 0 0 1823331 1409 2356324 32200
0 1455 0 0 1829065 1416 2363552 32300
0 1456 0 0 1834811 1421 2370770 32400
0 1462 0 0 1840548 1422 2378282 32500
0 1465 0 0 1846321 1427 2385778 32600
0 1469 0 0 1852092 1432 2393270 32700
0 1472 0 0 1857938 1433 2400851 32800
0 1477 0 0 1863648 1437 2408265 32900
0 1480 0 0 1869439 1440 2415756 33000
0 1487 0 0 1875107 1447 2423229 33100
0 1489 0 0 1880974 1451 2430978 33200
0 1495 0 0 1886710 1454 2438830 33300
0 1499 0 0 1892662 1459 2446924 33400
0 1501 0 0 1898599 1464 2454875 33500
0 1504 0 0 1904420 1467 2462776 33600
0 1507 0 0 1910205 1469 2470455 33700
0 1511 0 0 1916112 1472 2478065 33800
0 1514 0 0 1921939 1474 2485436 33900
0 1516 0 0 1927652 1479 2492695 34000
0 1519 0 0 1933343 1481 2499762 34100
0 1519 0 0 1939127 1484 2506920 34200
0 1523 0 0 1944730 1485 2513794 34300
0 1523 0 0 1950423 1487 2520708 34400
0 1526 0 0 1956118 1489 2527765 34500
0 1528 0 0 1961865 1490 2534896 34600
0 1531 0 0 1967647 1492 2542109 34700
0 1533 0 0 1973474 1497 2549437 34800
0 1536 0 0 1979252 1499 2556610 34900
0 1539 0 0 1985008 1503 2563962 35000
0 1543 0 0 1990814 1504 2571415 35100
0 1547 0 0 1996624 1507 2579089 35200
0 1549 0 0 2002474 1512 2586648 35300
0 1550 0 0 2008287 1514 2594151 35400
0 1556 0 0 2014162 1518 2601714 35500
0 1559 0 0 2019907 1522 2609144 35600
0 1564 0 0 2025862 1523 2616747 35700
0 1565 0 0 2031634 1530 2624240 35800
0 1571 0 0 2037407 1530 2631584 35900
0 1573 0 0 2043211 1535 2639173 36000
0 1578 0 0 2048902 1539 2646747 36100
0 1581 0 0 2054832 1544 2654546 36200
0 1587 0 0 2060623 1545 2662231 36300
0 1589 0 0 2066403 1551 2669989 36400
0 1595 0 0 2072292 1554 2677684 36500
0 1601 0 0 2078152 1558 2685196 36600
0 1604 0 0 2083885 1566 2692656 36700
0 1615 0 0 2089618 1571 2700104 36800
0 1620 0 0 2095303 1578 2707593 36900
0 1625 0 0 2101050 1584 2715013 37000
0 1630 0 0 2106781 1588 2722528 37100
0 1638 0 0 2112568 1592 2730042 37200
0 1641 0 0 2118325 1601 2737481 37300
0 1647 0 0 2124130 1605 2744902 37400
0 1652 0 0 2129838 1610 2752403 37500
0 1658 0 0 2135532 1615 2759956 37600
0 1660 0 0 2141351 1617 2767602 37700
0 1664 0 0 2147214 1622 2775392 37800
0 1668 0 0 2153087 1628 2783132 37900
0 1672 0 0 2158927 1630 2790914 38000
0 1677 0 0 2164705 1633 2798652 38100
0 1679 0 0 2170594 1638 2806483 38200
0 1682 0 0 2176299 1641 2814069 38300
0 1685 0 0 2182123 1644 2821772 38400
0 1691 0 0 2188002 1647 2829585 38500
0 1692 0 0 2193800 1653 2837073 38600
0 1696 0 0 2199648 1654 2844565 38700
0 1698 0 0 2205349 1659 2851969 38800
0 1702 0 0 2211153 1660 2859382 38900
0 1704 0 0 2216869 1664 2866535 39000
0 1705 0 0 2222555 1666 2873693 39100
0 1710 0 0 2228216 1668 2880940 39200
0 1713 0 0 2233872 1672 2888105 39300
0 1714 0 0 2239557 1675 2895236 39400
0 1719 0 0 2245187 1678 2902417 39500
0 1721 0 0 2250838 1681 2909557 39600
0 1731 0 0 2256381 1685 2916502 39700
0 1732 0 0 2261994 1691 2923586 39800
0 1736 0 0 2267641 1695 2930723 39900
0 1742 0 0 2273261 1697 2937983 40000
0 1750 0 0 2278975 1704 2945518 40100
0 1751 0 0 2284751 1711 2953051 40200
0 1756 0 0 2290463 1711 2960375 40300
0 1760 0 0 2296241 1715 2967879 40400
0 1762 0 0 2301934 1720 2975298 40500
0 1767 0 0 2307560 1722 2982488 40600
0 1772 0 0 2313251 1726 2989834 40700
0 1777 0 0 2319091 1732 2997302 40800
0 1780 0 0 2324766 1736 3004511 40900
0 1784 0 0 2330512 1740 3011834 41000
0 1787 0 0 2336224 1744 3019011 41100
0 1792 0 0 2341974 1747 3026297 41200
0 1795 0 0 2347630 1751 3033447 41300
0 1801 0 0 2353349 1754 3040721 41400
0 1805 0 0 2359051 1763 3048038 41500
0 1810 0 0 2364757 1766 3055307 41600
0 1814 0 0 2370404 1771 3062569 41700
0 1820 0 0 2376152 1774 3069871 41800
0 1822 0 0 2381819 1781 3077134 41900
0 1828 0 0 2387566 1783 3084393 42000
0 1833 0 0 2393257 1789 3091799 42100
0 1837 0 0 2399014 1793 3099440 42200
0 1842 0 0 2404821 1797 3107076 42300
0 1844 0 0 2410523 1800 3114574 42400
0 1846 0 0 2416287 1805 3122275 42500
0 1852 0 0 2422187 1806 3130078 42600
0 1852 0 0 2428012 1812 3137812 42700
0 1854 0 0 2433703 1812 3145434 42800
0 1857 0 0 2439478 1815 3153074 42900
0 1861 0 0 2445242 1819 3160766 43000
0 1868 0 0 2451133 1821 3168480 43100
0 1870 0 0 2456866 1826 3176128 43200
0 1876 0 0 2462704 1829 3184109 43300
0 1878 0 0 2468588 1835 3192215 43400
0 1885 0 0 2474588 1837 3200646 43500
0 1888 0 0 2480478 1844 3209133 43600
0 1892 0 0 2486432 1847 3217435 43700
0 1897 0 0 2492491 1851 3225781 43800
0 1900 0 0 2498393 1855 3233801 43900
0 1907 0 0 2504232 1859 3241741 44000
0 1914 0 0 2510183 1865 3249643 44100
0 1916 0 0 2515923 1872 3257334 44200
0 1919 0 0 2521672 1874 3264921 44300
0 1921 0 0 2527645 1877 3272713 44400
0 1925 0 0 2533496 1880 3280454 44500
0 1927 0 0 2539266 1882 3288230 44600
0 1930 0 0 2545135 1885 3295918 44700
0 1936 0 0 2551039 1889 3303527 44800
0 1938 0 0 2556849 1894 3310916 44900
0 1940 0 0 2562567 1897 3318109 45000
0 1946 0 0 2568187 1901 3325478 45100
0 1949 0 0 2574029 1904 3332879 45200
0 1950 0 0 2579771 1907 3340319 45300
0 1954 0 0 2585616 1909 3347801 45400
0 1955 0 0 2591443 1911 3355366 45500
0 1962 0 0 2597270 1912 3362943 45600
0 1965 0 0 2603041 1919 3370351 45700
0 1968 0 0 2608910 1922 3377813 45800
0 1971 0 0 2614582 1924 3385102 45900
0 1977 0 0 2620436 1927 3392711 46000
0 1980 0 0 2626125 1933 3400153 46100
0 1982 0 0 2632042 1937 3407858 46200
0 1985 0 0 2637731 1937 3415305 46300
0 1987 0 0 2643621 1941 3422994 46400
0 1989 0 0 2649448 1943 3430542 46500
0 1992 0 0 2655112 1944 3437935 46600
0 1994 0 0 2660887 1948 3445506 46700
0 1998 0 0 2666706 1950 3453136 46800
0 2001 0 0 2672455 1955 3460608 46900
0 2004 0 0 2678149 1957 3468073 47000
0 2006 0 0 2683962 1959 3475534 47100
0 2009 0 0 2689666 1961 3482699 47200
0 2011 0 0 2695401 1964 3489839 47300
0 2014 0 0 2701062 1966 3496830 47400
0 2019 0 0 2706697 1969 3503813 47500
0 2021 0 0 2712414 1973 3511002 47600
0 2023 0 0 2718126 1976 3518198 47700
0 2028 0 0 2723829 1979 3525386 47800
0 2034 0 0 2729571 1984 3532747 47900
0 2043 0 0 2735383 1990 3540191 48000
0 2045 0 0 2741059 1997 3547479 48100
0 2047 0 0 2746724 1999 3554603 48200
0 2053 0 0 2752413 2000 3561772 48300
0 2057 0 0 2758007 2007 3568856 48400
0 2061 0 0 2763677 2012 3576049 48500
0 2063 0 0 2769344 2015 3583407 48600
0 2067 0 0 2775099 2017 3590881 48700
0 2074 0 0 2780824 2021 3598246 48800
0 2077 0 0 2786540 2028 3605514 48900
0 2080 0 0 2792242 2031 3612801 49000
0 2083 0 0 2797868 2034 3619934 49100
0 2085 0 0 2803547 2036 3627062 49200
0 2089 0 0 2809313 2037 3634293 49300
0 2090 0 0 2814950 2042 3641328 49400
0 2094 0 0 2820642 2044 3648534 49500
0 2098 0 0 2826437 2048 3655837 49600
0 2103 0 0 2832100 2050 3663097 49700
0 2108 0 0 2837920 2053 3670479 49800
0 2109 0 0 2843687 2059 3677844 49900
0 2113 0 0 2849373 2061 3685076 50000
0 2118 0 0 2855171 2065 3692547 50100
0 2119 0 0 2860996 2069 3700174 50200
0 2124 0 0 2866827 2071 3707771 50300
0 2130 0 0 2872650 2074 3715298 50400
0 2134 0 0 2878435 2082 3723036 50500
0 2142 0 0 2884165 2085 3730670 50600
0 2148 0 0 2890014 2090 3738382 50700
0 2152 0 0 2895871 2099 3746309 50800
0 2155 0 0 2901599 2103 3754179 50900
0 2162 0 0 2907429 2106 3762250 51000
0 2166 0 0 2913428 2113 3770394 51100
0 2171 0 0 2919359 2116 3778550 51200
0 2175 0 0 2925255 2121 3786485 51300
0 2179 0 0 2931109 2126 3794538 51400
0 2184 0 0 2937020 2129 3802614 51500
0 2187 0 0 2943002 2134 3810780 51600
0 2194 0 0 2948950 2138 3818985 51700
0 2197 0 0 2954880 2143 3827058 51800
0 2202 0 0 2960764 2148 3835036 51900
0 2207 0 0 2966619 2152 3843008 52000
0 2212 0 0 2972455 2157 3850874 52100
0 2216 0 0 2978452 2162 3858942 52200
0 2223 0 0 2984283 2166 3866724 52300
0 2229 0 0 2990208 2173 3874598 52400
0 2232 0 0 2995955 2178 3882275 52500
0 2242 0 0 3001815 2183 3890147 52600
0 2245 0 0 3007635 2193 3898032 52700
0 2250 0 0 3013509 2195 3905792 52800
0 2253 0 0 3019302 2200 3913561 52900
0 2257 0 0 3025163 2202 3921189 53000
0 2264 0 0 3030822 2208 3928843 53100
0 2269 0 0 3036684 2214 3936707 53200
0 2271 0 0 3042607 2219 3944648 53300
0 2273 0 0 3048438 2220 3952452 53400
0 2276 0 0 3054252 2223 3960350 53500
0 2279 0 0 3060065 2225 3967998 53600
0 2284 0 0 3065962 2227 3975846 53700
0 2286 0 0 3071712 2233 3983375 53800
0 2291 0 0 3077459 2235 3991007 53900
0 2296 0 0 3083207 2241 3998466 54000
0 2298 0 0 3089024 2245 4006184 54100
0 2301 0 0 3094887 2247 4013962 54200
0 2303 0 0 3100622 2250 4021455 54300
0 2306 0 0 3106310 2252 4028877 54400
0 2313 0 0 3112134 2256 4036421 54500
0 2317 0 0 3117884 2262 4043850 54600
0 2320 0 0 3123585 2266 4051304 54700
0 2325 0 0 3129359 2269 4058769 54800
0 2330 0 0 3135112 2274 4066208 54900
0 2334 0 0 3140864 2281 4073695 55000
0 2339 0 0 3146646 2284 4081263 55100
0 2340 0 0 3152444 2288 4088814 55200
0 2346 0 0 3158231 2289 4096408 55300
0 2349 0 0 3164032 2295 4104071 55400
0 2354 0 0 3169767 2297 4111560 55500
0 2357 0 0 3175488 2302 4119031 55600
0 2357 0 0 3181311 2305 4126644 55700
0 2364 0 0 3187080 2305 4134188 55800
0 2366 0 0 3192856 2312 4141735 55900
0 2372 0 0 3198618 2315 4149221 56000
0 2375 0 0 3204367 2321 4156662 56100
0 2379 0 0 3210070 2322 4164100 56200
0 2384 0 0 3215926 2327 4171652 56300
0 2386 0 0 3221660 2332 4179110 56400
0 2390 0 0 3227463 2333 4186668 56500
0 2395 0 0 3233245 2338 4194056 56600
0 2397 0 0 3239020 2341 4201436 56700
0 2402 0 0 3244764 2343 4208799 56800
0 2409 0 0 3250535 2350 4216181 56900
0 2412 0 0 3256358 2356 4223569 57000
0 2414 0 0 3262191 2360 4230913 57100
0 2418 0 0 3268014 2363 4238235 57200
0 2420 0 0 3273865 2364 4245578 57300
0 2422 0 0 3279679 2368 4252951 57400
0 2426 0 0 3285494 2370 4260265 57500
0 2431 0 0 3291280 2374 4267531 57600
0 2432 0 0 3296921 2377 4274778 57700
0 2434 0 0 3302726 2380 4282147 57800
0 2436 0 0 3308503 2382 4289481 57900
0 2442 0 0 3314332 2384 4297068 58000
0 2446 0 0 3320218 2388 4304583 58100
0 2448 0 0 3326051 2395 4312066 58200
0 2453 0 0 3331762 2396 4319423 58300
0 2459 0 0 3337686 2403 4327001 58400
0 2463 0 0 3343491 2405 4334615 58500
0 2468 0 0 3349338 2409 4342157 58600
0 2471 0 0 3355101 2414 4349701 58700
0 2479 0 0 3360879 2419 4357136 58800
0 2483 0 0 3366587 2424 4364476 58900
0 2487 0 0 3372334 2428 4372066 59000
0 2491 0 0 3378093 2432 4379579 59100
0 2496 0 0 3383950 2435 4387256 59200
0 2498 0 0 3389800 2440 4395001 59300
0 2501 0 0 3395517 2444 4402602 59400
0 2504 0 0 3401256 2446 4410105 59500
0 2506 0 0 3407037 2450 4417726 59600
0 2511 0 0 3412802 2451 4425187 59700
0 2514 0 0 3418429 2453 4432518 59800
0 2518 0 0 3424196 2459 4440035 59900
0 2522 0 0 3429940 2463 4447306 60000
0 2527 0 0 3435766 2467 4454636 60100
0 2528 0 0 3441403 2472 4461873 60200
0 2534 0 0 3447207 2474 4469268 60300
0 2539 0 0 3452822 2479 4476472 60400
0 2541 0 0 3458622 2483 4483690 60500
0 2543 0 0 3464430 2486 4491035 60600
0 2547 0 0 3470121 2489 4498260 60700
0 2550 0 0 3475852 2492 4505465 60800
0 2550 0 0 3481647 2494 4512816 60900
0 2553 0 0 3487325 2496 4520103 61000
0 2556 0 0 3493057 2497 4527354 61100
0 2557 0 0 3498743 2499 4534566 61200
0 2562 0 0 3504552 2501 4541859 61300
0 2562 0 0 3510295 2505 4549042 61400
0 2567 0 0 3516069 2507 4556377 61500
0 2567 0 0 3521732 2510 4563505 61600
0 2573 0 0 3527456 2511 4570764 61700
0 2579 0 0 3533208 2516 4578003 61800
0 2586 0 0 3538938 2520 4585223 61900
0 2587 0 0 3544686 2528 4592616 62000
0 2594 0 0 3550415 2531 4599966 62100
0 2597 0 0 3556159 2536 4607397 62200
0 2600 0 0 3562072 2540 4614983 62300
0 2605 0 0 3567919 2544 4622575 62400
0 2608 0 0 3573729 2547 4630185 62500
0 2610 0 0 3579740 2548 4638122 62600
0 2614 0 0 3585559 2552 4645855 62700
0 2618 0 0 3591459 2555 4653697 62800
0 2621 0 0 3597347 2559 4661431 62900
0 2625 0 0 3603170 2561 4669069 63000
0 2629 0 0 3608917 2566 4676535 63100
0 2633 0 0 3614704 2569 4683897 63200
0 2641 0 0 3620509 2574 4691252 63300
0 2642 0 0 3626220 2581 4698548 63400
0 2645 0 0 3631917 2582 4705956 63500
0 2647 0 0 3637441 2585 4713030 63600
0 2650 0 0 3643302 2586 4720463 63700
0 2657 0 0 3649019 2591 4727940 63800
0 2661 0 0 3654831 2596 4735528 63900
0 2665 0 0 3660685 2599 4743287 64000
0 2670 0 0 3666610 2605 4751026 64100
0 2674 0 0 3672369 2610 4758762 64200
0 2679 0 0 3678310 2613 4766735 64300
0 2681 0 0 3684137 2617 4774686 64400
0 2684 0 0 3690086 2620 4782761 64500
0 2687 0 0 3696043 2623 4790706 64600
0 2689 0 0 3701789 2626 4798286 64700
0 2692 0 0 3707552 2628 4805752 64800
0 2694 0 0 3713350 2630 4813152 64900
0 2697 0 0 3719084 2632 4820497 65000
0 2699 0 0 3724780 2634 4827932 65100
0 2701 0 0 3730553 2637 4835592 65200
0 2705 0 0 3736323 2639 4843242 65300
0 2710 0 0 3742208 2644 4850884 65400
0 2711 0 0 3748137 2648 4858761 65500
0 2716 0 0 3754010 2649 4866648 65600
0 2718 0 0 3759820 2653 4874445 65700
0 2723 0 0 3765601 2657 4882288 65800
0 2727 0 0 3771390 2660 4889954 65900
0 2730 0 0 3777175 2664 4897601 66000
0 2731 0 0 3783042 2667 4905272 66100
0 2734 0 0 3788884 2670 4912840 66200
0 2737 0 0 3794702 2672 4920518 66300
0 2738 0 0 3800625 2675 4928323 66400
0 2741 0 0 3806457 2676 4935945 66500
0 2745 0 0 3812320 2679 4943458 66600
0 2747 0 0 3818035 2683 4950775 66700
0 2752 0 0 3823904 2686 4958420 66800
0 2757 0 0 3829666 2690 4965946 66900
0 2761 0 0 3835535 2695 4973548 67000
0 2765 0 0 3841414 2699 4981280 67100
0 2773 0 0 3847331 2702 4989185 67200
0 2779 0 0 3853235 2711 4997155 67300
0 2787 0 0 3859091 2715 5004869 67400
0 2796 0 0 3864967 2726 5012624 67500
0 2805 0 0 3870746 2733 5020202 67600
0 2810 0 0 3876663 2739 5027803 67700
0 2815 0 0 3882406 2745 5035292 67800
0 2822 0 0 3888090 2750 5042584 67900
0 2825 0 0 3894025 2756 5050158 68000
0 2829 0 0 3899795 2761 5057602 68100
0 2832 0 0 3905612 2765 5064987 68200
0 2838 0 0 3911461 2767 5072302 68300
0 2841 0 0 3917249 2773 5079540 68400
0 2846 0 0 3922995 2778 5086713 68500
0 2850 0 0 3928690 2781 5093877 68600
0 2856 0 0 3934587 2786 5101315 68700
0 2860 0 0 3940421 2790 5108865 68800
0 2864 0 0 3946272 2793 5116442 68900
0 2866 0 0 3952203 2799 5124100 69000
0 2868 0 0 3957994 2800 5131702 69100
0 2875 0 0 3963931 2803 5139582 69200
0 2877 0 0 3969783 2809 5147347 69300
0 2882 0 0 3975633 2811 5155079 69400
0 2886 0 0 3981516 2816 5162774 69500
0 2889 0 0 3987360 2820 5170361 69600
0 2892 0 0 3993140 2823 5177638 69700
0 2898 0 0 3998886 2826 5184925 69800
0 2901 0 0 4004672 2830 5192222 69900
0 2904 0 0 4010420 2835 5199471 70000
0 2906 0 0 4016224 2837 5206632 70100
0 2909 0 0 4022027 2841 5213903 70200
0 2911 0 0 4027948 2843 5221352 70300
0 2914 0 0 4033743 2846 5228779 70400
0 2914 0 0 4039557 2848 5236200 70500
0 2917 0 0 4045493 2849 5243619 70600
0 2919 0 0 4051347 2850 5250978 70700
0 2921 0 0 4056984 2854 5258051 70800
0 2923 0 0 4062814 2854 5265267 70900
0 2927 0 0 4068651 2857 5272451 71000
0 2928 0 0 4074452 2861 5279683 71100
0 2931 0 0 4080216 2862 5286951 71200
0 2935 0 0 4086029 2865 5294401 71300
0 2941 0 0 4091894 2868 5301910 71400
0 2944 0 0 4097714 2873 5309297 71500
0 2945 0 0 4103495 2877 5316738 71600
0 2949 0 0 4109380 2878 5324063 71700
0 2953 0 0 4115216 2884 5331537 71800
0 2955 0 0 4121058 2886 5339077 71900
0 2959 0 0 4126877 2889 5346662 72000
0 2960 0 0 4132762 2890 5354176 72100
0 2964 0 0 4138636 2892 5361753 72200
0 2967 0 0 4144507 2896 5369436 72300
0 2973 0 0 4150295 2899 5377179 72400
0 2977 0 0 4156081 2904 5384877 72500
0 2980 0 0 4162034 2910 5392770 72600
0 2987 0 0 4167868 2913 5400419 72700
0 2991 0 0 4173710 2920 5408236 72800
0 2997 0 0 4179656 2924 5416126 72900
0 3001 0 0 4185502 2929 5424232 73000
0 3009 0 0 4191310 2932 5432297 73100
0 3015 0 0 4197399 2942 5440583 73200
0 3024 0 0 4203194 2945 5448402 73300
0 3029 0 0 4209093 2957 5456412 73400
0 3034 0 0 4214984 2959 5464355 73500
0 3042 0 0 4220786 2963 5472208 73600
0 3048 0 0 4226679 2972 5480249 73700
0 3055 0 0 4232481 2977 5488021 73800
0 3056 0 0 4238393 2985 5495833 73900
0 3062 0 0 4244190 2987 5503468 74000
0 3073 0 0 4250029 2996 5510954 74100
0 3077 0 0 4255791 3002 5518380 74200
0 3080 0 0 4261570 3007 5525754 74300
0 3083 0 0 4267282 3010 5532959 74400
0 3086 0 0 4273032 3014 5540233 74500
0 3091 0 0 4278731 3015 5547428 74600
0 3097 0 0 4284569 3021 5554791 74700
0 3100 0 0 4290283 3026 5562034 74800
0 3103 0 0 4295990 3029 5569216 74900
0 3106 0 0 4301784 3032 5576479 75000
0 3106 0 0 4307470 3035 5583702 75100
0 3114 0 0 4313180 3037 5590778 75200
0 3115 0 0 4319011 3044 5597977 75300
0 3117 0 0 4324754 3044 5605331 75400
0 3119 0 0 4330504 3047 5612739 75500
0 3122 0 0 4336390 3049 5620277 75600
0 3124 0 0 4342245 3051 5627699 75700
0 3125 0 0 4348077 3054 5635176 75800
0 3130 0 0 4353714 3055 5642533 75900
0 3132 0 0 4359622 3059 5650138 76000
0 3135 0 0 4365477 3060 5657742 76100
0 3139 0 0 4371270 3063 5665163 76200
0 3143 0 0 4376999 3067 5672472 76300
0 3147 0 0 4382807 3071 5679891 76400
0 3150 0 0 4388493 3075 5687297 76500
0 3151 0 0 4394337 3077 5694635 76600
0 3155 0 0 4400066 3079 5702011 76700
0 3158 0 0 4405836 3083 5709326 76800
0 3161 0 0 4411587 3085 5716590 76900
0 3165 0 0 4417276 3089 5723604 77000
0 3167 0 0 4423028 3092 5730840 77100
0 3169 0 0 4428674 3095 5737914 77200
0 3174 0 0 4434440 3097 5745044 77300
0 3177 0 0 4440030 3102 5751993 77400
0 3181 0 0 4445712 3103 5759088 77500
0 3182 0 0 4451471 3109 5766320 77600
0 3186 0 0 4457180 3112 5773470 77700
0 3189 0 0 4462888 3114 5780649 77800
0 3191 0 0 4468538 3116 5787611 77900
0 3193 0 0 4474117 3120 5794488 78000
0 3196 0 0 4479748 3121 5801356 78100
0 3197 0 0 4485391 3125 5808178 78200
0 3202 0 0 4491040 3125 5815143 78300
0 3203 0 0 4496698 3130 5822065 78400
0 3208 0 0 4502365 3132 5829166 78500
0 3210 0 0 4508101 3136 5836383 78600
0 3214 0 0 4513810 3137 5843555 78700
0 3217 0 0 4519568 3142 5850792 78800
0 3221 0 0 4525232 3145 5857901 78900
0 3224 0 0 4530900 3149 5865032 79000
0 3225 0 0 4536444 3152 5871980 79100
0 3229 0 0 4542145 3152 5878983 79200
0 3231 0 0 4547897 3157 5885959 79300
0 3233 0 0 4553568 3160 5892928 79400
0 3238 0 0 4559268 3162 5899841 79500
0 3243 0 0 4564946 3166 5906798 79600
0 3244 0 0 4570672 3170 5913864 79700
0 3251 0 0 4576346 3171 5920895 79800
0 3253 0 0 4582014 3176 5927817 79900
