0 Infinity null 0 NaN 0
0 Infinity null 0 NaN 100
0.04383802816901408 18.0 3045 0.0 0.0 200
0.11869607961157257 12.5 2539 0.0 0.0 300
0.29199726671890597 11.333333333333334 2497 0.0 0.0 400
0.5155630419973475 11.0 2585 0.0 0.0 500
0.7900553540030878 11.8 2709 0.02222222222222222 4.4 600
1.154848771826763 16.0 2841 0.03935185185185185 24.0 700
1.6780454827029554 21.0 2981 0.0623015873015873 37.0 800
2.373776499011549 23.0 3131 0.11701388888888889 42.875 900
3.298982576819002 24.666666666666668 3284 0.16461840628507296 58.55555555555556 1000
4.477175867163774 30.0 3442 0.23148989898989897 70.5 1100
5.879530332559178 37.90909090909091 3584 0.2956726354453627 78.54545454545455 1200
7.427614251206066 45.166666666666664 3736 0.3631385123161439 85.16666666666667 1300
9.168250380603228 51.53846153846154 3889 0.4087833759172432 94.3076923076923 1400
10.943684890007011 58.0 4042 0.464618576957168 99.85714285714286 1500
12.718116369790193 62.93333333333333 4194 0.5136440051600235 102.73333333333333 1600
14.598566152303196 68.3125 4343 0.5570620881708553 106.125 1700
16.53002794551568 74.05882352941177 4482 0.5740674856992666 113.47058823529412 1800
18.673846520573033 80.16666666666667 4621 0.5957462761762914 119.22222222222223 1900
21.143755033821225 85.47368421052632 4763 0.6170227879564866 123.15789473684211 2000
23.747668477918133 90.7 4900 0.6345587453328558 127.65 2100
26.707997898268612 95.71428571428571 5025 0.6440242019043072 133.57142857142858 2200
29.54300823160397 99.72727272727273 5146 0.66167119565939 138.8181818181818 2300
32.73485725259013 103.56521739130434 5264 0.6882388511840807 143.52173913043478 2400
35.86193211323498 107.75 5388 0.7203730431955547 147.875 2500
39.031269114419864 112.84 5509 0.747968377877989 151.08 2600
42.02915856578008 118.84615384615384 5622 0.7768926710365278 154.73076923076923 2700
44.89164207498248 127.18518518518519 5738 0.8114933540022532 158.7037037037037 2800
48.02293585906905 132.28571428571428 5840 0.8461760447754647 162.32142857142858 2900
50.8722486378038 135.6551724137931 5943 0.8796934852377527 166.9655172413793 3000
53.50020186729882 138.56666666666666 6035 0.9204558391486309 171.56666666666666 3100
56.18129084299757 141.58064516129033 6119 0.9552798443373848 177.3548387096774 3200
58.82221055570028 145.96875 6202 0.9970736906652562 183.0625 3300
61.55568750396074 152.45454545454547 6281 1.038071457614794 188.78787878787878 3400
64.11176333719945 157.64705882352942 6367 1.0882337601434688 192.85294117647058 3500
66.41815232121597 164.57142857142858 6457 1.1224474894454923 198.5142857142857 3600
68.6850587163767 180.02777777777777 6533 1.1556315361478873 205.11111111111111 3700
70.80752788378403 192.78378378378378 6600 1.188662515651398 210.78378378378378 3800
73.301200156613 202.6578947368421 6676 1.2129374786898115 215.10526315789474 3900
76.1849282563203 212.46153846153845 6750 1.2523493382105855 217.02564102564102 4000
78.47778082083741 224.275 6822 1.276359753691491 220.15 4100
81.05349756966035 239.14634146341464 6893 1.297335458146909 221.46341463414635 4200
82.75423967132059 255.73809523809524 6962 1.3123234060075228 221.57142857142858 4300
84.86623488198306 266.95348837209303 7020 1.3254089081933944 221.51162790697674 4400
86.70448310636613 276.0 7079 1.3407405239162717 221.0681818181818 4500
88.44453379229007 285.46666666666664 7138 1.3588095379147136 220.95555555555555 4600
90.07008818328758 290.04347826086956 7203 1.3822924694870873 220.6304347826087 4700
91.46076475732416 293.9574468085106 7260 1.4014362740097297 221.12765957446808 4800
92.78286761286704 297.3541666666667 7310 1.4143908477585578 222.14583333333334 4900
94.01750735262965 302.57142857142856 7357 1.4221557650465833 223.0612244897959 5000
95.2026587307879 307.24 7395 1.4347382907712927 223.66 5100
96.50373930880274 314.3333333333333 7439 1.440919892913032 223.50980392156862 5200
98.03413447131585 329.2692307692308 7479 1.4410439030695628 224.30769230769232 5300
99.61240029287394 342.45283018867923 7519 1.4448171434083565 224.60377358490567 5400
101.25458658591793 351.6296296296296 7558 1.451094303415309 223.83333333333334 5500
102.72337615217113 353.8181818181818 7601 1.452551679716849 223.94545454545454 5600
103.93234972953807 358.0892857142857 7641 1.4593513521028574 224.08928571428572 5700
104.952158428479 362.2631578947368 7673 1.4704811529431583 224.56140350877192 5800
105.85727678472222 367.55172413793105 7710 1.4823047537544831 225.1206896551724 5900
106.48613927334947 374.1186440677966 7746 1.500280217976562 225.32203389830508 6000
107.31268381211629 386.23333333333335 7773 1.5150191374205424 225.73333333333332 6100
108.30504096376283 397.44262295081967 7797 1.5221499712333204 226.39344262295083 6200
109.0701844912184 400.6290322580645 7825 1.528013911789465 226.2258064516129 6300
109.49115797300766 404.3809523809524 7847 1.527783746737466 226.0952380952381 6400
109.92048755344622 405.109375 7866 1.5289943625367983 225.546875 6500
110.31112230980912 405.3538461538462 7884 1.5329141997867521 225.2153846153846 6600
110.69563013541158 405.54545454545456 7900 1.5345522519267352 225.1060606060606 6700
111.25939953925713 407.95522388059703 7914 1.538887292942754 224.8955223880597 6800
111.88407808040098 410.7352941176471 7929 1.5477692025003185 224.73529411764707 6900
112.73193369639783 412.94202898550725 7949 1.5574288620914112 224.7536231884058 7000
113.73541521983124 415.0 7967 1.5613703545377242 225.57142857142858 7100
114.92696135068466 417.4788732394366 7990 1.56084132875282 227.11267605633802 7200
115.95202537883074 419.3888888888889 8013 1.5583428711444804 229.51388888888889 7300
117.03450231510179 421.3424657534247 8040 1.5580215129223676 231.5068493150685 7400
118.08540921494131 427.02702702702703 8064 1.5633506945366726 232.85135135135135 7500
119.0062612571049 433.05333333333334 8091 1.5640211701246685 234.45333333333335 7600
120.05146057027763 437.7631578947368 8114 1.5697577336756598 235.81578947368422 7700
121.02828266707868 437.4935064935065 8139 1.577761484038676 237.5974025974026 7800
121.66420714546723 436.0897435897436 8156 1.5823386779445348 239.25641025641025 7900
122.14216317858283 436.3544303797468 8176 1.5894338483864663 241.0632911392405 8000
122.41195929863511 437.975 8192 1.5933159252816356 243.4625 8100
122.64514409780833 438.95061728395063 8204 1.594538045862204 245.98765432098764 8200
122.79819298202081 445.0243902439024 8211 1.5942997770102258 249.17073170731706 8300
123.07256034838389 449.93975903614455 8221 1.5936520753660128 251.14457831325302 8400
123.34719666295067 453.32142857142856 8232 1.5951317973015213 252.02380952380952 8500
123.62072103635306 458.1411764705882 8239 1.598130246745033 252.09411764705882 8600
123.96187019817367 463.80232558139534 8244 1.6030735672939682 251.67441860465115 8700
124.36563690428116 474.3103448275862 8253 1.6009948162011896 251.86206896551724 8800
124.74105706831946 483.53409090909093 8264 1.5988140899840273 251.86363636363637 8900
125.19966717551226 490.7977528089888 8278 1.5963662056128851 252.03370786516854 9000
125.60894310862841 492.52222222222224 8294 1.5949250996245938 251.85555555555555 9100
126.09897345408802 494.05494505494505 8310 1.594442630487656 251.56043956043956 9200
126.762896576809 494.2391304347826 8321 1.5958073845040945 251.5 9300
127.5617639563742 494.68817204301075 8331 1.598888519522077 251.81720430107526 9400
128.44567796106946 497.13829787234044 8345 1.6019736298344898 252.31914893617022 9500
129.29522757301748 499.4842105263158 8364 1.6095397465412966 252.7157894736842 9600
130.2057231028962 500.3958333333333 8381 1.6218978571746885 252.72916666666666 9700
131.13885668792886 502.03092783505156 8399 1.6321777516269869 252.76288659793815 9800
132.23875160677318 502.94897959183675 8421 1.636880256771752 253.10204081632654 9900
133.22610792220883 504.3838383838384 8440 1.6430733854912292 252.2929292929293 10000
134.19989633559845 503.3 8460 1.6478621638314388 251.83 10100
135.26294682463228 502.5049504950495 8479 1.6501110532984542 251.8019801980198 10200
136.2156862603085 501.34313725490193 8499 1.6522513474095635 251.5 10300
137.19274602105963 502.99029126213594 8519 1.6535471040921335 251.05825242718447 10400
138.3492923284189 506.125 8539 1.6595617450858808 250.26923076923077 10500
139.3571773296102 505.1333333333333 8553 1.6628040141803009 249.53333333333333 10600
140.50212606999642 509.29245283018867 8570 1.6689500679548803 248.74528301886792 10700
141.85427778249513 518.8691588785047 8586 1.6735042729272647 248.30841121495328 10800
142.90788850648406 526.074074074074 8602 1.6762550503565874 248.05555555555554 10900
143.87145497581326 527.1009174311927 8621 1.6784156893981081 248.12844036697248 11000
144.95688629454068 528.1363636363636 8638 1.6790664558581252 248.16363636363636 11100
146.13312133703542 529.5855855855856 8652 1.6782039952948389 248.3153153153153 11200
147.39013272529877 531.0535714285714 8664 1.6755269808580848 248.40178571428572 11300
148.4027885496521 533.2654867256637 8677 1.6763161746766233 248.0 11400
149.39824003257496 535.2368421052631 8689 1.6782071897399153 247.49122807017545 11500
149.88251889110182 535.0434782608696 8701 1.6807638421962832 247.41739130434783 11600
150.49967924721332 533.5431034482758 8711 1.6844000513373851 247.23275862068965 11700
151.03648025118534 531.957264957265 8719 1.6884470144613573 247.54700854700855 11800
151.47998060877518 531.3474576271186 8724 1.6920034644075161 247.85593220338984 11900
151.98902964694943 530.3193277310925 8727 1.6943761997852593 248.28571428571428 12000
152.80570456326112 530.825 8735 1.6988461417101257 248.68333333333334 12100
153.25727570941297 530.7520661157025 8744 1.700487379360752 249.60330578512398 12200
153.61805237242567 529.516393442623 8750 1.7011431205535166 250.27868852459017 12300
153.99186988740988 530.1056910569106 8758 1.706011875670968 250.5691056910569 12400
154.51707878672545 530.7016129032259 8766 1.710243789824986 250.21774193548387 12500
154.86540986645144 529.344 8773 1.7117618395063863 249.776 12600
155.2221461621453 530.7142857142857 8781 1.7098827772880816 249.29365079365078 12700
155.71332673744863 534.0944881889764 8790 1.7077500340830092 249.1811023622047 12800
156.19402791941766 536.9921875 8801 1.7040808559893548 249.046875 12900
156.73376164094483 536.0697674418604 8815 1.7021464730324254 248.36434108527132 13000
157.30692713826323 534.5769230769231 8826 1.7040880036594488 248.02307692307693 13100
157.74565244862652 534.7557251908397 8833 1.7033289438054888 248.3053435114504 13200
158.16386489725616 534.1818181818181 8842 1.7050599228813428 248.40151515151516 13300
158.47365793115983 533.3383458646616 8853 1.705997722213382 248.61654135338347 13400
158.89832591794692 533.7089552238806 8861 1.7070561428457935 248.70149253731344 13500
159.19735660754606 533.8592592592593 8870 1.7071326995976603 248.65925925925927 13600
159.4931302410124 533.8602941176471 8875 1.7070102252658848 248.33823529411765 13700
159.88919641438827 533.3284671532847 8879 1.707724588941174 248.12408759124088 13800
160.03749335483386 532.268115942029 8882 1.710430070768275 248.06521739130434 13900
160.23199295194522 531.0143884892086 8885 1.709127780796603 248.45323741007195 14000
160.47122442724785 529.3714285714286 8888 1.7074239269001565 248.55714285714285 14100
160.56973476171794 528.3262411347517 8889 1.70750425365973 248.43971631205673 14200
160.58432938977415 528.5070422535211 8890 1.7013859819960655 248.72535211267606 14300
160.6226181394695 529.0769230769231 8891 1.6964811849191699 248.6013986013986 14400
160.62878867460006 529.0902777777778 8890 1.692540567371568 248.28472222222223 14500
160.6959164688482 529.5103448275862 8891 1.686874547885802 248.44827586206895 14600
160.77551885898782 532.0616438356165 8892 1.6825980098865843 248.45890410958904 14700
160.86793900241508 534.8503401360545 8893 1.6777483429465188 248.87755102040816 14800
160.87902700771164 536.3851351351351 8894 1.6746470027914746 249.3918918918919 14900
160.84419407953092 536.0604026845638 8896 1.6708861887746576 249.3221476510067 15000
160.9126713821586 534.4333333333333 8898 1.667466245761774 248.87333333333333 15100
160.99238884934286 533.523178807947 8898 1.6639657334646025 248.75496688741723 15200
161.06471904363826 532.7631578947369 8898 1.6585306815196896 248.64473684210526 15300
161.31446954857924 531.8627450980392 8896 1.6549527758307447 248.09150326797385 15400
161.46416894731095 530.8116883116883 8896 1.6511868487149606 247.62337662337663 15500
161.58633284216427 529.4516129032259 8898 1.648639902958156 247.24516129032259 15600
161.8302387432343 527.9615384615385 8899 1.6466708229047968 247.0448717948718 15700
162.01371436903742 525.9426751592357 8899 1.6455773781729193 246.97452229299364 15800
162.24155896312422 524.2911392405064 8898 1.6470487161622538 246.79113924050634 15900
162.51594489750042 523.1635220125786 8898 1.6489540701486547 246.8176100628931 16000
162.85975311541307 522.16875 8899 1.6500543572102255 246.75625 16100
163.32051932402078 522.0 8901 1.6542983260060211 246.527950310559 16200
163.75363976966648 521.6358024691358 8904 1.6581549398420448 246.42592592592592 16300
164.14843223306656 520.1472392638037 8906 1.662047749578163 246.2883435582822 16400
164.53141319150544 519.030487804878 8908 1.668718785013513 246.0 16500
164.9891303432173 517.5212121212121 8911 1.671552996233817 245.84242424242424 16600
165.6564932177845 516.6385542168674 8915 1.6747924500250673 245.71686746987953 16700
166.15084782029578 515.8323353293413 8921 1.676301652529664 245.4191616766467 16800
166.57842590347076 514.952380952381 8926 1.6771867617407967 245.20833333333334 16900
166.9745342502159 515.6745562130177 8929 1.6766054635554728 244.9940828402367 17000
167.24888136032902 516.3176470588236 8933 1.6747926140794498 245.09411764705882 17100
167.38494186416932 516.6842105263158 8936 1.6729011447067708 245.19298245614036 17200
167.5550361721228 515.9360465116279 8941 1.6719668073651688 245.15697674418604 17300
167.7378538743842 514.6820809248555 8945 1.6717333515270374 245.34104046242774 17400
168.0383814277007 513.1034482758621 8947 1.6725326472700477 245.54022988505747 17500
168.13790264468855 512.4742857142858 8947 1.6736712885530467 245.62857142857143 17600
168.3228994752029 511.15909090909093 8946 1.6746731562317227 245.46022727272728 17700
168.54956484549072 509.9265536723164 8946 1.6742512739931255 245.45762711864407 17800
168.70537840777578 508.80898876404495 8947 1.6736148938569624 245.1573033707865 17900
168.8468296356358 508.66480446927375 8946 1.6734519304524231 244.7094972067039 18000
169.1052458916126 508.1222222222222 8947 1.6732984938017614 244.29444444444445 18100
169.37835361766432 507.6685082872928 8950 1.672843303730531 243.90055248618785 18200
169.72671503593497 506.1758241758242 8951 1.6726102898782134 243.56043956043956 18300
170.13041602327343 505.2295081967213 8951 1.671027603722618 243.40983606557376 18400
170.39924155750276 504.5978260869565 8953 1.668999585987308 243.02717391304347 18500
170.73320907359368 503.64324324324326 8952 1.6675455341711602 242.6054054054054 18600
171.10614211324318 503.68817204301075 8955 1.6658266124119416 242.22043010752688 18700
171.4231111898066 503.98930481283423 8958 1.6650613753013284 242.02673796791444 18800
171.7809280375812 503.8776595744681 8961 1.664833507465801 242.06914893617022 18900
172.09520289581974 503.8624338624339 8965 1.6643920357270252 241.9047619047619 19000
172.34815571651183 502.7631578947368 8970 1.6642870484044854 241.66315789473686 19100
172.58984810755717 501.76439790575915 8975 1.6633130893529708 241.19895287958116 19200
172.85928342247317 500.5 8980 1.6624019383304203 240.77604166666666 19300
173.1648092445916 499.419689119171 8985 1.6613137466933763 240.45077720207254 19400
173.48298681350485 498.1340206185567 8990 1.6605483176527944 239.97938144329896 19500
173.71048676516347 497.0923076923077 8993 1.6580813374570735 239.66153846153847 19600
173.98202001341673 496.16326530612247 8994 1.6544970222432902 239.5612244897959 19700
174.26017369844573 495.1827411167513 8995 1.6519307235020186 239.37563451776649 19800
174.41260380486048 494.520202020202 8997 1.6491871120306647 239.38888888888889 19900
174.53793377909818 493.91959798994975 8998 1.6462525908209849 239.55778894472363 20000
174.7000701191713 493.655 9000 1.6437821974320974 239.735 20100
174.85995955904426 492.88557213930346 9003 1.6412144231884955 239.6766169154229 20200
175.17203338490202 492.4207920792079 9005 1.6391913722793192 239.2970297029703 20300
175.4967435330385 491.83251231527095 9007 1.636658409854298 239.06896551724137 20400
175.8264784945456 491.97549019607845 9008 1.635211375564003 238.8578431372549 20500
176.17147141287597 492.780487804878 9008 1.6354898941822649 238.72682926829268 20600
176.42124755967654 492.8009708737864 9010 1.6367045756945562 238.84466019417476 20700
176.5765644170039 491.52657004830917 9012 1.6376544730744536 239.2463768115942 20800
176.6440240864008 490.6923076923077 9015 1.6380610487915102 239.67307692307693 20900
176.6421979527276 490.377990430622 9015 1.6409566573774035 239.95215311004785 21000
176.70864007102892 489.7142857142857 9017 1.6421372870512678 240.04285714285714 21100
176.82534534153385 488.9668246445498 9018 1.6430434294507088 240.08530805687204 21200
176.9786994842857 488.14150943396226 9021 1.6431973551404493 240.19811320754718 21300
177.18111714383676 486.9765258215962 9021 1.6448724849285223 240.22535211267606 21400
177.39040030281166 485.89719626168227 9021 1.646759905502711 240.32242990654206 21500
177.56936095160498 484.9813953488372 9022 1.649476227945811 240.2046511627907 21600
177.7408545350589 483.837962962963 9023 1.6510990231868026 240.08796296296296 21700
177.9904122034952 482.63133640552996 9023 1.652130824923269 240.08755760368663 21800
178.29117921244088 481.58256880733944 9024 1.6512145411042676 240.11009174311926 21900
178.6219872622271 482.04566210045664 9024 1.6501523954880966 240.0456621004566 22000
178.93051105070785 481.77272727272725 9026 1.650368404684081 239.84545454545454 22100
179.1652373261397 482.14932126696834 9028 1.649530159771799 239.86425339366517 22200
179.3014679600807 482.7027027027027 9031 1.6487542253911727 239.9009009009009 22300
179.34646034295582 483.0986547085202 9033 1.6479003200456217 239.8609865470852 22400
179.3853830519801 482.45982142857144 9034 1.6465890090930373 239.78125 22500
179.42243283751537 482.0 9035 1.6466782431266977 239.66666666666666 22600
179.4666522629805 481.46017699115043 9036 1.6463733738109947 239.49115044247787 22700
179.5019801766832 480.4537444933921 9038 1.6453454888085712 239.43171806167402 22800
179.51036695230684 481.30263157894734 9039 1.64363701716243 239.3640350877193 22900
179.53978840757745 482.528384279476 9039 1.6416026973397897 239.4061135371179 23000
179.61375475201248 483.9782608695652 9037 1.6398528179373673 239.35652173913044 23100
179.66870948892287 483.5844155844156 9037 1.638657075710956 239.22943722943722 23200
179.68517672018982 483.6465517241379 9037 1.6384342284955602 239.05172413793105 23300
179.71879411313003 484.16309012875536 9037 1.6381327160049433 238.97424892703862 23400
179.75357381702742 484.9957264957265 9036 1.63718627989666 239.0811965811966 23500
179.82942115603367 484.9914893617021 9037 1.6356518520872312 239.01702127659576 23600
179.85084662132977 484.9618644067797 9037 1.6344322513875247 238.8771186440678 23700
179.83753578232742 484.7763713080169 9037 1.6332555564684024 238.9915611814346 23800
179.8426037413148 484.2647058823529 9039 1.632870729200328 238.91596638655463 23900
179.80041369918993 483.43514644351467 9040 1.633427577391157 238.93723849372384 24000
179.86403744758684 482.7083333333333 9042 1.6349549624853605 239.12916666666666 24100
179.96905082207695 483.14522821576764 9044 1.6376552086398375 239.2448132780083 24200
180.0772209968622 483.4834710743802 9047 1.638899507406632 239.40495867768595 24300
180.2923509499964 484.2716049382716 9050 1.6400495808203446 239.66255144032922 24400
180.46061071386254 484.8483606557377 9053 1.6416101699699879 239.9139344262295 24500
180.70627151723235 485.25714285714287 9056 1.6440707180290672 240.1795918367347 24600
180.93592528550255 485.5162601626016 9061 1.6464414579040416 240.28455284552845 24700
181.18902326607022 485.08906882591094 9063 1.6471643669813532 240.51012145748987 24800
181.34790141329694 484.76209677419354 9066 1.6474069182159876 240.91935483870967 24900
181.58516479594533 485.0642570281124 9068 1.6472712934988005 241.09236947791166 25000
181.80936117379858 485.752 9072 1.6477065985687076 241.436 25100
182.05468423692204 486.71314741035854 9074 1.6500065722795894 241.67330677290838 25200
182.29435406358724 486.62301587301585 9077 1.6512962287387976 242.234126984127 25300
182.42342969187857 486.3636363636364 9078 1.6523704607322287 242.2490118577075 25400
182.5678157291625 485.9448818897638 9079 1.6550859520803614 242.33858267716536 25500
182.70971327449953 485.6078431372549 9078 1.6574705479339162 242.5607843137255 25600
182.89440492917427 485.2265625 9078 1.6601106369393825 242.61328125 25700
183.16755547275042 484.8287937743191 9079 1.6628923076127702 242.75097276264592 25800
183.56497843111117 484.5891472868217 9081 1.6669529045436877 242.85658914728683 25900
183.845290623651 484.6911196911197 9081 1.6692040516303916 242.8146718146718 26000
184.14229619139013 484.9076923076923 9080 1.6716197948829565 242.7423076923077 26100
184.3653036470566 486.1417624521073 9082 1.6743873029253182 242.78544061302682 26200
184.49786234221082 486.51145038167937 9083 1.677600057617428 242.7709923664122 26300
184.6392865052835 486.615969581749 9083 1.6811344408855855 242.7718631178707 26400
184.76848630224893 487.2348484848485 9083 1.6839836791145542 242.65530303030303 26500
184.86428641316525 489.1283018867924 9083 1.6875661306399081 242.5433962264151 26600
184.99997405499695 490.20676691729324 9082 1.6904950800234673 242.46616541353384 26700
185.1372474825911 490.8426966292135 9081 1.6932772457662006 242.4569288389513 26800
185.24256721749518 490.4514925373134 9079 1.6955877784312523 242.52611940298507 26900
185.2723592578558 490.7211895910781 9077 1.698126033449643 242.75836431226764 27000
185.25063584197812 491.0037037037037 9076 1.6991466192906677 243.03333333333333 27100
185.27392137329693 490.7269372693727 9074 1.6986753349812134 243.31365313653137 27200
185.29993715775498 490.3897058823529 9073 1.6994154991908412 243.49264705882354 27300
185.37070756265354 490.84615384615387 9072 1.700046925464116 243.73260073260073 27400
185.449346696695 491.0255474452555 9070 1.7005941994587725 243.94890510948906 27500
185.5451560633484 491.07272727272726 9067 1.7012394888443327 244.08 27600
185.64931035714508 490.7210144927536 9066 1.7009080272817119 244.32246376811594 27700
185.7870987971172 491.2563176895307 9063 1.7010422771402445 244.4404332129964 27800
185.914764497035 491.8453237410072 9060 1.7027318074646216 244.6294964028777 27900
186.00968765729948 492.4731182795699 9060 1.7035284676529205 244.75985663082437 28000
186.03765029223658 493.2892857142857 9059 1.7039622945541602 244.85714285714286 28100
186.07271173166893 493.8576512455516 9057 1.705524197928904 244.932384341637 28200
186.1016571709259 493.31205673758865 9056 1.7069061621037591 244.9787234042553 28300
186.11942060612202 492.9611307420495 9054 1.708030168598092 245.00706713780917 28400
186.15046580762683 492.57042253521126 9053 1.7085824034441017 245.10915492957747 28500
186.20979515436835 491.99649122807017 9053 1.708127543672091 245.12280701754386 28600
186.2810236807809 491.458041958042 9051 1.7068800744681722 244.8951048951049 28700
186.37624551703175 490.93728222996515 9051 1.7053894462206938 244.64808362369337 28800
186.5502300282468 490.84722222222223 9050 1.7043936656822984 244.46180555555554 28900
186.6966171340992 490.7750865051903 9050 1.7033568775822279 244.2076124567474 29000
186.7465096824502 490.2931034482759 9049 1.702955497044838 243.9758620689655 29100
186.73325656676928 489.91752577319585 9048 1.7023677286481786 243.8316151202749 29200
186.79437762374138 489.9691780821918 9046 1.7018235866352383 243.87328767123287 29300
186.87831037504293 490.679180887372 9045 1.701171077117276 243.99317406143345 29400
186.9919528625789 491.39115646258506 9042 1.7008411301429542 244.1734693877551 29500
187.06082321919953 491.7762711864407 9040 1.7000521266725817 244.52542372881356 29600
186.99880975026764 491.9121621621622 9039 1.6997141127311202 244.97635135135135 29700
186.9283334213689 491.4208754208754 9039 1.6993035526807723 245.3804713804714 29800
186.846433600235 490.8590604026846 9039 1.6983296847492628 245.83892617449663 29900
186.76583294504425 490.2140468227425 9038 1.69782563579565 246.07692307692307 30000
186.68827660095462 489.64666666666665 9036 1.6988328836763311 246.18333333333334 30100
186.61221144770914 489.2059800664452 9035 1.6996752360640541 246.2624584717608 30200
186.52957161251746 488.9635761589404 9034 1.699345185613511 246.4569536423841 30300
186.41598674244543 488.8019801980198 9034 1.699551652861997 246.46204620462046 30400
186.23180137400283 488.51973684210526 9033 1.6994434785653016 246.38486842105263 30500
186.06087398012215 488.655737704918 9031 1.6999714183610848 246.2983606557377 30600
185.9169016841388 488.9542483660131 9031 1.7016871980396433 246.2516339869281 30700
185.77524996712663 488.9055374592834 9029 1.7046304422085523 246.30618892508144 30800
185.63508672498563 487.8766233766234 9028 1.7073376860275555 246.51298701298703 30900
185.50950225821 487.05825242718447 9026 1.7110715806071137 246.6569579288026 31000
185.39603439573807 486.16129032258067 9023 1.714183206720238 246.8516129032258 31100
185.32591686148214 485.3086816720257 9020 1.7158371881409813 247.11897106109325 31200
185.26855275324218 484.61538461538464 9018 1.7176757666540248 247.35897435897436 31300
185.25563561485734 483.82747603833866 9015 1.71946522994835 247.52396166134184 31400
185.2415615417397 483.4808917197452 9014 1.7211805142992438 247.671974522293 31500
185.27581485871116 483.2603174603175 9013 1.721878914160479 247.8920634920635 31600
185.33254973027687 483.06962025316454 9013 1.7244944463839398 247.91455696202533 31700
185.39604984917804 482.94952681388014 9013 1.7262238874765055 248.02839116719244 31800
185.45194896904798 482.3867924528302 9014 1.7285223748025005 247.95911949685535 31900
185.47863678584383 482.3949843260188 9014 1.7284559005027145 247.79937304075236 32000
185.50909088334518 483.1125 9014 1.7282374026429117 247.740625 32100
185.59579159108193 483.5638629283489 9014 1.7274883916628678 247.92523364485982 32200
185.6874609978301 483.7049689440994 9015 1.7260055084589458 248.1086956521739 32300
185.79649166549822 484.1547987616099 9017 1.7244212366503597 248.4767801857585 32400
185.88592736896825 483.5833333333333 9017 1.7243386847428113 248.62345679012347 32500
186.00445598280012 483.11692307692306 9016 1.72430775252602 248.93846153846152 32600
186.1362374643203 482.5398773006135 9015 1.7252231498272508 249.12269938650306 32700
186.26660906599935 482.28134556574923 9015 1.725854938915908 249.21100917431193 32800
186.42707068952598 481.7469512195122 9016 1.725696579478598 248.97865853658536 32900
186.5894378382765 481.7386018237082 9015 1.7252191657141658 248.8206686930091 33000
186.72648056575485 481.3363636363636 9014 1.7250417338988704 248.76363636363635 33100
186.7513953833766 481.95770392749245 9013 1.724773824238643 248.78549848942598 33200
186.73385889177968 482.6475903614458 9012 1.7248665402968266 248.79518072289156 33300
186.71456096918462 482.990990990991 9012 1.7246116858214606 248.86486486486487 33400
186.69169817906337 482.7365269461078 9013 1.7252490759836718 248.97005988023952 33500
186.6870361520735 482.03880597014927 9013 1.7264956672280702 249.04179104477612 33600
186.6616510680127 481.6190476190476 9013 1.7280371814459758 249.17559523809524 33700
186.65469292465588 481.1127596439169 9013 1.7297413013271314 249.32344213649853 33800
186.7051819351151 480.7573964497041 9013 1.7313955841305686 249.50887573964496 33900
186.78389461081264 480.5545722713864 9013 1.7341087617310615 249.5811209439528 34000
186.90255329287632 480.8382352941176 9013 1.7374015551865154 249.61764705882354 34100
186.98847837858284 481.2492668621701 9014 1.740285803507253 249.63343108504398 34200
187.0924511605499 482.53216374269005 9014 1.7436767806899804 249.73684210526315 34300
187.135058286574 483.7113702623907 9016 1.745604142567741 249.89504373177843 34400
187.21954970783483 484.6279069767442 9016 1.748233200292835 250.05232558139534 34500
187.27220175222232 484.9304347826087 9016 1.7518615098572035 250.23478260869564 34600
187.33191819132355 484.84971098265896 9016 1.7533356233024278 250.3815028901734 34700
187.42084037821422 484.1066282420749 9015 1.7539023794312394 250.49279538904898 34800
187.4614111635763 483.44827586206895 9014 1.7539527420519214 250.45402298850576 34900
187.51770812771093 483.08595988538684 9013 1.7536230461975861 250.46418338108882 35000
187.52174517673848 483.4971428571429 9011 1.7530914591157862 250.3542857142857 35100
187.55303735853786 484.1025641025641 9010 1.752370400827707 250.25925925925927 35200
187.6503962014731 484.70454545454544 9009 1.752774850944973 250.04261363636363 35300
187.73904488857067 484.728045325779 9009 1.7529667432100378 249.88101983002832 35400
187.84125433352 484.7853107344633 9009 1.7525731545671743 249.74576271186442 35500
188.00172962806482 484.8 9009 1.7527067513148722 249.62535211267607 35600
188.2447992459378 484.7612359550562 9008 1.753026863436647 249.5056179775281 35700
188.52883690633124 484.92436974789916 9009 1.7537186649396255 249.34453781512605 35800
188.8063000266067 484.8743016759777 9010 1.7553377003262003 249.27653631284917 35900
189.09766657377313 484.5793871866295 9011 1.7568669764425255 249.20891364902508 36000
189.29066865478018 484.84444444444443 9012 1.7572898206998822 249.13055555555556 36100
189.47838439208564 484.9418282548476 9013 1.7567925574230896 249.18005540166206 36200
189.63846205021466 484.98618784530385 9014 1.7563594288114237 249.4254143646409 36300
189.8003270477596 484.8429752066116 9014 1.7555652846725025 249.60055096418733 36400
189.9446981515435 484.9230769230769 9014 1.7554184780101452 249.78846153846155 36500
190.0710115943301 485.0931506849315 9014 1.7551328459901108 250.11780821917807 36600
190.14729986147782 484.948087431694 9012 1.7557368285862867 250.3879781420765 36700
190.21339861025118 484.84468664850135 9012 1.75680821643813 250.64305177111717 36800
190.3068437751514 484.76358695652175 9010 1.7574124513572291 250.80978260869566 36900
190.40704263143923 484.54742547425474 9010 1.7571317838842995 250.97018970189703 37000
190.60696633297326 484.3945945945946 9009 1.7567630213742675 251.02972972972972 37100
190.8682730739248 484.22911051212935 9008 1.7569457663395898 251.10512129380055 37200
191.16556812811342 484.36559139784947 9007 1.7568660001055392 251.0241935483871 37300
191.37130519720392 485.230563002681 9006 1.7567039694656543 250.99731903485255 37400
191.52739041840152 486.02941176470586 9006 1.7568500036508186 251.024064171123 37500
191.6923850949497 486.632 9005 1.757498403641083 251.08 37600
191.91923865039772 486.5186170212766 9005 1.7584690168749946 251.07978723404256 37700
192.1603005467117 486.9549071618037 9006 1.7588974810212146 251.07427055702917 37800
192.45493782293534 487.2433862433862 9008 1.7601292067220005 250.85185185185185 37900
192.71757189949992 487.4168865435356 9010 1.7616416186655661 250.62796833773086 38000
192.9404806010575 487.35526315789474 9013 1.7624405022777736 250.48157894736843 38100
193.14520587353093 487.48556430446195 9014 1.7627588236109883 250.27034120734908 38200
193.3770449224481 487.3743455497382 9017 1.7636773512026778 250.05497382198953 38300
193.5289545984467 487.08616187989554 9018 1.7639383407912774 249.9164490861619 38400
193.78399920099244 487.2578125 9020 1.764719308099722 249.8203125 38500
194.04372930614858 488.0857142857143 9021 1.7654998226015524 249.77142857142857 38600
194.31988581926524 488.9715025906736 9022 1.7665578879406112 249.7538860103627 38700
194.67173574397887 489.8966408268734 9023 1.7669849171237573 249.69767441860466 38800
194.99217451650813 490.0103092783505 9025 1.7669568569274992 249.78092783505156 38900
195.413143717847 489.7840616966581 9027 1.7669916408553925 249.93830334190233 39000
195.7301833297356 489.42820512820515 9027 1.7682144890558258 249.9974358974359 39100
195.9935175674549 489.00255754475705 9028 1.7696182196994983 250.15856777493607 39200
196.20125240411255 488.76020408163265 9028 1.7707292145602858 250.39285714285714 39300
196.3700419765231 488.65139949109414 9028 1.771044755597296 250.6590330788804 39400
196.57438040203604 488.4568527918782 9028 1.770759201865744 250.9035532994924 39500
196.87718702073212 488.4278481012658 9028 1.7696910449225456 251.0379746835443 39600
197.25253538849742 488.27272727272725 9028 1.7688560281178016 251.16666666666666 39700
197.49511755277584 488.3954659949622 9027 1.7677780761349082 251.28967254408062 39800
197.7163341163471 488.19849246231155 9028 1.7669339557974288 251.30402010050253 39900
197.9107878824948 488.56140350877195 9028 1.7658835601361735 251.3859649122807 40000
198.13627618610045 488.875 9027 1.7654905903662677 251.455 40100
198.2620830738922 489.09226932668327 9026 1.7653706420220823 251.45137157107231 40200
198.357233498589 489.181592039801 9026 1.7651972129969353 251.49253731343285 40300
198.4748130889533 488.9032258064516 9025 1.7652228035455326 251.6029776674938 40400
198.60352220876047 489.78960396039605 9025 1.76591644647105 251.8118811881188 40500
198.72952741958997 490.6469135802469 9024 1.7668311308905378 252.00493827160494 40600
198.82242330470436 491.4064039408867 9024 1.7670044761403778 252.14039408866995 40700
198.90051430490274 491.5601965601966 9024 1.7674167074242975 252.25061425061426 40800
198.97263055332695 491.5906862745098 9023 1.76792840783794 252.44607843137254 40900
199.01025096222756 491.80195599022005 9022 1.768436186195543 252.7237163814181 41000
199.0500108312257 491.85853658536587 9022 1.7692448784243344 252.85853658536584 41100
199.05108325468072 491.92457420924575 9022 1.770840389669044 252.91484184914842 41200
199.07763578933464 491.90291262135923 9021 1.7716393207620804 252.97815533980582 41300
199.13012995777194 491.7578692493947 9022 1.7719040012952287 252.98547215496367 41400
199.19921701448925 491.6642512077295 9022 1.772619648195921 252.92995169082127 41500
199.23058398437692 491.4698795180723 9022 1.7732796288699237 253.03614457831324 41600
199.25766877562324 491.1875 9021 1.7739364365599166 253.1875 41700
199.26351789961078 490.9928057553957 9021 1.774186106449432 253.41726618705036 41800
199.24126028686754 490.85406698564594 9020 1.7746067138502706 253.60287081339712 41900
199.26854011429558 490.6396181384248 9020 1.7753151192382857 253.65871121718376 42000
199.32201250900556 490.31666666666666 9021 1.7763035979793282 253.69761904761904 42100
199.40855107978402 489.9619952494062 9021 1.7773439355477518 253.79097387173397 42200
199.45993300470548 489.6303317535545 9022 1.7775825726210694 254.03317535545023 42300
199.51878157371996 489.32151300236404 9022 1.778730504824653 254.16548463356975 42400
199.59276508826656 489.6957547169811 9022 1.7804653048469667 254.25235849056602 42500
199.63259828144058 490.12470588235294 9022 1.7807612688355623 254.23294117647058 42600
199.6464444576911 490.5281690140845 9023 1.7809307052384613 254.22300469483568 42700
199.67495426809865 491.5456674473068 9023 1.7815856826515002 254.2505854800937 42800
199.7284496835751 493.32710280373834 9023 1.7818957294543838 254.40887850467288 42900
199.76748310657564 495.039627039627 9025 1.7829868816001777 254.44055944055944 43000
199.8087522928168 495.8046511627907 9026 1.7833586729054265 254.3 43100
199.8761111899628 495.48723897911833 9028 1.7821636242047803 254.27146171693735 43200
199.9711451492761 495.2083333333333 9028 1.7810217845396972 254.22916666666666 43300
200.01048525575678 494.824480369515 9029 1.7801418266077347 254.14087759815243 43400
200.05684503772653 494.7534562211982 9030 1.7791635172274303 254.1290322580645 43500
200.11533711718963 494.84137931034485 9030 1.7780515425796763 254.08965517241379 43600
200.14463223863302 494.7545871559633 9031 1.7770671060354624 254.11467889908258 43700
200.16225529015026 494.812356979405 9031 1.7765371001760093 254.00228832951944 43800
200.21920352782797 494.89269406392697 9031 1.7759576256841172 253.93835616438355 43900
200.26341656150984 494.9088838268793 9031 1.7755878733787693 254.00227790432803 44000
200.27642079868608 494.57272727272726 9032 1.7750603515321577 254.05 44100
200.35061822256367 494.2562358276644 9031 1.77453111415151 254.17233560090702 44200
200.42246981454136 493.9864253393665 9030 1.774064260540719 254.18778280542986 44300
200.46300201917148 493.74040632054175 9030 1.7735281908010192 254.15801354401805 44400
200.51964944217184 493.6418918918919 9030 1.7736826436666877 254.07432432432432 44500
200.5495097159296 493.50786516853935 9029 1.7738364023621738 254.05168539325842 44600
200.5907122635 493.3968609865471 9029 1.7744584778081824 254.04708520179372 44700
200.65655303305076 493.2863534675615 9030 1.7747499843561774 253.97762863534675 44800
200.70681654417606 492.9017857142857 9029 1.7744741200846181 253.92633928571428 44900
200.7227076557329 492.4320712694878 9028 1.7739184984363228 253.89755011135858 45000
200.72183334117446 491.8888888888889 9027 1.7732797606319899 253.8311111111111 45100
200.73448810950504 491.55432372505544 9026 1.772557119080816 253.82261640798225 45200
200.7589039103856 491.2234513274336 9025 1.772128778924489 253.8230088495575 45300
200.81938224895563 491.05298013245033 9024 1.772154507412037 253.878587196468 45400
200.8800679888357 491.0022026431718 9023 1.7720015298686245 253.94493392070484 45500
200.95832291956896 490.85934065934066 9022 1.771908624813374 254.0813186813187 45600
201.0086015729454 490.5263157894737 9021 1.7720798778291342 254.29166666666666 45700
201.04325659976016 490.1269146608315 9021 1.7722829084353393 254.39824945295405 45800
201.0327790167858 489.8406113537118 9021 1.7721309865887616 254.38646288209608 45900
201.03654999025076 489.7538126361656 9021 1.7718030794755435 254.44444444444446 46000
200.9960810264105 489.6717391304348 9021 1.7714982444057454 254.51956521739132 46100
200.9677183732416 489.37744034707157 9021 1.7713490132957606 254.57917570498915 46200
200.95249944993623 489.0995670995671 9021 1.7709781279855967 254.5974025974026 46300
200.97135789004275 488.9719222462203 9020 1.7706555437385902 254.62850971922245 46400
200.9956128304181 488.8685344827586 9020 1.7699340822992775 254.7456896551724 46500
200.9514589569329 488.4537634408602 9021 1.7686041491147955 254.71397849462366 46600
200.9500410633419 487.93776824034336 9022 1.768056744317368 254.56437768240343 46700
200.94061679383094 487.41113490364023 9021 1.767280188987792 254.54603854389723 46800
200.89518223841924 487.04059829059827 9019 1.7663733021370855 254.5405982905983 46900
200.84769466037878 486.63752665245204 9018 1.7661799170060377 254.54157782515992 47000
200.84206157411876 486.17021276595744 9016 1.766102363416088 254.61063829787233 47100
200.81451324485317 485.7473460721868 9015 1.7660961118902296 254.72186836518046 47200
200.81827971466387 485.2881355932203 9014 1.7664198890237652 254.72457627118644 47300
200.80855285928794 484.8118393234672 9014 1.7671422742649583 254.7864693446089 47400
200.8006819751538 485.08649789029533 9013 1.766946654708811 254.80590717299577 47500
200.7824811702 485.31368421052633 9012 1.7664723810497749 254.7957894736842 47600
200.7428757287769 485.38655462184875 9013 1.7658687976161969 254.83403361344537 47700
200.77503830320686 484.99161425576517 9013 1.765690563373458 254.874213836478 47800
200.8225479682071 484.7384937238494 9012 1.7657623404375302 254.84518828451883 47900
200.8621207654915 484.6221294363257 9011 1.7653566331953403 254.87473903966597 48000
200.86630703792076 484.6791666666667 9010 1.765021830131997 254.85833333333332 48100
200.87412155496122 485.04781704781703 9009 1.7648324147751286 254.8066528066528 48200
200.87131456442233 485.33609958506224 9009 1.7642378680008344 254.68672199170123 48300
200.8297021769563 485.43064182194615 9008 1.7631626300943803 254.59006211180125 48400
200.7786135230706 485.16735537190084 9006 1.7628606851491353 254.4400826446281 48500
200.71606539210256 485.5010309278351 9004 1.7628117567978643 254.27216494845362 48600
200.67496300208325 485.738683127572 9004 1.762774450407465 254.10699588477365 48700
200.67216517621694 485.8254620123203 9004 1.7625910724554066 254.03696098562628 48800
200.66919194726896 485.50204918032784 9003 1.7629102861326267 253.93237704918033 48900
200.70443798917185 485.2085889570552 9003 1.7637359638024304 253.91820040899796 49000
200.7152262776393 484.94489795918366 9001 1.7651498123235076 253.98979591836735 49100
200.68535454975265 484.63340122199594 9001 1.7662617497955804 254.0468431771894 49200
200.64067352717774 484.2439024390244 9002 1.7673855042394313 254.09756097560975 49300
200.64312337191618 483.7687626774848 9001 1.7689156332986509 254.1501014198783 49400
200.6811923059962 483.7995951417004 9000 1.7704799066455497 254.2408906882591 49500
200.72743608789511 484.2929292929293 9000 1.7722760572747205 254.31919191919192 49600
200.7802613202772 484.84879032258067 9000 1.7734346514647115 254.46370967741936 49700
200.8687338807969 485.22937625754525 9001 1.7740839858604642 254.53923541247485 49800
200.97289243052572 485.9136546184739 9003 1.774807944492502 254.53413654618473 49900
201.1121573150936 486.5170340681363 9005 1.7747755051040504 254.52304609218436 50000
201.28674716608674 486.862 9007 1.7747353880561065 254.512 50100
201.41835426571566 486.5788423153693 9008 1.7743466946667732 254.45908183632736 50200
201.4845141078212 486.3446215139442 9009 1.7737438090463364 254.41434262948206 50300
201.59085026896508 486.51292246520876 9009 1.7736767239388884 254.32604373757457 50400
201.68345424158778 486.7202380952381 9009 1.7736589246500274 254.26984126984127 50500
201.81955590881873 486.7564356435644 9009 1.7734470587926345 254.25346534653465 50600
201.93792585062187 486.2391304347826 9011 1.7735873698314721 254.26679841897234 50700
202.0197412594153 485.84615384615387 9011 1.7735622854042254 254.31755424063115 50800
202.0760947463084 485.496062992126 9011 1.7736062934395458 254.35236220472441 50900
202.18501374934462 485.1493123772102 9011 1.7736417755087541 254.35952848722985 51000
202.25911223992728 485.89803921568625 9011 1.7733503210469723 254.41764705882352 51100
202.36699461051475 486.51272015655576 9011 1.7731693048880346 254.46575342465752 51200
202.58273083913087 487.119140625 9012 1.7736954452915528 254.533203125 51300
202.8389962601917 486.9551656920078 9012 1.7748924426731303 254.58284600389862 51400
203.0322699787754 486.76459143968873 9013 1.7759936423778697 254.63035019455253 51500
203.1904376686411 486.5145631067961 9014 1.7771511169038463 254.55922330097087 51600
203.31833624808473 486.1821705426357 9015 1.778067490708296 254.52325581395348 51700
203.47584542250993 485.89941972920695 9015 1.7790854410668624 254.49903288201162 51800
203.69163504605726 485.76640926640925 9016 1.7809485696488019 254.4189189189189 51900
203.88256350484065 485.5086705202312 9017 1.7815082613670674 254.34489402697494 52000
204.08663618064784 485.41153846153844 9018 1.7815259333152436 254.35961538461538 52100
204.25752427680325 485.27063339731285 9019 1.7821238168517093 254.3915547024952 52200
204.4248100586039 484.9655172413793 9019 1.783075820588472 254.411877394636 52300
204.60876833465264 484.5889101338432 9019 1.7838974078482395 254.47418738049714 52400
204.7968285122658 484.59923664122135 9019 1.7852031095630003 254.51717557251908 52500
204.96596671171054 484.6742857142857 9019 1.787251227671031 254.56571428571428 52600
205.15951462650796 484.70152091254755 9019 1.788978225667689 254.58555133079847 52700
205.34216818434993 484.2618595825427 9020 1.7906858360343325 254.58633776091082 52800
205.4700424079879 483.8125 9020 1.7919137499627598 254.6401515151515 52900
205.58649456114017 483.3705103969754 9020 1.7928142772462456 254.78449905482043 53000
205.68353131028147 482.8716981132076 9020 1.7942429295533282 254.93018867924528 53100
205.82363340606932 482.36346516007535 9019 1.7950788096070793 255.23352165725046 53200
205.9225189842631 482.18609022556393 9019 1.7968215603826716 255.38345864661653 53300
206.01245431819694 481.93996247654786 9018 1.79781124661896 255.5590994371482 53400
206.0796381736769 481.84082397003743 9018 1.7992822617626199 255.66666666666666 53500
206.1400277713101 481.46168224299066 9018 1.8010073831840396 255.69345794392524 53600
206.22462898050298 481.1679104477612 9018 1.8020483663478275 255.6679104477612 53700
206.38197518014502 481.54748603351953 9019 1.8027110225312433 255.57914338919926 53800
206.57370295040636 481.34944237918216 9020 1.8030260991105944 255.45910780669146 53900
206.69032546559365 481.13543599257883 9020 1.8030307919796946 255.34879406307977 54000
206.82034835612913 480.67962962962963 9020 1.80298402713858 255.23888888888888 54100
206.90643970229357 480.2014787430684 9020 1.8014024825801955 255.20147874306838 54200
206.99236244323984 479.8468634686347 9019 1.800240169090986 255.18450184501845 54300
207.07570430893497 479.48618784530385 9018 1.7987664302897133 255.28545119705342 54400
207.12315735809727 479.1139705882353 9017 1.7974031516626052 255.3547794117647 54500
207.22775854174648 478.8275229357798 9016 1.7956577400928642 255.40550458715597 54600
207.30263589313287 478.6263736263736 9015 1.7941547039388481 255.3992673992674 54700
207.35297508170666 478.79707495429614 9014 1.7935500603012018 255.2595978062157 54800
207.4060228385391 479.3321167883212 9012 1.7932544925768719 255.17700729927006 54900
207.44004156656862 479.8451730418943 9011 1.7929600016019933 255.1384335154827 55000
207.4934407027451 479.8090909090909 9011 1.7928579690631952 255.07818181818183 55100
207.55067192073636 479.37931034482756 9011 1.7926440707527356 255.00362976406532 55200
207.58270624102454 479.1159420289855 9010 1.7926220485319482 254.91666666666666 55300
207.59236740176507 479.0614828209765 9009 1.7927591172554556 254.86980108499097 55400
207.5922949101653 479.43140794223825 9009 1.7924389466744612 254.82490974729242 55500
207.6157715622966 479.94594594594594 9008 1.792718098880548 254.7945945945946 55600
207.69032181627017 479.9478417266187 9008 1.793405656256662 254.75179856115108 55700
207.79115139157759 479.57809694793536 9009 1.7945209677289866 254.7773788150808 55800
207.9207327939817 479.1379928315412 9009 1.7948017894932629 254.84587813620072 55900
207.98302143833206 478.95885509838996 9008 1.7948281258439438 254.93381037567084 56000
208.0976899982889 478.91785714285714 9007 1.7948292444503913 255.03035714285716 56100
208.21234250084956 478.9055258467023 9007 1.7949462424393907 255.1711229946524 56200
208.3327458964414 478.7633451957295 9008 1.7952654821759024 255.30782918149467 56300
208.4116264582919 478.6607460035524 9008 1.795538044283437 255.49911190053285 56400
208.5222574546629 478.5017730496454 9009 1.7964915820299796 255.57801418439718 56500
208.67171655461348 478.16991150442476 9010 1.7975038465797168 255.59823008849557 56600
208.72783619361687 477.7897526501767 9011 1.798848934358572 255.68727915194347 56700
208.74345950898712 477.3862433862434 9011 1.7999595560414872 255.7848324514991 56800
208.74627654009657 477.0211267605634 9012 1.8010366777841647 255.89964788732394 56900
208.7854736172451 476.908611599297 9012 1.802340404436314 255.95079086115993 57000
208.821198777264 476.7280701754386 9011 1.8030770392043594 256.0 57100
208.86334528281742 476.47810858143606 9012 1.8034668185151068 256.00875656742556 57200
208.94448059453478 476.1031468531468 9012 1.8036792891121083 255.99475524475525 57300
209.0215414340996 475.7713787085515 9011 1.8038473880839896 255.9650959860384 57400
209.08604585306819 475.4512195121951 9011 1.803318037233669 255.98954703832752 57500
209.15577791533758 475.45565217391305 9010 1.8027180638355813 255.98260869565217 57600
209.25990171317034 475.234375 9010 1.802045105981045 256.05555555555554 57700
209.3516519431394 474.9428076256499 9010 1.8011907659517725 256.0641247833622 57800
209.3669569640959 474.6038062283737 9010 1.8004173678561235 256.02249134948096 57900
209.3632734855108 474.3264248704663 9009 1.8001096042194502 256.04663212435236 58000
209.34420223476326 474.0137931034483 9009 1.7999616319954266 256.07241379310346 58100
209.3125495705537 473.6643717728055 9008 1.7998844209951186 256.1153184165232 58200
209.31555349763727 473.5189003436426 9007 1.7996218340578924 256.20274914089345 58300
209.3362816595465 473.5197255574614 9007 1.7992592499413567 256.2658662092624 58400
209.3662283879512 473.61472602739724 9007 1.7986783265681694 256.3150684931507 58500
209.39578161678656 473.5846153846154 9007 1.7984642941941302 256.34358974358975 58600
209.45192975573482 473.5068259385666 9006 1.7983986554668363 256.35665529010237 58700
209.50342038417318 473.2623509369676 9006 1.7979243817777957 256.3952299829642 58800
209.57347376968463 473.0952380952381 9005 1.7974003537787981 256.42857142857144 58900
209.60601630888462 472.955857385399 9005 1.7967321802644813 256.55178268251274 59000
209.63488738181803 473.2389830508475 9005 1.7961640553174882 256.67118644067796 59100
209.6651551778692 474.1099830795262 9005 1.795798295494616 256.76142131979697 59200
209.71408565169224 475.31081081081084 9006 1.7954192925823425 256.7432432432432 59300
209.73915628209303 476.3844856661046 9006 1.7954129643767511 256.6930860033727 59400
209.75953074278766 477.59090909090907 9007 1.7951588086192893 256.7104377104377 59500
209.78768385833774 478.38487394957986 9008 1.7950739717158346 256.7109243697479 59600
209.86407384774037 479.748322147651 9008 1.7949284337319713 256.6661073825503 59700
209.9676474183936 480.3433835845896 9008 1.7951626953315756 256.678391959799 59800
210.06987546255763 481.0150501672241 9009 1.7955052326303522 256.6387959866221 59900
210.1771968746685 481.02003338898163 9008 1.7960795726154783 256.63439065108514 60000
210.24987869109734 481.23833333333334 9009 1.796703992839981 256.685 60100
210.33054460152894 481.4758735440932 9010 1.7970818722592317 256.68885191347755 60200
210.43304986869026 481.7043189368771 9011 1.797379394857124 256.687707641196 60300
210.48844410263644 481.93532338308455 9011 1.7979641719800807 256.61857379767827 60400
210.55389095631116 482.1456953642384 9012 1.7985056220264715 256.61920529801324 60500
210.6460229381485 482.55371900826447 9013 1.7987973482710555 256.6429752066116 60600
210.70781661991242 482.7079207920792 9013 1.799204373348916 256.6798679867987 60700
210.7567070576406 482.95551894563425 9013 1.799736081497455 256.7331136738056 60800
210.81328895289406 483.1694078947368 9013 1.8001046233433633 256.85361842105266 60900
210.85468033821533 483.6912972085386 9013 1.8002419243398973 256.95566502463055 61000
210.85753533068265 484.04754098360655 9014 1.8003555690826045 257.09016393442624 61100
210.80984893399315 484.3142389525368 9013 1.799663952402891 257.1849427168576 61200
210.76344630303015 484.8235294117647 9013 1.7991402640275052 257.2712418300654 61300
210.72051021647914 485.3132137030995 9013 1.7988020853499627 257.33605220228384 61400
210.67561287393013 485.785016286645 9012 1.7988872021975806 257.3664495114007 61500
210.6559930388524 485.9024390243902 9011 1.799248810967576 257.37235772357724 61600
210.66705820861034 486.0827922077922 9010 1.799642346447607 257.3003246753247 61700
210.70794690886558 486.581847649919 9009 1.7996553933864154 257.26418152350084 61800
210.73263910574948 486.8592233009709 9008 1.79987844291168 257.2669902912621 61900
210.8067502999027 487.0306946688207 9008 1.7994949559279778 257.20193861066235 62000
210.90206297153105 486.90967741935486 9007 1.7992692777217796 257.13709677419354 62100
210.96780595292304 486.7890499194847 9008 1.7988517748591035 257.0676328502415 62200
211.0443584867344 486.7475884244373 9008 1.7979314586524808 257.0755627009646 62300
211.1584706985963 486.8523274478331 9007 1.7973046142684599 257.03691813804176 62400
211.28357343521324 486.87179487179486 9007 1.7966999594379014 257.07371794871796 62500
211.4014768732409 486.6544 9007 1.7962252395028009 257.1168 62600
211.52487019631823 486.4329073482428 9007 1.796029852608193 257.16773162939296 62700
211.61191012111382 486.8070175438597 9007 1.7959871108484202 257.14673046251994 62800
211.71770917168612 487.03821656050957 9008 1.7964021055343062 257.1003184713376 62900
211.80676658839434 487.2496025437202 9009 1.796789383585921 257.0667726550079 63000
211.91817742052214 486.9873015873016 9010 1.7972389242468956 257.0174603174603 63100
212.05640271326595 486.65768621236134 9010 1.7979642222445777 256.9651347068146 63200
212.15220603237285 486.3370253164557 9011 1.798433170662927 256.9651898734177 63300
212.21387148044033 486.0331753554502 9011 1.7986276974509021 256.9083728278041 63400
212.27509306124807 485.73501577287067 9011 1.7987199926554636 256.84858044164037 63500
212.27934314957324 485.52283464566926 9011 1.798651302967528 256.8015748031496 63600
212.3642830189465 485.3191823899371 9011 1.7984893546514045 256.8050314465409 63700
212.4376365112387 485.0690737833595 9011 1.798430296897191 256.7849293563579 63800
212.50429616451612 484.80407523510974 9011 1.7982545041274525 256.8307210031348 63900
212.60263209132216 484.46478873239437 9010 1.7981007412101953 256.93114241001564 64000
212.6768068675684 484.1171875 9010 1.7982248822714422 256.928125 64100
212.7651664250613 484.0780031201248 9010 1.7986296676465139 256.94539781591266 64200
212.87386612710011 483.9704049844237 9010 1.7993098303412187 256.9563862928349 64300
212.98976930163528 484.01244167962676 9011 1.8000107481789462 256.9968895800933 64400
213.0836822495661 483.79813664596276 9011 1.800731462767793 256.99844720496895 64500
213.15652595036113 483.5503875968992 9011 1.801381491507688 256.9519379844961 64600
213.22228285384645 483.55263157894734 9011 1.801278259907136 256.95510835913313 64700
213.32230526939583 483.6321483771252 9011 1.801152636630618 256.90108191653786 64800
213.4543800848972 483.74691358024694 9011 1.8007635424503903 256.84567901234567 64900
213.5954362346908 483.4884437596302 9012 1.8004058597208525 256.768875192604 65000
213.7767734756484 483.1876923076923 9012 1.8006187361062114 256.6753846153846 65100
213.94527402387706 483.10138248847926 9013 1.8007055627130266 256.6113671274962 65200
214.08264758261436 483.05828220858893 9013 1.8005393083105643 256.5322085889571 65300
214.22032805665881 482.781010719755 9014 1.800611722979241 256.50382848392036 65400
214.34408755179345 483.21865443425077 9014 1.8005024797738702 256.480122324159 65500
214.45342460283743 483.6091603053435 9014 1.8002345370566581 256.46870229007635 65600
214.54065781246334 483.9161585365854 9014 1.7998086205875676 256.5426829268293 65700
214.6634389914043 483.7001522070015 9014 1.7996157260708088 256.5296803652968 65800
214.76747373878632 483.40273556231006 9014 1.7995610461886895 256.51063829787233 65900
214.8462551301484 483.10166919575113 9014 1.7994587424116852 256.47192716236725 66000
214.87719500128952 482.92121212121214 9013 1.7993169600033967 256.44545454545454 66100
214.90263662304395 482.74886535552196 9013 1.7991667074164022 256.43872919818455 66200
214.92288944054488 482.5906344410876 9013 1.7995357581013767 256.3595166163142 66300
214.94486157700436 482.3876319758673 9012 1.7993462819103916 256.3001508295626 66400
214.99754057547003 482.11746987951807 9011 1.7991464632127354 256.2063253012048 66500
215.04970984191027 481.86015037593984 9010 1.7989177599951667 256.1503759398496 66600
215.10517512303898 481.64864864864865 9009 1.7988893549501288 256.05855855855856 66700
215.18193820089832 481.70014992503746 9009 1.798663356139331 255.99250374812593 66800
215.25829624513025 481.7544910179641 9009 1.7982298644521328 255.9805389221557 66900
215.33636588401177 482.75037369207774 9008 1.7979709259402463 255.91778774289986 67000
215.40476234271188 483.2343283582089 9008 1.7979058737596074 255.85671641791043 67100
215.45871500019769 483.7242921013413 9008 1.79723064531318 255.82563338301043 67200
215.55618322631696 483.6607142857143 9008 1.7970009228392871 255.80654761904762 67300
215.6326989953712 483.5378900445765 9008 1.7969882343038075 255.81723625557206 67400
215.67004898998553 483.38278931750745 9008 1.7971039787632974 255.86053412462908 67500
215.70651033424133 483.35555555555555 9008 1.797011519354094 255.88592592592593 67600
215.74321498537438 483.18195266272187 9009 1.7969271827870024 255.89644970414201 67700
215.78250421096007 483.0029542097489 9009 1.7967448226761724 255.9202363367799 67800
215.82958504314325 482.8731563421829 9009 1.796864005858668 255.9070796460177 67900
215.85165514537587 482.68335787923417 9010 1.7974138567571936 255.8880706921944 68000
215.8636319687742 482.7 9011 1.7988403685273524 255.93235294117648 68100
215.90190898229145 482.6563876651982 9012 1.8002704520871173 255.91189427312776 68200
215.9158626749892 482.6143695014663 9012 1.8011964751512393 255.89736070381232 68300
215.88593314638462 482.3718887262079 9012 1.8021530622367359 255.9121522693997 68400
215.8265765863696 482.10087719298247 9012 1.8027413552079476 255.94005847953215 68500
215.7884057534449 481.86277372262776 9012 1.803368824966089 255.97080291970804 68600
215.74541200669256 481.6049562682216 9011 1.80423176959035 256.0087463556851 68700
215.73290404970345 481.42940320232896 9011 1.8044547900254597 256.04366812227073 68800
215.75188680778075 481.21656976744185 9010 1.8046462368608385 256.05668604651163 68900
215.77120571245416 480.92743105950655 9009 1.805245286305667 256.09724238026126 69000
215.79633263912248 480.6014492753623 9009 1.8060001293059802 256.1565217391304 69100
215.83258122740574 480.3328509406657 9009 1.8066989552966934 256.2098408104197 69200
215.91526740972077 480.0693641618497 9009 1.8075037781411147 256.2369942196532 69300
215.99012140719094 479.82395382395384 9008 1.8089077954957133 256.2178932178932 69400
216.0168503800795 479.6585014409222 9008 1.809867582533904 256.2319884726225 69500
216.0842714697453 479.42446043165467 9009 1.810597374747138 256.21438848920866 69600
216.16437108341637 479.2169540229885 9009 1.810795823847671 256.1810344827586 69700
216.23272418155628 478.9196556671449 9009 1.8106258265283883 256.17790530846486 69800
216.28546561517402 478.6418338108883 9009 1.810676726269972 256.1590257879656 69900
216.3953603882237 478.3233190271817 9009 1.81075933617893 256.15450643776825 70000
216.4890864425501 477.94428571428574 9009 1.8110296799843888 256.14 70100
216.5831909543387 477.59201141226816 9009 1.8113640949137326 256.17546362339516 70200
216.66400658113832 477.3105413105413 9008 1.8110824314788645 256.16524216524215 70300
216.7541878497013 477.0469416785206 9008 1.8108563880671498 256.08250355618776 70400
216.88103335968088 476.68465909090907 9008 1.810335916556322 256.06107954545456 70500
216.98394969585112 476.4269503546099 9009 1.8096798742448328 255.9758865248227 70600
217.03697402054985 476.1218130311615 9008 1.8090930030875587 255.87110481586402 70700
217.0859563794876 475.85714285714283 9008 1.8078778786136018 255.7906647807638 70800
217.1005921011195 475.5183615819209 9007 1.806667909169508 255.69915254237287 70900
217.09985359618614 475.28772919605075 9007 1.8055629555796404 255.6488011283498 71000
217.08097452709552 475.0098591549296 9006 1.8044909576766333 255.63098591549297 71100
217.0501948372574 474.7088607594937 9005 1.8034817671900827 255.63150492264415 71200
217.00759939813864 474.2991573033708 9004 1.80254054747961 255.60393258426967 71300
216.9759267355669 474.00841514726505 9003 1.801743215089304 255.59186535764377 71400
216.93712354749252 473.81232492997196 9002 1.8010971118915808 255.54761904761904 71500
216.898671465457 473.57202797202797 9002 1.8006759970497743 255.57202797202797 71600
216.8647752080324 473.30027932960894 9001 1.8003897801277093 255.58379888268158 71700
216.8244061058452 472.97350069735006 9000 1.8004862591197086 255.61227336122732 71800
216.78914485383837 472.66295264623955 9000 1.8004678019935714 255.72144846796658 71900
216.75000532189975 472.68011126564676 9000 1.8005085800631804 255.86091794158554 72000
216.72776241016334 472.6847222222222 8999 1.8004837191126095 255.93055555555554 72100
216.7306724374123 473.0471567267684 8999 1.8005192298441062 256.0138696255201 72200
216.72726916376797 473.191135734072 8999 1.8008262977005856 256.084487534626 72300
216.72547968552604 473.35961272475794 8999 1.8017764755433907 256.13831258644535 72400
216.72116894232465 473.292817679558 8999 1.8025720574525543 256.1422651933702 72500
216.73072083527526 473.2206896551724 8999 1.8030589312430412 256.2179310344828 72600
216.73727163627075 473.17906336088157 9000 1.8031465452036797 256.3044077134986 72700
216.72884302245487 473.06602475928474 9000 1.8032893652848108 256.4305364511692 72800
216.7046811884639 472.9629120879121 9000 1.8031537280447842 256.5315934065934 72900
216.70894195081493 473.14814814814815 9001 1.802631188256276 256.65980795610426 73000
216.71085644633692 473.25753424657535 9000 1.8018665488811914 256.6917808219178 73100
216.72710709250683 473.3406292749658 9000 1.801147984169563 256.78659370725035 73200
216.7412251342245 473.2049180327869 9000 1.800842833614383 256.88524590163934 73300
216.78293588537085 472.98090040927696 8999 1.8005920538640166 256.9890859481583 73400
216.82432719575328 472.87193460490465 8999 1.80031876768709 257.1144414168937 73500
216.8370107227503 472.9034013605442 8999 1.799817406345772 257.1469387755102 73600
216.85533283574873 473.07065217391306 8998 1.7993742905905823 257.1467391304348 73700
216.86162000048526 473.16553595658075 8997 1.7988550129461809 257.1940298507463 73800
216.9172873364405 473.16531165311653 8996 1.7985049933358752 257.18563685636855 73900
216.98571288298626 473.30040595399186 8996 1.7983137049242472 257.22462787550745 74000
217.01663673097056 473.27027027027026 8994 1.7977827477627353 257.2972972972973 74100
217.10100471009423 473.0242914979757 8993 1.7974519094782342 257.33468286099867 74200
217.19628545809667 472.8342318059299 8993 1.797724885341471 257.2830188679245 74300
217.31596942584494 472.6958277254374 8992 1.7978689459328847 257.257065948856 74400
217.44350172500376 472.4287634408602 8992 1.7979486151683821 257.23924731182797 74500
217.5814314493153 472.31006711409395 8991 1.7981886092232522 257.2510067114094 74600
217.6746241629997 472.30026809651474 8990 1.7981473937423431 257.35120643431634 74700
217.77212392241262 472.20883534136544 8990 1.7980220899415442 257.4484605087015 74800
217.86563251836188 472.2901069518717 8990 1.7979021851867203 257.52139037433153 74900
217.92560265091757 472.3457943925234 8989 1.7977566400648273 257.6128170894526 75000
217.99208426339447 472.4626666666667 8989 1.7973899342417106 257.7253333333333 75100
218.04553380669057 472.5912117177097 8989 1.7975180661818368 257.7496671105193 75200
218.0952227902559 472.719414893617 8988 1.7973536978005822 257.8218085106383 75300
218.11594107893814 472.53652058432937 8988 1.7976875979201097 257.86188579017266 75400
218.10389693207634 472.39257294429706 8988 1.7983980034047424 257.93766578249335 75500
218.100072227665 472.1205298013245 8988 1.799106527020542 257.9920529801324 75600
218.09417789721576 471.8425925925926 8988 1.7994262489775659 258.04761904761904 75700
218.092927618751 471.56538969616906 8988 1.7991958312114131 258.108322324967 75800
218.07540002462085 471.2915567282322 8987 1.7987876519068693 258.14379947229554 75900
218.07555104346423 471.0790513833992 8987 1.7983519436782476 258.197628458498 76000
218.0839707093629 470.86052631578946 8986 1.797861391008794 258.27763157894736 76100
218.09942640261875 470.6609724047306 8986 1.7980672833393283 258.2785808147175 76200
218.12458892072073 470.5288713910761 8986 1.798396303292695 258.34645669291336 76300
218.15522992236706 470.54259501965925 8985 1.7987214872043784 258.44298820445607 76400
218.21295137798148 470.4581151832461 8985 1.799088275007018 258.5589005235602 76500
218.2636999961412 470.3058823529412 8985 1.799208818893056 258.64575163398695 76600
218.31324083908194 470.2297650130548 8985 1.7998959893584028 258.6853785900783 76700
218.36890342858956 470.1864406779661 8984 1.7998451074494837 258.6701434159061 76800
218.38413867341455 470.3072916666667 8984 1.7999543207603992 258.58203125 76900
218.41506562562708 470.38361508452533 8984 1.7998098923704493 258.55136540962286 77000
218.43611417068587 470.4324675324675 8985 1.799689771826034 258.54935064935063 77100
218.4366612137517 470.2490272373541 8985 1.7996548010100824 258.4539559014267 77200
218.43795985489385 469.98316062176167 8986 1.7997793846011745 258.3704663212435 77300
218.46915666201727 469.6972833117723 8986 1.7999305971264856 258.27425614489005 77400
218.50367359842136 469.61240310077517 8986 1.8000572490470892 258.2157622739018 77500
218.53331999459826 469.58193548387095 8985 1.7999357330521137 258.2025806451613 77600
218.53914478202415 469.5128865979381 8985 1.799617763665915 258.2757731958763 77700
218.5443970853701 469.5778635778636 8985 1.7991139612227234 258.3770913770914 77800
218.54334966085284 469.7107969151671 8986 1.799313744633164 258.439588688946 77900
218.5267394872626 469.82028241335047 8986 1.7994362389816516 258.51476251604623 78000
218.50466146258327 469.70512820512823 8986 1.7997591182281907 258.5128205128205 78100
218.47050747716403 469.4276568501921 8985 1.7999530495905043 258.54417413572344 78200
218.4430765098871 469.306905370844 8985 1.7997932630820765 258.55882352941177 78300
218.4228192192137 469.34610472541505 8984 1.799692544013719 258.5274584929757 78400
218.39562380187644 469.27933673469386 8984 1.7996747146026226 258.51275510204084 78500
218.37648558900378 469.20636942675156 8983 1.7997124134282025 258.5668789808917 78600
218.3463309812887 468.941475826972 8982 1.7998741397066562 258.6297709923664 78700
218.307954891671 468.6823379923761 8982 1.7998274862822983 258.7166454891995 78800
218.25844238066622 468.77284263959393 8982 1.7998143469395678 258.81218274111677 78900
218.2269077177769 468.8808618504436 8981 1.8000363819878065 258.8656527249683 79000
218.21036057781652 469.13037974683544 8980 1.80038443720048 258.9063291139241 79100
218.18352236446478 469.02275600505686 8980 1.8005806080201452 258.9077117572693 79200
218.1432596108627 468.854797979798 8979 1.8003704637441897 258.92171717171715 79300
218.11008860361827 468.796973518285 8978 1.8003154653747226 258.9735182849937 79400
218.0871829766557 469.05037783375315 8977 1.8003086093665326 259.05541561712846 79500
218.0843935599204 469.211320754717 8976 1.799930862688084 259.11572327044024 79600
218.0814892920398 469.3819095477387 8976 1.800002737052977 259.15201005025125 79700
218.1002573781594 469.34504391468005 8975 1.800065468875997 259.23462986198246 79800
218.11062653164282 469.3483709273183 8974 1.8003465776166316 259.2393483709273 79900
