0 3108 0 0 4556797 3003 5862156 79900
232 0 968 0 0 79900
283.60668237603846 661.6810688817711 5640 2.4876085759334847 351.22552047832954
0 3117 0 0 4569521 3032 5878984 79900
233 0 917 0 0 79900
285.25745675767837 667.7513583463062 5683 2.408009644867002 342.14322441175284
0 3084 0 0 4580964 2985 5924524 79900
174 0 852 0 0 79900
277.0964665949502 680.8661424345056 5680 2.5114133780422807 349.86992459419264
0 3239 0 0 4575754 3173 5942130 79900
210 0 889 0 0 79900
283.8372929766324 679.1182244285702 5705 2.4912023563670522 337.0899314612758
0 3041 0 0 4580276 2957 5921971 79900
185 0 867 0 0 79900
271.2726054620364 1089.3053870567398 5644 2.487699957511535 338.3612921465798
0 2775 0 0 4582585 2678 5937885 79900
160 0 823 0 0 79900
272.7632321564421 1346.6707635233545 5713 2.6397403319257777 361.51765735768845
0 3145 0 0 4570247 3056 5880741 79900
208 0 826 0 0 79900
293.1001384626008 615.5257353790092 5656 2.4559969946202043 348.4103152622362
0 2952 0 0 4546719 2837 5837399 79900
178 0 873 0 0 79900
281.9916859530466 597.6458144096902 5609 2.3657554366821922 342.17464849236757
