0 1147 0 0 4655577 555228 6882536 79900
0 0 0 0 0 79900
427.04088086744224 624.2885356988204 6593 12.58250979015128 558.4884479727501
0 1130 0 0 4634578 560446 6812425 79900
0 0 0 0 0 79900
382.0050567238844 600.0949163634546 6437 12.592241847625072 555.4752921580888
0 1055 0 0 4616720 588319 6789764 79900
0 0 0 0 0 79900
341.50209261196034 565.0268907304924 6439 12.47206100477822 538.5084429070637
0 1020 0 0 4640856 554448 6812126 79900
0 0 0 0 0 79900
349.1574116742507 569.9105580122581 6503 12.764970103525615 550.2208429823299
0 1033 0 0 4631553 546241 6767933 79900
0 0 0 0 0 79900
354.9756007885735 628.868702803906 6462 12.720814896769886 520.2942396122864
0 917 0 0 4632261 587807 6844980 79900
0 0 0 0 0 79900
353.4810539973485 589.3131825330138 6510 12.78376858377823 539.2187443193194
0 932 0 0 4639000 559067 6840092 79900
0 0 0 0 0 79900
389.5539559810636 602.5548138421016 6542 12.555248077537362 526.3405750349507
0 999 0 0 4640952 564969 6862452 79900
0 0 0 0 0 79900
406.35394073959753 649.4665605633924 6554 12.814953159969466 553.4115154549871
