0 3085 0 0 4589908 3021 5963260 79900
402 0 647 0 0 79900
376.0450280130298 860.7928436789116 5847 2.6048342346419537 353.27784203543723
0 2882 0 0 4590740 2823 5964764 79900
454 0 594 0 0 79900
363.0384409587904 737.6416875149171 5763 2.5379146353603677 336.22260002745094
0 2873 0 0 4580931 2794 5984950 79900
398 0 595 0 0 79900
329.9137261358477 727.3811216216666 5802 2.496234455558501 330.86840721753725
0 2828 0 0 4566669 2760 5889894 79900
421 0 588 0 0 79900
281.25867104477794 613.7485550885594 5583 2.5332558517816564 348.43039329814275
0 2990 0 0 4565874 2922 5891424 79900
413 0 641 0 0 79900
349.31030546634355 647.0529091617528 5636 2.4788056810219334 337.3559629454567
0 2842 0 0 4541608 2782 5801166 79900
355 0 589 0 0 79900
304.39376686257197 651.5777292483918 5542 2.441711166921849 344.661140143598
0 2871 0 0 4576935 2789 5900818 79900
369 0 603 0 0 79900
308.36869639809186 640.8030057037282 5669 2.4289132932310764 340.4255145722617
0 2938 0 0 4576762 2874 5909649 79900
382 0 554 0 0 79900
312.4288511491323 652.0080134779031 5672 2.448212711370827 341.2908622580999
