0 3461 0 0 4575275 3353 5914695 79900
0 0 0 0 0 79900
269.0054411207435 659.6697269473166 5706 2.404842695704595 344.1874092583402
0 3343 0 0 4551054 3243 5844975 79900
0 0 0 0 0 79900
268.28922490165615 628.1904650027825 5562 2.3217701013098124 344.3197574765149
0 3264 0 0 4575072 3188 5908512 79900
0 0 0 0 0 79900
276.99421287479095 681.4041299065713 5737 2.4478989043605504 348.1657907655632
0 3432 0 0 4555043 3328 5871373 79900
0 0 0 0 0 79900
284.13756344437303 573.3936991660959 5694 2.519827250460696 354.1050129473777
0 3132 0 0 4591739 3008 5958554 79900
0 0 0 0 0 79900
286.73570725939675 707.8708651271722 5723 2.488790659009848 335.71311026818705
0 3261 0 0 4582400 3170 5942036 79900
0 0 0 0 0 79900
274.2977936322462 708.9989090742771 5732 2.5246603514186097 355.5876120815642
0 3387 0 0 4571811 3292 5907616 79900
0 0 0 0 0 79900
292.29351901557646 699.7628047880801 5700 2.50900660132278 337.8321811069148
0 3147 0 0 4576217 3060 5918952 79900
0 0 0 0 0 79900
295.35402829720744 662.3811542144127 5773 2.45014046234424 348.3107196433813
