1 0 0 0 0 0
1 0 0 0 1 100
2 0 0 0 1 200
2 0 0 1 1 300
2 0 0 1 1 400
3 0 1 1 2 500
3 0 1 2 2 600
3 0 1 2 2 700
3 0 1 3 2 800
3 0 1 4 3 900
3 0 1 4 3 1000
3 0 1 4 4 1100
3 0 1 4 4 1200
3 0 1 4 4 1300
3 0 1 4 4 1400
4 0 1 4 4 1500
4 0 1 4 4 1600
4 0 1 4 4 1700
4 0 1 4 4 1800
4 0 1 4 4 1900
4 0 1 4 4 2000
4 0 1 4 4 2100
4 0 1 4 4 2200
4 0 1 4 4 2300
4 0 1 4 4 2400
4 0 1 4 4 2500
4 0 1 4 4 2600
4 0 1 4 4 2700
4 0 1 4 4 2800
4 0 1 4 4 2900
4 0 1 4 4 3000
4 0 1 5 4 3100
4 0 1 5 4 3200
5 0 1 5 4 3300
6 0 1 5 4 3400
6 0 1 5 4 3500
6 0 1 5 4 3600
6 0 1 5 4 3700
7 0 1 5 4 3800
7 0 1 5 4 3900
7 0 1 5 4 4000
7 0 1 5 4 4100
7 0 1 5 4 4200
7 0 1 5 4 4300
7 0 1 5 4 4400
7 0 1 5 4 4500
7 0 1 5 4 4600
7 0 1 5 4 4700
7 0 1 5 4 4800
7 0 1 5 4 4900
7 0 1 5 4 5000
7 0 1 5 4 5100
7 0 1 5 4 5200
7 0 1 5 4 5300
7 0 1 5 4 5400
7 0 1 5 4 5500
7 0 1 5 4 5600
7 0 1 5 4 5700
7 0 1 5 4 5800
7 0 1 5 4 5900
7 0 1 5 4 6000
7 0 1 5 4 6100
7 0 1 5 4 6200
7 0 1 5 4 6300
7 0 1 5 4 6400
8 0 1 5 4 6500
9 0 1 5 4 6600
10 0 1 5 4 6700
12 0 1 5 4 6800
13 0 1 5 4 6900
13 0 1 5 4 7000
13 0 1 5 4 7100
13 0 1 5 4 7200
13 0 1 5 4 7300
13 0 1 5 4 7400
13 0 1 5 4 7500
13 0 1 5 4 7600
13 0 1 5 4 7700
13 0 1 5 4 7800
13 0 1 5 4 7900
13 0 1 5 4 8000
13 0 1 5 4 8100
13 0 1 5 4 8200
13 0 1 5 4 8300
13 0 1 5 4 8400
13 0 1 5 4 8500
13 0 1 5 4 8600
13 0 1 5 4 8700
13 0 1 5 4 8800
14 0 1 5 4 8900
14 0 1 5 4 9000
15 0 1 5 4 9100
16 0 1 5 4 9200
16 0 1 5 4 9300
17 0 1 5 4 9400
18 0 1 5 4 9500
18 0 2 5 4 9600
18 0 2 5 4 9700
18 0 2 5 4 9800
18 0 2 6 4 9900
18 0 2 6 4 10000
18 0 2 6 4 10100
18 0 2 6 4 10200
18 0 2 6 4 10300
18 0 2 6 4 10400
18 0 2 6 4 10500
19 0 2 6 4 10600
20 0 2 6 4 10700
21 0 2 6 4 10800
21 0 2 6 4 10900
21 0 2 6 5 11000
21 0 2 6 5 11100
21 0 2 6 6 11200
21 0 2 7 6 11300
21 0 2 7 7 11400
22 0 2 7 7 11500
22 0 2 7 7 11600
22 0 2 7 7 11700
22 0 2 7 7 11800
22 0 2 7 7 11900
22 0 2 7 7 12000
22 0 2 7 7 12100
22 0 2 7 7 12200
23 0 2 7 7 12300
24 0 2 7 7 12400
25 0 2 7 7 12500
26 0 2 8 7 12600
27 0 2 8 7 12700
27 0 2 8 7 12800
27 0 2 8 7 12900
27 0 2 8 7 13000
27 0 3 8 7 13100
27 0 3 8 7 13200
27 0 3 8 7 13300
27 0 3 8 7 13400
27 0 3 8 7 13500
27 0 3 8 7 13600
27 0 4 8 7 13700
28 0 4 8 7 13800
28 0 4 9 7 13900
28 0 4 9 7 14000
28 0 4 9 7 14100
28 0 4 9 7 14200
28 0 4 9 7 14300
28 0 4 9 7 14400
28 0 4 9 7 14500
28 0 4 9 7 14600
28 0 4 9 7 14700
28 0 4 9 7 14800
28 0 4 9 7 14900
28 0 4 9 7 15000
29 0 4 9 8 15100
29 0 4 9 8 15200
29 0 4 9 8 15300
29 0 4 9 8 15400
29 0 4 9 8 15500
30 0 4 9 8 15600
30 0 4 9 8 15700
30 0 4 9 8 15800
30 0 4 9 8 15900
30 0 4 9 8 16000
30 0 4 9 8 16100
30 0 4 9 8 16200
30 0 4 9 8 16300
30 0 4 9 8 16400
30 0 4 9 8 16500
30 0 4 9 8 16600
30 0 4 9 8 16700
30 0 4 9 8 16800
30 0 4 9 8 16900
30 0 4 9 8 17000
30 0 4 9 8 17100
31 0 4 9 8 17200
31 0 4 9 8 17300
32 0 4 9 8 17400
32 0 4 9 8 17500
32 0 5 9 8 17600
32 0 5 9 8 17700
32 0 5 9 8 17800
32 0 5 10 8 17900
32 0 5 10 8 18000
32 0 5 10 8 18100
32 0 5 10 8 18200
32 0 5 10 8 18300
32 0 5 10 8 18400
32 0 5 10 8 18500
32 0 5 10 8 18600
32 0 5 10 8 18700
32 0 5 10 8 18800
32 0 5 10 8 18900
32 0 5 10 8 19000
32 0 5 10 8 19100
32 0 5 10 8 19200
32 0 5 10 8 19300
32 0 5 10 8 19400
32 0 5 10 8 19500
32 0 5 10 8 19600
32 0 5 10 8 19700
32 0 5 10 8 19800
32 0 5 10 8 19900
32 0 5 10 8 20000
32 0 5 10 8 20100
32 0 5 10 8 20200
32 0 5 10 8 20300
32 0 5 10 8 20400
32 0 5 10 8 20500
32 0 5 10 8 20600
32 0 5 10 8 20700
32 0 5 10 8 20800
32 0 5 10 8 20900
32 0 5 10 8 21000
32 0 5 10 8 21100
32 0 5 10 8 21200
33 0 5 10 8 21300
33 1 5 10 8 21400
33 1 5 10 8 21500
34 2 5 10 8 21600
35 2 5 10 8 21700
35 2 5 10 8 21800
35 2 5 10 8 21900
35 2 5 10 8 22000
35 2 5 10 8 22100
35 2 5 10 8 22200
35 2 5 10 8 22300
35 2 5 10 8 22400
35 2 5 10 8 22500
35 2 5 10 8 22600
35 3 5 10 8 22700
35 3 5 10 8 22800
35 3 5 10 8 22900
35 3 5 10 8 23000
35 3 5 10 8 23100
35 3 5 10 8 23200
35 3 5 10 8 23300
35 3 5 10 8 23400
35 3 5 10 8 23500
35 3 5 10 8 23600
35 3 5 10 8 23700
35 3 5 10 8 23800
35 3 5 10 8 23900
35 3 5 10 8 24000
35 3 5 10 8 24100
35 3 5 10 8 24200
35 3 5 10 8 24300
35 3 5 10 8 24400
35 3 5 10 8 24500
35 3 5 10 8 24600
35 3 5 10 8 24700
35 3 5 10 8 24800
35 3 5 10 8 24900
35 3 5 10 8 25000
35 3 5 10 8 25100
35 3 5 10 8 25200
35 3 5 10 8 25300
35 3 5 10 8 25400
35 3 5 10 8 25500
36 3 5 10 8 25600
36 3 5 10 8 25700
36 3 5 10 8 25800
38 4 5 10 8 25900
39 4 5 10 8 26000
40 4 6 10 8 26100
41 4 6 10 8 26200
41 4 6 10 8 26300
41 4 6 10 8 26400
41 4 6 10 8 26500
41 4 6 10 8 26600
41 4 6 10 8 26700
41 4 6 10 8 26800
41 4 6 10 8 26900
41 4 6 10 8 27000
42 4 7 10 8 27100
43 4 7 10 9 27200
44 4 7 10 9 27300
44 4 7 10 9 27400
44 4 7 10 9 27500
44 4 7 10 9 27600
44 4 7 10 9 27700
44 4 7 10 9 27800
44 4 7 10 9 27900
44 4 7 10 9 28000
44 4 7 10 9 28100
44 4 7 10 9 28200
44 4 7 10 9 28300
44 4 7 10 9 28400
44 4 7 10 9 28500
44 4 7 10 9 28600
44 4 7 10 9 28700
44 4 7 10 9 28800
44 4 7 10 9 28900
45 4 7 10 9 29000
46 4 7 10 9 29100
47 4 7 10 9 29200
48 4 7 10 9 29300
49 4 7 10 9 29400
51 4 7 10 9 29500
53 4 7 10 9 29600
55 4 7 10 9 29700
57 4 7 10 9 29800
59 4 7 10 9 29900
61 4 7 10 9 30000
62 4 7 10 9 30100
62 4 7 10 9 30200
62 4 7 10 9 30300
62 4 8 10 9 30400
62 4 8 10 9 30500
62 4 8 10 9 30600
62 4 8 11 9 30700
62 4 8 11 9 30800
62 4 8 11 9 30900
62 4 8 11 9 31000
62 4 8 11 9 31100
62 4 8 11 9 31200
62 4 8 11 9 31300
62 4 8 11 9 31400
62 4 8 11 9 31500
62 4 8 11 9 31600
62 4 8 11 9 31700
62 4 8 11 9 31800
62 4 8 11 9 31900
62 4 8 11 9 32000
62 4 8 11 9 32100
62 4 8 11 9 32200
62 4 8 11 9 32300
62 4 8 11 9 32400
62 4 8 11 9 32500
62 4 8 11 9 32600
62 4 8 11 9 32700
63 4 8 11 9 32800
65 4 8 11 9 32900
66 4 8 11 9 33000
66 4 8 11 9 33100
66 4 8 11 9 33200
67 4 8 11 9 33300
68 4 8 11 9 33400
70 4 8 11 9 33500
70 4 8 11 9 33600
70 4 8 11 9 33700
70 4 8 11 9 33800
71 4 8 11 9 33900
71 4 8 11 9 34000
71 4 8 11 9 34100
71 4 8 11 9 34200
71 4 8 11 9 34300
72 4 8 11 9 34400
73 4 8 11 9 34500
74 4 8 11 9 34600
74 4 8 11 9 34700
75 4 8 11 9 34800
75 4 8 11 9 34900
75 4 8 11 10 35000
75 4 8 11 10 35100
75 4 8 11 10 35200
75 4 8 11 10 35300
75 4 8 11 11 35400
75 4 8 11 11 35500
75 4 8 11 11 35600
75 4 8 11 11 35700
75 4 8 11 11 35800
75 4 8 11 11 35900
76 4 8 11 11 36000
77 4 8 11 11 36100
77 4 8 11 11 36200
77 4 8 11 11 36300
77 4 8 11 11 36400
77 4 8 11 11 36500
77 4 8 11 11 36600
77 4 8 11 11 36700
77 4 8 11 11 36800
77 4 8 11 11 36900
77 4 8 11 11 37000
77 4 8 11 11 37100
77 4 8 11 11 37200
77 4 8 11 11 37300
77 4 8 11 11 37400
78 4 8 11 11 37500
78 4 8 11 11 37600
78 4 8 11 11 37700
78 4 8 11 11 37800
78 4 8 11 11 37900
78 4 8 11 11 38000
78 4 8 11 11 38100
78 4 8 11 11 38200
78 4 8 12 11 38300
78 4 8 12 11 38400
78 4 8 12 11 38500
78 4 8 12 11 38600
78 4 8 12 11 38700
78 4 8 12 11 38800
78 4 8 12 11 38900
78 4 8 12 12 39000
78 4 8 12 12 39100
78 4 8 12 12 39200
78 4 8 12 12 39300
78 4 8 12 12 39400
78 4 8 12 12 39500
79 4 8 12 12 39600
81 4 8 12 12 39700
81 4 8 12 12 39800
81 4 8 12 12 39900
81 4 8 12 12 40000
81 4 8 12 12 40100
81 4 8 12 12 40200
81 4 8 12 12 40300
81 4 8 12 12 40400
81 4 8 12 12 40500
81 4 8 12 12 40600
81 4 8 12 12 40700
81 4 8 12 12 40800
82 4 8 12 12 40900
83 4 8 12 12 41000
84 4 8 12 12 41100
84 4 8 12 12 41200
84 4 8 12 12 41300
84 4 8 12 12 41400
84 4 8 12 12 41500
84 4 8 12 12 41600
84 4 8 12 12 41700
84 4 8 12 12 41800
84 4 8 12 12 41900
85 4 8 12 12 42000
85 4 8 12 12 42100
85 4 8 12 12 42200
85 4 8 12 12 42300
85 4 8 12 12 42400
85 4 8 12 12 42500
85 4 8 12 12 42600
85 4 8 12 12 42700
85 4 8 13 12 42800
85 4 8 13 12 42900
85 4 8 13 12 43000
85 4 8 13 12 43100
85 4 8 13 12 43200
85 4 8 13 12 43300
85 4 8 13 12 43400
85 4 8 13 12 43500
85 4 8 13 12 43600
85 4 8 13 12 43700
85 4 8 13 12 43800
85 4 8 13 12 43900
85 4 8 13 12 44000
85 4 8 13 12 44100
85 4 8 13 12 44200
85 4 8 13 12 44300
85 4 8 13 12 44400
85 4 8 13 12 44500
85 4 8 13 12 44600
85 4 8 13 12 44700
85 4 8 13 12 44800
85 4 8 13 12 44900
85 4 8 13 12 45000
85 4 8 13 12 45100
85 4 8 13 12 45200
85 4 8 13 12 45300
85 4 8 13 12 45400
85 4 8 13 12 45500
85 4 8 13 12 45600
85 4 8 13 12 45700
86 4 8 13 12 45800
86 4 8 13 12 45900
86 4 8 13 12 46000
86 4 8 13 12 46100
86 4 8 13 12 46200
86 4 8 13 12 46300
86 4 8 13 12 46400
86 4 8 13 12 46500
86 4 8 13 12 46600
86 4 8 13 12 46700
86 4 8 13 13 46800
86 4 8 13 13 46900
86 4 8 13 13 47000
86 4 8 13 13 47100
86 4 8 13 13 47200
86 4 8 13 13 47300
86 4 8 13 13 47400
86 4 8 13 13 47500
86 4 8 13 13 47600
86 4 8 13 13 47700
86 4 8 13 13 47800
86 4 8 13 13 47900
86 4 8 13 13 48000
86 4 8 13 13 48100
86 4 8 13 13 48200
86 4 8 13 13 48300
86 4 8 13 13 48400
86 4 8 13 14 48500
86 4 8 13 14 48600
86 4 8 13 14 48700
86 4 8 13 15 48800
86 4 8 13 15 48900
86 4 8 13 15 49000
86 4 8 13 15 49100
86 4 8 13 15 49200
86 4 8 13 15 49300
86 4 8 13 15 49400
86 4 8 13 15 49500
87 4 8 13 15 49600
87 4 8 13 15 49700
88 4 8 13 15 49800
88 4 8 13 15 49900
88 4 8 13 15 50000
88 4 8 13 15 50100
88 4 8 13 15 50200
88 4 8 13 15 50300
88 4 8 13 15 50400
88 4 8 13 15 50500
88 4 8 13 15 50600
88 4 8 13 15 50700
88 4 8 13 15 50800
88 4 8 13 15 50900
88 4 8 13 15 51000
88 4 8 13 15 51100
88 4 8 13 15 51200
88 4 8 13 15 51300
88 4 8 13 15 51400
88 4 8 13 15 51500
88 4 8 13 15 51600
88 4 8 13 15 51700
88 4 8 13 15 51800
88 4 8 13 15 51900
88 4 8 13 15 52000
88 4 8 13 15 52100
88 4 8 13 15 52200
88 4 8 13 15 52300
88 4 8 13 15 52400
88 4 8 13 15 52500
88 4 8 13 15 52600
88 4 8 13 15 52700
89 4 8 13 15 52800
89 4 8 13 15 52900
89 5 8 13 15 53000
89 5 8 13 15 53100
89 5 8 13 15 53200
89 5 8 13 15 53300
89 5 8 13 15 53400
89 5 8 13 15 53500
89 5 8 13 15 53600
89 5 8 13 15 53700
89 5 8 13 15 53800
90 5 8 13 15 53900
91 5 8 13 15 54000
91 5 8 13 15 54100
92 5 8 13 15 54200
92 5 8 13 15 54300
93 5 8 13 15 54400
94 5 8 13 15 54500
96 5 8 13 15 54600
97 5 8 13 15 54700
97 5 8 13 15 54800
97 5 8 13 15 54900
98 5 8 13 15 55000
99 5 8 13 15 55100
100 5 8 13 15 55200
101 5 8 13 15 55300
101 5 8 13 15 55400
101 5 8 13 15 55500
102 5 8 13 15 55600
102 5 8 13 15 55700
102 5 8 13 15 55800
102 5 8 13 15 55900
102 5 8 13 15 56000
102 5 8 13 15 56100
102 5 8 13 15 56200
102 5 8 13 15 56300
102 5 8 13 15 56400
102 5 8 13 15 56500
102 5 8 13 15 56600
102 5 8 13 15 56700
102 5 8 13 15 56800
102 5 8 13 15 56900
102 5 8 13 15 57000
102 5 8 13 15 57100
102 5 8 13 15 57200
102 5 8 13 15 57300
102 5 8 13 15 57400
102 5 8 14 15 57500
102 5 8 14 15 57600
102 5 8 14 15 57700
102 5 8 14 15 57800
102 5 8 14 15 57900
104 5 8 14 15 58000
104 5 8 14 15 58100
104 6 8 14 15 58200
104 6 8 14 15 58300
106 7 8 14 15 58400
107 7 8 14 15 58500
107 7 8 14 15 58600
107 7 8 14 15 58700
107 8 8 14 15 58800
107 8 8 14 15 58900
107 8 8 14 15 59000
107 8 8 14 15 59100
107 8 8 14 15 59200
107 8 8 15 15 59300
107 8 8 15 15 59400
107 8 8 16 15 59500
108 8 8 16 15 59600
109 8 8 16 15 59700
110 8 8 16 15 59800
110 8 8 16 15 59900
110 8 8 16 15 60000
110 8 8 16 15 60100
110 8 8 16 15 60200
110 8 8 16 15 60300
110 8 8 16 15 60400
110 8 8 16 15 60500
110 8 8 16 15 60600
110 8 8 16 15 60700
110 8 8 16 15 60800
110 8 8 16 15 60900
110 8 8 16 15 61000
110 8 8 16 15 61100
110 8 8 16 15 61200
110 8 8 16 15 61300
110 8 8 16 15 61400
110 8 8 16 15 61500
110 8 8 16 15 61600
110 8 8 16 15 61700
110 8 8 16 15 61800
110 8 8 16 15 61900
110 8 8 16 15 62000
110 8 8 16 15 62100
110 8 8 16 15 62200
110 8 8 16 15 62300
110 8 8 16 15 62400
110 8 8 16 15 62500
110 8 8 16 15 62600
110 8 8 16 15 62700
110 8 8 16 15 62800
110 8 8 16 15 62900
110 8 8 16 15 63000
110 8 8 16 15 63100
110 8 8 16 15 63200
110 8 8 16 15 63300
110 8 8 16 15 63400
110 8 8 16 15 63500
110 8 8 16 15 63600
110 8 8 16 15 63700
110 8 8 16 15 63800
110 8 8 16 15 63900
110 8 8 16 15 64000
110 8 8 16 15 64100
110 8 8 16 15 64200
110 8 8 16 15 64300
110 8 8 16 15 64400
110 8 8 16 15 64500
110 8 8 16 15 64600
110 8 8 16 15 64700
110 8 8 16 15 64800
110 8 8 16 15 64900
110 8 8 16 15 65000
110 8 8 16 15 65100
110 8 8 16 15 65200
110 8 8 16 15 65300
110 8 8 16 15 65400
110 8 8 16 15 65500
110 8 8 16 15 65600
110 8 8 16 15 65700
110 8 8 16 15 65800
110 8 8 16 15 65900
110 8 8 16 15 66000
110 8 8 16 15 66100
110 8 8 16 15 66200
110 8 8 16 15 66300
110 8 8 16 15 66400
110 8 8 16 15 66500
110 8 8 16 15 66600
110 8 8 16 15 66700
110 8 8 16 15 66800
110 8 8 16 15 66900
110 8 8 16 15 67000
110 8 8 16 15 67100
110 8 8 16 15 67200
110 8 8 16 15 67300
110 8 8 16 15 67400
110 8 8 16 15 67500
110 8 8 16 15 67600
110 8 8 16 15 67700
110 8 8 16 15 67800
110 8 8 16 15 67900
110 8 8 16 15 68000
110 8 8 16 15 68100
110 8 8 16 15 68200
110 8 8 16 15 68300
110 8 8 16 15 68400
110 8 8 16 15 68500
110 8 8 16 15 68600
110 8 8 16 15 68700
110 8 8 16 15 68800
110 8 8 16 15 68900
110 8 8 16 15 69000
110 8 8 16 15 69100
110 8 8 16 15 69200
110 8 8 16 15 69300
110 8 8 16 15 69400
110 8 8 16 15 69500
110 8 8 16 15 69600
110 8 8 16 15 69700
110 8 8 16 15 69800
110 8 8 16 15 69900
