0 0 2 0 0 0
0 0 2 0 0 100
0 0 4 0 0 200
0 0 4 0 0 300
0 0 4 0 0 400
0 0 7 0 0 500
0 0 8 0 0 600
0 0 10 0 0 700
0 0 10 0 0 800
0 0 11 0 0 900
0 0 13 0 0 1000
0 0 14 0 0 1100
0 0 16 0 0 1200
0 0 16 0 0 1300
0 0 21 0 0 1400
0 0 23 0 0 1500
0 0 24 0 0 1600
0 0 25 0 0 1700
0 0 28 0 0 1800
0 0 29 0 0 1900
0 0 32 0 0 2000
0 0 34 0 0 2100
0 0 34 0 0 2200
1 0 35 0 0 2300
2 0 36 0 0 2400
3 0 39 0 0 2500
4 0 41 0 0 2600
4 0 45 0 0 2700
4 0 45 0 0 2800
4 0 47 0 0 2900
4 0 47 0 0 3000
4 0 48 0 0 3100
5 0 50 0 0 3200
5 0 54 0 0 3300
5 0 55 0 0 3400
6 0 56 0 0 3500
6 0 58 0 0 3600
7 0 59 0 0 3700
7 0 61 0 0 3800
8 0 64 0 0 3900
8 0 65 0 0 4000
8 0 68 0 0 4100
8 0 68 0 0 4200
8 0 69 0 0 4300
8 0 71 0 0 4400
8 0 71 0 0 4500
8 0 73 0 0 4600
8 0 74 0 0 4700
8 0 75 0 0 4800
8 0 79 0 0 4900
8 0 82 0 0 5000
9 0 82 0 0 5100
10 0 84 0 0 5200
11 0 84 0 0 5300
11 0 85 0 0 5400
11 0 85 0 0 5500
11 0 86 0 0 5600
11 0 86 0 0 5700
11 0 88 0 0 5800
12 0 88 0 0 5900
13 0 88 0 0 6000
14 0 91 0 0 6100
15 0 92 0 0 6200
15 0 93 0 0 6300
15 0 94 0 0 6400
16 0 94 0 0 6500
17 0 94 0 0 6600
17 0 95 0 0 6700
18 0 96 0 0 6800
19 0 98 0 0 6900
19 0 100 0 0 7000
19 0 101 0 0 7100
20 0 104 0 0 7200
20 0 107 0 0 7300
21 0 108 0 0 7400
21 0 112 0 0 7500
21 0 113 0 0 7600
21 0 114 0 0 7700
22 0 115 0 0 7800
22 0 116 0 0 7900
22 0 118 0 0 8000
22 0 120 0 0 8100
22 0 124 0 0 8200
22 0 124 0 0 8300
24 0 124 0 0 8400
24 0 125 0 0 8500
24 0 126 0 0 8600
24 0 128 0 0 8700
24 0 129 0 0 8800
25 0 130 0 0 8900
27 0 131 0 0 9000
27 0 134 0 0 9100
27 0 135 0 0 9200
27 0 135 0 0 9300
27 0 135 0 0 9400
27 0 135 0 0 9500
27 0 138 0 0 9600
27 0 139 0 0 9700
27 0 140 0 0 9800
28 0 141 0 0 9900
29 0 141 0 0 10000
29 0 145 0 0 10100
29 0 146 0 0 10200
29 0 146 0 0 10300
29 0 148 0 0 10400
30 0 150 0 0 10500
30 0 152 0 0 10600
31 0 153 0 0 10700
31 0 153 0 0 10800
31 0 154 0 0 10900
31 0 157 0 0 11000
31 0 157 0 0 11100
31 0 157 0 0 11200
32 0 157 0 0 11300
33 0 162 0 0 11400
33 0 164 0 0 11500
33 0 164 0 0 11600
33 0 166 0 0 11700
33 0 166 0 0 11800
34 0 166 0 0 11900
34 0 169 0 0 12000
34 0 169 0 0 12100
35 0 173 0 0 12200
35 0 174 0 0 12300
35 0 176 0 0 12400
35 0 177 0 0 12500
35 0 177 0 0 12600
35 0 177 0 0 12700
35 0 178 0 0 12800
35 0 180 0 0 12900
35 0 181 0 0 13000
36 0 182 0 0 13100
36 0 185 0 0 13200
37 0 186 0 0 13300
38 0 189 0 0 13400
39 0 192 0 0 13500
39 0 196 0 0 13600
40 0 199 0 0 13700
40 0 200 0 0 13800
40 0 203 0 0 13900
40 0 204 0 0 14000
40 0 206 0 0 14100
40 0 208 0 0 14200
40 0 209 0 0 14300
40 0 210 0 0 14400
40 0 212 0 0 14500
40 0 213 0 0 14600
40 0 214 0 0 14700
40 0 214 0 0 14800
40 0 216 0 0 14900
40 0 218 0 0 15000
40 0 219 0 0 15100
41 0 221 0 0 15200
41 0 224 0 0 15300
41 0 224 0 0 15400
41 0 225 0 0 15500
41 0 226 0 0 15600
41 0 226 0 0 15700
41 0 226 0 0 15800
41 0 227 0 0 15900
41 0 227 0 0 16000
41 0 227 0 0 16100
41 0 229 0 0 16200
41 0 230 0 0 16300
41 0 230 0 0 16400
42 0 230 0 0 16500
42 0 233 0 0 16600
42 0 233 0 0 16700
42 0 234 0 0 16800
42 0 235 0 0 16900
42 0 236 0 0 17000
43 0 237 0 0 17100
44 0 240 0 0 17200
45 0 241 0 0 17300
46 0 241 0 0 17400
46 0 244 0 0 17500
46 0 244 0 0 17600
46 0 244 0 0 17700
47 0 244 0 0 17800
49 0 246 0 0 17900
49 0 249 0 0 18000
49 0 249 0 0 18100
49 0 249 0 0 18200
49 0 250 0 0 18300
50 0 251 0 0 18400
51 0 255 0 0 18500
52 0 255 0 0 18600
52 0 255 0 0 18700
52 0 259 0 0 18800
52 0 260 0 0 18900
52 1 262 0 0 19000
52 1 262 0 0 19100
52 1 264 0 0 19200
52 1 265 0 0 19300
52 1 267 0 0 19400
52 1 268 0 0 19500
52 1 270 0 0 19600
52 1 270 0 0 19700
52 1 272 0 0 19800
53 1 274 0 0 19900
53 1 276 0 0 20000
55 1 276 0 0 20100
55 1 278 0 0 20200
55 1 280 0 0 20300
55 1 280 0 0 20400
56 1 281 0 0 20500
56 1 282 0 0 20600
56 1 283 0 0 20700
56 1 284 0 0 20800
56 1 286 0 0 20900
56 1 287 0 0 21000
56 1 288 0 0 21100
56 1 291 0 0 21200
56 1 293 0 0 21300
56 1 295 0 0 21400
56 1 296 0 0 21500
56 1 297 0 0 21600
56 1 297 0 0 21700
56 1 297 0 0 21800
56 1 299 0 0 21900
57 1 300 0 0 22000
58 1 300 0 0 22100
58 1 301 0 0 22200
58 1 301 0 0 22300
58 1 301 0 0 22400
58 1 303 0 0 22500
58 1 303 0 0 22600
58 1 303 0 0 22700
58 1 304 0 0 22800
59 1 306 0 0 22900
59 1 306 0 0 23000
59 1 307 0 0 23100
59 1 309 0 0 23200
59 1 311 0 0 23300
60 1 312 0 0 23400
61 1 313 0 0 23500
61 1 313 0 0 23600
61 1 314 0 0 23700
61 1 315 0 0 23800
61 1 315 0 0 23900
62 1 316 0 0 24000
63 1 317 0 0 24100
63 1 317 0 0 24200
63 1 318 0 0 24300
63 1 318 0 0 24400
63 1 318 0 0 24500
63 1 318 0 0 24600
63 1 319 0 0 24700
63 1 319 0 0 24800
63 1 320 0 0 24900
64 1 320 0 0 25000
64 1 321 0 0 25100
64 1 322 0 0 25200
65 1 323 0 0 25300
65 1 323 0 0 25400
66 1 327 0 0 25500
66 2 330 0 0 25600
67 2 331 0 0 25700
68 2 333 0 0 25800
68 3 333 0 0 25900
68 3 333 0 0 26000
68 3 334 0 0 26100
68 4 335 0 0 26200
69 4 337 0 0 26300
70 4 337 0 0 26400
70 4 337 0 0 26500
70 5 337 0 0 26600
70 5 337 0 0 26700
70 5 338 0 0 26800
70 5 338 0 0 26900
70 5 339 0 0 27000
70 5 339 0 0 27100
70 5 339 0 0 27200
71 5 339 0 0 27300
71 5 339 0 0 27400
71 5 339 0 0 27500
71 5 339 0 0 27600
71 5 340 0 0 27700
71 5 340 0 0 27800
71 5 340 0 0 27900
71 5 340 0 0 28000
71 5 340 0 0 28100
71 5 342 0 0 28200
71 5 343 0 0 28300
71 5 343 0 0 28400
72 5 345 0 0 28500
72 5 345 0 0 28600
72 5 348 0 0 28700
72 5 349 0 0 28800
72 5 351 0 0 28900
72 5 351 0 0 29000
72 5 353 0 0 29100
73 5 356 0 0 29200
74 5 360 0 0 29300
74 5 360 0 0 29400
75 5 360 0 0 29500
75 5 363 0 0 29600
75 5 364 0 0 29700
75 5 368 0 0 29800
75 5 369 0 0 29900
75 5 369 0 0 30000
75 5 371 0 0 30100
75 5 371 0 0 30200
75 5 372 0 0 30300
76 5 373 0 0 30400
76 5 375 0 0 30500
76 5 376 0 0 30600
77 5 377 0 0 30700
77 5 379 0 0 30800
77 5 379 0 0 30900
77 5 379 0 0 31000
77 5 380 0 0 31100
78 5 380 0 0 31200
78 5 381 0 0 31300
78 5 382 0 0 31400
79 5 383 0 0 31500
79 5 385 0 0 31600
79 5 386 0 0 31700
79 5 387 0 0 31800
79 5 388 0 0 31900
79 5 389 0 0 32000
79 5 390 0 0 32100
79 5 391 0 0 32200
79 5 393 0 0 32300
79 5 394 0 0 32400
79 5 395 0 0 32500
79 5 395 0 0 32600
79 5 397 0 0 32700
80 5 397 0 0 32800
80 5 397 0 0 32900
80 5 398 0 0 33000
80 5 399 0 0 33100
80 5 401 0 0 33200
80 5 401 0 0 33300
80 5 402 0 0 33400
81 5 402 0 0 33500
82 5 402 0 0 33600
82 5 404 0 0 33700
82 5 405 0 0 33800
82 5 406 0 0 33900
82 5 407 0 0 34000
82 5 408 0 0 34100
83 5 408 0 0 34200
83 5 410 0 0 34300
83 5 413 0 0 34400
83 5 414 0 0 34500
83 5 415 0 0 34600
84 5 416 0 0 34700
84 5 418 0 0 34800
84 5 419 0 0 34900
85 5 420 0 0 35000
85 5 423 0 0 35100
85 5 424 0 0 35200
85 5 424 0 0 35300
85 5 426 0 0 35400
85 5 426 0 0 35500
85 5 426 0 0 35600
85 5 426 0 0 35700
86 5 426 0 0 35800
87 5 426 0 0 35900
87 5 428 0 0 36000
87 5 428 0 0 36100
87 5 428 0 0 36200
88 5 428 0 0 36300
89 5 428 0 0 36400
89 5 428 0 0 36500
90 5 429 0 0 36600
90 5 431 0 0 36700
90 5 431 0 0 36800
90 5 431 0 0 36900
90 5 431 0 0 37000
91 5 431 0 0 37100
91 5 432 0 0 37200
91 5 432 0 0 37300
91 5 432 0 0 37400
91 5 432 0 0 37500
91 5 432 0 0 37600
92 5 433 0 0 37700
93 5 435 0 0 37800
93 5 435 0 0 37900
95 6 435 0 0 38000
96 7 436 0 0 38100
97 7 436 0 0 38200
97 7 437 0 0 38300
97 7 439 0 0 38400
97 7 440 0 0 38500
99 7 441 0 0 38600
99 7 441 0 0 38700
99 7 444 0 0 38800
100 7 446 0 0 38900
100 8 447 0 0 39000
100 8 447 0 0 39100
100 8 447 0 0 39200
100 8 447 0 0 39300
100 8 450 0 0 39400
100 8 451 0 0 39500
100 9 453 0 0 39600
100 9 454 0 0 39700
101 9 454 0 0 39800
101 9 457 0 0 39900
101 9 457 0 0 40000
101 9 458 0 0 40100
101 9 458 0 0 40200
101 9 459 0 0 40300
103 9 459 0 0 40400
103 9 461 0 0 40500
104 9 462 0 0 40600
105 9 464 0 0 40700
105 9 464 0 0 40800
105 9 464 0 0 40900
105 9 465 0 0 41000
105 9 466 0 0 41100
105 9 466 0 0 41200
105 9 466 0 0 41300
105 9 466 0 0 41400
106 9 468 0 0 41500
106 9 469 0 0 41600
106 9 469 0 0 41700
106 9 470 0 0 41800
106 9 471 0 0 41900
106 9 472 0 0 42000
107 9 473 0 0 42100
107 9 474 0 0 42200
107 9 474 0 0 42300
107 9 474 0 0 42400
107 9 474 0 0 42500
108 9 475 0 0 42600
108 9 476 0 0 42700
108 9 476 0 0 42800
108 9 476 0 0 42900
108 9 476 0 0 43000
108 9 477 0 0 43100
108 9 477 0 0 43200
108 9 477 0 0 43300
108 9 478 0 0 43400
109 9 478 0 0 43500
109 9 479 0 0 43600
109 9 479 0 0 43700
109 9 479 0 0 43800
111 9 480 0 0 43900
111 9 481 0 0 44000
111 9 481 0 0 44100
111 9 481 0 0 44200
111 9 481 0 0 44300
111 9 481 0 0 44400
111 9 481 0 0 44500
111 9 481 0 0 44600
111 9 481 0 0 44700
111 9 481 0 0 44800
111 9 482 0 0 44900
111 9 483 0 0 45000
111 9 483 0 0 45100
111 9 486 0 0 45200
111 9 487 0 0 45300
111 9 487 0 0 45400
112 9 488 0 0 45500
112 9 490 0 0 45600
112 9 490 0 0 45700
112 9 490 0 0 45800
112 9 490 0 0 45900
112 9 491 0 0 46000
113 9 491 0 0 46100
114 9 493 0 0 46200
115 9 494 0 0 46300
116 9 494 0 0 46400
116 9 494 0 0 46500
116 9 494 0 0 46600
116 9 496 0 0 46700
117 9 496 0 0 46800
119 9 496 0 0 46900
119 9 498 0 0 47000
120 9 499 0 0 47100
120 9 499 0 0 47200
120 9 500 0 0 47300
120 9 500 0 0 47400
121 9 502 0 0 47500
122 9 502 0 0 47600
123 9 503 0 0 47700
124 9 505 0 0 47800
124 9 506 0 0 47900
125 9 506 0 0 48000
125 9 509 0 0 48100
125 9 510 0 0 48200
125 9 513 0 0 48300
126 9 514 0 0 48400
126 9 514 0 0 48500
126 9 514 0 0 48600
126 9 515 0 0 48700
126 9 515 0 0 48800
126 9 516 0 0 48900
126 9 516 0 0 49000
126 9 518 0 0 49100
126 9 518 0 0 49200
126 9 519 0 0 49300
126 9 520 0 0 49400
126 9 521 0 0 49500
127 9 523 0 0 49600
127 9 524 0 0 49700
127 9 525 0 0 49800
127 9 525 0 0 49900
127 9 526 0 0 50000
127 9 526 0 0 50100
128 9 527 0 0 50200
128 9 528 0 0 50300
128 9 529 0 0 50400
128 9 531 0 0 50500
129 9 531 0 0 50600
129 9 531 0 0 50700
129 9 531 0 0 50800
129 9 532 0 0 50900
130 9 532 0 0 51000
131 9 533 0 0 51100
131 9 534 0 0 51200
131 9 534 0 0 51300
132 9 534 0 0 51400
133 9 534 0 0 51500
133 9 534 0 0 51600
133 9 535 0 0 51700
134 9 535 0 0 51800
135 9 535 0 0 51900
135 9 537 0 0 52000
135 9 538 0 0 52100
135 9 540 0 0 52200
135 9 540 0 0 52300
135 9 541 0 0 52400
135 9 544 0 0 52500
135 9 545 0 0 52600
136 9 546 0 0 52700
137 9 546 0 0 52800
138 9 548 0 0 52900
138 9 548 0 0 53000
139 9 549 0 0 53100
139 9 550 0 0 53200
139 9 552 0 0 53300
139 9 552 0 0 53400
139 9 552 0 0 53500
140 9 552 0 0 53600
140 9 552 0 0 53700
140 9 553 0 0 53800
140 9 554 0 0 53900
140 9 555 0 0 54000
140 9 556 0 0 54100
140 9 556 0 0 54200
141 9 556 0 0 54300
141 9 556 0 0 54400
141 9 557 0 0 54500
141 9 557 0 0 54600
141 9 559 0 0 54700
141 9 561 0 0 54800
141 9 562 0 0 54900
142 9 562 0 0 55000
143 9 562 0 0 55100
143 9 563 0 0 55200
143 9 564 0 0 55300
143 9 566 0 0 55400
143 9 567 0 0 55500
143 9 567 0 0 55600
143 9 567 0 0 55700
143 9 568 0 0 55800
143 9 569 0 0 55900
143 9 570 0 0 56000
143 9 571 0 0 56100
144 9 571 0 0 56200
144 9 572 0 0 56300
145 9 572 0 0 56400
146 9 572 0 0 56500
146 9 572 0 0 56600
146 9 573 0 0 56700
146 9 575 0 0 56800
146 9 576 0 0 56900
146 9 577 0 0 57000
146 9 577 0 0 57100
146 9 578 0 0 57200
146 9 579 0 0 57300
146 9 580 0 0 57400
146 9 580 0 0 57500
146 9 582 0 0 57600
146 9 582 0 0 57700
146 9 582 0 0 57800
146 9 583 0 0 57900
146 9 583 0 0 58000
146 9 583 0 0 58100
146 9 584 0 0 58200
147 9 584 0 0 58300
147 9 587 0 0 58400
147 9 587 0 0 58500
147 10 588 0 0 58600
147 10 588 0 0 58700
147 10 589 0 0 58800
148 10 589 0 0 58900
149 10 590 0 0 59000
149 10 592 0 0 59100
149 10 592 0 0 59200
149 10 593 0 0 59300
149 10 596 0 0 59400
149 10 596 0 0 59500
150 10 597 0 0 59600
150 10 600 0 0 59700
150 10 601 0 0 59800
150 10 604 0 0 59900
150 10 604 0 0 60000
150 10 604 0 0 60100
150 10 605 0 0 60200
150 10 606 0 0 60300
150 10 607 0 0 60400
152 10 607 0 0 60500
152 10 612 0 0 60600
152 10 612 0 0 60700
152 10 612 0 0 60800
153 10 613 0 0 60900
153 10 614 0 0 61000
153 10 614 0 0 61100
153 10 615 0 0 61200
154 10 615 0 0 61300
154 10 616 0 0 61400
154 10 616 0 0 61500
154 10 618 0 0 61600
154 10 618 0 0 61700
155 10 618 0 0 61800
155 10 619 0 0 61900
155 10 619 0 0 62000
155 10 619 0 0 62100
155 10 621 0 0 62200
155 10 622 0 0 62300
158 10 623 0 0 62400
159 10 623 0 0 62500
160 10 624 0 0 62600
161 10 624 0 0 62700
161 10 624 0 0 62800
161 10 624 0 0 62900
162 10 624 0 0 63000
162 10 624 0 0 63100
162 10 624 0 0 63200
162 10 624 0 0 63300
162 10 625 0 0 63400
164 10 625 0 0 63500
164 10 628 0 0 63600
165 10 628 0 0 63700
166 10 631 0 0 63800
166 10 632 0 0 63900
166 10 633 0 0 64000
166 10 633 0 0 64100
166 10 633 0 0 64200
167 10 633 0 0 64300
168 10 634 0 0 64400
169 10 634 0 0 64500
169 10 635 0 0 64600
170 10 636 0 0 64700
170 10 636 0 0 64800
170 10 636 0 0 64900
170 10 637 0 0 65000
170 10 637 0 0 65100
171 10 638 0 0 65200
171 10 641 0 0 65300
171 10 642 0 0 65400
171 10 642 0 0 65500
171 10 642 0 0 65600
171 10 642 0 0 65700
171 10 642 0 0 65800
171 10 642 0 0 65900
171 10 642 0 0 66000
171 10 642 0 0 66100
172 10 644 0 0 66200
172 10 644 0 0 66300
172 10 644 0 0 66400
172 10 644 0 0 66500
172 10 644 0 0 66600
173 10 645 0 0 66700
174 10 646 0 0 66800
174 10 647 0 0 66900
175 10 648 0 0 67000
175 10 649 0 0 67100
175 10 650 0 0 67200
175 10 651 0 0 67300
175 10 651 0 0 67400
175 10 651 0 0 67500
175 10 651 0 0 67600
175 10 651 0 0 67700
175 10 651 0 0 67800
175 10 651 0 0 67900
175 10 651 0 0 68000
175 10 651 0 0 68100
176 10 651 0 0 68200
176 10 651 0 0 68300
176 10 653 0 0 68400
176 10 654 0 0 68500
176 10 655 0 0 68600
177 10 655 0 0 68700
177 10 657 0 0 68800
177 10 658 0 0 68900
177 10 658 0 0 69000
177 10 658 0 0 69100
177 10 658 0 0 69200
177 10 659 0 0 69300
178 10 659 0 0 69400
178 10 659 0 0 69500
178 10 659 0 0 69600
178 10 660 0 0 69700
180 10 660 0 0 69800
181 10 662 0 0 69900
181 10 663 0 0 70000
181 10 663 0 0 70100
181 10 664 0 0 70200
181 10 664 0 0 70300
181 10 664 0 0 70400
181 10 665 0 0 70500
181 10 665 0 0 70600
181 10 666 0 0 70700
182 10 667 0 0 70800
184 10 668 0 0 70900
185 10 669 0 0 71000
185 10 669 0 0 71100
185 10 669 0 0 71200
185 10 669 0 0 71300
185 10 669 0 0 71400
186 10 669 0 0 71500
186 10 669 0 0 71600
186 10 670 0 0 71700
186 10 672 0 0 71800
186 10 672 0 0 71900
186 10 672 0 0 72000
186 10 672 0 0 72100
186 10 672 0 0 72200
186 10 673 0 0 72300
186 10 673 0 0 72400
186 10 674 0 0 72500
187 10 674 0 0 72600
187 10 677 0 0 72700
187 10 677 0 0 72800
187 10 677 0 0 72900
188 10 677 0 0 73000
189 10 677 0 0 73100
189 10 677 0 0 73200
189 10 678 0 0 73300
189 10 678 0 0 73400
189 10 678 0 0 73500
189 10 680 0 0 73600
189 10 680 0 0 73700
189 10 680 0 0 73800
189 10 680 0 0 73900
189 10 681 0 0 74000
189 10 681 0 0 74100
190 10 681 0 0 74200
191 10 681 0 0 74300
191 10 681 0 0 74400
191 10 681 0 0 74500
192 10 682 0 0 74600
192 10 684 0 0 74700
192 10 684 0 0 74800
192 10 687 0 0 74900
192 10 692 0 0 75000
192 10 692 0 0 75100
193 10 693 0 0 75200
193 10 693 0 0 75300
193 10 693 0 0 75400
193 10 693 0 0 75500
193 10 693 0 0 75600
193 10 693 0 0 75700
193 10 693 0 0 75800
193 10 694 0 0 75900
193 10 694 0 0 76000
193 10 695 0 0 76100
193 10 698 0 0 76200
193 10 699 0 0 76300
193 10 699 0 0 76400
193 10 699 0 0 76500
194 10 699 0 0 76600
194 10 701 0 0 76700
194 10 701 0 0 76800
194 10 701 0 0 76900
194 10 701 0 0 77000
194 10 701 0 0 77100
194 10 701 0 0 77200
194 10 702 0 0 77300
194 10 702 0 0 77400
195 10 703 0 0 77500
195 10 706 0 0 77600
195 10 706 0 0 77700
195 10 706 0 0 77800
195 10 706 0 0 77900
195 10 706 0 0 78000
196 10 706 0 0 78100
196 10 707 0 0 78200
196 10 708 0 0 78300
198 10 708 0 0 78400
199 10 709 0 0 78500
199 10 711 0 0 78600
199 10 711 0 0 78700
199 10 712 0 0 78800
199 10 712 0 0 78900
199 10 712 0 0 79000
199 10 714 0 0 79100
199 10 715 0 0 79200
199 10 716 0 0 79300
199 10 716 0 0 79400
199 10 717 0 0 79500
199 10 717 0 0 79600
200 10 717 0 0 79700
200 10 718 0 0 79800
200 10 718 0 0 79900
