0 0 0 0 0 0 0 0
0 7 7 0 3247 0 3284 100
0 19 19 0 7362 7 7489 200
0 22 22 0 9235 12 9432 300
0 23 23 0 11654 15 11903 400
0 27 27 0 14468 15 14761 500
0 29 29 0 17693 18 18039 600
0 31 31 0 21387 33 21813 700
0 31 31 0 25457 42 26050 800
0 33 33 0 29945 61 30768 900
0 34 34 0 34667 84 35818 1000
0 36 36 0 39646 119 41241 1100
0 37 37 0 44873 167 47005 1200
0 39 39 0 50225 239 53014 1300
0 41 41 0 55761 339 59400 1400
0 42 42 0 61360 501 65975 1500
0 43 43 0 67240 643 72800 1600
0 46 46 0 73271 852 80077 1700
0 49 49 0 79432 1144 87564 1800
0 51 51 0 85597 1420 95193 1900
0 55 55 0 91993 1750 103158 2000
0 59 59 0 98339 2085 111232 2100
0 62 62 0 104897 2489 119652 2200
0 65 65 0 111544 2923 128225 2300
0 68 68 0 118201 3400 136953 2400
0 74 74 0 124945 3899 146025 2500
0 78 78 0 131791 4430 155325 2600
0 81 81 0 138759 5008 164956 2700
0 84 84 0 145674 5666 174799 2800
0 87 87 0 152670 6326 184989 2900
0 92 92 0 159682 6942 195235 3000
0 94 94 0 166828 7545 205543 3100
1 97 97 0 173851 8289 215832 3200
1 99 99 0 181018 9043 226480 3300
1 100 100 0 188239 9772 237233 3400
1 103 103 0 195553 10523 248094 3500
1 106 106 0 202702 11234 258898 3600
1 109 109 0 209946 12051 269866 3700
1 112 112 0 217310 12804 280976 3800
1 113 113 0 224543 13564 292088 3900
1 114 114 0 231840 14429 303400 4000
1 114 114 0 239361 15180 314741 4100
1 116 116 0 246665 15976 325997 4200
1 117 117 0 253990 16774 337359 4300
1 118 118 0 261386 17572 348602 4400
1 121 121 0 268753 18296 359801 4500
1 122 122 0 276300 19024 371075 4600
1 124 124 0 283723 19767 382438 4700
1 125 125 0 291190 20553 394034 4800
1 127 127 0 298701 21336 405672 4900
1 127 127 0 306223 22048 417373 5000
1 130 130 0 313710 22794 428765 5100
1 130 130 0 321084 23515 440007 5200
1 133 133 0 328493 24205 451285 5300
1 134 134 0 335745 24900 462393 5400
4 138 138 0 343177 25586 473738 5500
4 142 142 0 350628 26368 485159 5600
4 146 146 0 358037 27200 496783 5700
4 150 150 0 365704 27954 508439 5800
5 152 152 0 373226 28809 519878 5900
5 156 156 0 380662 29727 531241 6000
5 158 158 0 387995 30680 542392 6100
5 161 161 0 395391 31612 553593 6200
5 165 165 0 402810 32512 564821 6300
5 168 168 0 410123 33422 576045 6400
5 170 170 0 417662 34426 587894 6500
5 175 175 0 425229 35412 599887 6600
5 177 177 0 432894 36486 612214 6700
6 178 178 0 440555 37541 624745 6800
6 178 178 0 448244 38697 637469 6900
6 179 179 0 455963 39982 650575 7000
6 181 181 0 463560 41171 663583 7100
6 183 183 0 471417 42418 676988 7200
6 186 186 0 479280 43692 690402 7300
6 186 186 0 487139 44961 703932 7400
6 189 189 0 494966 46247 717225 7500
6 190 190 0 502735 47557 730277 7600
6 194 194 0 510470 48809 743180 7700
6 194 194 0 518195 50026 756113 7800
7 198 198 0 525976 51262 769166 7900
7 199 199 0 533841 52399 782245 8000
7 200 200 0 541504 53580 795055 8100
8 202 202 0 549219 54798 807843 8200
8 205 205 0 556859 56013 820525 8300
8 206 206 0 564600 57192 833279 8400
8 209 209 0 572324 58302 845960 8500
8 209 209 0 580049 59527 858624 8600
8 212 212 0 587735 60592 870874 8700
8 213 213 0 595187 61657 882881 8800
8 215 215 0 602702 62790 894791 8900
8 219 219 0 610339 63979 906750 9000
8 222 222 0 617776 65016 918271 9100
8 224 224 0 625227 66058 929648 9200
8 224 224 0 632690 67055 940957 9300
8 228 228 0 640036 68096 952245 9400
8 228 228 0 647391 69158 963805 9500
8 228 228 0 654923 70228 975601 9600
8 230 230 0 662573 71345 987334 9700
10 232 232 0 669954 72384 998726 9800
10 235 235 0 677316 73434 1010090 9900
10 235 235 0 684624 74508 1021609 10000
10 238 238 0 692124 75593 1033245 10100
10 238 238 0 699418 76636 1044589 10200
11 242 242 0 706829 77753 1056316 10300
11 246 246 0 714171 78920 1068186 10400
11 247 247 0 721692 80150 1080498 10500
12 249 249 0 729150 81294 1092702 10600
12 251 251 0 736744 82504 1105274 10700
12 253 253 0 744401 83738 1117919 10800
12 253 253 0 752016 84953 1130393 10900
12 255 255 0 759627 86181 1142810 11000
12 256 256 0 767268 87387 1155331 11100
13 258 258 0 774914 88571 1168013 11200
13 259 259 0 782688 89784 1180938 11300
13 262 262 0 790447 90963 1193649 11400
13 264 264 0 798116 92131 1206318 11500
13 265 265 0 805767 93258 1218835 11600
13 267 267 0 813478 94385 1231253 11700
13 268 268 0 821030 95411 1243256 11800
13 270 270 0 828563 96513 1255235 11900
13 271 271 0 836019 97551 1267102 12000
13 274 274 0 843546 98549 1278936 12100
13 276 276 0 850994 99547 1290624 12200
13 276 276 0 858444 100681 1302348 12300
14 279 279 0 865851 101698 1313913 12400
14 279 279 0 873377 102693 1325557 12500
15 282 282 0 880867 103625 1337093 12600
15 282 282 0 888282 104570 1348628 12700
15 282 282 0 895716 105426 1360128 12800
15 283 283 0 903204 106203 1371409 12900
15 283 283 0 910640 107033 1382621 13000
15 284 284 0 917986 107920 1393878 13100
15 285 285 0 925280 108788 1405049 13200
15 285 285 0 932672 109650 1416127 13300
16 286 286 0 939905 110413 1426795 13400
16 288 288 0 947244 111149 1437620 13500
16 290 290 0 954531 111910 1448323 13600
17 291 291 0 961876 112669 1459185 13700
18 294 294 0 969167 113434 1469922 13800
18 295 295 0 976449 114236 1480618 13900
18 296 296 0 983708 115048 1491326 14000
18 296 296 0 991022 115867 1502189 14100
19 298 298 0 998333 116676 1513097 14200
19 300 300 0 1005617 117476 1523905 14300
19 301 301 0 1012961 118314 1534898 14400
19 303 303 0 1020227 119124 1545686 14500
20 305 305 0 1027579 119935 1556639 14600
21 307 307 0 1034874 120741 1567493 14700
21 310 310 0 1042302 121570 1578498 14800
21 313 313 0 1049448 122328 1589137 14900
22 316 316 0 1056901 123140 1600151 15000
22 317 317 0 1064172 123979 1610717 15100
22 319 319 0 1071392 124766 1621160 15200
22 320 320 0 1078754 125543 1631820 15300
22 323 323 0 1086062 126297 1642352 15400
22 323 323 0 1093336 127061 1653041 15500
22 326 326 0 1100515 127796 1663490 15600
22 327 327 0 1107686 128577 1673877 15700
22 331 331 0 1114952 129330 1684434 15800
22 332 332 0 1122053 130104 1694852 15900
22 334 334 0 1129496 130911 1705722 16000
22 335 335 0 1136630 131711 1716453 16100
22 336 336 0 1144038 132548 1727420 16200
22 337 337 0 1151325 133400 1738321 16300
23 338 338 0 1158644 134213 1749106 16400
24 342 342 0 1165939 135091 1759842 16500
24 342 342 0 1173291 135982 1770661 16600
24 344 344 0 1180579 136962 1781501 16700
24 344 344 0 1187924 137923 1792317 16800
24 346 346 0 1195273 138948 1803381 16900
24 347 347 0 1202566 139998 1814393 17000
24 347 347 0 1209976 141103 1825579 17100
25 352 352 0 1217276 142231 1836770 17200
25 354 354 0 1224645 143368 1848206 17300
25 355 355 0 1231956 144515 1859549 17400
26 358 358 0 1239341 145795 1871327 17500
26 359 359 0 1246752 147033 1882872 17600
26 360 360 0 1254264 148284 1894878 17700
26 361 361 0 1261692 149475 1906849 17800
26 361 361 0 1269253 150713 1919015 17900
26 361 361 0 1276736 151995 1931116 18000
26 362 362 0 1284166 153264 1943256 18100
26 363 363 0 1291737 154491 1955536 18200
26 364 364 0 1299217 155696 1967913 18300
26 364 364 0 1306713 156883 1980152 18400
26 364 364 0 1314285 158091 1992374 18500
26 365 365 0 1321832 159279 2004516 18600
26 365 365 0 1329454 160438 2016770 18700
26 365 365 0 1336945 161595 2028851 18800
26 365 365 0 1344545 162762 2040904 18900
26 365 365 0 1351966 163885 2052690 19000
26 365 365 0 1359567 165084 2064863 19100
27 369 369 0 1367063 166277 2077090 19200
27 371 371 0 1374573 167397 2089314 19300
27 372 372 0 1382218 168494 2101610 19400
28 373 373 0 1389908 169467 2113795 19500
28 374 374 0 1397459 170530 2125778 19600
28 374 374 0 1405056 171560 2137818 19700
28 375 375 0 1412690 172546 2149569 19800
29 376 376 0 1420121 173487 2160892 19900
29 378 378 0 1427526 174460 2172115 20000
29 379 379 0 1434914 175421 2183183 20100
29 382 382 0 1442161 176364 2193952 20200
29 382 382 0 1449519 177353 2204998 20300
29 384 384 0 1456828 178249 2215737 20400
29 386 386 0 1464160 179162 2226449 20500
29 387 387 0 1471434 180069 2237295 20600
29 388 388 0 1478765 181122 2248263 20700
29 388 388 0 1486086 182127 2259055 20800
30 389 389 0 1493472 183101 2270046 20900
30 390 390 0 1500752 184083 2280889 21000
30 391 391 0 1507927 185064 2291490 21100
30 391 391 0 1515107 185996 2302012 21200
30 392 392 0 1522311 187027 2312456 21300
30 392 392 0 1529408 188030 2322760 21400
30 392 392 0 1536577 189063 2333032 21500
30 394 394 0 1543723 190071 2343368 21600
30 396 396 0 1551027 191096 2353917 21700
30 397 397 0 1558180 192074 2364546 21800
30 398 398 0 1565490 193015 2375336 21900
30 402 402 0 1572911 194040 2386674 22000
31 403 403 0 1580256 195041 2397878 22100
31 404 404 0 1587668 195972 2409272 22200
31 405 405 0 1595142 196936 2420768 22300
31 409 409 0 1602845 197923 2432477 22400
31 411 411 0 1610242 198872 2443862 22500
31 412 412 0 1617759 199864 2455457 22600
31 412 412 0 1625238 200771 2467059 22700
31 414 414 0 1632736 201853 2478963 22800
32 414 414 0 1640320 202812 2490743 22900
32 415 415 0 1647900 203806 2502496 23000
32 417 417 0 1655340 204746 2514056 23100
32 417 417 0 1662880 205723 2525970 23200
32 419 419 0 1670357 206789 2537888 23300
32 419 419 0 1677961 207938 2550061 23400
32 422 422 0 1685622 209067 2562224 23500
33 422 422 0 1693127 210202 2574333 23600
33 423 423 0 1700600 211264 2586280 23700
33 423 423 0 1708235 212291 2598476 23800
33 424 424 0 1715842 213319 2610548 23900
34 425 425 0 1723394 214390 2622556 24000
34 427 427 0 1731073 215407 2634673 24100
34 429 429 0 1738596 216495 2646590 24200
35 429 429 0 1746098 217534 2658656 24300
35 432 432 0 1753657 218603 2670704 24400
36 435 435 0 1761274 219700 2682902 24500
36 440 440 0 1768888 220800 2695115 24600
36 442 442 0 1776490 221897 2707207 24700
37 446 446 0 1784090 222939 2719110 24800
38 450 450 0 1791603 224004 2730851 24900
38 451 451 0 1799037 225098 2742525 25000
38 453 453 0 1806615 226088 2754195 25100
38 454 454 0 1814150 227141 2766047 25200
38 455 455 0 1821611 228195 2777665 25300
38 457 457 0 1829115 229245 2789211 25400
38 458 458 0 1836659 230262 2800900 25500
38 460 460 0 1844150 231250 2812353 25600
38 462 462 0 1851735 232261 2823956 25700
38 463 463 0 1859103 233262 2835244 25800
38 464 464 0 1866572 234213 2846483 25900
38 464 464 0 1874074 235110 2857799 26000
38 466 466 0 1881548 236020 2869045 26100
38 470 470 0 1889051 236952 2880245 26200
39 472 472 0 1896457 237921 2891409 26300
39 475 475 0 1903872 238858 2902521 26400
39 477 477 0 1911122 239774 2913334 26500
39 477 477 0 1918613 240750 2924427 26600
39 480 480 0 1925954 241693 2935406 26700
39 481 481 0 1933329 242534 2946307 26800
39 485 485 0 1940718 243389 2957110 26900
39 486 486 0 1947871 244226 2967656 27000
39 488 488 0 1955285 245083 2978461 27100
40 494 494 0 1962573 245905 2989098 27200
40 494 494 0 1969921 246767 3000001 27300
40 498 498 0 1977169 247686 3010954 27400
40 500 500 0 1984495 248558 3021924 27500
40 504 504 0 1991873 249496 3032870 27600
40 507 507 0 1999291 250492 3043972 27700
40 508 508 0 2006682 251533 3055187 27800
40 512 512 0 2013976 252496 3066204 27900
40 516 516 0 2021345 253539 3077454 28000
40 517 517 0 2028917 254665 3088960 28100
40 519 519 0 2036342 255780 3100246 28200
40 521 521 0 2043826 256904 3111466 28300
40 521 521 0 2051027 258040 3122417 28400
40 521 521 0 2058343 259166 3133617 28500
40 521 521 0 2065805 260430 3145281 28600
40 524 524 0 2073081 261648 3156746 28700
40 525 525 0 2080517 262864 3168315 28800
40 527 527 0 2087973 264024 3179938 28900
40 528 528 0 2095381 265190 3191596 29000
40 529 529 0 2102928 266352 3203179 29100
40 531 531 0 2110195 267576 3214620 29200
41 533 533 0 2117567 268592 3225879 29300
41 533 533 0 2124901 269703 3237223 29400
41 533 533 0 2132296 270847 3248577 29500
41 533 533 0 2139559 271976 3260004 29600
41 536 536 0 2146999 273041 3271507 29700
41 536 536 0 2154414 274119 3283090 29800
41 538 538 0 2161725 275262 3294693 29900
41 539 539 0 2169028 276311 3306345 30000
41 540 540 0 2176561 277376 3318176 30100
41 540 540 0 2183998 278444 3329969 30200
41 543 543 0 2191515 279547 3341858 30300
42 543 543 0 2198958 280561 3353469 30400
42 543 543 0 2206318 281608 3364751 30500
42 544 544 0 2213544 282653 3375820 30600
42 546 546 0 2220663 283699 3386608 30700
42 549 549 0 2227995 284766 3397511 30800
43 550 550 0 2235230 285812 3408376 30900
43 552 552 0 2242554 286940 3419388 31000
43 552 552 0 2249862 288012 3430395 31100
44 553 553 0 2257234 289112 3441519 31200
44 554 554 0 2264447 290208 3452350 31300
44 556 556 0 2271819 291308 3463359 31400
45 557 557 0 2279097 292454 3474275 31500
45 557 557 0 2286279 293644 3485344 31600
45 558 558 0 2293643 294836 3496661 31700
45 559 559 0 2301036 296121 3508161 31800
45 560 560 0 2308382 297415 3519587 31900
45 562 562 0 2315670 298753 3531192 32000
45 563 563 0 2323192 300154 3543191 32100
45 565 565 0 2330700 301619 3555468 32200
45 565 565 0 2338170 303027 3567824 32300
45 566 566 0 2345670 304451 3580299 32400
45 567 567 0 2353238 305832 3592596 32500
46 568 568 0 2360757 307273 3604702 32600
46 568 568 0 2368275 308729 3616814 32700
46 568 568 0 2375786 310108 3628916 32800
46 568 568 0 2383315 311417 3640784 32900
46 571 571 0 2390846 312750 3652770 33000
47 571 571 0 2398186 314088 3664556 33100
47 571 571 0 2405772 315460 3676661 33200
47 572 572 0 2413341 316770 3689008 33300
47 573 573 0 2420782 318020 3700923 33400
47 573 573 0 2428390 319233 3712998 33500
47 575 575 0 2435912 320485 3725037 33600
47 576 576 0 2443487 321679 3737068 33700
47 577 577 0 2450949 322840 3748780 33800
47 577 577 0 2458435 324007 3760380 33900
47 578 578 0 2465910 325115 3771786 34000
47 579 579 0 2473460 326208 3783274 34100
47 581 581 0 2480784 327324 3794380 34200
47 583 583 0 2488176 328394 3805498 34300
47 583 583 0 2495520 329401 3816479 34400
47 583 583 0 2502928 330483 3827615 34500
47 584 584 0 2510254 331488 3838603 34600
47 584 584 0 2517553 332421 3849394 34700
47 585 585 0 2524829 333344 3860244 34800
47 586 586 0 2532196 334332 3871217 34900
47 586 586 0 2539533 335356 3882130 35000
47 586 586 0 2546883 336296 3893129 35100
47 586 586 0 2554255 337268 3904443 35200
47 586 586 0 2561623 338172 3915554 35300
47 586 586 0 2569203 339114 3926938 35400
47 586 586 0 2576511 340062 3938106 35500
47 586 586 0 2583935 341006 3949291 35600
47 586 586 0 2591391 342043 3960517 35700
47 586 586 0 2598773 342982 3971469 35800
47 587 587 0 2606115 343872 3982509 35900
47 587 587 0 2613370 344749 3993350 36000
47 588 588 0 2620858 345600 4004368 36100
47 590 590 0 2628195 346496 4015217 36200
47 590 590 0 2635554 347474 4026248 36300
47 590 590 0 2643074 348368 4037209 36400
47 591 591 0 2650407 349173 4047879 36500
47 591 591 0 2657700 349969 4058436 36600
47 591 591 0 2664919 350889 4069031 36700
47 591 591 0 2672335 351830 4079702 36800
47 591 591 0 2679503 352807 4090165 36900
47 591 591 0 2686909 353776 4100820 37000
47 591 591 0 2694139 354761 4111480 37100
48 592 592 0 2701397 355797 4122233 37200
48 592 592 0 2708757 356836 4133322 37300
48 593 593 0 2716180 357900 4144557 37400
48 595 595 0 2723602 358880 4155738 37500
48 595 595 0 2730925 359864 4166781 37600
48 595 595 0 2738358 360853 4177921 37700
48 597 597 0 2745888 361793 4189457 37800
48 598 598 0 2753267 362766 4200860 37900
48 598 598 0 2760906 363742 4212504 38000
48 600 600 0 2768488 364713 4224138 38100
48 601 601 0 2775975 365745 4235874 38200
48 601 601 0 2783544 366707 4247408 38300
48 604 604 0 2790922 367760 4258886 38400
48 606 606 0 2798504 368812 4270486 38500
48 608 608 0 2805932 369850 4282067 38600
48 613 613 0 2813415 370877 4293750 38700
48 614 614 0 2820993 371904 4305464 38800
48 617 617 0 2828496 372927 4317097 38900
48 619 619 0 2836003 374012 4328660 39000
48 620 620 0 2843492 375051 4340316 39100
48 622 622 0 2850932 376134 4352135 39200
48 623 623 0 2858433 377129 4363881 39300
48 623 623 0 2865991 378076 4375599 39400
48 624 624 0 2873540 379036 4387202 39500
48 625 625 0 2881002 380036 4398480 39600
48 626 626 0 2888332 380936 4409395 39700
48 626 626 0 2895712 381795 4420417 39800
48 628 628 0 2903024 382670 4431476 39900
48 629 629 0 2910250 383552 4442607 40000
48 632 632 0 2917638 384496 4453846 40100
48 632 632 0 2924910 385491 4464825 40200
48 633 633 0 2932266 386509 4475962 40300
48 633 633 0 2939682 387439 4487010 40400
48 633 633 0 2946890 388423 4497891 40500
48 636 636 0 2954317 389514 4509010 40600
48 636 636 0 2961565 390375 4519674 40700
48 638 638 0 2968877 391380 4530559 40800
48 638 638 0 2976146 392387 4541310 40900
48 639 639 0 2983480 393427 4552437 41000
48 639 639 0 2990769 394458 4563782 41100
48 639 639 0 2998060 395576 4575234 41200
48 640 640 0 3005485 396648 4586700 41300
49 641 641 0 3012914 397854 4598410 41400
49 641 641 0 3020190 399033 4610011 41500
49 642 642 0 3027657 400221 4621836 41600
49 644 644 0 3035114 401342 4633850 41700
49 644 644 0 3042530 402545 4646120 41800
49 645 645 0 3050051 403685 4658262 41900
49 645 645 0 3057606 404741 4670313 42000
49 645 645 0 3065167 405928 4682621 42100
49 645 645 0 3072755 407097 4694924 42200
50 646 646 0 3080301 408292 4707327 42300
50 649 649 0 3087895 409434 4719632 42400
50 649 649 0 3095564 410475 4731740 42500
50 649 649 0 3102995 411588 4743639 42600
50 649 649 0 3110645 412721 4755653 42700
50 651 651 0 3118140 413837 4767689 42800
50 651 651 0 3125613 414913 4779590 42900
50 653 653 0 3133050 416032 4791574 43000
50 654 654 0 3140605 417178 4803603 43100
50 654 654 0 3148047 418237 4815447 43200
50 654 654 0 3155607 419237 4827295 43300
50 655 655 0 3163111 420229 4839113 43400
50 657 657 0 3170654 421280 4851025 43500
50 659 659 0 3178122 422299 4862632 43600
50 661 661 0 3185644 423264 4874137 43700
50 662 662 0 3193143 424189 4885493 43800
51 665 665 0 3200522 425166 4896923 43900
51 666 666 0 3207920 426073 4908086 44000
51 667 667 0 3215151 426953 4918954 44100
51 667 667 0 3222518 427852 4929916 44200
52 669 669 0 3229871 428757 4940888 44300
52 670 670 0 3237199 429613 4951754 44400
52 671 671 0 3244504 430503 4962740 44500
52 672 672 0 3251931 431427 4973878 44600
52 674 674 0 3259346 432404 4985182 44700
52 675 675 0 3266756 433330 4996355 44800
52 675 675 0 3274085 434271 5007404 44900
52 676 676 0 3281459 435189 5018295 45000
52 676 676 0 3288694 436072 5029047 45100
52 677 677 0 3296010 436894 5039918 45200
53 678 678 0 3303404 437816 5050917 45300
53 679 679 0 3310707 438712 5061747 45400
53 680 680 0 3318060 439546 5072635 45500
53 680 680 0 3325399 440377 5083510 45600
53 681 681 0 3332749 441209 5094199 45700
53 681 681 0 3340120 442014 5104958 45800
53 683 683 0 3347347 442823 5115408 45900
53 684 684 0 3354681 443627 5126116 46000
54 684 684 0 3361896 444448 5136592 46100
54 685 685 0 3369240 445285 5147131 46200
54 685 685 0 3376573 446136 5157617 46300
54 686 686 0 3383920 446989 5168172 46400
54 687 687 0 3391178 447842 5178598 46500
54 687 687 0 3398481 448671 5189128 46600
54 688 688 0 3405787 449516 5199513 46700
54 690 690 0 3413047 450315 5209785 46800
54 691 691 0 3420295 451126 5220145 46900
54 692 692 0 3427593 452037 5230829 47000
55 693 693 0 3434911 452900 5241404 47100
55 695 695 0 3442246 453691 5251930 47200
55 696 696 0 3449554 454545 5262597 47300
55 699 699 0 3456811 455384 5273169 47400
55 702 702 0 3464192 456236 5283962 47500
55 705 705 0 3471411 457137 5294735 47600
55 708 708 0 3478847 458083 5305839 47700
55 710 710 0 3486210 458996 5316829 47800
55 712 712 0 3493654 459959 5328158 47900
55 714 714 0 3501054 460955 5339352 48000
55 715 715 0 3508394 461965 5350851 48100
55 716 716 0 3515818 462907 5362292 48200
56 718 718 0 3523292 463858 5373660 48300
56 719 719 0 3530684 464816 5384888 48400
56 720 720 0 3538068 465874 5396122 48500
57 722 722 0 3545337 466849 5407151 48600
57 722 722 0 3552803 467806 5418546 48700
57 724 724 0 3560231 468768 5429966 48800
57 725 725 0 3567681 469869 5441326 48900
57 725 725 0 3575076 470939 5452563 49000
57 726 726 0 3582414 472029 5463762 49100
57 726 726 0 3589840 473059 5475260 49200
57 727 727 0 3597278 474108 5486746 49300
58 729 729 0 3604674 475070 5498100 49400
58 729 729 0 3612091 476017 5509605 49500
58 732 732 0 3619521 477034 5521302 49600
58 734 734 0 3626955 477978 5532760 49700
59 737 737 0 3634312 478877 5543921 49800
59 739 739 0 3641766 479799 5555282 49900
59 740 740 0 3648994 480627 5566357 50000
59 741 741 0 3656392 481430 5577361 50100
59 743 743 0 3663782 482298 5588485 50200
59 743 743 0 3671139 483154 5599455 50300
59 748 748 0 3678532 483993 5610555 50400
59 749 749 0 3685904 484812 5621604 50500
59 751 751 0 3693278 485553 5632541 50600
60 753 753 0 3700637 486281 5643515 50700
60 754 754 0 3708150 487039 5654642 50800
61 756 756 0 3715627 487820 5665610 50900
61 757 757 0 3723066 488568 5676308 51000
61 759 759 0 3730276 489408 5686729 51100
61 760 760 0 3737660 490265 5697270 51200
61 760 760 0 3745013 491108 5707806 51300
61 761 761 0 3752292 491944 5718382 51400
61 762 762 0 3759530 492800 5728852 51500
61 764 764 0 3766840 493704 5739677 51600
61 764 764 0 3774150 494663 5750674 51700
61 765 765 0 3781599 495623 5761729 51800
61 765 765 0 3789019 496477 5772866 51900
61 766 766 0 3796405 497401 5783913 52000
62 769 769 0 3803877 498302 5795040 52100
62 770 770 0 3811264 499203 5806055 52200
62 770 770 0 3818599 500072 5816931 52300
62 772 772 0 3825945 500996 5827835 52400
62 774 774 0 3833303 501957 5838823 52500
62 776 776 0 3840765 502920 5849917 52600
62 779 779 0 3848129 503816 5861074 52700
62 779 779 0 3855585 504721 5872247 52800
62 781 781 0 3862958 505681 5883305 52900
62 783 783 0 3870135 506692 5894234 53000
62 783 783 0 3877456 507690 5905111 53100
62 784 784 0 3884717 508785 5916000 53200
62 787 787 0 3892017 509806 5926776 53300
63 789 789 0 3899194 510805 5937352 53400
64 791 791 0 3906559 511739 5948106 53500
64 793 793 0 3913690 512763 5958755 53600
64 796 796 0 3921059 513756 5969550 53700
64 798 798 0 3928424 514777 5980304 53800
64 799 799 0 3935554 515745 5990789 53900
64 800 800 0 3942845 516784 6001440 54000
65 801 801 0 3950123 517708 6011801 54100
65 802 802 0 3957390 518705 6022357 54200
65 804 804 0 3964624 519652 6032735 54300
65 805 805 0 3971790 520636 6043005 54400
66 808 808 0 3979047 521663 6053401 54500
66 809 809 0 3986222 522560 6063552 54600
66 811 811 0 3993563 523541 6074091 54700
66 811 811 0 4000810 524491 6084407 54800
67 812 812 0 4007971 525394 6094661 54900
68 814 814 0 4015341 526328 6105199 55000
68 814 814 0 4022525 527263 6115454 55100
68 815 815 0 4029813 528109 6125917 55200
68 816 816 0 4037094 529024 6136297 55300
68 818 818 0 4044311 529942 6146674 55400
68 818 818 0 4051591 530909 6157105 55500
68 818 818 0 4058797 531826 6167459 55600
68 820 820 0 4066161 532763 6178148 55700
68 822 822 0 4073325 533719 6188824 55800
68 823 823 0 4080821 534718 6200058 55900
68 826 826 0 4088055 535798 6211191 56000
68 828 828 0 4095548 536764 6222755 56100
68 829 829 0 4102932 537748 6234121 56200
68 829 829 0 4110360 538791 6245564 56300
68 832 832 0 4117796 539871 6256872 56400
68 833 833 0 4125156 540828 6268141 56500
68 836 836 0 4132706 541796 6279536 56600
68 836 836 0 4140017 542797 6290979 56700
68 839 839 0 4147522 543762 6302449 56800
68 839 839 0 4155011 544750 6313915 56900
68 840 840 0 4162346 545710 6325040 57000
68 842 842 0 4169827 546610 6336263 57100
68 842 842 0 4177118 547522 6347291 57200
68 843 843 0 4184605 548502 6358643 57300
68 843 843 0 4191903 549447 6369733 57400
68 846 846 0 4199391 550377 6380993 57500
68 848 848 0 4206758 551339 6391980 57600
68 849 849 0 4214149 552316 6402876 57700
68 850 850 0 4221396 553262 6413596 57800
68 850 850 0 4228651 554190 6424318 57900
68 850 850 0 4235950 555063 6435034 58000
68 852 852 0 4243226 556121 6445824 58100
68 854 854 0 4250602 557176 6456670 58200
68 856 856 0 4257831 558296 6467385 58300
69 857 857 0 4265043 559302 6478200 58400
69 857 857 0 4272344 560296 6489252 58500
69 860 860 0 4279715 561340 6500418 58600
69 861 861 0 4287091 562418 6511731 58700
69 862 862 0 4294597 563421 6523121 58800
69 863 863 0 4301908 564456 6534406 58900
69 865 865 0 4309139 565540 6545472 59000
69 866 866 0 4316403 566606 6556470 59100
69 868 868 0 4323853 567747 6567774 59200
70 870 870 0 4331004 568855 6578701 59300
70 871 871 0 4338335 569943 6589705 59400
70 871 871 0 4345653 570948 6600903 59500
71 876 876 0 4353027 571908 6612101 59600
71 877 877 0 4360637 572936 6623690 59700
71 879 879 0 4368034 573885 6634807 59800
71 882 882 0 4375379 574909 6645769 59900
71 883 883 0 4382694 576011 6656656 60000
71 883 883 0 4389981 577112 6667554 60100
71 883 883 0 4397381 578098 6678468 60200
71 884 884 0 4404820 579110 6689528 60300
71 884 884 0 4412145 580179 6700539 60400
71 884 884 0 4419629 581243 6711785 60500
71 884 884 0 4427073 582252 6722947 60600
71 886 886 0 4434529 583306 6734134 60700
71 886 886 0 4441862 584385 6745279 60800
72 886 886 0 4449178 585443 6756485 60900
72 889 889 0 4456489 586439 6767599 61000
72 889 889 0 4463908 587426 6778700 61100
72 890 890 0 4471284 588554 6789908 61200
73 890 890 0 4478729 589587 6801097 61300
73 890 890 0 4485949 590552 6812028 61400
73 892 892 0 4493267 591588 6822952 61500
73 892 892 0 4500654 592613 6834147 61600
73 892 892 0 4507925 593592 6845221 61700
73 892 892 0 4515281 594541 6856125 61800
73 892 892 0 4522666 595499 6867068 61900
74 893 893 0 4529929 596425 6877822 62000
74 894 894 0 4537119 597278 6888424 62100
74 894 894 0 4544334 598157 6898961 62200
74 894 894 0 4551543 599004 6909584 62300
75 896 896 0 4558813 599834 6920197 62400
75 896 896 0 4566076 600640 6930832 62500
76 896 896 0 4573395 601535 6941541 62600
76 897 897 0 4580811 602434 6952397 62700
76 897 897 0 4588138 603308 6963018 62800
76 897 897 0 4595418 604183 6973633 62900
76 897 897 0 4602725 605038 6984117 63000
76 897 897 0 4610034 605875 6994657 63100
76 900 900 0 4617341 606655 7005119 63200
76 900 900 0 4624606 607482 7015424 63300
76 904 904 0 4631850 608285 7025657 63400
76 906 906 0 4639087 609089 7035824 63500
76 907 907 0 4646292 609820 7045992 63600
76 909 909 0 4653505 610515 7056257 63700
76 910 910 0 4660792 611245 7066664 63800
76 910 910 0 4667929 612056 7076806 63900
76 911 911 0 4675157 612949 7087145 64000
76 911 911 0 4682364 613760 7097613 64100
76 913 913 0 4689581 614592 7108281 64200
78 917 917 0 4696930 615383 7119263 64300
78 917 917 0 4704228 616332 7130406 64400
78 918 918 0 4711609 617290 7141756 64500
78 918 918 0 4718959 618208 7153003 64600
78 918 918 0 4726408 619132 7164486 64700
78 919 919 0 4733677 620079 7175697 64800
78 922 922 0 4741102 621045 7186972 64900
78 923 923 0 4748362 622076 7198132 65000
78 925 925 0 4755681 623123 7209601 65100
78 925 925 0 4763095 624271 7221209 65200
78 925 925 0 4770602 625434 7233112 65300
78 927 927 0 4778016 626579 7244900 65400
79 928 928 0 4785398 627763 7256590 65500
79 929 929 0 4792757 628927 7268160 65600
79 931 931 0 4800208 630199 7279991 65700
79 932 932 0 4807441 631436 7291606 65800
79 933 933 0 4814838 632651 7303371 65900
79 935 935 0 4822286 633857 7315312 66000
80 935 935 0 4829654 635081 7327202 66100
80 935 935 0 4837066 636301 7339146 66200
80 935 935 0 4844354 637544 7350920 66300
80 937 937 0 4851838 638756 7363036 66400
80 938 938 0 4859204 639998 7374785 66500
80 939 939 0 4866585 641292 7386632 66600
80 941 941 0 4873837 642574 7398168 66700
81 945 945 0 4881297 643740 7409914 66800
81 948 948 0 4888664 645033 7421481 66900
81 949 949 0 4896039 646178 7433085 67000
81 951 951 0 4903305 647329 7444508 67100
81 954 954 0 4910761 648408 7456039 67200
81 954 954 0 4918158 649549 7467388 67300
82 958 958 0 4925531 650698 7478723 67400
82 960 960 0 4932825 651848 7489909 67500
82 962 962 0 4940192 652854 7501110 67600
83 963 963 0 4947572 653874 7511986 67700
83 963 963 0 4954899 654915 7522796 67800
83 965 965 0 4962260 655870 7533438 67900
83 966 966 0 4969496 656874 7543872 68000
83 969 969 0 4976604 657832 7554246 68100
85 971 971 0 4984031 658797 7564954 68200
85 972 972 0 4991301 659774 7575445 68300
85 973 973 0 4998564 660804 7586120 68400
85 973 973 0 5005815 661826 7596744 68500
85 975 975 0 5013165 662793 7607284 68600
85 976 976 0 5020326 663802 7617854 68700
86 977 977 0 5027671 664892 7628724 68800
86 977 977 0 5034934 666039 7639603 68900
86 978 978 0 5042264 667133 7650453 69000
86 980 980 0 5049472 668293 7661069 69100
88 983 983 0 5056656 669452 7671610 69200
89 983 983 0 5063818 670589 7681939 69300
89 984 984 0 5071029 671706 7692415 69400
89 985 985 0 5078221 672781 7702744 69500
89 986 986 0 5085301 673886 7713132 69600
89 988 988 0 5092598 675007 7724013 69700
90 990 990 0 5099839 676116 7734852 69800
90 992 992 0 5107213 677211 7745695 69900
90 992 992 0 5114474 678301 7756428 70000
90 992 992 0 5121708 679377 7766948 70100
90 994 994 0 5128939 680400 7777697 70200
90 994 994 0 5136261 681430 7788553 70300
90 995 995 0 5143518 682550 7799364 70400
90 997 997 0 5150896 683548 7810003 70500
90 998 998 0 5158076 684584 7820558 70600
90 998 998 0 5165341 685627 7831336 70700
90 1000 1000 0 5172630 686663 7842018 70800
90 1001 1001 0 5179848 687701 7852691 70900
90 1003 1003 0 5187056 688662 7863336 71000
90 1004 1004 0 5194258 689732 7874077 71100
90 1007 1007 0 5201554 690827 7884865 71200
90 1008 1008 0 5208689 691861 7895401 71300
90 1010 1010 0 5216029 692872 7906249 71400
90 1010 1010 0 5223308 693908 7917007 71500
90 1010 1010 0 5230470 694940 7927711 71600
90 1014 1014 0 5237861 695940 7938719 71700
90 1014 1014 0 5245166 696903 7949723 71800
90 1014 1014 0 5252501 697872 7960614 71900
90 1016 1016 0 5259900 698872 7971604 72000
90 1017 1017 0 5267224 699798 7982371 72100
91 1018 1018 0 5274480 700689 7993046 72200
91 1018 1018 0 5281809 701573 8003885 72300
91 1020 1020 0 5289218 702531 8014872 72400
91 1020 1020 0 5296534 703518 8025853 72500
91 1020 1020 0 5303901 704418 8036903 72600
91 1020 1020 0 5311328 705432 8048299 72700
91 1020 1020 0 5318565 706322 8059430 72800
91 1020 1020 0 5326050 707122 8070645 72900
91 1022 1022 0 5333563 708016 8081950 73000
91 1023 1023 0 5340960 708880 8092853 73100
91 1023 1023 0 5348269 709670 8103347 73200
91 1023 1023 0 5355652 710449 8113830 73300
91 1023 1023 0 5362857 711314 8124235 73400
91 1023 1023 0 5370033 712197 8134467 73500
91 1023 1023 0 5377237 712962 8144612 73600
91 1023 1023 0 5384384 713710 8154555 73700
91 1023 1023 0 5391574 714563 8164812 73800
91 1023 1023 0 5398828 715468 8175083 73900
91 1023 1023 0 5405906 716438 8185529 74000
91 1023 1023 0 5413074 717291 8195991 74100
91 1024 1024 0 5420319 718156 8206538 74200
91 1025 1025 0 5427535 719033 8216915 74300
91 1026 1026 0 5434782 719990 8227604 74400
91 1026 1026 0 5442033 720938 8238309 74500
91 1027 1027 0 5449299 721950 8249054 74600
91 1028 1028 0 5456545 722925 8259728 74700
91 1029 1029 0 5463841 723856 8270572 74800
91 1029 1029 0 5471177 724921 8281445 74900
91 1031 1031 0 5478482 726076 8292387 75000
91 1033 1033 0 5485734 727109 8303129 75100
91 1033 1033 0 5492999 728171 8313831 75200
91 1033 1033 0 5500171 729252 8324351 75300
91 1033 1033 0 5507394 730317 8334935 75400
91 1033 1033 0 5514694 731465 8345698 75500
91 1034 1034 0 5521909 732563 8356449 75600
91 1034 1034 0 5529209 733614 8367238 75700
91 1034 1034 0 5536374 734606 8377790 75800
91 1035 1035 0 5543638 735616 8388424 75900
91 1035 1035 0 5550908 736695 8399330 76000
91 1036 1036 0 5558297 737713 8410234 76100
91 1036 1036 0 5565603 738717 8421012 76200
91 1036 1036 0 5572751 739710 8431747 76300
91 1037 1037 0 5580222 740742 8442749 76400
92 1039 1039 0 5587510 741751 8453633 76500
92 1040 1040 0 5594922 742745 8464623 76600
92 1040 1040 0 5602323 743650 8475436 76700
92 1042 1042 0 5609655 744544 8486161 76800
92 1045 1045 0 5616858 745442 8496820 76900
93 1045 1045 0 5624240 746300 8507497 77000
93 1046 1046 0 5631569 747181 8518184 77100
93 1048 1048 0 5638731 748028 8528636 77200
93 1051 1051 0 5646029 748913 8539363 77300
93 1052 1052 0 5653319 749795 8549977 77400
93 1053 1053 0 5660688 750638 8560774 77500
93 1056 1056 0 5667892 751464 8571463 77600
94 1059 1059 0 5675292 752258 8582154 77700
94 1060 1060 0 5682695 753025 8592962 77800
94 1060 1060 0 5689904 753825 8603676 77900
94 1061 1061 0 5697283 754582 8614502 78000
94 1061 1061 0 5704722 755413 8625392 78100
94 1061 1061 0 5712140 756273 8636259 78200
94 1063 1063 0 5719402 757124 8647089 78300
94 1066 1066 0 5726672 758021 8657874 78400
95 1069 1069 0 5734034 758863 8668804 78500
95 1070 1070 0 5741280 759781 8679455 78600
96 1072 1072 0 5748617 760749 8690324 78700
96 1072 1072 0 5755968 761667 8701196 78800
96 1074 1074 0 5763273 762525 8712001 78900
96 1076 1076 0 5770619 763545 8723081 79000
96 1079 1079 0 5778018 764485 8734130 79100
96 1080 1080 0 5785277 765514 8745114 79200
96 1080 1080 0 5792602 766545 8756026 79300
96 1081 1081 0 5799847 767565 8766940 79400
96 1081 1081 0 5807190 768617 8778025 79500
96 1082 1082 0 5814515 769734 8789256 79600
96 1083 1083 0 5821849 770986 8800615 79700
96 1084 1084 0 5829275 772105 8811845 79800
96 1084 1084 0 5836623 773264 8822957 79900
96 1085 1085 0 5844107 774359 8834174 80000
96 1086 1086 0 5851329 775445 8845159 80100
96 1087 1087 0 5858790 776566 8856444 80200
96 1089 1089 0 5866065 777679 8867528 80300
96 1089 1089 0 5873389 778793 8878693 80400
96 1089 1089 0 5880766 779901 8889755 80500
96 1089 1089 0 5888212 780989 8900932 80600
96 1090 1090 0 5895692 782070 8912094 80700
96 1091 1091 0 5902892 783080 8922916 80800
96 1091 1091 0 5910189 784102 8933748 80900
97 1092 1092 0 5917518 785025 8944517 81000
97 1094 1094 0 5924710 785883 8955209 81100
97 1094 1094 0 5932160 786789 8966277 81200
97 1095 1095 0 5939412 787725 8977196 81300
99 1099 1099 0 5946747 788616 8988128 81400
99 1101 1101 0 5954054 789529 8999021 81500
99 1102 1102 0 5961548 790428 9010000 81600
99 1102 1102 0 5968888 791328 9020775 81700
99 1103 1103 0 5976220 792174 9031371 81800
99 1103 1103 0 5983505 793102 9042174 81900
99 1103 1103 0 5990671 794037 9053031 82000
99 1103 1103 0 5998123 795021 9064166 82100
99 1103 1103 0 6005391 796019 9075081 82200
99 1104 1104 0 6012625 797049 9086005 82300
99 1104 1104 0 6020084 798056 9096974 82400
99 1105 1105 0 6027245 799192 9107814 82500
99 1107 1107 0 6034594 800262 9118837 82600
99 1108 1108 0 6041759 801318 9129576 82700
99 1108 1108 0 6048991 802380 9140393 82800
99 1109 1109 0 6056207 803413 9151174 82900
99 1109 1109 0 6063508 804433 9162077 83000
99 1109 1109 0 6070658 805433 9172805 83100
99 1110 1110 0 6077895 806473 9183738 83200
99 1111 1111 0 6085278 807487 9194692 83300
99 1111 1111 0 6092548 808554 9205851 83400
99 1112 1112 0 6099937 809604 9217125 83500
99 1113 1113 0 6107401 810686 9228421 83600
100 1114 1114 0 6114674 811676 9239427 83700
100 1114 1114 0 6121939 812583 9250351 83800
100 1115 1115 0 6129331 813571 9261476 83900
100 1116 1116 0 6136629 814643 9272632 84000
100 1119 1119 0 6143891 815730 9283767 84100
100 1119 1119 0 6151299 816767 9295169 84200
100 1120 1120 0 6158619 817825 9306469 84300
100 1121 1121 0 6166124 818848 9317926 84400
100 1122 1122 0 6173483 819829 9329047 84500
100 1123 1123 0 6180958 820869 9340558 84600
100 1123 1123 0 6188170 821906 9351774 84700
100 1123 1123 0 6195655 822929 9363165 84800
100 1124 1124 0 6202932 823957 9374305 84900
100 1126 1126 0 6210267 824935 9385512 85000
100 1129 1129 0 6217583 826094 9396908 85100
100 1129 1129 0 6224889 827266 9408315 85200
100 1129 1129 0 6232282 828336 9419650 85300
100 1131 1131 0 6239644 829481 9431070 85400
101 1133 1133 0 6246889 830572 9442169 85500
101 1134 1134 0 6254212 831616 9453319 85600
101 1134 1134 0 6261656 832658 9464431 85700
101 1136 1136 0 6268912 833722 9475589 85800
101 1137 1137 0 6276166 834836 9487009 85900
101 1137 1137 0 6283629 835982 9498619 86000
101 1137 1137 0 6291044 837123 9510196 86100
101 1138 1138 0 6298403 838274 9521670 86200
101 1138 1138 0 6305783 839396 9533205 86300
101 1138 1138 0 6313045 840552 9544626 86400
101 1141 1141 0 6320351 841751 9556065 86500
101 1143 1143 0 6327787 842980 9567910 86600
101 1144 1144 0 6335189 844288 9579869 86700
101 1144 1144 0 6342721 845439 9591727 86800
101 1145 1145 0 6350078 846537 9603427 86900
101 1146 1146 0 6357587 847628 9615028 87000
101 1147 1147 0 6365011 848704 9626557 87100
102 1149 1149 0 6372358 849789 9637916 87200
102 1152 1152 0 6379748 850896 9649274 87300
102 1153 1153 0 6387126 851926 9660481 87400
103 1155 1155 0 6394469 852929 9671615 87500
104 1157 1157 0 6401759 853930 9682764 87600
104 1157 1157 0 6409148 854874 9693908 87700
104 1157 1157 0 6416458 855824 9704922 87800
104 1157 1157 0 6423864 856735 9715702 87900
104 1158 1158 0 6431170 857718 9726480 88000
104 1158 1158 0 6438291 858615 9736749 88100
104 1158 1158 0 6445633 859425 9747293 88200
104 1159 1159 0 6452787 860247 9757775 88300
105 1160 1160 0 6460105 861183 9768555 88400
106 1161 1161 0 6467412 862123 9779356 88500
106 1161 1161 0 6474713 863024 9790013 88600
106 1161 1161 0 6482065 863908 9800797 88700
106 1161 1161 0 6489350 864874 9811567 88800
106 1161 1161 0 6496842 865809 9822633 88900
106 1163 1163 0 6504266 866740 9833715 89000
106 1163 1163 0 6511517 867734 9844736 89100
106 1166 1166 0 6518832 868739 9856039 89200
106 1167 1167 0 6526291 869786 9867511 89300
106 1168 1168 0 6533758 870801 9878901 89400
106 1169 1169 0 6541177 871889 9890231 89500
106 1170 1170 0 6548526 872891 9901465 89600
106 1171 1171 0 6555953 873927 9912967 89700
106 1173 1173 0 6563332 874953 9924506 89800
106 1174 1174 0 6570776 876013 9936033 89900
106 1175 1175 0 6578256 877066 9947474 90000
106 1176 1176 0 6585556 878072 9958718 90100
106 1176 1176 0 6592935 879111 9969922 90200
106 1176 1176 0 6600303 880203 9981308 90300
106 1177 1177 0 6607583 881310 9992632 90400
106 1178 1178 0 6615072 882452 10004058 90500
106 1178 1178 0 6622480 883488 10015265 90600
106 1178 1178 0 6629646 884479 10026017 90700
106 1179 1179 0 6636890 885483 10036744 90800
106 1179 1179 0 6644001 886514 10047427 90900
106 1179 1179 0 6651367 887475 10058216 91000
106 1180 1180 0 6658471 888500 10068807 91100
106 1180 1180 0 6665804 889481 10079750 91200
106 1181 1181 0 6673030 890464 10090656 91300
108 1182 1182 0 6680235 891510 10101690 91400
108 1186 1186 0 6687536 892504 10112604 91500
108 1191 1191 0 6694906 893480 10123686 91600
110 1191 1191 0 6702315 894497 10134913 91700
110 1192 1192 0 6709606 895518 10146167 91800
110 1194 1194 0 6717140 896467 10157642 91900
110 1194 1194 0 6724570 897432 10168836 92000
110 1196 1196 0 6731828 898410 10179641 92100
110 1198 1198 0 6739169 899333 10190494 92200
110 1198 1198 0 6746441 900324 10201371 92300
110 1199 1199 0 6753726 901267 10212069 92400
110 1199 1199 0 6761079 902197 10222760 92500
111 1200 1200 0 6768205 903019 10233016 92600
111 1201 1201 0 6775554 903899 10243583 92700
111 1201 1201 0 6782773 904740 10253995 92800
111 1202 1202 0 6789973 905591 10264230 92900
111 1204 1204 0 6797340 906390 10274676 93000
111 1205 1205 0 6804622 907259 10285197 93100
111 1206 1206 0 6811758 908113 10295698 93200
111 1206 1206 0 6819021 908958 10306230 93300
111 1207 1207 0 6826395 909838 10316968 93400
111 1209 1209 0 6833678 910657 10327457 93500
112 1211 1211 0 6840877 911482 10337988 93600
112 1212 1212 0 6847982 912366 10348306 93700
112 1213 1213 0 6855408 913151 10358833 93800
112 1213 1213 0 6862648 913979 10369312 93900
112 1213 1213 0 6869899 914775 10379729 94000
112 1214 1214 0 6877248 915586 10390371 94100
112 1215 1215 0 6884731 916383 10401081 94200
113 1215 1215 0 6891916 917252 10411747 94300
113 1216 1216 0 6899262 918133 10422561 94400
113 1217 1217 0 6906707 918926 10433258 94500
113 1220 1220 0 6914070 919790 10444049 94600
113 1220 1220 0 6921312 920672 10454844 94700
113 1221 1221 0 6928899 921586 10466236 94800
114 1222 1222 0 6936440 922593 10477648 94900
114 1222 1222 0 6943833 923532 10488882 95000
114 1223 1223 0 6951420 924429 10500352 95100
114 1223 1223 0 6958976 925424 10511806 95200
114 1224 1224 0 6966477 926397 10523078 95300
114 1224 1224 0 6973928 927393 10534557 95400
114 1227 1227 0 6981442 928342 10546057 95500
114 1229 1229 0 6988939 929342 10557493 95600
114 1229 1229 0 6996389 930362 10568886 95700
114 1229 1229 0 7003800 931358 10580279 95800
114 1229 1229 0 7011236 932401 10591689 95900
114 1230 1230 0 7018581 933493 10602983 96000
114 1231 1231 0 7026006 934512 10614335 96100
114 1231 1231 0 7033377 935548 10625595 96200
114 1232 1232 0 7040761 936631 10636908 96300
114 1232 1232 0 7048167 937739 10648286 96400
114 1233 1233 0 7055437 938853 10659373 96500
114 1234 1234 0 7062798 939921 10670591 96600
114 1236 1236 0 7070094 940866 10681670 96700
114 1236 1236 0 7077473 941800 10692651 96800
114 1236 1236 0 7084743 942654 10703601 96900
114 1236 1236 0 7092211 943565 10714925 97000
114 1237 1237 0 7099536 944404 10726103 97100
115 1237 1237 0 7107043 945251 10737451 97200
115 1238 1238 0 7114478 946078 10748555 97300
116 1239 1239 0 7121832 946868 10759293 97400
117 1241 1241 0 7129162 947726 10770104 97500
117 1241 1241 0 7136402 948478 10780579 97600
117 1244 1244 0 7143579 949309 10790998 97700
117 1245 1245 0 7150829 950106 10801463 97800
117 1249 1249 0 7158267 950839 10812062 97900
117 1250 1250 0 7165456 951559 10822460 98000
117 1252 1252 0 7172876 952286 10832957 98100
117 1253 1253 0 7180176 952950 10843238 98200
117 1255 1255 0 7187355 953579 10853307 98300
117 1255 1255 0 7194669 954278 10863537 98400
117 1256 1256 0 7201928 954979 10873790 98500
117 1256 1256 0 7209219 955697 10884211 98600
117 1256 1256 0 7216622 956359 10894839 98700
117 1257 1257 0 7224014 957153 10905644 98800
118 1258 1258 0 7231368 957981 10916551 98900
118 1259 1259 0 7238715 958832 10927539 99000
118 1260 1260 0 7245918 959728 10938337 99100
118 1261 1261 0 7253438 960592 10949382 99200
118 1262 1262 0 7260790 961482 10960109 99300
118 1263 1263 0 7268029 962317 10970822 99400
118 1263 1263 0 7275333 963165 10981569 99500
118 1263 1263 0 7282726 964130 10992503 99600
118 1264 1264 0 7290179 965085 11003635 99700
118 1265 1265 0 7297595 966063 11014819 99800
118 1266 1266 0 7304878 967132 11025819 99900
118 1267 1267 0 7312169 968227 11036802 100000
118 1268 1268 0 7319611 969372 11048102 100100
118 1268 1268 0 7327038 970441 11059386 100200
118 1268 1268 0 7334356 971505 11070379 100300
118 1269 1269 0 7341819 972554 11081379 100400
118 1271 1271 0 7349143 973639 11092307 100500
118 1271 1271 0 7356297 974758 11103086 100600
118 1271 1271 0 7363613 975901 11113985 100700
118 1271 1271 0 7370826 977159 11125072 100800
118 1271 1271 0 7378089 978420 11136254 100900
118 1271 1271 0 7385339 979592 11147420 101000
118 1271 1271 0 7392645 980715 11158517 101100
118 1271 1271 0 7399950 981804 11169363 101200
118 1271 1271 0 7407164 982850 11180103 101300
118 1272 1272 0 7414395 983852 11191018 101400
118 1273 1273 0 7421659 984916 11202046 101500
118 1273 1273 0 7429015 985905 11213278 101600
118 1274 1274 0 7436439 986891 11224389 101700
118 1274 1274 0 7443652 987883 11235179 101800
118 1275 1275 0 7451013 988882 11245999 101900
118 1275 1275 0 7458232 989871 11256548 102000
118 1276 1276 0 7465475 990798 11267218 102100
118 1276 1276 0 7472774 991752 11277983 102200
118 1278 1278 0 7479992 992634 11288930 102300
119 1281 1281 0 7487292 993554 11299872 102400
119 1281 1281 0 7494801 994433 11310679 102500
119 1281 1281 0 7502093 995274 11321264 102600
119 1281 1281 0 7509334 996197 11331927 102700
119 1282 1282 0 7516746 996989 11342598 102800
119 1284 1284 0 7523908 997866 11352884 102900
119 1284 1284 0 7531113 998726 11363226 103000
119 1284 1284 0 7538371 999486 11373599 103100
119 1284 1284 0 7545692 1000233 11383943 103200
119 1286 1286 0 7552822 1001028 11394100 103300
119 1286 1286 0 7559995 1001781 11404133 103400
119 1287 1287 0 7567209 1002545 11414092 103500
119 1289 1289 0 7574400 1003284 11424073 103600
119 1289 1289 0 7581538 1004038 11433978 103700
120 1291 1291 0 7588699 1004822 11444165 103800
120 1292 1292 0 7595901 1005574 11454339 103900
120 1292 1292 0 7603170 1006367 11464631 104000
122 1295 1295 0 7610462 1007150 11474988 104100
122 1296 1296 0 7617769 1007931 11485553 104200
122 1298 1298 0 7625010 1008863 11496256 104300
122 1298 1298 0 7632397 1009603 11506788 104400
122 1300 1300 0 7639721 1010415 11517383 104500
122 1301 1301 0 7646903 1011183 11527866 104600
122 1303 1303 0 7654165 1011987 11538532 104700
122 1303 1303 0 7661569 1012847 11549449 104800
122 1303 1303 0 7668764 1013751 11560400 104900
122 1305 1305 0 7676199 1014636 11571587 105000
122 1308 1308 0 7683660 1015545 11582794 105100
122 1309 1309 0 7690997 1016441 11594109 105200
122 1310 1310 0 7698420 1017334 11605618 105300
122 1311 1311 0 7705982 1018232 11617229 105400
122 1311 1311 0 7713319 1019106 11628272 105500
123 1311 1311 0 7720660 1019975 11639036 105600
123 1312 1312 0 7727874 1020803 11649663 105700
123 1312 1312 0 7735140 1021651 11660271 105800
123 1313 1313 0 7742378 1022462 11670790 105900
123 1313 1313 0 7749540 1023309 11681222 106000
123 1314 1314 0 7756857 1024112 11691574 106100
123 1314 1314 0 7764004 1024861 11701715 106200
123 1316 1316 0 7771313 1025620 11711948 106300
123 1317 1317 0 7778400 1026425 11722046 106400
123 1319 1319 0 7785579 1027189 11732154 106500
123 1319 1319 0 7792838 1027913 11742423 106600
123 1320 1320 0 7800075 1028716 11752750 106700
123 1320 1320 0 7807495 1029539 11763259 106800
123 1321 1321 0 7814660 1030315 11773529 106900
123 1321 1321 0 7821936 1031119 11783905 107000
123 1321 1321 0 7829262 1031913 11794426 107100
123 1324 1324 0 7836479 1032691 11804879 107200
123 1324 1324 0 7843659 1033491 11815125 107300
123 1324 1324 0 7850952 1034418 11825573 107400
123 1326 1326 0 7858109 1035348 11835829 107500
123 1326 1326 0 7865311 1036248 11846035 107600
123 1327 1327 0 7872442 1037163 11856322 107700
123 1327 1327 0 7879768 1038124 11866966 107800
123 1327 1327 0 7887001 1039130 11877549 107900
123 1328 1328 0 7894306 1040103 11888122 108000
123 1329 1329 0 7901554 1041118 11898759 108100
123 1329 1329 0 7908833 1042313 11909663 108200
123 1329 1329 0 7916187 1043407 11920689 108300
123 1329 1329 0 7923492 1044507 11931712 108400
123 1329 1329 0 7930776 1045601 11942844 108500
123 1331 1331 0 7938173 1046803 11954153 108600
124 1332 1332 0 7945479 1048045 11965713 108700
125 1333 1333 0 7952911 1049302 11977446 108800
125 1333 1333 0 7960405 1050595 11989519 108900
125 1334 1334 0 7967853 1051868 12001537 109000
125 1334 1334 0 7975370 1053158 12013658 109100
125 1335 1335 0 7982815 1054441 12025488 109200
125 1336 1336 0 7990181 1055637 12037019 109300
125 1336 1336 0 7997650 1056938 12048580 109400
125 1336 1336 0 8005042 1058321 12060315 109500
125 1336 1336 0 8012420 1059548 12071707 109600
125 1336 1336 0 8019684 1060809 12082925 109700
125 1336 1336 0 8026969 1062179 12094343 109800
125 1336 1336 0 8034352 1063542 12106090 109900
126 1337 1337 0 8041824 1064976 12118085 110000
126 1339 1339 0 8049266 1066266 12129955 110100
126 1339 1339 0 8056780 1067612 12142079 110200
126 1339 1339 0 8064220 1068829 12154030 110300
127 1341 1341 0 8071716 1070039 12166161 110400
127 1343 1343 0 8079288 1071191 12178319 110500
128 1343 1343 0 8086707 1072350 12190225 110600
128 1347 1347 0 8094101 1073508 12202076 110700
128 1348 1348 0 8101530 1074639 12213772 110800
128 1349 1349 0 8109035 1075886 12225703 110900
128 1350 1350 0 8116544 1077106 12237481 111000
128 1351 1351 0 8123756 1078150 12248685 111100
128 1351 1351 0 8131186 1079188 12260178 111200
128 1354 1354 0 8138551 1080278 12271629 111300
128 1355 1355 0 8146057 1081256 12283259 111400
129 1355 1355 0 8153404 1082370 12294939 111500
129 1357 1357 0 8160928 1083437 12306886 111600
129 1357 1357 0 8168472 1084422 12318838 111700
129 1357 1357 0 8176046 1085412 12330640 111800
129 1358 1358 0 8183358 1086351 12341884 111900
129 1358 1358 0 8190773 1087320 12353165 112000
129 1358 1358 0 8198182 1088330 12364418 112100
129 1358 1358 0 8205460 1089256 12375630 112200
129 1359 1359 0 8212928 1090313 12387156 112300
129 1359 1359 0 8220348 1091404 12398660 112400
129 1359 1359 0 8227743 1092492 12410106 112500
129 1360 1360 0 8235188 1093586 12421519 112600
129 1360 1360 0 8242629 1094647 12432753 112700
129 1362 1362 0 8249938 1095656 12443778 112800
129 1363 1363 0 8257250 1096798 12454922 112900
129 1363 1363 0 8264550 1097929 12466060 113000
129 1365 1365 0 8271840 1099106 12477406 113100
129 1366 1366 0 8279160 1100185 12488820 113200
129 1367 1367 0 8286556 1101318 12500531 113300
129 1368 1368 0 8294135 1102409 12512378 113400
129 1368 1368 0 8301577 1103534 12524122 113500
129 1368 1368 0 8308854 1104557 12535715 113600
129 1370 1370 0 8316428 1105635 12547689 113700
129 1371 1371 0 8323748 1106740 12559375 113800
129 1374 1374 0 8331195 1107807 12571312 113900
130 1374 1374 0 8338536 1108852 12583092 114000
130 1375 1375 0 8345933 1109818 12594884 114100
130 1375 1375 0 8353464 1110739 12606503 114200
130 1375 1375 0 8360955 1111735 12618115 114300
130 1375 1375 0 8368367 1112708 12629434 114400
130 1375 1375 0 8375633 1113571 12640398 114500
130 1377 1377 0 8382948 1114485 12651418 114600
130 1379 1379 0 8390271 1115412 12662336 114700
130 1380 1380 0 8397532 1116299 12673074 114800
130 1381 1381 0 8404871 1117125 12683692 114900
130 1381 1381 0 8412067 1117918 12694140 115000
130 1382 1382 0 8419332 1118661 12704567 115100
130 1382 1382 0 8426531 1119423 12714784 115200
130 1383 1383 0 8433799 1120128 12724957 115300
130 1384 1384 0 8440931 1120851 12735097 115400
130 1385 1385 0 8448213 1121633 12745614 115500
130 1386 1386 0 8455584 1122440 12756279 115600
130 1386 1386 0 8462922 1123269 12767060 115700
130 1386 1386 0 8470276 1124152 12777934 115800
130 1386 1386 0 8477609 1125046 12788700 115900
130 1386 1386 0 8484809 1125917 12799309 116000
130 1386 1386 0 8492103 1126826 12810000 116100
130 1387 1387 0 8499427 1127688 12820664 116200
130 1387 1387 0 8506790 1128522 12831402 116300
131 1388 1388 0 8514082 1129393 12842084 116400
131 1389 1389 0 8521413 1130346 12852833 116500
131 1390 1390 0 8528710 1131199 12863629 116600
131 1391 1391 0 8536072 1132093 12874481 116700
131 1393 1393 0 8543492 1132982 12885455 116800
131 1394 1394 0 8550864 1133866 12896407 116900
131 1397 1397 0 8558356 1134735 12907790 117000
131 1397 1397 0 8565840 1135540 12919259 117100
131 1398 1398 0 8573447 1136389 12931017 117200
131 1399 1399 0 8580855 1137220 12942378 117300
132 1400 1400 0 8588436 1138026 12953826 117400
132 1401 1401 0 8595983 1138843 12965171 117500
132 1402 1402 0 8603477 1139634 12976237 117600
132 1403 1403 0 8610869 1140458 12987161 117700
132 1403 1403 0 8618297 1141268 12998112 117800
132 1403 1403 0 8625735 1142104 13009142 117900
132 1404 1404 0 8633224 1142945 13020256 118000
132 1405 1405 0 8640632 1143759 13031296 118100
132 1405 1405 0 8648009 1144527 13042050 118200
132 1406 1406 0 8655362 1145391 13052790 118300
132 1406 1406 0 8662775 1146183 13063541 118400
132 1406 1406 0 8669995 1146997 13074136 118500
133 1407 1407 0 8677289 1147820 13084802 118600
133 1408 1408 0 8684665 1148661 13095530 118700
133 1409 1409 0 8691894 1149527 13106540 118800
133 1409 1409 0 8699171 1150323 13117320 118900
133 1409 1409 0 8706423 1151141 13128004 119000
133 1410 1410 0 8713794 1151974 13138716 119100
133 1410 1410 0 8721053 1152839 13149448 119200
133 1411 1411 0 8728411 1153749 13160364 119300
133 1411 1411 0 8735791 1154684 13171157 119400
133 1412 1412 0 8743034 1155619 13182006 119500
133 1412 1412 0 8750271 1156474 13192651 119600
133 1413 1413 0 8757635 1157348 13203529 119700
133 1413 1413 0 8764952 1158266 13214258 119800
133 1413 1413 0 8772347 1159244 13225363 119900
