0 0 2 0 0 0
0 0 2 0 0 100
0 0 3 0 1 200
0 0 7 0 1 300
0 0 8 1 2 400
0 0 8 1 3 500
0 0 9 4 5 600
0 0 9 4 5 700
0 0 11 4 6 800
0 0 12 4 8 900
0 0 14 5 10 1000
0 0 15 5 12 1100
0 0 16 5 13 1200
0 0 17 5 14 1300
0 0 18 5 16 1400
0 0 22 5 17 1500
0 0 24 5 19 1600
0 0 25 5 23 1700
0 0 28 5 24 1800
0 0 29 5 27 1900
0 0 29 5 29 2000
1 0 32 6 29 2100
1 0 34 6 32 2200
1 0 35 6 35 2300
1 0 37 6 37 2400
1 0 39 6 38 2500
1 0 39 6 40 2600
1 0 41 8 41 2700
2 0 45 8 42 2800
2 0 45 8 46 2900
3 0 48 8 47 3000
3 0 51 8 48 3100
3 0 51 8 53 3200
3 0 54 8 56 3300
3 0 56 8 56 3400
3 1 58 8 59 3500
3 1 61 8 62 3600
4 1 64 8 62 3700
4 1 67 8 64 3800
4 1 69 9 66 3900
4 1 71 9 69 4000
5 1 75 9 71 4100
5 1 77 9 74 4200
5 1 79 9 75 4300
5 1 79 9 79 4400
6 1 81 9 79 4500
6 1 86 9 81 4600
6 1 89 9 83 4700
7 1 95 9 87 4800
7 1 97 10 91 4900
7 1 99 11 92 5000
7 1 103 11 93 5100
7 1 104 12 97 5200
7 1 106 12 99 5300
7 1 108 12 101 5400
7 1 111 13 103 5500
7 1 113 14 105 5600
7 1 113 14 107 5700
7 1 113 14 109 5800
8 1 113 14 110 5900
8 1 116 14 110 6000
8 1 118 14 111 6100
8 1 119 15 113 6200
9 1 125 15 114 6300
10 1 127 15 120 6400
10 1 130 15 121 6500
11 1 132 16 123 6600
11 1 132 16 125 6700
11 1 133 16 128 6800
11 1 136 17 129 6900
11 1 138 17 129 7000
12 1 138 17 132 7100
12 2 143 17 133 7200
12 2 143 17 135 7300
14 2 146 17 137 7400
15 2 148 17 139 7500
17 2 149 17 140 7600
17 2 151 17 140 7700
17 2 151 17 143 7800
17 2 152 17 145 7900
19 2 153 17 145 8000
21 2 154 17 147 8100
21 2 155 18 147 8200
21 2 156 18 148 8300
21 2 157 18 148 8400
22 2 159 18 149 8500
23 2 159 18 150 8600
24 2 161 18 151 8700
24 2 163 18 153 8800
25 2 165 18 153 8900
26 2 165 18 156 9000
26 2 168 18 157 9100
27 2 170 18 159 9200
28 2 173 18 161 9300
29 2 173 18 164 9400
29 2 177 18 165 9500
29 2 182 18 166 9600
30 2 182 18 168 9700
30 2 184 19 171 9800
31 2 185 19 172 9900
32 2 185 19 174 10000
32 2 192 19 174 10100
32 2 195 19 176 10200
32 2 198 19 182 10300
32 2 202 19 186 10400
32 2 203 19 188 10500
32 2 203 19 192 10600
33 2 205 19 192 10700
33 2 205 19 194 10800
33 2 207 19 194 10900
33 2 209 19 196 11000
33 2 210 19 197 11100
33 2 212 20 198 11200
34 2 212 20 200 11300
34 2 213 20 200 11400
34 2 213 20 201 11500
34 2 213 20 202 11600
34 3 213 20 202 11700
34 3 213 20 202 11800
34 3 214 20 202 11900
34 3 214 20 202 12000
34 3 215 20 203 12100
34 3 217 20 203 12200
34 3 217 20 205 12300
34 3 218 20 207 12400
34 3 219 20 207 12500
34 3 220 20 209 12600
34 3 222 20 210 12700
34 3 222 20 213 12800
34 3 223 20 213 12900
34 3 225 20 214 13000
35 3 227 20 214 13100
35 3 227 20 218 13200
36 3 228 20 218 13300
36 3 230 20 219 13400
36 4 232 20 220 13500
37 4 235 20 221 13600
37 4 236 21 222 13700
37 4 239 21 226 13800
37 4 239 21 228 13900
37 4 240 21 229 14000
37 4 241 21 230 14100
37 4 241 21 230 14200
37 4 241 22 231 14300
37 4 241 22 231 14400
37 4 242 22 231 14500
37 4 242 22 231 14600
37 4 244 22 231 14700
38 4 246 22 232 14800
38 4 246 22 234 14900
39 4 247 22 235 15000
39 4 250 22 235 15100
40 4 251 23 236 15200
40 4 252 24 237 15300
40 4 252 24 238 15400
40 4 252 24 239 15500
41 4 253 24 239 15600
42 4 255 24 239 15700
42 4 255 24 241 15800
42 4 256 24 241 15900
42 4 257 25 242 16000
42 4 258 25 244 16100
43 4 258 25 246 16200
43 4 259 25 247 16300
44 5 260 25 248 16400
44 5 260 25 249 16500
46 5 261 25 250 16600
47 5 262 25 250 16700
47 5 263 25 252 16800
47 5 264 25 253 16900
47 5 265 25 254 17000
47 5 266 25 254 17100
47 5 267 25 255 17200
47 5 268 25 255 17300
47 5 271 25 257 17400
47 5 272 25 257 17500
47 5 273 25 261 17600
47 5 274 26 262 17700
47 5 275 26 264 17800
47 5 276 26 266 17900
47 5 279 26 267 18000
47 5 280 26 269 18100
47 5 282 26 271 18200
47 5 285 27 271 18300
47 5 287 27 273 18400
48 5 288 27 274 18500
48 5 288 27 275 18600
48 5 289 27 276 18700
49 5 290 27 277 18800
49 5 290 27 278 18900
49 5 291 27 279 19000
49 5 293 27 279 19100
50 5 294 27 280 19200
50 5 296 27 282 19300
50 5 297 27 283 19400
50 5 300 27 283 19500
51 5 301 27 286 19600
53 5 304 27 287 19700
53 5 307 27 288 19800
53 5 308 27 290 19900
53 5 309 27 292 20000
53 5 310 27 294 20100
53 5 312 27 296 20200
53 5 313 27 296 20300
53 5 313 28 300 20400
53 5 315 28 300 20500
54 5 315 28 301 20600
54 5 319 28 302 20700
54 5 321 28 306 20800
54 5 321 28 307 20900
54 5 321 28 308 21000
54 5 323 28 308 21100
54 5 325 28 309 21200
54 5 327 28 311 21300
54 5 328 28 314 21400
55 5 332 28 315 21500
55 5 335 28 318 21600
55 5 336 28 320 21700
55 5 336 28 323 21800
56 5 336 28 323 21900
57 5 337 28 324 22000
57 5 338 28 325 22100
57 5 342 28 326 22200
57 5 345 28 329 22300
57 5 347 28 333 22400
57 5 347 29 334 22500
59 5 351 29 335 22600
60 5 351 29 336 22700
61 5 353 29 340 22800
61 5 354 29 341 22900
61 5 356 29 342 23000
61 5 358 29 343 23100
62 5 361 30 346 23200
64 5 363 31 349 23300
64 5 365 31 350 23400
64 5 365 31 354 23500
64 5 366 31 356 23600
64 5 371 31 356 23700
64 5 371 32 358 23800
64 5 372 32 360 23900
64 5 373 32 360 24000
64 5 373 32 363 24100
64 5 374 32 363 24200
64 5 375 32 364 24300
64 5 377 32 365 24400
64 5 378 32 367 24500
65 5 379 32 367 24600
65 5 380 32 369 24700
68 5 382 32 369 24800
68 5 383 32 371 24900
69 5 385 32 373 25000
69 5 385 32 373 25100
69 5 387 32 374 25200
70 5 389 32 375 25300
70 5 389 32 377 25400
71 5 390 32 379 25500
71 5 391 32 379 25600
72 5 392 32 381 25700
72 5 394 32 381 25800
72 5 395 32 383 25900
72 5 396 33 383 26000
72 5 397 33 384 26100
72 5 398 34 385 26200
72 5 399 34 386 26300
72 5 399 34 386 26400
73 5 400 34 388 26500
74 5 400 34 388 26600
74 5 402 34 389 26700
74 5 404 34 390 26800
74 5 404 34 393 26900
74 5 404 34 393 27000
74 5 406 34 393 27100
74 5 406 34 393 27200
74 5 408 34 395 27300
74 5 409 34 396 27400
74 5 409 34 397 27500
74 5 409 34 398 27600
74 5 411 34 399 27700
74 6 411 34 400 27800
74 6 412 34 401 27900
74 6 413 34 403 28000
75 6 414 34 403 28100
75 6 415 34 404 28200
75 6 416 34 404 28300
76 6 417 34 406 28400
76 6 417 34 407 28500
76 6 418 34 408 28600
76 6 418 34 409 28700
76 6 419 34 409 28800
76 6 420 34 409 28900
76 6 420 34 410 29000
76 6 422 34 410 29100
76 6 422 34 412 29200
77 6 423 34 413 29300
78 6 425 35 414 29400
78 6 426 35 415 29500
78 6 426 35 417 29600
79 6 427 35 418 29700
79 6 428 35 418 29800
79 6 430 36 420 29900
80 6 431 36 421 30000
80 6 432 36 423 30100
80 6 435 36 425 30200
80 6 437 36 426 30300
80 6 437 36 427 30400
80 6 437 36 428 30500
80 6 439 36 428 30600
81 6 439 36 431 30700
82 7 439 36 432 30800
82 7 439 36 433 30900
82 7 440 36 433 31000
82 7 440 36 434 31100
82 7 441 36 436 31200
82 7 443 36 437 31300
82 7 443 36 439 31400
82 7 444 36 440 31500
82 7 444 36 440 31600
82 7 445 36 443 31700
82 7 446 36 443 31800
82 7 447 36 445 31900
82 7 448 37 446 32000
82 7 448 37 448 32100
83 7 450 38 448 32200
83 7 451 38 448 32300
83 7 451 39 449 32400
83 7 451 39 450 32500
84 7 451 39 450 32600
84 7 452 39 452 32700
84 7 453 39 452 32800
84 7 453 39 454 32900
84 7 455 39 454 33000
84 7 455 39 455 33100
84 7 456 39 455 33200
84 7 456 39 456 33300
84 7 457 39 456 33400
84 7 459 39 457 33500
84 7 459 39 458 33600
84 7 459 39 459 33700
84 7 459 39 459 33800
84 7 459 39 459 33900
86 7 459 39 459 34000
86 7 460 39 459 34100
87 7 460 39 459 34200
88 7 460 39 460 34300
88 7 462 39 460 34400
88 7 462 39 462 34500
88 7 463 39 462 34600
88 7 463 39 462 34700
88 7 464 39 464 34800
88 7 465 39 464 34900
88 7 467 39 464 35000
88 7 468 39 465 35100
88 7 469 39 467 35200
89 7 469 39 468 35300
89 7 470 39 468 35400
89 8 471 39 468 35500
89 8 471 39 468 35600
89 8 472 39 469 35700
91 8 473 39 470 35800
91 8 475 39 470 35900
92 8 478 39 471 36000
93 8 479 39 472 36100
95 8 480 39 475 36200
97 8 481 39 475 36300
97 8 482 39 476 36400
97 8 484 39 477 36500
97 8 484 39 478 36600
98 8 484 39 480 36700
99 8 486 39 480 36800
99 8 486 39 481 36900
99 8 486 39 482 37000
99 8 487 39 482 37100
99 8 487 39 482 37200
99 8 487 39 483 37300
99 9 487 39 484 37400
99 9 489 39 485 37500
99 9 489 39 485 37600
99 9 489 39 486 37700
99 10 489 40 487 37800
99 10 489 40 488 37900
99 11 489 40 489 38000
99 11 490 40 490 38100
100 11 491 40 491 38200
102 11 493 40 491 38300
102 12 495 40 491 38400
102 13 495 40 494 38500
102 13 495 40 495 38600
102 13 496 40 495 38700
102 13 496 40 495 38800
102 13 497 40 495 38900
102 13 497 40 497 39000
102 13 497 40 497 39100
102 13 498 40 497 39200
102 13 498 40 497 39300
104 13 498 40 498 39400
105 13 500 40 499 39500
105 13 500 40 501 39600
105 13 501 40 502 39700
105 13 501 40 502 39800
105 13 504 40 504 39900
105 13 505 41 506 40000
106 13 506 41 507 40100
106 13 507 41 508 40200
106 13 507 41 509 40300
106 13 510 41 510 40400
106 13 511 41 512 40500
106 13 511 41 514 40600
106 13 512 41 514 40700
106 13 513 41 515 40800
106 13 515 41 515 40900
106 13 517 41 517 41000
106 13 517 41 518 41100
107 13 517 41 520 41200
107 13 519 41 520 41300
107 13 519 41 522 41400
107 14 520 41 523 41500
108 14 523 41 524 41600
108 14 523 41 526 41700
108 14 523 41 527 41800
108 14 523 41 527 41900
108 14 523 41 527 42000
108 14 523 41 527 42100
108 14 523 41 527 42200
108 14 524 41 527 42300
108 14 524 41 528 42400
108 14 524 41 529 42500
108 14 526 41 529 42600
109 14 526 41 530 42700
109 14 528 41 530 42800
109 14 529 41 531 42900
109 14 530 41 533 43000
110 14 531 41 534 43100
110 14 531 41 534 43200
110 14 531 41 534 43300
110 14 531 41 535 43400
112 14 531 41 535 43500
112 14 533 41 535 43600
112 14 534 41 536 43700
112 14 535 42 537 43800
112 14 535 42 538 43900
113 14 536 42 539 44000
114 14 537 42 540 44100
114 14 537 42 540 44200
114 14 538 42 540 44300
114 14 538 42 541 44400
114 14 540 42 541 44500
114 14 541 42 541 44600
115 14 542 42 543 44700
115 14 543 42 544 44800
115 14 543 42 545 44900
115 15 545 42 545 45000
115 15 545 42 547 45100
115 15 546 42 547 45200
116 15 547 42 547 45300
116 15 547 42 548 45400
116 15 550 42 549 45500
117 15 550 42 551 45600
117 15 550 42 553 45700
118 15 552 42 553 45800
118 15 554 42 553 45900
118 15 554 42 555 46000
119 15 554 42 555 46100
120 15 555 42 556 46200
121 15 556 42 557 46300
121 15 557 42 559 46400
121 15 557 42 561 46500
121 15 557 42 561 46600
122 15 558 42 561 46700
122 15 560 42 562 46800
124 15 560 42 563 46900
125 15 561 42 564 47000
125 15 562 42 564 47100
125 15 564 42 565 47200
125 15 566 42 566 47300
125 15 567 42 567 47400
126 15 567 42 569 47500
126 15 570 42 571 47600
126 15 572 42 572 47700
126 15 573 42 572 47800
126 15 575 42 574 47900
126 15 577 42 575 48000
126 15 578 42 578 48100
126 15 581 42 579 48200
126 15 583 42 579 48300
126 15 584 42 582 48400
127 15 585 42 586 48500
127 15 586 43 587 48600
128 15 588 43 587 48700
128 15 590 43 588 48800
129 15 591 43 591 48900
130 15 592 43 593 49000
130 15 594 43 595 49100
130 15 594 43 598 49200
130 15 594 43 598 49300
130 15 594 43 598 49400
130 15 595 43 598 49500
130 15 596 43 598 49600
130 15 596 43 599 49700
130 15 597 43 600 49800
130 15 597 43 600 49900
130 15 597 43 602 50000
131 15 597 43 602 50100
131 15 597 43 603 50200
131 15 598 43 603 50300
131 15 602 43 604 50400
131 15 602 43 606 50500
132 15 604 43 608 50600
133 15 604 43 610 50700
133 15 604 43 611 50800
133 15 604 43 612 50900
134 15 604 43 613 51000
134 15 605 43 614 51100
134 15 605 43 615 51200
134 15 606 43 617 51300
135 15 607 43 617 51400
137 15 609 43 617 51500
138 15 610 43 620 51600
138 15 610 43 622 51700
138 15 611 44 622 51800
138 15 611 44 623 51900
139 15 612 44 623 52000
139 15 614 45 623 52100
139 15 614 45 625 52200
139 15 615 45 625 52300
139 15 615 45 626 52400
139 15 615 45 626 52500
139 15 615 45 626 52600
139 15 615 45 626 52700
139 15 615 45 626 52800
139 15 615 45 626 52900
139 16 615 45 627 53000
139 16 617 45 627 53100
139 16 617 45 629 53200
139 16 618 45 629 53300
139 16 620 45 629 53400
139 16 622 45 630 53500
141 16 622 45 632 53600
142 16 623 45 635 53700
142 16 626 45 635 53800
142 16 626 45 639 53900
142 16 627 45 639 54000
142 16 628 45 639 54100
143 16 628 45 641 54200
143 16 629 45 641 54300
143 16 630 45 641 54400
143 16 631 45 641 54500
144 16 631 46 643 54600
144 16 632 46 643 54700
144 16 632 46 645 54800
144 16 634 46 645 54900
145 16 634 46 648 55000
145 16 634 47 648 55100
145 16 635 47 648 55200
146 16 635 47 649 55300
147 17 635 47 650 55400
147 18 635 47 651 55500
147 18 636 47 651 55600
147 18 636 47 652 55700
149 18 636 47 652 55800
150 18 636 47 652 55900
151 18 637 47 653 56000
151 18 638 47 653 56100
151 18 638 47 654 56200
151 18 639 47 654 56300
151 18 640 47 655 56400
151 18 641 47 655 56500
151 18 641 47 655 56600
151 18 641 48 656 56700
152 18 641 48 656 56800
153 18 642 48 656 56900
153 18 643 48 657 57000
153 18 644 48 657 57100
153 18 645 48 658 57200
153 18 645 48 659 57300
153 18 647 48 660 57400
153 18 649 48 660 57500
153 18 652 48 662 57600
153 18 652 48 664 57700
153 18 654 48 665 57800
153 18 654 49 666 57900
153 18 654 49 668 58000
153 18 655 49 668 58100
153 18 655 49 669 58200
153 18 656 49 670 58300
153 18 657 49 670 58400
153 18 657 49 671 58500
153 18 657 49 672 58600
153 18 659 49 672 58700
153 18 659 49 673 58800
153 18 660 49 673 58900
153 18 660 49 674 59000
153 18 661 49 675 59100
153 18 663 49 675 59200
153 18 664 49 676 59300
153 18 664 50 677 59400
153 18 665 50 678 59500
153 18 666 50 679 59600
153 18 667 50 679 59700
153 18 670 50 681 59800
153 19 671 50 682 59900
153 19 671 50 684 60000
153 19 673 50 684 60100
153 19 673 50 684 60200
154 19 673 50 684 60300
154 19 675 50 684 60400
154 19 676 50 684 60500
154 19 677 50 686 60600
154 19 677 50 688 60700
154 19 678 50 688 60800
154 19 678 50 689 60900
154 19 678 50 690 61000
154 19 678 50 690 61100
154 19 679 50 690 61200
154 19 681 50 691 61300
154 19 683 50 692 61400
154 19 684 50 695 61500
154 19 684 50 696 61600
154 19 687 50 698 61700
154 19 687 50 698 61800
154 19 688 50 700 61900
154 19 688 51 700 62000
154 19 689 51 701 62100
155 19 689 51 701 62200
155 19 689 51 702 62300
156 19 690 51 702 62400
156 19 691 51 703 62500
156 19 692 51 704 62600
156 19 692 51 704 62700
156 19 693 51 705 62800
156 19 693 51 705 62900
156 19 694 52 705 63000
156 19 695 52 706 63100
156 19 695 52 706 63200
156 19 695 52 707 63300
156 19 695 52 707 63400
156 19 695 52 707 63500
156 20 696 52 708 63600
156 20 697 52 709 63700
156 20 699 52 710 63800
156 20 699 52 711 63900
156 20 700 52 712 64000
156 20 701 52 713 64100
156 20 701 52 713 64200
156 20 701 52 713 64300
156 20 701 52 713 64400
156 20 701 52 713 64500
157 20 703 52 713 64600
157 20 703 52 713 64700
157 20 705 52 713 64800
157 20 705 52 714 64900
157 20 705 52 715 65000
157 20 705 52 715 65100
157 20 705 52 715 65200
157 20 705 52 716 65300
157 20 706 52 716 65400
157 20 706 52 717 65500
157 20 706 52 718 65600
157 20 707 52 718 65700
157 20 707 52 719 65800
157 20 707 52 719 65900
157 20 707 52 719 66000
157 20 707 52 719 66100
157 20 707 52 719 66200
157 20 707 52 719 66300
157 20 707 52 719 66400
157 20 707 52 719 66500
157 20 707 52 719 66600
157 20 707 52 719 66700
157 20 708 52 719 66800
157 20 711 52 719 66900
157 20 711 52 721 67000
157 20 711 52 723 67100
157 20 711 52 723 67200
157 20 712 52 723 67300
157 20 714 52 723 67400
157 20 714 52 723 67500
157 20 714 52 725 67600
157 20 714 52 726 67700
157 20 714 52 726 67800
157 20 714 52 726 67900
157 20 716 52 728 68000
157 20 716 52 728 68100
157 20 716 52 730 68200
157 20 716 52 730 68300
157 20 716 52 730 68400
157 20 717 52 730 68500
158 20 717 52 733 68600
158 20 717 52 733 68700
158 20 718 52 733 68800
158 20 718 53 734 68900
158 20 718 53 734 69000
158 20 721 53 735 69100
158 20 722 53 735 69200
158 20 722 53 738 69300
158 20 722 53 738 69400
158 20 722 54 738 69500
159 20 723 54 739 69600
159 20 724 54 739 69700
160 20 725 54 740 69800
160 20 726 54 741 69900
160 20 726 54 742 70000
160 20 727 54 743 70100
160 20 728 54 743 70200
160 20 729 54 745 70300
160 20 730 54 745 70400
160 20 730 54 745 70500
161 20 730 55 746 70600
161 20 732 55 746 70700
161 20 733 55 746 70800
162 20 733 55 749 70900
162 20 734 56 749 71000
162 20 734 56 751 71100
163 20 736 56 752 71200
163 20 736 56 754 71300
163 20 737 56 754 71400
163 20 737 56 755 71500
164 20 737 56 755 71600
164 20 738 56 755 71700
164 20 738 56 755 71800
164 20 739 57 755 71900
164 20 740 57 756 72000
164 20 740 57 756 72100
164 20 740 57 758 72200
164 20 740 57 758 72300
164 20 740 57 758 72400
164 20 741 57 758 72500
164 20 741 57 759 72600
164 20 742 57 759 72700
164 20 745 57 759 72800
164 20 745 58 761 72900
164 21 746 59 762 73000
164 21 747 59 762 73100
164 21 748 59 763 73200
165 21 748 59 765 73300
165 21 751 59 767 73400
166 21 751 59 768 73500
167 21 752 59 770 73600
167 21 755 59 771 73700
167 21 755 59 772 73800
167 21 755 59 773 73900
169 21 757 59 773 74000
169 22 758 59 774 74100
169 22 760 59 776 74200
169 22 760 59 777 74300
169 22 762 59 778 74400
169 22 762 59 779 74500
169 22 762 59 780 74600
170 22 764 60 780 74700
170 22 765 60 781 74800
172 22 766 60 781 74900
174 22 766 60 783 75000
174 22 768 60 783 75100
174 22 769 60 784 75200
174 22 770 60 785 75300
174 22 771 60 787 75400
174 24 772 60 789 75500
174 24 773 60 791 75600
174 24 773 60 792 75700
174 24 774 60 793 75800
174 24 775 60 794 75900
175 24 775 60 796 76000
175 24 776 60 796 76100
175 24 778 60 797 76200
175 24 778 60 797 76300
175 24 781 60 798 76400
175 24 782 60 799 76500
175 24 783 60 801 76600
175 25 784 60 802 76700
175 25 785 60 805 76800
175 25 785 60 805 76900
175 25 786 60 806 77000
175 25 788 60 807 77100
175 25 788 60 809 77200
175 25 789 60 809 77300
175 25 790 60 810 77400
175 25 790 60 811 77500
175 25 790 60 812 77600
175 25 791 60 814 77700
175 25 791 60 816 77800
175 25 795 60 816 77900
175 25 795 60 820 78000
175 25 796 60 821 78100
176 25 797 60 823 78200
176 25 798 60 823 78300
177 25 798 60 826 78400
177 25 799 61 826 78500
177 25 801 61 829 78600
177 25 803 62 829 78700
177 25 803 63 831 78800
177 26 805 63 834 78900
177 26 806 63 836 79000
177 26 807 63 836 79100
177 26 808 63 836 79200
177 26 809 63 839 79300
177 26 810 63 839 79400
177 26 810 63 841 79500
177 26 811 63 841 79600
177 26 813 63 841 79700
177 26 814 63 843 79800
177 26 814 64 844 79900
177 26 814 64 844 80000
177 26 814 64 844 80100
177 26 814 64 845 80200
177 26 814 64 845 80300
177 26 815 64 847 80400
177 26 816 64 847 80500
177 26 816 64 848 80600
177 26 816 64 848 80700
177 26 817 64 848 80800
177 26 817 64 848 80900
177 26 817 64 848 81000
177 26 817 64 848 81100
177 26 817 64 848 81200
178 26 818 64 848 81300
178 26 820 64 848 81400
178 26 820 64 848 81500
178 26 821 64 850 81600
178 26 823 64 850 81700
178 26 824 64 852 81800
178 26 825 64 853 81900
178 26 825 64 853 82000
178 26 825 64 854 82100
178 26 829 65 854 82200
178 26 829 65 854 82300
178 26 830 65 855 82400
178 26 831 65 856 82500
178 27 831 65 858 82600
179 27 833 65 859 82700
180 28 833 65 860 82800
180 28 834 65 861 82900
181 28 838 65 863 83000
184 28 839 65 864 83100
184 28 842 65 869 83200
184 28 843 65 871 83300
185 28 845 65 873 83400
185 28 848 65 874 83500
185 28 848 65 880 83600
185 28 849 65 881 83700
185 28 849 65 882 83800
185 28 850 65 882 83900
185 28 852 66 883 84000
185 28 852 66 884 84100
185 28 852 66 885 84200
185 28 853 66 885 84300
185 28 854 66 885 84400
185 28 854 66 887 84500
185 28 854 66 887 84600
185 28 854 66 888 84700
185 28 854 66 888 84800
185 28 854 66 888 84900
185 28 854 66 888 85000
185 28 854 66 888 85100
186 28 854 67 888 85200
186 28 854 67 888 85300
187 28 855 67 888 85400
187 28 855 67 888 85500
188 28 856 67 889 85600
188 28 857 67 890 85700
188 28 859 67 890 85800
188 28 859 67 890 85900
188 28 859 68 891 86000
188 28 860 68 891 86100
188 28 860 68 891 86200
188 28 860 68 892 86300
188 28 860 68 892 86400
188 28 860 68 892 86500
188 28 861 68 892 86600
188 28 861 68 893 86700
188 28 861 68 893 86800
188 28 861 68 893 86900
188 29 861 68 893 87000
188 29 861 68 894 87100
188 29 861 68 894 87200
188 29 861 68 894 87300
188 29 862 68 894 87400
188 29 863 68 894 87500
189 29 864 68 894 87600
190 29 864 68 896 87700
190 29 868 68 896 87800
190 29 868 68 899 87900
190 29 869 68 899 88000
191 29 869 68 901 88100
191 29 870 68 901 88200
191 29 871 68 902 88300
192 29 872 68 903 88400
192 29 874 68 904 88500
194 29 875 69 906 88600
194 29 876 69 906 88700
194 29 877 69 908 88800
194 29 878 69 908 88900
194 29 879 69 908 89000
195 29 879 69 909 89100
197 29 881 69 909 89200
197 29 883 69 911 89300
197 29 884 69 912 89400
197 29 885 70 912 89500
197 29 887 70 912 89600
197 29 887 71 913 89700
199 29 887 71 913 89800
199 29 889 71 913 89900
199 29 890 71 914 90000
199 29 890 71 916 90100
199 29 890 71 917 90200
199 29 890 71 917 90300
199 29 890 71 918 90400
199 29 892 71 918 90500
199 29 892 71 919 90600
199 29 892 71 919 90700
199 29 892 72 919 90800
199 29 892 72 919 90900
199 29 893 72 919 91000
200 29 893 72 919 91100
200 29 894 72 920 91200
200 29 895 72 920 91300
200 29 895 73 921 91400
200 29 895 73 921 91500
201 29 896 73 921 91600
201 29 899 73 922 91700
201 29 899 73 924 91800
201 29 899 73 926 91900
201 30 899 73 926 92000
202 30 900 73 926 92100
202 30 902 73 926 92200
202 30 902 73 928 92300
202 30 902 73 928 92400
202 30 902 74 929 92500
202 30 902 74 929 92600
203 30 902 74 929 92700
203 30 902 74 929 92800
204 30 903 74 929 92900
205 30 904 74 929 93000
205 30 905 74 930 93100
205 30 906 74 931 93200
205 31 906 74 932 93300
205 31 907 74 932 93400
205 31 908 74 933 93500
205 31 909 74 934 93600
205 31 909 74 934 93700
205 31 910 74 935 93800
205 31 910 74 935 93900
205 31 910 74 935 94000
205 31 912 74 936 94100
206 31 912 74 937 94200
207 31 913 74 938 94300
207 31 913 74 938 94400
207 31 913 74 941 94500
207 31 913 74 941 94600
207 31 913 74 941 94700
207 31 914 75 941 94800
207 31 915 76 942 94900
207 31 915 76 943 95000
207 31 916 76 943 95100
207 31 916 76 945 95200
207 32 916 76 946 95300
207 32 916 76 947 95400
207 32 916 76 947 95500
208 32 916 76 947 95600
208 32 916 76 947 95700
209 32 916 76 948 95800
209 32 917 76 948 95900
209 32 917 76 948 96000
209 32 917 76 949 96100
210 32 919 76 950 96200
210 32 920 76 950 96300
210 32 921 76 952 96400
210 32 922 76 953 96500
210 32 923 76 954 96600
210 32 923 76 955 96700
210 32 925 76 956 96800
210 32 925 76 957 96900
211 32 925 76 959 97000
212 32 925 76 959 97100
212 32 927 76 959 97200
212 32 927 76 960 97300
212 32 927 76 960 97400
212 32 928 77 960 97500
213 32 928 77 961 97600
213 32 928 77 961 97700
213 32 929 77 961 97800
213 32 930 77 961 97900
213 32 930 77 961 98000
213 32 931 77 963 98100
213 32 931 77 964 98200
213 32 931 77 966 98300
213 32 931 77 966 98400
213 32 932 77 966 98500
213 32 933 77 967 98600
213 32 933 77 967 98700
213 32 933 78 968 98800
213 32 934 78 969 98900
213 32 934 78 969 99000
213 32 935 79 969 99100
213 32 936 79 970 99200
213 32 936 79 970 99300
213 32 938 79 971 99400
213 32 938 79 972 99500
213 32 939 79 974 99600
214 32 939 79 974 99700
214 32 940 79 975 99800
214 32 941 79 976 99900
214 33 942 79 977 100000
215 33 943 79 979 100100
215 33 943 79 980 100200
215 33 943 79 981 100300
216 33 944 79 981 100400
216 33 947 79 982 100500
216 33 947 79 984 100600
216 33 948 79 985 100700
216 33 948 79 986 100800
216 33 948 79 986 100900
216 33 948 79 986 101000
217 33 948 79 986 101100
217 33 950 79 986 101200
217 33 951 79 990 101300
217 34 953 79 991 101400
219 34 954 79 993 101500
219 34 955 79 995 101600
219 34 955 79 996 101700
219 34 956 79 997 101800
219 34 957 79 999 101900
219 34 958 80 1000 102000
219 34 959 80 1001 102100
219 34 960 80 1001 102200
219 34 960 80 1001 102300
219 34 961 80 1001 102400
219 34 961 81 1002 102500
219 34 961 81 1002 102600
219 34 962 81 1002 102700
220 34 963 81 1002 102800
220 34 963 81 1002 102900
220 34 964 81 1003 103000
220 34 964 81 1004 103100
220 34 965 81 1004 103200
220 34 965 81 1004 103300
220 34 966 81 1005 103400
220 34 966 81 1006 103500
220 34 966 81 1006 103600
220 34 967 81 1006 103700
220 34 967 81 1006 103800
220 34 967 81 1006 103900
220 34 969 81 1006 104000
220 34 969 81 1006 104100
220 34 969 81 1008 104200
220 34 970 81 1008 104300
220 34 970 81 1009 104400
220 34 971 81 1010 104500
220 34 971 81 1010 104600
220 34 972 81 1012 104700
220 34 972 81 1013 104800
220 34 974 81 1013 104900
220 34 974 81 1015 105000
220 34 974 81 1015 105100
220 34 974 81 1015 105200
220 34 974 81 1015 105300
221 34 974 81 1015 105400
222 34 974 81 1015 105500
225 34 974 81 1015 105600
225 35 977 82 1017 105700
225 35 978 82 1020 105800
227 35 978 82 1022 105900
228 35 979 82 1022 106000
228 35 981 82 1023 106100
228 35 982 82 1024 106200
228 35 982 82 1026 106300
228 35 982 82 1027 106400
228 35 982 82 1029 106500
228 35 982 82 1030 106600
228 35 983 82 1030 106700
228 35 983 82 1031 106800
228 35 983 82 1031 106900
228 35 983 82 1031 107000
229 35 983 82 1031 107100
229 35 984 82 1032 107200
229 35 985 82 1032 107300
229 35 985 82 1032 107400
229 35 985 82 1033 107500
229 35 985 82 1033 107600
229 35 985 82 1033 107700
229 35 987 82 1033 107800
229 35 987 82 1033 107900
229 35 988 82 1035 108000
229 35 989 82 1036 108100
229 35 989 82 1037 108200
229 35 989 82 1037 108300
230 35 989 82 1037 108400
230 35 989 82 1037 108500
230 35 989 82 1037 108600
230 35 989 82 1037 108700
230 35 990 82 1037 108800
230 35 991 82 1037 108900
230 35 991 82 1037 109000
230 35 991 82 1039 109100
231 35 991 82 1039 109200
231 35 991 82 1040 109300
231 35 992 82 1040 109400
232 35 992 82 1040 109500
232 35 992 82 1042 109600
233 35 992 82 1042 109700
234 35 993 82 1043 109800
234 35 993 82 1043 109900
234 35 995 82 1044 110000
234 35 995 82 1044 110100
234 35 995 82 1045 110200
234 35 995 82 1046 110300
234 35 996 82 1046 110400
235 35 996 82 1047 110500
235 35 997 82 1047 110600
235 35 997 82 1047 110700
235 35 999 82 1048 110800
236 35 1000 82 1049 110900
237 35 1003 82 1051 111000
237 36 1004 82 1055 111100
237 36 1006 82 1056 111200
237 36 1006 82 1057 111300
239 37 1007 84 1058 111400
239 37 1009 84 1059 111500
239 37 1010 84 1060 111600
239 37 1011 84 1062 111700
240 37 1012 84 1064 111800
240 37 1013 84 1064 111900
240 37 1013 85 1065 112000
241 37 1014 85 1065 112100
241 37 1015 85 1066 112200
241 37 1016 85 1066 112300
241 37 1018 85 1066 112400
241 37 1019 85 1069 112500
241 37 1021 85 1070 112600
241 37 1022 85 1071 112700
241 37 1023 85 1072 112800
241 37 1024 85 1074 112900
241 37 1024 85 1075 113000
241 38 1025 85 1075 113100
241 38 1025 85 1075 113200
241 38 1026 86 1076 113300
241 38 1026 86 1077 113400
241 38 1026 86 1077 113500
242 38 1026 86 1077 113600
242 38 1026 86 1077 113700
242 38 1026 86 1077 113800
242 38 1027 86 1077 113900
243 38 1027 86 1077 114000
243 38 1027 86 1077 114100
243 38 1027 86 1077 114200
243 38 1028 86 1077 114300
243 38 1028 86 1077 114400
243 38 1028 86 1078 114500
243 38 1028 86 1079 114600
243 38 1029 86 1079 114700
243 38 1030 86 1079 114800
243 38 1030 86 1081 114900
243 38 1031 86 1081 115000
243 38 1032 86 1081 115100
243 38 1032 86 1082 115200
243 38 1035 86 1082 115300
243 38 1035 86 1083 115400
244 38 1036 86 1085 115500
244 38 1037 86 1086 115600
244 38 1037 86 1087 115700
244 38 1037 86 1087 115800
244 38 1038 86 1087 115900
244 38 1038 86 1087 116000
245 38 1038 87 1088 116100
245 38 1039 87 1089 116200
245 38 1039 87 1089 116300
245 38 1039 87 1092 116400
245 38 1039 87 1092 116500
245 38 1039 87 1093 116600
245 38 1039 88 1093 116700
245 38 1041 88 1094 116800
245 38 1041 88 1094 116900
246 38 1043 88 1096 117000
246 38 1044 88 1097 117100
246 38 1046 88 1098 117200
246 38 1047 89 1098 117300
247 38 1047 89 1100 117400
247 38 1047 89 1101 117500
247 38 1047 89 1102 117600
247 38 1049 89 1103 117700
248 38 1050 89 1103 117800
248 38 1053 89 1106 117900
249 38 1053 90 1107 118000
249 38 1054 90 1108 118100
249 38 1056 90 1108 118200
249 38 1056 90 1108 118300
250 38 1056 91 1110 118400
251 38 1056 91 1111 118500
251 38 1056 91 1111 118600
251 38 1058 91 1111 118700
252 38 1058 91 1114 118800
252 38 1058 91 1114 118900
253 38 1059 91 1114 119000
254 38 1060 91 1115 119100
254 38 1060 91 1116 119200
255 38 1060 91 1116 119300
255 38 1060 92 1117 119400
255 38 1060 92 1117 119500
255 38 1060 92 1117 119600
255 38 1060 92 1117 119700
255 38 1061 92 1118 119800
255 38 1064 92 1118 119900
