0 Infinity null 0 NaN 0
0 Infinity null 0 NaN 100
0.04394046775336641 37.0 2860 0.0 0.0 200
0.12304166244811178 27.5 2434 0.0 0.0 300
0.2243988351373276 24.666666666666668 2409 0.0 0.0 400
0.46541813550754607 22.5 2491 0.0 0.0 500
0.8726940912898915 23.8 2618 0.1 1.0 600
1.4407501502357214 27.0 2760 0.125 18.333333333333332 700
2.1932148264766376 30.714285714285715 2921 0.29761904761904756 19.428571428571427 800
3.104664267432742 32.5 3093 0.5639880952380951 21.5 900
4.053694701493054 34.888888888888886 3270 0.8029100529100528 26.444444444444443 1000
5.232717050504137 38.7 3435 0.9589826839826839 34.0 1100
6.4700439564053704 42.27272727272727 3607 1.0933933490751673 42.27272727272727 1200
7.892553440258168 46.833333333333336 3771 1.324499458874459 50.166666666666664 1300
9.278468469384281 49.84615384615385 3929 1.5405636030636032 61.23076923076923 1400
10.940325313407852 53.357142857142854 4079 1.7237564284086841 71.85714285714286 1500
12.683221289715876 57.13333333333333 4230 1.910593719146351 76.4 1600
14.536211847620336 68.625 4376 2.0610679753360674 82.3125 1700
16.33988645782809 78.70588235294117 4527 2.2363973101202204 88.47058823529412 1800
18.004698498965098 88.11111111111111 4679 2.372836775797302 96.88888888888889 1900
19.65435830831996 101.3157894736842 4836 2.538331754929567 103.05263157894737 2000
21.34585914290396 113.95 4974 2.735608715570186 109.0 2100
23.152019706952228 126.47619047619048 5107 2.8896129181476518 114.19047619047619 2200
24.989921392390986 131.1818181818182 5237 3.085539603686395 118.54545454545455 2300
26.708789771840816 133.0 5364 3.279336018432949 123.47826086956522 2400
28.48441130597537 135.125 5483 3.4665065414744336 129.375 2500
30.306006657247618 138.32 5596 3.6567351687043446 135.56 2600
32.193140216011926 149.30769230769232 5722 3.8116959039739577 142.42307692307693 2700
34.13682946070855 158.03703703703704 5847 3.983749494832065 148.40740740740742 2800
36.029761206601286 168.14285714285714 5968 4.124367464001597 153.89285714285714 2900
37.91087570430006 170.3448275862069 6089 4.272377781334875 158.55172413793105 3000
40.22754683072373 172.4 6203 4.436446670105195 162.9 3100
42.55399160975154 174.96774193548387 6322 4.544231544546245 167.96774193548387 3200
44.9885006875976 177.65625 6439 4.686152880207747 172.0625 3300
47.66959875288571 182.3030303030303 6553 4.810495934874497 176.42424242424244 3400
50.47548115075686 188.2058823529412 6664 4.970481348554659 181.8235294117647 3500
53.394329828183736 193.11428571428573 6767 5.125610452881669 187.54285714285714 3600
56.33201702879315 195.0 6882 5.2697403212540035 193.91666666666666 3700
59.015227081123946 200.3783783783784 6993 5.413655301614559 199.94594594594594 3800
61.992961315535105 206.18421052631578 7089 5.562638056835229 205.31578947368422 3900
65.02543015907152 212.3846153846154 7185 5.69609456462061 210.64102564102564 4000
67.95482598958324 218.35 7276 5.836800308613204 215.55 4100
70.5615874282618 222.1951219512195 7364 5.96850864511686 220.5609756097561 4200
72.71831658926531 226.5 7447 6.078385423407729 225.61904761904762 4300
74.75939525605783 226.74418604651163 7520 6.1677001558614775 230.46511627906978 4400
76.54345643662755 229.22727272727272 7589 6.254183628977648 235.0 4500
78.16742909661279 239.11111111111111 7655 6.339826395180547 238.82222222222222 4600
79.4312059517277 244.45652173913044 7715 6.408525821372274 242.43478260869566 4700
80.87546590062898 249.38297872340425 7769 6.457662478746242 246.59574468085106 4800
82.62248405757619 253.66666666666666 7831 6.499484432919648 250.85416666666666 4900
84.50871010397587 254.55102040816325 7886 6.530581808042788 254.18367346938774 5000
86.16212473976285 254.74 7942 6.574853892812165 257.02 5100
87.73267027328909 257.3921568627451 7991 6.641057140251046 259.62745098039215 5200
89.14904595757692 258.38461538461536 8039 6.719822235732049 262.0 5300
90.64838043984767 260.6981132075472 8085 6.802515478502465 264.39622641509436 5400
91.92824598673285 261.0925925925926 8132 6.9037701968685345 266.81481481481484 5500
93.2368494399853 261.96363636363634 8172 6.9913007154336295 269.1818181818182 5600
94.75925116095343 264.07142857142856 8216 7.05046227098101 271.07142857142856 5700
96.28127914471598 266.9824561403509 8257 7.118916984689781 273.0877192982456 5800
97.90967214679388 270.05172413793105 8307 7.178316736058966 275.17241379310343 5900
99.51365764767576 274.8135593220339 8371 7.235508513057074 277.66101694915255 6000
100.98816421813481 280.5833333333333 8439 7.276166704506124 280.3333333333333 6100
102.40618403179869 285.59016393442624 8498 7.330968030974017 282.1639344262295 6200
103.87125432108049 288.80645161290323 8548 7.3692962413320275 284.53225806451616 6300
105.29911838073026 289.8888888888889 8606 7.394442148169504 286.77777777777777 6400
106.69300707915559 292.234375 8654 7.426820656271022 288.046875 6500
108.18854864324106 293.38461538461536 8697 7.455933399038702 288.9846153846154 6600
109.58360874680571 296.6818181818182 8740 7.5007380972087345 289.530303030303 6700
110.83321868817984 298.4925373134328 8777 7.565569535227178 289.95522388059703 6800
112.17483595893906 300.70588235294116 8814 7.615450083363699 290.6470588235294 6900
113.4006005893913 301.17391304347825 8854 7.6641864715695185 291.4347826086956 7000
114.90362423352595 302.9142857142857 8891 7.710844272806233 292.48571428571427 7100
116.14592580483058 303.92957746478874 8924 7.745378729494517 293.98591549295776 7200
117.36563789076718 307.52777777777777 8954 7.789259051373231 295.875 7300
118.61659770424573 311.3972602739726 8988 7.828428771883853 297.63013698630135 7400
119.85067935082608 315.1621621621622 9018 7.8544872581659195 299.2972972972973 7500
121.19628874071898 316.4266666666667 9047 7.88561661724623 300.7866666666667 7600
122.58546946985997 318.4342105263158 9072 7.926595345966674 302.0921052631579 7700
123.6580348726386 320.72727272727275 9088 7.961383239628077 303.68831168831167 7800
124.72033278352855 322.1923076923077 9111 8.000997326956975 305.34615384615387 7900
125.92232526115352 327.1518987341772 9139 8.043827935281763 307.11392405063293 8000
127.21528371296998 330.0875 9163 8.095467586090741 308.675 8100
128.41047118188058 333.77777777777777 9187 8.1378074924353 310.71604938271605 8200
129.4982234493275 335.6585365853659 9214 8.177768793092692 312.6707317073171 8300
130.6985266515299 337.33734939759034 9236 8.216767170842676 314.27710843373495 8400
131.92230530474885 336.5238095238095 9259 8.262400894999312 315.6904761904762 8500
133.18755700850636 336.3176470588235 9278 8.305224872992145 316.81176470588235 8600
134.55218746792497 336.4651162790698 9298 8.345972535044838 317.93023255813955 8700
135.9801390085798 337.28735632183907 9319 8.371515170483196 319.11494252873564 8800
137.44089165473238 337.92045454545456 9343 8.396891715850327 320.39772727272725 8900
139.0953403317011 342.76404494382024 9372 8.433813458697719 321.6292134831461 9000
140.6455601697127 347.5444444444444 9401 8.463120293283616 323.0444444444444 9100
142.15298833529081 353.3076923076923 9424 8.480497481757912 324.84615384615387 9200
143.59764307610064 355.3695652173913 9451 8.484017594196272 326.1847826086956 9300
144.98176010018332 355.78494623655916 9478 8.4932314812577 327.2043010752688 9400
146.51505834051656 355.74468085106383 9504 8.495479502250124 328.3936170212766 9500
147.8550322218306 356.5157894736842 9529 8.496442418244744 329.4736842105263 9600
149.12142509465968 360.0416666666667 9554 8.499265329101208 330.2708333333333 9700
150.50164760210765 363.25773195876286 9574 8.506882132286712 331.0103092783505 9800
151.82489768978547 366.51020408163265 9591 8.516144907940332 332.01020408163265 9900
153.16948088421287 368.949494949495 9610 8.525694337774656 332.4949494949495 10000
154.51899685360158 372.02 9628 8.52043739439691 333.44 10100
155.6321728180023 375.65346534653463 9646 8.516205571242622 334.1188118811881 10200
156.59004421409145 375.77450980392155 9660 8.522708332107765 334.69607843137254 10300
157.62447520533283 374.86407766990294 9670 8.534567339043726 335.05825242718447 10400
158.68495215293618 373.9423076923077 9681 8.551405290454019 335.4423076923077 10500
159.28055445221455 372.76190476190476 9690 8.565417880761384 335.64761904761906 10600
159.89536121278994 372.1320754716981 9697 8.572733835574098 335.8867924528302 10700
160.66109647229396 371.4672897196262 9706 8.590078112144166 336.33644859813086 10800
161.2708815861691 371.3333333333333 9717 8.602669981476165 336.99074074074076 10900
161.8688047208328 370.6238532110092 9725 8.613960470942745 337.6880733944954 11000
162.5908941699842 369.6181818181818 9735 8.631896798677257 338.26363636363635 11100
163.51966186996117 368.2072072072072 9745 8.651388309909485 339.1711711711712 11200
164.272025693554 368.30357142857144 9755 8.672358057142436 339.88392857142856 11300
165.1137799893193 371.070796460177 9763 8.683489689894623 340.6106194690266 11400
166.08780186246892 373.5 9772 8.693202040636061 341.6140350877193 11500
167.05123355276083 375.2782608695652 9782 8.699822418148317 342.8434782608696 11600
167.92495471034363 374.91379310344826 9793 8.705353806049057 343.9051724137931 11700
168.81068483886065 374.982905982906 9803 8.702743944458895 344.6923076923077 11800
169.48372257283134 376.09322033898303 9813 8.69890713137026 345.33898305084745 11900
170.13679758067437 376.87394957983196 9823 8.695493482592605 346.15966386554624 12000
170.8303992982524 376.8 9837 8.681183210817377 346.7916666666667 12100
171.39936817108827 376.0495867768595 9849 8.679513652601255 346.8512396694215 12200
171.94738234830717 377.2049180327869 9862 8.679749879492501 346.95081967213116 12300
172.46507228354065 378.3821138211382 9873 8.691694483482097 346.9105691056911 12400
173.01308262613176 380.0725806451613 9881 8.70680353919034 347.0 12500
173.5441299085856 380.68 9889 8.720279545659425 347.248 12600
174.03746819122483 381.468253968254 9901 8.735234875954118 347.57142857142856 12700
174.55788031993015 381.93700787401576 9912 8.744355995208627 347.96062992125985 12800
175.09482220004998 381.5859375 9923 8.75512234664912 348.2734375 12900
175.71360367598538 381.29457364341084 9934 8.771082277980307 348.6589147286822 13000
176.2134394440249 380.5153846153846 9946 8.786654372345492 349.0615384615385 13100
176.7330194032073 379.51145038167937 9956 8.794826040168374 349.59541984732823 13200
177.04142650002953 379.42424242424244 9964 8.795863859423296 349.93939393939394 13300
177.38326548360388 381.21804511278197 9972 8.79973789890967 350.34586466165416 13400
177.76128110206164 384.47014925373134 9977 8.806423826335068 350.6268656716418 13500
178.08853549309998 387.3851851851852 9980 8.811634049262725 350.837037037037 13600
178.42689542863354 388.5220588235294 9986 8.822562271991863 351.11764705882354 13700
179.02469232567628 387.2846715328467 9992 8.826985696492443 351.6350364963504 13800
179.67128822265235 386.2463768115942 9996 8.834869087220914 352.21014492753625 13900
180.38135943500413 385.47482014388487 10002 8.843404393037632 352.8705035971223 14000
181.2239158716354 384.6142857142857 10006 8.84240653097096 353.64285714285717 14100
182.02856890059732 383.5673758865248 10010 8.839418205443359 354.43971631205676 14200
182.7515593575185 382.3943661971831 10013 8.836524918282286 355.1056338028169 14300
183.61977024871481 382.27972027972027 10016 8.832147305677442 355.958041958042 14400
184.44139910632308 381.86805555555554 10022 8.828873058677633 356.5763888888889 14500
185.4392388395104 381.86206896551727 10028 8.828626371709344 356.8137931034483 14600
186.22592269654945 382.06849315068496 10034 8.833338976469326 356.958904109589 14700
187.1728486769256 385.7074829931973 10042 8.838532413320204 356.76190476190476 14800
188.22805857436822 390.1621621621622 10054 8.852064422968512 356.5067567567568 14900
189.43081443998187 394.1677852348993 10067 8.865947446442783 356.4161073825503 15000
190.50487493060592 394.34 10080 8.880174463466497 356.24666666666667 15100
191.63060205602144 395.20529801324506 10096 8.894009273438447 356.21854304635764 15200
192.93787189540214 395.45394736842104 10110 8.910125988744772 356.20394736842104 15300
194.29677400256784 396.7908496732026 10125 8.930321243720297 356.2875816993464 15400
195.2337580935797 397.7987012987013 10140 8.948046430449386 356.3376623376623 15500
196.14829227240224 399.9935483870968 10151 8.963032152403477 356.3806451612903 15600
197.2207499307913 400.9166666666667 10161 8.976356732623113 356.4102564102564 15700
198.30247018288406 401.7388535031847 10175 8.991738564567079 356.62420382165607 15800
199.27596925499296 401.4810126582278 10188 9.010912855903648 356.67088607594934 15900
200.3722473387479 401.7169811320755 10198 9.030247406388396 356.8364779874214 16000
201.42473447792287 401.61875 10209 9.045336137876244 357.0625 16100
202.54890996822763 404.30434782608694 10220 9.063528826301603 357.50931677018633 16200
203.44544371278639 407.7654320987654 10230 9.07638569443193 358.2345679012346 16300
204.31698195502278 410.90184049079755 10242 9.083764124327697 358.77914110429447 16400
205.14841109356496 411.4085365853659 10256 9.09530330940003 359.3048780487805 16500
206.05747169403233 411.22424242424245 10265 9.109333328193099 360.0121212121212 16600
206.96326123119596 411.078313253012 10274 9.11948717437791 360.7168674698795 16700
207.8904693528287 410.4850299401198 10281 9.122050838289534 361.52095808383234 16800
208.7231765746358 412.48809523809524 10287 9.126493518136808 362.55357142857144 16900
209.48244340664058 414.094674556213 10292 9.125456393841297 363.6923076923077 17000
210.09791100441473 415.6941176470588 10294 9.122119235847428 364.7 17100
210.79059204020245 415.2280701754386 10297 9.115557135052999 365.32748538011697 17200
211.51541422047578 414.6686046511628 10298 9.111839887036355 365.73837209302326 17300
212.21116572876784 414.8208092485549 10299 9.106746993069494 366.3063583815029 17400
212.85654050156538 414.37931034482756 10302 9.10539669352194 366.62068965517244 17500
213.5645094405615 414.46285714285716 10304 9.109606456777001 366.9142857142857 17600
214.1550136098949 414.9886363636364 10306 9.112448216099638 367.17045454545456 17700
214.94378792242503 415.4858757062147 10305 9.11548523182789 367.20338983050846 17800
215.84032666340568 415.5842696629214 10305 9.11416763154207 367.44943820224717 17900
216.75255413302665 415.64245810055866 10306 9.105994420140705 367.66480446927375 18000
217.85837229257697 415.97777777777776 10306 9.097782823232949 367.68888888888887 18100
218.74186612091785 415.96685082872926 10308 9.089561681102163 367.61878453038673 18200
219.40061136397824 415.6703296703297 10310 9.08747906920484 367.53846153846155 18300
219.89411602475275 414.57377049180326 10309 9.086864429482409 367.3333333333333 18400
220.33694425181346 414.3532608695652 10309 9.085926501682428 366.9782608695652 18500
220.81905836804208 414.95675675675676 10309 9.088396397040128 366.6108108108108 18600
221.4265332520899 415.51075268817203 10309 9.086845878776472 366.3817204301075 18700
222.09857754676224 416.57754010695186 10309 9.08883846476943 366.24598930481284 18800
222.76748157783226 418.43617021276594 10308 9.087871115191858 366.22340425531917 18900
223.28121307471002 420.4550264550264 10306 9.086760944108768 366.4074074074074 19000
223.87174328838054 420.7631578947368 10306 9.08367272861346 366.7526315789474 19100
224.51514821242506 420.6910994764398 10306 9.081198584019205 367.0994764397906 19200
225.21848957565012 420.5989583333333 10306 9.07715877657929 367.4114583333333 19300
225.87768011190767 420.13471502590676 10307 9.069337060470422 367.33678756476684 19400
226.38469526699652 420.14948453608247 10306 9.061892024076244 367.27319587628864 19500
226.86892211585928 420.24102564102566 10305 9.055420782927134 367.3128205128205 19600
227.44471375124016 420.484693877551 10305 9.048841888355101 367.39285714285717 19700
228.11231389475586 420.47715736040607 10304 9.042527351098377 367.5532994923858 19800
228.6414262417697 420.479797979798 10302 9.039787313971617 367.75757575757575 19900
229.1677927768949 420.1206030150754 10303 9.03868543209494 367.9748743718593 20000
229.60315017536254 419.575 10302 9.034617004934466 368.235 20100
230.14808862484983 418.9950248756219 10302 9.035536881502562 368.4278606965174 20200
230.75351981274406 418.65841584158414 10299 9.039466244924247 368.3712871287129 20300
231.23882898722525 418.51724137931035 10298 9.046961364948048 368.2216748768473 20400
231.57064602797587 417.69117647058823 10296 9.056664082715331 368.0049019607843 20500
231.80894260216493 418.4 10295 9.06339205029183 368.00975609756097 20600
232.18550776652157 419.93689320388347 10293 9.070179168793027 368.1601941747573 20700
232.5572215289684 421.75845410628017 10290 9.07575801338823 368.3961352657005 20800
232.95410983591088 421.52403846153845 10290 9.077035443201911 368.72596153846155 20900
233.30568428256908 420.64114832535887 10291 9.083963503282286 368.97607655502395 21000
233.68762115401947 419.6095238095238 10292 9.089603166042497 369.0238095238095 21100
234.0502606627619 419.81990521327015 10293 9.091487414009972 369.09952606635073 21200
234.39480458625445 419.99056603773585 10293 9.09432147192647 368.9292452830189 21300
234.7846050581349 420.65727699530515 10292 9.0977910111819 368.75586854460096 21400
235.25821795554668 420.55607476635515 10292 9.09967049243806 368.80841121495325 21500
235.76785881790337 420.54418604651164 10295 9.102022086230882 368.90232558139536 21600
236.16988651183885 420.06018518518516 10296 9.103864576572406 369.0787037037037 21700
236.4592495864341 419.35483870967744 10296 9.103264667051455 369.258064516129 21800
236.67443059812322 418.77522935779814 10294 9.102549546656967 369.54128440366975 21900
236.83533238837745 418.1415525114155 10291 9.101834461722213 369.7945205479452 22000
237.06592665674196 417.4 10289 9.101021927455644 370.0 22100
237.35683874527786 417.6244343891403 10287 9.100332769180813 370.2126696832579 22200
237.68040982420067 418.73873873873873 10284 9.097917317806587 370.55855855855856 22300
238.03420858055244 420.19282511210764 10281 9.091567097465832 370.8161434977578 22400
238.23546054975324 420.875 10282 9.087911562533963 370.98214285714283 22500
238.45197074676693 420.21777777777777 10285 9.086409733367145 371.2088888888889 22600
238.68211971757182 419.37610619469024 10286 9.08901710479329 371.4380530973451 22700
238.81863257583257 418.4405286343612 10286 9.090943530716993 371.6916299559471 22800
239.01019162082974 418.4561403508772 10286 9.093426861096054 371.8333333333333 22900
239.14665026024045 418.6244541484716 10287 9.097635227891018 371.95633187772927 23000
239.26323096027247 418.795652173913 10288 9.101686430224996 371.9391304347826 23100
239.34181827395423 418.34199134199133 10290 9.09984222782435 372.038961038961 23200
239.49446597427655 417.9698275862069 10290 9.096242502197319 371.8663793103448 23300
239.6906349117719 417.3347639484979 10288 9.097596674745324 371.61802575107293 23400
239.8328996158524 417.34615384615387 10287 9.093024799117257 371.29059829059827 23500
239.88238902443294 417.4127659574468 10287 9.089059971557527 371.02978723404254 23600
239.93129699298842 417.60169491525426 10286 9.085265430945404 370.72033898305085 23700
240.02465068689557 417.5021097046413 10284 9.081213678072217 370.37974683544303 23800
240.02250379392854 416.8529411764706 10281 9.079751995951463 370.38655462184875 23900
240.10102016363135 416.1297071129707 10279 9.075495711449575 370.4811715481172 24000
240.1698143351796 415.18333333333334 10277 9.070233229318536 370.6791666666667 24100
240.2427562020525 414.4564315352697 10275 9.061418759263047 370.75103734439836 24200
240.28150294926115 413.42148760330576 10272 9.050030894784918 370.6570247933884 24300
240.30371440917412 413.05349794238685 10269 9.04433803787908 370.48559670781896 24400
240.3439080910641 412.5860655737705 10267 9.036391009682422 370.34016393442624 24500
240.39944148189727 412.2244897959184 10264 9.031323584315848 370.0530612244898 24600
240.52451053614263 411.4146341463415 10261 9.029671862428385 369.7560975609756 24700
240.65033476690562 411.6194331983806 10259 9.027223798208027 369.582995951417 24800
240.80234632312968 412.3991935483871 10257 9.024089831279769 369.4274193548387 24900
240.9500063098542 412.95180722891564 10257 9.022623972154513 369.30522088353416 25000
241.09961375760926 412.92 10257 9.021837824091982 369.288 25100
241.28957914330596 412.8964143426295 10258 9.02113107755952 369.24701195219126 25200
241.3581954515104 412.6507936507937 10259 9.02346268301434 369.20238095238096 25300
241.45459686907546 412.201581027668 10262 9.021805386507037 368.99209486166006 25400
241.51054342823417 412.6929133858268 10262 9.021300707903766 368.68897637795277 25500
241.5354110734938 413.28627450980395 10262 9.02206969063492 368.38823529411764 25600
241.55155132254728 414.03515625 10264 9.021495199655877 368.1875 25700
241.69846264151394 413.76653696498056 10265 9.02181687851584 368.0 25800
241.79756091930014 413.07751937984494 10267 9.0202156334525 367.8914728682171 25900
241.91829019310373 412.73359073359075 10268 9.017906778582887 367.7027027027027 26000
242.03682376665319 412.2307692307692 10270 9.016149351010476 367.5769230769231 26100
242.1035848115439 412.1226053639847 10271 9.014607155656552 367.48275862068965 26200
242.22669014011925 412.63358778625957 10273 9.015882842884208 367.3358778625954 26300
242.39535432275596 413.2471482889734 10274 9.018882824655678 367.18631178707227 26400
242.55042085909002 413.59090909090907 10275 9.025512930506341 367.0416666666667 26500
242.70678162988366 413.5056603773585 10278 9.029006162890074 366.98490566037736 26600
242.90903236447735 413.38345864661653 10281 9.02812814929069 367.0563909774436 26700
243.07617425258692 413.17977528089887 10282 9.025442692218858 367.19101123595505 26800
243.30159150757007 412.8358208955224 10285 9.026176944196482 367.2910447761194 26900
243.5923649759575 412.9442379182156 10291 9.024624969133201 367.3271375464684 27000
243.78791356708916 413.26666666666665 10295 9.024211704352194 367.26296296296294 27100
243.94426898067286 413.21033210332104 10300 9.024967995726048 367.2472324723247 27200
244.13420311348787 412.80882352941177 10305 9.026463768469032 367.2977941176471 27300
244.29410715450973 413.8058608058608 10308 9.029571959793321 367.3992673992674 27400
244.4922125384608 414.9051094890511 10309 9.032592291535472 367.54744525547443 27500
244.70455617485297 415.9309090909091 10313 9.034165106035596 367.61454545454546 27600
245.04762736802957 415.786231884058 10317 9.033477712334179 367.786231884058 27700
245.35719378299973 415.4187725631769 10321 9.032179644937589 368.02166064981947 27800
245.63385529507002 414.7482014388489 10322 9.030725426706677 368.31654676258995 27900
245.87403339414075 414.85304659498206 10323 9.027845667927343 368.7168458781362 28000
246.0944228480638 415.11071428571427 10322 9.02219066355776 369.13214285714287 28100
246.30892614166387 415.1459074733096 10321 9.019326608898652 369.644128113879 28200
246.48194917293156 416.4255319148936 10321 9.016637044913967 369.98936170212767 28300
246.61857294045052 417.82685512367493 10322 9.014888289032415 370.26148409893995 28400
246.8069106986624 419.92957746478874 10322 9.015659958976638 370.5669014084507 28500
246.92405375457366 420.29824561403507 10322 9.01517536620973 370.6771929824561 28600
246.96192263477616 420.5699300699301 10322 9.01823030859672 370.7412587412587 28700
247.01806063748342 420.3658536585366 10322 9.022105585509653 370.78745644599303 28800
247.0989925244753 420.15972222222223 10323 9.022737446784456 371.06597222222223 28900
247.26087913052606 420.1453287197232 10323 9.02383524108624 371.25951557093424 29000
247.43726987461133 419.88965517241377 10326 9.022028912668702 371.50689655172414 29100
247.55694174368247 419.73883161512026 10329 9.018711300506903 371.7250859106529 29200
247.68023607121717 420.3527397260274 10332 9.013312658013069 371.958904109589 29300
247.82661139406736 420.641638225256 10335 9.010055015935931 372.09215017064844 29400
248.07496213040343 420.80272108843536 10339 9.005963051745196 372.265306122449 29500
248.4014126041236 420.4406779661017 10342 9.002962124977152 372.47457627118644 29600
248.5964149028369 420.01013513513516 10343 9.001202600423658 372.7466216216216 29700
248.86036627303207 419.7979797979798 10345 9.00174951545131 372.95959595959596 29800
249.144402523841 419.744966442953 10347 9.001194529279875 373.241610738255 29900
249.48481969942085 419.5418060200669 10349 9.002669824139499 373.4046822742475 30000
249.88707403347433 419.05 10352 9.006442976007753 373.58 30100
250.29128143631308 418.9401993355482 10353 9.014238651092347 373.7043189368771 30200
250.62136061541693 419.0066225165563 10355 9.020881596496894 373.92384105960264 30300
250.8436807132953 418.75577557755776 10357 9.024651839762985 374.1716171617162 30400
251.11238309714156 418.8125 10357 9.02727972651299 374.5263157894737 30500
251.47125718779174 419.83934426229507 10358 9.032076173568461 374.91803278688525 30600
251.87861040331825 420.5065359477124 10358 9.035300983212121 375.2549019607843 30700
252.41121323338976 420.97394136807816 10360 9.037010100530647 375.7100977198697 30800
253.03416111266253 420.8636363636364 10363 9.036305522282172 376.0974025974026 30900
253.76005238833002 421.4660194174757 10365 9.035760599971557 376.3527508090615 31000
254.31623371426014 421.2064516129032 10366 9.033897931369498 376.60967741935485 31100
254.77465410781693 420.7877813504823 10368 9.032911998237354 376.8135048231511 31200
255.28888716627537 420.9423076923077 10371 9.031337493969499 376.96153846153845 31300
255.85620841004456 421.1150159744409 10373 9.031793006907227 377.08626198083067 31400
256.6248827253722 421.28662420382165 10374 9.033107183459892 377.1687898089172 31500
257.2643611439841 421.4 10376 9.034664968667352 377.26984126984127 31600
257.8350509413464 421.0189873417722 10378 9.037204665925763 377.19620253164555 31700
258.2525289957344 421.1608832807571 10380 9.039277977529924 377.17665615141954 31800
258.65262261060127 421.37421383647796 10381 9.044333892139985 377.21069182389937 31900
258.9899147120704 421.22257053291537 10382 9.050464506898166 377.30407523510974 32000
259.28617071839113 420.73125 10382 9.054890138647442 377.490625 32100
259.4927817661308 420.2305295950156 10382 9.059768018761227 377.5856697819315 32200
259.70079043671586 419.7670807453416 10381 9.064080154920568 377.7422360248447 32300
259.9057866003947 419.30650154798764 10378 9.069112894912807 377.9597523219814 32400
260.0434338146197 419.18518518518516 10376 9.070791260131616 378.26851851851853 32500
260.1074738747066 419.14153846153846 10375 9.07153497933121 378.6307692307692 32600
260.1728052191218 419.07361963190186 10372 9.068789383039505 379.0153374233129 32700
260.27314908600215 418.9663608562691 10370 9.06709929022366 379.33639143730886 32800
260.3318631798069 418.8109756097561 10367 9.06560129719175 379.5274390243902 32900
260.33372536761357 418.7659574468085 10365 9.062460436302159 379.79331306990883 33000
260.3031150365151 418.58181818181816 10364 9.057587966660472 379.8484848484849 33100
260.28968788595625 418.773413897281 10362 9.049977312798843 379.8368580060423 33200
260.27376144341747 419.078313253012 10360 9.043214965618066 379.7048192771084 33300
260.28687534633286 418.75375375375376 10358 9.038130235991584 379.62762762762765 33400
260.2853268505659 418.20059880239523 10357 9.033810199642023 379.5389221556886 33500
260.26223858487106 417.5462686567164 10356 9.028030351212076 379.2835820895522 33600
260.20342213638713 417.61011904761904 10354 9.025504925105752 378.9613095238095 33700
260.1374798795194 417.593471810089 10353 9.022684435713746 378.6824925816024 33800
260.03820043717997 417.5177514792899 10352 9.021497859340693 378.35502958579883 33900
259.94643116982377 416.8879056047198 10351 9.017992949234477 378.0147492625369 34000
259.8395446520198 416.28823529411767 10350 9.016609496582667 377.6764705882353 34100
259.73751527125114 415.61290322580646 10348 9.018921134565653 377.3841642228739 34200
259.69182420493877 414.9561403508772 10346 9.02008979981886 377.2426900584795 34300
259.7020183807399 414.4548104956268 10345 9.019353216905293 377.1457725947522 34400
259.6950073038368 413.7703488372093 10345 9.020155837046424 377.0087209302326 34500
259.65402344281875 413.9623188405797 10343 9.021872037222982 376.9130434782609 34600
259.6321722177088 414.3208092485549 10342 9.020586057568936 376.87861271676303 34700
259.6530709718371 414.657060518732 10341 9.019566116961148 376.8155619596542 34800
259.67661423505973 414.2471264367816 10340 9.018859274399938 376.7557471264368 34900
259.69636456363605 413.9914040114613 10339 9.018690623183893 376.7249283667622 35000
259.69743852417594 413.6142857142857 10339 9.020710050535019 376.62857142857143 35100
259.79355738596064 414.1908831908832 10339 9.021244589802253 376.53561253561253 35200
259.94897517254975 414.5568181818182 10339 9.021068280380852 376.4119318181818 35300
260.0513385425285 415.0226628895184 10340 9.021809188072838 376.36827195467424 35400
260.19955406110574 414.9039548022599 10341 9.021616191417527 376.40112994350284 35500
260.383533478036 414.943661971831 10342 9.020048586030633 376.48169014084505 35600
260.5673565989456 415.3061797752809 10342 9.01875108869595 376.54213483146066 35700
260.70971422032505 415.8795518207283 10342 9.016689065186023 376.6582633053221 35800
260.9250528947342 416.5698324022346 10342 9.01407717576668 376.877094972067 35900
261.16810641515593 416.54038997214485 10342 9.012126335416902 376.958217270195 36000
261.4170040393059 416.95 10342 9.012877675306443 377.03333333333336 36100
261.6568688066579 417.8393351800554 10343 9.012380322558595 377.1080332409972 36200
261.98384183972087 418.9696132596685 10344 9.011613232931502 377.05801104972375 36300
262.2158116064235 419.26997245179064 10345 9.012542224601946 376.96143250688704 36400
262.3682665450536 419.0274725274725 10347 9.014217169650353 376.8901098901099 36500
262.5440311675952 418.85205479452054 10347 9.018526044587583 376.8082191780822 36600
262.7681126809886 418.8032786885246 10347 9.02155646406813 376.8087431693989 36700
262.9659132733257 418.7057220708447 10348 9.024828032891438 376.74386920980925 36800
263.1780600700624 419.3451086956522 10349 9.02809554564791 376.7255434782609 36900
263.3837327104357 420.0 10349 9.031200742118994 376.7073170731707 37000
263.56455229669933 421.06756756756755 10351 9.033474092614705 376.7432432432432 37100
263.7489786716423 421.2857142857143 10351 9.034759079108015 376.81401617250674 37200
264.00530550203126 421.4166666666667 10350 9.038305873698226 376.88709677419354 37300
264.28872669288813 421.56836461126005 10351 9.041420335162842 376.98659517426273 37400
264.6765744518544 421.2513368983957 10352 9.046552324410335 377.0882352941176 37500
265.0284672230131 421.592 10352 9.050274338724728 377.25333333333333 37600
265.32158789046014 422.3563829787234 10353 9.053243467256488 377.36436170212767 37700
265.6864407664575 423.17771883289123 10354 9.0569399262575 377.42705570291776 37800
266.12342036992766 423.3201058201058 10355 9.058570956578924 377.5 37900
266.5119481339866 422.9261213720317 10356 9.057302372993696 377.55672823219 38000
266.8873206558646 422.5210526315789 10356 9.055297510289645 377.57894736842104 38100
267.25663063247526 422.43044619422574 10356 9.054277481828692 377.5459317585302 38200
267.4961541556292 423.36649214659684 10357 9.05276958493795 377.57068062827227 38300
267.7776391195909 423.73368146214096 10357 9.052631805342811 377.57702349869453 38400
268.1727434254794 424.4296875 10357 9.052338493349732 377.6145833333333 38500
268.4941486460039 424.8857142857143 10358 9.052491149499762 377.6337662337662 38600
268.6504766641805 425.520725388601 10358 9.05097346949242 377.67875647668393 38700
268.75162739543345 425.76485788113695 10358 9.052486105582528 377.6821705426357 38800
268.8069048735094 426.1056701030928 10358 9.054748338707673 377.60309278350513 38900
268.87359960481183 426.3007712082262 10357 9.05646088856333 377.5938303341902 39000
268.9262046013964 426.26666666666665 10357 9.060406471144548 377.64358974358976 39100
268.9649695988146 426.3631713554987 10356 9.065750700118603 377.73657289002557 39200
269.02098670771636 426.0204081632653 10356 9.071100291949103 377.81632653061223 39300
269.0604105706261 425.67175572519085 10355 9.074055655428966 377.96946564885496 39400
269.1439327505641 425.52284263959393 10355 9.079377168251016 378.11928934010155 39500
269.26739485000525 425.6405063291139 10355 9.083516177228319 378.3544303797468 39600
269.3410572917691 425.979797979798 10354 9.08729251862022 378.47222222222223 39700
269.310516721724 426.04534005037783 10353 9.08872980380466 378.6171284634761 39800
269.2521851566963 425.8643216080402 10353 9.089050121423783 378.76884422110555 39900
269.241228702634 425.71177944862154 10353 9.09328252156502 378.8521303258145 40000
269.1931766965967 425.595 10352 9.095827093038887 378.94 40100
269.16339276919973 425.2344139650873 10351 9.096897349664726 379.06982543640896 40200
269.16982634492473 424.8880597014925 10349 9.098018547918343 379.2213930348259 40300
269.1940194932572 424.424317617866 10347 9.098260814980366 379.394540942928 40400
269.2249879693313 424.5519801980198 10346 9.096648309276548 379.5792079207921 40500
269.2650099282807 424.88641975308644 10345 9.095605766795991 379.7481481481482 40600
269.31710833489984 425.57635467980293 10344 9.093938276363398 379.8128078817734 40700
269.3858828434955 425.7149877149877 10343 9.091133467213563 379.9041769041769 40800
269.4942010287914 425.3848039215686 10342 9.091767944009607 379.89950980392155 40900
269.57322035934413 424.99755501222495 10341 9.091665821897115 379.8924205378973 41000
269.65809428436967 424.78536585365856 10341 9.09599937124037 379.8170731707317 41100
269.7315746813692 424.56447688564475 10339 9.097123799862374 379.7810218978102 41200
269.8635976121597 424.46844660194176 10339 9.098960049223352 379.79126213592235 41300
269.9432261344183 424.27602905569006 10338 9.098443715655533 379.8861985472155 41400
270.04952860340313 424.32608695652175 10336 9.097553102162959 380.03864734299515 41500
270.0972924553548 424.4289156626506 10335 9.09653844550289 380.2626506024096 41600
270.1110695073835 424.33653846153845 10334 9.096871992791698 380.37259615384613 41700
270.14039194059126 423.9928057553957 10333 9.095954519701756 380.48920863309354 41800
270.16029195682455 423.8325358851675 10331 9.096498957242577 380.60765550239233 41900
270.1653737362166 423.82100238663486 10330 9.095995891200744 380.7708830548926 42000
270.1693445079049 423.72857142857146 10329 9.094639510006155 380.8285714285714 42100
270.1559647264105 423.4750593824228 10328 9.095206478707645 380.80047505938245 42200
270.135624607226 423.38388625592415 10327 9.09517300620142 380.75592417061614 42300
270.14003336401163 422.9574468085106 10325 9.093203104914668 380.6737588652482 42400
270.12377797152993 422.4740566037736 10324 9.090568641167676 380.57547169811323 42500
270.1083611556102 422.4235294117647 10322 9.08758429665251 380.5670588235294 42600
270.1071144936617 422.3145539906103 10320 9.082977291261308 380.518779342723 42700
270.11274625180664 422.3208430913349 10319 9.079367664505815 380.3653395784543 42800
270.113166401241 421.9369158878505 10319 9.075752120648598 380.23130841121497 42900
270.0953537935041 421.6270396270396 10318 9.072127601330848 380.1515151515151 43000
270.0401463479491 421.27441860465115 10317 9.067308699932404 380.09302325581393 43100
269.95988358512363 421.1624129930394 10315 9.061752826551418 380.00232018561485 43200
269.91324409770937 421.13194444444446 10314 9.059033010871508 379.9074074074074 43300
269.88599208031826 421.23325635103924 10313 9.057633004353743 379.824480369515 43400
269.9077296706603 421.7281105990783 10313 9.057848005256675 379.7165898617512 43500
269.924993189799 422.1609195402299 10312 9.06085834763258 379.632183908046 43600
269.9487788823959 422.6949541284404 10312 9.062140782615074 379.591743119266 43700
270.0351008387183 422.4118993135011 10312 9.06352413704082 379.604118993135 43800
270.13437615247966 422.08447488584477 10314 9.065215515326315 379.67123287671234 43900
270.29937773396045 422.0728929384966 10314 9.068742669878274 379.74259681093395 44000
270.4031259883026 422.05 10316 9.07106118401239 379.80227272727274 44100
270.4764277934198 422.3673469387755 10316 9.073419573869757 379.8616780045351 44200
270.58693758940467 422.4434389140271 10318 9.07674996973307 379.947963800905 44300
270.7658348762798 422.90519187358916 10319 9.079766433634939 380.01354401805867 44400
270.974582200079 423.0518018018018 10320 9.081545259724482 380.0563063063063 44500
271.2136785218408 423.29213483146066 10321 9.084807704833715 380.0943820224719 44600
271.4052472966859 423.3677130044843 10322 9.087005932830285 380.23766816143495 44700
271.6005770268595 423.324384787472 10323 9.088270290727854 380.3601789709172 44800
271.849691061515 423.47767857142856 10325 9.088618893749544 380.43080357142856 44900
272.20742141389957 423.815144766147 10327 9.088931917742677 380.4498886414254 45000
272.5291644177552 424.0755555555556 10328 9.088462182415267 380.47777777777776 45100
272.83337823766686 424.06651884700665 10331 9.087558388360755 380.60532150776055 45200
273.15213101428486 423.8805309734513 10332 9.08424926965795 380.6880530973451 45300
273.3975629670764 424.0551876379691 10334 9.081615837159426 380.71743929359826 45400
273.6385229094033 424.22026431718064 10335 9.078708984570758 380.61233480176213 45500
273.8857152818074 424.23736263736265 10336 9.07976267808793 380.4175824175824 45600
274.1342805120629 424.11622807017545 10338 9.081890391513177 380.21491228070175 45700
274.39202689745366 423.93216630196935 10338 9.084098309892598 380.089715536105 45800
274.6082630134412 423.735807860262 10337 9.085261897156142 379.971615720524 45900
274.8180784197256 423.84095860566447 10337 9.084705307476156 379.8474945533769 46000
275.0167331609651 424.0195652173913 10336 9.084279619609662 379.77608695652174 46100
275.1885546473936 423.85032537960956 10337 9.082469902430464 379.7223427331887 46200
275.3028072361748 423.3528138528139 10336 9.08061280263282 379.68831168831167 46300
275.3515285832249 422.8941684665227 10335 9.078851881077346 379.7084233261339 46400
275.45138975007524 422.76724137931035 10335 9.074967708369595 379.6056034482759 46500
275.45083371943355 422.73118279569894 10335 9.071393677767212 379.5290322580645 46600
275.44738312046576 422.62017167381975 10334 9.069942937766013 379.4828326180257 46700
275.33351862210077 423.0728051391863 10334 9.069695833947554 379.41541755888653 46800
275.2597205327714 423.258547008547 10333 9.069546911225443 379.37606837606836 46900
275.1865877233863 423.5735607675906 10333 9.06868789151423 379.36247334754796 47000
275.1592727368133 423.5808510638298 10332 9.06833417052035 379.3212765957447 47100
275.10943233536995 423.48619957537153 10331 9.070200485277319 379.3163481953291 47200
275.0555535400588 423.20762711864404 10330 9.073502118631755 379.34110169491527 47300
275.0597862690065 423.06976744186045 10330 9.079625152143521 379.3784355179704 47400
275.0575849322542 422.80379746835445 10329 9.082504517739093 379.4388185654008 47500
275.0990006514226 422.5705263157895 10330 9.084962402964905 379.42315789473685 47600
275.12798403757694 422.20168067226894 10330 9.085775974013766 379.4201680672269 47700
275.1214505458809 422.2201257861635 10330 9.082763128467926 379.27882599580715 47800
275.13463233297847 422.1506276150628 10330 9.080015152820986 379.11297071129707 47900
275.07828618270423 422.15657620041753 10330 9.07611225336998 378.99164926931104 48000
275.0112196012356 422.06041666666664 10330 9.070718643440417 378.90208333333334 48100
274.94746688002385 422.4948024948025 10329 9.065933845365137 378.7900207900208 48200
274.9115761841226 423.39211618257264 10327 9.059732578210692 378.6410788381743 48300
274.84587053542515 424.16356107660454 10326 9.053981685257982 378.53002070393376 48400
274.76453219522597 424.34504132231405 10325 9.048392543778736 378.4318181818182 48500
274.6819647345351 424.37113402061857 10323 9.042922350569313 378.3814432989691 48600
274.6376765822468 424.27777777777777 10321 9.037466346448442 378.3477366255144 48700
274.61036612154214 424.0965092402464 10319 9.034200108592568 378.2073921971253 48800
274.57160465519536 423.6454918032787 10317 9.03011202575995 378.11270491803276 48900
274.52000185025076 423.159509202454 10315 9.026336077791909 378.0327198364008 49000
274.5054209831555 422.6591836734694 10313 9.022608861306619 378.0244897959184 49100
274.4787135610827 422.25458248472506 10311 9.019076993031986 377.9735234215886 49200
274.51458982966363 421.7540650406504 10310 9.01736437838809 377.9085365853659 49300
274.5799423229158 421.2758620689655 10309 9.015417781895806 377.8843813387424 49400
274.65470630595973 420.99595141700405 10308 9.015510508025159 377.85425101214577 49500
274.6971503778559 420.74545454545455 10307 9.015698760841621 377.810101010101 49600
274.68141433838366 420.3306451612903 10307 9.014894975591124 377.7883064516129 49700
274.6069648413266 420.3058350100604 10307 9.012495231620562 377.85714285714283 49800
274.54070832688393 419.9578313253012 10305 9.011603036011248 377.8975903614458 49900
274.4944752607916 419.6012024048096 10305 9.010733646716192 377.9519038076152 50000
274.48477631927096 419.382 10305 9.012045512756092 377.97 50100
274.4831931975238 419.16566866267465 10305 9.012997295941986 378.01596806387226 50200
274.4444514246035 419.02191235059763 10304 9.011200709916428 378.1613545816733 50300
274.3892667958951 418.8111332007952 10304 9.009071086238661 378.30218687872764 50400
274.3520607767665 418.4920634920635 10304 9.00728003840629 378.48214285714283 50500
274.33500088209973 418.33663366336634 10304 9.005800275954 378.6178217821782 50600
274.30458690009317 418.1521739130435 10303 9.003736517427486 378.6798418972332 50700
274.28755004852917 417.82445759368835 10303 9.002856745810652 378.6942800788955 50800
274.2747886862984 417.5472440944882 10303 9.002650254546602 378.76377952755905 50900
274.2365077897289 417.3614931237721 10304 9.00281225086965 378.77799607072694 51000
274.22817286043204 417.20392156862744 10304 9.002618199699016 378.7392156862745 51100
274.22022874706136 417.0665362035225 10305 9.003570731014925 378.6751467710372 51200
274.2836894586477 416.787109375 10307 9.004667697148301 378.591796875 51300
274.3484574326218 416.6335282651072 10308 9.007387643157758 378.4970760233918 51400
274.41286184495635 416.47665369649803 10310 9.009521454487542 378.43579766536965 51500
274.5568493871488 416.2699029126214 10312 9.012808068478002 378.5126213592233 51600
274.7348084405269 415.98837209302326 10313 9.017333297195984 378.58720930232556 51700
274.8932122987584 415.7833655705996 10315 9.021258206926568 378.65570599613153 51800
275.01883924090026 415.53088803088804 10316 9.023823345523235 378.6505791505792 51900
275.094034417251 415.3198458574181 10318 9.028676975190546 378.68400770712907 52000
275.16563199641683 415.0923076923077 10319 9.028465902005408 378.7653846153846 52100
275.2380035695641 414.92130518234165 10320 9.025956236612995 378.8253358925144 52200
275.3801116265075 414.7835249042146 10320 9.024436316886794 378.8448275862069 52300
275.53852025717373 414.62141491395795 10320 9.024242513074537 378.7820267686424 52400
275.63314183941117 414.5610687022901 10321 9.023878182578848 378.6812977099237 52500
275.6528646358767 414.42285714285714 10321 9.02373978511145 378.58285714285716 52600
275.6608747594289 414.27756653992395 10321 9.024395072692286 378.56844106463876 52700
275.6388026315968 414.0929791271347 10322 9.023128939455951 378.55218216318787 52800
275.61419014452696 413.79924242424244 10321 9.022161261771284 378.5738636363636 52900
275.60672858927643 413.5576559546314 10321 9.020724103926545 378.6578449905482 53000
275.6073062453692 413.4320754716981 10320 9.020640078213836 378.73018867924526 53100
275.58881032254 413.96610169491527 10320 9.01829947124503 378.6723163841808 53200
275.6111251909501 414.4887218045113 10319 9.017259653214625 378.6372180451128 53300
275.58001147528233 414.8874296435272 10318 9.017140007283814 378.6585365853659 53400
275.5283725522948 414.64606741573033 10318 9.01860603723272 378.68913857677904 53500
275.42888649991386 414.47289719626167 10317 9.018072817225432 378.7906542056075 53600
275.3160818103406 414.2425373134328 10317 9.015473800775386 378.90485074626866 53700
275.22464323683755 413.99441340782124 10316 9.013542305558978 378.88640595903166 53800
275.1135800444641 413.86059479553904 10315 9.012545521956216 378.86617100371745 53900
274.969546188011 414.08905380333954 10315 9.013070399550834 378.84415584415586 54000
274.8204983727528 414.2851851851852 10314 9.014656501065353 378.8259259259259 54100
274.6909908908672 414.2846580406654 10314 9.0168064479724 378.8724584103512 54200
274.5751422726169 413.8929889298893 10313 9.01910176737691 378.95387453874537 54300
274.4866996007315 413.42725598526704 10312 9.021691878145818 379.0791896869245 54400
274.4450932231358 413.94485294117646 10311 9.021545951333614 379.2665441176471 54500
274.4309635850367 414.5743119266055 10310 9.020294715902745 379.5192660550459 54600
274.41918296091774 415.29487179487177 10310 9.020182790916603 379.68498168498166 54700
274.46274315137833 415.0274223034735 10311 9.019265671588634 379.7367458866545 54800
274.5510113563568 414.771897810219 10312 9.020836354669678 379.7007299270073 54900
274.6386735428639 414.74681238615665 10312 9.023012766181226 379.64116575591987 55000
274.7144546141077 414.85636363636365 10313 9.025138756956002 379.5345454545455 55100
274.7861466307667 415.13248638838473 10315 9.025662507833024 379.48820326678765 55200
274.86730572750156 415.2119565217391 10316 9.027072397435914 379.4673913043478 55300
274.9773527041125 415.0397830018083 10317 9.027661671900713 379.4792043399638 55400
275.07429342891555 414.8610108303249 10319 9.028145052538898 379.55415162454875 55500
275.1559709091406 414.55855855855856 10320 9.028414661052842 379.64324324324326 55600
275.1952831446502 414.1870503597122 10320 9.028063795355504 379.7482014388489 55700
275.1961744280066 413.88868940754037 10320 9.027312794102732 379.86355475763014 55800
275.1815208295235 413.5931899641577 10320 9.027401701419613 379.98028673835125 55900
275.14441781870465 413.2432915921288 10319 9.025265622049155 380.01788908765656 56000
275.10962341434055 413.06607142857143 10319 9.022976915123335 380.0392857142857 56100
275.08101038339316 412.9269162210339 10318 9.021249779898612 380.11408199643495 56200
275.1052845624186 412.83807829181495 10318 9.018868422335213 380.11387900355874 56300
275.13173927297566 412.7317939609236 10318 9.017676517654257 380.0994671403197 56400
275.16281423380315 412.72340425531917 10317 9.015950928871971 380.02659574468083 56500
275.1406663792266 412.5079646017699 10317 9.016175541640086 379.89026548672564 56600
275.0828255735712 412.0459363957597 10316 9.016942015948143 379.72968197879857 56700
275.02319386082144 411.6507936507937 10316 9.01641370781481 379.6031746031746 56800
274.97270010362803 411.28521126760563 10314 9.0163047848337 379.50528169014086 56900
274.9073343482085 411.0650263620387 10313 9.016762238190198 379.45518453427064 57000
274.80612947522076 410.8543859649123 10313 9.017442050612933 379.4263157894737 57100
274.70438500881903 410.7355516637478 10312 9.01946739385788 379.41155866900175 57200
274.61818340799107 410.85664335664336 10311 9.020361003737321 379.4493006993007 57300
274.5516408224385 410.84467713787086 10311 9.02175653427181 379.4956369982548 57400
274.50785302082 410.8327526132404 10310 9.022180836690238 379.5644599303136 57500
274.4582014102511 410.61391304347825 10310 9.022721971467009 379.63304347826084 57600
274.3881616785642 410.30034722222223 10310 9.022320833785065 379.6875 57700
274.3083253562783 410.04852686308493 10310 9.022282149497741 379.74003466204505 57800
274.25651790768904 409.7698961937716 10310 9.021323331084048 379.7785467128028 57900
274.16311345108466 409.60103626943004 10309 9.021600524263208 379.79274611398966 58000
274.11541317890584 409.33620689655174 10308 9.020626250495738 379.8396551724138 58100
274.12573810228787 409.1807228915663 10308 9.02167583488836 379.8399311531842 58200
274.1669716446499 409.0360824742268 10307 9.023083452166746 379.8556701030928 58300
274.1989227723158 408.8336192109777 10307 9.02479996343886 379.9313893653516 58400
274.2387938161947 408.56164383561645 10307 9.027403824024503 380.00513698630135 58500
274.3261326752726 408.3042735042735 10308 9.028174519828847 380.06666666666666 58600
274.4377075956862 408.1518771331058 10308 9.028785764055016 380.1126279863481 58700
274.56202334003115 408.0971039182283 10309 9.028620572262449 380.1856899488927 58800
274.639424017744 407.9625850340136 10309 9.031467650715578 380.26360544217687 58900
274.6464492070504 407.6893039049236 10310 9.034854489660837 380.31918505942275 59000
274.6193075446374 407.30169491525425 10310 9.038015753237682 380.39322033898304 59100
274.64482900344666 407.26395939086296 10309 9.040033948631137 380.5160744500846 59200
274.6795243098634 407.19256756756755 10308 9.04135232510391 380.64864864864865 59300
274.6999144508996 407.16863406408095 10308 9.0411592002189 380.81450252951095 59400
274.7151446574774 406.9646464646465 10309 9.042855532352883 380.91750841750843 59500
274.76866163028933 406.7310924369748 10309 9.04434120249732 380.9932773109244 59600
274.83839921880605 406.47986577181206 10309 9.047090507240224 381.0436241610738 59700
274.96744547637803 406.2613065326633 10308 9.048155559705933 381.08375209380233 59800
275.1028102842245 406.32274247491637 10307 9.04766626204013 381.17725752508363 59900
275.2420394270828 406.23038397328884 10308 9.045338039940713 381.2737896494157 60000
275.3409231443831 406.2783333333333 10308 9.043628489612708 381.36833333333334 60100
275.4449075775388 406.59234608985025 10308 9.043090006268926 381.4109816971714 60200
275.58219458988185 406.75581395348837 10308 9.043159800914625 381.4700996677741 60300
275.74901768863396 406.8922056384743 10309 9.04375157570581 381.5787728026534 60400
275.8205900553874 406.5662251655629 10310 9.044850194079096 381.7135761589404 60500
275.8703830379239 406.2595041322314 10310 9.045380778317869 381.90247933884297 60600
275.9145458311192 405.94554455445547 10309 9.046956057561568 382.0907590759076 60700
275.91976896545015 405.7495881383855 10308 9.050953962261676 382.22570016474464 60800
275.92431992674375 405.4605263157895 10308 9.05546698501268 382.3355263157895 60900
275.92281800810304 405.1182266009852 10307 9.060863763794526 382.41707717569784 61000
275.9284566994016 404.8311475409836 10306 9.065940863750344 382.51311475409835 61100
275.915371468852 404.6759410801964 10305 9.069483954367396 382.65302782324056 61200
275.9396160324857 404.51633986928107 10304 9.072638392350456 382.80555555555554 61300
275.96455076421216 404.3556280587276 10303 9.07682825735645 382.94127243066885 61400
275.98123703818004 404.4185667752443 10303 9.080400638484974 382.98208469055373 61500
276.01142984331824 404.6747967479675 10302 9.083821467570878 383.0292682926829 61600
276.046371821926 405.4577922077922 10302 9.085433645508138 383.07305194805195 61700
276.11394794544924 406.0372771474878 10303 9.085419852042035 383.1037277147488 61800
276.15740537739504 406.44174757281553 10303 9.086090693705398 383.1197411003236 61900
276.18408441963317 406.4491114701131 10303 9.087044457670713 383.1599353796446 62000
276.2380833844299 406.52096774193546 10303 9.086811897485529 383.2193548387097 62100
276.2730135780066 406.4863123993559 10302 9.088742497144514 383.22705314009664 62200
276.29749527398906 406.2636655948553 10302 9.090969091539018 383.2041800643087 62300
276.34474865058246 406.1139646869984 10301 9.091931382227521 383.2022471910112 62400
276.3865293656171 406.15705128205127 10301 9.092344953730361 383.2419871794872 62500
276.46572510660474 406.2864 10300 9.092935663342855 383.3216 62600
276.4876197845303 406.4936102236422 10300 9.091230719832147 383.31629392971246 62700
276.4871308917183 406.54545454545456 10300 9.089256920496826 383.2360446570973 62800
276.47183516826385 406.38216560509557 10300 9.086581496911785 383.1687898089172 62900
276.4513120979645 406.32273449920507 10299 9.082355725737953 383.0779014308426 63000
276.4030599996295 406.1793650793651 10298 9.07916944680821 382.9555555555556 63100
276.34435814421437 406.0729001584786 10297 9.076032886670639 382.81141045958793 63200
276.2506890083926 406.0427215189873 10297 9.074415831555738 382.6028481012658 63300
276.1356044879308 405.8988941548183 10297 9.0736746740934 382.37914691943126 63400
276.0253994729656 405.7539432176656 10296 9.073058352571595 382.20031545741324 63500
275.91040479829746 405.4283464566929 10295 9.072505854728524 382.0692913385827 63600
275.8104766932037 405.07704402515725 10293 9.072217148807393 381.97169811320754 63700
275.7147814623089 404.6750392464678 10291 9.071885742154809 381.88383045525904 63800
275.62080631771624 404.30094043887146 10289 9.07220054079207 381.80564263322884 63900
275.5184838919745 403.94992175273865 10288 9.07394592335734 381.68231611893583 64000
275.4116009947082 403.8 10286 9.07465503562987 381.5625 64100
275.30093547747396 403.6489859594384 10284 9.076410643998623 381.5023400936037 64200
275.18546759952284 403.9299065420561 10283 9.078472309662176 381.40965732087227 64300
275.07342605609415 404.05132192846037 10282 9.080112840025583 381.3250388802488 64400
274.9527516464177 404.0978260869565 10281 9.080716313876476 381.24068322981367 64500
274.8499769379101 403.91782945736435 10280 9.082423448555454 381.1410852713178 64600
274.7763054334449 403.6362229102167 10279 9.081666988108774 381.0758513931888 64700
274.69339523134175 403.3833075734158 10279 9.081177094591379 381.0108191653787 64800
274.5806848470181 403.1651234567901 10279 9.078779873423455 380.88425925925924 64900
274.4625631328667 402.8798151001541 10278 9.077249726138849 380.7318952234206 65000
274.33245921990255 402.6569230769231 10278 9.075977034252482 380.5953846153846 65100
274.178094676748 402.36559139784947 10277 9.075433632083465 380.48233486943167 65200
274.02011460762066 402.0828220858896 10275 9.074413421620541 380.33895705521473 65300
273.8449121576828 401.7626339969372 10274 9.073493468770472 380.14548238897396 65400
273.6820132737674 401.47400611620793 10273 9.074489656127094 379.96024464831805 65500
273.5364774205027 401.2534351145038 10272 9.07657291526315 379.7709923664122 65600
273.3962181858491 401.1417682926829 10271 9.078605969371372 379.6128048780488 65700
273.2657773988628 400.94672754946725 10270 9.080936487070291 379.5007610350076 65800
273.15279560147906 400.7173252279635 10268 9.082767456369142 379.4392097264438 65900
273.0583425836934 400.45523520485585 10267 9.082410944427698 379.42488619119877 66000
272.9623739536663 400.1606060606061 10266 9.082013352087655 379.43939393939394 66100
272.8750995820828 399.9334341906203 10265 9.08123667145058 379.5083207261725 66200
272.7874799776948 399.6737160120846 10264 9.08001007643212 379.58761329305133 66300
272.7128672825571 399.43891402714934 10264 9.078203655413635 379.70889894419304 66400
272.6426403542488 399.6009036144578 10263 9.076284555885342 379.8433734939759 66500
272.5698993157994 399.3218045112782 10262 9.073869974952123 379.98796992481203 66600
272.50772018732215 399.25825825825825 10262 9.071550968630431 380.0570570570571 66700
272.4671267221175 399.1544227886057 10262 9.069621077711181 380.0224887556222 66800
272.4219302549455 398.9940119760479 10262 9.068665615841882 379.92664670658684 66900
272.4034062484097 398.7369207772795 10263 9.067771628725966 379.7982062780269 67000
272.3589036377815 398.4865671641791 10263 9.066177939727867 379.6820895522388 67100
272.34492397852824 398.2682563338301 10263 9.065319546491954 379.5961251862891 67200
272.3555927625167 398.0550595238095 10262 9.065014011452533 379.4895833333333 67300
272.3557333451601 397.7741456166419 10263 9.067383975774296 379.38038632986627 67400
272.34957243234 397.7314540059347 10263 9.068767679074334 379.3249258160237 67500
272.384095688521 397.81481481481484 10263 9.070443578809039 379.3022222222222 67600
272.4420877311773 397.9334319526627 10264 9.071709085239686 379.30325443786984 67700
272.50281786101 398.05317577548004 10264 9.072327234417221 379.37370753323484 67800
272.5956729416803 398.0427728613569 10265 9.073553663501924 379.4631268436578 67900
272.6930132659962 397.9263622974963 10266 9.075120233808931 379.53902798232696 68000
272.851858642285 397.73823529411766 10267 9.076960543188985 379.61470588235295 68100
272.9564839127802 397.6681350954479 10268 9.07797228607242 379.6769456681351 68200
273.0313475293312 398.26686217008796 10268 9.07901875877124 379.7360703812317 68300
273.0886382316447 398.891654465593 10269 9.079931070485445 379.79795021961934 68400
273.13628135994196 399.35526315789474 10269 9.081525049572393 379.8801169590643 68500
273.18058265373054 399.1270072992701 10270 9.082548529347692 379.9912408759124 68600
273.2351305773119 398.8804664723032 10271 9.084047891711778 380.1020408163265 68700
273.2922194531271 398.6608442503639 10270 9.085248827690497 380.17612809315864 68800
273.37039062986923 398.38517441860466 10270 9.08755866748259 380.2630813953488 68900
273.4094275204057 398.13352685050796 10270 9.089850551371102 380.3701015965167 69000
273.4853088259248 397.85942028985505 10270 9.092551475748959 380.4710144927536 69100
273.5681739031213 397.6107091172214 10270 9.095277436675792 380.52821997105644 69200
273.66133128810475 397.40028901734104 10271 9.097088939237391 380.60115606936415 69300
273.72328865037196 397.53968253968253 10270 9.099113341922475 380.64646464646466 69400
273.7853389933625 397.6700288184438 10270 9.100380791580015 380.6685878962536 69500
273.88555231359396 397.9812949640288 10270 9.102195642423295 380.7165467625899 69600
273.98717961756375 398.01867816091954 10271 9.10498622978252 380.76724137931035 69700
274.04376186905404 397.9325681492109 10272 9.107137829399463 380.8020086083214 69800
274.0851759583632 398.11461318051573 10273 9.109169150560781 380.8295128939828 69900
274.1235539568884 398.2331902718169 10274 9.110693944336802 380.85979971387695 70000
274.15069935940807 398.30285714285714 10275 9.112294051888849 380.86857142857144 70100
274.15272820007465 398.5891583452211 10277 9.113779860878802 380.8716119828816 70200
274.1684830874473 398.74216524216524 10277 9.116890284577405 380.8931623931624 70300
274.20202209509495 398.95448079658604 10277 9.118584170812277 380.8904694167852 70400
274.1914762082874 398.75142045454544 10277 9.120957593416536 380.8551136363636 70500
274.1590214630686 398.59716312056736 10276 9.122472815538199 380.8581560283688 70600
274.14261715514806 398.41218130311614 10276 9.123149199652168 380.88810198300285 70700
274.10566855554316 398.1966053748232 10276 9.123630480323305 380.968882602546 70800
274.0593793562737 397.98022598870057 10275 9.124071535345303 381.1002824858757 70900
273.9920444072058 397.69393511988716 10274 9.124601758849751 381.21156558533147 71000
273.95425178026505 397.4281690140845 10272 9.123516639001608 381.33521126760564 71100
273.9266868745804 397.3614627285513 10271 9.121660668438492 381.47960618846696 71200
273.9022584805678 397.30477528089887 10269 9.119626140706243 381.58286516853934 71300
273.90564796063967 397.234221598878 10268 9.118161688472593 381.59326788218794 71400
273.9049160003949 397.3795518207283 10267 9.117537830747459 381.52100840336135 71500
273.94286598653133 397.63916083916087 10267 9.117119151009605 381.44475524475524 71600
274.01481048843397 397.77932960893855 10267 9.117941445984371 381.35754189944134 71700
274.06850889183715 397.65411436541143 10267 9.118362727091785 381.278940027894 71800
274.1080163552227 397.399721448468 10267 9.118642373622533 381.25626740947075 71900
274.1573603832843 397.17941585535465 10267 9.118175011066247 381.2837273991655 72000
274.1741481865597 397.0208333333333 10267 9.118252425000152 381.31666666666666 72100
274.2155016812043 396.8266296809986 10267 9.118721591871344 381.3647711511789 72200
274.2665642939866 396.8171745152355 10266 9.119117067947906 381.4293628808864 72300
274.32538108028297 396.7842323651452 10266 9.11911190549623 381.52973720608577 72400
274.4176953486201 396.7002762430939 10266 9.118809264742781 381.6353591160221 72500
274.5108507398173 396.63172413793103 10266 9.117942212072006 381.8013793103448 72600
274.6303719471798 396.6115702479339 10266 9.117249983977395 381.96280991735534 72700
274.77023328720446 396.5983493810179 10267 9.11777646267894 382.1072902338377 72800
274.94914306022025 396.5412087912088 10267 9.118567810327761 382.22802197802196 72900
275.1319741245494 396.3840877914952 10268 9.118246887933093 382.40603566529495 73000
275.28794166570606 396.2972602739726 10267 9.11835350648575 382.5342465753425 73100
275.41280653628104 396.22571819425445 10267 9.118619096764155 382.59781121751024 73200
275.50725194697986 396.14071038251365 10267 9.118137318553833 382.6666666666667 73300
275.58241666227786 395.9754433833561 10268 9.11794649120187 382.8130968622101 73400
275.6728288564135 395.783378746594 10267 9.11660918486013 382.9632152588556 73500
275.76213790389255 395.55102040816325 10267 9.114069580526987 383.134693877551 73600
275.9059633734063 395.23641304347825 10266 9.112024235515637 383.27309782608694 73700
275.99459515638836 394.9647218453189 10266 9.110083657423782 383.3025780189959 73800
276.0516468627461 394.70867208672087 10265 9.109934492576324 383.25474254742545 73900
276.1192682555583 394.44519621109606 10263 9.109726897510768 383.1975642760487 74000
276.1938933616432 394.18108108108106 10263 9.1107149815559 383.1554054054054 74100
276.2587302839375 393.93387314439946 10262 9.111709733385052 383.11201079622134 74200
276.3113438823847 393.72506738544473 10261 9.112659351710155 383.0808625336927 74300
276.3846659031172 393.6514131897712 10261 9.112669231452132 383.05787348586813 74400
276.49302176897817 393.56720430107526 10260 9.113807019680651 383.0443548387097 74500
276.61927889789524 393.6053691275168 10260 9.113976406231414 383.03355704697987 74600
276.71095183180336 393.4128686327078 10260 9.114815579949603 383.02815013404825 74700
276.7872596458021 393.2329317269076 10259 9.115537173756692 383.0388219544846 74800
276.85003836103016 393.225935828877 10259 9.11612829024591 383.04411764705884 74900
276.92611400455127 393.34846461949263 10259 9.115659101450326 383.0614152202937 75000
276.99190174137453 393.50933333333336 10259 9.11573677337303 383.06933333333336 75100
277.0107499437288 393.7723035952064 10258 9.117136147398721 383.10785619174436 75200
277.0100197002204 393.8550531914894 10258 9.116768824185304 383.1901595744681 75300
277.0096073982869 393.9535192563081 10258 9.116737289565954 383.2523240371846 75400
277.01991788101736 393.84615384615387 10257 9.117446076702732 383.3050397877984 75500
276.99278653626374 393.6516556291391 10256 9.116907884695326 383.3298013245033 75600
276.9796489671863 393.45899470899474 10255 9.115627498829607 383.3941798941799 75700
276.9960469566078 393.3117569352708 10253 9.114699382554088 383.445178335535 75800
277.0318501102916 393.23614775725594 10253 9.113515598809753 383.5263852242744 75900
277.0494413173309 393.1277997364954 10252 9.113197844958266 383.64163372859025 76000
277.0949827293187 393.0394736842105 10251 9.113048900425426 383.73552631578946 76100
277.13888947807345 392.91064388961894 10251 9.113494803253225 383.7818659658344 76200
277.18986400393356 392.93569553805776 10251 9.114291962609268 383.8057742782152 76300
277.28594614197806 393.1048492791612 10250 9.11441025027891 383.8361730013106 76400
277.3606287299521 393.0693717277487 10250 9.113590828607109 383.869109947644 76500
277.38724318304645 393.0065359477124 10250 9.112788749092589 383.90980392156865 76600
277.39264081872847 392.88772845953 10249 9.111903623582933 383.90992167101825 76700
277.4228645622983 392.88787483702737 10249 9.111077492221762 383.8943937418514 76800
277.45693479073276 392.95703125 10248 9.109820663889876 383.8828125 76900
277.4704822242409 393.0416124837451 10248 9.109734392884649 383.80494148244475 77000
277.4744877596972 393.1142857142857 10248 9.10990243969231 383.7311688311688 77100
277.50229612620996 393.0518806744488 10248 9.109068152048955 383.62516212710767 77200
277.5331102703731 392.82901554404145 10248 9.108867993114364 383.53367875647666 77300
277.5529494206486 392.84087968952133 10248 9.108516558844261 383.46183699870636 77400
277.5853064329755 392.8695090439276 10247 9.107955708774245 383.3953488372093 77500
277.63428006998004 392.9832258064516 10247 9.107366298557372 383.37290322580645 77600
277.68843458671125 392.94716494845363 10246 9.107289304677296 383.3492268041237 77700
277.73231082875753 392.86743886743886 10246 9.107151223204095 383.33204633204633 77800
277.7901462876335 392.8586118251928 10246 9.105626674885812 383.30976863753216 77900
277.86001826625454 392.78690629011555 10245 9.10417269067283 383.29653401797174 78000
277.9018995700286 392.6653846153846 10245 9.10144376383363 383.31538461538463 78100
277.95155360989736 392.55441741357237 10245 9.09775718055372 383.3047375160051 78200
277.9597007695059 392.5089514066496 10244 9.093739019907941 383.3132992327366 78300
277.98584902738105 392.3882503192848 10243 9.089920919839946 383.33716475095787 78400
278.00924238627795 392.18367346938777 10243 9.085809626149674 383.36224489795916 78500
277.975889934403 392.0343949044586 10242 9.08185096531326 383.3375796178344 78600
277.92923147690675 391.8854961832061 10241 9.078778211752642 383.2773536895674 78700
277.9040060045739 392.0622617534943 10241 9.077280399539486 383.2579415501906 78800
277.8795538316563 392.002538071066 10240 9.075813760234805 383.20812182741116 78900
277.83511250688343 391.8060836501901 10239 9.074127175037063 383.1749049429658 79000
277.7891914538357 391.6341772151899 10239 9.072491340868432 383.15822784810126 79100
277.75433368171747 391.4007585335019 10238 9.071874924078935 383.1605562579014 79200
277.73639911023855 391.364898989899 10238 9.072675438509318 383.17171717171715 79300
277.71055095420905 391.5964691046658 10238 9.072840669612967 383.17780580075663 79400
277.6973498583806 391.8702770780856 10237 9.073962578547507 383.19143576826195 79500
277.7198611243019 392.0943396226415 10237 9.07480129321693 383.22264150943397 79600
277.7456138068288 392.14447236180905 10237 9.075347314157945 383.26256281407035 79700
277.7905194683121 392.14429109159346 10237 9.07664952273136 383.2659974905897 79800
277.83951406372785 392.18045112781954 10237 9.077373703097042 383.25563909774434 79900
