3 0 0 0 0 0
4 0 0 0 0 100
5 0 0 0 0 200
8 0 0 0 0 300
9 0 0 0 0 400
12 0 0 0 0 500
13 0 0 0 0 600
14 0 0 0 0 700
16 0 0 0 0 800
17 0 0 0 0 900
17 0 0 0 0 1000
18 0 0 0 0 1100
18 0 0 0 0 1200
21 0 0 0 0 1300
22 0 0 0 0 1400
23 0 1 0 0 1500
23 0 1 0 0 1600
23 0 3 0 0 1700
23 0 3 0 0 1800
23 0 3 0 0 1900
23 0 3 0 0 2000
23 0 4 0 0 2100
23 0 4 0 0 2200
23 0 4 0 0 2300
23 0 4 0 0 2400
23 0 6 0 0 2500
23 0 8 0 0 2600
23 0 9 0 0 2700
23 0 10 0 0 2800
23 0 10 0 0 2900
23 0 12 0 0 3000
23 0 12 0 0 3100
24 0 12 0 0 3200
24 0 12 0 0 3300
24 0 13 0 0 3400
24 0 13 0 0 3500
24 0 13 0 0 3600
24 0 13 0 0 3700
25 0 14 0 0 3800
25 0 15 0 0 3900
25 0 15 0 0 4000
25 0 16 0 0 4100
25 0 16 0 0 4200
26 0 17 0 0 4300
27 0 17 0 0 4400
27 0 19 0 0 4500
27 0 19 0 0 4600
29 0 20 0 0 4700
32 0 20 0 0 4800
33 0 21 0 0 4900
33 0 22 0 0 5000
33 0 23 0 0 5100
33 0 24 0 0 5200
33 0 25 0 0 5300
33 0 25 0 0 5400
33 0 25 0 0 5500
33 0 28 0 0 5600
35 0 31 0 0 5700
36 0 32 0 0 5800
36 0 33 0 0 5900
37 0 34 0 0 6000
40 0 36 0 0 6100
40 0 37 0 0 6200
40 0 37 0 0 6300
40 0 39 0 0 6400
40 0 40 0 0 6500
40 0 41 0 0 6600
41 0 41 0 0 6700
41 0 41 0 0 6800
41 0 43 0 0 6900
41 0 44 0 0 7000
41 0 45 0 0 7100
41 0 45 0 0 7200
41 0 46 0 0 7300
41 0 47 0 0 7400
41 0 47 0 0 7500
41 0 47 0 0 7600
41 0 48 0 0 7700
41 0 49 0 0 7800
41 0 49 0 0 7900
41 0 49 0 0 8000
42 0 49 0 0 8100
43 0 49 0 0 8200
44 0 49 0 0 8300
44 0 49 0 0 8400
44 0 49 0 0 8500
44 0 49 0 0 8600
45 0 49 0 0 8700
45 0 50 0 0 8800
45 0 50 0 0 8900
45 0 51 0 0 9000
45 0 52 0 0 9100
45 0 53 0 0 9200
46 0 53 0 0 9300
46 0 53 0 0 9400
46 0 53 0 0 9500
47 0 54 0 0 9600
48 0 54 0 0 9700
50 0 54 0 0 9800
50 0 54 0 0 9900
50 0 55 0 0 10000
51 0 55 0 0 10100
51 0 55 0 0 10200
51 0 57 0 0 10300
52 0 58 0 0 10400
52 0 59 0 0 10500
52 0 59 0 0 10600
52 0 59 0 0 10700
52 0 59 0 0 10800
52 0 60 0 0 10900
52 0 60 0 0 11000
52 0 61 0 0 11100
52 0 61 0 0 11200
52 0 61 0 0 11300
52 0 65 0 0 11400
52 0 65 0 0 11500
53 0 66 0 0 11600
53 0 67 0 0 11700
53 0 67 0 0 11800
53 0 67 0 0 11900
53 0 68 0 0 12000
53 0 68 0 0 12100
53 0 68 0 0 12200
53 0 68 0 0 12300
53 0 70 0 0 12400
53 0 70 0 0 12500
53 0 70 0 0 12600
53 0 70 0 0 12700
53 0 70 0 0 12800
53 0 70 0 0 12900
53 0 71 0 0 13000
53 0 71 0 0 13100
53 0 71 0 0 13200
53 0 71 0 0 13300
53 0 71 0 0 13400
53 0 72 0 0 13500
53 0 72 0 0 13600
54 0 72 0 0 13700
54 0 72 0 0 13800
54 0 73 0 0 13900
54 0 73 0 0 14000
54 0 73 0 0 14100
54 0 73 0 0 14200
54 0 73 0 0 14300
54 0 75 0 0 14400
54 0 75 0 0 14500
54 0 76 0 0 14600
54 0 76 0 0 14700
54 0 77 0 0 14800
54 0 77 0 0 14900
54 0 77 0 0 15000
54 0 77 0 0 15100
55 0 77 0 0 15200
55 0 77 0 0 15300
56 0 77 0 0 15400
56 0 78 0 0 15500
56 0 79 0 0 15600
56 0 80 0 0 15700
57 0 81 0 0 15800
57 0 81 0 0 15900
58 0 83 0 0 16000
59 0 83 0 0 16100
59 0 83 0 0 16200
59 0 84 0 0 16300
59 0 84 0 0 16400
60 0 84 0 0 16500
60 0 84 0 0 16600
60 0 84 0 0 16700
61 0 84 0 0 16800
61 0 84 0 0 16900
61 0 85 0 0 17000
61 0 86 0 0 17100
61 0 86 0 0 17200
61 0 87 0 0 17300
61 0 87 0 0 17400
61 0 87 0 0 17500
61 0 87 0 0 17600
62 0 88 0 0 17700
63 0 89 0 0 17800
63 0 90 0 0 17900
63 0 90 0 0 18000
63 0 90 0 0 18100
63 0 91 0 0 18200
63 0 92 0 0 18300
63 0 93 0 0 18400
63 0 94 0 0 18500
63 0 95 0 0 18600
63 0 95 0 0 18700
63 0 95 0 0 18800
63 0 95 0 0 18900
63 0 95 0 0 19000
63 0 95 0 0 19100
63 0 96 0 0 19200
63 0 96 0 0 19300
63 0 96 0 0 19400
63 0 97 0 0 19500
63 0 97 0 0 19600
63 0 98 0 0 19700
63 0 98 0 0 19800
63 0 98 0 0 19900
63 0 98 0 0 20000
63 0 100 0 0 20100
63 0 101 0 0 20200
63 0 101 0 0 20300
63 0 101 0 0 20400
63 0 101 0 0 20500
64 0 101 0 0 20600
64 0 102 0 0 20700
64 0 102 0 0 20800
64 0 102 0 0 20900
64 0 102 0 0 21000
64 0 102 0 0 21100
64 0 103 0 0 21200
64 0 103 0 0 21300
64 0 103 0 0 21400
64 0 104 0 0 21500
64 0 104 0 0 21600
64 0 104 0 0 21700
64 0 104 0 0 21800
65 0 104 0 0 21900
65 0 104 0 0 22000
65 0 104 0 0 22100
65 0 104 0 0 22200
65 0 104 0 0 22300
65 0 104 0 0 22400
65 0 104 0 0 22500
65 0 104 0 0 22600
65 0 104 0 0 22700
65 0 105 0 0 22800
65 0 107 0 0 22900
65 0 107 0 0 23000
65 0 108 0 0 23100
65 0 109 0 0 23200
65 0 110 0 0 23300
65 0 110 0 0 23400
65 0 110 0 0 23500
65 0 111 0 0 23600
65 0 112 0 0 23700
65 0 112 0 0 23800
65 0 112 0 0 23900
65 0 112 0 0 24000
65 0 113 0 0 24100
65 0 113 0 0 24200
65 0 114 0 0 24300
65 0 114 0 0 24400
65 0 114 0 0 24500
65 0 114 0 0 24600
66 0 114 0 0 24700
66 0 114 0 0 24800
66 0 114 0 0 24900
66 0 114 0 0 25000
66 0 114 0 0 25100
66 0 114 0 0 25200
66 0 114 0 0 25300
66 0 114 0 0 25400
66 0 114 0 0 25500
66 0 114 0 0 25600
66 0 114 0 0 25700
67 0 114 0 0 25800
67 0 114 0 0 25900
67 0 114 0 0 26000
67 0 114 0 0 26100
67 0 114 0 0 26200
67 0 115 0 0 26300
67 0 115 0 0 26400
67 0 115 0 0 26500
67 0 116 0 0 26600
67 0 116 0 0 26700
68 0 117 0 0 26800
68 0 118 0 0 26900
68 0 118 0 0 27000
68 0 118 0 0 27100
68 0 118 0 0 27200
68 0 118 0 0 27300
68 0 118 0 0 27400
68 0 118 0 0 27500
68 0 119 0 0 27600
68 0 119 0 0 27700
68 0 119 0 0 27800
68 0 119 0 0 27900
68 0 120 0 0 28000
69 0 121 0 0 28100
69 0 121 0 0 28200
69 0 121 0 0 28300
69 0 121 0 0 28400
69 0 121 0 0 28500
69 0 121 0 0 28600
69 0 121 0 0 28700
69 0 121 0 0 28800
69 0 121 0 0 28900
69 0 121 0 0 29000
69 0 121 0 0 29100
69 0 121 0 0 29200
69 0 121 0 0 29300
69 0 121 0 0 29400
69 0 121 0 0 29500
69 0 121 0 0 29600
69 0 122 0 0 29700
69 0 123 0 0 29800
69 0 123 0 0 29900
69 0 125 0 0 30000
70 0 125 0 0 30100
70 0 126 0 0 30200
71 0 130 0 0 30300
72 0 130 0 0 30400
72 0 131 0 0 30500
72 0 132 0 0 30600
72 0 133 0 0 30700
72 0 134 0 0 30800
72 0 135 0 0 30900
72 0 136 0 0 31000
72 0 137 0 0 31100
72 0 138 0 0 31200
72 0 138 0 0 31300
72 0 138 0 0 31400
73 0 138 0 0 31500
73 0 139 0 0 31600
74 0 139 0 0 31700
74 0 140 0 0 31800
74 0 141 0 0 31900
74 0 142 0 0 32000
75 0 142 0 0 32100
75 0 142 0 0 32200
75 0 142 0 0 32300
75 0 143 0 0 32400
75 0 144 0 0 32500
75 0 145 0 0 32600
75 0 145 0 0 32700
75 0 147 0 0 32800
76 0 147 0 0 32900
76 0 147 0 0 33000
76 0 147 0 0 33100
76 0 147 0 0 33200
76 0 147 0 0 33300
76 0 147 0 0 33400
76 0 147 0 0 33500
76 0 147 0 0 33600
76 0 147 0 0 33700
76 0 147 0 0 33800
76 0 147 0 0 33900
76 0 147 0 0 34000
76 0 148 0 0 34100
76 0 148 0 0 34200
76 0 148 0 0 34300
76 0 148 0 0 34400
76 0 148 0 0 34500
76 0 148 0 0 34600
76 0 148 0 0 34700
76 0 148 0 0 34800
77 0 148 0 0 34900
77 0 148 0 0 35000
77 0 148 0 0 35100
77 0 148 0 0 35200
77 0 148 0 0 35300
78 0 148 0 0 35400
78 0 149 0 0 35500
78 0 149 0 0 35600
78 0 149 0 0 35700
78 0 150 0 0 35800
78 0 150 0 0 35900
79 0 150 0 0 36000
79 0 151 0 0 36100
79 0 151 0 0 36200
79 0 152 0 0 36300
79 0 152 0 0 36400
79 0 152 0 0 36500
79 0 152 0 0 36600
79 0 152 0 0 36700
79 0 152 0 0 36800
79 0 152 0 0 36900
79 0 152 0 0 37000
79 0 153 0 0 37100
79 0 153 0 0 37200
79 0 153 0 0 37300
80 0 153 0 0 37400
81 0 153 0 0 37500
82 0 153 0 0 37600
82 0 154 0 0 37700
82 0 154 0 0 37800
82 0 154 0 0 37900
82 0 154 0 0 38000
82 0 155 0 0 38100
82 0 155 0 0 38200
82 0 156 0 0 38300
82 0 156 0 0 38400
82 0 156 0 0 38500
82 0 156 0 0 38600
82 0 157 0 0 38700
82 0 157 0 0 38800
82 0 157 0 0 38900
83 0 159 0 0 39000
83 0 159 0 0 39100
83 0 160 0 0 39200
83 0 160 0 0 39300
83 0 160 0 0 39400
84 0 160 0 0 39500
84 0 160 0 0 39600
84 0 160 0 0 39700
84 0 160 0 0 39800
84 0 160 0 0 39900
84 0 160 0 0 40000
84 0 160 0 0 40100
84 0 160 0 0 40200
84 0 160 0 0 40300
84 0 160 0 0 40400
84 0 160 0 0 40500
84 0 160 0 0 40600
84 0 160 0 0 40700
84 0 161 0 0 40800
84 0 161 0 0 40900
84 0 162 0 0 41000
84 0 162 0 0 41100
84 0 162 0 0 41200
84 0 162 0 0 41300
84 0 162 0 0 41400
84 0 162 0 0 41500
84 0 162 0 0 41600
84 0 162 0 0 41700
84 0 162 0 0 41800
84 0 162 0 0 41900
84 0 162 0 0 42000
84 0 162 0 0 42100
84 0 162 0 0 42200
84 0 162 0 0 42300
84 0 162 0 0 42400
84 0 162 0 0 42500
84 0 162 0 0 42600
84 0 162 0 0 42700
84 0 162 0 0 42800
84 0 162 0 0 42900
84 0 162 0 0 43000
84 0 162 0 0 43100
84 0 162 0 0 43200
84 0 162 0 0 43300
84 0 162 0 0 43400
84 0 162 0 0 43500
84 0 162 0 0 43600
84 0 162 0 0 43700
84 0 162 0 0 43800
84 0 162 0 0 43900
84 0 162 0 0 44000
84 0 162 0 0 44100
84 0 162 0 0 44200
84 0 162 0 0 44300
84 0 162 0 0 44400
84 0 162 0 0 44500
84 0 162 0 0 44600
84 0 162 0 0 44700
84 0 162 0 0 44800
84 0 162 0 0 44900
84 0 162 0 0 45000
84 0 162 0 0 45100
84 0 162 0 0 45200
84 0 162 0 0 45300
84 0 162 0 0 45400
84 0 162 0 0 45500
84 0 162 0 0 45600
84 0 162 0 0 45700
84 0 163 0 0 45800
84 0 163 0 0 45900
84 0 163 0 0 46000
84 0 163 0 0 46100
84 0 163 0 0 46200
84 0 164 0 0 46300
84 0 164 0 0 46400
84 0 164 0 0 46500
84 0 164 0 0 46600
84 0 164 0 0 46700
84 0 164 0 0 46800
84 0 164 0 0 46900
84 0 164 0 0 47000
84 0 164 0 0 47100
84 0 164 0 0 47200
85 0 164 0 0 47300
85 0 164 0 0 47400
85 0 164 0 0 47500
85 0 164 0 0 47600
85 0 164 0 0 47700
85 0 164 0 0 47800
85 0 164 0 0 47900
85 0 164 0 0 48000
85 0 164 0 0 48100
85 0 164 0 0 48200
85 0 164 0 0 48300
85 0 166 0 0 48400
85 0 167 0 0 48500
85 0 167 0 0 48600
85 0 167 0 0 48700
86 0 167 0 0 48800
86 0 167 0 0 48900
86 0 167 0 0 49000
86 0 167 0 0 49100
86 0 167 0 0 49200
86 0 167 0 0 49300
86 0 167 0 0 49400
86 0 167 0 0 49500
86 0 167 0 0 49600
86 0 167 0 0 49700
86 0 167 0 0 49800
86 0 168 0 0 49900
0 0 0 0 0 0
0 0 0 0 0 100
0 0 0 0 0 200
1 0 0 0 0 300
1 0 0 0 0 400
1 0 0 0 0 500
1 0 0 0 0 600
1 0 0 0 0 700
2 0 0 0 0 800
2 0 0 0 0 900
2 0 0 0 0 1000
2 0 1 0 0 1100
2 0 1 0 0 1200
3 0 1 0 0 1300
3 0 1 0 0 1400
3 0 1 0 0 1500
3 0 1 0 0 1600
3 0 2 0 0 1700
3 0 2 0 0 1800
3 0 2 0 0 1900
3 0 2 0 0 2000
4 0 2 0 0 2100
4 0 2 0 0 2200
4 0 2 0 0 2300
4 0 3 0 0 2400
5 0 4 0 0 2500
5 0 4 0 0 2600
5 0 4 0 0 2700
5 0 4 0 0 2800
5 0 4 0 0 2900
5 0 5 0 0 3000
5 0 5 0 0 3100
6 0 5 0 0 3200
6 0 6 0 0 3300
6 0 6 0 0 3400
6 0 6 0 0 3500
7 0 6 0 0 3600
7 0 7 0 0 3700
7 0 7 0 0 3800
7 0 7 0 0 3900
7 0 7 0 0 4000
7 0 8 0 0 4100
7 0 8 0 0 4200
8 0 9 0 0 4300
10 0 9 0 0 4400
10 0 10 0 0 4500
10 0 10 0 0 4600
10 0 10 0 0 4700
10 0 11 0 0 4800
10 0 11 0 0 4900
11 0 11 0 0 5000
11 0 12 0 0 5100
11 0 12 0 0 5200
11 0 13 0 0 5300
11 0 14 0 0 5400
11 0 15 0 0 5500
11 0 15 0 0 5600
11 0 16 0 0 5700
11 0 18 0 0 5800
12 0 18 0 0 5900
12 0 18 0 0 6000
12 0 19 0 0 6100
13 0 19 0 0 6200
13 0 20 0 0 6300
13 0 20 0 0 6400
13 0 20 0 0 6500
13 0 20 0 0 6600
13 0 20 0 0 6700
13 0 20 0 0 6800
13 0 20 0 0 6900
13 0 20 0 0 7000
13 0 21 0 0 7100
13 0 22 0 0 7200
13 0 22 0 0 7300
13 0 22 0 0 7400
13 0 22 0 0 7500
13 0 22 0 0 7600
15 0 22 0 0 7700
15 0 23 0 0 7800
16 0 23 0 0 7900
17 0 23 0 0 8000
17 0 23 0 0 8100
18 0 24 0 0 8200
18 0 24 0 0 8300
18 0 24 0 0 8400
18 0 24 0 0 8500
19 0 25 0 0 8600
20 0 26 0 0 8700
20 0 27 0 0 8800
21 0 27 0 0 8900
23 0 27 0 0 9000
25 0 28 0 0 9100
27 0 29 0 0 9200
28 0 30 0 0 9300
29 0 30 0 0 9400
29 0 30 0 0 9500
29 0 30 0 0 9600
30 0 30 0 0 9700
31 0 31 0 0 9800
31 0 32 0 0 9900
32 0 32 0 0 10000
33 0 32 0 0 10100
33 0 32 0 0 10200
34 0 32 0 0 10300
34 0 32 0 0 10400
34 0 32 0 0 10500
35 0 32 0 0 10600
35 0 32 0 0 10700
35 0 32 0 0 10800
35 0 32 0 0 10900
35 0 32 0 0 11000
36 0 32 0 0 11100
36 0 32 0 0 11200
36 0 33 0 0 11300
36 0 33 0 0 11400
36 0 34 0 0 11500
36 0 34 0 0 11600
37 0 35 0 0 11700
37 0 37 0 0 11800
37 0 37 0 0 11900
37 0 37 0 0 12000
37 0 39 0 0 12100
37 0 39 0 0 12200
37 0 40 0 0 12300
37 0 41 0 0 12400
37 0 43 0 0 12500
37 0 45 0 0 12600
38 0 45 0 0 12700
38 0 47 0 0 12800
39 0 47 0 0 12900
39 0 49 0 0 13000
39 0 49 0 0 13100
39 0 49 0 0 13200
40 0 50 0 0 13300
41 0 51 0 0 13400
41 0 52 0 0 13500
42 0 53 0 0 13600
43 0 54 0 0 13700
43 0 54 0 0 13800
43 0 55 0 0 13900
43 0 56 0 0 14000
44 0 56 0 0 14100
45 0 58 0 0 14200
46 0 59 0 0 14300
47 0 59 0 0 14400
47 0 61 0 0 14500
48 0 61 0 0 14600
49 0 63 0 0 14700
49 0 63 0 0 14800
49 0 64 0 0 14900
49 0 65 0 0 15000
49 0 65 0 0 15100
50 0 66 0 0 15200
50 0 66 0 0 15300
50 0 66 0 0 15400
50 0 66 0 0 15500
50 0 66 0 0 15600
50 0 66 0 0 15700
50 0 66 0 0 15800
50 0 67 0 0 15900
50 0 67 0 0 16000
50 0 69 0 0 16100
50 0 70 0 0 16200
50 0 70 0 0 16300
50 0 72 0 0 16400
51 0 73 0 0 16500
52 0 73 0 0 16600
53 0 74 0 0 16700
54 0 75 0 0 16800
54 0 77 0 0 16900
54 0 77 0 0 17000
55 0 79 0 0 17100
55 0 79 0 0 17200
55 0 79 0 0 17300
56 0 79 0 0 17400
56 0 79 0 0 17500
56 0 79 0 0 17600
56 0 79 0 0 17700
57 0 80 0 0 17800
57 0 80 0 0 17900
57 0 81 0 0 18000
58 0 81 0 0 18100
59 0 81 0 0 18200
59 0 82 0 0 18300
60 0 82 0 0 18400
60 0 83 0 0 18500
60 0 83 0 0 18600
60 0 83 0 0 18700
60 0 83 0 0 18800
60 0 83 0 0 18900
60 0 83 0 0 19000
60 0 83 0 0 19100
60 0 83 0 0 19200
60 0 83 0 0 19300
60 0 83 0 0 19400
60 0 83 0 0 19500
60 0 83 0 0 19600
60 0 83 0 0 19700
60 0 83 0 0 19800
60 0 83 0 0 19900
60 0 83 0 0 20000
60 0 83 0 0 20100
60 0 84 0 0 20200
60 0 84 0 0 20300
60 0 84 0 0 20400
60 0 84 0 0 20500
60 0 84 0 0 20600
60 0 84 0 0 20700
60 0 84 0 0 20800
60 0 84 0 0 20900
60 0 84 0 0 21000
60 0 85 0 0 21100
60 0 85 0 0 21200
61 0 85 0 0 21300
61 0 85 0 0 21400
61 0 86 0 0 21500
61 0 86 0 0 21600
61 0 86 0 0 21700
61 0 86 0 0 21800
61 0 86 0 0 21900
61 0 86 0 0 22000
61 0 86 0 0 22100
61 0 87 0 0 22200
61 0 87 0 0 22300
61 0 88 0 0 22400
62 0 88 0 0 22500
62 0 89 0 0 22600
62 0 89 0 0 22700
62 0 89 0 0 22800
62 0 89 0 0 22900
62 0 90 0 0 23000
62 0 90 0 0 23100
62 0 90 0 0 23200
62 0 91 0 0 23300
62 0 92 0 0 23400
62 0 92 0 0 23500
64 0 92 0 0 23600
64 0 94 0 0 23700
64 0 94 0 0 23800
64 0 94 0 0 23900
64 0 95 0 0 24000
64 0 96 0 0 24100
64 0 96 0 0 24200
64 0 97 0 0 24300
64 0 97 0 0 24400
64 0 98 0 0 24500
64 0 99 0 0 24600
64 0 100 0 0 24700
64 0 100 0 0 24800
64 0 100 0 0 24900
65 0 100 0 0 25000
65 0 100 0 0 25100
65 0 101 0 0 25200
65 0 101 0 0 25300
65 0 101 0 0 25400
65 0 101 0 0 25500
66 0 102 0 0 25600
66 0 103 0 0 25700
66 0 105 0 0 25800
66 0 105 0 0 25900
66 0 105 0 0 26000
66 0 107 0 0 26100
66 0 108 0 0 26200
66 0 109 0 0 26300
66 0 109 0 0 26400
66 0 110 0 0 26500
67 0 111 0 0 26600
67 0 111 0 0 26700
67 0 111 0 0 26800
68 0 112 0 0 26900
68 0 113 0 0 27000
68 0 113 0 0 27100
68 0 116 0 0 27200
69 0 116 0 0 27300
69 0 117 0 0 27400
69 0 117 0 0 27500
69 0 118 0 0 27600
69 0 119 0 0 27700
69 0 121 0 0 27800
69 0 121 0 0 27900
69 0 121 0 0 28000
69 0 122 0 0 28100
69 0 122 0 0 28200
69 0 122 0 0 28300
69 0 122 0 0 28400
69 0 123 0 0 28500
69 0 123 0 0 28600
69 0 123 0 0 28700
69 0 123 0 0 28800
69 0 123 0 0 28900
69 0 123 0 0 29000
69 0 123 0 0 29100
69 0 123 0 0 29200
69 0 123 0 0 29300
69 0 123 0 0 29400
69 0 123 0 0 29500
69 0 123 0 0 29600
69 0 123 0 0 29700
69 0 124 0 0 29800
69 0 124 0 0 29900
69 0 125 0 0 30000
70 0 128 0 0 30100
70 0 128 0 0 30200
70 0 129 0 0 30300
70 0 132 0 0 30400
70 0 132 0 0 30500
71 0 132 0 0 30600
71 0 132 0 0 30700
72 0 133 0 0 30800
72 0 134 0 0 30900
72 0 135 0 0 31000
72 0 135 0 0 31100
72 0 136 0 0 31200
72 0 136 0 0 31300
72 0 136 0 0 31400
74 0 136 0 0 31500
74 0 136 0 0 31600
74 0 136 0 0 31700
74 0 137 0 0 31800
75 0 137 0 0 31900
76 0 137 0 0 32000
77 0 137 0 0 32100
77 0 138 0 0 32200
77 0 138 0 0 32300
77 0 139 0 0 32400
77 0 139 0 0 32500
77 0 140 0 0 32600
77 0 140 0 0 32700
77 0 140 0 0 32800
77 0 140 0 0 32900
77 0 140 0 0 33000
77 0 140 0 0 33100
77 0 140 0 0 33200
77 0 140 0 0 33300
77 0 140 0 0 33400
77 0 140 0 0 33500
77 0 141 0 0 33600
77 0 141 0 0 33700
77 0 142 0 0 33800
77 0 142 0 0 33900
77 0 143 0 0 34000
77 0 144 0 0 34100
77 0 144 0 0 34200
77 0 145 0 0 34300
77 0 145 0 0 34400
77 0 145 0 0 34500
77 0 145 0 0 34600
77 0 145 0 0 34700
77 0 145 0 0 34800
77 0 145 0 0 34900
77 0 145 0 0 35000
77 0 145 0 0 35100
77 0 145 0 0 35200
77 0 146 0 0 35300
77 0 146 0 0 35400
77 0 147 0 0 35500
77 0 147 0 0 35600
77 0 147 0 0 35700
77 0 147 0 0 35800
77 0 147 0 0 35900
77 0 148 0 0 36000
77 0 149 0 0 36100
77 0 149 0 0 36200
80 0 150 0 0 36300
80 0 151 0 0 36400
80 0 151 0 0 36500
80 0 151 0 0 36600
80 0 151 0 0 36700
80 0 151 0 0 36800
80 0 152 0 0 36900
80 0 152 0 0 37000
80 0 155 0 0 37100
80 0 155 0 0 37200
80 0 156 0 0 37300
80 0 156 0 0 37400
80 0 157 0 0 37500
80 0 158 0 0 37600
80 0 159 0 0 37700
81 0 160 0 0 37800
81 0 160 0 0 37900
82 0 160 0 0 38000
82 0 160 0 0 38100
82 0 160 0 0 38200
82 0 160 0 0 38300
83 0 161 0 0 38400
83 0 161 0 0 38500
83 0 161 0 0 38600
83 0 162 0 0 38700
83 0 162 0 0 38800
83 0 163 0 0 38900
83 0 163 0 0 39000
84 0 164 0 0 39100
84 0 165 0 0 39200
85 0 165 0 0 39300
85 0 166 0 0 39400
85 0 166 0 0 39500
86 0 166 0 0 39600
87 0 166 0 0 39700
87 0 166 0 0 39800
88 0 166 0 0 39900
88 0 167 0 0 40000
88 0 167 0 0 40100
88 0 167 0 0 40200
88 0 167 0 0 40300
88 0 167 0 0 40400
88 0 168 0 0 40500
88 0 168 0 0 40600
88 0 168 0 0 40700
88 0 168 0 0 40800
88 0 168 0 0 40900
88 0 170 0 0 41000
88 0 170 0 0 41100
88 0 170 0 0 41200
88 0 170 0 0 41300
88 0 171 0 0 41400
88 0 171 0 0 41500
88 0 172 0 0 41600
88 0 172 0 0 41700
88 0 173 0 0 41800
88 0 173 0 0 41900
88 0 174 0 0 42000
88 0 175 0 0 42100
89 0 176 0 0 42200
89 0 176 0 0 42300
90 0 176 0 0 42400
91 0 176 0 0 42500
91 0 178 0 0 42600
91 0 178 0 0 42700
91 0 179 0 0 42800
92 0 179 0 0 42900
92 0 179 0 0 43000
93 0 179 0 0 43100
93 0 180 0 0 43200
94 0 181 0 0 43300
95 0 183 0 0 43400
95 0 183 0 0 43500
95 0 184 0 0 43600
96 0 184 0 0 43700
96 0 185 0 0 43800
96 0 185 0 0 43900
96 0 185 0 0 44000
96 0 185 0 0 44100
96 0 186 0 0 44200
96 0 186 0 0 44300
96 0 187 0 0 44400
96 0 187 0 0 44500
96 0 187 0 0 44600
96 0 187 0 0 44700
96 0 187 0 0 44800
96 0 187 0 0 44900
96 0 188 0 0 45000
96 0 189 0 0 45100
96 0 189 0 0 45200
96 0 190 0 0 45300
96 0 190 0 0 45400
96 0 192 0 0 45500
96 0 193 0 0 45600
96 0 194 0 0 45700
96 0 195 0 0 45800
96 0 195 0 0 45900
98 0 195 0 0 46000
99 0 195 0 0 46100
99 0 196 0 0 46200
99 0 196 0 0 46300
99 0 196 0 0 46400
99 0 196 0 0 46500
99 0 196 0 0 46600
99 0 196 0 0 46700
99 0 196 0 0 46800
99 0 196 0 0 46900
99 0 197 0 0 47000
99 0 197 0 0 47100
99 0 197 0 0 47200
99 0 197 0 0 47300
99 0 197 0 0 47400
99 0 197 0 0 47500
99 0 197 0 0 47600
101 0 197 0 0 47700
101 0 197 0 0 47800
101 0 197 0 0 47900
101 0 199 0 0 48000
101 0 199 0 0 48100
101 0 199 0 0 48200
102 0 199 0 0 48300
102 0 199 0 0 48400
102 0 199 0 0 48500
102 0 200 0 0 48600
102 0 200 0 0 48700
102 0 200 0 0 48800
103 0 201 0 0 48900
103 0 201 0 0 49000
104 0 201 0 0 49100
104 0 202 0 0 49200
104 0 202 0 0 49300
104 0 202 0 0 49400
104 0 203 0 0 49500
105 0 204 0 0 49600
105 0 205 0 0 49700
105 0 205 0 0 49800
105 0 205 0 0 49900
1 0 0 0 0 0
2 0 0 0 0 100
4 0 0 0 0 200
6 0 0 0 0 300
7 0 0 0 0 400
7 0 0 0 0 500
7 0 0 0 0 600
7 0 0 0 0 700
7 0 0 0 0 800
7 0 0 0 0 900
7 0 0 0 0 1000
7 0 0 0 0 1100
8 0 0 0 0 1200
8 0 0 0 0 1300
9 0 0 0 0 1400
9 0 0 0 0 1500
9 0 0 0 0 1600
9 0 0 0 0 1700
9 0 0 0 0 1800
9 0 0 0 0 1900
9 0 0 0 0 2000
9 0 0 0 0 2100
10 0 1 0 0 2200
10 0 2 0 0 2300
10 0 3 0 0 2400
10 0 3 0 0 2500
10 0 3 0 0 2600
10 0 4 0 0 2700
10 0 5 0 0 2800
10 0 5 0 0 2900
10 0 5 0 0 3000
10 0 5 0 0 3100
10 0 6 0 0 3200
10 0 6 0 0 3300
10 0 8 0 0 3400
10 0 9 0 0 3500
11 0 9 0 0 3600
11 0 11 0 0 3700
11 0 11 0 0 3800
11 0 12 0 0 3900
11 0 13 0 0 4000
12 0 13 0 0 4100
12 0 13 0 0 4200
13 0 13 0 0 4300
15 0 16 0 0 4400
15 0 17 0 0 4500
16 0 18 0 0 4600
17 0 20 0 0 4700
17 0 22 0 0 4800
17 0 23 0 0 4900
17 0 24 0 0 5000
17 0 24 0 0 5100
17 0 24 0 0 5200
17 0 24 0 0 5300
17 0 24 0 0 5400
17 0 24 0 0 5500
18 0 24 0 0 5600
19 0 24 0 0 5700
20 0 24 0 0 5800
20 0 24 0 0 5900
20 0 24 0 0 6000
21 0 24 0 0 6100
24 0 24 0 0 6200
25 0 24 0 0 6300
25 0 24 0 0 6400
25 0 24 0 0 6500
25 0 24 0 0 6600
25 0 24 0 0 6700
25 0 24 0 0 6800
26 0 24 0 0 6900
26 0 24 0 0 7000
26 0 24 0 0 7100
26 0 24 0 0 7200
26 0 24 0 0 7300
26 0 24 0 0 7400
26 0 24 0 0 7500
27 0 24 0 0 7600
27 0 25 0 0 7700
27 0 25 0 0 7800
27 0 25 0 0 7900
27 0 25 0 0 8000
27 0 25 0 0 8100
27 0 26 0 0 8200
27 0 26 0 0 8300
27 0 26 0 0 8400
27 0 26 0 0 8500
27 0 27 0 0 8600
27 0 27 0 0 8700
27 0 27 0 0 8800
27 0 27 0 0 8900
27 0 27 0 0 9000
27 0 27 0 0 9100
27 0 27 0 0 9200
27 0 27 0 0 9300
27 0 27 0 0 9400
27 0 27 0 0 9500
27 0 27 0 0 9600
27 0 27 0 0 9700
27 0 27 0 0 9800
27 0 27 0 0 9900
27 0 27 0 0 10000
27 0 28 0 0 10100
27 0 29 0 0 10200
27 0 32 0 0 10300
27 0 32 0 0 10400
27 0 32 0 0 10500
27 0 33 0 0 10600
27 0 33 0 0 10700
27 0 34 0 0 10800
27 0 35 0 0 10900
27 0 35 0 0 11000
27 0 35 0 0 11100
27 0 35 0 0 11200
27 0 36 0 0 11300
27 0 36 0 0 11400
27 0 36 0 0 11500
27 0 37 0 0 11600
27 0 37 0 0 11700
27 0 38 0 0 11800
27 0 38 0 0 11900
27 0 38 0 0 12000
27 0 38 0 0 12100
27 0 39 0 0 12200
27 0 39 0 0 12300
27 0 40 0 0 12400
27 0 40 0 0 12500
27 0 40 0 0 12600
27 0 40 0 0 12700
27 0 40 0 0 12800
27 0 40 0 0 12900
27 0 41 0 0 13000
27 0 41 0 0 13100
27 0 42 0 0 13200
27 0 42 0 0 13300
27 0 42 0 0 13400
27 0 42 0 0 13500
28 0 42 0 0 13600
29 0 42 0 0 13700
29 0 42 0 0 13800
29 0 42 0 0 13900
29 0 43 0 0 14000
29 0 43 0 0 14100
29 0 43 0 0 14200
29 0 43 0 0 14300
29 0 43 0 0 14400
29 0 43 0 0 14500
29 0 43 0 0 14600
29 0 43 0 0 14700
29 0 43 0 0 14800
29 0 43 0 0 14900
29 0 43 0 0 15000
29 0 43 0 0 15100
29 0 43 0 0 15200
29 0 43 0 0 15300
29 0 43 0 0 15400
29 0 44 0 0 15500
29 0 44 0 0 15600
30 0 44 0 0 15700
30 0 44 0 0 15800
30 0 44 0 0 15900
30 0 44 0 0 16000
30 0 44 0 0 16100
30 0 44 0 0 16200
30 0 44 0 0 16300
30 0 44 0 0 16400
31 0 44 0 0 16500
32 0 44 0 0 16600
32 0 44 0 0 16700
33 0 45 0 0 16800
34 0 45 0 0 16900
35 0 45 0 0 17000
36 0 45 0 0 17100
37 0 46 0 0 17200
37 0 47 0 0 17300
37 0 47 0 0 17400
37 0 47 0 0 17500
37 0 48 0 0 17600
37 0 48 0 0 17700
37 0 48 0 0 17800
37 0 49 0 0 17900
37 0 49 0 0 18000
37 0 50 0 0 18100
38 0 51 0 0 18200
38 0 52 0 0 18300
38 0 53 0 0 18400
38 0 54 0 0 18500
38 0 54 0 0 18600
38 0 54 0 0 18700
38 0 54 0 0 18800
38 0 54 0 0 18900
38 0 54 0 0 19000
38 0 54 0 0 19100
38 0 54 0 0 19200
38 0 54 0 0 19300
38 0 55 0 0 19400
38 0 56 0 0 19500
39 0 57 0 0 19600
39 0 57 0 0 19700
40 0 57 0 0 19800
41 0 58 0 0 19900
42 0 58 0 0 20000
43 0 58 0 0 20100
43 0 59 0 0 20200
43 0 59 0 0 20300
44 0 59 0 0 20400
44 0 59 0 0 20500
44 0 60 0 0 20600
44 0 60 0 0 20700
45 0 61 0 0 20800
45 0 61 0 0 20900
45 0 61 0 0 21000
45 0 61 0 0 21100
46 0 61 0 0 21200
46 0 62 0 0 21300
46 0 62 0 0 21400
46 0 62 0 0 21500
46 0 62 0 0 21600
46 0 62 0 0 21700
46 0 62 0 0 21800
46 0 63 0 0 21900
46 0 63 0 0 22000
46 0 63 0 0 22100
46 0 63 0 0 22200
46 0 63 0 0 22300
46 0 63 0 0 22400
46 0 63 0 0 22500
47 0 63 0 0 22600
47 0 63 0 0 22700
48 0 63 0 0 22800
48 0 64 0 0 22900
48 0 64 0 0 23000
48 0 65 0 0 23100
48 0 65 0 0 23200
48 0 67 0 0 23300
48 0 67 0 0 23400
48 0 68 0 0 23500
48 0 69 0 0 23600
48 0 69 0 0 23700
49 0 69 0 0 23800
50 0 69 0 0 23900
50 0 70 0 0 24000
50 0 71 0 0 24100
50 0 71 0 0 24200
51 0 71 0 0 24300
52 0 71 0 0 24400
52 0 71 0 0 24500
52 0 72 0 0 24600
52 0 72 0 0 24700
52 0 73 0 0 24800
52 0 73 0 0 24900
52 0 73 0 0 25000
52 0 73 0 0 25100
52 0 73 0 0 25200
52 0 73 0 0 25300
52 0 73 0 0 25400
52 0 73 0 0 25500
52 0 73 0 0 25600
52 0 73 0 0 25700
52 0 75 0 0 25800
52 0 75 0 0 25900
52 0 75 0 0 26000
52 0 76 0 0 26100
52 0 77 0 0 26200
52 0 77 0 0 26300
52 0 77 0 0 26400
52 0 78 0 0 26500
53 0 78 0 0 26600
53 0 78 0 0 26700
53 0 79 0 0 26800
53 0 79 0 0 26900
53 0 79 0 0 27000
53 0 79 0 0 27100
53 0 79 0 0 27200
53 0 79 0 0 27300
53 0 79 0 0 27400
53 0 79 0 0 27500
53 0 79 0 0 27600
54 0 79 0 0 27700
55 0 79 0 0 27800
55 0 79 0 0 27900
55 0 79 0 0 28000
55 0 79 0 0 28100
55 0 79 0 0 28200
55 0 79 0 0 28300
55 0 80 0 0 28400
55 0 80 0 0 28500
55 0 81 0 0 28600
56 0 81 0 0 28700
56 0 82 0 0 28800
56 0 83 0 0 28900
56 0 83 0 0 29000
56 0 83 0 0 29100
57 0 83 0 0 29200
57 0 84 0 0 29300
57 0 84 0 0 29400
57 0 85 0 0 29500
57 0 85 0 0 29600
57 0 86 0 0 29700
57 0 86 0 0 29800
57 0 86 0 0 29900
58 0 86 0 0 30000
59 0 87 0 0 30100
59 0 88 0 0 30200
59 0 88 0 0 30300
59 0 88 0 0 30400
60 0 88 0 0 30500
60 0 89 0 0 30600
60 0 90 0 0 30700
60 0 94 0 0 30800
60 0 95 0 0 30900
61 0 95 0 0 31000
62 0 95 0 0 31100
62 0 95 0 0 31200
62 0 95 0 0 31300
62 0 96 0 0 31400
62 0 97 0 0 31500
62 0 97 0 0 31600
62 0 98 0 0 31700
62 0 98 0 0 31800
62 0 98 0 0 31900
64 0 98 0 0 32000
65 0 98 0 0 32100
65 0 99 0 0 32200
65 0 99 0 0 32300
65 0 99 0 0 32400
65 0 99 0 0 32500
65 0 100 0 0 32600
65 0 100 0 0 32700
65 0 101 0 0 32800
65 0 101 0 0 32900
65 0 101 0 0 33000
65 0 101 0 0 33100
66 0 102 0 0 33200
66 0 104 0 0 33300
66 0 104 0 0 33400
66 0 106 0 0 33500
66 0 106 0 0 33600
66 0 106 0 0 33700
66 0 106 0 0 33800
66 0 106 0 0 33900
66 0 106 0 0 34000
66 0 106 0 0 34100
66 0 107 0 0 34200
66 0 107 0 0 34300
66 0 108 0 0 34400
66 0 108 0 0 34500
66 0 108 0 0 34600
66 0 109 0 0 34700
67 0 110 0 0 34800
67 0 110 0 0 34900
67 0 112 0 0 35000
67 0 112 0 0 35100
67 0 112 0 0 35200
67 0 113 0 0 35300
68 0 113 0 0 35400
68 0 114 0 0 35500
68 0 115 0 0 35600
68 0 115 0 0 35700
68 0 116 0 0 35800
68 0 117 0 0 35900
68 0 117 0 0 36000
68 0 117 0 0 36100
68 0 117 0 0 36200
68 0 118 0 0 36300
68 0 118 0 0 36400
69 0 118 0 0 36500
69 0 118 0 0 36600
69 0 118 0 0 36700
69 0 118 0 0 36800
69 0 118 0 0 36900
69 0 118 0 0 37000
69 0 118 0 0 37100
69 0 118 0 0 37200
69 0 119 0 0 37300
69 0 119 0 0 37400
69 0 119 0 0 37500
69 0 119 0 0 37600
69 0 119 0 0 37700
69 0 119 0 0 37800
70 0 120 0 0 37900
70 0 121 0 0 38000
70 0 121 0 0 38100
70 0 121 0 0 38200
70 0 121 0 0 38300
70 0 121 0 0 38400
70 0 121 0 0 38500
70 0 121 0 0 38600
70 0 121 0 0 38700
70 0 121 0 0 38800
70 0 122 0 0 38900
70 0 122 0 0 39000
70 0 122 0 0 39100
70 0 123 0 0 39200
70 0 123 0 0 39300
70 0 123 0 0 39400
70 0 123 0 0 39500
70 0 123 0 0 39600
70 0 123 0 0 39700
70 0 124 0 0 39800
70 0 124 0 0 39900
70 0 124 0 0 40000
70 0 124 0 0 40100
70 0 124 0 0 40200
71 0 125 0 0 40300
71 0 125 0 0 40400
71 0 125 0 0 40500
71 0 125 0 0 40600
71 0 125 0 0 40700
71 0 126 0 0 40800
71 0 126 0 0 40900
71 0 127 0 0 41000
71 0 127 0 0 41100
71 0 128 0 0 41200
71 0 128 0 0 41300
72 0 129 0 0 41400
72 0 129 0 0 41500
72 0 130 0 0 41600
72 0 131 0 0 41700
72 0 131 0 0 41800
72 0 131 0 0 41900
73 0 131 0 0 42000
73 0 132 0 0 42100
73 0 132 0 0 42200
73 0 133 0 0 42300
73 0 134 0 0 42400
73 0 134 0 0 42500
73 0 135 0 0 42600
73 0 135 0 0 42700
73 0 136 0 0 42800
73 0 136 0 0 42900
73 0 136 0 0 43000
73 0 137 0 0 43100
74 0 137 0 0 43200
75 0 137 0 0 43300
75 0 138 0 0 43400
75 0 138 0 0 43500
75 0 140 0 0 43600
75 0 140 0 0 43700
75 0 142 0 0 43800
76 0 143 0 0 43900
76 0 145 0 0 44000
76 0 145 0 0 44100
76 0 145 0 0 44200
76 0 146 0 0 44300
76 0 147 0 0 44400
76 0 147 0 0 44500
76 0 148 0 0 44600
76 0 148 0 0 44700
76 0 148 0 0 44800
76 0 148 0 0 44900
76 0 148 0 0 45000
76 0 148 0 0 45100
76 0 148 0 0 45200
76 0 148 0 0 45300
76 0 148 0 0 45400
76 0 148 0 0 45500
76 0 148 0 0 45600
76 0 148 0 0 45700
76 0 148 0 0 45800
76 0 148 0 0 45900
76 0 148 0 0 46000
76 0 148 0 0 46100
76 0 148 0 0 46200
76 0 149 0 0 46300
76 0 150 0 0 46400
76 0 150 0 0 46500
76 0 151 0 0 46600
76 0 151 0 0 46700
76 0 152 0 0 46800
76 0 154 0 0 46900
76 0 154 0 0 47000
77 0 155 0 0 47100
77 0 156 0 0 47200
77 0 156 0 0 47300
77 0 156 0 0 47400
77 0 156 0 0 47500
77 0 157 0 0 47600
77 0 157 0 0 47700
77 0 157 0 0 47800
77 0 157 0 0 47900
77 0 157 0 0 48000
77 0 157 0 0 48100
77 0 157 0 0 48200
77 0 157 0 0 48300
77 0 157 0 0 48400
77 0 157 0 0 48500
77 0 157 0 0 48600
77 0 157 0 0 48700
77 0 159 0 0 48800
77 0 159 0 0 48900
77 0 159 0 0 49000
78 0 159 0 0 49100
78 0 159 0 0 49200
78 0 160 0 0 49300
78 0 160 0 0 49400
78 0 160 0 0 49500
78 0 160 0 0 49600
78 0 160 0 0 49700
78 0 160 0 0 49800
78 0 160 0 0 49900
0 0 0 0 0 0
0 0 0 0 0 100
0 0 0 0 0 200
0 0 0 0 0 300
0 0 0 0 0 400
0 0 0 0 0 500
0 0 0 0 0 600
0 0 0 0 0 700
0 0 0 0 0 800
0 0 0 0 0 900
0 0 0 0 0 1000
0 0 0 0 0 1100
0 0 0 0 0 1200
0 0 0 0 0 1300
0 0 0 0 0 1400
0 0 0 0 0 1500
0 0 0 0 0 1600
0 0 0 0 0 1700
0 0 0 0 0 1800
0 0 0 0 0 1900
0 0 3 0 0 2000
0 0 4 0 0 2100
0 0 4 0 0 2200
0 0 4 0 0 2300
0 0 5 0 0 2400
0 0 5 0 0 2500
0 0 6 0 0 2600
0 0 6 0 0 2700
0 0 6 0 0 2800
0 0 7 0 0 2900
0 0 8 0 0 3000
0 0 8 0 0 3100
0 0 8 0 0 3200
0 0 9 0 0 3300
0 0 9 0 0 3400
0 0 11 0 0 3500
0 0 11 0 0 3600
0 0 12 0 0 3700
0 0 15 0 0 3800
0 0 15 0 0 3900
0 0 16 0 0 4000
0 0 17 0 0 4100
0 0 18 0 0 4200
0 0 18 0 0 4300
0 0 18 0 0 4400
1 0 19 0 0 4500
1 0 19 0 0 4600
1 0 19 0 0 4700
1 0 19 0 0 4800
2 0 19 0 0 4900
3 0 20 0 0 5000
3 0 22 0 0 5100
3 0 22 0 0 5200
4 0 23 0 0 5300
4 0 25 0 0 5400
4 0 26 0 0 5500
4 0 26 0 0 5600
5 0 27 0 0 5700
5 0 27 0 0 5800
6 0 27 0 0 5900
6 0 28 0 0 6000
6 0 29 0 0 6100
6 0 30 0 0 6200
7 0 30 0 0 6300
7 0 30 0 0 6400
7 0 30 0 0 6500
7 0 30 0 0 6600
7 0 30 0 0 6700
7 0 30 0 0 6800
7 0 30 0 0 6900
7 0 30 0 0 7000
7 0 31 0 0 7100
7 0 31 0 0 7200
8 0 31 0 0 7300
8 0 31 0 0 7400
8 0 32 0 0 7500
8 0 33 0 0 7600
9 0 33 0 0 7700
9 0 36 0 0 7800
9 0 36 0 0 7900
9 0 37 0 0 8000
9 0 38 0 0 8100
10 0 39 0 0 8200
10 0 41 0 0 8300
10 0 41 0 0 8400
10 0 41 0 0 8500
10 0 41 0 0 8600
10 0 41 0 0 8700
10 0 41 0 0 8800
10 0 41 0 0 8900
10 0 41 0 0 9000
10 0 41 0 0 9100
10 0 42 0 0 9200
10 0 42 0 0 9300
10 0 42 0 0 9400
10 0 42 0 0 9500
10 0 44 0 0 9600
10 0 45 0 0 9700
11 0 46 0 0 9800
11 0 47 0 0 9900
11 0 47 0 0 10000
11 0 47 0 0 10100
11 0 47 0 0 10200
11 0 47 0 0 10300
11 0 47 0 0 10400
11 0 47 0 0 10500
11 0 47 0 0 10600
11 0 47 0 0 10700
11 0 47 0 0 10800
12 0 47 0 0 10900
12 0 48 0 0 11000
12 0 48 0 0 11100
12 0 49 0 0 11200
12 0 49 0 0 11300
12 0 49 0 0 11400
14 0 49 0 0 11500
15 0 49 0 0 11600
15 0 51 0 0 11700
17 0 51 0 0 11800
17 0 52 0 0 11900
17 0 52 0 0 12000
17 0 52 0 0 12100
17 0 52 0 0 12200
18 0 52 0 0 12300
18 0 54 0 0 12400
18 0 54 0 0 12500
18 0 54 0 0 12600
19 0 54 0 0 12700
19 0 54 0 0 12800
19 0 54 0 0 12900
19 0 54 0 0 13000
19 0 54 0 0 13100
19 0 55 0 0 13200
19 0 55 0 0 13300
19 0 55 0 0 13400
19 0 55 0 0 13500
19 0 55 0 0 13600
19 0 55 0 0 13700
19 0 56 0 0 13800
19 0 56 0 0 13900
19 0 56 0 0 14000
19 0 56 0 0 14100
19 0 56 0 0 14200
19 0 57 0 0 14300
19 0 57 0 0 14400
19 0 57 0 0 14500
19 0 57 0 0 14600
19 0 57 0 0 14700
19 0 57 0 0 14800
19 0 57 0 0 14900
19 0 57 0 0 15000
20 0 57 0 0 15100
20 0 57 0 0 15200
20 0 57 0 0 15300
20 0 57 0 0 15400
20 0 57 0 0 15500
20 0 57 0 0 15600
20 0 57 0 0 15700
20 0 57 0 0 15800
20 0 57 0 0 15900
20 0 57 0 0 16000
20 0 57 0 0 16100
20 0 57 0 0 16200
20 0 57 0 0 16300
20 0 57 0 0 16400
20 0 57 0 0 16500
20 0 57 0 0 16600
20 0 57 0 0 16700
20 0 57 0 0 16800
20 0 57 0 0 16900
21 0 57 0 0 17000
21 0 58 0 0 17100
21 0 59 0 0 17200
21 0 59 0 0 17300
21 0 59 0 0 17400
21 0 59 0 0 17500
21 0 59 0 0 17600
21 0 59 0 0 17700
21 0 60 0 0 17800
21 0 60 0 0 17900
21 0 60 0 0 18000
21 0 60 0 0 18100
21 0 61 0 0 18200
21 0 61 0 0 18300
21 0 61 0 0 18400
21 0 61 0 0 18500
21 0 62 0 0 18600
21 0 62 0 0 18700
21 0 62 0 0 18800
21 0 62 0 0 18900
21 0 63 0 0 19000
21 0 63 0 0 19100
21 0 63 0 0 19200
21 0 63 0 0 19300
21 0 64 0 0 19400
21 0 64 0 0 19500
21 0 64 0 0 19600
22 0 67 0 0 19700
22 0 68 0 0 19800
22 0 68 0 0 19900
22 0 68 0 0 20000
22 0 68 0 0 20100
22 0 68 0 0 20200
23 0 68 0 0 20300
23 0 69 0 0 20400
24 0 70 0 0 20500
24 0 70 0 0 20600
24 0 70 0 0 20700
24 0 70 0 0 20800
24 0 70 0 0 20900
24 0 70 0 0 21000
24 0 71 0 0 21100
24 0 71 0 0 21200
24 0 72 0 0 21300
24 0 72 0 0 21400
24 0 73 0 0 21500
24 0 73 0 0 21600
25 0 73 0 0 21700
25 0 73 0 0 21800
25 0 73 0 0 21900
25 0 73 0 0 22000
25 0 73 0 0 22100
25 0 73 0 0 22200
25 0 73 0 0 22300
25 0 73 0 0 22400
25 0 73 0 0 22500
25 0 73 0 0 22600
25 0 74 0 0 22700
25 0 75 0 0 22800
25 0 75 0 0 22900
25 0 75 0 0 23000
25 0 75 0 0 23100
25 0 75 0 0 23200
25 0 76 0 0 23300
25 0 76 0 0 23400
25 0 77 0 0 23500
25 0 77 0 0 23600
25 0 78 0 0 23700
25 0 78 0 0 23800
25 0 78 0 0 23900
25 0 79 0 0 24000
26 0 80 0 0 24100
26 0 80 0 0 24200
26 0 81 0 0 24300
26 0 81 0 0 24400
26 0 81 0 0 24500
26 0 81 0 0 24600
26 0 81 0 0 24700
26 0 81 0 0 24800
26 0 82 0 0 24900
26 0 82 0 0 25000
26 0 82 0 0 25100
26 0 82 0 0 25200
26 0 82 0 0 25300
26 0 82 0 0 25400
26 0 82 0 0 25500
26 0 82 0 0 25600
26 0 83 0 0 25700
26 0 83 0 0 25800
26 0 85 0 0 25900
26 0 85 0 0 26000
26 0 85 0 0 26100
27 0 86 0 0 26200
27 0 87 0 0 26300
27 0 89 0 0 26400
28 0 89 0 0 26500
28 0 90 0 0 26600
28 0 90 0 0 26700
28 0 91 0 0 26800
28 0 91 0 0 26900
28 0 91 0 0 27000
28 0 91 0 0 27100
28 0 93 0 0 27200
28 0 93 0 0 27300
28 0 93 0 0 27400
28 0 93 0 0 27500
28 0 94 0 0 27600
28 0 94 0 0 27700
28 0 94 0 0 27800
28 0 95 0 0 27900
28 0 95 0 0 28000
28 0 95 0 0 28100
28 0 95 0 0 28200
28 0 95 0 0 28300
28 0 95 0 0 28400
28 0 95 0 0 28500
28 0 95 0 0 28600
28 0 95 0 0 28700
28 0 95 0 0 28800
28 0 95 0 0 28900
28 0 95 0 0 29000
29 0 96 0 0 29100
29 0 96 0 0 29200
29 0 96 0 0 29300
29 0 96 0 0 29400
30 0 96 0 0 29500
30 0 96 0 0 29600
30 0 96 0 0 29700
30 0 96 0 0 29800
30 0 96 0 0 29900
30 0 96 0 0 30000
30 0 96 0 0 30100
30 0 97 0 0 30200
30 0 97 0 0 30300
30 0 97 0 0 30400
30 0 98 0 0 30500
30 0 98 0 0 30600
30 0 99 0 0 30700
31 0 99 0 0 30800
31 0 99 0 0 30900
31 0 99 0 0 31000
31 0 99 0 0 31100
31 0 99 0 0 31200
31 0 99 0 0 31300
31 0 99 0 0 31400
31 0 100 0 0 31500
31 0 100 0 0 31600
31 0 100 0 0 31700
31 0 100 0 0 31800
31 0 100 0 0 31900
31 0 100 0 0 32000
31 0 100 0 0 32100
31 0 100 0 0 32200
31 0 100 0 0 32300
31 0 100 0 0 32400
31 0 100 0 0 32500
31 0 100 0 0 32600
31 0 101 0 0 32700
31 0 101 0 0 32800
31 0 101 0 0 32900
31 0 102 0 0 33000
31 0 102 0 0 33100
32 0 102 0 0 33200
32 0 103 0 0 33300
32 0 104 0 0 33400
33 0 104 0 0 33500
33 0 104 0 0 33600
33 0 104 0 0 33700
33 0 106 0 0 33800
33 0 106 0 0 33900
33 0 106 0 0 34000
33 0 106 0 0 34100
33 0 106 0 0 34200
33 0 106 0 0 34300
33 0 106 0 0 34400
33 0 107 0 0 34500
33 0 107 0 0 34600
33 0 107 0 0 34700
33 0 107 0 0 34800
33 0 107 0 0 34900
33 0 108 0 0 35000
33 0 108 0 0 35100
33 0 108 0 0 35200
33 0 108 0 0 35300
33 0 108 0 0 35400
33 0 108 0 0 35500
33 0 108 0 0 35600
33 0 108 0 0 35700
33 0 108 0 0 35800
33 0 108 0 0 35900
33 0 108 0 0 36000
33 0 108 0 0 36100
33 0 108 0 0 36200
33 0 108 0 0 36300
33 0 108 0 0 36400
33 0 108 0 0 36500
33 0 109 0 0 36600
33 0 109 0 0 36700
33 0 109 0 0 36800
33 0 109 0 0 36900
33 0 110 0 0 37000
33 0 110 0 0 37100
33 0 110 0 0 37200
33 0 110 0 0 37300
33 0 110 0 0 37400
33 0 110 0 0 37500
33 0 110 0 0 37600
33 0 110 0 0 37700
33 0 110 0 0 37800
33 0 110 0 0 37900
33 0 110 0 0 38000
33 0 110 0 0 38100
33 0 110 0 0 38200
34 0 110 0 0 38300
34 0 111 0 0 38400
34 0 111 0 0 38500
34 0 111 0 0 38600
34 0 112 0 0 38700
34 0 113 0 0 38800
34 0 113 0 0 38900
34 0 113 0 0 39000
34 0 113 0 0 39100
34 0 113 0 0 39200
34 0 113 0 0 39300
35 0 113 0 0 39400
35 0 113 0 0 39500
35 0 113 0 0 39600
35 0 113 0 0 39700
35 0 113 0 0 39800
35 0 113 0 0 39900
35 0 114 0 0 40000
35 0 114 0 0 40100
35 0 114 0 0 40200
35 0 114 0 0 40300
35 0 114 0 0 40400
35 0 114 0 0 40500
35 0 114 0 0 40600
36 0 114 0 0 40700
36 0 114 0 0 40800
36 0 115 0 0 40900
36 0 115 0 0 41000
36 0 115 0 0 41100
36 0 115 0 0 41200
36 0 115 0 0 41300
36 0 115 0 0 41400
36 0 115 0 0 41500
36 0 115 0 0 41600
36 0 115 0 0 41700
36 0 115 0 0 41800
36 0 115 0 0 41900
36 0 115 0 0 42000
37 0 115 0 0 42100
37 0 115 0 0 42200
37 0 115 0 0 42300
37 0 115 0 0 42400
37 0 115 0 0 42500
38 0 116 0 0 42600
39 0 116 0 0 42700
39 0 116 0 0 42800
39 0 116 0 0 42900
39 0 116 0 0 43000
39 0 116 0 0 43100
39 0 116 0 0 43200
40 0 117 0 0 43300
40 0 117 0 0 43400
40 0 117 0 0 43500
41 0 117 0 0 43600
42 0 117 0 0 43700
42 0 117 0 0 43800
42 0 117 0 0 43900
42 0 117 0 0 44000
42 0 117 0 0 44100
42 0 117 0 0 44200
42 0 117 0 0 44300
42 0 117 0 0 44400
42 0 117 0 0 44500
42 0 118 0 0 44600
42 0 118 0 0 44700
42 0 118 0 0 44800
42 0 118 0 0 44900
42 0 118 0 0 45000
42 0 118 0 0 45100
43 0 118 0 0 45200
43 0 118 0 0 45300
43 0 118 0 0 45400
43 0 118 0 0 45500
43 0 118 0 0 45600
43 0 118 0 0 45700
43 0 118 0 0 45800
43 0 118 0 0 45900
43 0 118 0 0 46000
43 0 118 0 0 46100
43 0 118 0 0 46200
43 0 118 0 0 46300
43 0 118 0 0 46400
43 0 118 0 0 46500
43 0 118 0 0 46600
43 0 118 0 0 46700
43 0 118 0 0 46800
43 0 118 0 0 46900
43 0 118 0 0 47000
43 0 118 0 0 47100
43 0 118 0 0 47200
43 0 118 0 0 47300
43 0 118 0 0 47400
43 0 118 0 0 47500
43 0 118 0 0 47600
43 0 118 0 0 47700
43 0 119 0 0 47800
43 0 119 0 0 47900
43 0 119 0 0 48000
43 0 119 0 0 48100
43 0 119 0 0 48200
43 0 119 0 0 48300
43 0 119 0 0 48400
43 0 119 0 0 48500
43 0 119 0 0 48600
43 0 119 0 0 48700
43 0 119 0 0 48800
43 0 119 0 0 48900
43 0 119 0 0 49000
43 0 119 0 0 49100
43 0 119 0 0 49200
43 0 119 0 0 49300
43 0 119 0 0 49400
43 0 119 0 0 49500
43 0 119 0 0 49600
43 0 119 0 0 49700
43 0 119 0 0 49800
44 0 119 0 0 49900
1 0 0 0 0 0
1 0 0 0 0 100
1 0 0 0 0 200
2 0 0 0 0 300
3 0 0 0 0 400
4 0 0 0 0 500
4 0 0 0 0 600
4 0 0 0 0 700
4 0 0 0 0 800
4 0 0 0 0 900
4 0 0 0 0 1000
4 0 0 0 0 1100
4 0 0 0 0 1200
4 0 0 0 0 1300
4 0 0 0 0 1400
4 0 1 0 0 1500
4 0 2 0 0 1600
4 0 2 0 0 1700
4 0 2 0 0 1800
4 0 2 0 0 1900
4 0 2 0 0 2000
4 0 5 0 0 2100
4 0 5 0 0 2200
4 0 5 0 0 2300
4 0 8 0 0 2400
4 0 9 0 0 2500
4 0 10 0 0 2600
4 0 10 0 0 2700
4 0 10 0 0 2800
5 0 12 0 0 2900
6 0 12 0 0 3000
6 0 12 0 0 3100
6 0 13 0 0 3200
6 0 14 0 0 3300
6 0 14 0 0 3400
7 0 14 0 0 3500
7 0 15 0 0 3600
7 0 16 0 0 3700
7 0 16 0 0 3800
7 0 17 0 0 3900
7 0 17 0 0 4000
7 0 18 0 0 4100
7 0 18 0 0 4200
7 0 18 0 0 4300
7 0 18 0 0 4400
7 0 18 0 0 4500
7 0 18 0 0 4600
8 0 18 0 0 4700
9 0 18 0 0 4800
9 0 18 0 0 4900
9 0 18 0 0 5000
9 0 18 0 0 5100
10 0 18 0 0 5200
10 0 18 0 0 5300
10 0 19 0 0 5400
10 0 19 0 0 5500
10 0 20 0 0 5600
10 0 20 0 0 5700
10 0 21 0 0 5800
10 0 22 0 0 5900
10 0 22 0 0 6000
10 0 23 0 0 6100
10 0 23 0 0 6200
10 0 25 0 0 6300
10 0 25 0 0 6400
10 0 25 0 0 6500
10 0 26 0 0 6600
10 0 27 0 0 6700
10 0 27 0 0 6800
10 0 27 0 0 6900
10 0 27 0 0 7000
12 0 27 0 0 7100
12 0 29 0 0 7200
12 0 29 0 0 7300
13 0 29 0 0 7400
13 0 29 0 0 7500
13 0 29 0 0 7600
14 0 30 0 0 7700
14 0 31 0 0 7800
14 0 31 0 0 7900
15 0 31 0 0 8000
15 0 31 0 0 8100
15 0 31 0 0 8200
15 0 31 0 0 8300
15 0 31 0 0 8400
15 0 31 0 0 8500
15 0 31 0 0 8600
15 0 31 0 0 8700
16 0 31 0 0 8800
16 0 31 0 0 8900
17 0 32 0 0 9000
17 0 33 0 0 9100
17 0 33 0 0 9200
17 0 34 0 0 9300
17 0 34 0 0 9400
17 0 35 0 0 9500
17 0 36 0 0 9600
17 0 36 0 0 9700
17 0 36 0 0 9800
17 0 36 0 0 9900
17 0 36 0 0 10000
17 0 37 0 0 10100
17 0 37 0 0 10200
17 0 37 0 0 10300
17 0 37 0 0 10400
17 0 37 0 0 10500
17 0 37 0 0 10600
17 0 37 0 0 10700
17 0 37 0 0 10800
17 0 37 0 0 10900
17 0 37 0 0 11000
17 0 37 0 0 11100
17 0 37 0 0 11200
17 0 37 0 0 11300
17 0 37 0 0 11400
17 0 37 0 0 11500
17 0 38 0 0 11600
17 0 38 0 0 11700
17 0 38 0 0 11800
17 0 38 0 0 11900
17 0 38 0 0 12000
17 0 38 0 0 12100
17 0 38 0 0 12200
18 0 38 0 0 12300
18 0 38 0 0 12400
18 0 38 0 0 12500
18 0 38 0 0 12600
18 0 38 0 0 12700
18 0 38 0 0 12800
18 0 38 0 0 12900
18 0 38 0 0 13000
18 0 38 0 0 13100
18 0 39 0 0 13200
18 0 39 0 0 13300
19 0 39 0 0 13400
20 0 39 0 0 13500
20 0 40 0 0 13600
20 0 41 0 0 13700
20 0 41 0 0 13800
20 0 41 0 0 13900
20 0 42 0 0 14000
20 0 42 0 0 14100
20 0 43 0 0 14200
20 0 45 0 0 14300
20 0 45 0 0 14400
20 0 45 0 0 14500
20 0 45 0 0 14600
20 0 45 0 0 14700
20 0 46 0 0 14800
20 0 46 0 0 14900
20 0 46 0 0 15000
21 0 46 0 0 15100
21 0 47 0 0 15200
21 0 47 0 0 15300
21 0 47 0 0 15400
21 0 47 0 0 15500
21 0 47 0 0 15600
22 0 47 0 0 15700
22 0 47 0 0 15800
22 0 47 0 0 15900
22 0 47 0 0 16000
22 0 48 0 0 16100
22 0 48 0 0 16200
23 0 48 0 0 16300
23 0 48 0 0 16400
23 0 48 0 0 16500
23 0 49 0 0 16600
23 0 50 0 0 16700
23 0 50 0 0 16800
23 0 52 0 0 16900
23 0 52 0 0 17000
23 0 53 0 0 17100
24 0 53 0 0 17200
24 0 53 0 0 17300
24 0 54 0 0 17400
24 0 54 0 0 17500
24 0 54 0 0 17600
24 0 54 0 0 17700
24 0 55 0 0 17800
24 0 55 0 0 17900
24 0 55 0 0 18000
24 0 55 0 0 18100
24 0 55 0 0 18200
24 0 56 0 0 18300
24 0 56 0 0 18400
24 0 56 0 0 18500
24 0 56 0 0 18600
24 0 56 0 0 18700
24 0 56 0 0 18800
26 0 56 0 0 18900
26 0 56 0 0 19000
26 0 57 0 0 19100
26 0 58 0 0 19200
26 0 58 0 0 19300
26 0 59 0 0 19400
26 0 60 0 0 19500
26 0 60 0 0 19600
26 0 60 0 0 19700
26 0 60 0 0 19800
26 0 61 0 0 19900
26 0 62 0 0 20000
26 0 62 0 0 20100
26 0 63 0 0 20200
26 0 63 0 0 20300
26 0 66 0 0 20400
26 0 67 0 0 20500
26 0 67 0 0 20600
26 0 67 0 0 20700
26 0 67 0 0 20800
26 0 69 0 0 20900
26 0 70 0 0 21000
26 0 70 0 0 21100
26 0 70 0 0 21200
26 0 71 0 0 21300
26 0 72 0 0 21400
27 0 72 0 0 21500
28 0 72 0 0 21600
28 0 73 0 0 21700
28 0 73 0 0 21800
28 0 73 0 0 21900
28 0 74 0 0 22000
28 0 75 0 0 22100
29 0 75 0 0 22200
30 0 75 0 0 22300
30 0 75 0 0 22400
30 0 76 0 0 22500
30 0 76 0 0 22600
30 0 76 0 0 22700
31 0 76 0 0 22800
31 0 76 0 0 22900
31 0 77 0 0 23000
31 0 77 0 0 23100
31 0 78 0 0 23200
31 0 78 0 0 23300
31 0 81 0 0 23400
31 0 84 0 0 23500
31 0 84 0 0 23600
31 0 85 0 0 23700
31 0 86 0 0 23800
31 0 87 0 0 23900
31 0 87 0 0 24000
32 0 89 0 0 24100
32 0 91 0 0 24200
32 0 91 0 0 24300
32 0 91 0 0 24400
32 0 91 0 0 24500
32 0 91 0 0 24600
32 0 92 0 0 24700
32 0 93 0 0 24800
32 0 93 0 0 24900
32 0 93 0 0 25000
32 0 93 0 0 25100
32 0 94 0 0 25200
32 0 94 0 0 25300
32 0 96 0 0 25400
32 0 96 0 0 25500
32 0 96 0 0 25600
32 0 97 0 0 25700
32 0 97 0 0 25800
32 0 98 0 0 25900
32 0 99 0 0 26000
32 0 100 0 0 26100
32 0 101 0 0 26200
32 0 101 0 0 26300
32 0 101 0 0 26400
32 0 102 0 0 26500
32 0 102 0 0 26600
32 0 103 0 0 26700
32 0 104 0 0 26800
32 0 104 0 0 26900
32 0 105 0 0 27000
32 0 105 0 0 27100
32 0 105 0 0 27200
32 0 106 0 0 27300
32 0 107 0 0 27400
32 0 107 0 0 27500
32 0 107 0 0 27600
32 0 107 0 0 27700
32 0 108 0 0 27800
32 0 108 0 0 27900
32 0 109 0 0 28000
32 0 109 0 0 28100
32 0 111 0 0 28200
32 0 111 0 0 28300
32 0 112 0 0 28400
32 0 112 0 0 28500
32 0 112 0 0 28600
32 0 113 0 0 28700
32 0 113 0 0 28800
32 0 114 0 0 28900
33 0 114 0 0 29000
33 0 115 0 0 29100
33 0 116 0 0 29200
33 0 116 0 0 29300
33 0 116 0 0 29400
33 0 117 0 0 29500
33 0 118 0 0 29600
34 0 119 0 0 29700
34 0 119 0 0 29800
34 0 119 0 0 29900
34 0 119 0 0 30000
34 0 120 0 0 30100
34 0 121 0 0 30200
34 0 122 0 0 30300
34 0 123 0 0 30400
34 0 125 0 0 30500
34 0 125 0 0 30600
34 0 125 0 0 30700
34 0 126 0 0 30800
34 0 126 0 0 30900
34 0 126 0 0 31000
34 0 127 0 0 31100
34 0 128 0 0 31200
34 0 130 0 0 31300
34 0 130 0 0 31400
34 0 131 0 0 31500
34 0 131 0 0 31600
34 0 131 0 0 31700
34 0 133 0 0 31800
34 0 133 0 0 31900
34 0 134 0 0 32000
34 0 135 0 0 32100
34 0 136 0 0 32200
34 0 137 0 0 32300
35 0 137 0 0 32400
35 0 138 0 0 32500
35 0 138 0 0 32600
35 0 138 0 0 32700
35 0 138 0 0 32800
35 0 138 0 0 32900
35 0 139 0 0 33000
35 0 139 0 0 33100
35 0 140 0 0 33200
35 0 140 0 0 33300
35 0 141 0 0 33400
35 0 142 0 0 33500
35 0 143 0 0 33600
35 0 144 0 0 33700
35 0 146 0 0 33800
35 0 147 0 0 33900
35 0 147 0 0 34000
35 0 149 0 0 34100
35 0 150 0 0 34200
35 0 151 0 0 34300
35 0 154 0 0 34400
35 0 154 0 0 34500
35 0 155 0 0 34600
36 0 155 0 0 34700
36 0 156 0 0 34800
36 0 157 0 0 34900
36 0 157 0 0 35000
36 0 158 0 0 35100
37 0 158 0 0 35200
37 0 159 0 0 35300
37 0 161 0 0 35400
37 0 162 0 0 35500
37 0 163 0 0 35600
37 0 165 0 0 35700
37 0 165 0 0 35800
37 0 165 0 0 35900
37 0 166 0 0 36000
37 0 167 0 0 36100
37 0 167 0 0 36200
37 0 167 0 0 36300
37 0 167 0 0 36400
37 0 167 0 0 36500
37 0 170 0 0 36600
37 0 170 0 0 36700
37 0 171 0 0 36800
37 0 172 0 0 36900
37 0 172 0 0 37000
37 0 174 0 0 37100
37 0 175 0 0 37200
37 0 175 0 0 37300
37 0 177 0 0 37400
37 0 180 0 0 37500
38 0 181 0 0 37600
38 0 181 0 0 37700
38 0 181 0 0 37800
38 0 183 0 0 37900
38 0 184 0 0 38000
38 0 185 0 0 38100
39 0 186 0 0 38200
39 0 186 0 0 38300
39 0 186 0 0 38400
39 0 190 0 0 38500
39 0 190 0 0 38600
40 0 190 0 0 38700
40 0 191 0 0 38800
40 0 191 0 0 38900
40 0 191 0 0 39000
40 0 191 0 0 39100
40 0 191 0 0 39200
40 0 192 0 0 39300
40 0 192 0 0 39400
40 0 192 0 0 39500
40 0 192 0 0 39600
40 0 192 0 0 39700
40 0 192 0 0 39800
40 0 192 0 0 39900
40 0 192 0 0 40000
40 0 192 0 0 40100
40 0 192 0 0 40200
40 0 192 0 0 40300
40 0 193 0 0 40400
40 0 193 0 0 40500
40 0 193 0 0 40600
40 0 194 0 0 40700
40 0 195 0 0 40800
40 0 196 0 0 40900
40 0 196 0 0 41000
40 0 196 0 0 41100
40 0 197 0 0 41200
40 0 197 0 0 41300
41 0 197 0 0 41400
41 0 197 0 0 41500
42 0 197 0 0 41600
42 0 197 0 0 41700
42 0 197 0 0 41800
42 0 197 0 0 41900
42 0 197 0 0 42000
42 0 197 0 0 42100
43 0 197 0 0 42200
43 0 197 0 0 42300
44 0 199 0 0 42400
44 0 199 0 0 42500
44 0 199 0 0 42600
44 0 200 0 0 42700
44 0 200 0 0 42800
44 0 200 0 0 42900
44 0 201 0 0 43000
44 0 201 0 0 43100
44 0 201 0 0 43200
44 0 201 0 0 43300
44 0 201 0 0 43400
44 0 201 0 0 43500
44 0 201 0 0 43600
44 0 201 0 0 43700
44 0 202 0 0 43800
44 0 203 0 0 43900
44 0 203 0 0 44000
44 0 204 0 0 44100
44 0 204 0 0 44200
44 0 205 0 0 44300
44 0 205 0 0 44400
44 0 205 0 0 44500
44 0 205 0 0 44600
44 0 205 0 0 44700
44 0 205 0 0 44800
44 0 205 0 0 44900
44 0 205 0 0 45000
44 0 205 0 0 45100
44 0 205 0 0 45200
44 0 205 0 0 45300
44 0 205 0 0 45400
44 0 205 0 0 45500
44 0 205 0 0 45600
45 0 205 0 0 45700
45 0 205 0 0 45800
45 0 205 0 0 45900
46 0 206 0 0 46000
46 0 206 0 0 46100
46 0 206 0 0 46200
46 0 206 0 0 46300
46 0 206 0 0 46400
46 0 206 0 0 46500
46 0 206 0 0 46600
46 0 206 0 0 46700
46 0 206 0 0 46800
46 0 206 0 0 46900
46 0 207 0 0 47000
46 0 208 0 0 47100
46 0 208 0 0 47200
46 0 208 0 0 47300
46 0 208 0 0 47400
46 0 209 0 0 47500
46 0 209 0 0 47600
46 0 210 0 0 47700
46 0 210 0 0 47800
46 0 210 0 0 47900
46 0 210 0 0 48000
46 0 210 0 0 48100
46 0 210 0 0 48200
46 0 210 0 0 48300
46 0 210 0 0 48400
46 0 210 0 0 48500
46 0 210 0 0 48600
46 0 210 0 0 48700
46 0 210 0 0 48800
47 0 210 0 0 48900
47 0 210 0 0 49000
47 0 210 0 0 49100
47 0 210 0 0 49200
47 0 210 0 0 49300
47 0 211 0 0 49400
47 0 211 0 0 49500
47 0 211 0 0 49600
47 0 211 0 0 49700
47 0 211 0 0 49800
47 0 211 0 0 49900
2 0 0 0 0 0
2 0 0 0 0 100
2 0 0 0 0 200
3 0 0 0 0 300
3 0 0 0 0 400
3 0 0 0 0 500
3 0 0 0 0 600
3 0 0 0 0 700
4 0 0 0 0 800
4 0 0 0 0 900
4 0 0 0 0 1000
4 0 0 0 0 1100
4 0 0 0 0 1200
4 0 0 0 0 1300
5 0 0 0 0 1400
5 0 0 0 0 1500
5 0 0 0 0 1600
5 0 1 0 0 1700
5 0 1 0 0 1800
5 0 1 0 0 1900
5 0 2 0 0 2000
5 0 2 0 0 2100
5 0 3 0 0 2200
6 0 3 0 0 2300
6 0 4 0 0 2400
6 0 4 0 0 2500
6 0 4 0 0 2600
6 0 5 0 0 2700
6 0 6 0 0 2800
6 0 6 0 0 2900
6 0 7 0 0 3000
6 0 8 0 0 3100
6 0 9 0 0 3200
6 0 10 0 0 3300
6 0 10 0 0 3400
7 0 13 0 0 3500
7 0 13 0 0 3600
7 0 13 0 0 3700
7 0 13 0 0 3800
7 0 13 0 0 3900
7 0 15 0 0 4000
7 0 18 0 0 4100
7 0 20 0 0 4200
7 0 23 0 0 4300
7 0 23 0 0 4400
7 0 25 0 0 4500
9 0 25 0 0 4600
9 0 26 0 0 4700
9 0 28 0 0 4800
9 0 28 0 0 4900
9 0 29 0 0 5000
9 0 30 0 0 5100
9 0 33 0 0 5200
9 0 35 0 0 5300
9 0 38 0 0 5400
9 0 38 0 0 5500
9 0 38 0 0 5600
9 0 39 0 0 5700
10 0 40 0 0 5800
11 0 40 0 0 5900
11 0 40 0 0 6000
11 0 41 0 0 6100
13 0 41 0 0 6200
14 0 41 0 0 6300
15 0 42 0 0 6400
15 0 42 0 0 6500
15 0 44 0 0 6600
16 0 45 0 0 6700
16 0 47 0 0 6800
16 0 48 0 0 6900
16 0 49 0 0 7000
16 0 49 0 0 7100
16 0 50 0 0 7200
16 0 50 0 0 7300
16 0 50 0 0 7400
16 0 50 0 0 7500
16 0 50 0 0 7600
16 0 50 0 0 7700
16 0 50 0 0 7800
16 0 50 0 0 7900
16 0 51 0 0 8000
16 0 52 0 0 8100
16 0 52 0 0 8200
16 0 53 0 0 8300
16 0 53 0 0 8400
16 0 54 0 0 8500
16 0 54 0 0 8600
17 0 55 0 0 8700
17 0 56 0 0 8800
17 0 57 0 0 8900
17 0 58 0 0 9000
17 0 59 0 0 9100
17 0 60 0 0 9200
17 0 61 0 0 9300
17 0 62 0 0 9400
17 0 63 0 0 9500
17 0 63 0 0 9600
17 0 63 0 0 9700
17 0 63 0 0 9800
17 0 65 0 0 9900
17 0 67 0 0 10000
17 0 67 0 0 10100
17 0 68 0 0 10200
17 0 68 0 0 10300
17 0 68 0 0 10400
18 0 68 0 0 10500
18 0 68 0 0 10600
18 0 68 0 0 10700
19 0 68 0 0 10800
19 0 68 0 0 10900
19 0 68 0 0 11000
19 0 68 0 0 11100
22 0 68 0 0 11200
23 0 68 0 0 11300
23 0 68 0 0 11400
23 0 68 0 0 11500
23 0 68 0 0 11600
24 0 69 0 0 11700
24 0 69 0 0 11800
24 0 69 0 0 11900
24 0 69 0 0 12000
24 0 70 0 0 12100
24 0 70 0 0 12200
25 0 70 0 0 12300
25 0 71 0 0 12400
25 0 71 0 0 12500
25 0 71 0 0 12600
25 0 72 0 0 12700
25 0 72 0 0 12800
25 0 72 0 0 12900
25 0 73 0 0 13000
25 0 73 0 0 13100
25 0 73 0 0 13200
26 0 73 0 0 13300
26 0 74 0 0 13400
26 0 74 0 0 13500
27 0 75 0 0 13600
28 0 76 0 0 13700
28 0 77 0 0 13800
28 0 79 0 0 13900
28 0 79 0 0 14000
28 0 81 0 0 14100
28 0 83 0 0 14200
28 0 83 0 0 14300
28 0 84 0 0 14400
28 0 85 0 0 14500
28 0 86 0 0 14600
29 0 87 0 0 14700
29 0 87 0 0 14800
30 0 87 0 0 14900
32 0 88 0 0 15000
32 0 89 0 0 15100
32 0 90 0 0 15200
32 0 91 0 0 15300
32 0 91 0 0 15400
32 0 91 0 0 15500
32 0 92 0 0 15600
32 0 92 0 0 15700
33 0 92 0 0 15800
33 0 92 0 0 15900
33 0 93 0 0 16000
33 0 93 0 0 16100
33 0 93 0 0 16200
34 0 94 0 0 16300
34 0 95 0 0 16400
34 0 96 0 0 16500
34 0 96 0 0 16600
34 0 99 0 0 16700
34 0 99 0 0 16800
34 0 99 0 0 16900
34 0 99 0 0 17000
34 0 99 0 0 17100
34 0 99 0 0 17200
35 0 99 0 0 17300
35 0 99 0 0 17400
35 0 100 0 0 17500
36 0 100 0 0 17600
36 0 101 0 0 17700
36 0 101 0 0 17800
36 0 102 0 0 17900
36 0 103 0 0 18000
36 0 103 0 0 18100
36 0 103 0 0 18200
36 0 104 0 0 18300
36 0 104 0 0 18400
36 0 104 0 0 18500
36 0 104 0 0 18600
36 0 104 0 0 18700
36 0 104 0 0 18800
36 0 104 0 0 18900
36 0 105 0 0 19000
36 0 105 0 0 19100
37 0 105 0 0 19200
37 0 105 0 0 19300
38 0 105 0 0 19400
38 0 106 0 0 19500
38 0 106 0 0 19600
38 0 106 0 0 19700
38 0 106 0 0 19800
38 0 106 0 0 19900
38 0 106 0 0 20000
38 0 106 0 0 20100
38 0 106 0 0 20200
38 0 107 0 0 20300
38 0 107 0 0 20400
38 0 108 0 0 20500
38 0 108 0 0 20600
38 0 109 0 0 20700
38 0 109 0 0 20800
38 0 109 0 0 20900
38 0 110 0 0 21000
38 0 110 0 0 21100
38 0 111 0 0 21200
39 0 111 0 0 21300
39 0 111 0 0 21400
39 0 111 0 0 21500
39 0 112 0 0 21600
39 0 112 0 0 21700
39 0 112 0 0 21800
39 0 112 0 0 21900
39 0 112 0 0 22000
39 0 113 0 0 22100
39 0 113 0 0 22200
39 0 114 0 0 22300
39 0 114 0 0 22400
39 0 114 0 0 22500
39 0 114 0 0 22600
39 0 114 0 0 22700
39 0 115 0 0 22800
39 0 117 0 0 22900
39 0 117 0 0 23000
39 0 117 0 0 23100
40 0 117 0 0 23200
40 0 117 0 0 23300
40 0 117 0 0 23400
41 0 117 0 0 23500
43 0 118 0 0 23600
44 0 118 0 0 23700
44 0 118 0 0 23800
44 0 120 0 0 23900
44 0 120 0 0 24000
44 0 120 0 0 24100
45 0 120 0 0 24200
45 0 121 0 0 24300
45 0 122 0 0 24400
45 0 122 0 0 24500
45 0 123 0 0 24600
45 0 123 0 0 24700
45 0 125 0 0 24800
45 0 126 0 0 24900
45 0 127 0 0 25000
45 0 128 0 0 25100
45 0 129 0 0 25200
45 0 131 0 0 25300
45 0 132 0 0 25400
46 0 132 0 0 25500
46 0 132 0 0 25600
46 0 132 0 0 25700
46 0 132 0 0 25800
46 0 132 0 0 25900
46 0 133 0 0 26000
46 0 133 0 0 26100
46 0 133 0 0 26200
46 0 133 0 0 26300
46 0 134 0 0 26400
47 0 134 0 0 26500
47 0 135 0 0 26600
47 0 135 0 0 26700
47 0 135 0 0 26800
47 0 135 0 0 26900
47 0 135 0 0 27000
47 0 135 0 0 27100
47 0 135 0 0 27200
47 0 135 0 0 27300
47 0 135 0 0 27400
47 0 135 0 0 27500
47 0 135 0 0 27600
47 0 135 0 0 27700
47 0 135 0 0 27800
47 0 135 0 0 27900
47 0 135 0 0 28000
47 0 135 0 0 28100
47 0 135 0 0 28200
47 0 135 0 0 28300
47 0 136 0 0 28400
47 0 136 0 0 28500
47 0 136 0 0 28600
47 0 136 0 0 28700
47 0 137 0 0 28800
47 0 137 0 0 28900
47 0 137 0 0 29000
47 0 138 0 0 29100
47 0 138 0 0 29200
47 0 138 0 0 29300
47 0 139 0 0 29400
48 0 139 0 0 29500
48 0 139 0 0 29600
48 0 139 0 0 29700
48 0 140 0 0 29800
48 0 140 0 0 29900
48 0 140 0 0 30000
48 0 140 0 0 30100
48 0 141 0 0 30200
48 0 141 0 0 30300
48 0 141 0 0 30400
48 0 142 0 0 30500
48 0 142 0 0 30600
48 0 143 0 0 30700
48 0 143 0 0 30800
48 0 143 0 0 30900
48 0 144 0 0 31000
48 0 144 0 0 31100
48 0 144 0 0 31200
48 0 144 0 0 31300
48 0 144 0 0 31400
48 0 144 0 0 31500
48 0 144 0 0 31600
48 0 144 0 0 31700
48 0 144 0 0 31800
48 0 144 0 0 31900
48 0 145 0 0 32000
48 0 145 0 0 32100
48 0 145 0 0 32200
48 0 145 0 0 32300
48 0 145 0 0 32400
48 0 145 0 0 32500
48 0 145 0 0 32600
49 0 145 0 0 32700
49 0 145 0 0 32800
49 0 145 0 0 32900
49 0 146 0 0 33000
49 0 146 0 0 33100
49 0 147 0 0 33200
49 0 147 0 0 33300
50 0 147 0 0 33400
51 0 149 0 0 33500
51 0 149 0 0 33600
51 0 150 0 0 33700
51 0 151 0 0 33800
51 0 151 0 0 33900
51 0 151 0 0 34000
51 0 151 0 0 34100
51 0 151 0 0 34200
51 0 154 0 0 34300
51 0 155 0 0 34400
51 0 155 0 0 34500
51 0 157 0 0 34600
51 0 158 0 0 34700
51 0 158 0 0 34800
51 0 158 0 0 34900
52 0 158 0 0 35000
53 0 158 0 0 35100
53 0 159 0 0 35200
54 0 159 0 0 35300
55 0 159 0 0 35400
56 0 159 0 0 35500
57 0 159 0 0 35600
58 0 159 0 0 35700
58 0 159 0 0 35800
58 0 159 0 0 35900
58 0 160 0 0 36000
58 0 160 0 0 36100
58 0 160 0 0 36200
59 0 160 0 0 36300
59 0 160 0 0 36400
59 0 160 0 0 36500
59 0 160 0 0 36600
60 0 160 0 0 36700
60 0 160 0 0 36800
60 0 160 0 0 36900
61 0 160 0 0 37000
61 0 160 0 0 37100
61 0 160 0 0 37200
61 0 161 0 0 37300
61 0 161 0 0 37400
61 0 161 0 0 37500
61 0 161 0 0 37600
61 0 161 0 0 37700
62 0 161 0 0 37800
62 0 161 0 0 37900
63 0 161 0 0 38000
63 0 162 0 0 38100
63 0 162 0 0 38200
63 0 162 0 0 38300
63 0 162 0 0 38400
63 0 162 0 0 38500
63 0 162 0 0 38600
63 0 163 0 0 38700
63 0 163 0 0 38800
63 0 163 0 0 38900
63 0 163 0 0 39000
63 0 163 0 0 39100
63 0 163 0 0 39200
63 0 164 0 0 39300
63 0 164 0 0 39400
63 0 164 0 0 39500
63 0 165 0 0 39600
63 0 165 0 0 39700
63 0 165 0 0 39800
63 0 165 0 0 39900
63 0 165 0 0 40000
63 0 167 0 0 40100
63 0 167 0 0 40200
63 0 167 0 0 40300
64 0 167 0 0 40400
64 0 167 0 0 40500
64 0 167 0 0 40600
64 0 168 0 0 40700
64 0 168 0 0 40800
64 0 168 0 0 40900
64 0 170 0 0 41000
65 0 171 0 0 41100
65 0 171 0 0 41200
65 0 172 0 0 41300
65 0 172 0 0 41400
66 0 172 0 0 41500
66 0 172 0 0 41600
66 0 172 0 0 41700
67 0 172 0 0 41800
67 0 172 0 0 41900
67 0 172 0 0 42000
67 0 172 0 0 42100
68 0 173 0 0 42200
68 0 175 0 0 42300
68 0 176 0 0 42400
68 0 177 0 0 42500
68 0 178 0 0 42600
68 0 179 0 0 42700
68 0 180 0 0 42800
68 0 180 0 0 42900
68 0 181 0 0 43000
68 0 181 0 0 43100
68 0 181 0 0 43200
68 0 181 0 0 43300
68 0 181 0 0 43400
68 0 181 0 0 43500
68 0 182 0 0 43600
68 0 182 0 0 43700
68 0 182 0 0 43800
68 0 182 0 0 43900
68 0 182 0 0 44000
68 0 182 0 0 44100
68 0 182 0 0 44200
68 0 182 0 0 44300
68 0 182 0 0 44400
69 0 182 0 0 44500
70 0 182 0 0 44600
70 0 182 0 0 44700
70 0 182 0 0 44800
70 0 182 0 0 44900
70 0 182 0 0 45000
70 0 182 0 0 45100
70 0 182 0 0 45200
70 0 182 0 0 45300
70 0 182 0 0 45400
70 0 182 0 0 45500
70 0 183 0 0 45600
70 0 183 0 0 45700
70 0 184 0 0 45800
70 0 184 0 0 45900
70 0 184 0 0 46000
70 0 184 0 0 46100
70 0 184 0 0 46200
70 0 185 0 0 46300
70 0 185 0 0 46400
70 0 186 0 0 46500
70 0 186 0 0 46600
70 0 186 0 0 46700
70 0 186 0 0 46800
70 0 186 0 0 46900
70 0 186 0 0 47000
70 0 186 0 0 47100
70 0 186 0 0 47200
70 0 187 0 0 47300
70 0 187 0 0 47400
70 0 187 0 0 47500
70 0 188 0 0 47600
70 0 188 0 0 47700
70 0 188 0 0 47800
70 0 188 0 0 47900
70 0 188 0 0 48000
70 0 188 0 0 48100
70 0 188 0 0 48200
70 0 188 0 0 48300
70 0 188 0 0 48400
70 0 188 0 0 48500
71 0 188 0 0 48600
72 0 188 0 0 48700
72 0 188 0 0 48800
72 0 188 0 0 48900
72 0 188 0 0 49000
72 0 189 0 0 49100
72 0 189 0 0 49200
72 0 189 0 0 49300
72 0 189 0 0 49400
72 0 189 0 0 49500
72 0 189 0 0 49600
72 0 189 0 0 49700
72 0 189 0 0 49800
72 0 189 0 0 49900
1 0 0 0 0 0
1 0 0 0 0 100
2 0 0 0 0 200
4 0 0 0 0 300
5 0 0 0 0 400
5 0 0 0 0 500
5 0 0 0 0 600
5 0 0 0 0 700
6 0 0 0 0 800
7 0 0 0 0 900
8 0 0 0 0 1000
8 0 0 0 0 1100
8 0 0 0 0 1200
8 0 0 0 0 1300
8 0 0 0 0 1400
8 0 1 0 0 1500
8 0 2 0 0 1600
8 0 2 0 0 1700
8 0 4 0 0 1800
8 0 4 0 0 1900
8 0 5 0 0 2000
8 0 5 0 0 2100
8 0 5 0 0 2200
8 0 7 0 0 2300
8 0 8 0 0 2400
8 0 9 0 0 2500
8 0 10 0 0 2600
8 0 10 0 0 2700
8 0 10 0 0 2800
8 0 10 0 0 2900
8 0 10 0 0 3000
8 0 11 0 0 3100
9 0 12 0 0 3200
9 0 12 0 0 3300
9 0 12 0 0 3400
9 0 13 0 0 3500
9 0 14 0 0 3600
9 0 15 0 0 3700
11 0 17 0 0 3800
11 0 18 0 0 3900
12 0 18 0 0 4000
12 0 21 0 0 4100
12 0 21 0 0 4200
12 0 21 0 0 4300
12 0 21 0 0 4400
12 0 21 0 0 4500
12 0 21 0 0 4600
12 0 21 0 0 4700
12 0 21 0 0 4800
13 0 21 0 0 4900
13 0 21 0 0 5000
13 0 22 0 0 5100
14 0 22 0 0 5200
15 0 22 0 0 5300
15 0 22 0 0 5400
16 0 25 0 0 5500
16 0 26 0 0 5600
16 0 26 0 0 5700
16 0 27 0 0 5800
16 0 28 0 0 5900
16 0 28 0 0 6000
17 0 29 0 0 6100
18 0 29 0 0 6200
18 0 29 0 0 6300
18 0 31 0 0 6400
18 0 32 0 0 6500
19 0 32 0 0 6600
19 0 33 0 0 6700
19 0 33 0 0 6800
20 0 33 0 0 6900
20 0 35 0 0 7000
20 0 36 0 0 7100
20 0 36 0 0 7200
20 0 37 0 0 7300
21 0 37 0 0 7400
21 0 38 0 0 7500
21 0 39 0 0 7600
22 0 39 0 0 7700
22 0 39 0 0 7800
22 0 39 0 0 7900
22 0 39 0 0 8000
22 0 40 0 0 8100
23 0 40 0 0 8200
23 0 40 0 0 8300
23 0 41 0 0 8400
23 0 41 0 0 8500
23 0 41 0 0 8600
23 0 43 0 0 8700
23 0 44 0 0 8800
23 0 45 0 0 8900
23 0 45 0 0 9000
23 0 45 0 0 9100
23 0 45 0 0 9200
23 0 45 0 0 9300
23 0 46 0 0 9400
23 0 46 0 0 9500
23 0 47 0 0 9600
23 0 49 0 0 9700
23 0 49 0 0 9800
23 0 49 0 0 9900
23 0 49 0 0 10000
23 0 49 0 0 10100
23 0 49 0 0 10200
24 0 49 0 0 10300
24 0 49 0 0 10400
24 0 50 0 0 10500
25 0 50 0 0 10600
25 0 50 0 0 10700
25 0 50 0 0 10800
25 0 50 0 0 10900
25 0 50 0 0 11000
26 0 50 0 0 11100
26 0 51 0 0 11200
26 0 52 0 0 11300
27 0 52 0 0 11400
27 0 52 0 0 11500
27 0 52 0 0 11600
27 0 52 0 0 11700
27 0 52 0 0 11800
27 0 52 0 0 11900
27 0 53 0 0 12000
27 0 53 0 0 12100
27 0 53 0 0 12200
29 0 54 0 0 12300
29 0 55 0 0 12400
29 0 56 0 0 12500
29 0 56 0 0 12600
29 0 56 0 0 12700
29 0 56 0 0 12800
29 0 56 0 0 12900
29 0 56 0 0 13000
29 0 57 0 0 13100
30 0 57 0 0 13200
31 0 57 0 0 13300
31 0 59 0 0 13400
31 0 59 0 0 13500
31 0 60 0 0 13600
31 0 62 0 0 13700
31 0 62 0 0 13800
31 0 63 0 0 13900
31 0 64 0 0 14000
31 0 64 0 0 14100
31 0 64 0 0 14200
31 0 65 0 0 14300
31 0 65 0 0 14400
31 0 65 0 0 14500
31 0 65 0 0 14600
31 0 65 0 0 14700
31 0 66 0 0 14800
31 0 66 0 0 14900
31 0 66 0 0 15000
31 0 67 0 0 15100
32 0 69 0 0 15200
32 0 69 0 0 15300
32 0 70 0 0 15400
32 0 71 0 0 15500
32 0 71 0 0 15600
33 0 71 0 0 15700
33 0 72 0 0 15800
33 0 72 0 0 15900
33 0 73 0 0 16000
33 0 73 0 0 16100
33 0 73 0 0 16200
33 0 74 0 0 16300
33 0 74 0 0 16400
33 0 75 0 0 16500
33 0 75 0 0 16600
33 0 76 0 0 16700
33 0 77 0 0 16800
33 0 77 0 0 16900
33 0 78 0 0 17000
33 0 79 0 0 17100
33 0 81 0 0 17200
33 0 81 0 0 17300
34 0 82 0 0 17400
34 0 83 0 0 17500
35 0 83 0 0 17600
35 0 85 0 0 17700
35 0 85 0 0 17800
35 0 86 0 0 17900
35 0 86 0 0 18000
35 0 86 0 0 18100
35 0 87 0 0 18200
35 0 87 0 0 18300
35 0 87 0 0 18400
35 0 87 0 0 18500
35 0 88 0 0 18600
35 0 89 0 0 18700
35 0 89 0 0 18800
35 0 89 0 0 18900
35 0 89 0 0 19000
36 0 89 0 0 19100
36 0 89 0 0 19200
36 0 89 0 0 19300
36 0 89 0 0 19400
36 0 89 0 0 19500
36 0 89 0 0 19600
37 0 89 0 0 19700
37 0 89 0 0 19800
37 0 89 0 0 19900
37 0 89 0 0 20000
37 0 89 0 0 20100
38 0 89 0 0 20200
38 0 89 0 0 20300
38 0 89 0 0 20400
39 0 89 0 0 20500
39 0 89 0 0 20600
39 0 89 0 0 20700
40 0 89 0 0 20800
42 0 90 0 0 20900
43 0 91 0 0 21000
43 0 92 0 0 21100
43 0 92 0 0 21200
43 0 92 0 0 21300
43 0 92 0 0 21400
43 0 93 0 0 21500
44 0 93 0 0 21600
46 0 93 0 0 21700
46 0 93 0 0 21800
46 0 94 0 0 21900
46 0 94 0 0 22000
46 0 94 0 0 22100
46 0 94 0 0 22200
47 0 94 0 0 22300
47 0 94 0 0 22400
47 0 94 0 0 22500
47 0 94 0 0 22600
47 0 95 0 0 22700
48 0 96 0 0 22800
48 0 96 0 0 22900
48 0 96 0 0 23000
48 0 96 0 0 23100
48 0 98 0 0 23200
48 0 98 0 0 23300
48 0 98 0 0 23400
48 0 99 0 0 23500
48 0 99 0 0 23600
48 0 99 0 0 23700
48 0 99 0 0 23800
48 0 100 0 0 23900
48 0 100 0 0 24000
48 0 100 0 0 24100
48 0 100 0 0 24200
49 0 102 0 0 24300
49 0 103 0 0 24400
49 0 103 0 0 24500
50 0 103 0 0 24600
51 0 104 0 0 24700
51 0 106 0 0 24800
51 0 106 0 0 24900
52 0 106 0 0 25000
53 0 108 0 0 25100
54 0 108 0 0 25200
54 0 109 0 0 25300
54 0 109 0 0 25400
54 0 109 0 0 25500
55 0 109 0 0 25600
56 0 109 0 0 25700
57 0 109 0 0 25800
58 0 109 0 0 25900
59 0 110 0 0 26000
60 0 110 0 0 26100
60 0 110 0 0 26200
60 0 110 0 0 26300
60 0 110 0 0 26400
60 0 110 0 0 26500
60 0 111 0 0 26600
60 0 111 0 0 26700
60 0 113 0 0 26800
60 0 113 0 0 26900
61 0 113 0 0 27000
61 0 114 0 0 27100
61 0 114 0 0 27200
61 0 114 0 0 27300
61 0 114 0 0 27400
61 0 115 0 0 27500
61 0 116 0 0 27600
61 0 117 0 0 27700
61 0 117 0 0 27800
61 0 119 0 0 27900
61 0 119 0 0 28000
62 0 121 0 0 28100
62 0 121 0 0 28200
62 0 121 0 0 28300
63 0 122 0 0 28400
63 0 122 0 0 28500
64 0 123 0 0 28600
64 0 124 0 0 28700
64 0 124 0 0 28800
64 0 125 0 0 28900
64 0 125 0 0 29000
64 0 125 0 0 29100
64 0 125 0 0 29200
64 0 125 0 0 29300
64 0 125 0 0 29400
64 0 125 0 0 29500
64 0 125 0 0 29600
65 0 125 0 0 29700
65 0 126 0 0 29800
65 0 126 0 0 29900
65 0 127 0 0 30000
66 0 128 0 0 30100
66 0 128 0 0 30200
67 0 128 0 0 30300
67 0 128 0 0 30400
67 0 128 0 0 30500
67 0 128 0 0 30600
68 0 128 0 0 30700
68 0 128 0 0 30800
68 0 130 0 0 30900
68 0 130 0 0 31000
68 0 130 0 0 31100
68 0 132 0 0 31200
68 0 132 0 0 31300
68 0 133 0 0 31400
68 0 133 0 0 31500
68 0 134 0 0 31600
68 0 134 0 0 31700
68 0 134 0 0 31800
68 0 135 0 0 31900
68 0 137 0 0 32000
68 0 137 0 0 32100
69 0 137 0 0 32200
69 0 139 0 0 32300
70 0 139 0 0 32400
70 0 140 0 0 32500
70 0 140 0 0 32600
70 0 140 0 0 32700
70 0 140 0 0 32800
71 0 140 0 0 32900
72 0 140 0 0 33000
72 0 140 0 0 33100
73 0 140 0 0 33200
74 0 140 0 0 33300
74 0 140 0 0 33400
74 0 140 0 0 33500
74 0 140 0 0 33600
74 0 140 0 0 33700
74 0 140 0 0 33800
75 0 140 0 0 33900
75 0 140 0 0 34000
75 0 140 0 0 34100
75 0 140 0 0 34200
75 0 140 0 0 34300
75 0 140 0 0 34400
75 0 140 0 0 34500
75 0 140 0 0 34600
75 0 140 0 0 34700
75 0 140 0 0 34800
75 0 141 0 0 34900
75 0 141 0 0 35000
75 0 141 0 0 35100
75 0 141 0 0 35200
75 0 141 0 0 35300
75 0 141 0 0 35400
75 0 141 0 0 35500
75 0 141 0 0 35600
75 0 141 0 0 35700
76 0 141 0 0 35800
76 0 142 0 0 35900
76 0 142 0 0 36000
76 0 142 0 0 36100
76 0 142 0 0 36200
76 0 142 0 0 36300
76 0 142 0 0 36400
76 0 142 0 0 36500
76 0 142 0 0 36600
76 0 142 0 0 36700
76 0 142 0 0 36800
76 0 143 0 0 36900
76 0 144 0 0 37000
76 0 144 0 0 37100
76 0 144 0 0 37200
76 0 145 0 0 37300
76 0 145 0 0 37400
76 0 145 0 0 37500
76 0 145 0 0 37600
76 0 145 0 0 37700
76 0 145 0 0 37800
76 0 145 0 0 37900
77 0 145 0 0 38000
77 0 145 0 0 38100
77 0 146 0 0 38200
77 0 146 0 0 38300
77 0 148 0 0 38400
77 0 148 0 0 38500
77 0 148 0 0 38600
77 0 149 0 0 38700
77 0 149 0 0 38800
78 0 150 0 0 38900
78 0 151 0 0 39000
78 0 151 0 0 39100
78 0 152 0 0 39200
78 0 153 0 0 39300
78 0 154 0 0 39400
78 0 154 0 0 39500
78 0 155 0 0 39600
78 0 156 0 0 39700
79 0 157 0 0 39800
79 0 158 0 0 39900
79 0 158 0 0 40000
79 0 159 0 0 40100
79 0 160 0 0 40200
80 0 161 0 0 40300
80 0 162 0 0 40400
80 0 162 0 0 40500
80 0 162 0 0 40600
80 0 164 0 0 40700
80 0 164 0 0 40800
80 0 165 0 0 40900
80 0 166 0 0 41000
80 0 166 0 0 41100
80 0 166 0 0 41200
80 0 167 0 0 41300
80 0 167 0 0 41400
80 0 167 0 0 41500
80 0 167 0 0 41600
80 0 167 0 0 41700
80 0 168 0 0 41800
80 0 168 0 0 41900
80 0 168 0 0 42000
80 0 170 0 0 42100
80 0 171 0 0 42200
80 0 171 0 0 42300
80 0 172 0 0 42400
80 0 172 0 0 42500
80 0 173 0 0 42600
80 0 173 0 0 42700
80 0 173 0 0 42800
80 0 173 0 0 42900
80 0 173 0 0 43000
80 0 173 0 0 43100
80 0 173 0 0 43200
80 0 173 0 0 43300
80 0 173 0 0 43400
80 0 174 0 0 43500
80 0 174 0 0 43600
80 0 175 0 0 43700
80 0 176 0 0 43800
80 0 176 0 0 43900
80 0 177 0 0 44000
81 0 177 0 0 44100
81 0 178 0 0 44200
81 0 178 0 0 44300
81 0 179 0 0 44400
81 0 179 0 0 44500
81 0 179 0 0 44600
81 0 179 0 0 44700
81 0 180 0 0 44800
81 0 181 0 0 44900
81 0 181 0 0 45000
82 0 181 0 0 45100
82 0 182 0 0 45200
82 0 182 0 0 45300
82 0 182 0 0 45400
82 0 182 0 0 45500
82 0 182 0 0 45600
82 0 182 0 0 45700
82 0 182 0 0 45800
82 0 182 0 0 45900
82 0 182 0 0 46000
82 0 182 0 0 46100
82 0 182 0 0 46200
82 0 183 0 0 46300
82 0 184 0 0 46400
82 0 184 0 0 46500
82 0 185 0 0 46600
82 0 185 0 0 46700
82 0 185 0 0 46800
83 0 186 0 0 46900
84 0 186 0 0 47000
84 0 187 0 0 47100
84 0 187 0 0 47200
84 0 187 0 0 47300
85 0 187 0 0 47400
85 0 189 0 0 47500
85 0 189 0 0 47600
85 0 190 0 0 47700
85 0 191 0 0 47800
85 0 191 0 0 47900
85 0 191 0 0 48000
85 0 191 0 0 48100
86 0 191 0 0 48200
86 0 191 0 0 48300
86 0 191 0 0 48400
86 0 191 0 0 48500
86 0 191 0 0 48600
86 0 191 0 0 48700
86 0 191 0 0 48800
86 0 193 0 0 48900
88 0 193 0 0 49000
88 0 193 0 0 49100
88 0 195 0 0 49200
88 0 196 0 0 49300
88 0 197 0 0 49400
88 0 198 0 0 49500
88 0 198 0 0 49600
88 0 198 0 0 49700
88 0 199 0 0 49800
88 0 199 0 0 49900
2 0 0 0 0 0
2 0 0 0 0 100
2 0 0 0 0 200
2 0 0 0 0 300
2 0 0 0 0 400
2 0 0 0 0 500
2 0 0 0 0 600
2 0 0 0 0 700
2 0 0 0 0 800
2 0 0 0 0 900
2 0 0 0 0 1000
2 0 0 0 0 1100
2 0 0 0 0 1200
2 0 0 0 0 1300
2 0 0 0 0 1400
2 0 0 0 0 1500
2 0 0 0 0 1600
2 0 0 0 0 1700
3 0 0 0 0 1800
3 0 1 0 0 1900
3 0 2 0 0 2000
3 0 2 0 0 2100
3 0 4 0 0 2200
3 0 5 0 0 2300
3 0 6 0 0 2400
3 0 9 0 0 2500
3 0 9 0 0 2600
4 0 10 0 0 2700
4 0 13 0 0 2800
4 0 14 0 0 2900
4 0 14 0 0 3000
4 0 16 0 0 3100
4 0 16 0 0 3200
4 0 16 0 0 3300
4 0 17 0 0 3400
4 0 17 0 0 3500
4 0 19 0 0 3600
4 0 20 0 0 3700
4 0 21 0 0 3800
4 0 23 0 0 3900
4 0 23 0 0 4000
5 0 23 0 0 4100
5 0 23 0 0 4200
5 0 24 0 0 4300
5 0 25 0 0 4400
5 0 25 0 0 4500
5 0 26 0 0 4600
5 0 28 0 0 4700
6 0 29 0 0 4800
6 0 29 0 0 4900
7 0 30 0 0 5000
7 0 30 0 0 5100
7 0 30 0 0 5200
7 0 30 0 0 5300
7 0 30 0 0 5400
7 0 30 0 0 5500
7 0 30 0 0 5600
7 0 30 0 0 5700
7 0 30 0 0 5800
7 0 30 0 0 5900
7 0 30 0 0 6000
7 0 30 0 0 6100
7 0 30 0 0 6200
7 0 30 0 0 6300
7 0 31 0 0 6400
7 0 31 0 0 6500
7 0 31 0 0 6600
7 0 32 0 0 6700
7 0 33 0 0 6800
7 0 34 0 0 6900
8 0 34 0 0 7000
8 0 34 0 0 7100
9 0 36 0 0 7200
9 0 37 0 0 7300
9 0 38 0 0 7400
9 0 39 0 0 7500
10 0 39 0 0 7600
11 0 39 0 0 7700
12 0 40 0 0 7800
13 0 40 0 0 7900
13 0 43 0 0 8000
13 0 43 0 0 8100
13 0 45 0 0 8200
13 0 45 0 0 8300
14 0 45 0 0 8400
14 0 45 0 0 8500
14 0 46 0 0 8600
14 0 46 0 0 8700
14 0 48 0 0 8800
14 0 48 0 0 8900
16 0 48 0 0 9000
17 0 48 0 0 9100
17 0 49 0 0 9200
17 0 50 0 0 9300
17 0 50 0 0 9400
17 0 51 0 0 9500
18 0 51 0 0 9600
18 0 51 0 0 9700
18 0 52 0 0 9800
18 0 53 0 0 9900
18 0 55 0 0 10000
20 0 55 0 0 10100
20 0 58 0 0 10200
20 0 59 0 0 10300
20 0 59 0 0 10400
21 0 60 0 0 10500
22 0 60 0 0 10600
22 0 60 0 0 10700
22 0 60 0 0 10800
22 0 61 0 0 10900
22 0 61 0 0 11000
22 0 62 0 0 11100
22 0 62 0 0 11200
22 0 62 0 0 11300
22 0 62 0 0 11400
22 0 63 0 0 11500
22 0 63 0 0 11600
22 0 63 0 0 11700
22 0 63 0 0 11800
22 0 63 0 0 11900
22 0 63 0 0 12000
22 0 64 0 0 12100
22 0 64 0 0 12200
22 0 64 0 0 12300
23 0 64 0 0 12400
23 0 65 0 0 12500
23 0 65 0 0 12600
23 0 65 0 0 12700
23 0 67 0 0 12800
23 0 67 0 0 12900
24 0 67 0 0 13000
24 0 67 0 0 13100
24 0 68 0 0 13200
24 0 69 0 0 13300
24 0 69 0 0 13400
24 0 69 0 0 13500
24 0 69 0 0 13600
24 0 70 0 0 13700
24 0 70 0 0 13800
24 0 70 0 0 13900
24 0 70 0 0 14000
24 0 71 0 0 14100
24 0 71 0 0 14200
24 0 71 0 0 14300
24 0 72 0 0 14400
24 0 72 0 0 14500
24 0 73 0 0 14600
24 0 74 0 0 14700
24 0 74 0 0 14800
25 0 74 0 0 14900
25 0 74 0 0 15000
25 0 74 0 0 15100
25 0 74 0 0 15200
26 0 75 0 0 15300
26 0 75 0 0 15400
26 0 75 0 0 15500
26 0 76 0 0 15600
26 0 76 0 0 15700
26 0 77 0 0 15800
26 0 77 0 0 15900
26 0 77 0 0 16000
26 0 77 0 0 16100
26 0 77 0 0 16200
26 0 77 0 0 16300
26 0 77 0 0 16400
26 0 78 0 0 16500
26 0 78 0 0 16600
26 0 78 0 0 16700
27 0 79 0 0 16800
27 0 80 0 0 16900
27 0 80 0 0 17000
27 0 81 0 0 17100
27 0 81 0 0 17200
27 0 81 0 0 17300
27 0 82 0 0 17400
27 0 83 0 0 17500
27 0 83 0 0 17600
27 0 83 0 0 17700
27 0 84 0 0 17800
27 0 85 0 0 17900
27 0 85 0 0 18000
27 0 85 0 0 18100
27 0 85 0 0 18200
27 0 85 0 0 18300
27 0 86 0 0 18400
27 0 86 0 0 18500
27 0 86 0 0 18600
27 0 86 0 0 18700
27 0 87 0 0 18800
27 0 87 0 0 18900
27 0 88 0 0 19000
27 0 89 0 0 19100
27 0 90 0 0 19200
27 0 90 0 0 19300
27 0 90 0 0 19400
27 0 90 0 0 19500
27 0 90 0 0 19600
28 0 91 0 0 19700
28 0 91 0 0 19800
28 0 91 0 0 19900
28 0 91 0 0 20000
28 0 94 0 0 20100
29 0 94 0 0 20200
29 0 96 0 0 20300
29 0 96 0 0 20400
29 0 96 0 0 20500
30 0 96 0 0 20600
30 0 97 0 0 20700
30 0 97 0 0 20800
30 0 98 0 0 20900
31 0 98 0 0 21000
32 0 98 0 0 21100
33 0 98 0 0 21200
33 0 100 0 0 21300
33 0 100 0 0 21400
34 0 100 0 0 21500
35 0 100 0 0 21600
35 0 100 0 0 21700
35 0 101 0 0 21800
35 0 103 0 0 21900
36 0 103 0 0 22000
36 0 103 0 0 22100
36 0 105 0 0 22200
36 0 105 0 0 22300
36 0 105 0 0 22400
36 0 105 0 0 22500
36 0 105 0 0 22600
37 0 105 0 0 22700
37 0 105 0 0 22800
37 0 106 0 0 22900
38 0 106 0 0 23000
40 0 106 0 0 23100
41 0 106 0 0 23200
42 0 106 0 0 23300
42 0 107 0 0 23400
42 0 107 0 0 23500
42 0 107 0 0 23600
42 0 107 0 0 23700
42 0 107 0 0 23800
42 0 107 0 0 23900
42 0 107 0 0 24000
42 0 107 0 0 24100
42 0 107 0 0 24200
42 0 107 0 0 24300
43 0 107 0 0 24400
43 0 107 0 0 24500
43 0 108 0 0 24600
43 0 108 0 0 24700
43 0 108 0 0 24800
43 0 108 0 0 24900
43 0 108 0 0 25000
43 0 108 0 0 25100
43 0 108 0 0 25200
43 0 109 0 0 25300
43 0 109 0 0 25400
43 0 109 0 0 25500
43 0 109 0 0 25600
43 0 110 0 0 25700
43 0 110 0 0 25800
43 0 111 0 0 25900
44 0 111 0 0 26000
44 0 112 0 0 26100
44 0 113 0 0 26200
44 0 114 0 0 26300
44 0 114 0 0 26400
45 0 116 0 0 26500
45 0 116 0 0 26600
45 0 116 0 0 26700
45 0 117 0 0 26800
46 0 117 0 0 26900
46 0 117 0 0 27000
46 0 118 0 0 27100
46 0 118 0 0 27200
47 0 120 0 0 27300
47 0 120 0 0 27400
47 0 120 0 0 27500
47 0 120 0 0 27600
47 0 120 0 0 27700
47 0 120 0 0 27800
47 0 121 0 0 27900
47 0 121 0 0 28000
47 0 121 0 0 28100
47 0 121 0 0 28200
47 0 123 0 0 28300
47 0 125 0 0 28400
47 0 126 0 0 28500
48 0 126 0 0 28600
49 0 126 0 0 28700
49 0 127 0 0 28800
50 0 127 0 0 28900
50 0 127 0 0 29000
50 0 127 0 0 29100
50 0 128 0 0 29200
50 0 129 0 0 29300
50 0 130 0 0 29400
51 0 131 0 0 29500
51 0 131 0 0 29600
52 0 131 0 0 29700
52 0 131 0 0 29800
53 0 132 0 0 29900
53 0 132 0 0 30000
54 0 132 0 0 30100
55 0 132 0 0 30200
55 0 134 0 0 30300
55 0 134 0 0 30400
55 0 135 0 0 30500
55 0 135 0 0 30600
55 0 136 0 0 30700
55 0 137 0 0 30800
55 0 137 0 0 30900
55 0 138 0 0 31000
55 0 138 0 0 31100
56 0 138 0 0 31200
56 0 139 0 0 31300
56 0 140 0 0 31400
57 0 140 0 0 31500
57 0 142 0 0 31600
57 0 143 0 0 31700
57 0 143 0 0 31800
57 0 146 0 0 31900
57 0 146 0 0 32000
58 0 146 0 0 32100
59 0 148 0 0 32200
59 0 149 0 0 32300
59 0 150 0 0 32400
59 0 150 0 0 32500
59 0 151 0 0 32600
60 0 151 0 0 32700
62 0 152 0 0 32800
63 0 153 0 0 32900
64 0 155 0 0 33000
64 0 156 0 0 33100
64 0 156 0 0 33200
64 0 156 0 0 33300
64 0 158 0 0 33400
64 0 159 0 0 33500
64 0 162 0 0 33600
64 0 162 0 0 33700
64 0 162 0 0 33800
64 0 165 0 0 33900
64 0 165 0 0 34000
64 0 168 0 0 34100
64 0 168 0 0 34200
65 0 171 0 0 34300
65 0 171 0 0 34400
65 0 173 0 0 34500
65 0 176 0 0 34600
65 0 177 0 0 34700
65 0 179 0 0 34800
65 0 180 0 0 34900
66 0 180 0 0 35000
67 0 181 0 0 35100
67 0 181 0 0 35200
67 0 182 0 0 35300
67 0 182 0 0 35400
67 0 183 0 0 35500
67 0 183 0 0 35600
67 0 184 0 0 35700
67 0 184 0 0 35800
68 0 184 0 0 35900
68 0 185 0 0 36000
68 0 185 0 0 36100
68 0 185 0 0 36200
68 0 186 0 0 36300
68 0 188 0 0 36400
69 0 189 0 0 36500
70 0 192 0 0 36600
71 0 192 0 0 36700
72 0 192 0 0 36800
72 0 193 0 0 36900
72 0 193 0 0 37000
73 0 194 0 0 37100
73 0 196 0 0 37200
73 0 196 0 0 37300
73 0 197 0 0 37400
73 0 198 0 0 37500
73 0 200 0 0 37600
73 0 200 0 0 37700
73 0 201 0 0 37800
73 0 202 0 0 37900
73 0 202 0 0 38000
73 0 204 0 0 38100
73 0 206 0 0 38200
73 0 207 0 0 38300
73 0 209 0 0 38400
73 0 211 0 0 38500
73 0 212 0 0 38600
73 0 214 0 0 38700
73 0 214 0 0 38800
73 0 216 0 0 38900
73 0 216 0 0 39000
73 0 217 0 0 39100
74 0 217 0 0 39200
74 0 218 0 0 39300
74 0 219 0 0 39400
74 0 220 0 0 39500
74 0 220 0 0 39600
74 0 221 0 0 39700
74 0 221 0 0 39800
74 0 221 0 0 39900
75 0 221 0 0 40000
75 0 221 0 0 40100
75 0 221 0 0 40200
75 0 221 0 0 40300
75 0 221 0 0 40400
75 0 222 0 0 40500
75 0 222 0 0 40600
75 0 223 0 0 40700
77 0 223 0 0 40800
77 0 223 0 0 40900
77 0 223 0 0 41000
77 0 223 0 0 41100
77 0 223 0 0 41200
77 0 223 0 0 41300
77 0 223 0 0 41400
77 0 223 0 0 41500
77 0 223 0 0 41600
77 0 224 0 0 41700
77 0 224 0 0 41800
77 0 224 0 0 41900
77 0 225 0 0 42000
77 0 225 0 0 42100
77 0 225 0 0 42200
77 0 225 0 0 42300
77 0 226 0 0 42400
77 0 226 0 0 42500
77 0 226 0 0 42600
77 0 226 0 0 42700
77 0 226 0 0 42800
77 0 226 0 0 42900
77 0 227 0 0 43000
77 0 228 0 0 43100
77 0 228 0 0 43200
77 0 229 0 0 43300
77 0 229 0 0 43400
77 0 229 0 0 43500
77 0 230 0 0 43600
77 0 230 0 0 43700
78 0 230 0 0 43800
78 0 230 0 0 43900
78 0 232 0 0 44000
78 0 232 0 0 44100
78 0 232 0 0 44200
79 0 232 0 0 44300
79 0 233 0 0 44400
79 0 233 0 0 44500
79 0 233 0 0 44600
79 0 234 0 0 44700
80 0 234 0 0 44800
80 0 234 0 0 44900
80 0 234 0 0 45000
80 0 234 0 0 45100
81 0 235 0 0 45200
81 0 236 0 0 45300
82 0 236 0 0 45400
83 0 236 0 0 45500
83 0 237 0 0 45600
83 0 237 0 0 45700
83 0 239 0 0 45800
83 0 239 0 0 45900
83 0 240 0 0 46000
83 0 241 0 0 46100
83 0 241 0 0 46200
83 0 242 0 0 46300
83 0 242 0 0 46400
84 0 243 0 0 46500
84 0 243 0 0 46600
84 0 244 0 0 46700
84 0 244 0 0 46800
84 0 244 0 0 46900
84 0 244 0 0 47000
85 0 245 0 0 47100
85 0 245 0 0 47200
85 0 245 0 0 47300
85 0 245 0 0 47400
85 0 245 0 0 47500
85 0 245 0 0 47600
85 0 246 0 0 47700
85 0 246 0 0 47800
85 0 247 0 0 47900
85 0 247 0 0 48000
85 0 247 0 0 48100
85 0 248 0 0 48200
86 0 251 0 0 48300
86 0 252 0 0 48400
87 0 253 0 0 48500
87 0 255 0 0 48600
87 0 255 0 0 48700
87 0 257 0 0 48800
87 0 257 0 0 48900
87 0 259 0 0 49000
87 0 259 0 0 49100
87 0 259 0 0 49200
88 0 260 0 0 49300
88 0 260 0 0 49400
88 0 260 0 0 49500
88 0 260 0 0 49600
88 0 260 0 0 49700
88 0 260 0 0 49800
88 0 260 0 0 49900
