0 0 0 0 0 0
0 0 0 0 0 100
0 0 0 0 1 200
3 0 0 1 1 300
4 0 0 1 1 400
4 0 0 1 1 500
4 0 0 1 1 600
4 0 0 1 1 700
4 0 0 1 1 800
4 0 0 1 1 900
4 0 0 1 1 1000
5 0 0 1 1 1100
5 0 0 1 1 1200
5 0 0 1 1 1300
5 0 0 1 1 1400
5 0 0 1 1 1500
5 0 0 1 1 1600
5 0 0 1 1 1700
6 0 0 1 2 1800
7 0 0 1 2 1900
9 0 0 1 2 2000
9 0 0 1 2 2100
10 0 0 1 4 2200
11 0 0 1 4 2300
11 0 0 1 5 2400
12 0 0 1 5 2500
12 0 0 1 6 2600
12 0 0 1 6 2700
12 0 0 1 6 2800
12 0 0 1 6 2900
12 0 0 1 6 3000
12 0 0 1 6 3100
14 0 0 1 6 3200
14 0 1 2 8 3300
15 0 1 2 8 3400
16 0 1 2 8 3500
17 0 1 2 8 3600
18 0 1 2 8 3700
18 0 2 2 8 3800
18 0 2 2 9 3900
18 0 2 2 9 4000
18 0 3 2 10 4100
18 1 3 2 12 4200
18 3 3 2 13 4300
19 3 3 2 16 4400
20 4 3 2 17 4500
20 4 3 3 17 4600
20 4 3 3 17 4700
20 5 3 3 19 4800
20 5 3 4 19 4900
20 5 3 4 21 5000
20 6 3 4 22 5100
20 6 3 4 23 5200
20 6 3 4 26 5300
20 6 3 4 27 5400
21 6 3 4 28 5500
21 6 3 4 29 5600
21 6 3 4 29 5700
22 6 3 4 29 5800
23 6 3 4 31 5900
24 6 3 4 31 6000
24 6 3 4 32 6100
25 6 3 4 32 6200
27 6 3 4 33 6300
27 6 3 4 33 6400
27 7 3 5 33 6500
27 7 3 5 34 6600
27 7 3 5 34 6700
27 8 3 5 36 6800
27 8 3 6 36 6900
27 8 3 6 37 7000
27 8 3 6 38 7100
29 8 3 6 40 7200
30 8 4 8 40 7300
30 8 4 9 41 7400
31 8 5 9 41 7500
31 8 5 9 43 7600
32 8 5 9 44 7700
32 8 5 10 44 7800
32 8 5 10 45 7900
32 8 5 10 46 8000
33 8 5 10 46 8100
34 8 5 10 47 8200
34 8 5 10 47 8300
34 8 5 10 49 8400
34 8 5 10 49 8500
34 8 5 11 50 8600
34 8 5 11 50 8700
34 8 5 12 50 8800
35 8 5 13 51 8900
35 8 5 13 51 9000
35 8 5 13 51 9100
35 8 5 13 51 9200
35 9 6 15 51 9300
35 9 7 15 51 9400
37 9 7 15 52 9500
37 9 7 16 52 9600
37 10 7 16 53 9700
37 11 7 16 54 9800
37 11 7 16 54 9900
37 11 7 16 54 10000
37 11 7 16 54 10100
37 11 7 16 55 10200
37 11 7 16 56 10300
37 11 7 16 56 10400
37 11 7 16 56 10500
37 11 7 17 57 10600
37 11 7 17 57 10700
37 12 7 17 59 10800
38 12 7 17 59 10900
39 12 7 17 61 11000
39 12 7 17 62 11100
40 12 7 17 63 11200
40 12 7 17 64 11300
42 12 7 17 64 11400
42 12 7 17 67 11500
42 12 8 17 68 11600
44 12 8 17 70 11700
46 12 8 17 70 11800
47 12 8 17 71 11900
47 12 8 17 72 12000
47 12 8 17 73 12100
47 12 8 17 74 12200
47 13 9 17 75 12300
47 13 9 18 75 12400
48 13 9 18 76 12500
48 13 9 19 77 12600
48 13 9 19 77 12700
48 13 9 20 78 12800
51 13 9 20 79 12900
53 13 9 21 81 13000
53 13 9 21 82 13100
53 13 9 21 82 13200
53 13 9 21 82 13300
53 13 9 21 82 13400
54 13 9 22 82 13500
54 13 9 22 84 13600
54 13 9 22 85 13700
54 13 9 22 86 13800
54 13 9 22 87 13900
54 13 9 22 87 14000
54 13 9 23 87 14100
54 13 9 24 87 14200
54 13 9 24 87 14300
54 13 9 24 87 14400
54 13 9 24 89 14500
54 13 9 24 90 14600
54 13 9 24 91 14700
55 13 9 24 92 14800
55 14 9 24 92 14900
55 14 9 25 93 15000
56 14 9 25 94 15100
56 15 10 25 96 15200
57 15 10 26 99 15300
57 15 10 27 100 15400
57 15 12 27 102 15500
57 16 12 27 103 15600
57 16 13 27 104 15700
58 16 13 27 107 15800
58 16 13 27 108 15900
59 16 13 27 109 16000
59 16 13 27 109 16100
59 16 13 27 110 16200
60 17 13 27 110 16300
60 17 13 27 111 16400
60 17 13 27 113 16500
60 17 13 27 115 16600
61 17 13 27 116 16700
61 17 13 27 116 16800
61 17 13 27 116 16900
61 17 13 27 117 17000
62 17 14 28 117 17100
62 17 14 29 119 17200
62 17 14 29 120 17300
62 17 14 29 120 17400
63 17 14 30 120 17500
63 17 14 31 122 17600
64 17 14 31 125 17700
64 17 14 32 126 17800
64 17 14 33 129 17900
64 17 14 33 130 18000
65 17 14 34 130 18100
65 17 14 34 131 18200
65 17 14 34 131 18300
65 17 14 34 132 18400
65 17 14 34 132 18500
65 17 14 34 133 18600
66 17 14 34 135 18700
66 17 14 34 135 18800
66 17 14 34 137 18900
66 17 14 34 137 19000
66 18 14 34 139 19100
67 18 14 34 140 19200
68 18 14 34 140 19300
68 18 14 34 141 19400
68 18 14 34 141 19500
69 18 14 34 142 19600
70 18 14 35 143 19700
71 18 14 36 143 19800
71 18 15 36 143 19900
71 19 15 38 145 20000
72 19 15 38 145 20100
72 19 17 38 145 20200
72 19 18 38 145 20300
72 19 18 39 148 20400
72 19 18 41 149 20500
72 19 18 42 150 20600
72 19 18 42 151 20700
72 19 18 42 152 20800
72 19 18 43 153 20900
72 19 18 44 155 21000
72 19 19 44 156 21100
72 19 19 44 156 21200
73 19 19 45 157 21300
73 19 20 45 158 21400
73 19 20 45 158 21500
73 19 21 45 162 21600
73 19 21 45 163 21700
73 20 21 45 165 21800
73 20 21 45 165 21900
73 20 21 46 166 22000
73 20 22 47 167 22100
73 20 22 47 167 22200
75 20 22 47 167 22300
76 20 22 48 171 22400
77 20 22 48 172 22500
77 20 24 48 172 22600
77 21 24 48 172 22700
77 21 26 49 175 22800
77 21 27 50 177 22900
78 21 27 52 179 23000
79 22 27 52 181 23100
81 23 28 52 181 23200
82 23 28 53 182 23300
83 23 29 53 182 23400
83 24 29 54 183 23500
83 24 30 54 183 23600
84 24 31 55 183 23700
84 24 31 55 184 23800
84 24 32 55 184 23900
84 24 32 56 184 24000
84 25 32 56 187 24100
84 25 33 57 187 24200
84 25 33 57 188 24300
84 25 33 58 189 24400
85 25 34 59 189 24500
86 25 34 59 189 24600
87 25 35 60 191 24700
87 25 35 60 193 24800
87 25 36 60 195 24900
88 25 36 60 196 25000
88 25 37 61 197 25100
88 25 37 61 198 25200
88 25 37 61 199 25300
89 25 38 62 200 25400
89 25 38 62 202 25500
90 25 38 62 206 25600
91 25 38 62 206 25700
91 25 39 62 206 25800
91 25 39 63 207 25900
91 25 39 64 208 26000
91 25 39 64 210 26100
91 25 39 64 212 26200
91 25 40 64 214 26300
91 25 40 65 214 26400
91 25 41 65 215 26500
92 25 43 66 217 26600
92 25 43 66 221 26700
92 25 45 66 222 26800
92 25 46 67 223 26900
92 25 46 68 226 27000
92 25 47 69 227 27100
92 26 47 70 227 27200
93 26 48 70 228 27300
93 26 48 71 228 27400
93 26 48 73 228 27500
93 26 48 75 228 27600
94 26 48 76 228 27700
94 26 48 76 228 27800
94 26 48 78 228 27900
94 26 48 78 228 28000
95 26 48 78 228 28100
95 26 48 78 228 28200
95 26 48 78 228 28300
96 26 48 78 228 28400
96 26 49 78 228 28500
96 26 49 78 229 28600
96 26 49 78 229 28700
96 26 49 78 231 28800
97 26 49 78 231 28900
100 26 49 78 231 29000
101 27 49 78 234 29100
101 27 49 78 234 29200
101 27 49 78 235 29300
102 27 49 79 235 29400
103 27 49 80 235 29500
103 27 49 80 235 29600
103 27 49 82 235 29700
103 27 49 82 236 29800
103 27 50 82 236 29900
103 27 50 82 237 30000
104 27 50 82 237 30100
105 27 50 82 237 30200
105 27 50 82 239 30300
105 27 50 83 239 30400
105 27 50 83 239 30500
105 27 50 83 239 30600
105 27 50 84 239 30700
105 27 50 84 240 30800
106 28 50 84 240 30900
106 28 51 84 241 31000
107 28 51 85 243 31100
107 29 52 85 243 31200
107 29 52 85 243 31300
108 29 53 86 244 31400
108 29 53 86 244 31500
108 29 53 86 246 31600
108 29 53 86 246 31700
108 30 53 86 246 31800
109 30 53 87 246 31900
109 30 53 88 247 32000
109 30 53 88 248 32100
109 30 53 89 249 32200
110 30 53 89 250 32300
110 30 53 89 251 32400
110 30 53 89 252 32500
110 30 53 89 252 32600
110 30 53 89 252 32700
110 30 53 89 252 32800
110 30 53 90 254 32900
110 30 53 90 254 33000
110 30 53 90 255 33100
110 30 53 91 256 33200
110 30 53 91 256 33300
110 30 53 91 256 33400
110 30 53 91 257 33500
110 30 53 91 257 33600
110 30 53 91 258 33700
110 30 53 91 258 33800
110 30 53 91 258 33900
110 30 53 91 259 34000
111 30 53 93 259 34100
111 31 54 93 259 34200
112 31 54 93 259 34300
112 31 54 93 260 34400
112 31 54 93 260 34500
112 31 54 93 260 34600
112 31 54 93 260 34700
112 31 54 93 260 34800
112 31 54 93 260 34900
112 31 54 93 260 35000
113 31 54 93 260 35100
113 31 54 93 260 35200
113 31 54 93 260 35300
113 31 54 93 260 35400
113 31 54 93 262 35500
113 31 54 93 262 35600
113 31 54 93 263 35700
113 31 54 93 263 35800
113 31 54 93 263 35900
113 31 54 94 263 36000
113 31 54 94 264 36100
113 31 54 94 264 36200
113 31 54 94 266 36300
113 31 54 95 266 36400
113 31 54 95 266 36500
113 31 54 95 267 36600
113 31 54 95 267 36700
114 31 55 95 268 36800
114 31 55 95 269 36900
114 31 56 95 269 37000
114 31 56 95 270 37100
114 31 57 95 270 37200
114 31 57 96 273 37300
114 31 57 97 273 37400
114 31 57 97 274 37500
114 31 57 97 275 37600
114 31 57 98 276 37700
115 31 57 98 277 37800
115 31 58 99 278 37900
116 31 58 99 278 38000
116 31 58 99 280 38100
117 31 58 99 280 38200
118 31 58 99 281 38300
118 31 58 99 282 38400
118 31 58 99 282 38500
119 31 58 99 283 38600
119 31 58 99 284 38700
119 31 58 99 284 38800
119 31 58 100 285 38900
119 31 58 100 285 39000
119 31 58 100 285 39100
120 31 58 100 285 39200
120 31 58 100 285 39300
120 31 58 100 285 39400
120 31 58 100 285 39500
120 31 58 101 286 39600
120 33 58 101 287 39700
120 33 58 101 288 39800
120 33 58 101 289 39900
121 33 58 101 289 40000
121 33 58 101 290 40100
122 33 58 101 290 40200
123 33 58 101 291 40300
124 33 58 101 291 40400
124 33 58 101 291 40500
124 33 58 101 293 40600
125 33 58 101 294 40700
125 33 58 101 294 40800
125 33 58 101 296 40900
126 33 58 101 297 41000
126 34 58 101 301 41100
126 34 58 101 301 41200
127 34 58 101 301 41300
128 34 58 101 302 41400
129 34 58 101 302 41500
129 34 58 104 302 41600
129 34 58 104 302 41700
129 34 58 105 302 41800
129 34 58 107 303 41900
129 34 58 108 303 42000
131 34 58 109 304 42100
132 34 58 109 305 42200
132 35 58 110 305 42300
132 35 58 110 305 42400
132 35 58 111 306 42500
133 35 58 111 306 42600
133 35 58 112 306 42700
133 35 58 112 308 42800
133 35 58 112 310 42900
133 35 58 113 310 43000
133 36 58 113 311 43100
133 36 58 113 312 43200
133 36 58 114 312 43300
133 36 58 114 312 43400
135 37 59 115 313 43500
135 37 59 115 314 43600
135 37 59 116 315 43700
136 37 59 116 316 43800
137 37 59 117 317 43900
137 37 59 118 317 44000
137 37 59 118 318 44100
137 37 59 118 318 44200
137 37 59 119 319 44300
137 37 59 119 320 44400
137 37 59 121 321 44500
137 37 59 121 321 44600
137 37 59 121 321 44700
138 37 59 122 323 44800
138 37 59 122 324 44900
138 37 59 123 324 45000
138 37 59 123 325 45100
138 37 59 123 325 45200
138 37 59 123 326 45300
139 37 59 123 326 45400
139 37 59 123 326 45500
141 37 60 123 326 45600
144 37 60 123 327 45700
145 37 60 124 328 45800
145 37 61 124 329 45900
146 38 61 124 333 46000
146 38 61 124 333 46100
147 38 61 125 334 46200
147 38 61 125 335 46300
147 38 61 125 335 46400
147 38 61 125 335 46500
147 38 61 125 335 46600
147 38 61 125 335 46700
147 38 61 125 336 46800
147 38 61 125 336 46900
147 38 61 126 337 47000
148 38 61 126 338 47100
149 38 62 126 340 47200
149 38 62 126 341 47300
149 38 62 126 342 47400
150 38 62 126 345 47500
151 38 63 126 346 47600
153 39 63 127 347 47700
155 39 63 128 347 47800
156 39 63 128 347 47900
156 39 63 128 351 48000
159 41 63 128 352 48100
159 41 63 129 352 48200
159 41 63 129 352 48300
159 41 63 129 353 48400
159 42 63 129 354 48500
159 42 63 130 355 48600
159 43 63 130 355 48700
160 43 63 130 355 48800
160 43 63 130 356 48900
160 43 63 131 357 49000
160 43 63 131 357 49100
161 43 63 132 358 49200
161 43 63 133 358 49300
161 43 63 134 359 49400
161 43 64 134 360 49500
161 43 64 134 360 49600
162 43 64 134 361 49700
162 43 65 134 362 49800
162 43 65 134 363 49900
0 0 0 0 0 0
0 0 0 0 0 100
1 0 0 0 0 200
1 0 0 0 0 300
1 0 0 0 0 400
1 0 0 0 0 500
1 0 0 0 0 600
1 0 0 1 0 700
1 0 0 1 0 800
1 0 0 1 0 900
1 0 0 1 0 1000
1 0 0 1 0 1100
1 0 0 1 0 1200
1 0 0 1 0 1300
1 0 0 1 0 1400
1 0 0 1 0 1500
1 0 0 1 0 1600
1 0 0 1 0 1700
1 0 0 1 0 1800
1 0 0 1 0 1900
1 0 0 1 0 2000
2 0 0 1 0 2100
2 0 0 1 0 2200
2 0 0 1 0 2300
2 0 0 1 0 2400
2 0 0 1 0 2500
2 0 0 1 1 2600
2 0 0 1 1 2700
3 0 0 1 2 2800
5 0 0 1 2 2900
6 0 0 1 2 3000
6 0 1 1 2 3100
6 0 2 1 2 3200
7 0 2 3 3 3300
8 0 2 3 4 3400
9 0 2 3 4 3500
9 0 2 4 4 3600
9 0 2 4 4 3700
9 0 2 4 4 3800
9 0 2 5 4 3900
9 0 2 6 5 4000
9 0 3 7 6 4100
9 0 3 7 6 4200
9 0 3 8 6 4300
10 0 3 8 8 4400
10 0 3 8 10 4500
12 0 4 8 11 4600
12 0 4 8 13 4700
13 2 4 8 14 4800
13 2 4 8 14 4900
15 3 4 8 15 5000
15 3 5 8 15 5100
15 3 5 9 17 5200
15 3 5 9 18 5300
15 3 5 9 19 5400
16 3 5 9 19 5500
16 3 5 9 19 5600
16 3 5 9 19 5700
16 3 5 9 21 5800
17 3 5 9 21 5900
17 4 5 9 21 6000
17 4 5 9 21 6100
19 4 5 10 22 6200
21 4 6 10 23 6300
21 4 6 10 23 6400
21 4 7 10 24 6500
21 4 7 11 26 6600
21 4 8 12 26 6700
21 4 8 14 26 6800
22 4 8 14 28 6900
22 5 8 14 28 7000
22 5 8 14 28 7100
23 5 8 14 29 7200
23 5 8 14 29 7300
23 5 8 14 29 7400
23 5 8 14 29 7500
24 5 8 15 29 7600
25 5 8 15 29 7700
25 5 8 15 30 7800
26 5 8 15 31 7900
28 5 8 15 31 8000
29 5 8 15 32 8100
29 5 8 15 32 8200
29 5 8 15 33 8300
29 5 8 15 33 8400
29 6 8 15 36 8500
29 6 8 15 37 8600
29 6 8 15 38 8700
29 6 8 15 39 8800
29 6 8 15 40 8900
29 6 8 15 41 9000
29 6 8 15 41 9100
30 6 8 15 41 9200
30 6 8 15 42 9300
30 6 8 16 43 9400
30 6 8 16 43 9500
31 6 8 17 43 9600
33 7 8 18 43 9700
35 7 8 18 43 9800
35 7 8 19 43 9900
36 7 8 19 43 10000
36 8 8 20 43 10100
36 8 8 20 44 10200
36 8 8 20 44 10300
36 8 8 21 44 10400
36 8 8 21 44 10500
37 8 8 22 44 10600
37 8 8 22 44 10700
37 8 8 22 45 10800
37 8 8 22 46 10900
37 8 8 22 47 11000
37 8 8 22 47 11100
38 8 8 22 47 11200
38 8 8 22 48 11300
38 8 8 22 49 11400
40 8 8 22 49 11500
40 8 8 22 49 11600
41 8 8 22 49 11700
41 8 8 22 51 11800
42 8 8 22 52 11900
42 8 8 23 54 12000
42 9 8 23 57 12100
42 9 8 23 59 12200
42 9 8 23 59 12300
42 9 8 23 62 12400
43 10 8 23 62 12500
44 11 8 23 64 12600
44 11 8 23 64 12700
44 11 8 24 66 12800
45 11 8 24 66 12900
46 11 8 24 67 13000
46 11 8 24 68 13100
47 11 8 24 68 13200
47 11 9 25 68 13300
47 11 9 25 68 13400
47 11 10 26 69 13500
48 11 10 26 69 13600
49 11 10 26 69 13700
51 11 10 26 70 13800
51 11 10 26 71 13900
52 11 11 26 74 14000
53 12 11 26 74 14100
55 13 11 27 75 14200
56 13 11 27 75 14300
56 13 11 27 77 14400
57 13 11 27 79 14500
57 14 11 27 79 14600
57 14 11 27 80 14700
57 14 11 29 80 14800
57 14 11 29 80 14900
57 14 11 29 80 15000
57 14 11 31 82 15100
58 14 11 31 82 15200
59 14 12 32 83 15300
60 14 12 32 84 15400
61 15 13 32 84 15500
61 15 13 32 86 15600
61 16 13 32 87 15700
61 16 14 32 88 15800
61 16 14 33 88 15900
62 16 14 33 90 16000
62 16 14 34 91 16100
62 17 14 34 93 16200
65 17 14 34 93 16300
65 17 14 34 93 16400
66 17 14 34 93 16500
66 17 14 35 93 16600
67 17 14 35 94 16700
69 18 14 35 97 16800
70 18 14 35 97 16900
70 18 14 35 97 17000
70 18 14 35 98 17100
70 19 14 36 98 17200
70 19 14 36 98 17300
71 19 14 36 99 17400
72 20 14 36 100 17500
72 20 14 36 100 17600
72 20 14 36 101 17700
73 20 14 36 102 17800
74 20 14 37 104 17900
75 21 14 37 105 18000
75 22 14 37 106 18100
75 22 14 38 107 18200
75 23 14 39 108 18300
76 23 14 40 111 18400
78 23 14 40 112 18500
78 24 14 42 112 18600
79 24 14 42 113 18700
79 24 14 43 114 18800
79 24 14 43 114 18900
79 24 14 44 115 19000
80 25 14 44 116 19100
81 25 14 44 120 19200
81 25 14 44 120 19300
82 26 14 45 121 19400
82 26 14 45 123 19500
83 26 14 45 123 19600
83 26 14 45 123 19700
84 26 14 45 123 19800
84 26 14 45 123 19900
85 26 14 45 126 20000
85 26 14 45 126 20100
86 26 14 45 127 20200
86 26 14 45 128 20300
86 26 14 45 129 20400
86 27 14 45 131 20500
87 27 14 45 131 20600
87 27 14 45 132 20700
87 27 14 45 133 20800
87 27 14 45 134 20900
87 27 14 45 134 21000
87 27 14 45 135 21100
87 27 14 45 135 21200
87 27 14 45 135 21300
88 27 14 47 135 21400
88 27 14 48 136 21500
88 27 14 48 136 21600
88 27 14 48 136 21700
88 28 14 49 139 21800
88 28 14 50 139 21900
88 28 14 50 140 22000
88 28 14 50 140 22100
88 28 14 50 143 22200
88 28 14 50 143 22300
88 28 14 50 145 22400
88 28 14 50 146 22500
88 28 14 50 146 22600
89 28 14 50 147 22700
89 29 15 51 148 22800
89 29 16 51 150 22900
89 29 16 52 150 23000
89 30 16 52 153 23100
90 32 16 52 153 23200
91 33 17 52 153 23300
92 34 17 52 154 23400
92 34 17 52 155 23500
92 35 17 52 155 23600
92 35 17 52 159 23700
92 37 17 52 159 23800
92 37 17 52 159 23900
92 38 17 52 160 24000
92 38 17 52 163 24100
92 38 17 52 164 24200
92 38 17 52 165 24300
92 38 17 52 165 24400
93 38 17 53 166 24500
94 38 17 53 166 24600
95 39 17 53 168 24700
96 39 17 53 169 24800
96 39 17 54 170 24900
96 39 17 54 173 25000
96 40 17 57 173 25100
98 40 17 57 175 25200
98 40 17 57 176 25300
98 40 17 57 177 25400
98 40 17 57 179 25500
98 40 17 57 179 25600
98 40 17 58 180 25700
98 40 17 58 183 25800
98 40 17 58 184 25900
98 41 17 58 184 26000
98 41 17 60 185 26100
100 42 17 63 185 26200
101 42 17 63 186 26300
101 42 17 64 186 26400
101 42 17 65 186 26500
101 42 17 66 187 26600
101 42 17 66 187 26700
102 42 17 67 187 26800
103 42 18 67 187 26900
104 42 18 69 187 27000
107 42 18 69 188 27100
107 42 18 69 189 27200
108 42 18 69 189 27300
109 42 18 69 190 27400
109 42 18 69 191 27500
109 42 18 69 191 27600
112 42 18 69 192 27700
114 42 19 69 193 27800
117 43 19 69 193 27900
117 43 20 70 194 28000
117 44 20 71 195 28100
117 44 20 71 195 28200
117 45 21 73 197 28300
117 45 21 73 198 28400
118 45 22 73 198 28500
119 45 22 73 199 28600
119 45 22 73 200 28700
120 45 22 75 200 28800
122 45 22 76 201 28900
123 45 22 76 202 29000
124 45 22 76 202 29100
124 45 23 76 203 29200
125 45 23 76 203 29300
125 45 23 78 205 29400
125 46 23 78 206 29500
125 46 23 78 206 29600
125 46 23 78 207 29700
126 46 23 78 207 29800
126 46 24 79 207 29900
127 46 24 79 208 30000
127 46 24 79 208 30100
129 46 24 79 208 30200
132 46 24 79 210 30300
133 46 24 80 211 30400
135 46 24 80 212 30500
135 47 24 81 213 30600
137 47 24 81 213 30700
138 47 24 81 214 30800
138 47 24 81 214 30900
140 47 24 81 215 31000
140 47 24 81 215 31100
141 47 24 81 215 31200
141 47 25 81 217 31300
141 47 25 81 217 31400
141 47 25 82 219 31500
141 47 25 82 219 31600
142 47 25 82 221 31700
142 47 26 82 221 31800
142 47 26 82 222 31900
142 47 26 82 222 32000
142 48 26 83 223 32100
142 48 26 84 223 32200
145 48 26 84 223 32300
146 48 26 84 223 32400
146 48 26 84 223 32500
146 48 26 84 223 32600
146 48 26 84 224 32700
148 48 26 84 224 32800
149 48 26 84 226 32900
150 48 26 84 226 33000
150 49 26 84 227 33100
151 49 26 84 228 33200
151 49 26 84 229 33300
151 49 27 84 230 33400
151 49 27 85 230 33500
151 49 27 86 230 33600
151 49 27 86 232 33700
151 49 27 86 232 33800
152 49 27 86 233 33900
153 49 28 87 233 34000
153 49 28 87 233 34100
153 49 28 87 234 34200
153 49 28 87 234 34300
154 49 28 87 235 34400
154 49 28 87 235 34500
154 49 28 87 235 34600
154 49 28 87 236 34700
154 49 28 87 237 34800
154 49 28 88 237 34900
154 50 28 88 238 35000
154 50 28 88 238 35100
154 50 28 88 239 35200
154 51 28 89 240 35300
154 51 28 90 241 35400
154 51 28 90 241 35500
154 51 28 90 241 35600
154 51 28 90 241 35700
154 51 28 91 242 35800
154 51 28 91 242 35900
154 52 28 91 242 36000
154 53 28 93 243 36100
154 53 28 94 243 36200
154 53 28 95 243 36300
154 53 29 95 243 36400
154 53 29 95 244 36500
154 53 29 96 247 36600
154 53 29 96 248 36700
155 53 29 97 249 36800
158 53 29 98 249 36900
158 53 29 98 249 37000
158 53 29 98 249 37100
159 53 29 98 250 37200
160 53 29 99 250 37300
161 53 29 99 251 37400
161 53 29 101 251 37500
161 53 30 101 251 37600
161 53 30 101 252 37700
161 53 30 102 252 37800
161 53 30 102 252 37900
161 53 30 102 253 38000
161 53 30 102 253 38100
161 53 30 102 254 38200
161 53 30 102 255 38300
161 54 30 103 256 38400
161 54 30 103 258 38500
161 54 30 104 258 38600
161 54 30 104 258 38700
161 54 30 104 260 38800
161 54 30 104 260 38900
161 54 30 104 260 39000
162 54 30 105 262 39100
164 55 30 105 262 39200
165 55 30 105 263 39300
165 55 30 105 263 39400
165 55 30 106 264 39500
165 55 31 108 264 39600
165 55 31 110 266 39700
165 55 31 110 267 39800
165 55 31 113 267 39900
165 55 31 114 267 40000
165 55 31 114 267 40100
165 55 31 114 267 40200
165 55 31 115 268 40300
165 56 31 115 268 40400
166 56 31 115 268 40500
167 57 32 115 268 40600
167 57 32 115 269 40700
168 57 32 115 271 40800
168 57 32 115 271 40900
168 57 32 115 271 41000
168 57 32 115 272 41100
168 57 32 116 272 41200
170 57 32 116 272 41300
170 58 32 118 272 41400
171 58 32 118 272 41500
171 58 32 118 272 41600
172 58 32 118 272 41700
172 58 32 118 272 41800
172 58 32 118 272 41900
172 58 32 118 272 42000
173 58 32 118 273 42100
173 58 32 118 273 42200
173 58 32 118 273 42300
174 58 32 118 273 42400
174 58 32 118 273 42500
175 58 32 118 274 42600
176 58 32 118 275 42700
177 58 32 118 275 42800
177 58 32 118 275 42900
178 58 32 118 275 43000
178 58 32 118 276 43100
180 58 32 118 276 43200
180 58 32 118 276 43300
180 58 32 118 277 43400
180 58 32 118 277 43500
180 58 32 119 278 43600
180 58 32 119 280 43700
180 58 32 119 282 43800
180 58 32 119 283 43900
180 58 32 119 286 44000
180 59 33 120 287 44100
180 59 33 120 288 44200
180 59 33 120 289 44300
180 59 33 121 291 44400
181 59 33 121 293 44500
182 59 33 121 294 44600
182 59 33 122 294 44700
182 59 33 123 296 44800
182 59 33 123 297 44900
182 59 33 124 298 45000
182 59 33 124 300 45100
182 59 33 125 303 45200
182 59 33 125 303 45300
182 59 33 125 304 45400
183 60 33 126 305 45500
183 60 34 126 306 45600
183 60 34 126 307 45700
184 61 34 126 309 45800
184 61 34 126 309 45900
184 61 34 126 309 46000
184 61 34 127 311 46100
184 61 34 127 313 46200
184 61 34 128 313 46300
184 61 34 128 314 46400
185 61 34 129 314 46500
185 61 34 130 316 46600
185 62 34 130 317 46700
186 62 34 131 319 46800
186 62 34 131 320 46900
186 62 34 132 321 47000
186 62 34 132 322 47100
186 62 34 132 322 47200
186 62 34 132 322 47300
187 62 35 132 322 47400
187 62 36 133 322 47500
187 62 36 135 323 47600
187 62 36 135 323 47700
188 62 36 135 323 47800
188 62 37 135 323 47900
189 62 37 135 324 48000
189 62 37 135 324 48100
189 62 37 135 324 48200
190 62 37 135 324 48300
190 62 37 135 325 48400
190 62 37 135 325 48500
190 62 37 135 326 48600
190 62 37 135 327 48700
190 62 37 135 327 48800
191 62 37 135 327 48900
191 63 37 135 328 49000
191 63 37 136 328 49100
191 63 37 137 328 49200
191 63 37 137 330 49300
192 63 37 137 330 49400
193 63 37 137 330 49500
193 63 37 137 330 49600
193 63 37 137 330 49700
193 63 37 137 331 49800
193 63 37 137 332 49900
2 0 0 0 0 0
3 0 0 0 2 100
5 0 0 0 4 200
6 0 0 0 4 300
7 0 0 0 4 400
9 0 0 0 4 500
11 0 0 0 4 600
11 0 0 0 4 700
12 0 0 0 4 800
12 0 0 1 4 900
12 0 0 1 4 1000
12 0 0 1 4 1100
13 0 0 1 4 1200
14 0 0 1 4 1300
15 0 0 1 4 1400
15 0 0 1 5 1500
15 0 0 1 5 1600
15 0 0 1 5 1700
15 0 0 1 5 1800
16 0 0 1 6 1900
18 0 0 1 6 2000
18 0 0 1 6 2100
20 0 0 2 6 2200
22 0 0 2 6 2300
22 0 0 2 9 2400
22 0 0 2 9 2500
22 0 0 2 11 2600
22 0 0 2 11 2700
22 0 0 2 12 2800
23 0 0 2 13 2900
23 0 0 2 14 3000
24 0 0 2 14 3100
25 0 0 2 14 3200
25 0 0 2 16 3300
26 0 0 2 18 3400
26 0 0 2 18 3500
26 0 0 2 18 3600
26 0 0 2 18 3700
27 0 0 3 18 3800
27 0 0 3 19 3900
27 0 0 3 20 4000
27 0 0 4 23 4100
29 0 0 5 25 4200
29 2 0 5 26 4300
29 2 0 6 29 4400
29 2 0 6 32 4500
29 2 0 6 34 4600
29 2 0 6 35 4700
30 2 0 6 37 4800
30 2 0 6 39 4900
30 3 0 6 41 5000
33 3 0 6 42 5100
34 3 0 7 44 5200
36 3 0 7 46 5300
36 4 0 8 46 5400
36 4 0 8 49 5500
36 5 0 8 49 5600
36 5 0 8 50 5700
37 5 0 9 50 5800
37 6 1 10 50 5900
38 6 1 10 52 6000
38 6 1 10 53 6100
38 6 1 11 53 6200
38 6 1 12 53 6300
38 6 1 13 53 6400
38 6 1 13 54 6500
38 6 1 14 55 6600
39 6 1 14 56 6700
39 6 1 14 56 6800
39 6 1 14 57 6900
40 6 1 14 57 7000
42 6 1 14 58 7100
44 6 1 14 58 7200
44 6 1 14 58 7300
44 6 1 14 58 7400
45 6 1 14 59 7500
45 6 1 14 59 7600
45 6 1 15 61 7700
45 7 1 15 61 7800
45 7 1 15 63 7900
45 7 1 15 63 8000
47 7 1 15 64 8100
47 7 1 15 64 8200
47 7 1 16 65 8300
48 7 1 16 67 8400
48 8 1 17 68 8500
48 8 1 17 68 8600
48 8 1 17 69 8700
48 8 1 17 70 8800
50 8 1 17 71 8900
50 8 1 18 71 9000
51 8 1 19 72 9100
52 8 1 19 72 9200
52 8 1 19 72 9300
52 9 1 20 75 9400
53 9 1 21 76 9500
55 11 1 21 76 9600
57 11 1 21 78 9700
57 11 1 21 79 9800
57 12 1 21 79 9900
58 13 2 22 81 10000
59 14 2 22 83 10100
59 14 3 22 83 10200
60 14 3 22 84 10300
61 14 4 22 84 10400
61 14 4 23 85 10500
62 15 4 24 86 10600
62 15 4 24 87 10700
62 15 4 25 88 10800
63 16 4 26 90 10900
63 16 4 26 91 11000
64 16 4 26 92 11100
65 16 4 26 95 11200
65 16 4 28 96 11300
66 16 4 28 97 11400
67 16 4 28 97 11500
68 16 4 28 97 11600
68 16 5 31 97 11700
68 16 5 31 98 11800
68 16 5 31 99 11900
69 16 5 31 99 12000
69 16 6 31 101 12100
69 16 6 31 101 12200
69 16 6 31 102 12300
69 16 6 31 102 12400
69 16 6 31 102 12500
69 16 6 31 104 12600
69 16 6 32 104 12700
69 17 6 32 104 12800
69 17 6 34 104 12900
69 17 6 34 104 13000
69 17 6 34 105 13100
69 18 6 34 105 13200
69 18 6 34 106 13300
69 18 6 34 106 13400
70 18 6 34 107 13500
71 18 6 34 109 13600
71 18 6 34 109 13700
71 18 6 34 111 13800
72 18 6 34 112 13900
72 18 6 34 112 14000
72 18 6 34 114 14100
72 18 6 34 114 14200
72 18 6 34 115 14300
73 18 6 35 115 14400
74 18 6 35 116 14500
74 18 6 35 116 14600
74 18 6 35 116 14700
74 18 7 36 117 14800
75 18 7 36 118 14900
75 18 7 36 118 15000
75 18 8 36 118 15100
75 18 8 36 119 15200
75 18 8 36 121 15300
76 18 8 37 123 15400
76 19 9 37 124 15500
77 19 9 37 125 15600
77 19 9 37 126 15700
78 19 9 37 126 15800
78 19 9 37 129 15900
78 19 9 37 129 16000
78 19 9 37 131 16100
78 19 9 38 132 16200
78 19 9 38 132 16300
78 19 9 38 132 16400
78 19 9 38 132 16500
79 19 9 38 133 16600
79 19 9 38 133 16700
79 19 9 38 134 16800
80 19 9 38 134 16900
80 19 10 40 134 17000
80 19 10 40 135 17100
80 19 11 40 135 17200
80 19 11 41 136 17300
80 19 11 41 137 17400
80 19 11 41 137 17500
80 19 11 41 138 17600
80 19 11 41 139 17700
80 19 12 41 140 17800
80 19 12 42 141 17900
80 19 12 43 143 18000
80 19 13 43 144 18100
80 19 13 44 147 18200
81 19 13 44 148 18300
82 19 13 44 150 18400
82 19 13 45 150 18500
82 19 13 47 150 18600
82 19 13 48 152 18700
82 19 13 48 152 18800
82 19 13 48 152 18900
82 19 14 48 153 19000
82 19 14 48 154 19100
82 19 14 48 154 19200
83 19 15 48 155 19300
85 20 15 48 155 19400
88 20 15 49 156 19500
89 20 16 49 157 19600
89 20 16 49 157 19700
89 20 16 50 157 19800
89 20 16 51 157 19900
89 20 16 51 157 20000
89 20 16 52 158 20100
89 20 16 52 159 20200
89 20 16 53 159 20300
89 20 16 53 159 20400
89 20 16 53 159 20500
89 20 16 54 159 20600
90 20 16 54 159 20700
90 20 16 54 160 20800
90 21 16 54 160 20900
90 21 16 54 161 21000
90 21 17 55 162 21100
90 21 17 55 162 21200
90 21 17 55 163 21300
90 21 17 55 164 21400
90 21 17 55 165 21500
92 21 17 55 165 21600
93 22 17 56 165 21700
95 22 17 56 166 21800
95 22 17 56 167 21900
95 22 17 56 167 22000
95 22 17 57 167 22100
95 22 17 57 168 22200
96 22 17 57 168 22300
97 22 17 58 168 22400
99 22 17 59 168 22500
101 22 17 59 169 22600
103 22 17 60 169 22700
104 22 17 60 171 22800
104 22 17 60 172 22900
104 22 17 60 172 23000
104 22 17 62 173 23100
105 22 17 62 173 23200
105 22 17 62 173 23300
105 22 17 62 173 23400
105 23 17 62 173 23500
106 23 17 62 174 23600
108 23 17 63 176 23700
110 23 17 64 179 23800
111 23 17 64 180 23900
111 23 17 65 180 24000
113 23 17 66 181 24100
114 23 17 66 181 24200
114 23 17 66 182 24300
115 23 17 67 183 24400
115 23 17 67 183 24500
115 23 17 67 183 24600
115 23 17 68 184 24700
115 23 18 68 184 24800
115 23 18 69 185 24900
115 23 18 69 185 25000
116 24 18 71 185 25100
116 24 18 71 185 25200
116 24 18 71 185 25300
116 25 18 72 185 25400
116 25 18 72 185 25500
117 25 18 72 185 25600
117 25 18 72 188 25700
118 25 19 72 188 25800
119 25 19 72 188 25900
120 25 19 73 188 26000
121 25 20 73 189 26100
121 25 20 74 190 26200
122 25 20 74 191 26300
122 25 21 74 191 26400
122 25 21 74 191 26500
122 25 21 76 191 26600
123 25 21 76 191 26700
123 25 21 76 191 26800
123 25 21 76 192 26900
123 26 21 76 193 27000
123 26 21 76 193 27100
124 26 21 78 194 27200
124 26 21 78 194 27300
125 26 21 78 196 27400
126 26 21 78 197 27500
126 26 21 78 198 27600
126 27 21 78 200 27700
127 27 21 78 200 27800
128 27 21 78 201 27900
130 27 21 78 203 28000
131 27 21 79 203 28100
131 27 21 79 204 28200
131 27 22 79 204 28300
131 27 22 79 205 28400
131 28 22 79 207 28500
131 28 22 79 208 28600
132 29 22 80 209 28700
134 29 22 80 210 28800
135 29 22 80 211 28900
135 29 23 80 213 29000
136 30 23 80 216 29100
137 30 23 81 216 29200
137 30 23 81 217 29300
137 30 23 82 217 29400
137 30 23 82 217 29500
137 31 23 82 219 29600
137 31 23 82 220 29700
137 31 23 82 220 29800
137 31 23 82 220 29900
137 31 23 82 220 30000
137 31 23 82 220 30100
137 31 23 82 221 30200
137 31 23 82 222 30300
137 31 23 82 222 30400
137 31 23 82 223 30500
137 31 23 82 225 30600
138 31 24 82 226 30700
138 31 24 83 227 30800
138 31 24 84 228 30900
138 31 24 84 229 31000
138 31 24 84 229 31100
138 31 24 84 229 31200
139 31 24 84 230 31300
139 31 24 84 230 31400
139 31 24 84 231 31500
139 31 24 84 232 31600
139 31 24 85 233 31700
140 31 24 85 233 31800
141 31 24 85 233 31900
141 31 24 85 233 32000
141 31 24 85 233 32100
141 31 24 85 234 32200
141 31 24 87 234 32300
141 31 24 88 235 32400
141 31 24 88 235 32500
141 31 24 88 235 32600
142 31 25 89 236 32700
142 31 25 89 236 32800
142 31 25 89 236 32900
142 31 25 89 236 33000
142 31 25 89 236 33100
142 31 25 91 236 33200
142 31 25 91 236 33300
142 31 25 91 236 33400
143 31 25 91 236 33500
143 31 25 91 236 33600
143 31 25 91 236 33700
143 31 25 91 236 33800
144 31 25 91 237 33900
145 32 25 91 237 34000
145 32 25 91 238 34100
146 32 25 91 239 34200
146 32 25 91 240 34300
146 32 25 91 241 34400
146 32 25 91 242 34500
147 32 25 91 244 34600
148 32 25 91 244 34700
148 32 25 91 247 34800
148 32 25 92 247 34900
148 32 25 92 248 35000
148 32 25 93 250 35100
148 32 25 93 251 35200
148 32 25 94 253 35300
149 32 25 94 254 35400
149 32 25 95 255 35500
149 32 25 95 257 35600
149 32 25 96 258 35700
150 32 25 96 259 35800
150 32 25 97 261 35900
150 32 25 97 261 36000
150 32 25 97 261 36100
151 32 25 97 262 36200
152 32 25 98 263 36300
153 32 25 99 265 36400
154 32 25 99 265 36500
154 32 25 99 267 36600
154 32 25 99 267 36700
155 32 25 99 269 36800
155 32 25 99 269 36900
155 32 25 99 269 37000
155 32 25 99 269 37100
155 32 25 99 271 37200
155 32 25 99 271 37300
155 32 25 99 271 37400
157 32 25 99 271 37500
157 32 25 99 272 37600
157 32 25 100 272 37700
157 32 25 100 272 37800
157 32 25 100 273 37900
157 32 25 101 274 38000
158 32 25 101 276 38100
159 32 25 101 277 38200
159 32 25 102 278 38300
159 32 25 102 278 38400
159 32 25 102 279 38500
159 32 25 102 279 38600
159 32 25 103 280 38700
160 32 25 103 282 38800
160 32 25 103 283 38900
161 32 25 103 284 39000
161 32 25 104 284 39100
162 32 25 105 284 39200
162 32 25 106 285 39300
162 32 25 106 286 39400
162 33 25 108 286 39500
162 33 26 108 288 39600
162 33 26 109 288 39700
162 33 26 109 288 39800
163 33 26 110 290 39900
164 34 26 111 290 40000
164 34 26 111 290 40100
164 34 26 111 290 40200
165 34 26 111 290 40300
165 34 26 111 291 40400
165 34 26 111 291 40500
165 34 26 111 294 40600
166 35 26 111 294 40700
166 35 26 111 295 40800
166 35 26 111 295 40900
167 35 26 111 295 41000
167 35 26 112 295 41100
167 35 26 112 296 41200
168 35 26 112 298 41300
168 37 26 112 299 41400
168 37 26 112 299 41500
168 38 26 112 300 41600
168 39 26 112 301 41700
169 39 26 112 302 41800
169 39 26 112 303 41900
169 39 27 112 303 42000
169 39 27 113 304 42100
170 39 27 114 304 42200
170 39 28 114 304 42300
172 39 28 115 304 42400
172 39 28 116 304 42500
172 39 29 116 304 42600
172 39 29 116 304 42700
172 39 29 116 305 42800
172 39 29 117 306 42900
174 39 30 117 309 43000
174 39 31 118 309 43100
175 39 31 118 311 43200
175 39 31 120 311 43300
175 40 31 121 312 43400
176 40 31 122 314 43500
176 40 31 122 318 43600
176 40 31 123 319 43700
177 40 32 123 320 43800
178 40 32 124 320 43900
178 40 32 125 321 44000
178 40 32 125 321 44100
179 40 33 125 321 44200
179 40 33 125 322 44300
179 40 33 125 323 44400
179 40 34 126 324 44500
179 40 34 126 325 44600
179 40 34 126 328 44700
179 40 34 126 329 44800
179 40 34 126 329 44900
179 40 34 126 330 45000
179 40 34 126 330 45100
179 40 34 127 330 45200
179 40 34 128 330 45300
179 40 34 128 330 45400
179 40 34 128 330 45500
179 40 34 128 330 45600
179 40 34 128 332 45700
179 40 34 128 334 45800
179 40 34 129 334 45900
179 41 34 130 334 46000
179 41 34 130 335 46100
180 41 34 130 337 46200
180 42 35 131 338 46300
180 42 35 131 339 46400
180 42 35 131 339 46500
180 42 36 131 339 46600
180 42 36 131 340 46700
180 42 37 132 340 46800
181 42 37 132 341 46900
181 42 38 132 341 47000
181 42 38 133 341 47100
181 42 38 133 343 47200
181 42 38 133 345 47300
181 42 38 133 345 47400
181 42 38 133 346 47500
181 43 38 133 348 47600
181 43 38 133 348 47700
181 43 38 133 350 47800
181 43 38 133 352 47900
182 43 38 133 352 48000
182 43 38 133 355 48100
182 43 38 133 355 48200
182 43 38 133 355 48300
183 43 38 133 355 48400
183 43 38 134 356 48500
183 43 38 134 356 48600
183 43 38 135 357 48700
184 43 38 136 357 48800
185 43 39 136 358 48900
186 43 39 136 359 49000
186 44 39 136 360 49100
186 44 39 136 361 49200
186 44 39 137 361 49300
186 44 39 137 361 49400
186 44 39 137 362 49500
187 44 39 137 362 49600
188 44 39 137 362 49700
188 44 39 137 363 49800
188 44 39 137 364 49900
1 0 0 0 0 0
1 0 0 0 1 100
1 0 0 0 2 200
2 0 0 0 2 300
2 0 0 0 2 400
2 0 0 0 2 500
3 0 0 0 2 600
4 0 0 0 2 700
4 0 0 0 2 800
4 0 0 0 2 900
5 0 0 0 2 1000
5 0 0 0 2 1100
5 0 0 0 2 1200
5 0 0 0 2 1300
5 0 0 0 2 1400
7 0 0 0 3 1500
7 0 0 0 3 1600
9 0 0 0 3 1700
12 0 0 0 3 1800
12 0 0 0 3 1900
12 0 0 0 3 2000
12 0 0 0 3 2100
13 0 0 0 3 2200
13 0 0 0 4 2300
13 0 0 0 5 2400
14 0 0 0 6 2500
14 0 0 0 6 2600
14 0 0 0 6 2700
14 0 0 0 7 2800
15 0 0 0 7 2900
15 0 0 0 8 3000
15 0 0 0 9 3100
15 0 0 0 9 3200
16 0 0 1 9 3300
16 0 0 1 11 3400
16 0 0 2 11 3500
16 0 0 3 11 3600
16 0 0 3 11 3700
16 0 0 3 12 3800
17 0 0 3 12 3900
17 0 0 3 13 4000
17 0 0 3 13 4100
17 0 0 3 14 4200
17 0 0 3 15 4300
17 0 0 3 16 4400
17 0 0 3 17 4500
17 0 0 3 18 4600
17 0 0 3 19 4700
17 0 0 3 20 4800
17 0 0 3 23 4900
17 0 0 4 23 5000
17 0 0 4 24 5100
17 0 0 4 26 5200
18 0 0 4 27 5300
19 0 0 4 27 5400
19 0 0 4 27 5500
21 0 0 5 27 5600
21 0 0 6 27 5700
22 0 0 7 28 5800
22 0 0 7 28 5900
23 0 0 7 28 6000
24 0 0 7 28 6100
25 0 0 7 29 6200
26 0 0 7 29 6300
26 0 0 7 30 6400
26 0 0 7 30 6500
26 0 0 7 32 6600
26 0 0 7 32 6700
26 0 0 7 33 6800
26 1 0 8 34 6900
26 1 0 8 34 7000
26 1 0 8 34 7100
27 1 0 8 34 7200
27 1 0 8 35 7300
27 1 0 8 36 7400
27 1 0 8 37 7500
29 1 0 8 37 7600
30 1 0 8 38 7700
31 2 0 8 39 7800
31 2 1 9 41 7900
31 2 1 9 42 8000
31 2 1 9 43 8100
31 2 1 9 43 8200
31 2 1 9 43 8300
33 2 1 10 43 8400
34 2 1 11 44 8500
36 2 1 11 45 8600
37 3 1 12 45 8700
37 3 1 13 45 8800
37 3 1 13 46 8900
40 3 1 13 47 9000
40 3 1 15 49 9100
40 3 1 15 49 9200
40 3 1 15 49 9300
40 3 1 15 50 9400
41 3 1 17 50 9500
41 3 1 17 51 9600
41 3 1 17 51 9700
41 3 1 17 52 9800
41 3 1 17 52 9900
41 3 1 17 53 10000
41 3 1 17 53 10100
41 3 1 17 53 10200
42 3 1 17 53 10300
42 3 1 18 53 10400
44 3 1 18 54 10500
45 3 1 19 54 10600
46 4 2 19 56 10700
46 5 2 19 59 10800
46 5 2 19 62 10900
48 5 3 19 66 11000
50 5 3 19 68 11100
50 5 4 19 69 11200
51 5 4 19 71 11300
51 5 4 19 72 11400
53 5 4 20 72 11500
53 5 4 20 72 11600
54 5 4 20 72 11700
54 5 4 20 72 11800
54 5 4 20 73 11900
54 5 4 20 74 12000
54 5 4 20 74 12100
54 5 4 20 74 12200
54 5 4 20 74 12300
54 5 4 20 75 12400
54 5 4 20 76 12500
54 5 4 20 77 12600
54 6 4 20 77 12700
55 6 4 20 80 12800
56 6 4 20 80 12900
57 7 4 20 80 13000
57 7 5 20 81 13100
57 8 5 20 81 13200
57 8 5 20 82 13300
57 8 5 20 83 13400
58 8 5 20 83 13500
58 8 5 20 83 13600
58 8 5 20 83 13700
58 8 5 20 83 13800
58 8 5 20 83 13900
58 8 5 20 85 14000
58 8 5 20 85 14100
59 8 5 20 85 14200
59 8 5 20 85 14300
59 8 5 20 87 14400
59 8 5 20 88 14500
59 8 5 20 88 14600
59 8 5 20 89 14700
60 8 5 20 89 14800
60 8 5 20 89 14900
60 9 5 20 90 15000
60 10 5 20 91 15100
60 10 5 21 93 15200
60 11 6 21 93 15300
60 11 6 21 93 15400
60 11 6 22 94 15500
61 11 6 22 97 15600
61 11 6 23 97 15700
61 11 6 23 97 15800
61 11 6 23 98 15900
61 11 6 24 99 16000
61 11 6 24 99 16100
62 11 6 24 101 16200
63 11 6 24 101 16300
63 12 6 26 102 16400
63 13 6 26 104 16500
63 13 6 26 105 16600
63 13 6 26 106 16700
63 13 6 26 106 16800
63 13 6 26 108 16900
64 13 6 28 110 17000
65 14 6 29 110 17100
65 14 6 29 112 17200
66 14 6 30 112 17300
67 14 6 30 112 17400
67 14 6 30 113 17500
67 14 6 30 115 17600
67 14 6 30 115 17700
67 14 6 30 117 17800
67 14 6 31 119 17900
67 14 6 31 120 18000
67 14 6 33 122 18100
69 14 6 34 122 18200
69 14 6 34 122 18300
69 14 6 35 123 18400
69 14 6 36 123 18500
69 14 6 36 123 18600
69 14 6 38 123 18700
70 15 6 38 124 18800
70 15 6 38 125 18900
70 15 6 38 126 19000
70 15 7 38 128 19100
70 15 7 38 129 19200
71 15 7 38 129 19300
72 15 7 38 131 19400
72 15 7 38 132 19500
72 15 8 38 132 19600
72 15 8 38 133 19700
72 15 8 38 134 19800
73 15 8 39 135 19900
73 15 8 39 135 20000
73 15 8 39 135 20100
73 15 8 42 135 20200
73 15 8 42 135 20300
74 15 8 42 136 20400
74 15 8 42 136 20500
74 15 8 42 136 20600
74 15 9 43 137 20700
74 15 9 43 138 20800
74 15 9 43 139 20900
74 15 10 43 139 21000
74 15 10 44 141 21100
74 15 11 45 142 21200
74 15 11 45 146 21300
74 15 12 45 147 21400
74 15 12 46 148 21500
74 15 12 47 149 21600
75 15 12 50 149 21700
76 15 12 50 149 21800
76 15 12 50 150 21900
77 16 13 50 151 22000
77 16 13 50 151 22100
77 16 14 51 152 22200
77 16 14 51 156 22300
78 16 14 51 158 22400
78 16 14 51 158 22500
78 16 14 51 159 22600
78 16 14 51 159 22700
78 16 14 51 159 22800
79 16 14 51 160 22900
79 17 14 51 162 23000
80 17 14 51 164 23100
80 17 15 51 167 23200
80 17 15 51 168 23300
80 17 15 52 171 23400
80 17 15 53 171 23500
81 17 15 53 173 23600
81 17 15 53 173 23700
81 17 15 53 173 23800
81 17 15 53 174 23900
82 17 15 53 175 24000
82 17 15 54 176 24100
82 18 15 54 176 24200
82 18 16 54 176 24300
82 19 16 55 177 24400
82 19 17 55 177 24500
82 20 17 55 178 24600
83 20 17 55 179 24700
83 20 17 55 180 24800
83 20 17 55 182 24900
83 20 17 55 183 25000
85 20 17 55 184 25100
85 20 17 55 184 25200
86 20 17 57 185 25300
86 20 17 57 185 25400
87 20 17 57 186 25500
87 20 17 58 187 25600
88 20 17 59 187 25700
89 21 17 59 188 25800
89 21 17 61 192 25900
89 22 17 61 192 26000
91 22 17 61 196 26100
91 23 17 61 197 26200
91 23 17 61 197 26300
91 23 17 61 197 26400
91 23 18 61 197 26500
91 23 18 61 198 26600
92 23 18 61 199 26700
92 23 18 61 200 26800
92 23 19 62 200 26900
92 23 19 62 203 27000
92 23 19 62 203 27100
92 24 20 62 204 27200
92 24 20 62 205 27300
92 24 21 62 205 27400
92 24 21 62 206 27500
92 24 21 62 206 27600
93 24 21 62 207 27700
93 24 21 63 207 27800
93 24 21 63 208 27900
93 24 21 63 210 28000
93 24 21 63 210 28100
93 24 21 63 213 28200
93 25 21 63 213 28300
93 25 21 63 215 28400
94 25 21 64 216 28500
95 25 21 64 217 28600
95 25 21 65 218 28700
95 25 21 65 220 28800
96 26 21 65 222 28900
96 27 21 67 222 29000
97 27 21 67 224 29100
98 28 21 68 226 29200
98 28 23 68 227 29300
98 28 23 68 230 29400
98 28 23 68 230 29500
99 29 23 70 230 29600
99 29 24 71 230 29700
99 29 24 71 233 29800
99 29 24 71 233 29900
99 29 25 72 233 30000
99 29 26 73 234 30100
99 30 26 73 235 30200
100 30 27 74 237 30300
100 30 27 74 238 30400
100 30 29 74 238 30500
101 31 29 74 241 30600
101 31 30 74 242 30700
101 31 30 74 242 30800
101 31 31 74 243 30900
101 31 31 74 244 31000
101 31 31 74 245 31100
102 31 31 75 246 31200
102 31 32 75 247 31300
102 32 32 75 247 31400
102 32 33 75 248 31500
102 32 33 75 248 31600
102 33 34 75 253 31700
103 34 34 75 254 31800
103 34 34 75 256 31900
103 34 34 75 256 32000
105 34 34 75 256 32100
105 34 34 75 256 32200
107 34 34 75 258 32300
109 35 34 75 260 32400
109 35 34 76 260 32500
109 35 35 77 261 32600
109 35 35 78 261 32700
110 35 35 78 263 32800
110 35 36 78 265 32900
110 35 36 78 267 33000
110 35 36 79 269 33100
110 35 36 79 270 33200
110 35 37 79 271 33300
110 35 37 79 271 33400
110 35 37 79 272 33500
110 35 38 80 273 33600
110 35 38 80 273 33700
111 35 38 81 276 33800
111 35 38 81 278 33900
111 35 38 81 280 34000
111 35 38 81 281 34100
111 35 38 81 281 34200
111 35 38 82 282 34300
111 35 38 83 283 34400
111 35 38 83 283 34500
111 35 38 83 283 34600
111 35 38 83 283 34700
111 35 38 84 283 34800
112 35 38 86 283 34900
112 35 38 86 284 35000
112 35 38 86 284 35100
112 35 38 86 284 35200
112 35 38 87 284 35300
112 35 38 87 284 35400
112 35 38 88 284 35500
112 35 38 88 284 35600
112 35 38 89 286 35700
112 35 38 89 286 35800
112 35 38 89 286 35900
112 35 38 89 286 36000
112 35 38 89 287 36100
112 35 38 90 287 36200
112 35 38 90 287 36300
112 35 38 90 287 36400
112 35 38 90 288 36500
113 35 38 90 289 36600
113 35 38 90 290 36700
113 35 38 90 291 36800
113 35 39 91 291 36900
113 35 39 92 294 37000
113 35 39 93 295 37100
113 35 40 93 295 37200
113 35 40 93 295 37300
113 35 41 93 296 37400
114 35 41 94 297 37500
114 35 41 95 297 37600
115 35 41 95 297 37700
115 35 42 95 298 37800
115 36 42 96 299 37900
115 36 42 96 300 38000
116 36 42 97 300 38100
116 36 42 97 300 38200
117 36 42 97 301 38300
117 36 42 97 301 38400
118 36 42 97 301 38500
119 36 42 97 302 38600
120 36 42 97 302 38700
120 36 42 97 302 38800
120 36 42 98 302 38900
120 36 42 98 302 39000
120 36 42 98 304 39100
120 36 43 98 305 39200
120 36 44 98 305 39300
120 36 44 98 306 39400
121 36 44 99 308 39500
121 36 44 99 308 39600
121 36 44 99 308 39700
121 36 44 100 308 39800
121 36 44 100 309 39900
121 36 44 100 309 40000
121 36 44 100 309 40100
121 36 44 100 310 40200
121 36 44 100 310 40300
121 36 44 100 311 40400
122 36 44 102 311 40500
122 36 44 102 312 40600
122 36 44 102 312 40700
122 36 44 102 312 40800
122 36 44 102 313 40900
122 36 44 102 313 41000
122 36 44 102 314 41100
122 36 44 102 314 41200
122 36 44 102 314 41300
122 36 44 102 314 41400
122 36 44 102 314 41500
123 36 44 102 316 41600
123 36 44 102 317 41700
123 36 44 102 317 41800
123 36 44 103 318 41900
123 36 44 103 318 42000
123 36 44 104 319 42100
124 36 44 104 321 42200
124 36 44 105 321 42300
124 36 44 105 321 42400
124 36 44 105 321 42500
124 36 44 105 322 42600
125 36 44 105 322 42700
125 36 45 105 322 42800
125 36 45 105 324 42900
125 36 46 106 324 43000
125 37 46 106 324 43100
125 37 46 106 326 43200
125 38 46 107 328 43300
126 38 46 107 329 43400
126 38 46 107 330 43500
126 38 46 108 332 43600
127 38 47 108 332 43700
127 38 47 108 333 43800
127 39 47 108 333 43900
127 39 48 109 334 44000
127 39 48 109 334 44100
127 40 48 109 335 44200
127 40 48 109 337 44300
127 40 48 109 337 44400
128 40 48 109 338 44500
128 40 48 110 339 44600
128 40 48 110 339 44700
128 40 48 110 340 44800
128 41 48 110 340 44900
128 41 48 110 340 45000
128 41 48 111 342 45100
128 41 49 111 342 45200
128 41 49 111 343 45300
128 42 49 111 344 45400
128 42 49 111 345 45500
128 42 49 112 345 45600
128 42 49 112 345 45700
128 42 49 112 346 45800
128 42 49 112 346 45900
128 42 49 113 347 46000
128 42 49 114 348 46100
128 42 49 115 348 46200
128 42 49 115 349 46300
128 42 49 115 350 46400
128 42 49 115 351 46500
128 42 49 115 351 46600
128 42 49 115 351 46700
128 42 49 116 351 46800
128 42 49 117 351 46900
129 43 49 118 351 47000
130 43 49 118 351 47100
131 44 49 118 352 47200
131 44 50 118 353 47300
131 44 50 119 353 47400
131 44 50 120 353 47500
131 45 50 121 356 47600
131 45 50 121 356 47700
131 45 50 123 356 47800
131 45 50 123 356 47900
131 45 50 123 358 48000
131 45 50 123 358 48100
131 45 50 123 360 48200
132 45 50 123 360 48300
134 46 50 124 360 48400
134 46 50 124 360 48500
134 46 50 124 360 48600
135 46 50 125 360 48700
137 46 50 126 362 48800
137 46 50 126 365 48900
137 47 50 126 366 49000
137 47 50 127 368 49100
137 47 50 129 369 49200
137 47 50 130 371 49300
138 47 50 133 371 49400
138 47 50 134 371 49500
138 47 50 135 372 49600
138 48 50 135 375 49700
138 48 50 136 378 49800
138 49 50 136 378 49900
0 0 0 0 0 0
0 0 0 0 1 100
0 0 0 0 2 200
1 0 0 0 2 300
1 0 0 0 2 400
2 0 0 0 2 500
2 0 0 0 3 600
3 0 0 0 3 700
4 0 0 0 3 800
4 0 0 0 3 900
4 0 0 0 3 1000
4 0 0 0 3 1100
4 0 0 0 3 1200
4 0 0 0 3 1300
4 0 0 0 3 1400
4 0 0 0 3 1500
4 0 0 0 3 1600
5 0 0 0 4 1700
5 0 0 0 4 1800
5 0 0 0 4 1900
5 0 0 0 4 2000
5 0 0 0 4 2100
6 0 0 0 4 2200
6 0 0 0 4 2300
6 0 0 0 5 2400
6 0 0 0 6 2500
6 0 0 0 8 2600
7 0 0 0 9 2700
7 0 0 0 9 2800
8 0 1 0 9 2900
8 0 1 0 9 3000
8 0 1 0 10 3100
9 0 1 0 10 3200
11 0 1 1 10 3300
11 0 1 1 11 3400
11 0 1 1 12 3500
12 0 1 2 13 3600
12 0 1 2 13 3700
12 0 1 2 13 3800
12 0 1 2 13 3900
12 0 1 2 13 4000
12 0 1 2 15 4100
14 1 1 3 15 4200
14 1 1 3 16 4300
14 1 2 3 16 4400
14 1 2 3 16 4500
14 1 2 4 17 4600
14 1 2 4 19 4700
15 1 2 4 22 4800
17 1 2 4 23 4900
17 2 4 4 26 5000
17 2 4 4 28 5100
17 2 4 4 30 5200
17 2 4 5 30 5300
17 2 5 5 32 5400
17 2 5 5 32 5500
17 2 5 5 34 5600
17 2 5 5 35 5700
18 2 5 5 35 5800
18 2 5 5 37 5900
18 3 5 6 37 6000
19 3 5 6 39 6100
20 3 5 8 39 6200
20 3 5 9 41 6300
20 4 5 9 42 6400
21 4 5 10 44 6500
21 4 5 11 45 6600
22 4 5 11 45 6700
23 4 5 11 48 6800
23 4 5 11 48 6900
23 4 5 11 48 7000
24 4 5 11 48 7100
24 4 6 13 48 7200
24 4 6 13 50 7300
26 4 6 13 51 7400
26 4 6 14 52 7500
27 4 6 14 53 7600
28 4 6 14 53 7700
28 4 6 15 55 7800
29 4 6 15 57 7900
30 4 6 15 58 8000
30 5 6 15 58 8100
30 5 6 16 65 8200
34 5 6 16 65 8300
35 5 6 16 65 8400
35 5 6 17 65 8500
36 5 6 17 65 8600
38 5 6 19 66 8700
41 6 6 20 66 8800
43 6 6 20 66 8900
45 6 6 20 66 9000
46 6 7 20 66 9100
47 6 7 20 66 9200
48 6 7 20 68 9300
48 6 7 20 68 9400
48 6 7 20 68 9500
48 6 7 21 71 9600
49 6 7 21 71 9700
50 6 7 21 71 9800
51 6 7 22 71 9900
51 6 7 22 71 10000
51 6 7 22 73 10100
51 8 7 22 75 10200
51 8 7 22 75 10300
51 8 7 22 75 10400
51 8 7 23 76 10500
51 8 7 23 77 10600
51 8 7 23 78 10700
51 8 7 23 79 10800
51 8 7 23 79 10900
51 8 7 23 80 11000
51 8 7 24 81 11100
51 8 7 24 83 11200
51 8 7 24 83 11300
51 9 7 25 84 11400
51 9 7 25 84 11500
52 9 7 26 85 11600
52 9 7 26 85 11700
52 9 7 27 86 11800
52 9 7 27 86 11900
52 9 7 27 86 12000
52 9 7 27 86 12100
52 9 7 27 88 12200
52 9 7 27 91 12300
52 9 7 27 92 12400
52 9 7 27 95 12500
52 9 7 27 98 12600
54 9 7 27 99 12700
55 9 7 27 99 12800
55 9 7 27 99 12900
56 9 7 28 100 13000
59 9 7 28 100 13100
59 9 7 28 101 13200
61 9 7 28 101 13300
61 9 7 28 103 13400
63 9 7 29 105 13500
64 9 7 30 105 13600
64 9 7 30 105 13700
65 9 7 31 105 13800
65 9 7 31 105 13900
65 9 7 31 108 14000
65 9 7 31 109 14100
65 9 7 31 109 14200
65 9 7 31 109 14300
65 9 7 31 110 14400
66 9 8 31 111 14500
66 9 8 32 111 14600
66 9 8 34 111 14700
66 9 8 34 111 14800
66 9 8 35 111 14900
66 9 8 35 113 15000
66 10 8 35 113 15100
67 10 8 36 114 15200
68 10 8 36 114 15300
73 10 8 36 117 15400
75 11 8 38 117 15500
77 12 8 38 119 15600
79 13 8 38 119 15700
79 13 8 38 120 15800
80 13 8 38 122 15900
82 13 8 39 124 16000
82 13 8 39 126 16100
82 13 8 40 126 16200
82 13 8 40 127 16300
83 13 8 40 128 16400
83 14 8 40 129 16500
83 14 8 40 130 16600
83 14 8 40 131 16700
84 14 8 40 132 16800
84 14 8 41 134 16900
85 14 8 41 134 17000
85 14 8 41 135 17100
86 14 8 41 137 17200
86 14 8 41 137 17300
86 14 8 44 138 17400
86 14 8 44 140 17500
86 14 8 44 142 17600
86 14 8 44 142 17700
87 14 8 44 143 17800
89 14 8 44 144 17900
90 14 8 44 144 18000
90 14 8 44 145 18100
91 14 8 44 146 18200
92 14 8 44 147 18300
92 14 8 44 147 18400
92 14 8 44 147 18500
92 14 8 44 147 18600
93 14 8 45 147 18700
93 14 8 45 147 18800
94 14 8 46 147 18900
94 14 8 46 148 19000
94 14 8 46 149 19100
95 14 8 46 151 19200
95 14 8 46 152 19300
96 14 8 47 153 19400
96 14 8 49 154 19500
97 14 8 49 155 19600
97 14 8 49 156 19700
98 14 8 49 156 19800
99 14 8 49 158 19900
100 14 9 49 159 20000
102 14 9 50 161 20100
102 14 9 50 161 20200
103 14 9 50 161 20300
104 14 10 50 163 20400
104 14 10 50 163 20500
104 14 10 50 164 20600
105 14 10 52 167 20700
106 14 10 52 167 20800
107 14 10 53 168 20900
107 14 10 54 169 21000
107 14 10 54 171 21100
107 14 10 54 171 21200
107 15 10 54 173 21300
108 15 10 54 173 21400
108 15 11 54 173 21500
109 15 11 54 173 21600
110 15 12 54 174 21700
110 16 12 55 174 21800
110 16 12 55 174 21900
110 16 12 55 174 22000
110 17 12 55 175 22100
110 17 12 55 175 22200
111 17 12 55 176 22300
112 17 13 55 177 22400
113 17 13 55 178 22500
115 17 15 56 179 22600
117 17 15 56 179 22700
117 17 15 56 181 22800
117 18 16 57 184 22900
117 18 16 59 185 23000
117 18 17 59 186 23100
119 18 17 59 186 23200
120 18 17 59 190 23300
120 18 18 59 190 23400
120 18 18 59 193 23500
121 18 18 59 193 23600
121 18 18 59 194 23700
122 18 18 59 194 23800
122 18 18 60 194 23900
122 18 18 60 196 24000
122 19 18 60 197 24100
122 19 18 60 198 24200
123 20 18 61 200 24300
123 21 18 62 200 24400
124 21 18 62 200 24500
125 21 18 62 200 24600
125 21 18 63 201 24700
127 21 18 63 201 24800
127 21 18 63 201 24900
127 21 18 63 202 25000
128 21 18 63 203 25100
129 21 18 65 203 25200
130 21 18 65 204 25300
131 21 18 65 206 25400
131 22 18 65 206 25500
134 22 18 66 206 25600
136 22 18 66 207 25700
139 22 18 66 208 25800
142 22 18 66 208 25900
144 22 18 66 208 26000
147 22 18 66 208 26100
150 22 18 66 209 26200
153 22 19 66 209 26300
154 22 19 66 209 26400
155 22 19 66 209 26500
157 22 19 66 209 26600
158 22 19 66 209 26700
159 22 19 66 209 26800
160 22 19 66 209 26900
160 22 19 66 209 27000
160 22 20 66 211 27100
160 22 20 66 212 27200
161 22 20 66 212 27300
163 22 20 66 213 27400
163 23 20 66 213 27500
164 23 20 67 214 27600
164 23 20 67 216 27700
165 23 20 67 217 27800
166 23 20 67 217 27900
166 23 20 67 217 28000
166 23 20 67 219 28100
166 23 20 67 221 28200
167 24 20 67 222 28300
170 24 20 69 223 28400
172 24 20 69 224 28500
172 24 20 70 225 28600
172 25 21 72 227 28700
172 25 21 73 228 28800
172 25 21 73 229 28900
173 25 21 73 233 29000
173 26 22 73 235 29100
173 26 22 73 235 29200
174 26 22 74 235 29300
175 26 22 75 237 29400
175 26 22 75 238 29500
175 26 22 75 238 29600
176 26 22 75 239 29700
176 26 22 75 241 29800
176 27 22 75 241 29900
176 27 22 75 241 30000
176 27 22 76 241 30100
178 27 22 76 242 30200
178 27 23 76 242 30300
178 27 23 78 244 30400
178 27 23 78 246 30500
181 28 23 78 247 30600
181 28 23 78 247 30700
181 29 23 78 249 30800
181 29 23 78 250 30900
181 29 23 78 251 31000
181 29 23 78 251 31100
181 29 23 78 254 31200
181 29 23 78 255 31300
181 29 23 80 257 31400
182 29 24 80 257 31500
182 29 25 82 257 31600
184 29 25 83 260 31700
185 29 25 83 261 31800
186 31 25 83 262 31900
186 31 25 83 263 32000
186 32 25 83 264 32100
186 33 25 84 266 32200
187 33 25 84 267 32300
187 33 25 84 267 32400
187 33 26 86 268 32500
187 33 26 86 269 32600
187 33 26 86 270 32700
188 33 26 87 270 32800
188 33 26 87 272 32900
188 34 26 88 272 33000
188 34 26 88 274 33100
188 36 26 88 276 33200
188 36 26 88 276 33300
188 37 26 89 276 33400
188 37 26 89 277 33500
190 37 26 89 277 33600
190 37 26 89 278 33700
193 37 26 89 281 33800
193 37 26 89 282 33900
193 37 26 90 282 34000
195 37 26 90 282 34100
196 37 26 90 282 34200
196 37 26 90 283 34300
196 37 26 90 283 34400
196 37 26 91 283 34500
196 37 26 92 283 34600
196 37 26 92 284 34700
196 37 26 93 285 34800
196 37 26 93 287 34900
197 37 26 93 288 35000
197 37 26 93 289 35100
197 37 26 93 289 35200
198 37 26 93 289 35300
198 37 26 93 292 35400
198 37 26 93 294 35500
198 37 26 94 295 35600
198 38 26 95 295 35700
198 38 26 95 298 35800
198 38 26 95 299 35900
198 38 26 95 300 36000
198 39 26 95 302 36100
198 39 26 95 303 36200
198 39 26 97 306 36300
198 39 26 97 306 36400
198 39 26 97 309 36500
198 39 26 97 312 36600
198 39 26 97 312 36700
199 39 26 98 313 36800
199 39 27 98 314 36900
199 39 27 98 316 37000
199 39 27 99 317 37100
199 39 28 99 318 37200
199 39 28 99 318 37300
200 39 28 99 320 37400
200 39 28 99 320 37500
200 39 28 99 320 37600
200 39 28 99 320 37700
200 39 28 99 320 37800
200 39 28 99 320 37900
201 40 28 99 321 38000
202 40 28 99 321 38100
202 40 28 99 321 38200
202 40 28 99 321 38300
202 40 28 99 322 38400
202 41 28 99 322 38500
202 41 28 99 322 38600
202 41 28 99 323 38700
202 42 29 99 323 38800
203 42 29 99 325 38900
203 42 29 99 326 39000
204 42 29 99 326 39100
207 42 29 99 327 39200
207 42 29 100 328 39300
207 42 29 100 330 39400
207 43 29 100 331 39500
207 43 29 101 332 39600
207 43 29 102 332 39700
207 43 29 102 332 39800
207 43 29 104 333 39900
207 43 29 104 334 40000
207 44 29 105 335 40100
208 45 29 105 337 40200
208 45 29 106 338 40300
208 46 29 106 339 40400
208 46 29 106 340 40500
208 47 29 106 340 40600
208 47 29 106 341 40700
208 48 29 106 342 40800
210 48 29 106 343 40900
211 48 29 106 343 41000
211 48 29 106 343 41100
212 48 29 106 343 41200
212 48 29 107 343 41300
213 48 29 107 343 41400
214 49 29 107 343 41500
214 49 29 108 344 41600
215 49 29 108 345 41700
216 49 29 109 345 41800
216 49 29 109 345 41900
216 49 29 111 345 42000
216 49 29 111 345 42100
216 50 29 111 345 42200
216 50 29 112 345 42300
216 50 29 112 347 42400
216 50 29 112 348 42500
216 50 29 112 348 42600
217 50 29 112 349 42700
218 50 29 112 349 42800
218 50 29 113 349 42900
219 50 29 113 351 43000
219 51 29 113 351 43100
219 51 29 114 351 43200
219 51 29 114 352 43300
219 51 29 114 353 43400
219 51 29 114 355 43500
219 51 29 115 357 43600
220 51 29 115 359 43700
221 51 29 116 360 43800
221 51 29 116 360 43900
221 51 29 117 360 44000
221 51 29 117 362 44100
223 51 29 118 363 44200
223 51 29 118 364 44300
223 51 29 118 367 44400
224 51 29 118 368 44500
225 51 29 118 369 44600
225 51 29 119 372 44700
225 51 29 119 372 44800
225 52 29 120 373 44900
225 52 29 121 373 45000
225 52 30 122 374 45100
225 52 30 123 374 45200
226 52 30 124 375 45300
226 53 31 124 376 45400
226 53 31 124 376 45500
226 53 31 125 378 45600
227 53 31 125 379 45700
227 53 31 125 380 45800
227 53 31 125 381 45900
227 53 31 126 382 46000
227 53 31 127 382 46100
227 53 31 128 382 46200
228 53 31 129 382 46300
228 53 31 129 382 46400
228 53 31 130 383 46500
229 53 31 131 383 46600
229 53 31 132 385 46700
229 53 31 132 385 46800
229 53 31 132 386 46900
229 53 31 132 386 47000
229 53 31 133 388 47100
229 53 31 133 388 47200
229 53 31 134 388 47300
229 53 31 134 389 47400
229 53 31 135 390 47500
229 53 31 135 391 47600
229 53 31 136 391 47700
229 53 31 136 391 47800
229 53 31 136 391 47900
229 53 31 137 392 48000
231 53 31 137 392 48100
231 53 31 137 392 48200
232 53 31 137 394 48300
232 53 31 137 394 48400
232 53 31 137 395 48500
232 53 31 137 396 48600
232 53 31 137 397 48700
232 53 31 138 398 48800
232 53 31 138 399 48900
233 53 31 138 400 49000
233 53 31 138 401 49100
233 53 31 139 401 49200
233 53 31 141 402 49300
233 53 31 142 403 49400
233 53 32 143 403 49500
233 53 32 143 404 49600
234 53 32 143 404 49700
234 53 32 143 404 49800
234 53 32 144 405 49900
0 0 0 0 0 0
0 0 0 0 1 100
0 0 0 0 2 200
0 0 0 0 2 300
1 0 0 0 2 400
1 0 0 0 2 500
1 0 0 0 2 600
1 0 0 0 2 700
1 0 0 0 2 800
1 0 0 0 2 900
1 0 0 0 2 1000
1 0 0 0 2 1100
1 0 0 0 2 1200
1 0 0 0 2 1300
1 0 0 0 2 1400
1 0 0 0 2 1500
1 0 0 0 2 1600
2 0 0 0 2 1700
3 0 0 0 2 1800
3 0 0 0 2 1900
3 0 0 0 2 2000
3 0 0 0 2 2100
3 0 0 0 2 2200
3 0 0 0 2 2300
5 0 0 0 2 2400
6 0 0 0 3 2500
6 0 0 0 4 2600
6 0 0 0 4 2700
7 0 0 0 5 2800
9 0 0 0 5 2900
10 0 0 0 5 3000
10 0 0 0 5 3100
10 0 0 0 6 3200
13 0 0 0 6 3300
16 0 0 0 6 3400
17 0 0 0 6 3500
19 0 0 0 6 3600
22 0 0 0 8 3700
22 0 0 0 9 3800
22 0 1 0 9 3900
22 0 1 0 9 4000
22 0 2 1 10 4100
22 0 2 1 11 4200
22 0 3 2 12 4300
22 1 3 2 12 4400
22 1 3 2 13 4500
22 1 3 4 14 4600
22 1 3 4 14 4700
22 1 3 4 15 4800
22 2 4 6 16 4900
23 2 4 7 17 5000
23 3 5 7 18 5100
23 3 5 7 20 5200
24 3 5 8 22 5300
25 3 5 8 22 5400
25 3 5 8 25 5500
26 3 5 8 26 5600
27 3 5 8 29 5700
28 4 5 8 30 5800
29 4 5 8 30 5900
29 4 5 8 31 6000
30 5 5 8 31 6100
30 5 5 10 31 6200
30 5 5 10 31 6300
32 5 5 10 31 6400
33 5 5 11 32 6500
34 5 5 11 32 6600
36 5 5 12 33 6700
36 5 5 13 36 6800
37 5 5 13 38 6900
37 5 6 14 39 7000
38 5 6 14 39 7100
38 5 6 15 39 7200
40 5 6 15 40 7300
41 5 6 15 40 7400
41 5 7 15 41 7500
41 5 7 15 41 7600
41 5 8 16 42 7700
41 5 8 17 43 7800
41 5 9 17 44 7900
43 5 9 17 46 8000
43 5 9 18 47 8100
43 5 9 18 47 8200
43 5 9 19 47 8300
45 5 9 19 47 8400
45 5 9 20 47 8500
45 5 9 21 47 8600
46 5 9 21 47 8700
46 5 9 22 47 8800
47 5 9 22 47 8900
49 5 9 23 49 9000
52 5 9 23 49 9100
54 5 9 23 50 9200
54 5 9 23 52 9300
55 5 9 24 53 9400
55 5 10 24 54 9500
55 5 10 24 55 9600
55 5 10 25 55 9700
55 5 11 25 55 9800
55 5 11 25 56 9900
55 5 11 25 56 10000
55 6 12 25 56 10100
55 6 12 25 57 10200
55 6 13 25 58 10300
55 6 13 25 60 10400
55 6 13 25 61 10500
57 6 13 26 62 10600
58 6 13 26 65 10700
59 6 13 26 65 10800
59 6 13 26 65 10900
59 6 13 29 65 11000
59 7 13 30 66 11100
59 7 13 30 71 11200
59 7 13 31 71 11300
59 7 13 31 73 11400
60 7 13 32 75 11500
60 7 13 32 75 11600
60 7 13 32 75 11700
60 7 13 32 76 11800
60 7 13 33 76 11900
60 7 13 33 76 12000
60 7 13 33 76 12100
60 7 13 33 76 12200
60 7 13 33 76 12300
61 7 13 33 76 12400
61 7 13 33 76 12500
62 7 13 34 77 12600
62 7 14 34 77 12700
63 7 14 34 77 12800
63 7 14 34 77 12900
64 7 14 34 77 13000
64 7 14 34 77 13100
64 7 14 34 77 13200
64 7 14 34 77 13300
64 7 14 34 78 13400
64 7 14 34 78 13500
64 7 14 34 79 13600
64 7 14 34 79 13700
64 7 14 35 79 13800
64 7 14 35 80 13900
65 7 14 35 80 14000
65 7 14 35 81 14100
65 7 14 35 82 14200
65 7 14 35 83 14300
65 7 14 35 84 14400
65 7 14 35 86 14500
65 7 14 37 86 14600
66 8 14 37 89 14700
67 9 14 37 90 14800
67 9 14 37 93 14900
67 10 14 37 93 15000
67 10 14 37 96 15100
67 10 14 37 96 15200
67 10 14 37 97 15300
67 10 14 38 98 15400
69 10 14 38 99 15500
69 10 15 38 99 15600
69 10 15 39 100 15700
69 11 16 39 101 15800
69 11 16 39 101 15900
70 11 16 40 101 16000
71 11 16 40 101 16100
71 11 16 40 101 16200
71 11 16 41 101 16300
71 11 16 41 101 16400
71 11 16 41 101 16500
71 11 16 41 102 16600
72 11 16 41 102 16700
72 11 16 41 102 16800
72 11 16 41 102 16900
72 11 16 41 102 17000
72 11 16 41 103 17100
72 11 16 41 103 17200
72 11 16 41 103 17300
72 12 16 42 104 17400
72 12 16 42 104 17500
72 13 16 42 105 17600
72 13 16 42 106 17700
72 13 16 42 107 17800
73 13 16 42 107 17900
73 13 16 42 107 18000
74 13 17 42 107 18100
75 13 17 42 107 18200
75 13 17 42 109 18300
75 13 17 43 110 18400
75 13 17 43 110 18500
75 13 17 43 110 18600
75 13 17 43 110 18700
75 13 17 43 110 18800
76 13 17 43 112 18900
76 13 17 43 112 19000
76 13 17 43 112 19100
76 13 17 44 113 19200
78 13 17 44 113 19300
78 13 17 45 115 19400
79 13 17 45 115 19500
80 13 17 46 116 19600
81 13 17 46 116 19700
81 13 17 46 117 19800
81 13 18 46 118 19900
81 13 18 46 118 20000
81 13 18 46 119 20100
81 13 18 46 119 20200
81 13 18 46 119 20300
81 13 18 46 119 20400
81 13 18 46 119 20500
81 13 18 46 120 20600
81 13 18 47 121 20700
81 13 18 47 122 20800
81 13 18 47 124 20900
81 13 18 47 124 21000
81 13 18 48 124 21100
82 13 18 48 125 21200
82 13 18 48 127 21300
82 13 18 48 128 21400
82 13 18 48 130 21500
82 13 18 48 133 21600
83 13 18 50 133 21700
84 13 18 50 134 21800
85 13 18 50 134 21900
86 13 19 50 135 22000
86 13 19 50 135 22100
87 13 19 50 137 22200
88 13 19 50 138 22300
88 13 19 50 139 22400
89 13 19 50 139 22500
90 13 19 50 139 22600
90 13 19 50 141 22700
90 13 19 50 142 22800
90 13 19 50 143 22900
91 13 19 51 143 23000
91 13 19 51 143 23100
91 13 19 52 144 23200
91 13 19 52 144 23300
91 13 19 52 146 23400
91 13 19 52 146 23500
91 13 19 52 147 23600
92 13 19 52 148 23700
93 13 20 52 149 23800
93 13 20 52 151 23900
93 13 20 52 154 24000
94 14 20 52 154 24100
96 15 20 52 155 24200
97 15 20 52 156 24300
97 15 20 52 156 24400
98 15 20 52 157 24500
99 15 20 52 158 24600
99 17 20 52 159 24700
99 17 20 52 159 24800
100 18 20 52 159 24900
100 18 20 52 159 25000
100 18 20 52 160 25100
101 18 20 52 161 25200
101 18 20 52 161 25300
102 18 20 52 162 25400
105 18 20 52 162 25500
105 18 20 52 162 25600
105 18 20 52 162 25700
105 18 20 52 162 25800
105 18 20 52 162 25900
105 18 20 52 162 26000
105 18 20 52 162 26100
105 18 20 52 162 26200
105 18 20 52 163 26300
105 18 20 52 164 26400
105 18 20 52 164 26500
106 18 20 52 164 26600
107 18 21 52 164 26700
107 18 21 52 167 26800
108 18 21 53 167 26900
108 18 21 53 168 27000
108 18 21 53 169 27100
108 18 22 55 170 27200
108 18 22 55 171 27300
109 18 22 55 175 27400
109 18 22 55 175 27500
110 18 22 56 177 27600
110 18 23 56 177 27700
110 18 23 57 179 27800
110 18 23 57 182 27900
110 18 23 58 182 28000
110 18 23 58 182 28100
110 18 23 58 183 28200
110 18 23 58 184 28300
110 19 23 58 184 28400
110 19 23 58 184 28500
110 19 23 58 184 28600
110 19 23 58 184 28700
110 19 23 58 186 28800
111 19 23 58 186 28900
112 19 23 58 188 29000
113 19 23 59 190 29100
113 19 23 59 191 29200
113 19 23 59 192 29300
113 19 23 59 192 29400
114 19 23 60 192 29500
114 19 23 61 193 29600
114 19 23 61 193 29700
114 19 23 62 193 29800
114 19 23 62 193 29900
114 19 23 62 193 30000
114 19 23 63 194 30100
114 19 23 63 195 30200
114 19 23 63 195 30300
114 19 23 64 197 30400
115 19 23 64 198 30500
115 19 23 64 198 30600
116 19 23 64 199 30700
116 19 23 64 200 30800
116 19 23 64 202 30900
116 19 23 64 203 31000
116 19 23 64 204 31100
116 19 23 64 205 31200
116 19 24 64 207 31300
116 19 24 64 208 31400
116 19 24 66 209 31500
116 19 24 66 210 31600
116 20 24 67 211 31700
116 20 24 68 212 31800
117 20 24 68 213 31900
117 20 24 68 216 32000
117 20 24 68 216 32100
118 20 25 68 217 32200
118 20 25 69 219 32300
118 20 25 70 222 32400
118 20 25 70 223 32500
118 20 25 71 225 32600
118 20 25 71 225 32700
118 20 25 72 225 32800
118 20 25 72 226 32900
118 20 25 72 227 33000
118 20 25 72 229 33100
120 20 25 72 230 33200
120 20 25 72 230 33300
120 20 25 72 231 33400
120 20 25 72 231 33500
121 20 25 72 232 33600
123 20 25 72 234 33700
124 20 25 72 235 33800
124 21 25 72 235 33900
125 21 25 72 238 34000
128 21 25 72 238 34100
129 21 25 72 238 34200
129 21 25 72 238 34300
129 21 25 73 238 34400
129 21 25 73 238 34500
129 21 25 73 238 34600
129 21 25 73 238 34700
129 21 25 73 239 34800
130 21 25 74 240 34900
130 21 25 74 240 35000
130 21 25 74 241 35100
130 21 25 75 241 35200
130 21 25 75 241 35300
130 21 25 75 241 35400
131 22 25 76 243 35500
132 22 26 76 243 35600
132 22 27 76 244 35700
132 22 27 77 244 35800
132 23 27 77 245 35900
133 23 27 77 246 36000
134 23 27 78 247 36100
136 23 27 78 247 36200
137 23 27 78 249 36300
138 23 27 78 251 36400
139 23 27 78 251 36500
139 23 28 78 252 36600
139 23 28 78 253 36700
139 23 29 79 254 36800
139 23 29 80 256 36900
139 23 29 80 256 37000
139 23 29 80 256 37100
139 23 29 80 256 37200
142 23 29 80 256 37300
143 23 29 80 257 37400
144 23 29 80 257 37500
144 23 30 80 257 37600
144 23 31 80 258 37700
144 23 31 81 259 37800
145 23 31 82 259 37900
145 23 32 82 260 38000
145 23 33 82 260 38100
145 23 33 83 260 38200
147 23 34 83 261 38300
148 23 34 83 262 38400
148 23 34 83 262 38500
148 23 34 83 263 38600
149 23 34 84 264 38700
149 23 34 84 264 38800
149 23 34 84 264 38900
150 23 34 84 265 39000
150 23 34 84 266 39100
150 23 34 85 266 39200
150 23 34 85 266 39300
150 23 34 85 266 39400
150 23 34 86 267 39500
150 23 34 86 268 39600
150 23 34 86 268 39700
150 23 34 86 268 39800
150 23 34 86 268 39900
150 23 34 86 269 40000
150 25 34 87 269 40100
151 25 34 88 270 40200
151 25 34 88 270 40300
151 25 34 89 270 40400
151 26 34 90 270 40500
151 26 34 90 270 40600
151 26 34 90 271 40700
151 26 34 90 271 40800
151 27 35 90 273 40900
152 27 35 90 273 41000
152 27 35 90 274 41100
152 27 35 90 276 41200
153 28 35 90 277 41300
154 28 35 90 277 41400
155 28 35 90 279 41500
156 28 35 91 281 41600
156 29 35 91 284 41700
156 29 35 91 286 41800
156 29 35 91 287 41900
156 29 35 91 289 42000
157 29 35 91 290 42100
158 29 35 91 290 42200
158 29 35 92 290 42300
158 29 35 92 294 42400
159 29 35 92 295 42500
159 29 35 92 295 42600
159 29 35 93 295 42700
159 29 35 94 295 42800
159 29 36 95 296 42900
160 29 36 96 297 43000
160 29 36 96 297 43100
160 29 37 97 298 43200
160 29 37 97 300 43300
160 29 37 97 303 43400
160 29 37 97 305 43500
160 31 37 97 306 43600
160 31 37 97 307 43700
160 31 37 97 309 43800
160 31 37 97 309 43900
160 31 37 97 310 44000
160 31 37 97 310 44100
160 31 37 97 310 44200
160 31 37 97 310 44300
160 31 37 97 310 44400
160 31 37 97 310 44500
160 32 38 98 311 44600
160 32 38 99 312 44700
160 32 39 100 315 44800
160 32 39 100 316 44900
160 32 39 100 318 45000
160 32 39 101 319 45100
160 32 39 101 319 45200
160 32 39 101 320 45300
160 33 39 101 321 45400
160 33 39 102 322 45500
160 33 39 102 324 45600
160 33 39 102 325 45700
160 33 39 102 325 45800
160 33 40 103 325 45900
160 33 40 103 325 46000
160 33 40 103 327 46100
160 33 40 104 327 46200
160 33 40 104 327 46300
160 33 40 105 327 46400
160 33 40 105 327 46500
160 33 40 105 327 46600
161 33 40 105 327 46700
161 33 40 105 328 46800
162 33 40 106 328 46900
162 33 40 106 329 47000
163 33 40 106 330 47100
163 33 40 106 330 47200
163 33 40 106 331 47300
163 33 40 106 331 47400
163 33 40 106 335 47500
163 33 40 106 335 47600
163 33 40 106 337 47700
163 33 40 106 339 47800
163 33 40 106 340 47900
163 33 41 106 342 48000
163 33 42 106 343 48100
163 33 42 106 343 48200
163 33 42 106 344 48300
163 33 42 106 344 48400
163 33 42 106 345 48500
163 33 42 106 346 48600
163 33 42 106 346 48700
163 33 42 106 347 48800
164 33 42 106 348 48900
164 33 42 106 349 49000
164 33 42 106 352 49100
164 33 42 107 352 49200
165 33 42 107 354 49300
165 33 42 108 354 49400
165 33 42 108 354 49500
165 33 43 110 355 49600
165 33 43 110 355 49700
165 33 43 110 357 49800
165 33 44 110 357 49900
1 0 0 0 0 0
2 0 0 0 0 100
2 0 0 0 0 200
3 0 0 0 1 300
3 0 0 1 1 400
3 0 0 2 1 500
3 0 0 2 1 600
4 0 0 2 1 700
4 0 0 2 2 800
4 0 0 2 2 900
4 0 0 2 3 1000
4 0 0 2 3 1100
4 0 0 2 3 1200
5 0 0 2 3 1300
5 0 0 2 4 1400
5 0 0 2 4 1500
5 0 0 2 5 1600
5 0 0 2 5 1700
5 0 0 2 6 1800
5 0 0 2 6 1900
5 0 0 2 6 2000
5 0 0 2 6 2100
5 0 0 3 6 2200
5 0 0 3 6 2300
5 0 0 3 7 2400
5 0 0 3 7 2500
5 0 0 3 8 2600
6 0 0 4 9 2700
7 0 0 5 9 2800
9 0 0 6 11 2900
10 0 0 8 11 3000
10 0 0 8 12 3100
10 0 0 8 15 3200
11 0 0 8 15 3300
11 0 0 8 17 3400
12 0 0 8 17 3500
14 0 1 9 17 3600
17 0 1 9 17 3700
18 0 1 10 19 3800
18 0 1 10 19 3900
19 0 1 10 19 4000
20 0 1 10 19 4100
20 0 2 10 21 4200
20 0 2 10 21 4300
20 1 2 10 23 4400
20 1 2 10 24 4500
20 1 2 10 24 4600
20 2 2 10 25 4700
20 2 2 10 25 4800
21 2 2 10 27 4900
21 3 2 10 29 5000
21 3 2 10 30 5100
21 4 2 10 31 5200
21 4 2 11 34 5300
21 4 3 11 37 5400
22 4 3 11 39 5500
23 4 3 11 41 5600
23 4 3 11 42 5700
24 4 3 11 43 5800
25 4 3 11 45 5900
25 5 4 12 46 6000
25 6 4 13 46 6100
25 6 4 13 48 6200
25 7 5 15 49 6300
25 7 5 15 50 6400
25 7 5 15 50 6500
26 8 5 15 51 6600
29 8 5 15 52 6700
29 9 5 15 52 6800
30 9 5 15 54 6900
30 9 5 16 54 7000
31 10 5 16 55 7100
32 10 6 16 55 7200
34 10 6 17 55 7300
34 11 7 18 57 7400
34 11 7 18 59 7500
34 11 7 18 62 7600
34 11 7 18 62 7700
34 11 7 19 63 7800
35 12 7 20 67 7900
35 12 9 20 67 8000
36 12 9 21 69 8100
36 12 9 21 71 8200
36 12 9 21 72 8300
37 15 9 21 74 8400
38 15 9 22 74 8500
39 15 9 22 75 8600
39 15 9 23 75 8700
40 15 9 24 77 8800
41 15 9 24 77 8900
41 15 9 25 78 9000
41 15 9 25 79 9100
41 15 9 25 79 9200
42 15 9 25 79 9300
43 15 9 25 80 9400
43 15 9 25 81 9500
44 15 9 25 82 9600
45 15 9 25 82 9700
45 15 9 26 82 9800
45 15 9 26 83 9900
45 15 9 26 83 10000
46 15 10 26 83 10100
46 15 10 28 83 10200
47 15 10 28 85 10300
47 15 10 28 86 10400
48 15 10 28 87 10500
48 16 10 28 88 10600
49 16 10 28 88 10700
49 17 10 29 89 10800
50 17 10 29 89 10900
50 17 10 29 89 11000
51 17 10 29 89 11100
52 17 11 29 89 11200
52 17 11 29 90 11300
52 17 11 29 90 11400
52 17 11 29 90 11500
52 17 11 29 90 11600
52 17 11 29 90 11700
52 17 11 29 90 11800
52 17 11 29 91 11900
52 18 11 29 92 12000
53 18 11 31 93 12100
54 19 11 31 96 12200
54 19 12 31 97 12300
55 19 12 32 98 12400
55 19 13 33 99 12500
55 19 13 33 100 12600
56 19 13 34 101 12700
57 19 13 34 101 12800
57 19 13 34 103 12900
58 19 13 34 105 13000
59 19 14 35 106 13100
59 19 14 35 107 13200
59 19 14 35 108 13300
60 19 14 35 109 13400
60 19 14 35 109 13500
61 19 14 35 109 13600
61 19 14 35 110 13700
61 19 14 35 111 13800
62 19 14 35 111 13900
63 19 14 35 111 14000
63 19 14 35 111 14100
63 20 14 35 112 14200
65 20 14 35 112 14300
66 20 14 35 112 14400
68 20 14 35 112 14500
68 20 14 35 113 14600
68 20 14 35 113 14700
68 20 14 35 115 14800
68 21 14 35 116 14900
68 21 14 35 117 15000
68 21 14 35 117 15100
68 21 16 36 119 15200
69 22 16 38 120 15300
70 23 16 40 122 15400
71 24 16 40 125 15500
72 24 16 41 126 15600
72 24 16 41 126 15700
75 24 16 43 127 15800
75 24 16 45 127 15900
75 24 16 45 128 16000
75 24 16 46 128 16100
75 24 17 47 130 16200
76 24 17 47 133 16300
79 26 17 48 133 16400
82 26 17 48 134 16500
83 26 18 48 134 16600
84 26 18 48 135 16700
86 26 18 48 135 16800
87 26 19 49 135 16900
88 26 19 49 135 17000
88 26 19 50 135 17100
88 26 19 50 137 17200
88 26 19 50 138 17300
88 26 19 50 138 17400
89 26 19 50 139 17500
89 26 19 51 139 17600
90 26 19 52 139 17700
91 26 19 52 140 17800
91 26 20 52 141 17900
91 26 20 52 141 18000
91 26 20 55 141 18100
91 26 20 55 141 18200
91 26 20 55 143 18300
91 26 20 55 143 18400
91 26 20 55 143 18500
91 26 20 55 143 18600
91 26 20 56 143 18700
91 26 20 56 143 18800
91 26 21 57 145 18900
92 26 21 57 145 19000
92 26 21 57 145 19100
93 26 21 58 145 19200
93 26 21 58 146 19300
93 26 21 58 146 19400
93 26 21 58 146 19500
93 26 21 58 146 19600
93 26 21 58 148 19700
93 26 21 58 149 19800
94 26 21 58 151 19900
94 26 21 58 153 20000
94 26 21 58 153 20100
95 26 21 58 153 20200
95 27 21 59 154 20300
96 27 21 59 155 20400
96 27 21 61 155 20500
96 27 21 61 155 20600
96 27 21 63 155 20700
96 27 21 63 155 20800
97 27 21 64 156 20900
97 27 21 65 156 21000
97 27 21 67 157 21100
97 27 21 67 157 21200
98 27 21 67 159 21300
98 27 21 67 159 21400
98 28 21 67 159 21500
98 28 21 68 159 21600
98 28 21 68 161 21700
102 28 21 69 162 21800
102 28 22 69 162 21900
103 28 22 69 163 22000
103 28 24 69 166 22100
103 28 24 69 170 22200
103 28 25 69 172 22300
103 28 25 70 173 22400
103 28 25 70 175 22500
103 28 26 70 175 22600
104 28 26 70 178 22700
104 28 26 71 178 22800
104 28 26 72 178 22900
104 28 26 73 178 23000
104 28 26 73 182 23100
104 29 26 73 182 23200
105 29 26 73 184 23300
108 29 26 75 184 23400
108 29 26 75 186 23500
108 29 26 76 186 23600
109 30 26 76 186 23700
109 30 27 76 186 23800
109 30 27 77 189 23900
109 30 27 77 190 24000
109 31 27 77 191 24100
109 31 27 78 191 24200
109 32 27 79 192 24300
110 33 27 79 192 24400
110 33 27 80 194 24500
110 33 27 80 195 24600
111 33 27 80 195 24700
115 34 27 80 196 24800
116 34 28 80 196 24900
116 34 28 80 196 25000
116 34 28 80 197 25100
116 34 28 81 197 25200
116 34 28 82 197 25300
116 34 28 83 197 25400
116 34 28 83 197 25500
116 34 28 83 198 25600
116 34 28 85 198 25700
116 34 29 85 198 25800
116 34 29 85 199 25900
116 34 29 85 201 26000
116 34 29 85 201 26100
116 34 29 85 202 26200
116 34 30 86 203 26300
117 34 30 86 204 26400
117 34 30 86 205 26500
117 34 30 86 205 26600
117 34 30 86 206 26700
118 34 30 87 206 26800
118 34 30 89 207 26900
118 34 30 90 207 27000
118 34 30 91 207 27100
118 34 30 91 208 27200
119 34 30 92 208 27300
119 34 30 93 208 27400
119 34 30 94 208 27500
119 34 30 95 209 27600
119 34 30 95 209 27700
119 34 30 96 210 27800
121 34 30 96 211 27900
122 34 30 96 213 28000
122 34 30 96 214 28100
122 34 30 96 214 28200
122 34 31 97 215 28300
122 34 31 97 216 28400
123 34 31 98 217 28500
123 34 31 99 218 28600
124 35 31 100 219 28700
124 35 31 100 220 28800
124 35 31 102 220 28900
124 35 32 103 220 29000
124 35 32 103 220 29100
124 35 32 103 221 29200
124 35 32 103 222 29300
124 35 32 103 222 29400
124 35 32 103 223 29500
124 35 32 103 223 29600
124 35 32 103 224 29700
124 35 32 103 225 29800
125 35 32 103 227 29900
125 35 32 103 227 30000
125 35 32 103 228 30100
125 35 32 103 229 30200
125 35 32 104 229 30300
125 35 32 104 229 30400
125 35 32 105 229 30500
125 35 32 105 230 30600
125 35 32 105 231 30700
125 35 32 105 231 30800
125 35 32 106 231 30900
125 35 32 106 231 31000
125 35 32 106 232 31100
125 35 32 106 233 31200
125 35 32 106 233 31300
125 35 32 106 233 31400
126 35 32 106 233 31500
126 36 32 107 234 31600
126 36 32 108 234 31700
126 36 32 108 236 31800
126 36 32 108 236 31900
126 36 32 109 236 32000
126 36 32 109 237 32100
126 36 32 111 237 32200
126 36 32 111 238 32300
126 36 32 112 238 32400
127 36 32 112 238 32500
127 36 32 112 239 32600
128 36 32 112 240 32700
129 36 32 112 241 32800
129 36 32 112 242 32900
129 37 32 112 243 33000
129 37 32 113 244 33100
129 37 32 113 245 33200
129 37 32 113 246 33300
129 37 32 114 246 33400
129 37 32 114 246 33500
129 37 32 114 246 33600
129 37 32 114 246 33700
129 37 32 114 246 33800
129 37 32 114 247 33900
130 37 32 114 248 34000
130 37 32 114 248 34100
130 37 32 114 248 34200
130 37 32 114 248 34300
130 37 32 114 248 34400
130 37 32 114 249 34500
130 37 32 114 249 34600
130 37 32 114 250 34700
130 37 32 114 250 34800
131 37 32 114 250 34900
131 37 32 114 250 35000
131 37 32 114 251 35100
131 37 32 114 253 35200
132 37 32 114 253 35300
132 37 33 114 254 35400
132 37 33 114 254 35500
132 37 33 114 254 35600
132 37 33 114 256 35700
132 37 33 114 258 35800
132 37 33 114 259 35900
132 37 33 114 262 36000
132 37 33 115 262 36100
132 37 33 115 262 36200
133 37 33 115 262 36300
133 37 33 116 264 36400
133 37 33 116 266 36500
133 37 33 116 267 36600
133 37 33 116 267 36700
133 37 33 116 270 36800
133 37 33 116 270 36900
133 38 33 116 270 37000
133 38 33 116 272 37100
133 38 33 116 273 37200
134 38 33 116 275 37300
134 38 33 116 276 37400
134 38 34 116 276 37500
134 38 34 116 277 37600
134 38 34 118 277 37700
134 38 34 118 279 37800
134 38 34 118 281 37900
134 38 35 119 283 38000
135 39 35 119 284 38100
135 39 35 119 284 38200
135 39 35 120 286 38300
135 39 35 120 287 38400
135 39 35 121 287 38500
135 40 35 121 289 38600
136 40 35 121 290 38700
136 40 35 122 292 38800
136 40 35 122 292 38900
136 40 35 122 293 39000
136 40 35 122 293 39100
136 40 35 122 293 39200
136 40 35 122 293 39300
136 40 35 122 293 39400
136 40 35 124 293 39500
136 40 35 124 293 39600
136 40 35 125 294 39700
136 40 35 125 294 39800
136 40 35 125 295 39900
136 40 35 125 296 40000
136 40 35 125 296 40100
136 40 35 125 296 40200
136 40 35 126 296 40300
136 40 35 128 296 40400
136 40 35 128 299 40500
136 40 35 128 300 40600
136 40 35 128 300 40700
136 40 35 129 300 40800
137 40 35 131 300 40900
138 40 35 131 301 41000
138 40 36 131 302 41100
138 40 36 131 302 41200
138 40 36 131 303 41300
138 40 36 131 304 41400
138 40 36 131 304 41500
138 40 36 131 305 41600
139 40 36 131 306 41700
139 40 36 131 307 41800
139 40 36 131 307 41900
139 40 36 131 308 42000
139 40 36 131 308 42100
139 40 36 131 308 42200
139 40 36 131 308 42300
139 40 36 131 309 42400
139 40 36 131 310 42500
139 40 36 131 310 42600
139 40 36 131 310 42700
139 40 36 131 310 42800
139 41 36 131 311 42900
139 41 37 131 311 43000
139 41 37 131 312 43100
139 41 37 132 313 43200
140 41 37 132 313 43300
140 41 37 132 313 43400
140 41 37 133 313 43500
140 41 37 133 313 43600
140 41 37 133 313 43700
140 41 37 133 313 43800
140 41 37 133 313 43900
140 41 37 133 313 44000
140 41 37 133 313 44100
140 41 37 134 313 44200
140 41 37 134 313 44300
140 41 37 134 314 44400
140 42 37 134 315 44500
140 42 37 134 315 44600
140 42 37 134 315 44700
140 42 37 134 316 44800
140 42 37 134 316 44900
140 42 37 134 316 45000
140 42 37 135 316 45100
140 42 37 135 316 45200
140 42 37 135 316 45300
140 42 37 136 316 45400
140 42 37 136 316 45500
140 42 37 136 316 45600
140 42 37 137 316 45700
140 42 37 137 317 45800
140 42 38 137 317 45900
140 42 38 137 317 46000
140 42 38 138 317 46100
140 42 38 138 317 46200
140 42 38 138 319 46300
140 42 38 138 319 46400
140 42 38 138 319 46500
140 42 38 138 319 46600
140 42 38 138 320 46700
140 42 38 138 321 46800
140 42 38 138 322 46900
140 42 38 139 323 47000
140 42 38 139 324 47100
140 42 38 139 324 47200
140 42 38 139 326 47300
142 44 38 139 327 47400
142 44 38 139 329 47500
142 44 38 139 330 47600
142 44 38 140 331 47700
142 44 38 140 331 47800
142 44 38 141 332 47900
142 44 38 141 333 48000
143 44 38 141 333 48100
143 45 38 141 333 48200
143 45 38 141 334 48300
143 45 38 142 334 48400
143 45 38 142 335 48500
143 45 38 142 335 48600
143 45 38 142 336 48700
143 45 38 142 336 48800
143 45 38 142 337 48900
143 45 38 142 337 49000
143 45 38 142 338 49100
143 45 38 143 339 49200
143 45 38 143 340 49300
144 46 38 143 340 49400
144 46 38 143 342 49500
144 46 38 143 344 49600
144 46 38 143 346 49700
145 47 39 143 347 49800
145 47 39 144 348 49900
0 0 1 0 0 0
0 0 1 0 1 100
0 0 1 0 1 200
1 0 1 0 1 300
2 0 1 0 1 400
2 0 1 0 1 500
3 0 1 0 1 600
4 0 1 0 1 700
5 0 1 0 1 800
5 0 1 0 1 900
5 0 1 0 1 1000
5 0 1 0 1 1100
5 0 1 0 1 1200
5 0 1 0 1 1300
5 0 1 0 1 1400
5 0 1 0 1 1500
5 0 1 0 1 1600
5 0 1 0 1 1700
5 0 1 0 1 1800
5 0 1 0 1 1900
6 0 1 0 1 2000
7 0 1 0 1 2100
8 0 1 0 1 2200
8 0 1 0 1 2300
9 0 1 0 2 2400
9 0 1 0 3 2500
10 0 1 0 3 2600
11 0 1 0 3 2700
11 0 1 0 3 2800
11 0 1 1 3 2900
12 0 1 1 5 3000
12 0 1 2 5 3100
13 0 1 3 7 3200
13 0 1 3 7 3300
13 0 1 4 8 3400
13 0 1 4 8 3500
13 0 1 4 8 3600
13 0 1 4 9 3700
14 0 1 4 9 3800
15 0 1 5 10 3900
15 0 1 5 10 4000
16 0 1 5 10 4100
16 0 1 5 11 4200
16 1 1 5 11 4300
16 1 1 5 11 4400
16 1 1 5 11 4500
16 1 1 6 11 4600
16 1 1 6 13 4700
16 1 1 6 14 4800
17 1 1 6 15 4900
17 2 1 6 17 5000
17 3 1 7 17 5100
17 4 1 7 17 5200
18 4 1 7 18 5300
18 4 1 7 18 5400
18 5 1 7 19 5500
18 5 1 7 19 5600
19 5 1 7 19 5700
19 5 1 9 19 5800
19 5 1 9 21 5900
19 6 1 9 22 6000
19 7 1 10 23 6100
19 8 1 10 23 6200
21 9 1 11 23 6300
23 9 1 11 24 6400
24 9 2 11 26 6500
24 10 2 12 30 6600
26 10 3 13 30 6700
27 11 3 14 31 6800
28 11 3 15 34 6900
28 11 3 16 34 7000
28 11 3 16 35 7100
29 11 3 16 35 7200
30 11 3 16 35 7300
30 11 3 17 35 7400
30 11 3 17 36 7500
30 11 3 17 36 7600
30 11 3 17 36 7700
30 12 4 17 38 7800
30 12 4 17 38 7900
31 12 4 17 39 8000
31 12 4 17 40 8100
33 12 4 17 40 8200
34 12 5 18 41 8300
35 12 5 18 41 8400
35 12 5 18 44 8500
35 12 5 18 44 8600
36 12 5 19 44 8700
37 12 5 20 44 8800
38 12 5 20 44 8900
38 12 5 20 44 9000
38 12 5 20 45 9100
40 12 5 20 46 9200
40 12 6 20 46 9300
41 12 6 20 46 9400
42 12 6 20 49 9500
42 12 6 20 50 9600
43 12 6 21 50 9700
43 12 6 21 50 9800
43 12 6 21 50 9900
43 12 6 21 50 10000
43 12 6 21 51 10100
43 12 6 21 51 10200
44 12 7 22 53 10300
44 12 7 24 54 10400
44 12 7 24 55 10500
44 12 7 25 55 10600
45 12 7 25 57 10700
45 12 7 25 57 10800
46 12 7 25 59 10900
46 12 7 25 59 11000
47 12 7 26 59 11100
48 12 7 26 59 11200
49 12 7 27 61 11300
49 12 8 28 61 11400
50 12 8 28 61 11500
51 12 8 28 64 11600
52 12 9 28 66 11700
52 12 9 28 67 11800
52 12 9 28 67 11900
52 12 9 28 68 12000
52 12 9 28 69 12100
52 12 9 28 70 12200
52 12 9 28 70 12300
52 12 9 29 72 12400
53 12 9 29 72 12500
53 12 9 29 72 12600
55 12 9 30 73 12700
55 13 9 31 74 12800
55 13 9 31 74 12900
56 13 9 32 75 13000
56 13 11 33 75 13100
56 13 11 33 77 13200
56 13 12 33 79 13300
56 13 12 33 79 13400
56 13 12 33 80 13500
56 13 12 34 80 13600
56 13 12 34 80 13700
57 13 12 34 81 13800
57 13 12 34 81 13900
57 13 12 34 81 14000
58 13 12 34 81 14100
58 13 12 34 81 14200
58 13 12 34 81 14300
59 13 12 34 81 14400
59 13 12 34 81 14500
59 13 12 34 82 14600
60 13 12 34 82 14700
60 13 12 34 82 14800
60 13 12 34 82 14900
60 13 12 35 82 15000
60 13 12 36 83 15100
61 13 12 36 83 15200
61 13 12 36 83 15300
62 13 12 36 85 15400
63 13 13 37 85 15500
64 13 13 37 87 15600
64 13 13 38 88 15700
65 13 13 38 88 15800
65 13 13 38 88 15900
65 13 13 39 89 16000
66 13 13 39 89 16100
66 13 13 39 89 16200
66 13 13 39 89 16300
66 13 13 39 89 16400
66 13 13 39 89 16500
66 13 13 39 90 16600
66 13 13 39 91 16700
66 13 13 39 91 16800
66 13 13 39 92 16900
66 14 13 40 93 17000
66 14 13 42 93 17100
66 14 14 42 94 17200
67 14 14 42 94 17300
67 14 14 43 94 17400
67 15 14 44 95 17500
67 15 14 44 96 17600
67 15 14 44 96 17700
67 16 14 45 98 17800
67 16 14 46 99 17900
67 17 14 47 101 18000
67 17 14 47 102 18100
67 17 14 47 103 18200
67 18 14 47 105 18300
67 18 14 47 105 18400
67 18 14 47 106 18500
67 18 15 48 106 18600
68 18 15 48 107 18700
68 18 15 49 110 18800
69 18 15 49 112 18900
69 18 15 49 112 19000
69 18 15 51 113 19100
69 18 15 51 114 19200
69 18 15 52 116 19300
69 18 16 52 116 19400
69 19 16 52 117 19500
69 19 17 55 118 19600
69 20 17 56 118 19700
69 20 17 56 121 19800
69 20 17 56 121 19900
70 20 17 56 122 20000
71 21 17 56 123 20100
71 22 18 56 124 20200
72 22 18 56 127 20300
72 22 19 56 128 20400
72 22 19 57 131 20500
73 24 19 58 133 20600
76 24 20 58 133 20700
76 24 20 58 133 20800
77 25 20 60 136 20900
78 25 20 60 136 21000
78 25 20 60 137 21100
78 25 20 60 137 21200
79 25 20 61 137 21300
79 25 21 62 137 21400
79 25 21 62 138 21500
79 26 21 64 139 21600
79 26 21 64 140 21700
79 26 21 64 140 21800
79 26 21 64 142 21900
80 26 21 64 142 22000
80 26 21 64 142 22100
80 26 21 65 142 22200
81 26 21 65 142 22300
82 26 21 65 142 22400
82 26 21 66 143 22500
82 26 21 66 145 22600
82 26 21 66 145 22700
82 26 21 66 147 22800
82 26 21 66 151 22900
83 26 22 66 151 23000
83 26 22 66 152 23100
83 26 22 66 157 23200
83 27 22 66 157 23300
83 27 22 66 158 23400
83 27 22 66 158 23500
83 27 22 66 159 23600
83 27 22 66 159 23700
83 27 22 66 159 23800
83 27 22 66 159 23900
83 27 22 66 159 24000
83 27 22 66 159 24100
83 27 22 66 159 24200
84 27 22 66 160 24300
84 27 22 66 161 24400
84 28 22 66 162 24500
84 28 22 66 163 24600
84 28 22 66 164 24700
85 28 22 66 165 24800
85 28 22 66 166 24900
86 28 22 66 167 25000
87 28 22 66 168 25100
87 28 22 66 168 25200
87 28 22 66 170 25300
87 28 22 66 171 25400
88 28 22 67 171 25500
88 28 22 69 174 25600
88 28 22 69 175 25700
88 28 22 69 175 25800
88 28 22 70 176 25900
88 28 22 71 176 26000
88 28 22 71 177 26100
88 28 22 72 178 26200
88 28 22 72 180 26300
88 28 22 73 181 26400
88 28 22 73 182 26500
88 28 22 73 182 26600
88 28 22 73 182 26700
88 28 22 73 182 26800
88 28 22 73 182 26900
88 28 22 73 184 27000
88 29 22 73 185 27100
88 30 22 73 188 27200
88 30 23 73 188 27300
88 30 23 73 191 27400
88 30 23 73 193 27500
89 30 23 73 197 27600
89 30 23 73 197 27700
90 30 24 73 199 27800
90 30 24 73 201 27900
90 30 24 74 202 28000
90 30 24 74 202 28100
90 31 24 74 205 28200
90 31 24 74 206 28300
90 31 24 74 206 28400
90 31 24 74 206 28500
91 31 24 75 207 28600
91 31 24 76 207 28700
91 31 24 76 207 28800
91 32 24 76 208 28900
91 32 24 78 210 29000
91 32 24 78 210 29100
91 32 24 78 211 29200
91 32 24 78 211 29300
91 32 24 78 211 29400
91 32 24 78 212 29500
91 32 24 78 212 29600
91 32 24 79 212 29700
91 32 24 79 212 29800
92 32 24 80 215 29900
92 33 24 80 215 30000
92 33 24 80 215 30100
92 33 24 80 215 30200
92 33 24 81 215 30300
92 33 24 81 215 30400
94 33 24 81 216 30500
94 33 24 81 216 30600
94 35 24 81 217 30700
94 35 24 81 218 30800
94 35 24 81 220 30900
94 35 24 81 222 31000
94 35 24 81 223 31100
94 35 24 82 223 31200
94 36 24 85 224 31300
94 36 24 85 224 31400
95 36 24 85 227 31500
95 36 24 85 228 31600
95 37 24 85 230 31700
95 37 24 85 230 31800
96 37 24 85 230 31900
96 37 24 86 230 32000
97 37 24 87 230 32100
98 37 24 87 231 32200
99 37 26 87 231 32300
100 37 26 87 231 32400
100 38 26 87 233 32500
100 38 26 87 233 32600
101 38 26 87 233 32700
102 38 26 87 233 32800
102 38 26 87 233 32900
103 38 26 88 234 33000
103 38 27 88 235 33100
103 38 27 88 235 33200
103 38 27 89 236 33300
103 38 27 89 237 33400
103 38 27 90 238 33500
103 38 27 90 239 33600
104 38 27 90 240 33700
104 38 28 90 241 33800
104 38 28 90 241 33900
104 38 28 90 242 34000
104 38 28 91 242 34100
104 38 28 91 242 34200
104 38 28 92 244 34300
104 38 28 92 245 34400
104 39 28 92 245 34500
104 39 28 92 247 34600
104 41 28 92 247 34700
104 41 29 92 248 34800
104 41 29 92 248 34900
104 41 29 92 250 35000
105 42 29 92 250 35100
106 42 29 93 251 35200
106 43 29 93 253 35300
106 43 29 93 254 35400
106 43 29 93 256 35500
106 43 29 93 256 35600
106 43 29 94 256 35700
106 43 29 95 257 35800
106 43 29 95 257 35900
106 43 29 96 258 36000
106 43 29 96 258 36100
106 43 29 96 258 36200
106 43 29 96 258 36300
106 43 29 98 258 36400
106 43 29 98 258 36500
106 43 29 98 259 36600
106 43 29 98 260 36700
106 43 29 98 262 36800
106 43 29 98 262 36900
106 43 29 98 263 37000
106 43 29 98 264 37100
106 43 29 98 264 37200
107 43 29 98 265 37300
108 43 29 98 265 37400
109 43 29 99 265 37500
109 43 29 100 265 37600
109 43 29 101 265 37700
109 43 29 101 265 37800
109 43 29 101 267 37900
109 43 29 101 268 38000
110 43 29 101 270 38100
111 44 29 101 271 38200
111 44 29 101 273 38300
111 44 29 102 275 38400
111 44 29 102 279 38500
113 44 29 102 279 38600
113 44 29 102 280 38700
113 44 29 103 281 38800
113 44 29 103 281 38900
113 44 29 104 282 39000
113 44 29 104 282 39100
113 44 29 104 282 39200
113 44 29 104 283 39300
113 44 29 104 284 39400
113 44 29 104 284 39500
113 44 29 105 284 39600
113 44 29 105 285 39700
113 44 29 105 286 39800
113 44 29 105 287 39900
113 44 29 105 287 40000
113 44 29 106 287 40100
114 44 29 106 287 40200
114 44 29 109 287 40300
115 44 29 109 288 40400
115 44 30 110 288 40500
115 44 30 110 290 40600
115 45 30 110 292 40700
115 45 30 110 292 40800
115 45 30 110 292 40900
115 45 30 110 292 41000
115 45 30 111 292 41100
115 45 30 111 292 41200
115 45 30 112 292 41300
115 45 30 112 292 41400
115 45 30 112 292 41500
115 45 30 112 292 41600
115 45 30 112 293 41700
115 45 30 112 293 41800
115 45 30 112 295 41900
115 45 30 113 295 42000
115 45 30 113 299 42100
115 45 30 113 299 42200
115 45 30 113 299 42300
115 45 30 114 300 42400
115 45 30 114 301 42500
116 45 30 114 301 42600
116 45 30 114 303 42700
116 45 30 114 304 42800
116 45 30 114 306 42900
116 45 30 115 307 43000
116 45 30 115 308 43100
117 45 30 115 308 43200
118 45 30 115 309 43300
119 45 30 115 309 43400
119 45 30 116 311 43500
119 45 30 116 311 43600
119 45 30 116 312 43700
119 45 30 116 312 43800
119 46 30 116 314 43900
119 46 30 116 314 44000
119 46 30 116 317 44100
119 46 30 117 317 44200
119 47 30 117 317 44300
119 47 30 117 317 44400
120 47 30 117 318 44500
120 47 30 117 318 44600
121 47 30 117 318 44700
121 47 30 117 318 44800
121 47 30 117 318 44900
121 47 30 117 318 45000
122 47 30 117 318 45100
122 47 30 117 318 45200
122 47 30 117 318 45300
122 47 30 117 318 45400
122 47 30 117 318 45500
122 47 30 117 318 45600
122 47 30 117 321 45700
123 47 30 118 321 45800
123 47 30 118 322 45900
123 47 30 118 325 46000
123 47 30 118 325 46100
123 47 30 118 326 46200
123 47 30 118 327 46300
123 47 30 119 327 46400
123 47 30 119 328 46500
123 47 30 119 330 46600
124 47 30 119 331 46700
124 47 30 120 331 46800
124 47 30 120 331 46900
124 47 30 120 331 47000
124 47 30 120 332 47100
124 47 30 120 332 47200
124 47 30 120 332 47300
124 47 30 120 332 47400
124 47 30 120 332 47500
124 47 30 120 332 47600
125 47 30 121 332 47700
126 47 30 121 333 47800
127 47 30 121 334 47900
127 47 32 121 334 48000
127 47 32 121 336 48100
127 47 32 121 339 48200
127 47 32 121 340 48300
127 47 33 121 343 48400
127 48 33 121 344 48500
127 48 33 121 346 48600
127 48 33 122 346 48700
127 49 33 122 347 48800
127 49 33 122 347 48900
128 49 33 122 347 49000
128 49 33 122 348 49100
128 50 33 122 348 49200
128 50 33 122 348 49300
128 50 33 123 349 49400
128 50 33 123 349 49500
128 50 33 124 349 49600
128 50 33 125 350 49700
128 50 33 126 350 49800
128 50 33 127 350 49900
