0 0 0 0 0 0
0 0 0 0 0 100
0 0 0 0 0 200
0 0 0 0 0 300
1 0 0 0 0 400
2 0 0 0 0 500
4 0 0 0 0 600
5 0 0 0 0 700
6 0 0 0 0 800
7 0 0 0 0 900
10 0 0 0 0 1000
11 0 0 0 0 1100
13 0 0 0 0 1200
15 0 0 0 0 1300
16 0 0 0 0 1400
16 0 0 0 0 1500
16 0 0 0 0 1600
16 0 0 0 0 1700
16 1 0 0 0 1800
18 3 0 0 0 1900
18 4 0 0 0 2000
18 4 0 0 0 2100
19 4 0 0 0 2200
20 4 0 0 0 2300
21 4 0 0 0 2400
21 4 0 0 0 2500
21 5 0 0 0 2600
21 5 1 0 0 2700
21 5 1 0 0 2800
21 5 1 0 0 2900
21 6 1 0 0 3000
22 7 1 0 0 3100
22 8 1 0 0 3200
22 8 1 0 0 3300
22 8 1 0 0 3400
23 9 1 0 0 3500
24 9 1 0 0 3600
24 9 1 0 0 3700
24 10 1 0 0 3800
24 10 1 0 0 3900
24 10 2 0 0 4000
24 10 2 0 0 4100
25 10 2 0 0 4200
26 11 3 0 0 4300
26 11 4 0 0 4400
27 11 4 0 0 4500
28 12 6 0 0 4600
28 13 6 0 0 4700
28 13 6 0 0 4800
28 14 8 0 0 4900
30 14 8 0 0 5000
30 14 8 0 0 5100
31 14 8 0 0 5200
32 14 8 0 0 5300
32 16 9 0 0 5400
32 16 9 0 0 5500
32 16 9 0 0 5600
32 16 11 0 0 5700
32 16 11 0 0 5800
34 16 11 0 0 5900
34 16 11 0 0 6000
34 16 11 0 0 6100
36 16 12 0 0 6200
36 16 13 0 0 6300
36 16 13 0 0 6400
36 16 13 0 0 6500
37 17 14 0 0 6600
41 17 14 0 0 6700
41 18 18 0 0 6800
42 18 18 0 0 6900
42 18 18 0 0 7000
45 18 18 0 0 7100
45 18 18 0 0 7200
45 18 18 0 0 7300
45 18 18 0 0 7400
46 18 18 0 0 7500
46 18 18 0 0 7600
46 19 19 0 0 7700
46 19 19 0 0 7800
46 19 19 0 0 7900
46 19 19 0 0 8000
46 19 19 0 0 8100
47 19 20 0 0 8200
48 19 21 0 0 8300
48 19 21 0 0 8400
48 19 22 0 0 8500
48 19 22 0 0 8600
48 19 22 0 0 8700
48 19 22 0 0 8800
49 19 22 0 0 8900
49 19 22 0 0 9000
49 19 22 0 0 9100
50 19 22 0 0 9200
50 19 22 0 0 9300
50 19 23 0 0 9400
50 19 23 0 0 9500
50 19 23 0 0 9600
50 19 23 0 0 9700
50 19 23 0 0 9800
50 19 23 0 0 9900
50 19 23 0 0 10000
51 20 23 0 0 10100
51 20 23 0 0 10200
53 20 23 0 0 10300
53 20 23 0 0 10400
53 20 23 0 0 10500
53 20 23 0 0 10600
53 20 23 0 0 10700
54 20 23 0 0 10800
54 21 23 0 0 10900
55 22 23 0 0 11000
55 22 23 0 0 11100
55 22 23 0 0 11200
55 22 23 0 0 11300
55 23 23 0 0 11400
55 23 23 0 0 11500
55 23 24 0 0 11600
55 23 24 0 0 11700
56 23 24 0 0 11800
56 23 25 0 0 11900
56 23 25 0 0 12000
56 23 25 0 0 12100
56 24 25 0 0 12200
56 24 25 0 0 12300
56 24 25 0 0 12400
57 24 26 0 0 12500
57 24 26 0 0 12600
57 24 26 0 0 12700
57 24 26 0 0 12800
57 24 26 0 0 12900
57 24 26 0 0 13000
57 24 26 0 0 13100
57 24 26 0 0 13200
57 24 26 0 0 13300
57 24 26 0 0 13400
57 24 26 0 0 13500
58 24 26 0 0 13600
59 24 26 0 0 13700
60 24 26 0 0 13800
62 24 26 0 0 13900
65 24 26 0 0 14000
66 24 26 0 0 14100
67 24 26 0 0 14200
67 24 27 0 0 14300
67 24 27 0 0 14400
68 24 28 0 0 14500
68 24 28 0 0 14600
68 24 28 0 0 14700
69 24 28 0 0 14800
70 24 28 0 0 14900
70 24 28 0 0 15000
71 24 28 0 0 15100
71 24 28 0 0 15200
71 24 28 0 0 15300
71 24 28 0 0 15400
71 24 28 0 0 15500
71 24 28 0 0 15600
71 24 28 0 0 15700
71 24 28 0 0 15800
71 25 28 0 0 15900
71 25 28 0 0 16000
71 25 28 0 0 16100
71 25 28 0 0 16200
71 25 28 0 0 16300
71 25 28 0 0 16400
71 25 28 0 0 16500
71 25 28 0 0 16600
71 25 29 0 0 16700
71 25 29 0 0 16800
71 25 30 0 0 16900
71 25 30 0 0 17000
71 25 30 0 0 17100
71 25 30 0 0 17200
71 25 30 0 0 17300
71 25 30 0 0 17400
71 25 30 0 0 17500
71 25 30 0 0 17600
71 25 30 0 0 17700
71 25 31 0 0 17800
71 25 31 0 0 17900
73 25 31 0 0 18000
73 25 31 0 0 18100
73 25 31 0 0 18200
74 25 31 0 0 18300
75 25 31 0 0 18400
75 25 31 0 0 18500
75 26 31 0 0 18600
76 27 31 0 0 18700
77 27 31 0 0 18800
78 27 31 0 0 18900
78 27 31 0 0 19000
78 27 31 0 0 19100
78 28 31 0 0 19200
79 28 32 0 0 19300
79 29 32 0 0 19400
79 29 32 0 0 19500
79 29 32 0 0 19600
79 29 32 0 0 19700
79 29 32 0 0 19800
79 29 32 0 0 19900
79 29 33 0 0 20000
79 29 33 0 0 20100
79 29 33 0 0 20200
79 30 33 0 0 20300
79 30 33 0 0 20400
79 30 33 0 0 20500
80 30 33 0 0 20600
81 30 33 0 0 20700
82 30 33 0 0 20800
83 30 33 0 0 20900
83 30 33 0 0 21000
83 30 33 0 0 21100
83 30 33 0 0 21200
84 30 33 0 0 21300
84 30 33 0 0 21400
84 30 33 0 0 21500
84 30 33 0 0 21600
84 30 33 0 0 21700
84 30 33 0 0 21800
84 30 33 0 0 21900
84 30 33 0 0 22000
84 30 33 0 0 22100
84 30 33 0 0 22200
85 30 34 0 0 22300
86 30 34 0 0 22400
86 30 35 0 0 22500
86 30 35 0 0 22600
86 30 35 0 0 22700
86 30 35 0 0 22800
86 30 35 0 0 22900
86 31 35 0 0 23000
86 31 36 0 0 23100
86 32 36 0 0 23200
86 32 36 0 0 23300
88 32 36 0 0 23400
88 32 37 0 0 23500
88 32 37 0 0 23600
88 32 37 0 0 23700
88 32 37 0 0 23800
89 32 37 0 0 23900
89 33 38 0 0 24000
89 33 39 0 0 24100
90 33 40 0 0 24200
90 33 40 0 0 24300
91 33 40 0 0 24400
91 33 40 0 0 24500
92 33 40 0 0 24600
92 33 41 0 0 24700
92 33 41 0 0 24800
92 33 41 0 0 24900
92 33 41 0 0 25000
92 33 41 0 0 25100
92 33 41 0 0 25200
92 33 41 0 0 25300
92 33 41 0 0 25400
93 33 41 0 0 25500
93 33 41 0 0 25600
93 33 41 0 0 25700
93 33 41 0 0 25800
93 33 41 0 0 25900
93 33 41 0 0 26000
93 33 41 0 0 26100
93 33 41 0 0 26200
93 35 41 0 0 26300
94 36 41 0 0 26400
95 36 41 0 0 26500
95 36 41 0 0 26600
95 36 42 0 0 26700
95 36 42 0 0 26800
95 36 42 0 0 26900
95 36 42 0 0 27000
95 36 42 0 0 27100
95 36 42 0 0 27200
97 36 42 0 0 27300
99 36 42 0 0 27400
99 36 42 0 0 27500
99 36 42 0 0 27600
99 36 42 0 0 27700
100 36 42 0 0 27800
100 37 42 0 0 27900
100 37 42 0 0 28000
100 37 42 0 0 28100
100 37 42 0 0 28200
100 37 42 0 0 28300
102 37 42 0 0 28400
103 37 42 0 0 28500
103 37 42 0 0 28600
103 37 42 0 0 28700
103 37 42 0 0 28800
103 37 42 0 0 28900
103 38 42 0 0 29000
103 38 42 0 0 29100
103 38 42 0 0 29200
103 38 42 0 0 29300
103 38 42 0 0 29400
103 38 42 0 0 29500
103 38 42 0 0 29600
103 38 42 0 0 29700
103 38 42 0 0 29800
103 38 42 0 0 29900
104 38 42 0 0 30000
104 38 43 0 0 30100
105 38 43 0 0 30200
105 38 43 0 0 30300
105 38 43 0 0 30400
105 38 43 0 0 30500
105 38 43 0 0 30600
106 38 43 0 0 30700
106 38 43 0 0 30800
107 38 43 0 0 30900
107 38 44 0 0 31000
107 38 44 0 0 31100
107 38 44 0 0 31200
107 38 45 0 0 31300
107 38 45 0 0 31400
108 38 45 0 0 31500
108 38 45 0 0 31600
108 38 45 0 0 31700
108 38 45 0 0 31800
108 38 45 0 0 31900
108 38 45 0 0 32000
109 38 45 0 0 32100
109 38 45 0 0 32200
109 38 45 0 0 32300
109 38 45 0 0 32400
109 38 45 0 0 32500
110 38 45 0 0 32600
110 38 45 0 0 32700
110 38 45 0 0 32800
110 38 45 0 0 32900
110 38 45 0 0 33000
110 38 45 0 0 33100
110 38 45 0 0 33200
110 38 45 0 0 33300
110 38 45 0 0 33400
110 38 45 0 0 33500
110 38 45 0 0 33600
110 38 45 0 0 33700
110 38 45 0 0 33800
110 38 45 0 0 33900
110 38 45 0 0 34000
110 38 46 0 0 34100
110 38 46 0 0 34200
110 38 46 0 0 34300
110 38 46 0 0 34400
110 38 46 0 0 34500
110 38 47 0 0 34600
111 38 47 0 0 34700
111 38 47 0 0 34800
111 38 47 0 0 34900
111 38 47 0 0 35000
111 38 47 0 0 35100
111 38 47 0 0 35200
111 38 47 0 0 35300
111 38 47 0 0 35400
112 38 47 0 0 35500
112 39 47 0 0 35600
112 39 47 0 0 35700
112 39 47 0 0 35800
112 39 47 0 0 35900
112 39 48 0 0 36000
112 39 48 0 0 36100
112 39 48 0 0 36200
112 40 49 0 0 36300
114 41 50 0 0 36400
115 41 51 0 0 36500
116 41 52 0 0 36600
117 41 52 0 0 36700
118 41 52 0 0 36800
118 41 52 0 0 36900
118 41 52 0 0 37000
119 41 52 0 0 37100
119 42 53 0 0 37200
120 42 53 0 0 37300
121 42 53 0 0 37400
122 42 53 0 0 37500
122 43 53 0 0 37600
122 43 53 0 0 37700
123 43 53 0 0 37800
123 43 53 0 0 37900
123 43 53 0 0 38000
123 44 53 0 0 38100
123 44 53 0 0 38200
123 44 53 0 0 38300
123 44 54 0 0 38400
123 44 54 0 0 38500
124 44 55 0 0 38600
124 44 55 0 0 38700
124 44 55 0 0 38800
124 44 56 0 0 38900
124 44 57 0 0 39000
124 44 58 0 0 39100
125 44 58 0 0 39200
125 44 58 0 0 39300
126 44 58 0 0 39400
126 44 58 0 0 39500
126 44 58 0 0 39600
126 44 58 0 0 39700
126 44 58 0 0 39800
126 44 58 0 0 39900
127 44 58 0 0 40000
127 44 58 0 0 40100
127 45 59 0 0 40200
127 45 59 0 0 40300
127 45 60 0 0 40400
128 46 60 0 0 40500
128 46 61 0 0 40600
128 46 61 0 0 40700
128 46 61 0 0 40800
129 46 61 0 0 40900
130 47 62 0 0 41000
130 47 62 0 0 41100
130 47 62 0 0 41200
130 47 63 0 0 41300
130 47 64 0 0 41400
130 47 65 0 0 41500
130 47 65 0 0 41600
131 47 65 0 0 41700
131 47 65 0 0 41800
131 47 65 0 0 41900
131 47 65 0 0 42000
131 47 65 0 0 42100
131 47 65 0 0 42200
131 47 65 0 0 42300
131 47 66 0 0 42400
131 47 66 0 0 42500
131 47 66 0 0 42600
132 47 67 0 0 42700
132 47 67 0 0 42800
133 47 67 0 0 42900
133 47 67 0 0 43000
133 47 67 0 0 43100
135 47 67 0 0 43200
135 47 67 0 0 43300
135 47 67 0 0 43400
136 47 67 0 0 43500
137 47 67 0 0 43600
137 47 67 0 0 43700
137 47 67 0 0 43800
137 47 67 0 0 43900
137 47 67 0 0 44000
137 47 67 0 0 44100
137 47 67 0 0 44200
137 47 67 0 0 44300
137 47 67 0 0 44400
137 47 67 0 0 44500
137 47 67 0 0 44600
138 47 67 0 0 44700
138 47 67 0 0 44800
138 47 67 0 0 44900
139 47 67 0 0 45000
139 47 67 0 0 45100
139 47 67 0 0 45200
139 47 67 0 0 45300
139 47 67 0 0 45400
139 47 67 0 0 45500
140 47 67 0 0 45600
140 47 68 0 0 45700
140 47 68 0 0 45800
140 47 68 0 0 45900
140 47 69 0 0 46000
140 47 69 0 0 46100
140 47 69 0 0 46200
140 47 70 0 0 46300
140 47 70 0 0 46400
140 47 70 0 0 46500
140 47 70 0 0 46600
142 47 70 0 0 46700
142 47 71 0 0 46800
142 47 71 0 0 46900
142 47 71 0 0 47000
142 47 71 0 0 47100
142 47 71 0 0 47200
142 47 71 0 0 47300
142 47 71 0 0 47400
142 47 71 0 0 47500
142 47 71 0 0 47600
142 47 71 0 0 47700
142 47 71 0 0 47800
142 47 72 0 0 47900
142 47 72 0 0 48000
143 47 73 0 0 48100
143 47 74 0 0 48200
143 47 74 0 0 48300
144 47 74 0 0 48400
144 48 74 0 0 48500
144 48 74 0 0 48600
144 48 74 0 0 48700
144 48 74 0 0 48800
144 48 74 0 0 48900
144 48 74 0 0 49000
144 48 74 0 0 49100
144 48 75 0 0 49200
144 48 75 0 0 49300
144 48 75 0 0 49400
144 48 75 0 0 49500
144 48 75 0 0 49600
144 48 75 0 0 49700
144 48 75 0 0 49800
145 48 75 0 0 49900
0 0 0 0 0 0
0 0 0 0 0 100
0 0 0 0 0 200
1 0 0 0 0 300
2 0 0 0 0 400
3 0 0 0 0 500
3 0 0 0 0 600
3 0 0 0 0 700
3 0 0 0 0 800
3 0 0 0 0 900
3 0 0 0 0 1000
4 0 0 0 0 1100
5 0 0 0 0 1200
5 0 0 0 0 1300
6 0 0 0 0 1400
6 0 0 0 0 1500
6 0 0 0 0 1600
7 0 0 0 0 1700
8 1 1 0 0 1800
8 1 1 0 0 1900
8 1 1 0 0 2000
9 2 2 0 0 2100
9 2 2 0 0 2200
9 2 2 0 0 2300
9 2 2 0 0 2400
10 2 2 0 0 2500
11 3 3 0 0 2600
11 3 4 0 0 2700
13 3 5 0 0 2800
13 3 7 0 0 2900
13 3 7 0 0 3000
14 3 9 0 0 3100
15 3 9 0 0 3200
16 3 9 0 0 3300
16 3 11 0 0 3400
16 4 11 0 0 3500
16 4 11 0 0 3600
16 4 12 0 0 3700
17 4 12 0 0 3800
18 4 12 0 0 3900
19 5 12 0 0 4000
19 5 12 0 0 4100
21 5 12 0 0 4200
24 5 12 0 0 4300
25 5 12 0 0 4400
25 5 12 0 0 4500
25 6 12 0 0 4600
25 7 12 0 0 4700
25 7 12 0 0 4800
26 7 12 0 0 4900
27 7 12 0 0 5000
27 7 12 0 0 5100
28 7 12 0 0 5200
29 7 12 0 0 5300
29 7 12 0 0 5400
29 7 12 0 0 5500
30 7 12 0 0 5600
31 7 12 0 0 5700
32 7 12 0 0 5800
32 8 12 0 0 5900
32 8 12 0 0 6000
34 8 12 0 0 6100
34 8 13 0 0 6200
35 8 13 0 0 6300
35 8 13 0 0 6400
35 8 14 0 0 6500
36 8 14 0 0 6600
36 9 14 0 0 6700
36 9 14 0 0 6800
38 9 14 0 0 6900
39 9 14 0 0 7000
40 9 14 0 0 7100
42 9 14 0 0 7200
44 9 14 0 0 7300
44 10 15 0 0 7400
47 10 16 0 0 7500
48 10 16 0 0 7600
49 10 17 0 0 7700
51 10 17 0 0 7800
51 10 17 0 0 7900
52 10 17 0 0 8000
54 10 17 0 0 8100
54 10 17 0 0 8200
55 10 17 0 0 8300
55 10 17 0 0 8400
56 10 18 0 0 8500
59 10 18 0 0 8600
61 10 18 0 0 8700
61 10 19 0 0 8800
63 10 19 0 0 8900
64 10 19 0 0 9000
66 10 20 0 0 9100
66 10 20 0 0 9200
67 10 20 0 0 9300
68 10 20 0 0 9400
69 11 20 0 0 9500
69 12 20 0 0 9600
69 12 20 0 0 9700
69 12 20 0 0 9800
69 13 20 0 0 9900
70 13 20 0 0 10000
70 13 20 0 0 10100
71 14 20 0 0 10200
71 14 20 0 0 10300
72 14 20 0 0 10400
73 14 20 0 0 10500
74 15 20 0 0 10600
75 15 20 0 0 10700
76 16 20 0 0 10800
76 16 20 0 0 10900
76 16 20 0 0 11000
76 16 20 0 0 11100
77 16 20 0 0 11200
77 17 20 0 0 11300
78 17 20 0 0 11400
79 17 21 0 0 11500
80 17 21 0 0 11600
81 17 21 0 0 11700
82 18 22 0 0 11800
82 18 22 0 0 11900
82 19 22 0 0 12000
83 19 23 0 0 12100
83 20 23 0 0 12200
84 20 23 0 0 12300
84 20 23 0 0 12400
85 21 23 0 0 12500
85 21 23 0 0 12600
85 21 23 0 0 12700
85 21 23 0 0 12800
85 21 24 0 0 12900
85 22 24 0 0 13000
85 22 24 0 0 13100
85 22 24 0 0 13200
85 23 24 0 0 13300
85 23 25 0 0 13400
86 23 25 0 0 13500
87 23 25 0 0 13600
88 23 25 0 0 13700
89 23 25 0 0 13800
90 23 25 0 0 13900
90 23 26 0 0 14000
90 23 26 0 0 14100
90 23 28 0 0 14200
90 23 28 0 0 14300
90 23 28 0 0 14400
91 23 28 0 0 14500
91 23 28 0 0 14600
92 23 28 0 0 14700
93 23 28 0 0 14800
94 23 28 0 0 14900
95 24 28 0 0 15000
96 24 28 0 0 15100
96 24 29 0 0 15200
97 24 29 0 0 15300
97 24 29 0 0 15400
97 24 30 0 0 15500
98 24 30 0 0 15600
99 25 30 0 0 15700
99 25 30 0 0 15800
100 26 30 0 0 15900
100 26 30 0 0 16000
100 26 30 0 0 16100
100 26 30 0 0 16200
100 26 30 0 0 16300
100 26 30 0 0 16400
100 26 30 0 0 16500
100 26 30 0 0 16600
100 26 30 0 0 16700
100 26 30 0 0 16800
100 26 30 0 0 16900
100 26 30 0 0 17000
101 26 30 0 0 17100
101 26 30 0 0 17200
101 26 30 0 0 17300
101 26 30 0 0 17400
101 26 30 0 0 17500
101 26 30 0 0 17600
101 26 30 0 0 17700
102 26 30 0 0 17800
102 26 30 0 0 17900
102 26 30 0 0 18000
102 26 30 0 0 18100
102 26 30 0 0 18200
103 26 30 0 0 18300
103 26 31 0 0 18400
103 26 32 0 0 18500
103 26 32 0 0 18600
103 26 33 0 0 18700
103 26 33 0 0 18800
103 26 33 0 0 18900
103 26 33 0 0 19000
103 26 33 0 0 19100
104 26 33 0 0 19200
105 26 33 0 0 19300
105 26 33 0 0 19400
105 26 33 0 0 19500
105 26 33 0 0 19600
105 26 33 0 0 19700
105 26 33 0 0 19800
105 26 33 0 0 19900
105 26 33 0 0 20000
105 26 33 0 0 20100
105 26 33 0 0 20200
105 26 33 0 0 20300
105 26 33 0 0 20400
105 26 33 0 0 20500
105 26 33 0 0 20600
105 26 33 0 0 20700
105 27 33 0 0 20800
105 27 33 0 0 20900
105 27 33 0 0 21000
105 27 33 0 0 21100
105 27 33 0 0 21200
105 28 33 0 0 21300
105 28 33 0 0 21400
105 29 33 0 0 21500
105 29 33 0 0 21600
105 29 34 0 0 21700
105 29 34 0 0 21800
105 29 34 0 0 21900
105 29 34 0 0 22000
105 29 34 0 0 22100
105 29 34 0 0 22200
105 29 34 0 0 22300
105 29 34 0 0 22400
106 29 34 0 0 22500
106 29 34 0 0 22600
106 29 34 0 0 22700
106 29 35 0 0 22800
108 29 35 0 0 22900
108 30 36 0 0 23000
108 30 36 0 0 23100
108 30 36 0 0 23200
109 31 36 0 0 23300
110 32 36 0 0 23400
111 32 36 0 0 23500
111 32 36 0 0 23600
111 32 36 0 0 23700
111 32 36 0 0 23800
111 32 36 0 0 23900
111 32 36 0 0 24000
111 32 36 0 0 24100
111 32 36 0 0 24200
111 32 36 0 0 24300
111 33 36 0 0 24400
111 33 36 0 0 24500
111 33 36 0 0 24600
111 33 36 0 0 24700
111 33 36 0 0 24800
111 33 36 0 0 24900
111 33 36 0 0 25000
111 33 36 0 0 25100
111 33 36 0 0 25200
111 33 36 0 0 25300
111 33 36 0 0 25400
111 33 36 0 0 25500
111 33 36 0 0 25600
111 33 36 0 0 25700
111 33 36 0 0 25800
111 34 36 0 0 25900
111 34 36 0 0 26000
111 34 36 0 0 26100
111 34 36 0 0 26200
111 35 36 0 0 26300
111 35 36 0 0 26400
111 35 36 0 0 26500
111 35 36 0 0 26600
111 35 36 0 0 26700
111 35 36 0 0 26800
111 35 36 0 0 26900
113 35 36 0 0 27000
113 35 36 0 0 27100
113 35 36 0 0 27200
113 35 36 0 0 27300
114 35 36 0 0 27400
114 35 36 0 0 27500
114 35 36 0 0 27600
114 35 36 0 0 27700
114 35 37 0 0 27800
114 35 37 0 0 27900
114 36 37 0 0 28000
114 36 37 0 0 28100
114 36 37 0 0 28200
114 36 37 0 0 28300
114 36 38 0 0 28400
114 36 38 0 0 28500
114 36 38 0 0 28600
114 36 38 0 0 28700
114 36 38 0 0 28800
115 36 38 0 0 28900
115 36 38 0 0 29000
115 36 38 0 0 29100
115 36 38 0 0 29200
116 36 38 0 0 29300
116 36 38 0 0 29400
116 36 38 0 0 29500
117 36 38 0 0 29600
117 36 38 0 0 29700
118 36 38 0 0 29800
118 36 38 0 0 29900
118 36 38 0 0 30000
118 36 38 0 0 30100
118 36 38 0 0 30200
118 36 38 0 0 30300
118 36 38 0 0 30400
118 37 38 0 0 30500
119 37 38 0 0 30600
119 37 38 0 0 30700
120 38 38 0 0 30800
120 38 38 0 0 30900
121 38 38 0 0 31000
121 38 38 0 0 31100
121 38 38 0 0 31200
121 38 39 0 0 31300
121 38 39 0 0 31400
121 38 39 0 0 31500
121 38 40 0 0 31600
121 38 40 0 0 31700
121 38 40 0 0 31800
121 38 40 0 0 31900
122 38 40 0 0 32000
123 38 41 0 0 32100
123 38 41 0 0 32200
123 38 41 0 0 32300
123 38 41 0 0 32400
123 38 41 0 0 32500
123 38 41 0 0 32600
123 38 41 0 0 32700
123 38 41 0 0 32800
123 38 41 0 0 32900
123 39 41 0 0 33000
123 39 41 0 0 33100
124 40 41 0 0 33200
124 40 41 0 0 33300
124 40 41 0 0 33400
124 40 41 0 0 33500
124 40 41 0 0 33600
124 41 41 0 0 33700
124 41 41 0 0 33800
124 41 41 0 0 33900
124 41 41 0 0 34000
124 41 41 0 0 34100
125 41 41 0 0 34200
125 41 41 0 0 34300
125 41 42 0 0 34400
125 41 42 0 0 34500
125 41 42 0 0 34600
125 41 43 0 0 34700
125 41 43 0 0 34800
125 41 44 0 0 34900
127 41 44 0 0 35000
127 41 45 0 0 35100
128 41 45 0 0 35200
128 41 46 0 0 35300
128 41 46 0 0 35400
131 41 46 0 0 35500
131 41 47 0 0 35600
131 41 47 0 0 35700
131 41 47 0 0 35800
131 41 48 0 0 35900
131 41 48 0 0 36000
131 41 48 0 0 36100
131 41 48 0 0 36200
132 41 48 0 0 36300
132 41 48 0 0 36400
132 41 48 0 0 36500
133 41 48 0 0 36600
134 41 48 0 0 36700
134 41 49 0 0 36800
134 41 49 0 0 36900
134 42 49 0 0 37000
134 42 49 0 0 37100
134 42 49 0 0 37200
134 42 49 0 0 37300
137 42 49 0 0 37400
137 42 49 0 0 37500
137 42 50 0 0 37600
137 42 50 0 0 37700
137 42 50 0 0 37800
137 43 51 0 0 37900
137 43 52 0 0 38000
137 43 52 0 0 38100
137 43 52 0 0 38200
137 43 52 0 0 38300
137 43 52 0 0 38400
137 43 52 0 0 38500
137 43 52 0 0 38600
138 43 52 0 0 38700
138 44 52 0 0 38800
138 44 52 0 0 38900
138 46 52 0 0 39000
138 47 52 0 0 39100
138 47 52 0 0 39200
138 47 52 0 0 39300
138 48 52 0 0 39400
138 48 52 0 0 39500
138 48 52 0 0 39600
138 48 52 0 0 39700
138 48 52 0 0 39800
138 48 52 0 0 39900
138 48 52 0 0 40000
138 48 52 0 0 40100
138 48 52 0 0 40200
138 48 52 0 0 40300
138 48 52 0 0 40400
138 48 52 0 0 40500
138 48 52 0 0 40600
138 48 52 0 0 40700
138 48 52 0 0 40800
139 48 52 0 0 40900
139 48 52 0 0 41000
139 48 52 0 0 41100
139 48 52 0 0 41200
139 48 52 0 0 41300
139 48 52 0 0 41400
139 49 52 0 0 41500
139 49 52 0 0 41600
139 49 52 0 0 41700
139 49 52 0 0 41800
139 49 52 0 0 41900
139 49 52 0 0 42000
139 49 52 0 0 42100
139 49 52 0 0 42200
139 49 52 0 0 42300
139 49 52 0 0 42400
139 49 52 0 0 42500
139 49 52 0 0 42600
139 49 52 0 0 42700
139 49 52 0 0 42800
139 49 52 0 0 42900
139 49 52 0 0 43000
139 49 52 0 0 43100
139 49 52 0 0 43200
139 49 52 0 0 43300
139 49 52 0 0 43400
139 49 52 0 0 43500
139 49 52 0 0 43600
139 49 52 0 0 43700
139 49 52 0 0 43800
139 49 52 0 0 43900
139 49 52 0 0 44000
140 49 52 0 0 44100
140 49 52 0 0 44200
140 49 52 0 0 44300
140 49 52 0 0 44400
140 49 52 0 0 44500
140 49 52 0 0 44600
140 49 52 0 0 44700
140 49 52 0 0 44800
142 49 52 0 0 44900
142 49 52 0 0 45000
142 49 52 0 0 45100
142 49 52 0 0 45200
142 49 52 0 0 45300
142 49 52 0 0 45400
143 49 52 0 0 45500
143 49 52 0 0 45600
143 49 52 0 0 45700
143 49 52 0 0 45800
143 49 52 0 0 45900
143 49 52 0 0 46000
143 49 52 0 0 46100
143 49 52 0 0 46200
143 49 52 0 0 46300
143 49 52 0 0 46400
143 49 52 0 0 46500
143 49 52 0 0 46600
143 49 52 0 0 46700
143 49 52 0 0 46800
143 49 52 0 0 46900
143 49 52 0 0 47000
143 49 52 0 0 47100
143 49 52 0 0 47200
143 49 52 0 0 47300
143 49 52 0 0 47400
143 49 52 0 0 47500
143 49 52 0 0 47600
143 49 52 0 0 47700
143 49 52 0 0 47800
143 49 52 0 0 47900
143 49 52 0 0 48000
143 49 52 0 0 48100
143 49 52 0 0 48200
143 49 52 0 0 48300
144 49 52 0 0 48400
144 50 53 0 0 48500
144 50 53 0 0 48600
144 50 53 0 0 48700
144 50 53 0 0 48800
144 50 53 0 0 48900
144 50 53 0 0 49000
144 50 53 0 0 49100
144 50 53 0 0 49200
144 50 53 0 0 49300
144 50 53 0 0 49400
144 50 53 0 0 49500
145 50 53 0 0 49600
145 50 53 0 0 49700
145 50 53 0 0 49800
145 50 53 0 0 49900
1 0 0 0 0 0
1 0 0 0 0 100
3 0 0 0 0 200
4 0 0 0 0 300
5 0 0 0 0 400
5 0 0 0 0 500
5 0 0 0 0 600
6 0 0 0 0 700
8 0 0 0 0 800
9 0 0 0 0 900
10 0 0 0 0 1000
10 0 0 0 0 1100
10 0 0 0 0 1200
10 0 0 0 0 1300
10 0 0 0 0 1400
10 0 0 0 0 1500
10 0 0 0 0 1600
10 0 0 0 0 1700
10 0 0 0 0 1800
10 1 0 0 0 1900
10 1 1 0 0 2000
10 1 1 0 0 2100
10 1 1 0 0 2200
10 2 1 0 0 2300
12 3 1 0 0 2400
12 3 3 0 0 2500
12 4 3 0 0 2600
12 4 3 0 0 2700
12 4 4 0 0 2800
12 4 4 0 0 2900
13 4 4 0 0 3000
13 5 4 0 0 3100
14 5 4 0 0 3200
15 5 4 0 0 3300
16 5 4 0 0 3400
16 5 4 0 0 3500
17 5 4 0 0 3600
17 5 4 0 0 3700
17 5 4 0 0 3800
18 6 4 0 0 3900
18 6 4 0 0 4000
19 6 4 0 0 4100
19 8 4 0 0 4200
19 8 4 0 0 4300
19 8 4 0 0 4400
20 8 4 0 0 4500
20 8 4 0 0 4600
22 8 4 0 0 4700
22 8 4 0 0 4800
23 8 4 0 0 4900
23 8 4 0 0 5000
24 8 4 0 0 5100
24 8 4 0 0 5200
24 8 4 0 0 5300
25 8 4 0 0 5400
25 8 4 0 0 5500
25 8 4 0 0 5600
25 8 4 0 0 5700
25 8 4 0 0 5800
25 8 4 0 0 5900
25 8 4 0 0 6000
28 8 4 0 0 6100
31 8 4 0 0 6200
32 8 4 0 0 6300
32 8 4 0 0 6400
32 8 4 0 0 6500
32 8 4 0 0 6600
32 8 5 0 0 6700
32 8 5 0 0 6800
32 8 5 0 0 6900
32 8 5 0 0 7000
32 9 5 0 0 7100
32 9 5 0 0 7200
32 9 5 0 0 7300
32 9 5 0 0 7400
32 9 5 0 0 7500
32 9 5 0 0 7600
32 11 5 0 0 7700
33 11 5 0 0 7800
33 12 5 0 0 7900
34 12 5 0 0 8000
35 12 5 0 0 8100
37 12 5 0 0 8200
38 12 5 0 0 8300
38 12 5 0 0 8400
40 12 5 0 0 8500
40 12 6 0 0 8600
40 12 6 0 0 8700
41 12 6 0 0 8800
41 12 7 0 0 8900
42 12 7 0 0 9000
42 12 8 0 0 9100
42 12 8 0 0 9200
42 12 8 0 0 9300
42 12 8 0 0 9400
43 12 8 0 0 9500
43 12 8 0 0 9600
44 12 8 0 0 9700
46 13 8 0 0 9800
46 13 8 0 0 9900
46 13 8 0 0 10000
46 13 8 0 0 10100
46 13 8 0 0 10200
46 13 8 0 0 10300
46 13 8 0 0 10400
46 14 8 0 0 10500
47 14 8 0 0 10600
49 15 8 0 0 10700
50 15 8 0 0 10800
51 15 8 0 0 10900
51 15 8 0 0 11000
54 15 8 0 0 11100
54 15 8 0 0 11200
55 15 8 0 0 11300
56 15 8 0 0 11400
56 15 9 0 0 11500
56 15 9 0 0 11600
56 15 9 0 0 11700
56 15 10 0 0 11800
56 15 10 0 0 11900
56 15 10 0 0 12000
56 15 10 0 0 12100
56 15 10 0 0 12200
56 15 12 0 0 12300
56 15 12 0 0 12400
56 15 13 0 0 12500
56 15 13 0 0 12600
56 15 14 0 0 12700
57 15 14 0 0 12800
57 15 14 0 0 12900
58 15 15 0 0 13000
58 15 15 0 0 13100
58 15 16 0 0 13200
58 15 16 0 0 13300
58 15 16 0 0 13400
59 15 17 0 0 13500
60 15 17 0 0 13600
60 15 17 0 0 13700
60 15 18 0 0 13800
60 15 18 0 0 13900
60 15 19 0 0 14000
60 15 19 0 0 14100
62 16 19 0 0 14200
62 16 21 0 0 14300
62 16 21 0 0 14400
62 16 21 0 0 14500
62 16 21 0 0 14600
63 16 21 0 0 14700
63 16 21 0 0 14800
64 16 21 0 0 14900
65 16 21 0 0 15000
65 16 21 0 0 15100
65 16 21 0 0 15200
65 16 21 0 0 15300
65 16 21 0 0 15400
65 16 21 0 0 15500
66 16 21 0 0 15600
66 16 21 0 0 15700
67 16 21 0 0 15800
67 16 21 0 0 15900
67 16 21 0 0 16000
68 16 22 0 0 16100
68 16 22 0 0 16200
68 16 22 0 0 16300
68 16 22 0 0 16400
69 16 22 0 0 16500
69 16 22 0 0 16600
69 16 22 0 0 16700
69 16 22 0 0 16800
69 16 22 0 0 16900
69 17 22 0 0 17000
69 17 22 0 0 17100
69 17 22 0 0 17200
69 17 22 0 0 17300
69 17 22 0 0 17400
69 17 22 0 0 17500
69 17 22 0 0 17600
69 17 22 0 0 17700
69 17 22 0 0 17800
69 17 22 0 0 17900
69 17 22 0 0 18000
69 17 22 0 0 18100
69 17 22 0 0 18200
70 17 22 0 0 18300
70 17 22 0 0 18400
70 18 22 0 0 18500
70 18 22 0 0 18600
70 18 22 0 0 18700
70 18 22 0 0 18800
70 18 22 0 0 18900
70 18 22 0 0 19000
70 18 22 0 0 19100
70 18 22 0 0 19200
70 18 22 0 0 19300
70 18 22 0 0 19400
70 18 22 0 0 19500
70 18 22 0 0 19600
70 18 22 0 0 19700
70 18 22 0 0 19800
70 18 23 0 0 19900
70 18 23 0 0 20000
70 18 23 0 0 20100
71 18 23 0 0 20200
71 18 23 0 0 20300
71 18 23 0 0 20400
71 18 23 0 0 20500
72 18 23 0 0 20600
73 18 23 0 0 20700
73 18 23 0 0 20800
73 18 23 0 0 20900
75 18 24 0 0 21000
75 18 24 0 0 21100
75 19 24 0 0 21200
75 19 24 0 0 21300
75 19 24 0 0 21400
75 19 24 0 0 21500
75 19 24 0 0 21600
75 19 24 0 0 21700
75 19 24 0 0 21800
75 19 24 0 0 21900
76 19 24 0 0 22000
76 19 25 0 0 22100
76 19 25 0 0 22200
76 19 25 0 0 22300
76 19 25 0 0 22400
76 19 25 0 0 22500
76 19 25 0 0 22600
76 19 25 0 0 22700
76 19 25 0 0 22800
76 19 25 0 0 22900
76 19 25 0 0 23000
76 19 25 0 0 23100
76 19 25 0 0 23200
76 19 25 0 0 23300
76 19 25 0 0 23400
76 19 25 0 0 23500
76 19 25 0 0 23600
76 19 25 0 0 23700
76 19 25 0 0 23800
76 19 25 0 0 23900
76 19 25 0 0 24000
76 19 25 0 0 24100
76 19 25 0 0 24200
76 19 25 0 0 24300
76 19 25 0 0 24400
76 19 25 0 0 24500
76 19 25 0 0 24600
76 19 25 0 0 24700
76 19 25 0 0 24800
76 19 25 0 0 24900
76 19 25 0 0 25000
76 19 25 0 0 25100
77 19 25 0 0 25200
77 19 25 0 0 25300
77 19 25 0 0 25400
77 19 25 0 0 25500
77 19 26 0 0 25600
77 19 26 0 0 25700
78 19 27 0 0 25800
78 19 27 0 0 25900
78 19 27 0 0 26000
78 19 27 0 0 26100
78 20 27 0 0 26200
78 20 27 0 0 26300
78 20 27 0 0 26400
78 20 27 0 0 26500
79 20 28 0 0 26600
79 20 28 0 0 26700
80 20 28 0 0 26800
80 20 28 0 0 26900
80 20 28 0 0 27000
82 20 28 0 0 27100
82 20 29 0 0 27200
83 20 29 0 0 27300
83 20 30 0 0 27400
83 20 30 0 0 27500
83 20 30 0 0 27600
83 20 31 0 0 27700
83 20 31 0 0 27800
83 20 31 0 0 27900
83 20 32 0 0 28000
83 20 32 0 0 28100
83 20 32 0 0 28200
83 20 32 0 0 28300
83 20 32 0 0 28400
83 20 32 0 0 28500
83 20 32 0 0 28600
83 20 32 0 0 28700
83 20 32 0 0 28800
83 20 32 0 0 28900
83 20 32 0 0 29000
83 20 32 0 0 29100
84 20 32 0 0 29200
84 20 32 0 0 29300
84 20 32 0 0 29400
84 20 32 0 0 29500
84 20 32 0 0 29600
85 20 32 0 0 29700
86 20 32 0 0 29800
86 20 32 0 0 29900
86 20 32 0 0 30000
86 20 32 0 0 30100
86 20 32 0 0 30200
86 20 32 0 0 30300
86 20 32 0 0 30400
86 20 32 0 0 30500
86 21 33 0 0 30600
86 21 33 0 0 30700
87 21 33 0 0 30800
87 21 34 0 0 30900
87 21 34 0 0 31000
88 21 34 0 0 31100
88 21 34 0 0 31200
88 21 34 0 0 31300
88 21 34 0 0 31400
88 21 34 0 0 31500
88 21 34 0 0 31600
88 21 34 0 0 31700
88 21 34 0 0 31800
89 21 34 0 0 31900
89 21 34 0 0 32000
89 21 34 0 0 32100
89 21 34 0 0 32200
89 21 34 0 0 32300
89 21 35 0 0 32400
89 21 35 0 0 32500
90 21 35 0 0 32600
90 21 35 0 0 32700
90 21 35 0 0 32800
90 21 35 0 0 32900
90 21 35 0 0 33000
90 21 35 0 0 33100
90 21 35 0 0 33200
90 21 35 0 0 33300
90 21 35 0 0 33400
90 21 35 0 0 33500
90 21 35 0 0 33600
90 21 35 0 0 33700
90 21 35 0 0 33800
90 21 35 0 0 33900
90 21 35 0 0 34000
90 21 35 0 0 34100
91 21 35 0 0 34200
92 21 35 0 0 34300
92 21 35 0 0 34400
92 21 35 0 0 34500
92 21 35 0 0 34600
92 21 35 0 0 34700
92 21 35 0 0 34800
92 21 35 0 0 34900
92 21 35 0 0 35000
92 21 35 0 0 35100
92 21 35 0 0 35200
92 21 35 0 0 35300
92 21 35 0 0 35400
92 21 35 0 0 35500
92 21 35 0 0 35600
92 21 35 0 0 35700
92 21 35 0 0 35800
92 21 35 0 0 35900
92 21 35 0 0 36000
92 21 35 0 0 36100
92 21 35 0 0 36200
92 21 35 0 0 36300
92 21 35 0 0 36400
92 21 35 0 0 36500
92 21 35 0 0 36600
92 21 35 0 0 36700
92 21 35 0 0 36800
92 21 35 0 0 36900
92 21 35 0 0 37000
92 21 35 0 0 37100
92 21 35 0 0 37200
92 21 35 0 0 37300
92 21 35 0 0 37400
93 22 35 0 0 37500
93 22 35 0 0 37600
93 22 35 0 0 37700
93 22 35 0 0 37800
93 22 35 0 0 37900
93 22 35 0 0 38000
93 22 35 0 0 38100
93 22 35 0 0 38200
93 22 35 0 0 38300
94 22 35 0 0 38400
94 22 35 0 0 38500
94 23 35 0 0 38600
94 23 35 0 0 38700
94 23 35 0 0 38800
94 23 35 0 0 38900
94 23 35 0 0 39000
94 23 35 0 0 39100
94 23 36 0 0 39200
94 23 36 0 0 39300
94 23 36 0 0 39400
94 23 36 0 0 39500
94 23 36 0 0 39600
94 24 36 0 0 39700
94 24 36 0 0 39800
94 24 36 0 0 39900
94 24 36 0 0 40000
95 24 36 0 0 40100
95 24 36 0 0 40200
95 24 36 0 0 40300
95 24 36 0 0 40400
95 24 36 0 0 40500
95 24 36 0 0 40600
95 24 36 0 0 40700
95 24 36 0 0 40800
95 24 36 0 0 40900
95 24 36 0 0 41000
95 24 36 0 0 41100
95 24 36 0 0 41200
96 24 36 0 0 41300
96 24 36 0 0 41400
96 24 36 0 0 41500
96 24 36 0 0 41600
96 24 36 0 0 41700
96 24 36 0 0 41800
96 24 36 0 0 41900
96 25 36 0 0 42000
96 25 36 0 0 42100
96 25 36 0 0 42200
96 25 36 0 0 42300
96 25 36 0 0 42400
96 25 36 0 0 42500
96 25 36 0 0 42600
96 25 36 0 0 42700
98 25 36 0 0 42800
98 26 36 0 0 42900
98 26 36 0 0 43000
98 26 36 0 0 43100
99 26 36 0 0 43200
99 26 37 0 0 43300
99 27 37 0 0 43400
99 27 37 0 0 43500
99 28 37 0 0 43600
99 29 37 0 0 43700
100 30 37 0 0 43800
101 30 37 0 0 43900
103 30 37 0 0 44000
105 30 37 0 0 44100
105 30 38 0 0 44200
106 30 38 0 0 44300
106 30 39 0 0 44400
107 30 39 0 0 44500
108 30 40 0 0 44600
108 30 40 0 0 44700
108 30 41 0 0 44800
108 31 41 0 0 44900
108 31 42 0 0 45000
109 31 42 0 0 45100
109 31 43 0 0 45200
109 31 43 0 0 45300
109 31 43 0 0 45400
109 31 43 0 0 45500
109 31 43 0 0 45600
109 31 43 0 0 45700
109 32 43 0 0 45800
109 32 43 0 0 45900
111 32 43 0 0 46000
111 32 43 0 0 46100
111 32 43 0 0 46200
111 32 43 0 0 46300
111 32 43 0 0 46400
111 32 43 0 0 46500
111 32 43 0 0 46600
112 32 43 0 0 46700
113 32 43 0 0 46800
113 32 43 0 0 46900
114 32 43 0 0 47000
114 32 43 0 0 47100
114 32 43 0 0 47200
114 32 43 0 0 47300
114 32 43 0 0 47400
114 32 43 0 0 47500
114 32 43 0 0 47600
114 32 43 0 0 47700
114 32 43 0 0 47800
114 32 43 0 0 47900
114 32 43 0 0 48000
115 32 43 0 0 48100
116 32 43 0 0 48200
116 32 43 0 0 48300
116 32 43 0 0 48400
116 33 43 0 0 48500
116 33 43 0 0 48600
116 33 43 0 0 48700
116 33 43 0 0 48800
116 33 43 0 0 48900
116 33 43 0 0 49000
116 33 43 0 0 49100
116 33 43 0 0 49200
116 33 43 0 0 49300
116 33 43 0 0 49400
116 33 43 0 0 49500
116 33 43 0 0 49600
116 33 43 0 0 49700
116 33 43 0 0 49800
116 33 43 0 0 49900
0 0 0 0 0 0
0 0 0 0 0 100
1 0 0 0 0 200
2 0 0 0 0 300
2 0 0 0 0 400
2 0 0 0 0 500
3 0 0 0 0 600
3 0 0 0 0 700
4 0 0 0 0 800
4 0 0 0 0 900
4 0 0 0 0 1000
4 0 0 0 0 1100
4 0 0 0 0 1200
6 0 0 0 0 1300
6 0 0 0 0 1400
6 0 0 0 0 1500
6 0 0 0 0 1600
6 0 0 0 0 1700
6 0 0 0 0 1800
6 0 0 0 0 1900
6 0 0 0 0 2000
6 1 0 0 0 2100
6 1 0 0 0 2200
6 1 0 0 0 2300
6 1 0 0 0 2400
6 1 0 0 0 2500
6 1 1 0 0 2600
6 1 1 0 0 2700
6 1 1 0 0 2800
6 1 1 0 0 2900
7 1 1 0 0 3000
7 1 1 0 0 3100
7 1 1 0 0 3200
7 2 1 0 0 3300
8 2 1 0 0 3400
8 2 1 0 0 3500
8 2 1 0 0 3600
8 2 1 0 0 3700
8 2 1 0 0 3800
8 2 1 0 0 3900
9 2 1 0 0 4000
9 3 1 0 0 4100
9 3 1 0 0 4200
9 3 1 0 0 4300
9 3 1 0 0 4400
9 3 1 0 0 4500
9 3 1 0 0 4600
9 3 1 0 0 4700
10 3 1 0 0 4800
11 3 1 0 0 4900
11 3 2 0 0 5000
11 3 2 0 0 5100
11 3 2 0 0 5200
12 3 2 0 0 5300
12 4 2 0 0 5400
12 4 2 0 0 5500
12 4 2 0 0 5600
12 4 2 0 0 5700
12 4 2 0 0 5800
12 4 2 0 0 5900
13 4 2 0 0 6000
13 4 2 0 0 6100
13 4 2 0 0 6200
13 4 2 0 0 6300
14 5 4 0 0 6400
14 5 4 0 0 6500
14 5 5 0 0 6600
14 5 5 0 0 6700
14 5 5 0 0 6800
15 6 5 0 0 6900
15 6 5 0 0 7000
15 6 6 0 0 7100
16 6 6 0 0 7200
16 6 6 0 0 7300
16 6 6 0 0 7400
16 6 6 0 0 7500
16 6 6 0 0 7600
17 6 6 0 0 7700
17 6 6 0 0 7800
17 6 6 0 0 7900
17 7 6 0 0 8000
17 7 6 0 0 8100
17 7 6 0 0 8200
18 7 7 0 0 8300
18 8 7 0 0 8400
18 8 7 0 0 8500
19 8 7 0 0 8600
19 8 7 0 0 8700
19 8 7 0 0 8800
20 8 7 0 0 8900
20 8 7 0 0 9000
20 8 7 0 0 9100
20 8 7 0 0 9200
20 8 7 0 0 9300
20 8 7 0 0 9400
20 8 7 0 0 9500
20 8 7 0 0 9600
20 8 7 0 0 9700
20 8 7 0 0 9800
21 8 7 0 0 9900
24 8 7 0 0 10000
25 8 7 0 0 10100
25 8 7 0 0 10200
25 8 7 0 0 10300
25 8 7 0 0 10400
25 8 7 0 0 10500
25 8 7 0 0 10600
26 8 7 0 0 10700
26 8 7 0 0 10800
26 8 7 0 0 10900
27 8 7 0 0 11000
28 8 7 0 0 11100
28 8 7 0 0 11200
28 8 7 0 0 11300
28 8 7 0 0 11400
28 8 7 0 0 11500
28 8 8 0 0 11600
28 8 8 0 0 11700
29 8 8 0 0 11800
29 8 8 0 0 11900
29 8 8 0 0 12000
29 8 8 0 0 12100
29 8 8 0 0 12200
29 8 8 0 0 12300
29 8 8 0 0 12400
29 8 8 0 0 12500
29 8 8 0 0 12600
29 8 8 0 0 12700
29 8 8 0 0 12800
29 8 8 0 0 12900
29 9 8 0 0 13000
29 9 8 0 0 13100
29 9 8 0 0 13200
29 9 8 0 0 13300
29 9 8 0 0 13400
29 9 8 0 0 13500
29 10 8 0 0 13600
29 10 8 0 0 13700
29 10 9 0 0 13800
31 10 9 0 0 13900
31 11 9 0 0 14000
33 11 9 0 0 14100
34 11 9 0 0 14200
34 11 9 0 0 14300
34 11 9 0 0 14400
35 11 9 0 0 14500
37 11 9 0 0 14600
37 11 9 0 0 14700
37 11 9 0 0 14800
38 11 9 0 0 14900
38 11 9 0 0 15000
38 12 9 0 0 15100
38 12 9 0 0 15200
38 12 9 0 0 15300
38 12 9 0 0 15400
38 12 9 0 0 15500
39 12 9 0 0 15600
40 12 9 0 0 15700
40 12 10 0 0 15800
40 12 10 0 0 15900
40 12 10 0 0 16000
40 12 10 0 0 16100
40 12 10 0 0 16200
40 12 10 0 0 16300
40 13 10 0 0 16400
40 13 10 0 0 16500
40 13 10 0 0 16600
41 13 10 0 0 16700
41 13 10 0 0 16800
41 13 10 0 0 16900
42 13 10 0 0 17000
42 13 10 0 0 17100
42 13 10 0 0 17200
42 13 10 0 0 17300
42 13 10 0 0 17400
42 13 10 0 0 17500
42 13 10 0 0 17600
42 13 10 0 0 17700
42 13 10 0 0 17800
42 13 10 0 0 17900
42 13 10 0 0 18000
42 13 10 0 0 18100
42 13 10 0 0 18200
42 13 10 0 0 18300
42 14 10 0 0 18400
43 14 10 0 0 18500
43 14 10 0 0 18600
43 14 10 0 0 18700
43 14 10 0 0 18800
43 14 10 0 0 18900
43 14 10 0 0 19000
43 14 10 0 0 19100
43 15 10 0 0 19200
45 15 10 0 0 19300
46 15 10 0 0 19400
46 15 10 0 0 19500
46 15 10 0 0 19600
47 15 10 0 0 19700
47 15 10 0 0 19800
47 15 10 0 0 19900
47 15 10 0 0 20000
47 15 10 0 0 20100
47 15 10 0 0 20200
47 15 10 0 0 20300
47 15 10 0 0 20400
47 15 10 0 0 20500
47 15 10 0 0 20600
47 15 10 0 0 20700
48 15 10 0 0 20800
48 15 10 0 0 20900
48 15 10 0 0 21000
48 15 10 0 0 21100
48 15 10 0 0 21200
48 15 10 0 0 21300
48 16 10 0 0 21400
48 16 10 0 0 21500
49 16 10 0 0 21600
49 16 10 0 0 21700
49 16 10 0 0 21800
49 16 10 0 0 21900
49 16 10 0 0 22000
49 16 10 0 0 22100
49 16 10 0 0 22200
49 16 10 0 0 22300
50 17 10 0 0 22400
50 17 10 0 0 22500
50 17 10 0 0 22600
50 17 10 0 0 22700
50 18 10 0 0 22800
50 18 11 0 0 22900
50 18 11 0 0 23000
51 18 11 0 0 23100
51 18 11 0 0 23200
51 18 11 0 0 23300
51 18 11 0 0 23400
51 18 11 0 0 23500
51 18 12 0 0 23600
51 18 12 0 0 23700
51 18 12 0 0 23800
51 18 12 0 0 23900
51 18 12 0 0 24000
52 18 12 0 0 24100
52 18 12 0 0 24200
52 18 12 0 0 24300
52 18 12 0 0 24400
52 18 12 0 0 24500
52 18 12 0 0 24600
52 18 12 0 0 24700
52 18 12 0 0 24800
52 18 12 0 0 24900
52 19 12 0 0 25000
52 19 12 0 0 25100
52 19 12 0 0 25200
54 19 12 0 0 25300
56 19 12 0 0 25400
57 19 12 0 0 25500
57 19 12 0 0 25600
58 19 12 0 0 25700
58 20 12 0 0 25800
58 20 12 0 0 25900
58 20 12 0 0 26000
58 20 12 0 0 26100
58 20 12 0 0 26200
58 20 12 0 0 26300
58 20 12 0 0 26400
58 20 12 0 0 26500
58 20 12 0 0 26600
59 20 12 0 0 26700
60 20 12 0 0 26800
60 20 12 0 0 26900
60 20 12 0 0 27000
62 20 12 0 0 27100
62 20 12 0 0 27200
62 20 12 0 0 27300
63 20 12 0 0 27400
64 20 12 0 0 27500
64 20 12 0 0 27600
64 20 12 0 0 27700
64 20 12 0 0 27800
64 20 12 0 0 27900
64 21 12 0 0 28000
64 21 12 0 0 28100
65 21 12 0 0 28200
65 22 12 0 0 28300
65 22 13 0 0 28400
65 22 13 0 0 28500
65 22 13 0 0 28600
66 23 13 0 0 28700
66 24 13 0 0 28800
66 24 13 0 0 28900
66 24 13 0 0 29000
66 24 13 0 0 29100
66 24 13 0 0 29200
66 24 13 0 0 29300
66 24 13 0 0 29400
66 24 13 0 0 29500
67 24 13 0 0 29600
67 24 13 0 0 29700
68 25 14 0 0 29800
68 25 14 0 0 29900
69 25 14 0 0 30000
69 25 14 0 0 30100
70 25 14 0 0 30200
71 25 14 0 0 30300
71 25 15 0 0 30400
71 25 16 0 0 30500
72 25 17 0 0 30600
72 25 18 0 0 30700
72 25 19 0 0 30800
72 25 19 0 0 30900
72 25 20 0 0 31000
72 25 20 0 0 31100
72 25 21 0 0 31200
72 25 21 0 0 31300
72 25 21 0 0 31400
72 25 22 0 0 31500
72 25 22 0 0 31600
72 25 22 0 0 31700
72 25 23 0 0 31800
72 25 23 0 0 31900
72 25 23 0 0 32000
72 25 24 0 0 32100
72 25 24 0 0 32200
72 26 25 0 0 32300
72 27 25 0 0 32400
72 27 26 0 0 32500
72 27 26 0 0 32600
72 27 26 0 0 32700
72 27 27 0 0 32800
72 27 27 0 0 32900
73 27 27 0 0 33000
73 27 28 0 0 33100
73 27 28 0 0 33200
73 27 28 0 0 33300
73 27 28 0 0 33400
73 27 28 0 0 33500
73 27 28 0 0 33600
73 27 28 0 0 33700
74 27 28 0 0 33800
75 27 28 0 0 33900
75 27 28 0 0 34000
76 28 29 0 0 34100
76 28 29 0 0 34200
76 28 29 0 0 34300
76 28 29 0 0 34400
76 28 29 0 0 34500
76 28 29 0 0 34600
76 28 29 0 0 34700
76 28 29 0 0 34800
77 28 29 0 0 34900
77 28 29 0 0 35000
77 28 29 0 0 35100
77 28 29 0 0 35200
77 29 29 0 0 35300
77 30 29 0 0 35400
77 30 29 0 0 35500
77 30 29 0 0 35600
77 30 29 0 0 35700
77 30 29 0 0 35800
77 31 29 0 0 35900
77 31 29 0 0 36000
78 31 29 0 0 36100
78 31 29 0 0 36200
80 31 29 0 0 36300
80 32 29 0 0 36400
80 32 29 0 0 36500
81 32 29 0 0 36600
81 33 29 0 0 36700
81 33 29 0 0 36800
82 33 29 0 0 36900
82 33 29 0 0 37000
82 33 29 0 0 37100
82 33 29 0 0 37200
82 33 29 0 0 37300
82 33 29 0 0 37400
82 33 29 0 0 37500
82 33 29 0 0 37600
82 33 29 0 0 37700
82 33 29 0 0 37800
82 34 29 0 0 37900
82 34 29 0 0 38000
83 34 29 0 0 38100
83 34 29 0 0 38200
83 34 29 0 0 38300
83 34 29 0 0 38400
84 34 29 0 0 38500
84 34 29 0 0 38600
84 34 29 0 0 38700
84 34 29 0 0 38800
85 34 29 0 0 38900
85 34 30 0 0 39000
85 34 30 0 0 39100
85 35 30 0 0 39200
85 35 30 0 0 39300
85 35 30 0 0 39400
85 35 30 0 0 39500
85 35 30 0 0 39600
85 35 30 0 0 39700
85 35 30 0 0 39800
85 35 30 0 0 39900
85 35 30 0 0 40000
85 35 30 0 0 40100
86 35 30 0 0 40200
86 35 30 0 0 40300
86 35 30 0 0 40400
86 35 30 0 0 40500
88 35 30 0 0 40600
88 35 30 0 0 40700
88 35 30 0 0 40800
88 35 30 0 0 40900
88 36 30 0 0 41000
88 36 30 0 0 41100
88 36 30 0 0 41200
88 36 30 0 0 41300
89 36 30 0 0 41400
90 36 30 0 0 41500
90 36 30 0 0 41600
90 36 30 0 0 41700
90 36 30 0 0 41800
90 36 30 0 0 41900
90 36 30 0 0 42000
90 37 30 0 0 42100
90 37 31 0 0 42200
90 37 31 0 0 42300
90 37 31 0 0 42400
90 37 31 0 0 42500
90 37 31 0 0 42600
90 37 31 0 0 42700
90 37 31 0 0 42800
90 37 31 0 0 42900
90 37 31 0 0 43000
90 37 31 0 0 43100
90 37 31 0 0 43200
90 37 31 0 0 43300
91 37 31 0 0 43400
91 37 31 0 0 43500
91 37 31 0 0 43600
91 37 31 0 0 43700
92 37 31 0 0 43800
92 37 31 0 0 43900
92 38 32 0 0 44000
92 38 32 0 0 44100
92 38 32 0 0 44200
92 38 32 0 0 44300
92 38 32 0 0 44400
92 38 32 0 0 44500
92 38 32 0 0 44600
92 38 32 0 0 44700
92 38 32 0 0 44800
92 38 33 0 0 44900
92 38 33 0 0 45000
92 38 33 0 0 45100
92 38 33 0 0 45200
92 38 33 0 0 45300
92 38 33 0 0 45400
92 38 33 0 0 45500
92 38 33 0 0 45600
92 38 33 0 0 45700
92 39 33 0 0 45800
92 39 33 0 0 45900
92 39 33 0 0 46000
92 40 33 0 0 46100
93 40 33 0 0 46200
93 40 33 0 0 46300
93 40 33 0 0 46400
93 41 33 0 0 46500
93 41 33 0 0 46600
93 42 33 0 0 46700
93 42 33 0 0 46800
93 42 33 0 0 46900
93 42 33 0 0 47000
93 43 33 0 0 47100
93 43 33 0 0 47200
93 43 33 0 0 47300
93 43 33 0 0 47400
94 43 33 0 0 47500
94 43 33 0 0 47600
94 43 33 0 0 47700
95 45 33 0 0 47800
95 45 33 0 0 47900
95 45 33 0 0 48000
95 45 33 0 0 48100
96 45 33 0 0 48200
96 45 33 0 0 48300
96 45 33 0 0 48400
96 45 34 0 0 48500
96 45 34 0 0 48600
96 45 34 0 0 48700
96 45 34 0 0 48800
96 45 34 0 0 48900
98 45 34 0 0 49000
99 45 34 0 0 49100
100 45 35 0 0 49200
100 45 35 0 0 49300
100 45 35 0 0 49400
100 45 35 0 0 49500
100 45 35 0 0 49600
100 45 35 0 0 49700
100 45 35 0 0 49800
100 46 35 0 0 49900
1 0 1 0 0 0
1 0 1 0 0 100
2 0 1 0 0 200
2 0 1 0 0 300
2 0 1 0 0 400
2 0 1 0 0 500
2 0 1 0 0 600
2 0 1 0 0 700
2 0 1 0 0 800
2 0 1 0 0 900
2 0 1 0 0 1000
2 0 1 0 0 1100
2 0 1 0 0 1200
2 0 1 0 0 1300
2 0 1 0 0 1400
2 0 1 0 0 1500
2 0 1 0 0 1600
2 0 1 0 0 1700
2 1 1 0 0 1800
2 1 1 0 0 1900
2 1 1 0 0 2000
3 1 1 0 0 2100
3 1 1 0 0 2200
4 2 1 0 0 2300
4 2 1 0 0 2400
6 2 1 0 0 2500
6 4 1 0 0 2600
6 4 1 0 0 2700
7 5 1 0 0 2800
8 5 1 0 0 2900
8 5 1 0 0 3000
8 5 1 0 0 3100
8 6 1 0 0 3200
9 6 1 0 0 3300
10 6 1 0 0 3400
10 6 2 0 0 3500
10 6 2 0 0 3600
10 6 2 0 0 3700
10 7 2 0 0 3800
11 7 2 0 0 3900
12 7 2 0 0 4000
12 7 2 0 0 4100
12 8 2 0 0 4200
12 8 2 0 0 4300
12 8 2 0 0 4400
12 8 2 0 0 4500
13 8 2 0 0 4600
13 8 2 0 0 4700
16 9 2 0 0 4800
18 9 2 0 0 4900
19 9 2 0 0 5000
20 10 2 0 0 5100
21 10 3 0 0 5200
22 10 3 0 0 5300
24 10 3 0 0 5400
24 11 3 0 0 5500
25 12 3 0 0 5600
25 12 3 0 0 5700
25 12 3 0 0 5800
25 12 3 0 0 5900
25 12 3 0 0 6000
25 12 3 0 0 6100
25 12 3 0 0 6200
26 12 3 0 0 6300
26 12 3 0 0 6400
26 12 3 0 0 6500
26 13 3 0 0 6600
26 13 3 0 0 6700
26 13 3 0 0 6800
28 13 3 0 0 6900
28 14 3 0 0 7000
30 14 3 0 0 7100
31 14 3 0 0 7200
31 14 3 0 0 7300
32 16 3 0 0 7400
34 16 3 0 0 7500
34 16 3 0 0 7600
34 16 3 0 0 7700
34 16 3 0 0 7800
34 17 3 0 0 7900
34 17 3 0 0 8000
34 17 3 0 0 8100
34 18 4 0 0 8200
34 18 4 0 0 8300
34 18 4 0 0 8400
34 18 4 0 0 8500
34 18 4 0 0 8600
34 18 4 0 0 8700
34 18 4 0 0 8800
34 18 4 0 0 8900
34 18 4 0 0 9000
34 18 4 0 0 9100
34 18 4 0 0 9200
34 18 4 0 0 9300
35 18 4 0 0 9400
36 18 4 0 0 9500
36 18 4 0 0 9600
36 18 4 0 0 9700
37 18 5 0 0 9800
37 18 5 0 0 9900
38 18 5 0 0 10000
38 18 5 0 0 10100
38 19 5 0 0 10200
38 19 5 0 0 10300
38 19 5 0 0 10400
39 19 5 0 0 10500
39 19 5 0 0 10600
39 19 5 0 0 10700
40 19 5 0 0 10800
40 20 6 0 0 10900
40 20 6 0 0 11000
40 20 7 0 0 11100
40 20 7 0 0 11200
40 20 7 0 0 11300
40 20 7 0 0 11400
40 20 7 0 0 11500
40 20 7 0 0 11600
40 20 7 0 0 11700
41 21 7 0 0 11800
41 21 7 0 0 11900
42 21 7 0 0 12000
42 21 8 0 0 12100
43 22 8 0 0 12200
43 22 8 0 0 12300
45 22 8 0 0 12400
47 23 10 0 0 12500
47 23 10 0 0 12600
48 23 10 0 0 12700
48 23 11 0 0 12800
49 23 11 0 0 12900
49 23 11 0 0 13000
49 23 11 0 0 13100
49 24 11 0 0 13200
50 25 12 0 0 13300
50 25 12 0 0 13400
50 26 12 0 0 13500
51 26 12 0 0 13600
52 26 12 0 0 13700
53 27 12 0 0 13800
54 27 12 0 0 13900
54 27 13 0 0 14000
54 27 13 0 0 14100
54 27 13 0 0 14200
54 28 14 0 0 14300
54 28 14 0 0 14400
55 28 14 0 0 14500
55 28 15 0 0 14600
55 28 15 0 0 14700
55 29 16 0 0 14800
55 29 16 0 0 14900
55 29 16 0 0 15000
55 29 16 0 0 15100
55 29 16 0 0 15200
56 29 16 0 0 15300
56 29 17 0 0 15400
56 29 17 0 0 15500
56 29 17 0 0 15600
56 29 18 0 0 15700
57 29 18 0 0 15800
57 29 18 0 0 15900
57 29 18 0 0 16000
57 29 18 0 0 16100
58 29 18 0 0 16200
58 29 18 0 0 16300
58 29 18 0 0 16400
60 30 18 0 0 16500
61 30 18 0 0 16600
62 30 18 0 0 16700
63 30 18 0 0 16800
63 30 18 0 0 16900
64 30 19 0 0 17000
64 30 19 0 0 17100
64 30 19 0 0 17200
64 30 19 0 0 17300
64 30 19 0 0 17400
64 30 19 0 0 17500
65 30 19 0 0 17600
67 30 19 0 0 17700
68 30 19 0 0 17800
68 30 19 0 0 17900
69 30 19 0 0 18000
70 31 19 0 0 18100
72 31 19 0 0 18200
73 31 19 0 0 18300
75 31 19 0 0 18400
75 31 19 0 0 18500
76 31 19 0 0 18600
76 31 19 0 0 18700
76 31 19 0 0 18800
76 31 19 0 0 18900
76 31 19 0 0 19000
76 31 19 0 0 19100
76 31 19 0 0 19200
76 31 19 0 0 19300
76 31 19 0 0 19400
76 31 19 0 0 19500
76 32 19 0 0 19600
76 32 19 0 0 19700
76 32 19 0 0 19800
76 32 19 0 0 19900
76 32 19 0 0 20000
76 32 19 0 0 20100
77 32 19 0 0 20200
77 32 19 0 0 20300
77 33 19 0 0 20400
79 33 19 0 0 20500
79 33 20 0 0 20600
79 33 20 0 0 20700
79 33 21 0 0 20800
79 33 21 0 0 20900
79 33 21 0 0 21000
79 33 21 0 0 21100
80 33 21 0 0 21200
81 33 21 0 0 21300
81 33 21 0 0 21400
81 33 21 0 0 21500
81 34 21 0 0 21600
81 34 21 0 0 21700
81 34 21 0 0 21800
81 34 21 0 0 21900
82 34 21 0 0 22000
82 34 21 0 0 22100
82 34 21 0 0 22200
82 34 21 0 0 22300
82 34 21 0 0 22400
82 34 21 0 0 22500
82 34 21 0 0 22600
82 34 21 0 0 22700
82 34 21 0 0 22800
82 34 21 0 0 22900
82 34 21 0 0 23000
82 34 21 0 0 23100
82 34 21 0 0 23200
82 34 21 0 0 23300
83 34 21 0 0 23400
83 34 22 0 0 23500
83 34 22 0 0 23600
83 35 22 0 0 23700
83 35 22 0 0 23800
83 35 22 0 0 23900
83 35 22 0 0 24000
83 35 22 0 0 24100
83 35 22 0 0 24200
83 35 22 0 0 24300
85 35 22 0 0 24400
85 35 22 0 0 24500
85 35 22 0 0 24600
85 35 22 0 0 24700
85 35 22 0 0 24800
86 36 23 0 0 24900
86 36 23 0 0 25000
86 36 23 0 0 25100
86 36 23 0 0 25200
86 36 23 0 0 25300
86 36 23 0 0 25400
86 36 23 0 0 25500
86 36 23 0 0 25600
86 36 23 0 0 25700
86 36 23 0 0 25800
86 36 23 0 0 25900
86 36 23 0 0 26000
86 36 23 0 0 26100
87 36 23 0 0 26200
87 36 23 0 0 26300
87 36 23 0 0 26400
87 36 23 0 0 26500
88 36 23 0 0 26600
88 36 23 0 0 26700
88 36 23 0 0 26800
88 36 23 0 0 26900
88 36 23 0 0 27000
89 37 23 0 0 27100
89 37 23 0 0 27200
90 37 23 0 0 27300
90 37 23 0 0 27400
90 37 23 0 0 27500
90 37 23 0 0 27600
90 37 23 0 0 27700
91 37 23 0 0 27800
91 37 23 0 0 27900
91 37 23 0 0 28000
91 37 23 0 0 28100
91 37 23 0 0 28200
91 37 23 0 0 28300
91 37 23 0 0 28400
91 37 23 0 0 28500
91 37 23 0 0 28600
91 37 23 0 0 28700
91 37 23 0 0 28800
91 37 23 0 0 28900
91 37 23 0 0 29000
91 37 23 0 0 29100
91 37 23 0 0 29200
92 37 23 0 0 29300
92 37 23 0 0 29400
93 37 23 0 0 29500
93 37 24 0 0 29600
93 37 24 0 0 29700
93 37 24 0 0 29800
93 38 25 0 0 29900
93 38 25 0 0 30000
93 38 25 0 0 30100
93 38 25 0 0 30200
93 38 25 0 0 30300
93 38 25 0 0 30400
93 38 25 0 0 30500
93 38 25 0 0 30600
93 38 25 0 0 30700
93 38 26 0 0 30800
93 38 26 0 0 30900
93 38 27 0 0 31000
93 38 27 0 0 31100
93 38 28 0 0 31200
93 38 28 0 0 31300
93 38 28 0 0 31400
93 39 28 0 0 31500
93 39 28 0 0 31600
93 39 28 0 0 31700
93 39 28 0 0 31800
95 39 28 0 0 31900
96 39 28 0 0 32000
97 39 28 0 0 32100
97 39 28 0 0 32200
97 40 28 0 0 32300
97 40 28 0 0 32400
97 40 28 0 0 32500
97 40 28 0 0 32600
97 40 29 0 0 32700
97 40 29 0 0 32800
97 40 29 0 0 32900
97 40 29 0 0 33000
97 40 29 0 0 33100
97 40 29 0 0 33200
97 40 29 0 0 33300
97 40 29 0 0 33400
97 40 29 0 0 33500
97 40 29 0 0 33600
98 40 29 0 0 33700
100 40 29 0 0 33800
101 40 30 0 0 33900
101 40 30 0 0 34000
101 40 31 0 0 34100
101 41 31 0 0 34200
101 41 31 0 0 34300
101 41 31 0 0 34400
101 41 31 0 0 34500
102 41 31 0 0 34600
102 41 31 0 0 34700
102 41 31 0 0 34800
102 41 31 0 0 34900
102 41 31 0 0 35000
103 41 31 0 0 35100
103 41 31 0 0 35200
103 41 31 0 0 35300
103 41 31 0 0 35400
104 41 31 0 0 35500
105 41 31 0 0 35600
105 41 31 0 0 35700
105 41 31 0 0 35800
105 41 31 0 0 35900
105 41 31 0 0 36000
105 41 31 0 0 36100
105 41 31 0 0 36200
105 41 31 0 0 36300
105 41 31 0 0 36400
106 41 31 0 0 36500
106 41 31 0 0 36600
106 41 31 0 0 36700
106 41 31 0 0 36800
106 41 31 0 0 36900
106 41 31 0 0 37000
106 41 31 0 0 37100
106 41 31 0 0 37200
108 41 31 0 0 37300
108 41 31 0 0 37400
108 41 31 0 0 37500
108 41 31 0 0 37600
108 41 31 0 0 37700
108 41 31 0 0 37800
110 41 31 0 0 37900
110 41 31 0 0 38000
111 41 31 0 0 38100
111 41 32 0 0 38200
111 41 32 0 0 38300
111 41 32 0 0 38400
111 41 32 0 0 38500
111 42 32 0 0 38600
111 42 32 0 0 38700
111 42 32 0 0 38800
112 42 32 0 0 38900
112 42 32 0 0 39000
112 42 32 0 0 39100
112 42 32 0 0 39200
112 42 32 0 0 39300
112 42 32 0 0 39400
112 42 32 0 0 39500
112 42 32 0 0 39600
112 43 32 0 0 39700
112 43 32 0 0 39800
112 43 32 0 0 39900
112 43 32 0 0 40000
112 43 32 0 0 40100
112 43 32 0 0 40200
112 43 32 0 0 40300
112 43 32 0 0 40400
112 43 32 0 0 40500
112 43 32 0 0 40600
112 44 32 0 0 40700
112 44 32 0 0 40800
112 44 32 0 0 40900
112 44 32 0 0 41000
112 44 32 0 0 41100
112 44 32 0 0 41200
112 45 32 0 0 41300
112 45 32 0 0 41400
112 45 32 0 0 41500
112 45 32 0 0 41600
112 45 32 0 0 41700
112 45 32 0 0 41800
112 45 32 0 0 41900
112 45 32 0 0 42000
112 45 32 0 0 42100
112 45 32 0 0 42200
112 45 32 0 0 42300
112 45 32 0 0 42400
112 45 32 0 0 42500
112 45 32 0 0 42600
112 45 32 0 0 42700
112 45 33 0 0 42800
112 45 33 0 0 42900
113 45 33 0 0 43000
113 45 34 0 0 43100
113 45 34 0 0 43200
113 45 34 0 0 43300
113 45 34 0 0 43400
113 45 34 0 0 43500
113 45 34 0 0 43600
113 45 34 0 0 43700
114 45 34 0 0 43800
114 45 34 0 0 43900
114 45 34 0 0 44000
114 45 34 0 0 44100
114 45 34 0 0 44200
114 45 34 0 0 44300
114 45 34 0 0 44400
114 45 34 0 0 44500
114 45 34 0 0 44600
114 45 34 0 0 44700
114 45 34 0 0 44800
114 45 34 0 0 44900
115 45 34 0 0 45000
115 45 34 0 0 45100
115 45 34 0 0 45200
115 45 34 0 0 45300
116 45 34 0 0 45400
116 45 34 0 0 45500
116 45 34 0 0 45600
116 45 35 0 0 45700
116 45 35 0 0 45800
116 45 35 0 0 45900
116 45 35 0 0 46000
117 45 35 0 0 46100
117 45 35 0 0 46200
118 45 35 0 0 46300
118 45 35 0 0 46400
118 46 35 0 0 46500
118 46 35 0 0 46600
118 46 35 0 0 46700
118 46 35 0 0 46800
118 46 35 0 0 46900
119 46 35 0 0 47000
119 46 35 0 0 47100
120 46 35 0 0 47200
120 46 35 0 0 47300
120 46 35 0 0 47400
120 46 35 0 0 47500
120 46 35 0 0 47600
120 46 35 0 0 47700
120 46 35 0 0 47800
120 46 35 0 0 47900
120 46 35 0 0 48000
120 46 35 0 0 48100
120 46 35 0 0 48200
120 47 35 0 0 48300
120 47 35 0 0 48400
120 48 35 0 0 48500
120 48 37 0 0 48600
120 48 37 0 0 48700
120 48 37 0 0 48800
120 48 37 0 0 48900
120 49 38 0 0 49000
120 49 38 0 0 49100
120 49 38 0 0 49200
120 49 38 0 0 49300
120 49 38 0 0 49400
120 49 38 0 0 49500
120 49 38 0 0 49600
120 49 38 0 0 49700
120 49 38 0 0 49800
120 49 38 0 0 49900
3 0 0 0 0 0
4 0 1 0 0 100
5 0 1 0 0 200
5 0 3 0 0 300
5 0 3 0 0 400
6 0 3 0 0 500
6 0 3 0 0 600
6 0 4 0 0 700
6 0 4 0 0 800
6 0 5 0 0 900
6 0 5 0 0 1000
7 0 5 0 0 1100
7 0 6 0 0 1200
7 0 6 0 0 1300
7 0 6 0 0 1400
7 0 6 0 0 1500
7 0 6 0 0 1600
7 0 7 0 0 1700
7 1 7 0 0 1800
7 1 7 0 0 1900
7 1 7 0 0 2000
8 1 7 0 0 2100
9 1 7 0 0 2200
9 2 7 0 0 2300
9 2 7 0 0 2400
9 2 7 0 0 2500
9 2 7 0 0 2600
11 2 7 0 0 2700
12 3 8 0 0 2800
13 3 8 0 0 2900
13 3 8 0 0 3000
14 4 8 0 0 3100
15 4 9 0 0 3200
15 6 9 0 0 3300
16 6 9 0 0 3400
19 6 10 0 0 3500
21 6 10 0 0 3600
21 6 10 0 0 3700
21 6 10 0 0 3800
21 6 10 0 0 3900
21 6 10 0 0 4000
21 6 10 0 0 4100
21 6 10 0 0 4200
21 6 10 0 0 4300
21 6 10 0 0 4400
22 6 10 0 0 4500
22 6 11 0 0 4600
22 6 11 0 0 4700
22 6 11 0 0 4800
22 6 12 0 0 4900
22 6 12 0 0 5000
22 6 12 0 0 5100
23 6 12 0 0 5200
24 6 12 0 0 5300
26 6 12 0 0 5400
27 6 12 0 0 5500
30 6 12 0 0 5600
30 6 12 0 0 5700
30 6 12 0 0 5800
32 6 12 0 0 5900
32 6 12 0 0 6000
32 6 12 0 0 6100
32 6 12 0 0 6200
32 6 12 0 0 6300
32 6 12 0 0 6400
32 8 12 0 0 6500
33 8 12 0 0 6600
34 8 12 0 0 6700
35 8 12 0 0 6800
35 9 12 0 0 6900
35 9 12 0 0 7000
35 9 12 0 0 7100
35 9 12 0 0 7200
35 9 12 0 0 7300
36 10 12 0 0 7400
37 10 12 0 0 7500
38 10 13 0 0 7600
38 10 13 0 0 7700
39 10 13 0 0 7800
40 10 13 0 0 7900
42 10 13 0 0 8000
42 10 14 0 0 8100
42 10 14 0 0 8200
42 10 14 0 0 8300
42 10 14 0 0 8400
43 10 14 0 0 8500
45 10 14 0 0 8600
45 10 14 0 0 8700
46 10 14 0 0 8800
46 10 14 0 0 8900
46 10 14 0 0 9000
46 10 14 0 0 9100
46 10 14 0 0 9200
46 10 14 0 0 9300
46 10 14 0 0 9400
48 10 14 0 0 9500
48 10 14 0 0 9600
48 10 14 0 0 9700
48 10 14 0 0 9800
48 10 14 0 0 9900
48 10 14 0 0 10000
49 10 14 0 0 10100
49 10 14 0 0 10200
49 10 14 0 0 10300
49 10 14 0 0 10400
49 10 14 0 0 10500
49 10 14 0 0 10600
50 11 14 0 0 10700
51 11 14 0 0 10800
52 11 14 0 0 10900
53 11 14 0 0 11000
53 11 14 0 0 11100
53 11 15 0 0 11200
53 11 15 0 0 11300
53 12 15 0 0 11400
53 12 15 0 0 11500
53 12 15 0 0 11600
53 12 15 0 0 11700
53 12 15 0 0 11800
54 13 15 0 0 11900
54 13 15 0 0 12000
55 13 15 0 0 12100
55 13 15 0 0 12200
55 13 15 0 0 12300
55 13 15 0 0 12400
55 13 15 0 0 12500
55 13 15 0 0 12600
55 13 15 0 0 12700
57 13 15 0 0 12800
57 13 15 0 0 12900
57 14 15 0 0 13000
57 14 15 0 0 13100
57 14 15 0 0 13200
57 14 15 0 0 13300
57 14 15 0 0 13400
57 14 15 0 0 13500
57 14 16 0 0 13600
58 14 16 0 0 13700
58 14 16 0 0 13800
58 14 16 0 0 13900
58 14 16 0 0 14000
58 14 16 0 0 14100
58 14 16 0 0 14200
58 14 16 0 0 14300
58 14 16 0 0 14400
58 14 16 0 0 14500
58 14 16 0 0 14600
58 14 16 0 0 14700
58 14 16 0 0 14800
58 14 16 0 0 14900
60 14 16 0 0 15000
60 14 17 0 0 15100
60 14 17 0 0 15200
60 14 18 0 0 15300
60 14 19 0 0 15400
61 14 20 0 0 15500
61 14 21 0 0 15600
61 14 22 0 0 15700
62 14 22 0 0 15800
63 14 23 0 0 15900
64 14 23 0 0 16000
64 14 23 0 0 16100
64 14 23 0 0 16200
65 14 23 0 0 16300
65 14 24 0 0 16400
66 14 24 0 0 16500
66 14 24 0 0 16600
66 14 25 0 0 16700
66 14 25 0 0 16800
67 14 25 0 0 16900
68 14 25 0 0 17000
69 14 25 0 0 17100
70 14 25 0 0 17200
70 14 26 0 0 17300
70 14 26 0 0 17400
70 14 26 0 0 17500
70 14 26 0 0 17600
70 14 26 0 0 17700
70 14 28 0 0 17800
70 14 28 0 0 17900
70 14 28 0 0 18000
70 14 28 0 0 18100
71 14 28 0 0 18200
72 14 29 0 0 18300
73 14 29 0 0 18400
74 14 29 0 0 18500
74 15 29 0 0 18600
74 15 29 0 0 18700
74 16 29 0 0 18800
74 16 29 0 0 18900
74 16 29 0 0 19000
74 16 29 0 0 19100
74 16 29 0 0 19200
74 16 29 0 0 19300
75 16 29 0 0 19400
75 16 29 0 0 19500
75 16 29 0 0 19600
76 16 29 0 0 19700
77 16 29 0 0 19800
77 17 30 0 0 19900
77 17 30 0 0 20000
80 17 30 0 0 20100
80 18 31 0 0 20200
81 18 31 0 0 20300
82 18 32 0 0 20400
84 19 32 0 0 20500
84 20 32 0 0 20600
84 20 32 0 0 20700
84 20 32 0 0 20800
84 21 32 0 0 20900
84 21 32 0 0 21000
84 21 32 0 0 21100
84 21 32 0 0 21200
84 21 32 0 0 21300
84 21 32 0 0 21400
84 21 32 0 0 21500
84 21 32 0 0 21600
85 21 32 0 0 21700
85 21 32 0 0 21800
86 21 34 0 0 21900
86 21 34 0 0 22000
86 21 34 0 0 22100
86 21 35 0 0 22200
86 21 35 0 0 22300
86 21 35 0 0 22400
86 21 35 0 0 22500
86 21 35 0 0 22600
86 21 35 0 0 22700
87 21 35 0 0 22800
89 22 35 0 0 22900
89 22 35 0 0 23000
89 22 35 0 0 23100
89 22 35 0 0 23200
89 22 35 0 0 23300
89 22 35 0 0 23400
90 22 35 0 0 23500
90 22 36 0 0 23600
90 22 37 0 0 23700
91 22 37 0 0 23800
92 23 37 0 0 23900
92 23 37 0 0 24000
92 23 37 0 0 24100
93 23 37 0 0 24200
93 23 37 0 0 24300
94 23 37 0 0 24400
95 24 37 0 0 24500
95 24 37 0 0 24600
96 24 37 0 0 24700
96 24 37 0 0 24800
96 24 37 0 0 24900
96 24 37 0 0 25000
96 25 37 0 0 25100
96 25 37 0 0 25200
96 25 37 0 0 25300
97 25 37 0 0 25400
98 26 37 0 0 25500
99 26 37 0 0 25600
99 26 38 0 0 25700
99 26 38 0 0 25800
99 26 38 0 0 25900
100 26 39 0 0 26000
100 26 39 0 0 26100
100 26 39 0 0 26200
100 27 39 0 0 26300
101 27 39 0 0 26400
103 27 39 0 0 26500
103 27 39 0 0 26600
103 27 39 0 0 26700
104 27 39 0 0 26800
104 27 39 0 0 26900
104 27 39 0 0 27000
104 27 39 0 0 27100
104 27 39 0 0 27200
104 27 39 0 0 27300
104 27 39 0 0 27400
106 27 39 0 0 27500
107 27 39 0 0 27600
107 27 39 0 0 27700
107 27 39 0 0 27800
108 27 39 0 0 27900
108 27 39 0 0 28000
108 27 39 0 0 28100
108 27 39 0 0 28200
108 27 39 0 0 28300
108 27 39 0 0 28400
108 27 39 0 0 28500
108 27 39 0 0 28600
109 27 39 0 0 28700
109 27 39 0 0 28800
109 27 39 0 0 28900
109 28 39 0 0 29000
109 28 39 0 0 29100
109 28 39 0 0 29200
109 28 39 0 0 29300
109 28 39 0 0 29400
109 28 39 0 0 29500
109 28 39 0 0 29600
109 28 39 0 0 29700
109 28 39 0 0 29800
109 28 39 0 0 29900
109 28 39 0 0 30000
109 28 39 0 0 30100
109 28 39 0 0 30200
109 28 39 0 0 30300
109 28 39 0 0 30400
109 28 39 0 0 30500
110 28 39 0 0 30600
110 28 39 0 0 30700
110 28 39 0 0 30800
110 29 39 0 0 30900
110 29 39 0 0 31000
111 29 39 0 0 31100
111 29 39 0 0 31200
111 29 40 0 0 31300
111 29 40 0 0 31400
111 29 40 0 0 31500
111 29 40 0 0 31600
111 29 40 0 0 31700
111 30 40 0 0 31800
112 30 40 0 0 31900
113 30 40 0 0 32000
113 31 40 0 0 32100
113 31 40 0 0 32200
113 31 40 0 0 32300
113 31 40 0 0 32400
113 31 41 0 0 32500
113 31 41 0 0 32600
113 31 41 0 0 32700
114 31 41 0 0 32800
114 31 41 0 0 32900
114 32 41 0 0 33000
114 32 41 0 0 33100
114 32 41 0 0 33200
114 32 41 0 0 33300
114 32 41 0 0 33400
114 32 41 0 0 33500
114 32 41 0 0 33600
114 32 41 0 0 33700
114 32 41 0 0 33800
114 32 41 0 0 33900
114 33 41 0 0 34000
116 33 41 0 0 34100
118 33 41 0 0 34200
118 33 41 0 0 34300
118 33 41 0 0 34400
118 33 41 0 0 34500
118 33 41 0 0 34600
118 33 41 0 0 34700
118 34 41 0 0 34800
118 34 41 0 0 34900
118 34 41 0 0 35000
118 34 41 0 0 35100
118 34 41 0 0 35200
118 34 41 0 0 35300
119 34 41 0 0 35400
120 34 42 0 0 35500
120 34 42 0 0 35600
120 35 42 0 0 35700
121 35 42 0 0 35800
121 35 42 0 0 35900
122 35 42 0 0 36000
122 35 42 0 0 36100
122 35 42 0 0 36200
122 35 42 0 0 36300
122 36 42 0 0 36400
122 36 42 0 0 36500
122 36 42 0 0 36600
122 36 42 0 0 36700
122 36 42 0 0 36800
122 36 42 0 0 36900
122 36 42 0 0 37000
122 36 42 0 0 37100
122 36 42 0 0 37200
122 36 42 0 0 37300
122 36 42 0 0 37400
122 36 42 0 0 37500
122 36 42 0 0 37600
122 36 42 0 0 37700
122 36 42 0 0 37800
122 36 42 0 0 37900
122 36 42 0 0 38000
122 36 42 0 0 38100
122 36 42 0 0 38200
122 36 42 0 0 38300
122 36 42 0 0 38400
122 36 42 0 0 38500
122 36 42 0 0 38600
122 36 42 0 0 38700
122 36 42 0 0 38800
122 36 42 0 0 38900
122 36 42 0 0 39000
122 36 42 0 0 39100
122 36 42 0 0 39200
122 36 42 0 0 39300
122 36 42 0 0 39400
122 36 42 0 0 39500
122 36 42 0 0 39600
122 36 42 0 0 39700
122 36 42 0 0 39800
122 36 42 0 0 39900
122 36 42 0 0 40000
122 36 42 0 0 40100
122 36 42 0 0 40200
122 36 42 0 0 40300
122 37 42 0 0 40400
122 37 42 0 0 40500
122 37 42 0 0 40600
122 37 42 0 0 40700
122 37 42 0 0 40800
122 37 42 0 0 40900
122 37 42 0 0 41000
122 37 42 0 0 41100
123 37 42 0 0 41200
123 37 42 0 0 41300
124 38 42 0 0 41400
124 38 42 0 0 41500
124 38 42 0 0 41600
124 38 42 0 0 41700
124 38 42 0 0 41800
124 39 42 0 0 41900
124 40 42 0 0 42000
124 40 42 0 0 42100
125 40 42 0 0 42200
125 40 42 0 0 42300
125 40 42 0 0 42400
126 40 42 0 0 42500
127 40 42 0 0 42600
127 40 42 0 0 42700
127 41 42 0 0 42800
127 41 42 0 0 42900
127 41 42 0 0 43000
127 41 42 0 0 43100
127 41 42 0 0 43200
127 41 42 0 0 43300
128 41 42 0 0 43400
128 41 42 0 0 43500
128 41 43 0 0 43600
128 41 43 0 0 43700
129 41 43 0 0 43800
129 41 43 0 0 43900
129 42 43 0 0 44000
130 42 43 0 0 44100
130 42 43 0 0 44200
131 42 43 0 0 44300
132 43 43 0 0 44400
132 43 43 0 0 44500
133 44 43 0 0 44600
134 44 43 0 0 44700
134 44 43 0 0 44800
135 44 43 0 0 44900
136 44 43 0 0 45000
136 44 43 0 0 45100
136 44 43 0 0 45200
137 44 43 0 0 45300
137 44 43 0 0 45400
139 44 44 0 0 45500
139 44 44 0 0 45600
140 44 45 0 0 45700
140 44 45 0 0 45800
140 44 45 0 0 45900
140 44 45 0 0 46000
140 45 45 0 0 46100
140 46 45 0 0 46200
140 46 45 0 0 46300
140 46 45 0 0 46400
140 47 45 0 0 46500
140 48 45 0 0 46600
140 48 46 0 0 46700
140 49 46 0 0 46800
140 49 46 0 0 46900
140 49 46 0 0 47000
140 49 46 0 0 47100
140 49 46 0 0 47200
140 49 46 0 0 47300
140 50 46 0 0 47400
141 50 47 0 0 47500
141 51 47 0 0 47600
141 51 47 0 0 47700
141 51 48 0 0 47800
141 51 48 0 0 47900
141 51 48 0 0 48000
141 51 48 0 0 48100
141 51 48 0 0 48200
142 51 49 0 0 48300
142 51 49 0 0 48400
142 51 49 0 0 48500
143 51 49 0 0 48600
143 51 50 0 0 48700
144 51 50 0 0 48800
144 51 50 0 0 48900
144 51 50 0 0 49000
144 51 50 0 0 49100
144 51 50 0 0 49200
144 51 50 0 0 49300
144 51 50 0 0 49400
146 51 50 0 0 49500
146 51 50 0 0 49600
146 51 50 0 0 49700
146 51 50 0 0 49800
146 52 50 0 0 49900
2 0 0 0 0 0
3 0 0 0 0 100
4 0 0 0 0 200
4 0 0 0 0 300
4 0 0 0 0 400
4 0 0 0 0 500
4 0 0 0 0 600
4 0 0 0 0 700
4 0 0 0 0 800
4 0 0 0 0 900
4 0 0 0 0 1000
4 0 0 0 0 1100
4 0 0 0 0 1200
4 0 0 0 0 1300
6 0 0 0 0 1400
6 0 0 0 0 1500
6 0 0 0 0 1600
7 0 0 0 0 1700
7 0 0 0 0 1800
7 1 0 0 0 1900
8 1 0 0 0 2000
9 1 0 0 0 2100
9 1 0 0 0 2200
9 1 0 0 0 2300
9 1 0 0 0 2400
10 1 0 0 0 2500
11 1 0 0 0 2600
11 1 0 0 0 2700
11 1 0 0 0 2800
11 2 0 0 0 2900
12 2 0 0 0 3000
13 2 0 0 0 3100
13 3 0 0 0 3200
14 4 0 0 0 3300
14 4 0 0 0 3400
14 4 0 0 0 3500
14 5 0 0 0 3600
14 5 0 0 0 3700
14 5 0 0 0 3800
15 5 0 0 0 3900
16 5 1 0 0 4000
16 5 1 0 0 4100
17 5 1 0 0 4200
17 6 1 0 0 4300
17 6 1 0 0 4400
18 6 1 0 0 4500
18 7 1 0 0 4600
18 8 1 0 0 4700
19 8 1 0 0 4800
19 10 1 0 0 4900
19 10 1 0 0 5000
20 11 1 0 0 5100
20 11 1 0 0 5200
21 11 1 0 0 5300
21 11 1 0 0 5400
23 12 1 0 0 5500
23 12 1 0 0 5600
24 13 1 0 0 5700
25 13 1 0 0 5800
26 13 1 0 0 5900
27 13 2 0 0 6000
27 13 2 0 0 6100
27 13 3 0 0 6200
27 13 4 0 0 6300
29 13 5 0 0 6400
30 14 5 0 0 6500
31 14 6 0 0 6600
31 14 6 0 0 6700
31 14 8 0 0 6800
31 15 8 0 0 6900
32 15 8 0 0 7000
32 15 9 0 0 7100
33 15 9 0 0 7200
34 15 9 0 0 7300
34 15 9 0 0 7400
34 15 9 0 0 7500
36 15 9 0 0 7600
36 15 9 0 0 7700
37 15 9 0 0 7800
39 15 10 0 0 7900
40 15 10 0 0 8000
41 16 11 0 0 8100
41 16 13 0 0 8200
41 16 13 0 0 8300
41 16 14 0 0 8400
41 17 15 0 0 8500
41 18 15 0 0 8600
42 18 15 0 0 8700
42 18 15 0 0 8800
43 18 15 0 0 8900
43 18 15 0 0 9000
44 19 15 0 0 9100
44 19 15 0 0 9200
45 19 15 0 0 9300
45 19 15 0 0 9400
45 19 16 0 0 9500
45 19 17 0 0 9600
45 20 19 0 0 9700
46 20 19 0 0 9800
46 20 19 0 0 9900
47 21 19 0 0 10000
47 21 20 0 0 10100
49 22 20 0 0 10200
51 22 21 0 0 10300
52 22 21 0 0 10400
52 22 21 0 0 10500
52 22 22 0 0 10600
52 22 22 0 0 10700
54 22 22 0 0 10800
55 22 22 0 0 10900
55 22 22 0 0 11000
55 22 22 0 0 11100
55 23 22 0 0 11200
55 23 22 0 0 11300
55 23 22 0 0 11400
55 23 22 0 0 11500
55 23 22 0 0 11600
55 23 22 0 0 11700
55 23 22 0 0 11800
55 23 22 0 0 11900
55 23 22 0 0 12000
56 23 22 0 0 12100
56 23 22 0 0 12200
56 23 22 0 0 12300
57 23 22 0 0 12400
57 23 22 0 0 12500
57 24 22 0 0 12600
57 25 22 0 0 12700
57 25 22 0 0 12800
57 25 22 0 0 12900
57 25 22 0 0 13000
57 25 22 0 0 13100
57 25 22 0 0 13200
57 25 22 0 0 13300
57 25 22 0 0 13400
57 25 22 0 0 13500
57 25 22 0 0 13600
58 25 22 0 0 13700
58 25 22 0 0 13800
58 25 22 0 0 13900
58 25 23 0 0 14000
58 26 23 0 0 14100
59 28 23 0 0 14200
60 28 24 0 0 14300
61 28 24 0 0 14400
61 28 24 0 0 14500
61 28 24 0 0 14600
61 28 24 0 0 14700
62 29 24 0 0 14800
62 29 24 0 0 14900
62 29 24 0 0 15000
62 29 24 0 0 15100
63 29 24 0 0 15200
63 29 24 0 0 15300
63 29 24 0 0 15400
64 29 24 0 0 15500
65 29 24 0 0 15600
66 29 24 0 0 15700
66 29 24 0 0 15800
66 29 25 0 0 15900
66 29 25 0 0 16000
66 29 25 0 0 16100
66 29 25 0 0 16200
66 29 25 0 0 16300
66 29 25 0 0 16400
66 29 25 0 0 16500
66 30 25 0 0 16600
66 30 25 0 0 16700
66 31 25 0 0 16800
66 31 25 0 0 16900
66 31 25 0 0 17000
66 31 25 0 0 17100
66 31 25 0 0 17200
66 31 25 0 0 17300
67 31 25 0 0 17400
67 31 25 0 0 17500
67 31 25 0 0 17600
68 31 25 0 0 17700
68 31 25 0 0 17800
68 32 25 0 0 17900
68 32 25 0 0 18000
68 32 25 0 0 18100
68 32 25 0 0 18200
68 32 25 0 0 18300
68 32 25 0 0 18400
68 33 25 0 0 18500
68 33 25 0 0 18600
68 33 25 0 0 18700
68 33 25 0 0 18800
68 33 25 0 0 18900
68 33 25 0 0 19000
69 33 25 0 0 19100
71 33 25 0 0 19200
71 34 25 0 0 19300
71 34 25 0 0 19400
72 34 25 0 0 19500
73 34 25 0 0 19600
74 34 25 0 0 19700
75 34 25 0 0 19800
75 34 26 0 0 19900
75 34 26 0 0 20000
75 34 27 0 0 20100
75 34 27 0 0 20200
76 34 28 0 0 20300
76 34 28 0 0 20400
78 34 29 0 0 20500
79 34 29 0 0 20600
79 34 30 0 0 20700
79 35 30 0 0 20800
81 35 30 0 0 20900
81 35 31 0 0 21000
81 35 31 0 0 21100
81 35 31 0 0 21200
81 35 32 0 0 21300
81 35 32 0 0 21400
82 35 32 0 0 21500
83 35 32 0 0 21600
84 35 32 0 0 21700
85 35 32 0 0 21800
86 35 32 0 0 21900
89 35 32 0 0 22000
89 35 32 0 0 22100
89 35 32 0 0 22200
89 35 32 0 0 22300
90 35 32 0 0 22400
90 35 32 0 0 22500
90 35 32 0 0 22600
92 35 32 0 0 22700
93 36 34 0 0 22800
94 36 34 0 0 22900
95 36 34 0 0 23000
95 36 34 0 0 23100
95 36 34 0 0 23200
95 36 34 0 0 23300
96 36 34 0 0 23400
96 36 34 0 0 23500
96 36 34 0 0 23600
97 37 34 0 0 23700
97 37 34 0 0 23800
98 37 34 0 0 23900
98 37 34 0 0 24000
99 37 34 0 0 24100
99 37 34 0 0 24200
100 37 34 0 0 24300
100 37 34 0 0 24400
101 37 34 0 0 24500
101 37 34 0 0 24600
101 37 35 0 0 24700
101 37 35 0 0 24800
101 37 35 0 0 24900
101 37 35 0 0 25000
101 37 35 0 0 25100
101 37 35 0 0 25200
101 37 35 0 0 25300
101 37 35 0 0 25400
101 37 35 0 0 25500
101 37 35 0 0 25600
101 37 35 0 0 25700
101 37 35 0 0 25800
101 37 35 0 0 25900
101 37 35 0 0 26000
101 37 35 0 0 26100
101 37 35 0 0 26200
102 37 35 0 0 26300
103 37 35 0 0 26400
103 37 35 0 0 26500
103 37 35 0 0 26600
103 37 35 0 0 26700
103 37 35 0 0 26800
103 37 35 0 0 26900
103 37 35 0 0 27000
103 37 35 0 0 27100
103 37 36 0 0 27200
103 37 36 0 0 27300
103 37 36 0 0 27400
104 37 36 0 0 27500
104 37 36 0 0 27600
104 37 37 0 0 27700
104 37 37 0 0 27800
104 37 38 0 0 27900
104 37 38 0 0 28000
104 37 38 0 0 28100
104 37 39 0 0 28200
104 38 39 0 0 28300
104 38 39 0 0 28400
104 38 39 0 0 28500
104 38 40 0 0 28600
104 39 41 0 0 28700
104 39 41 0 0 28800
104 39 42 0 0 28900
104 40 42 0 0 29000
105 40 42 0 0 29100
105 40 42 0 0 29200
105 40 42 0 0 29300
105 40 42 0 0 29400
105 40 42 0 0 29500
105 40 42 0 0 29600
106 40 42 0 0 29700
106 40 42 0 0 29800
106 40 43 0 0 29900
106 40 43 0 0 30000
106 40 43 0 0 30100
106 40 43 0 0 30200
106 40 43 0 0 30300
106 40 43 0 0 30400
106 40 43 0 0 30500
106 40 43 0 0 30600
106 40 43 0 0 30700
106 40 43 0 0 30800
106 40 43 0 0 30900
106 40 43 0 0 31000
107 40 43 0 0 31100
107 40 43 0 0 31200
107 40 43 0 0 31300
107 40 43 0 0 31400
107 40 44 0 0 31500
107 40 44 0 0 31600
107 40 44 0 0 31700
107 40 44 0 0 31800
107 40 44 0 0 31900
107 40 44 0 0 32000
108 40 44 0 0 32100
108 40 44 0 0 32200
108 40 44 0 0 32300
109 40 44 0 0 32400
109 40 44 0 0 32500
110 40 44 0 0 32600
110 40 45 0 0 32700
110 41 45 0 0 32800
110 41 46 0 0 32900
111 41 46 0 0 33000
111 41 46 0 0 33100
111 41 47 0 0 33200
111 41 47 0 0 33300
111 41 47 0 0 33400
111 41 47 0 0 33500
111 41 47 0 0 33600
111 41 47 0 0 33700
111 41 47 0 0 33800
111 41 47 0 0 33900
111 41 47 0 0 34000
111 41 47 0 0 34100
112 41 47 0 0 34200
112 41 47 0 0 34300
112 41 47 0 0 34400
112 41 47 0 0 34500
112 41 47 0 0 34600
112 42 47 0 0 34700
112 42 48 0 0 34800
112 42 48 0 0 34900
112 42 48 0 0 35000
112 42 48 0 0 35100
112 42 48 0 0 35200
112 42 48 0 0 35300
112 42 48 0 0 35400
112 42 48 0 0 35500
112 42 48 0 0 35600
112 42 48 0 0 35700
112 42 48 0 0 35800
112 42 48 0 0 35900
112 42 48 0 0 36000
112 42 48 0 0 36100
112 43 48 0 0 36200
112 43 48 0 0 36300
112 43 48 0 0 36400
112 43 48 0 0 36500
112 44 48 0 0 36600
112 45 48 0 0 36700
113 45 48 0 0 36800
113 45 48 0 0 36900
113 45 48 0 0 37000
113 45 48 0 0 37100
113 45 48 0 0 37200
114 45 48 0 0 37300
114 45 48 0 0 37400
114 45 48 0 0 37500
114 45 49 0 0 37600
114 45 49 0 0 37700
114 45 49 0 0 37800
115 45 49 0 0 37900
117 46 49 0 0 38000
118 46 49 0 0 38100
118 46 49 0 0 38200
118 47 49 0 0 38300
118 47 49 0 0 38400
118 47 49 0 0 38500
118 47 49 0 0 38600
118 48 49 0 0 38700
118 48 49 0 0 38800
118 48 49 0 0 38900
118 48 49 0 0 39000
119 48 49 0 0 39100
119 48 49 0 0 39200
119 48 49 0 0 39300
119 48 49 0 0 39400
119 49 49 0 0 39500
119 49 49 0 0 39600
119 49 49 0 0 39700
119 49 49 0 0 39800
120 49 49 0 0 39900
121 50 49 0 0 40000
122 50 49 0 0 40100
122 50 50 0 0 40200
122 51 50 0 0 40300
122 52 50 0 0 40400
122 52 50 0 0 40500
122 52 50 0 0 40600
122 52 51 0 0 40700
123 52 51 0 0 40800
123 52 51 0 0 40900
124 52 51 0 0 41000
124 52 52 0 0 41100
124 52 52 0 0 41200
124 53 52 0 0 41300
125 53 52 0 0 41400
125 53 52 0 0 41500
125 53 52 0 0 41600
125 54 52 0 0 41700
125 54 52 0 0 41800
126 54 52 0 0 41900
126 54 52 0 0 42000
127 54 52 0 0 42100
127 54 52 0 0 42200
127 55 52 0 0 42300
128 56 52 0 0 42400
128 57 52 0 0 42500
128 57 52 0 0 42600
128 57 52 0 0 42700
128 58 52 0 0 42800
128 58 52 0 0 42900
130 58 52 0 0 43000
130 58 52 0 0 43100
131 58 52 0 0 43200
132 58 52 0 0 43300
132 58 53 0 0 43400
134 58 53 0 0 43500
134 58 54 0 0 43600
134 58 55 0 0 43700
134 58 55 0 0 43800
134 58 55 0 0 43900
134 58 55 0 0 44000
135 58 55 0 0 44100
135 58 55 0 0 44200
135 58 55 0 0 44300
135 58 55 0 0 44400
135 58 55 0 0 44500
135 58 55 0 0 44600
135 58 55 0 0 44700
135 58 55 0 0 44800
135 58 56 0 0 44900
135 58 56 0 0 45000
135 58 56 0 0 45100
135 58 56 0 0 45200
135 58 56 0 0 45300
135 58 57 0 0 45400
136 58 57 0 0 45500
137 58 57 0 0 45600
137 58 57 0 0 45700
137 58 57 0 0 45800
137 58 57 0 0 45900
137 58 57 0 0 46000
137 58 57 0 0 46100
137 58 57 0 0 46200
137 58 57 0 0 46300
137 58 57 0 0 46400
137 58 57 0 0 46500
137 58 58 0 0 46600
137 58 58 0 0 46700
137 58 58 0 0 46800
138 58 58 0 0 46900
138 58 58 0 0 47000
138 58 58 0 0 47100
138 58 58 0 0 47200
138 58 58 0 0 47300
139 58 58 0 0 47400
139 58 58 0 0 47500
139 58 58 0 0 47600
139 58 58 0 0 47700
139 59 58 0 0 47800
140 59 58 0 0 47900
140 59 58 0 0 48000
140 59 58 0 0 48100
140 59 58 0 0 48200
140 59 58 0 0 48300
140 59 58 0 0 48400
140 59 58 0 0 48500
140 59 58 0 0 48600
140 59 58 0 0 48700
140 59 58 0 0 48800
140 59 58 0 0 48900
140 59 58 0 0 49000
140 59 58 0 0 49100
140 59 58 0 0 49200
140 59 58 0 0 49300
140 59 58 0 0 49400
140 60 58 0 0 49500
140 60 58 0 0 49600
140 60 58 0 0 49700
140 61 58 0 0 49800
140 61 58 0 0 49900
3 0 0 0 0 0
3 0 0 0 0 100
3 0 0 0 0 200
3 0 0 0 0 300
3 0 1 0 0 400
3 0 1 0 0 500
3 0 2 0 0 600
3 0 2 0 0 700
3 0 2 0 0 800
3 0 3 0 0 900
3 0 3 0 0 1000
4 0 3 0 0 1100
4 0 4 0 0 1200
4 0 4 0 0 1300
4 0 4 0 0 1400
4 0 4 0 0 1500
4 0 4 0 0 1600
4 0 5 0 0 1700
4 0 5 0 0 1800
4 0 6 0 0 1900
4 0 6 0 0 2000
4 0 6 0 0 2100
4 0 6 0 0 2200
4 0 6 0 0 2300
6 0 6 0 0 2400
7 0 6 0 0 2500
8 0 7 0 0 2600
8 1 7 0 0 2700
8 1 7 0 0 2800
8 1 7 0 0 2900
8 1 7 0 0 3000
9 1 7 0 0 3100
9 1 7 0 0 3200
10 2 7 0 0 3300
10 2 7 0 0 3400
12 3 7 0 0 3500
13 4 7 0 0 3600
13 4 7 0 0 3700
13 4 8 0 0 3800
13 4 8 0 0 3900
13 4 9 0 0 4000
13 4 9 0 0 4100
14 4 9 0 0 4200
14 4 9 0 0 4300
15 4 9 0 0 4400
16 4 10 0 0 4500
18 4 11 0 0 4600
18 4 11 0 0 4700
18 4 11 0 0 4800
18 4 11 0 0 4900
18 4 11 0 0 5000
19 4 11 0 0 5100
19 4 11 0 0 5200
19 4 11 0 0 5300
19 4 11 0 0 5400
19 4 11 0 0 5500
19 4 11 0 0 5600
19 4 12 0 0 5700
19 4 12 0 0 5800
19 4 12 0 0 5900
19 4 12 0 0 6000
19 4 12 0 0 6100
20 4 14 0 0 6200
21 4 14 0 0 6300
21 4 14 0 0 6400
21 4 14 0 0 6500
22 5 14 0 0 6600
22 5 14 0 0 6700
22 5 14 0 0 6800
22 5 14 0 0 6900
22 5 14 0 0 7000
22 5 14 0 0 7100
23 5 14 0 0 7200
23 5 14 0 0 7300
24 5 14 0 0 7400
24 5 14 0 0 7500
25 5 14 0 0 7600
26 6 14 0 0 7700
27 6 14 0 0 7800
27 6 15 0 0 7900
27 6 15 0 0 8000
28 6 15 0 0 8100
29 6 15 0 0 8200
30 6 15 0 0 8300
31 6 15 0 0 8400
32 6 15 0 0 8500
32 6 15 0 0 8600
32 7 15 0 0 8700
33 7 15 0 0 8800
33 7 15 0 0 8900
33 7 15 0 0 9000
33 7 15 0 0 9100
34 7 15 0 0 9200
34 7 15 0 0 9300
35 7 15 0 0 9400
35 7 15 0 0 9500
35 7 16 0 0 9600
35 7 16 0 0 9700
35 8 16 0 0 9800
36 8 17 0 0 9900
36 9 17 0 0 10000
36 9 18 0 0 10100
36 9 18 0 0 10200
37 9 18 0 0 10300
37 9 19 0 0 10400
37 10 19 0 0 10500
37 10 19 0 0 10600
37 10 19 0 0 10700
37 10 19 0 0 10800
38 10 19 0 0 10900
39 11 19 0 0 11000
39 12 19 0 0 11100
41 12 19 0 0 11200
42 12 19 0 0 11300
43 12 20 0 0 11400
43 12 20 0 0 11500
43 12 20 0 0 11600
45 12 20 0 0 11700
46 12 21 0 0 11800
46 12 22 0 0 11900
46 12 22 0 0 12000
46 12 23 0 0 12100
46 13 23 0 0 12200
46 13 23 0 0 12300
46 13 23 0 0 12400
46 13 23 0 0 12500
46 13 23 0 0 12600
46 13 23 0 0 12700
46 13 23 0 0 12800
46 13 23 0 0 12900
46 13 23 0 0 13000
46 13 23 0 0 13100
46 13 23 0 0 13200
47 13 23 0 0 13300
47 13 24 0 0 13400
47 13 24 0 0 13500
47 13 24 0 0 13600
48 13 24 0 0 13700
49 13 25 0 0 13800
49 13 25 0 0 13900
49 15 25 0 0 14000
50 15 26 0 0 14100
50 15 26 0 0 14200
50 16 26 0 0 14300
51 16 26 0 0 14400
51 16 27 0 0 14500
52 16 27 0 0 14600
54 16 27 0 0 14700
55 16 27 0 0 14800
56 16 27 0 0 14900
57 17 27 0 0 15000
58 17 28 0 0 15100
59 17 29 0 0 15200
59 17 29 0 0 15300
61 18 29 0 0 15400
61 18 29 0 0 15500
61 18 30 0 0 15600
62 18 30 0 0 15700
63 18 30 0 0 15800
64 18 30 0 0 15900
65 18 30 0 0 16000
65 20 31 0 0 16100
65 20 32 0 0 16200
65 20 32 0 0 16300
65 20 33 0 0 16400
65 20 33 0 0 16500
65 20 35 0 0 16600
65 20 35 0 0 16700
65 20 35 0 0 16800
65 20 35 0 0 16900
66 20 36 0 0 17000
66 20 36 0 0 17100
67 20 36 0 0 17200
67 20 36 0 0 17300
67 20 36 0 0 17400
67 20 36 0 0 17500
67 20 36 0 0 17600
67 20 36 0 0 17700
67 20 36 0 0 17800
67 20 36 0 0 17900
67 20 36 0 0 18000
67 20 36 0 0 18100
67 20 36 0 0 18200
67 20 36 0 0 18300
67 20 36 0 0 18400
67 20 36 0 0 18500
67 20 36 0 0 18600
67 20 36 0 0 18700
67 20 36 0 0 18800
68 20 36 0 0 18900
68 20 36 0 0 19000
68 20 36 0 0 19100
68 20 36 0 0 19200
68 20 36 0 0 19300
69 20 36 0 0 19400
70 20 36 0 0 19500
70 20 36 0 0 19600
71 20 36 0 0 19700
71 20 37 0 0 19800
71 20 37 0 0 19900
71 20 37 0 0 20000
72 20 37 0 0 20100
72 20 37 0 0 20200
72 20 37 0 0 20300
72 20 37 0 0 20400
72 21 37 0 0 20500
72 21 37 0 0 20600
73 21 37 0 0 20700
73 21 37 0 0 20800
73 21 37 0 0 20900
73 21 37 0 0 21000
74 21 37 0 0 21100
74 21 38 0 0 21200
74 21 38 0 0 21300
74 21 38 0 0 21400
74 21 38 0 0 21500
74 21 38 0 0 21600
74 21 38 0 0 21700
74 21 38 0 0 21800
74 21 38 0 0 21900
74 21 38 0 0 22000
74 21 38 0 0 22100
75 21 38 0 0 22200
75 22 38 0 0 22300
75 22 38 0 0 22400
75 22 38 0 0 22500
76 22 38 0 0 22600
76 22 38 0 0 22700
77 22 38 0 0 22800
77 22 39 0 0 22900
77 22 39 0 0 23000
77 22 39 0 0 23100
77 22 39 0 0 23200
77 22 39 0 0 23300
77 22 39 0 0 23400
77 22 39 0 0 23500
77 22 39 0 0 23600
78 22 39 0 0 23700
79 22 39 0 0 23800
80 22 39 0 0 23900
80 22 39 0 0 24000
80 22 39 0 0 24100
80 22 39 0 0 24200
81 22 39 0 0 24300
81 22 39 0 0 24400
81 22 39 0 0 24500
81 22 39 0 0 24600
81 22 39 0 0 24700
81 22 39 0 0 24800
81 22 39 0 0 24900
81 22 39 0 0 25000
81 22 39 0 0 25100
81 22 39 0 0 25200
81 22 39 0 0 25300
81 22 39 0 0 25400
81 22 39 0 0 25500
82 22 39 0 0 25600
82 22 39 0 0 25700
82 22 39 0 0 25800
82 22 39 0 0 25900
82 22 39 0 0 26000
82 22 39 0 0 26100
82 22 39 0 0 26200
82 22 39 0 0 26300
82 22 39 0 0 26400
82 22 39 0 0 26500
82 22 39 0 0 26600
83 23 39 0 0 26700
83 23 39 0 0 26800
83 23 39 0 0 26900
83 23 39 0 0 27000
83 23 39 0 0 27100
83 23 39 0 0 27200
83 23 39 0 0 27300
83 23 39 0 0 27400
83 23 39 0 0 27500
84 23 39 0 0 27600
84 23 39 0 0 27700
84 23 39 0 0 27800
84 23 39 0 0 27900
84 23 39 0 0 28000
84 23 39 0 0 28100
84 23 39 0 0 28200
84 23 39 0 0 28300
85 23 39 0 0 28400
85 23 39 0 0 28500
85 23 39 0 0 28600
85 23 39 0 0 28700
85 23 39 0 0 28800
85 23 39 0 0 28900
85 23 39 0 0 29000
85 23 39 0 0 29100
85 23 39 0 0 29200
85 23 39 0 0 29300
85 23 39 0 0 29400
85 23 39 0 0 29500
85 23 39 0 0 29600
86 23 39 0 0 29700
87 23 39 0 0 29800
88 23 40 0 0 29900
88 23 40 0 0 30000
88 23 40 0 0 30100
88 23 40 0 0 30200
88 23 40 0 0 30300
88 23 40 0 0 30400
88 23 40 0 0 30500
88 24 40 0 0 30600
88 24 40 0 0 30700
88 25 40 0 0 30800
88 25 40 0 0 30900
88 25 40 0 0 31000
88 25 40 0 0 31100
88 25 40 0 0 31200
89 25 40 0 0 31300
89 25 40 0 0 31400
89 25 40 0 0 31500
89 25 40 0 0 31600
89 25 40 0 0 31700
89 25 40 0 0 31800
89 25 40 0 0 31900
89 25 40 0 0 32000
89 25 40 0 0 32100
89 25 40 0 0 32200
89 25 40 0 0 32300
89 25 40 0 0 32400
89 25 41 0 0 32500
90 25 41 0 0 32600
90 25 41 0 0 32700
90 25 43 0 0 32800
90 25 43 0 0 32900
90 26 43 0 0 33000
90 26 43 0 0 33100
90 26 44 0 0 33200
90 26 44 0 0 33300
90 26 44 0 0 33400
90 26 44 0 0 33500
90 26 44 0 0 33600
90 26 44 0 0 33700
90 26 44 0 0 33800
90 26 44 0 0 33900
90 26 44 0 0 34000
90 26 44 0 0 34100
90 26 44 0 0 34200
90 27 44 0 0 34300
90 27 44 0 0 34400
90 27 44 0 0 34500
90 27 44 0 0 34600
91 27 44 0 0 34700
92 27 44 0 0 34800
92 27 44 0 0 34900
92 27 44 0 0 35000
93 27 44 0 0 35100
94 27 44 0 0 35200
96 27 44 0 0 35300
97 27 44 0 0 35400
97 28 44 0 0 35500
98 28 44 0 0 35600
98 28 44 0 0 35700
99 28 44 0 0 35800
100 28 44 0 0 35900
101 28 44 0 0 36000
101 28 44 0 0 36100
101 28 44 0 0 36200
101 28 44 0 0 36300
101 28 44 0 0 36400
101 28 44 0 0 36500
101 28 44 0 0 36600
101 28 44 0 0 36700
101 28 44 0 0 36800
101 28 44 0 0 36900
101 28 44 0 0 37000
101 28 44 0 0 37100
101 28 44 0 0 37200
101 28 44 0 0 37300
101 28 44 0 0 37400
101 28 44 0 0 37500
101 28 44 0 0 37600
101 28 44 0 0 37700
101 28 44 0 0 37800
101 28 44 0 0 37900
101 28 44 0 0 38000
101 28 44 0 0 38100
101 28 44 0 0 38200
101 28 44 0 0 38300
101 28 44 0 0 38400
101 28 44 0 0 38500
101 28 44 0 0 38600
102 28 44 0 0 38700
102 28 44 0 0 38800
102 28 44 0 0 38900
102 28 45 0 0 39000
102 28 45 0 0 39100
103 28 45 0 0 39200
104 28 45 0 0 39300
104 28 45 0 0 39400
104 28 45 0 0 39500
104 28 45 0 0 39600
104 28 45 0 0 39700
104 28 45 0 0 39800
105 28 45 0 0 39900
105 28 45 0 0 40000
106 28 45 0 0 40100
106 28 45 0 0 40200
106 28 45 0 0 40300
106 28 46 0 0 40400
106 28 46 0 0 40500
106 29 46 0 0 40600
106 29 46 0 0 40700
106 29 46 0 0 40800
106 29 46 0 0 40900
106 29 46 0 0 41000
107 29 46 0 0 41100
107 30 46 0 0 41200
108 30 46 0 0 41300
110 30 46 0 0 41400
110 30 46 0 0 41500
110 30 46 0 0 41600
110 30 46 0 0 41700
110 30 46 0 0 41800
110 30 46 0 0 41900
110 30 46 0 0 42000
110 30 46 0 0 42100
110 31 47 0 0 42200
110 31 47 0 0 42300
110 31 47 0 0 42400
110 32 47 0 0 42500
110 32 47 0 0 42600
110 32 47 0 0 42700
110 32 47 0 0 42800
110 32 47 0 0 42900
111 32 47 0 0 43000
111 32 47 0 0 43100
111 32 47 0 0 43200
111 34 47 0 0 43300
111 34 47 0 0 43400
112 34 47 0 0 43500
112 35 47 0 0 43600
112 35 47 0 0 43700
112 35 47 0 0 43800
114 35 47 0 0 43900
114 35 47 0 0 44000
116 36 47 0 0 44100
116 36 47 0 0 44200
116 36 47 0 0 44300
116 36 47 0 0 44400
117 36 47 0 0 44500
117 37 47 0 0 44600
117 37 47 0 0 44700
117 37 47 0 0 44800
117 37 47 0 0 44900
117 37 47 0 0 45000
118 37 47 0 0 45100
119 37 47 0 0 45200
119 38 47 0 0 45300
119 38 47 0 0 45400
119 38 47 0 0 45500
119 38 47 0 0 45600
119 38 47 0 0 45700
119 38 47 0 0 45800
119 38 47 0 0 45900
119 38 47 0 0 46000
119 38 47 0 0 46100
119 38 47 0 0 46200
119 38 47 0 0 46300
119 38 47 0 0 46400
120 38 47 0 0 46500
120 38 47 0 0 46600
120 38 47 0 0 46700
120 38 47 0 0 46800
120 38 47 0 0 46900
120 39 47 0 0 47000
120 39 47 0 0 47100
121 39 47 0 0 47200
122 39 47 0 0 47300
122 39 47 0 0 47400
122 39 47 0 0 47500
122 39 47 0 0 47600
122 39 47 0 0 47700
123 39 47 0 0 47800
124 39 47 0 0 47900
124 39 47 0 0 48000
124 39 47 0 0 48100
124 39 47 0 0 48200
124 39 47 0 0 48300
124 39 47 0 0 48400
124 39 47 0 0 48500
124 39 47 0 0 48600
124 39 47 0 0 48700
124 39 47 0 0 48800
124 39 47 0 0 48900
124 39 47 0 0 49000
124 39 47 0 0 49100
124 39 47 0 0 49200
124 39 47 0 0 49300
124 39 47 0 0 49400
125 39 47 0 0 49500
127 39 47 0 0 49600
127 39 47 0 0 49700
127 39 47 0 0 49800
127 39 47 0 0 49900
