1 0 0 0 0 0
1 0 0 0 0 100
2 0 0 0 1 200
4 0 1 0 1 300
4 0 1 0 2 400
5 0 1 1 4 500
5 0 1 1 4 600
5 0 1 2 5 700
5 0 1 2 6 800
7 0 1 2 6 900
9 0 2 2 6 1000
9 0 2 2 7 1100
9 0 3 2 8 1200
10 0 3 2 8 1300
11 0 3 2 9 1400
13 0 3 2 9 1500
14 0 3 2 9 1600
14 0 3 2 9 1700
15 0 3 2 9 1800
15 0 3 2 9 1900
16 0 4 2 10 2000
17 0 4 2 11 2100
19 0 4 2 11 2200
19 0 4 2 12 2300
20 0 4 2 13 2400
20 0 4 2 13 2500
20 0 4 2 13 2600
21 0 4 2 13 2700
21 0 4 2 13 2800
22 0 4 2 13 2900
23 0 4 2 13 3000
24 0 4 2 13 3100
25 0 4 2 13 3200
25 0 4 2 13 3300
26 0 4 2 14 3400
27 0 4 2 14 3500
27 0 5 2 14 3600
27 0 5 2 14 3700
28 0 5 2 16 3800
28 0 5 3 17 3900
29 0 5 3 17 4000
29 0 5 3 18 4100
30 0 5 4 19 4200
30 0 5 4 20 4300
30 0 5 4 23 4400
30 2 5 5 24 4500
31 2 5 5 24 4600
32 2 5 6 24 4700
33 2 5 6 24 4800
33 3 5 6 26 4900
33 3 5 6 28 5000
33 4 5 6 29 5100
35 4 5 7 29 5200
36 4 5 7 29 5300
37 4 5 8 29 5400
40 4 5 8 29 5500
42 4 6 8 30 5600
43 4 6 9 31 5700
43 4 6 9 34 5800
44 4 6 9 36 5900
44 4 7 10 36 6000
47 4 8 11 37 6100
51 4 9 11 38 6200
53 4 9 11 38 6300
54 5 10 11 40 6400
56 5 11 11 40 6500
57 5 11 11 42 6600
59 5 11 11 42 6700
60 5 12 11 42 6800
61 5 12 11 43 6900
62 5 12 11 43 7000
63 5 12 11 43 7100
64 5 13 11 44 7200
64 5 13 11 44 7300
64 5 13 11 44 7400
66 5 13 12 44 7500
68 5 14 12 44 7600
72 5 14 12 44 7700
72 5 15 12 46 7800
72 5 15 12 47 7900
72 5 16 12 49 8000
72 5 16 12 50 8100
73 5 16 12 53 8200
75 5 16 13 53 8300
76 7 16 13 55 8400
77 8 16 14 56 8500
77 8 16 14 58 8600
78 8 16 15 59 8700
79 8 16 15 59 8800
79 9 17 16 60 8900
79 10 17 16 60 9000
79 10 17 17 61 9100
80 10 17 18 61 9200
80 10 17 18 63 9300
83 10 17 19 64 9400
83 12 18 20 64 9500
83 13 18 20 64 9600
84 13 18 21 65 9700
85 13 18 21 67 9800
85 14 18 21 69 9900
85 14 18 21 70 10000
85 14 18 21 73 10100
86 14 18 21 74 10200
87 15 18 21 74 10300
89 15 19 21 74 10400
90 15 19 22 75 10500
90 17 21 23 77 10600
90 17 22 23 78 10700
92 17 22 23 79 10800
93 17 22 25 81 10900
93 18 23 25 83 11000
97 18 23 25 86 11100
98 18 24 26 86 11200
98 18 24 26 87 11300
98 18 24 26 87 11400
99 20 25 28 88 11500
99 20 25 28 91 11600
100 20 26 29 91 11700
101 20 26 29 92 11800
102 20 26 29 93 11900
102 20 27 30 93 12000
103 20 27 30 94 12100
107 21 28 30 95 12200
107 21 28 30 96 12300
107 21 28 31 96 12400
108 21 28 31 97 12500
109 22 29 31 98 12600
112 22 29 31 100 12700
113 23 29 32 103 12800
113 23 29 32 104 12900
113 23 29 33 105 13000
113 23 30 33 107 13100
113 23 30 33 109 13200
114 23 31 33 109 13300
116 23 31 34 109 13400
117 23 31 35 110 13500
117 24 32 35 111 13600
119 24 32 37 112 13700
119 25 32 38 114 13800
120 25 32 40 116 13900
120 25 32 41 117 14000
120 26 32 41 118 14100
122 26 32 41 122 14200
124 26 32 41 124 14300
125 26 32 41 125 14400
126 27 32 41 126 14500
126 27 32 41 126 14600
126 27 32 41 126 14700
126 27 32 42 126 14800
127 27 32 42 126 14900
128 27 32 42 126 15000
128 27 32 42 126 15100
128 27 32 43 127 15200
128 27 32 43 127 15300
128 27 32 43 127 15400
128 27 32 43 128 15500
128 27 32 43 128 15600
128 27 32 43 130 15700
128 27 32 43 130 15800
129 27 32 43 134 15900
131 28 32 43 134 16000
132 28 32 43 135 16100
132 29 32 44 135 16200
132 29 32 45 135 16300
132 29 33 45 136 16400
132 29 33 45 138 16500
132 30 33 45 139 16600
132 30 33 45 139 16700
133 30 33 45 141 16800
133 31 33 45 141 16900
133 32 34 45 142 17000
133 32 34 46 143 17100
134 32 34 46 145 17200
135 33 35 47 146 17300
136 33 35 48 146 17400
136 33 35 48 147 17500
138 33 36 48 148 17600
139 33 36 48 148 17700
139 34 36 49 148 17800
140 34 36 49 149 17900
141 34 36 49 149 18000
141 34 37 49 150 18100
141 34 37 49 150 18200
142 34 37 49 151 18300
142 34 38 49 151 18400
142 34 38 49 152 18500
142 34 39 50 152 18600
143 34 39 50 152 18700
143 34 39 50 152 18800
143 34 39 51 152 18900
143 34 39 52 154 19000
143 34 40 52 155 19100
143 34 40 52 157 19200
145 34 40 52 159 19300
145 34 40 52 160 19400
145 34 40 53 160 19500
145 34 40 53 161 19600
145 34 40 53 161 19700
145 34 40 53 161 19800
145 34 40 54 164 19900
145 34 40 54 164 20000
145 34 40 54 166 20100
145 35 40 55 166 20200
145 35 40 55 167 20300
145 35 40 55 169 20400
147 35 40 56 169 20500
147 35 40 56 170 20600
147 35 41 56 171 20700
147 35 42 56 172 20800
147 35 42 56 175 20900
147 35 42 56 177 21000
147 35 42 56 179 21100
147 35 42 56 179 21200
148 35 42 56 181 21300
148 36 42 56 183 21400
148 36 42 56 183 21500
148 36 42 56 185 21600
149 36 42 57 185 21700
149 36 42 57 185 21800
149 36 43 57 185 21900
149 36 43 58 186 22000
149 36 43 58 188 22100
150 36 43 58 189 22200
150 36 43 58 190 22300
150 36 43 58 191 22400
150 36 43 58 193 22500
151 36 44 59 193 22600
151 36 44 59 194 22700
151 36 44 60 196 22800
152 36 44 61 197 22900
152 36 44 61 200 23000
152 36 44 61 201 23100
153 36 44 61 203 23200
153 36 44 61 204 23300
153 36 45 62 204 23400
153 36 45 63 204 23500
154 36 45 63 206 23600
155 36 46 64 206 23700
155 36 46 64 207 23800
155 36 46 65 207 23900
155 36 47 65 209 24000
156 36 47 65 209 24100
157 36 47 65 209 24200
157 36 47 66 209 24300
157 36 47 66 209 24400
157 36 47 66 209 24500
157 36 47 66 209 24600
157 36 47 66 210 24700
157 36 47 67 211 24800
157 36 47 67 212 24900
157 36 47 67 212 25000
157 36 47 67 213 25100
157 36 47 67 214 25200
158 36 47 67 214 25300
158 36 47 67 215 25400
158 37 47 68 220 25500
159 37 47 68 220 25600
160 37 47 68 220 25700
161 37 47 68 221 25800
162 37 47 68 222 25900
162 37 48 69 223 26000
162 37 48 70 224 26100
162 37 48 70 227 26200
162 38 49 71 229 26300
163 38 49 72 230 26400
164 38 49 72 231 26500
165 38 50 73 233 26600
165 38 50 73 234 26700
165 38 52 73 234 26800
165 38 52 74 234 26900
165 38 53 74 236 27000
165 38 53 74 238 27100
165 38 53 74 240 27200
165 38 54 74 241 27300
165 38 54 74 243 27400
165 38 54 74 245 27500
165 38 55 74 245 27600
166 38 56 74 245 27700
166 38 57 75 245 27800
166 38 57 75 246 27900
166 38 57 76 247 28000
167 38 57 76 247 28100
167 38 57 76 247 28200
167 38 57 76 247 28300
167 38 57 76 247 28400
167 38 57 77 247 28500
167 38 57 77 249 28600
167 38 57 77 250 28700
168 38 58 77 250 28800
168 38 58 77 252 28900
169 38 58 78 252 29000
170 38 58 79 253 29100
170 38 58 79 253 29200
170 38 58 79 253 29300
170 38 58 80 253 29400
170 38 58 81 253 29500
171 38 58 81 253 29600
172 38 58 82 253 29700
172 38 58 82 256 29800
172 38 58 82 257 29900
172 38 58 83 257 30000
172 38 58 83 257 30100
172 38 58 83 260 30200
172 38 58 83 262 30300
172 38 58 83 262 30400
172 38 58 84 264 30500
172 38 58 84 264 30600
172 38 58 84 265 30700
173 38 58 84 267 30800
174 38 58 84 267 30900
174 38 58 84 268 31000
174 38 58 84 268 31100
174 38 58 86 270 31200
174 38 58 88 270 31300
174 38 58 88 271 31400
175 38 58 88 272 31500
176 38 58 88 273 31600
177 38 58 88 273 31700
177 38 58 88 274 31800
177 38 58 88 275 31900
177 38 58 88 276 32000
177 38 58 88 277 32100
177 38 58 88 277 32200
177 38 58 89 277 32300
177 38 58 89 277 32400
178 38 58 89 277 32500
179 38 58 89 277 32600
180 38 58 89 278 32700
181 38 58 89 278 32800
181 39 58 90 278 32900
181 39 58 90 279 33000
181 39 58 90 280 33100
181 39 58 90 282 33200
182 39 58 90 283 33300
183 39 58 91 285 33400
183 40 58 91 285 33500
183 40 58 92 285 33600
183 40 58 92 285 33700
183 40 58 93 285 33800
183 40 58 93 285 33900
183 40 58 94 285 34000
183 41 58 94 287 34100
184 41 58 94 288 34200
184 42 58 94 289 34300
186 42 58 94 290 34400
187 42 58 94 290 34500
187 42 58 94 290 34600
187 42 58 95 290 34700
187 42 58 95 290 34800
188 42 58 95 291 34900
188 42 58 95 291 35000
188 42 58 95 291 35100
189 43 58 97 291 35200
191 43 58 97 292 35300
192 43 59 97 293 35400
194 43 59 97 295 35500
195 43 59 97 296 35600
195 43 62 97 298 35700
195 44 63 98 298 35800
195 44 64 98 300 35900
195 44 64 100 300 36000
195 44 65 100 301 36100
195 44 65 101 302 36200
196 45 66 101 305 36300
196 45 66 101 306 36400
196 45 66 101 306 36500
197 45 66 101 306 36600
198 45 67 101 306 36700
198 45 68 101 306 36800
198 45 68 101 307 36900
198 46 69 102 308 37000
198 46 69 102 309 37100
199 46 69 103 309 37200
200 46 69 103 309 37300
200 46 69 103 309 37400
200 46 69 104 309 37500
200 46 70 104 309 37600
200 46 70 105 312 37700
200 46 70 105 312 37800
200 46 70 106 312 37900
201 46 70 106 313 38000
201 46 70 106 314 38100
202 46 70 106 314 38200
202 46 70 106 314 38300
202 46 70 106 315 38400
202 46 71 106 316 38500
202 46 71 106 317 38600
203 46 71 107 317 38700
203 46 71 108 317 38800
203 46 71 109 319 38900
204 46 71 109 320 39000
205 47 71 110 320 39100
206 47 72 110 320 39200
206 47 72 110 321 39300
206 47 72 110 323 39400
209 47 72 110 324 39500
210 47 72 111 324 39600
210 47 73 112 324 39700
210 47 73 112 326 39800
210 48 73 112 327 39900
211 48 73 112 327 40000
211 48 73 112 328 40100
212 48 73 112 331 40200
213 48 73 112 331 40300
213 48 74 112 331 40400
213 48 74 113 331 40500
213 48 74 114 331 40600
213 49 74 115 332 40700
213 49 74 117 334 40800
214 50 74 117 335 40900
215 50 74 118 335 41000
216 50 74 119 335 41100
216 50 75 119 335 41200
216 50 75 120 337 41300
216 51 75 120 337 41400
216 51 75 120 338 41500
216 51 75 120 339 41600
217 51 75 121 339 41700
217 51 76 121 340 41800
217 51 77 121 340 41900
218 51 77 121 342 42000
218 51 77 122 343 42100
219 51 79 122 344 42200
219 51 80 123 344 42300
219 51 80 124 344 42400
219 51 80 124 345 42500
219 51 80 126 346 42600
219 51 80 127 348 42700
220 51 80 127 348 42800
220 51 80 127 348 42900
220 51 80 127 348 43000
220 51 81 128 349 43100
220 51 81 128 349 43200
221 51 81 128 351 43300
221 51 81 129 352 43400
221 51 81 130 352 43500
221 51 81 131 352 43600
221 51 81 132 353 43700
221 51 81 132 353 43800
221 51 82 133 353 43900
221 51 82 135 356 44000
221 51 82 135 356 44100
221 51 82 136 358 44200
221 51 82 137 358 44300
222 51 82 137 359 44400
222 51 82 139 360 44500
222 51 83 140 362 44600
223 51 83 141 362 44700
223 51 83 141 362 44800
224 51 83 143 365 44900
225 51 84 143 365 45000
226 51 84 143 367 45100
226 51 84 143 369 45200
226 51 84 144 370 45300
227 51 84 145 372 45400
229 51 84 145 373 45500
230 51 84 147 373 45600
230 51 85 149 374 45700
231 52 85 149 375 45800
231 52 85 149 375 45900
231 52 85 150 377 46000
231 52 85 150 377 46100
233 52 85 150 377 46200
233 52 85 150 380 46300
233 52 85 150 381 46400
233 52 85 151 382 46500
234 53 85 152 384 46600
234 53 85 152 384 46700
234 53 85 152 384 46800
234 53 85 152 384 46900
234 53 85 152 386 47000
235 53 85 152 386 47100
235 53 85 152 386 47200
235 53 85 152 387 47300
235 53 85 152 387 47400
235 53 85 152 387 47500
235 53 85 152 387 47600
235 53 85 152 387 47700
236 53 85 153 388 47800
236 53 85 153 388 47900
236 53 85 153 388 48000
236 53 85 153 388 48100
237 53 85 154 389 48200
237 53 85 154 390 48300
237 53 85 154 391 48400
237 53 85 155 391 48500
238 53 85 155 391 48600
239 53 85 155 392 48700
239 53 85 155 392 48800
239 53 85 155 392 48900
239 53 85 155 394 49000
239 53 85 155 394 49100
239 53 85 155 395 49200
239 53 85 155 395 49300
239 53 85 155 395 49400
239 53 85 155 395 49500
239 53 85 155 397 49600
239 53 85 155 399 49700
239 53 85 155 399 49800
239 53 85 155 400 49900
2 0 0 0 0 0
3 0 1 0 2 100
3 0 1 0 2 200
3 0 1 0 2 300
3 0 1 1 2 400
5 0 1 1 2 500
6 0 1 1 2 600
6 0 1 1 2 700
6 0 1 1 2 800
6 0 1 1 2 900
6 0 1 1 2 1000
6 0 1 1 2 1100
7 0 1 1 2 1200
7 0 1 1 2 1300
7 0 1 1 2 1400
7 0 1 1 2 1500
7 0 1 1 2 1600
8 0 1 1 2 1700
8 0 1 1 2 1800
8 0 1 1 2 1900
9 0 1 1 2 2000
9 0 1 1 4 2100
9 0 1 1 4 2200
9 0 1 1 5 2300
10 0 1 1 6 2400
12 0 1 1 7 2500
12 0 1 1 7 2600
13 0 1 2 8 2700
13 0 1 2 8 2800
14 0 1 2 8 2900
14 0 1 2 10 3000
14 0 1 2 10 3100
15 0 1 3 13 3200
15 0 1 3 13 3300
15 0 1 4 15 3400
15 0 1 4 17 3500
15 0 1 4 17 3600
16 0 1 4 19 3700
16 0 1 5 21 3800
17 0 1 5 22 3900
17 0 1 5 23 4000
17 0 1 6 24 4100
17 0 1 6 24 4200
18 0 1 6 25 4300
18 0 1 6 26 4400
18 0 1 6 28 4500
18 0 1 6 29 4600
20 0 1 6 30 4700
20 0 1 7 30 4800
20 1 1 7 32 4900
23 1 1 8 32 5000
24 1 2 9 33 5100
24 1 2 9 34 5200
25 1 2 9 34 5300
25 1 2 9 35 5400
25 1 2 9 36 5500
25 1 2 9 36 5600
26 1 2 9 36 5700
27 2 2 9 36 5800
27 2 2 9 36 5900
27 2 2 9 37 6000
27 2 2 9 37 6100
27 2 2 9 37 6200
27 2 2 9 37 6300
27 2 2 10 37 6400
27 2 2 10 37 6500
27 2 2 10 39 6600
27 2 2 10 39 6700
29 2 2 10 41 6800
30 2 3 11 42 6900
31 2 3 11 45 7000
31 2 5 12 45 7100
31 2 5 13 46 7200
31 2 6 13 49 7300
31 2 7 13 52 7400
31 2 7 13 54 7500
32 2 7 13 54 7600
32 2 8 13 57 7700
33 2 9 14 58 7800
35 3 9 14 58 7900
36 3 10 14 59 8000
36 3 10 14 62 8100
36 3 10 15 62 8200
37 3 10 15 62 8300
38 3 11 17 62 8400
39 3 11 17 62 8500
39 3 12 17 62 8600
40 3 12 18 62 8700
40 3 12 18 64 8800
40 3 12 18 64 8900
40 3 12 18 65 9000
40 3 12 18 66 9100
40 3 12 18 66 9200
40 3 13 18 66 9300
41 3 13 18 67 9400
41 3 13 18 67 9500
41 3 13 19 68 9600
42 3 13 19 68 9700
43 3 14 19 68 9800
43 3 14 19 69 9900
44 3 14 19 69 10000
44 3 14 20 70 10100
44 3 14 20 71 10200
44 5 14 20 73 10300
44 5 14 20 73 10400
44 6 14 20 74 10500
45 6 14 20 74 10600
46 6 14 20 75 10700
47 7 15 20 75 10800
48 7 15 20 76 10900
48 7 16 20 76 11000
48 7 16 21 76 11100
48 7 16 22 77 11200
48 7 16 22 79 11300
49 7 16 23 80 11400
49 7 16 23 81 11500
49 7 16 24 82 11600
49 7 16 24 84 11700
51 7 16 24 86 11800
51 7 16 24 88 11900
51 7 16 25 88 12000
52 8 16 25 88 12100
52 9 16 25 90 12200
52 9 16 25 92 12300
52 9 16 25 94 12400
52 9 16 26 95 12500
53 9 16 27 96 12600
53 9 16 27 98 12700
54 9 16 28 100 12800
56 9 16 28 101 12900
56 9 16 28 101 13000
60 9 16 28 101 13100
61 9 16 28 103 13200
61 9 16 28 104 13300
62 9 16 28 106 13400
62 10 16 28 107 13500
63 10 16 28 110 13600
64 11 16 28 113 13700
65 12 16 29 115 13800
65 12 17 30 117 13900
67 13 17 30 117 14000
67 13 17 30 117 14100
67 13 17 30 120 14200
69 13 17 31 121 14300
69 14 18 31 123 14400
69 16 18 32 125 14500
70 16 19 32 127 14600
70 16 19 32 129 14700
71 16 19 34 131 14800
72 16 19 36 131 14900
72 17 19 36 134 15000
72 18 19 36 136 15100
72 18 19 37 137 15200
72 18 19 38 139 15300
72 19 20 39 139 15400
72 19 20 39 142 15500
72 19 20 41 146 15600
75 19 20 41 146 15700
76 19 20 41 146 15800
76 19 20 41 146 15900
76 19 20 41 146 16000
76 19 20 42 147 16100
76 19 20 42 149 16200
76 19 20 43 149 16300
76 19 20 43 149 16400
77 19 20 45 150 16500
78 19 20 45 150 16600
80 19 20 45 150 16700
80 19 21 45 152 16800
81 19 21 45 153 16900
81 19 21 46 156 17000
81 19 21 46 158 17100
81 19 21 46 158 17200
82 19 21 46 158 17300
82 19 21 47 159 17400
82 19 21 47 160 17500
82 20 21 47 161 17600
82 20 21 47 161 17700
82 20 22 47 162 17800
82 21 22 47 162 17900
82 21 22 47 165 18000
82 21 23 47 165 18100
82 21 23 47 165 18200
82 21 24 48 166 18300
82 21 24 48 167 18400
82 21 24 48 168 18500
82 21 24 50 168 18600
83 21 24 50 169 18700
83 22 24 50 170 18800
83 22 24 50 170 18900
83 23 24 50 171 19000
83 23 25 50 171 19100
83 23 25 50 173 19200
84 23 25 51 174 19300
85 23 25 51 174 19400
85 23 25 52 177 19500
85 23 25 53 177 19600
85 23 25 53 178 19700
85 24 25 53 180 19800
85 24 25 53 182 19900
85 25 25 53 183 20000
86 25 25 53 187 20100
86 25 25 53 187 20200
86 26 25 54 188 20300
86 26 25 54 188 20400
86 26 25 54 189 20500
86 26 25 54 189 20600
86 26 25 55 190 20700
86 26 25 55 192 20800
86 26 25 55 192 20900
86 27 25 55 194 21000
86 27 25 55 194 21100
86 27 25 55 195 21200
86 27 25 55 196 21300
86 27 25 55 197 21400
86 27 25 55 198 21500
86 27 25 55 201 21600
86 28 25 55 204 21700
86 28 25 56 205 21800
86 28 25 57 206 21900
87 28 25 57 208 22000
89 28 25 58 209 22100
92 28 25 59 209 22200
92 28 26 59 209 22300
92 28 26 60 210 22400
94 28 26 60 210 22500
95 28 27 60 211 22600
95 28 27 61 212 22700
96 28 27 61 212 22800
96 28 29 61 212 22900
96 28 29 62 213 23000
97 28 29 62 216 23100
99 28 30 62 218 23200
99 28 30 62 219 23300
99 29 30 62 220 23400
99 29 30 62 220 23500
100 30 30 62 221 23600
100 30 30 62 223 23700
101 30 30 62 223 23800
101 30 30 62 224 23900
101 30 31 62 224 24000
102 30 31 62 226 24100
102 30 32 63 226 24200
102 30 32 63 227 24300
102 30 33 64 229 24400
102 31 33 65 229 24500
102 31 33 66 230 24600
102 31 33 66 231 24700
103 31 33 66 231 24800
103 32 33 66 231 24900
103 32 33 66 231 25000
103 32 33 66 232 25100
103 32 33 66 232 25200
104 32 33 66 233 25300
105 33 33 66 233 25400
105 33 33 67 233 25500
107 33 33 67 234 25600
107 33 34 67 235 25700
107 33 34 67 237 25800
107 33 34 68 237 25900
107 33 34 68 241 26000
107 33 34 68 242 26100
107 33 34 68 244 26200
107 33 34 68 246 26300
108 34 34 68 248 26400
108 34 34 68 249 26500
108 34 34 68 249 26600
109 34 34 69 250 26700
109 34 34 69 251 26800
110 34 34 69 251 26900
110 34 34 69 252 27000
110 34 34 69 253 27100
110 34 34 69 253 27200
111 34 34 70 254 27300
112 34 34 70 254 27400
112 34 34 70 256 27500
113 34 34 70 256 27600
113 35 34 70 258 27700
113 35 34 70 258 27800
113 35 34 70 259 27900
113 35 34 70 260 28000
114 35 34 71 260 28100
114 35 34 72 260 28200
115 35 34 72 261 28300
115 35 34 72 263 28400
115 35 34 72 264 28500
115 35 34 72 264 28600
115 35 34 72 265 28700
116 35 34 72 265 28800
116 35 34 72 267 28900
116 35 34 72 267 29000
116 35 34 72 270 29100
117 36 35 72 270 29200
117 36 36 72 273 29300
117 37 37 72 274 29400
118 38 37 73 275 29500
118 38 37 73 277 29600
118 39 37 73 279 29700
119 40 37 73 282 29800
119 41 37 73 282 29900
120 41 37 73 282 30000
120 41 37 73 282 30100
120 41 37 73 282 30200
120 41 38 73 282 30300
120 41 38 74 284 30400
121 41 38 74 284 30500
121 41 38 74 286 30600
121 42 38 74 286 30700
121 43 38 75 286 30800
121 43 38 75 286 30900
122 43 38 76 287 31000
123 43 38 76 287 31100
124 43 38 76 287 31200
125 43 38 77 287 31300
125 43 38 77 287 31400
125 43 38 78 287 31500
125 43 38 78 287 31600
126 43 38 79 288 31700
126 43 38 79 288 31800
126 43 38 79 289 31900
126 43 38 79 289 32000
126 43 38 80 289 32100
126 43 38 80 290 32200
126 43 38 80 290 32300
127 43 38 80 292 32400
127 43 38 80 292 32500
128 43 38 80 294 32600
128 43 38 80 296 32700
128 44 38 80 300 32800
128 44 38 81 301 32900
128 44 38 81 301 33000
128 44 39 81 301 33100
128 44 39 82 301 33200
128 44 39 83 303 33300
128 44 39 83 305 33400
129 44 39 83 306 33500
129 44 39 83 306 33600
129 44 39 83 306 33700
129 44 39 83 307 33800
129 44 39 83 308 33900
129 44 40 84 308 34000
129 44 40 84 309 34100
129 44 40 84 310 34200
130 44 40 84 310 34300
130 45 40 84 311 34400
130 45 40 85 314 34500
131 46 40 85 314 34600
131 47 40 86 315 34700
131 47 40 88 315 34800
131 48 40 88 315 34900
133 48 40 88 317 35000
133 48 40 88 317 35100
133 49 40 88 318 35200
133 50 41 88 319 35300
133 50 41 88 319 35400
133 50 41 89 321 35500
133 51 41 89 323 35600
133 51 41 89 324 35700
133 51 41 89 325 35800
134 52 41 90 326 35900
135 52 41 90 328 36000
135 52 42 90 328 36100
135 52 42 90 332 36200
136 52 42 90 334 36300
136 53 42 90 336 36400
136 53 42 90 337 36500
136 53 42 91 337 36600
136 53 42 92 338 36700
136 53 43 93 338 36800
136 53 43 94 339 36900
136 53 43 94 340 37000
136 53 43 95 342 37100
137 53 43 96 343 37200
137 53 43 97 346 37300
137 53 43 97 346 37400
137 53 44 97 348 37500
137 53 45 97 350 37600
137 53 45 97 351 37700
137 53 45 97 352 37800
137 53 45 99 352 37900
137 53 45 99 352 38000
137 53 45 99 352 38100
137 53 45 99 352 38200
137 53 45 100 352 38300
137 53 45 100 354 38400
137 53 45 100 354 38500
137 53 45 100 355 38600
138 53 45 100 355 38700
138 53 45 100 355 38800
139 53 45 100 356 38900
139 53 45 100 357 39000
139 53 45 100 357 39100
139 53 45 100 358 39200
140 53 45 100 359 39300
140 53 45 100 360 39400
140 53 45 100 361 39500
141 53 45 100 362 39600
141 53 45 101 362 39700
141 53 45 101 362 39800
141 53 45 101 362 39900
141 53 45 101 364 40000
141 53 45 101 365 40100
141 53 45 101 365 40200
141 53 45 101 366 40300
141 54 46 102 366 40400
142 54 46 102 367 40500
142 54 46 103 370 40600
142 54 46 103 372 40700
142 55 46 103 372 40800
142 55 46 103 372 40900
142 55 46 103 372 41000
142 55 46 104 373 41100
142 55 46 104 374 41200
142 55 46 104 376 41300
142 55 46 104 377 41400
142 55 47 104 378 41500
142 56 47 104 380 41600
142 56 47 104 381 41700
143 56 49 105 381 41800
144 56 49 105 384 41900
144 56 50 105 385 42000
144 56 50 105 386 42100
144 56 50 105 388 42200
144 57 50 105 389 42300
144 57 50 105 390 42400
144 57 50 106 391 42500
144 57 50 106 391 42600
144 57 50 106 391 42700
145 57 50 106 392 42800
145 58 50 107 392 42900
145 58 50 107 392 43000
146 58 51 108 393 43100
146 58 51 108 393 43200
146 58 51 108 394 43300
146 58 52 108 395 43400
146 58 52 109 395 43500
147 58 52 109 395 43600
147 58 52 109 397 43700
147 58 53 109 397 43800
147 58 53 109 398 43900
147 59 53 109 400 44000
147 59 53 110 400 44100
147 59 53 110 400 44200
148 59 53 110 400 44300
148 60 53 111 401 44400
148 60 53 111 402 44500
149 61 53 111 402 44600
149 62 53 111 403 44700
149 62 53 111 403 44800
149 62 53 111 404 44900
150 62 53 111 405 45000
151 62 53 111 407 45100
152 64 53 111 409 45200
152 64 53 112 409 45300
152 64 54 112 409 45400
152 64 54 113 410 45500
153 64 54 113 411 45600
154 64 54 113 411 45700
154 65 54 113 411 45800
154 65 54 114 411 45900
154 66 54 115 412 46000
154 66 54 115 414 46100
154 66 54 115 414 46200
154 66 54 116 417 46300
154 66 54 116 417 46400
155 66 54 116 418 46500
156 66 54 119 419 46600
156 66 54 119 421 46700
156 66 54 119 421 46800
156 66 54 119 421 46900
156 66 55 119 422 47000
156 66 56 119 424 47100
156 66 57 120 424 47200
156 66 57 120 426 47300
156 66 57 120 427 47400
156 66 57 121 428 47500
156 66 57 121 429 47600
156 66 57 121 430 47700
156 66 57 122 431 47800
156 66 57 122 433 47900
156 66 57 122 433 48000
156 67 57 123 435 48100
156 67 57 124 436 48200
156 67 57 125 437 48300
156 67 57 125 437 48400
156 67 57 125 437 48500
156 67 57 125 438 48600
156 67 57 125 439 48700
156 67 57 125 439 48800
156 67 57 126 439 48900
156 67 57 127 440 49000
157 67 57 128 441 49100
157 67 57 128 441 49200
157 67 57 128 442 49300
157 67 57 129 443 49400
157 67 57 129 444 49500
158 67 57 129 444 49600
159 67 57 130 444 49700
160 67 57 130 444 49800
160 67 57 130 444 49900
2 0 0 0 0 0
2 0 0 0 1 100
2 0 0 0 1 200
4 0 0 0 1 300
4 0 0 0 1 400
5 0 0 0 2 500
6 0 0 0 2 600
7 0 0 0 2 700
7 0 0 0 2 800
7 0 0 0 2 900
7 0 0 0 2 1000
7 0 0 0 3 1100
7 0 0 0 3 1200
7 0 0 0 3 1300
8 0 0 0 3 1400
8 0 0 0 3 1500
9 0 0 0 3 1600
9 0 0 0 3 1700
9 0 0 0 3 1800
10 0 0 0 3 1900
12 0 0 0 3 2000
12 0 0 0 3 2100
12 0 0 0 3 2200
13 0 0 0 3 2300
13 0 0 0 4 2400
13 0 0 0 4 2500
13 0 0 0 5 2600
13 0 0 0 5 2700
14 0 0 0 6 2800
14 0 0 0 7 2900
15 0 0 0 7 3000
17 0 0 0 7 3100
17 0 0 0 7 3200
17 0 0 0 9 3300
19 0 0 1 10 3400
19 0 0 1 10 3500
19 0 0 1 12 3600
19 0 0 2 13 3700
19 0 0 2 14 3800
20 0 0 2 16 3900
20 0 0 3 16 4000
20 0 0 3 16 4100
20 0 0 4 18 4200
20 0 0 4 18 4300
20 1 0 4 18 4400
20 1 0 4 18 4500
20 1 0 4 20 4600
21 1 0 4 21 4700
21 1 0 4 21 4800
21 1 0 4 21 4900
21 1 0 4 22 5000
21 2 0 4 22 5100
22 2 0 4 25 5200
22 2 0 4 27 5300
22 3 0 4 28 5400
23 3 0 4 29 5500
24 3 0 4 30 5600
24 4 0 4 34 5700
25 5 0 4 35 5800
25 5 0 4 36 5900
25 5 0 4 38 6000
25 7 0 5 38 6100
26 7 0 5 39 6200
27 7 0 5 40 6300
27 9 0 7 44 6400
28 10 0 7 44 6500
28 10 1 8 45 6600
28 10 2 8 48 6700
28 11 2 8 49 6800
28 11 2 8 50 6900
28 11 2 8 50 7000
28 11 2 8 52 7100
28 11 2 8 53 7200
28 11 2 8 54 7300
29 11 2 8 55 7400
29 13 2 9 56 7500
29 13 2 9 56 7600
30 13 2 10 57 7700
31 14 2 10 59 7800
32 15 2 11 61 7900
32 15 3 11 61 8000
35 15 3 11 62 8100
35 15 3 11 64 8200
36 15 3 11 64 8300
36 15 3 11 64 8400
36 15 3 11 64 8500
36 15 3 11 64 8600
38 15 3 11 66 8700
39 15 3 12 67 8800
39 16 3 12 67 8900
39 16 3 12 68 9000
39 16 3 12 68 9100
39 16 3 13 69 9200
39 16 3 13 69 9300
39 16 3 14 69 9400
39 16 3 14 69 9500
39 16 3 14 69 9600
39 16 3 14 70 9700
39 16 3 14 70 9800
39 16 3 15 70 9900
39 16 3 15 70 10000
39 17 3 16 72 10100
39 17 3 16 72 10200
39 17 3 16 72 10300
39 17 3 16 73 10400
39 17 3 16 73 10500
39 17 3 16 74 10600
40 17 3 16 74 10700
40 17 3 16 74 10800
41 17 3 16 74 10900
44 17 3 16 75 11000
46 17 3 16 77 11100
47 17 3 16 77 11200
47 17 3 16 78 11300
49 17 3 16 79 11400
49 17 3 16 79 11500
50 17 3 16 81 11600
50 17 3 16 81 11700
52 18 3 16 82 11800
52 19 3 17 83 11900
52 19 3 17 86 12000
52 19 3 18 86 12100
52 19 3 19 87 12200
52 19 3 19 87 12300
52 19 3 19 88 12400
52 19 3 19 89 12500
52 19 4 19 90 12600
52 19 4 19 92 12700
53 19 4 20 93 12800
53 19 4 21 93 12900
54 19 4 22 93 13000
55 19 4 24 94 13100
55 19 4 24 95 13200
55 19 4 25 96 13300
55 20 5 26 96 13400
55 20 5 26 98 13500
55 21 6 26 99 13600
55 21 6 27 102 13700
55 21 7 27 103 13800
55 21 7 28 105 13900
55 21 8 29 106 14000
55 21 8 29 108 14100
55 21 8 29 109 14200
57 21 9 30 110 14300
57 21 9 30 112 14400
57 21 10 30 114 14500
57 21 10 31 115 14600
57 21 10 32 115 14700
57 21 10 32 117 14800
57 21 10 33 117 14900
57 21 10 33 117 15000
57 21 10 33 117 15100
58 21 10 33 118 15200
58 21 10 33 118 15300
58 21 10 33 119 15400
58 21 10 33 119 15500
58 21 10 33 119 15600
58 21 10 36 119 15700
59 21 10 37 120 15800
60 21 10 37 122 15900
60 21 11 38 124 16000
61 21 12 39 125 16100
61 21 12 39 126 16200
61 22 12 44 129 16300
63 22 12 45 130 16400
64 22 12 45 132 16500
64 23 12 45 133 16600
65 23 12 45 136 16700
65 23 12 45 137 16800
67 23 12 46 138 16900
68 23 12 47 139 17000
68 23 12 47 139 17100
70 24 12 47 139 17200
70 24 12 47 139 17300
70 24 12 47 139 17400
70 24 12 47 139 17500
71 24 12 47 140 17600
71 24 12 47 140 17700
71 24 12 48 140 17800
71 24 12 48 141 17900
71 24 12 48 141 18000
71 24 12 48 141 18100
72 24 12 48 141 18200
72 24 12 48 141 18300
72 24 12 48 142 18400
72 24 12 48 144 18500
72 24 12 48 145 18600
72 24 12 48 145 18700
72 24 12 48 147 18800
73 24 12 48 149 18900
73 24 12 49 149 19000
73 24 12 50 151 19100
73 25 12 51 152 19200
73 25 12 51 152 19300
73 25 12 52 153 19400
73 25 12 53 155 19500
73 25 12 53 155 19600
73 25 12 54 156 19700
73 25 12 54 156 19800
73 25 12 54 156 19900
74 25 12 55 157 20000
74 25 13 56 158 20100
75 25 13 56 160 20200
76 25 14 56 161 20300
77 25 14 56 161 20400
77 25 14 56 163 20500
77 25 14 56 163 20600
78 25 14 57 164 20700
78 25 14 58 164 20800
78 25 14 58 164 20900
78 25 14 58 164 21000
78 25 14 58 165 21100
78 25 14 59 166 21200
78 25 14 60 167 21300
78 25 14 60 168 21400
78 25 14 61 169 21500
78 25 14 62 172 21600
78 26 14 62 173 21700
78 26 14 62 173 21800
79 26 14 62 175 21900
79 26 14 62 177 22000
80 27 14 63 177 22100
80 27 14 63 177 22200
80 27 14 63 177 22300
80 27 14 64 177 22400
80 27 14 64 178 22500
80 27 14 64 178 22600
80 27 14 64 178 22700
80 27 14 64 178 22800
80 27 14 65 178 22900
81 27 14 65 180 23000
81 27 14 66 180 23100
81 27 14 66 181 23200
82 27 14 66 181 23300
82 27 14 66 182 23400
82 27 14 66 182 23500
82 27 14 66 182 23600
82 27 14 66 182 23700
82 28 14 66 183 23800
82 28 14 66 183 23900
83 28 14 66 183 24000
83 28 14 66 186 24100
83 28 14 66 187 24200
83 28 14 66 188 24300
83 28 14 66 188 24400
83 28 14 66 188 24500
83 28 14 67 189 24600
83 28 14 67 190 24700
85 28 14 68 190 24800
85 28 14 68 190 24900
85 28 14 68 190 25000
85 28 14 68 190 25100
85 28 14 68 191 25200
85 28 14 68 191 25300
85 28 14 68 191 25400
85 28 14 68 192 25500
85 28 14 68 192 25600
86 28 14 68 192 25700
86 28 14 68 192 25800
86 28 14 68 193 25900
86 28 14 68 193 26000
86 28 14 69 193 26100
87 28 14 69 194 26200
88 28 14 69 196 26300
88 28 15 69 197 26400
88 28 15 69 198 26500
88 28 15 69 199 26600
88 28 16 69 200 26700
88 28 16 69 201 26800
88 28 16 69 202 26900
88 28 16 69 203 27000
89 28 16 69 204 27100
90 28 16 69 204 27200
90 28 16 69 206 27300
91 28 16 69 207 27400
91 28 16 70 208 27500
91 28 16 70 208 27600
91 28 16 70 209 27700
91 28 16 70 209 27800
91 28 16 70 210 27900
94 28 16 70 210 28000
95 28 16 70 212 28100
95 28 16 70 212 28200
96 28 16 70 214 28300
96 28 16 70 214 28400
96 28 16 70 214 28500
96 28 16 70 215 28600
97 28 16 70 215 28700
97 28 16 70 215 28800
97 28 16 71 215 28900
97 28 16 71 217 29000
97 28 16 72 217 29100
97 28 16 72 217 29200
98 28 16 72 218 29300
98 28 17 72 219 29400
98 28 17 72 219 29500
98 28 17 72 221 29600
98 28 17 72 221 29700
98 28 17 72 222 29800
98 28 17 72 222 29900
98 28 17 73 222 30000
98 28 17 74 223 30100
98 28 17 74 225 30200
99 28 17 74 226 30300
100 28 17 74 227 30400
101 28 17 74 227 30500
101 28 18 75 228 30600
101 28 18 75 230 30700
102 28 18 75 230 30800
102 28 19 76 231 30900
102 28 19 76 232 31000
104 28 19 76 233 31100
105 28 19 77 233 31200
105 28 19 77 233 31300
106 28 19 78 233 31400
106 28 20 78 233 31500
106 28 20 78 233 31600
107 28 21 79 233 31700
108 28 22 79 234 31800
109 28 22 80 236 31900
109 28 22 81 238 32000
109 28 22 81 238 32100
109 28 22 81 239 32200
109 28 22 81 240 32300
109 28 22 81 243 32400
109 28 22 81 246 32500
109 28 23 81 247 32600
109 28 23 82 249 32700
110 28 23 83 250 32800
111 28 23 83 250 32900
112 28 23 84 253 33000
114 28 23 84 253 33100
116 28 23 84 255 33200
118 28 24 85 256 33300
118 29 24 85 257 33400
118 29 24 86 259 33500
118 29 24 86 259 33600
118 29 24 87 262 33700
118 29 24 88 264 33800
118 29 24 88 265 33900
119 29 24 88 266 34000
119 29 24 88 268 34100
119 29 24 90 268 34200
120 29 24 90 268 34300
120 29 24 90 268 34400
120 29 24 90 269 34500
121 29 25 90 269 34600
121 29 25 90 270 34700
121 29 25 90 271 34800
121 30 25 90 271 34900
121 31 26 90 271 35000
122 31 26 90 271 35100
122 31 26 90 272 35200
122 31 28 90 272 35300
122 31 28 90 275 35400
122 31 29 90 277 35500
123 31 29 90 277 35600
123 31 29 91 277 35700
123 31 30 92 278 35800
123 31 31 93 278 35900
124 31 31 93 279 36000
124 31 31 94 280 36100
124 31 32 94 280 36200
125 31 32 94 280 36300
125 31 32 94 282 36400
125 31 33 94 283 36500
125 31 33 95 284 36600
125 31 33 95 286 36700
125 31 33 95 286 36800
125 31 33 95 287 36900
125 31 33 95 287 37000
125 31 33 95 290 37100
125 31 34 95 290 37200
125 31 34 95 291 37300
125 31 35 95 291 37400
125 31 35 96 293 37500
126 31 35 96 294 37600
126 31 36 96 296 37700
128 31 36 96 296 37800
128 31 36 97 296 37900
128 31 36 99 296 38000
128 31 36 99 297 38100
128 31 36 99 298 38200
128 31 36 99 298 38300
128 31 36 99 299 38400
128 31 36 99 299 38500
128 31 36 100 299 38600
128 31 36 100 299 38700
128 31 36 100 299 38800
128 31 36 100 299 38900
128 31 36 100 300 39000
128 31 36 100 300 39100
128 31 36 102 301 39200
128 31 36 102 302 39300
128 31 36 102 303 39400
128 31 36 102 305 39500
128 31 36 102 307 39600
128 31 36 103 307 39700
128 31 36 103 308 39800
128 31 36 104 308 39900
128 31 36 104 308 40000
128 31 36 104 309 40100
128 31 36 105 310 40200
128 31 36 105 311 40300
129 31 36 106 311 40400
129 31 36 106 311 40500
129 31 36 106 311 40600
129 31 36 106 312 40700
129 32 36 106 312 40800
129 32 36 107 313 40900
129 32 36 107 314 41000
129 32 36 107 316 41100
130 33 36 107 317 41200
130 33 36 107 318 41300
130 33 36 107 318 41400
130 33 36 107 319 41500
130 33 36 107 319 41600
130 33 36 109 319 41700
130 33 36 109 320 41800
130 33 36 109 320 41900
130 33 36 109 322 42000
131 33 36 109 323 42100
131 34 36 109 326 42200
133 34 36 109 326 42300
133 34 36 110 326 42400
133 34 36 110 326 42500
133 34 36 111 326 42600
133 34 37 111 327 42700
133 34 37 111 328 42800
133 35 37 111 330 42900
133 36 37 111 330 43000
133 36 37 113 331 43100
134 36 37 113 334 43200
134 36 37 113 335 43300
134 36 38 113 336 43400
134 37 38 114 340 43500
134 38 38 116 341 43600
135 38 38 116 342 43700
136 38 38 116 342 43800
138 38 38 116 342 43900
141 38 38 117 342 44000
142 38 38 118 343 44100
142 38 38 118 343 44200
144 39 38 118 343 44300
144 39 38 118 344 44400
144 39 38 119 346 44500
144 39 38 119 349 44600
145 39 38 119 351 44700
145 39 38 119 352 44800
145 39 38 119 352 44900
145 39 38 119 352 45000
145 39 38 119 352 45100
147 39 38 119 352 45200
148 39 38 119 352 45300
148 39 38 119 353 45400
148 39 38 119 353 45500
148 39 38 119 355 45600
148 39 38 119 357 45700
148 39 39 119 357 45800
148 39 39 119 357 45900
149 39 39 120 358 46000
149 39 39 120 359 46100
150 39 39 120 360 46200
152 39 39 120 362 46300
152 39 39 120 364 46400
152 39 39 120 365 46500
152 39 39 120 365 46600
152 39 39 120 366 46700
152 39 39 120 367 46800
152 39 39 121 367 46900
152 39 39 122 368 47000
152 39 39 122 368 47100
153 39 39 122 369 47200
153 39 40 123 372 47300
153 39 40 123 373 47400
153 39 42 123 374 47500
153 39 42 123 374 47600
154 39 42 123 377 47700
154 39 42 124 378 47800
154 39 42 124 380 47900
154 39 42 124 380 48000
156 39 42 124 381 48100
156 39 42 126 381 48200
156 39 42 127 385 48300
157 39 43 128 385 48400
158 39 43 128 385 48500
159 39 43 130 387 48600
161 39 43 131 388 48700
162 39 43 131 389 48800
162 39 44 131 391 48900
163 39 44 131 394 49000
164 39 44 132 394 49100
164 39 44 133 394 49200
164 39 44 134 395 49300
164 39 44 135 395 49400
165 39 44 136 395 49500
165 39 44 137 395 49600
165 39 44 138 397 49700
165 39 44 138 398 49800
165 39 44 138 399 49900
2 0 0 0 0 0
3 0 0 0 0 100
4 0 0 0 0 200
4 0 0 1 0 300
4 0 0 1 0 400
4 0 0 2 0 500
4 0 0 3 0 600
4 0 0 3 0 700
4 0 0 3 0 800
4 0 0 3 0 900
4 0 0 4 0 1000
4 0 0 4 0 1100
4 0 0 4 0 1200
4 0 0 4 1 1300
4 0 0 4 1 1400
4 0 0 4 1 1500
5 0 0 4 1 1600
5 0 0 4 2 1700
5 0 0 4 2 1800
5 0 0 4 3 1900
5 0 1 4 3 2000
5 0 1 5 3 2100
6 0 1 5 4 2200
6 0 1 5 5 2300
6 0 1 5 6 2400
6 0 1 5 8 2500
6 0 1 5 9 2600
6 0 1 5 9 2700
6 0 1 5 9 2800
7 0 1 5 9 2900
7 0 1 5 10 3000
8 0 1 6 11 3100
9 0 1 7 11 3200
10 0 1 8 11 3300
10 0 1 9 11 3400
10 0 1 9 12 3500
10 0 1 9 12 3600
12 0 1 9 13 3700
12 0 1 9 13 3800
13 0 1 10 15 3900
13 0 2 11 15 4000
13 0 2 11 17 4100
13 0 2 11 19 4200
13 0 2 11 19 4300
13 1 2 11 20 4400
13 2 2 11 21 4500
13 2 2 11 22 4600
14 2 2 11 22 4700
14 2 2 11 24 4800
14 3 2 11 24 4900
14 3 2 11 24 5000
14 3 2 11 27 5100
15 4 2 11 29 5200
17 4 3 11 30 5300
17 4 3 11 33 5400
17 5 3 11 33 5500
17 6 3 11 34 5600
17 6 3 11 34 5700
17 7 3 12 35 5800
17 7 3 12 37 5900
18 7 3 12 39 6000
18 7 4 13 39 6100
18 7 4 13 41 6200
18 7 4 13 43 6300
18 7 4 13 43 6400
18 7 4 13 43 6500
19 7 4 14 45 6600
19 7 4 14 45 6700
20 7 4 14 45 6800
20 7 4 14 45 6900
20 7 5 14 45 7000
20 7 5 14 46 7100
20 7 5 14 48 7200
20 7 5 14 49 7300
21 7 5 14 49 7400
21 7 5 14 49 7500
21 8 5 14 49 7600
21 8 5 14 49 7700
21 8 5 14 49 7800
21 8 5 14 51 7900
21 8 5 14 54 8000
21 9 5 14 55 8100
21 10 5 14 55 8200
21 10 5 14 57 8300
21 10 5 15 57 8400
21 10 5 15 58 8500
22 10 5 16 61 8600
22 11 5 17 61 8700
24 11 5 17 64 8800
24 11 5 17 66 8900
24 11 5 17 67 9000
24 11 5 18 71 9100
25 11 5 21 72 9200
25 11 5 22 75 9300
25 11 6 22 76 9400
26 11 7 22 77 9500
28 11 7 23 79 9600
29 11 7 23 81 9700
30 11 7 24 83 9800
30 11 8 24 83 9900
30 11 8 24 84 10000
31 11 8 25 84 10100
31 11 8 26 84 10200
31 11 8 27 84 10300
31 11 8 27 84 10400
31 11 8 27 85 10500
33 11 8 27 86 10600
33 11 8 27 88 10700
33 11 8 27 89 10800
33 12 8 27 91 10900
33 12 8 27 91 11000
33 12 8 28 93 11100
34 12 9 28 94 11200
34 12 9 29 95 11300
34 12 9 30 96 11400
34 12 9 30 97 11500
34 12 9 30 97 11600
34 12 9 31 97 11700
34 12 9 31 97 11800
34 12 9 31 97 11900
34 12 9 32 97 12000
34 12 9 32 97 12100
34 12 9 32 97 12200
34 12 9 32 97 12300
34 12 9 32 97 12400
34 12 9 32 97 12500
34 12 9 32 99 12600
34 12 9 32 99 12700
34 13 9 32 100 12800
34 13 9 32 100 12900
34 13 9 32 100 13000
34 13 9 32 100 13100
35 14 9 33 101 13200
35 14 9 33 101 13300
36 14 9 34 101 13400
36 15 9 34 102 13500
36 15 10 35 102 13600
36 15 10 36 102 13700
36 15 10 37 104 13800
36 15 10 37 107 13900
36 15 10 37 108 14000
36 17 10 37 109 14100
36 17 10 37 110 14200
37 17 10 38 111 14300
38 17 10 38 111 14400
38 18 10 38 113 14500
38 18 10 38 113 14600
38 18 10 38 115 14700
39 18 10 38 115 14800
39 18 10 38 115 14900
39 18 10 38 115 15000
39 18 10 38 115 15100
39 18 10 38 117 15200
39 20 11 38 118 15300
39 21 11 38 121 15400
39 21 11 39 121 15500
39 21 11 40 122 15600
40 22 11 40 123 15700
40 24 11 40 125 15800
40 24 11 41 128 15900
40 25 11 42 128 16000
40 25 11 42 128 16100
40 25 11 44 128 16200
40 25 11 44 128 16300
40 25 11 44 129 16400
40 25 11 44 131 16500
40 25 11 44 133 16600
41 25 11 44 133 16700
44 25 11 45 134 16800
45 25 11 46 135 16900
45 25 11 47 135 17000
46 26 11 47 136 17100
48 26 11 48 138 17200
48 27 12 49 140 17300
50 27 12 50 142 17400
50 27 12 50 143 17500
52 27 13 50 146 17600
54 27 13 52 148 17700
55 28 13 53 151 17800
56 28 13 53 153 17900
57 28 13 54 153 18000
58 28 13 54 153 18100
60 28 13 55 154 18200
63 28 13 55 155 18300
67 29 13 55 156 18400
69 29 13 57 156 18500
69 30 14 58 156 18600
69 30 14 59 157 18700
69 31 14 59 158 18800
69 31 14 60 159 18900
69 31 14 60 160 19000
70 31 14 61 160 19100
71 31 14 61 160 19200
71 31 14 63 161 19300
72 31 14 64 162 19400
73 31 14 64 163 19500
74 31 14 64 163 19600
74 31 14 65 163 19700
75 31 14 65 165 19800
75 31 14 65 166 19900
76 31 14 65 167 20000
76 31 14 65 167 20100
76 31 14 66 168 20200
77 31 14 66 170 20300
78 31 16 66 171 20400
78 31 16 67 171 20500
79 31 16 68 171 20600
79 31 16 69 171 20700
79 31 16 69 172 20800
79 31 16 70 172 20900
81 31 17 70 172 21000
81 31 17 70 172 21100
81 31 17 70 172 21200
82 31 17 71 173 21300
82 31 17 71 174 21400
82 31 17 71 175 21500
82 31 17 71 175 21600
82 31 18 71 176 21700
82 31 18 71 176 21800
82 31 18 71 176 21900
82 31 18 71 176 22000
82 31 18 71 176 22100
82 31 18 71 176 22200
82 31 18 71 176 22300
82 31 18 71 176 22400
82 31 18 71 177 22500
82 31 18 71 178 22600
82 31 18 71 179 22700
82 31 18 71 180 22800
83 31 18 71 180 22900
84 31 18 72 182 23000
84 31 18 72 183 23100
84 31 18 72 183 23200
84 31 19 73 185 23300
85 31 19 73 186 23400
85 31 19 73 186 23500
85 31 19 73 186 23600
85 31 19 73 187 23700
85 31 19 73 187 23800
85 31 19 74 188 23900
85 32 19 74 188 24000
85 33 19 74 188 24100
85 33 20 74 189 24200
86 33 20 75 191 24300
86 33 20 76 192 24400
86 33 20 76 193 24500
86 33 20 76 193 24600
86 33 20 76 195 24700
86 33 20 76 195 24800
86 33 20 76 195 24900
86 33 20 76 196 25000
86 33 20 77 197 25100
87 33 21 78 197 25200
87 33 21 79 198 25300
88 33 21 79 199 25400
89 33 21 79 200 25500
89 33 21 79 201 25600
89 33 21 79 201 25700
89 33 21 79 201 25800
90 33 21 79 201 25900
90 33 21 80 203 26000
90 33 21 81 203 26100
90 33 21 81 203 26200
90 33 21 81 204 26300
90 33 22 82 204 26400
90 33 22 82 205 26500
90 33 22 84 205 26600
91 33 22 84 207 26700
91 33 22 84 207 26800
91 34 22 84 207 26900
92 34 22 84 208 27000
93 34 22 84 209 27100
93 34 22 84 209 27200
93 34 22 84 213 27300
94 34 22 84 213 27400
94 34 22 84 214 27500
95 34 22 84 214 27600
97 34 22 84 214 27700
97 34 22 84 214 27800
97 34 22 84 215 27900
97 34 22 84 215 28000
97 34 22 84 215 28100
98 34 22 84 216 28200
98 34 22 85 216 28300
98 34 22 85 216 28400
98 34 22 85 217 28500
98 34 22 85 219 28600
98 34 22 85 219 28700
98 34 22 85 219 28800
98 35 22 85 220 28900
98 35 22 85 220 29000
98 35 22 85 220 29100
99 35 22 86 220 29200
99 35 22 86 220 29300
99 35 22 86 220 29400
99 35 22 86 220 29500
99 35 22 86 221 29600
99 35 22 86 221 29700
99 35 22 86 222 29800
99 35 22 86 222 29900
99 35 22 86 223 30000
100 35 22 86 225 30100
100 35 22 86 225 30200
100 35 22 86 226 30300
100 35 22 86 227 30400
101 35 22 86 228 30500
102 35 22 86 228 30600
102 35 22 86 228 30700
102 35 22 87 230 30800
102 35 22 87 230 30900
102 35 22 87 230 31000
102 35 22 87 231 31100
102 35 22 87 231 31200
102 35 22 87 231 31300
102 35 22 87 232 31400
102 35 22 88 232 31500
104 35 22 88 232 31600
105 35 22 88 232 31700
105 35 22 88 233 31800
105 35 22 89 233 31900
105 35 22 89 233 32000
105 35 22 89 233 32100
105 35 22 89 234 32200
105 35 22 89 234 32300
105 35 23 89 234 32400
105 35 23 89 235 32500
105 35 23 89 237 32600
105 36 23 89 239 32700
106 36 23 89 241 32800
106 36 23 89 241 32900
106 36 24 89 241 33000
106 36 24 90 242 33100
106 36 24 91 242 33200
106 36 24 91 242 33300
106 36 24 91 242 33400
107 36 24 91 242 33500
107 36 24 91 242 33600
107 36 24 91 242 33700
107 36 24 91 242 33800
107 36 24 91 243 33900
107 36 24 91 244 34000
107 36 24 91 245 34100
107 36 24 91 245 34200
108 36 24 91 245 34300
108 36 24 91 245 34400
108 36 24 91 245 34500
108 36 24 91 246 34600
108 36 24 91 247 34700
108 36 24 91 248 34800
108 36 24 91 248 34900
108 36 24 91 248 35000
108 36 24 91 249 35100
108 36 24 91 249 35200
109 36 24 92 249 35300
109 36 24 92 250 35400
109 36 24 92 251 35500
109 36 24 92 251 35600
109 36 24 92 251 35700
109 36 24 93 252 35800
109 36 24 93 252 35900
109 36 24 93 252 36000
109 36 24 93 253 36100
109 36 24 94 254 36200
109 36 25 94 254 36300
109 36 25 94 254 36400
109 36 25 94 254 36500
109 36 25 94 254 36600
109 36 25 95 254 36700
109 36 25 95 255 36800
109 36 25 95 256 36900
109 36 25 95 256 37000
109 36 25 95 258 37100
109 36 25 95 258 37200
109 36 25 95 261 37300
111 36 25 96 261 37400
111 36 25 96 261 37500
111 36 25 96 261 37600
111 36 25 96 261 37700
111 37 25 96 262 37800
111 37 25 97 263 37900
112 37 25 97 264 38000
112 37 25 97 265 38100
113 37 25 97 266 38200
113 37 25 97 267 38300
113 37 25 97 269 38400
114 37 25 97 270 38500
114 37 25 97 271 38600
116 37 25 97 272 38700
116 37 25 97 273 38800
116 37 25 97 274 38900
116 37 25 97 275 39000
117 37 25 97 275 39100
118 37 25 97 276 39200
118 37 26 97 277 39300
118 37 26 98 278 39400
118 37 27 100 279 39500
118 37 28 100 280 39600
118 37 28 101 281 39700
118 37 28 101 282 39800
118 37 28 101 283 39900
118 37 28 101 283 40000
118 37 28 102 283 40100
118 37 28 102 283 40200
118 37 28 103 283 40300
118 37 28 104 284 40400
119 37 28 104 284 40500
119 37 28 105 284 40600
119 37 28 105 284 40700
119 37 28 105 284 40800
119 37 28 105 286 40900
119 37 28 105 287 41000
120 37 28 105 287 41100
120 37 28 105 288 41200
120 37 28 105 288 41300
120 37 28 105 288 41400
121 37 28 105 288 41500
121 37 29 106 288 41600
121 37 29 106 288 41700
121 37 29 106 290 41800
121 37 29 106 290 41900
121 37 29 106 290 42000
122 38 29 106 290 42100
122 38 29 107 290 42200
122 38 29 107 290 42300
123 39 29 107 291 42400
124 39 29 107 291 42500
124 39 29 107 291 42600
125 39 29 107 292 42700
125 39 29 108 292 42800
125 39 29 108 292 42900
125 39 29 108 292 43000
125 39 29 108 294 43100
128 39 29 108 295 43200
128 39 29 109 295 43300
128 39 29 109 296 43400
128 39 29 109 297 43500
128 39 29 109 299 43600
128 39 29 109 300 43700
128 39 29 109 300 43800
128 39 29 109 302 43900
128 39 29 110 303 44000
128 39 29 110 304 44100
128 39 29 110 305 44200
128 39 29 111 306 44300
128 39 29 112 306 44400
128 39 29 112 306 44500
128 39 29 112 306 44600
128 39 29 112 306 44700
129 39 30 113 306 44800
129 39 30 114 306 44900
131 39 30 114 306 45000
132 39 30 114 307 45100
132 39 30 115 308 45200
132 40 30 115 308 45300
132 40 30 115 309 45400
132 41 30 115 310 45500
132 41 30 115 312 45600
132 42 30 115 312 45700
132 42 30 116 314 45800
132 42 30 116 317 45900
132 42 30 116 318 46000
133 42 30 118 321 46100
134 42 30 118 322 46200
134 42 30 119 322 46300
134 42 30 120 325 46400
134 42 30 120 325 46500
134 42 30 121 326 46600
134 42 30 122 326 46700
134 42 30 122 327 46800
134 42 31 122 327 46900
134 42 31 122 330 47000
134 42 31 122 330 47100
135 42 31 122 330 47200
136 42 31 122 331 47300
136 42 31 122 332 47400
136 42 31 124 332 47500
136 42 31 124 332 47600
136 42 31 125 333 47700
136 42 31 125 333 47800
136 42 31 125 333 47900
136 42 31 125 334 48000
137 42 31 125 334 48100
137 42 31 125 335 48200
137 43 31 127 335 48300
137 44 31 127 335 48400
137 44 31 127 338 48500
138 44 31 128 338 48600
138 44 31 128 339 48700
138 44 31 130 339 48800
138 44 31 130 342 48900
138 44 31 131 343 49000
138 44 31 131 343 49100
138 44 31 131 345 49200
138 44 31 131 345 49300
138 44 31 132 346 49400
138 44 31 132 346 49500
139 44 31 133 346 49600
140 44 31 133 349 49700
141 44 31 133 350 49800
141 44 31 133 350 49900
2 0 0 0 0 0
2 0 0 0 0 100
3 0 0 0 1 200
5 0 0 0 1 300
5 0 0 0 1 400
5 0 0 0 1 500
6 0 0 0 1 600
6 0 0 0 1 700
6 0 0 0 1 800
6 0 0 0 2 900
7 0 0 0 2 1000
9 0 0 1 2 1100
10 0 0 1 3 1200
10 0 1 1 4 1300
10 0 1 1 4 1400
11 0 1 1 6 1500
11 0 2 1 6 1600
11 0 2 2 6 1700
12 0 3 2 8 1800
12 0 4 2 9 1900
13 0 4 2 10 2000
15 0 4 2 11 2100
17 0 4 3 11 2200
18 0 5 3 12 2300
19 0 5 3 13 2400
19 0 5 4 14 2500
23 0 5 4 14 2600
23 0 6 4 15 2700
24 0 6 4 17 2800
24 0 6 4 17 2900
27 0 7 6 18 3000
31 0 7 6 18 3100
33 0 7 6 20 3200
34 0 7 7 21 3300
36 0 7 7 22 3400
38 0 7 7 23 3500
38 0 7 7 24 3600
40 0 7 7 24 3700
40 0 8 7 26 3800
40 0 9 8 26 3900
40 0 9 8 28 4000
40 0 9 8 28 4100
40 0 9 8 28 4200
40 0 9 8 29 4300
41 0 9 9 31 4400
41 0 10 10 31 4500
41 2 11 10 32 4600
42 2 11 11 32 4700
42 2 11 12 33 4800
44 2 11 12 33 4900
46 2 12 12 35 5000
46 2 12 12 35 5100
47 2 12 12 37 5200
48 2 12 12 38 5300
51 2 12 13 38 5400
52 2 12 13 39 5500
53 2 12 14 40 5600
53 2 12 14 42 5700
53 2 12 14 43 5800
53 2 12 14 43 5900
55 2 12 14 45 6000
56 3 13 14 45 6100
58 3 13 14 46 6200
59 3 13 14 48 6300
59 3 14 14 48 6400
59 3 14 14 50 6500
59 4 14 16 50 6600
59 4 15 16 50 6700
61 4 15 18 50 6800
62 4 15 19 52 6900
63 4 15 19 52 7000
63 5 15 19 52 7100
63 5 15 19 52 7200
64 5 15 19 53 7300
64 5 15 20 53 7400
64 5 15 20 54 7500
64 6 15 20 54 7600
64 6 15 20 56 7700
64 6 15 21 57 7800
64 6 15 21 58 7900
65 6 15 21 59 8000
66 6 15 22 60 8100
67 6 15 22 61 8200
67 6 15 24 63 8300
67 7 15 24 63 8400
67 7 15 24 64 8500
67 7 15 25 64 8600
68 7 15 25 66 8700
68 7 16 26 66 8800
69 7 16 26 70 8900
69 7 16 26 70 9000
70 7 16 26 74 9100
70 7 16 26 74 9200
72 7 16 26 74 9300
73 7 17 26 75 9400
73 7 17 27 77 9500
73 7 18 27 78 9600
74 7 18 27 79 9700
74 7 18 27 80 9800
74 7 18 27 80 9900
74 7 18 27 80 10000
75 7 18 27 82 10100
77 7 18 27 82 10200
78 8 19 27 83 10300
79 8 20 27 83 10400
79 8 20 27 84 10500
80 8 20 28 84 10600
81 8 20 29 85 10700
81 8 20 29 85 10800
82 8 20 31 85 10900
82 8 20 31 85 11000
83 8 20 31 85 11100
84 8 20 32 86 11200
84 8 20 32 86 11300
85 8 20 33 87 11400
85 8 20 33 88 11500
86 8 20 33 90 11600
86 8 20 33 91 11700
86 8 20 33 92 11800
86 9 20 33 93 11900
87 9 20 33 93 12000
87 9 20 34 95 12100
88 9 20 35 95 12200
88 9 20 35 97 12300
90 9 20 35 97 12400
93 9 20 35 98 12500
93 10 20 36 99 12600
93 10 20 36 99 12700
93 10 20 36 100 12800
94 10 20 36 102 12900
95 10 20 36 102 13000
95 10 20 36 102 13100
95 10 20 36 103 13200
95 10 21 36 105 13300
95 10 21 36 106 13400
95 10 21 36 107 13500
95 10 22 36 108 13600
95 10 22 36 109 13700
95 10 22 36 110 13800
95 11 22 36 110 13900
95 11 22 37 110 14000
95 11 22 38 110 14100
95 11 22 38 111 14200
95 11 22 38 111 14300
95 11 22 38 112 14400
97 11 22 38 112 14500
98 11 22 38 112 14600
98 11 22 38 112 14700
99 12 22 38 113 14800
99 12 22 38 113 14900
99 12 22 38 113 15000
99 12 22 38 114 15100
99 12 22 38 115 15200
99 12 22 38 115 15300
99 12 22 38 116 15400
99 12 22 38 116 15500
99 12 22 38 116 15600
99 12 22 38 118 15700
99 12 22 38 118 15800
100 13 22 39 118 15900
100 13 22 39 119 16000
101 14 22 39 120 16100
101 15 22 39 122 16200
101 15 22 39 122 16300
101 15 22 39 123 16400
101 15 22 39 124 16500
101 16 22 39 126 16600
102 16 22 39 126 16700
102 16 22 39 126 16800
103 16 22 39 126 16900
104 16 22 39 127 17000
104 16 22 39 128 17100
104 17 22 39 128 17200
105 17 22 39 128 17300
107 17 22 39 130 17400
108 17 23 39 131 17500
108 17 23 40 134 17600
109 17 23 40 135 17700
109 17 24 42 135 17800
109 17 24 42 137 17900
109 17 24 42 138 18000
110 18 24 42 138 18100
110 18 25 43 139 18200
110 18 25 44 140 18300
111 18 25 44 141 18400
111 18 25 44 142 18500
111 18 25 45 144 18600
112 18 25 45 144 18700
112 18 25 45 144 18800
113 18 25 46 147 18900
113 18 25 47 147 19000
114 18 25 47 148 19100
114 18 26 47 148 19200
114 18 26 47 149 19300
114 18 26 48 149 19400
116 18 26 49 149 19500
116 18 26 49 149 19600
117 18 26 49 149 19700
117 18 26 49 149 19800
117 18 26 49 149 19900
117 18 26 50 150 20000
117 18 26 50 150 20100
117 18 26 50 150 20200
117 18 26 50 150 20300
118 18 26 50 152 20400
120 18 26 50 153 20500
120 18 26 50 154 20600
120 18 26 50 157 20700
121 19 26 50 158 20800
121 19 26 50 158 20900
122 19 26 50 159 21000
122 19 26 50 159 21100
122 19 26 50 161 21200
123 20 26 50 166 21300
123 20 26 50 168 21400
123 21 26 50 168 21500
123 21 26 50 168 21600
123 21 27 50 169 21700
123 21 27 50 170 21800
123 21 27 50 171 21900
123 21 27 50 171 22000
123 21 27 50 172 22100
123 21 27 50 172 22200
123 21 27 51 172 22300
123 21 27 51 173 22400
123 21 27 51 173 22500
124 21 27 51 174 22600
125 21 27 51 174 22700
125 21 27 51 175 22800
126 21 27 51 175 22900
127 21 27 51 177 23000
127 21 27 52 177 23100
127 21 27 52 177 23200
127 21 27 52 178 23300
128 21 27 52 179 23400
128 21 28 52 180 23500
128 21 28 52 181 23600
128 21 28 53 181 23700
128 21 28 54 182 23800
128 21 28 54 183 23900
128 21 28 55 184 24000
129 21 28 56 186 24100
129 21 28 57 186 24200
130 22 28 57 186 24300
130 22 28 57 189 24400
130 22 29 57 189 24500
130 22 29 57 190 24600
130 22 29 57 191 24700
130 22 29 57 192 24800
130 22 29 57 192 24900
130 22 29 57 192 25000
130 22 29 58 192 25100
130 22 29 58 194 25200
130 23 29 58 195 25300
130 23 30 58 195 25400
133 23 30 58 197 25500
133 23 30 58 197 25600
133 24 30 58 198 25700
133 24 30 58 199 25800
134 24 30 58 200 25900
134 24 30 58 200 26000
134 24 30 58 200 26100
135 24 30 59 201 26200
135 24 30 60 203 26300
135 25 30 60 203 26400
136 25 30 60 206 26500
137 25 30 60 206 26600
137 25 30 61 206 26700
137 26 30 61 208 26800
139 26 30 61 209 26900
139 26 30 61 210 27000
140 26 30 61 211 27100
140 26 30 61 211 27200
140 26 30 61 212 27300
140 26 30 61 212 27400
140 26 30 61 212 27500
140 26 30 62 213 27600
140 26 30 62 214 27700
140 26 30 62 216 27800
140 26 30 62 217 27900
140 26 30 62 218 28000
140 26 30 62 219 28100
140 27 30 62 219 28200
140 27 30 64 219 28300
140 27 30 64 219 28400
140 27 30 65 219 28500
140 27 30 65 219 28600
141 27 30 65 219 28700
141 27 30 66 219 28800
141 27 30 67 219 28900
141 27 30 67 219 29000
141 27 30 68 220 29100
141 27 30 68 221 29200
141 27 30 69 222 29300
141 27 30 69 222 29400
142 28 30 69 224 29500
143 28 30 70 226 29600
144 28 30 70 227 29700
144 28 30 70 228 29800
144 28 30 70 229 29900
145 28 30 70 231 30000
145 28 30 70 231 30100
145 28 30 70 233 30200
145 28 30 71 234 30300
145 28 30 71 234 30400
145 28 30 71 235 30500
145 28 30 71 237 30600
145 28 30 71 237 30700
145 28 30 71 238 30800
145 28 30 71 238 30900
145 28 30 71 239 31000
145 28 30 71 242 31100
145 28 30 71 243 31200
145 28 30 71 244 31300
145 28 30 71 245 31400
146 28 30 72 246 31500
146 28 30 74 248 31600
146 28 30 75 249 31700
146 28 30 75 250 31800
147 28 30 76 250 31900
147 28 30 76 250 32000
147 28 30 76 253 32100
147 28 30 76 255 32200
147 29 30 76 256 32300
147 29 30 76 258 32400
147 29 30 77 258 32500
147 29 30 77 258 32600
147 29 30 77 258 32700
147 29 30 77 258 32800
148 29 30 77 258 32900
148 29 30 77 258 33000
148 29 30 77 259 33100
148 29 30 77 259 33200
148 29 30 77 260 33300
148 29 30 77 260 33400
149 29 30 77 260 33500
149 29 31 77 262 33600
149 29 31 77 262 33700
150 29 31 77 264 33800
151 29 31 77 264 33900
151 29 31 77 265 34000
151 29 31 77 266 34100
151 29 31 77 266 34200
152 29 31 78 266 34300
152 29 31 78 267 34400
152 29 31 78 268 34500
152 29 31 78 268 34600
152 29 31 78 270 34700
153 30 31 79 270 34800
154 31 31 79 270 34900
154 31 31 79 272 35000
155 31 31 79 273 35100
156 31 31 79 274 35200
156 31 31 80 274 35300
157 31 31 80 275 35400
157 31 31 80 276 35500
157 31 31 80 277 35600
157 31 31 80 277 35700
157 31 31 81 277 35800
157 31 31 81 279 35900
157 31 31 81 279 36000
158 31 31 81 279 36100
158 31 31 82 279 36200
158 31 31 82 280 36300
158 31 31 82 280 36400
158 32 31 82 280 36500
158 32 31 82 280 36600
158 32 31 82 281 36700
158 32 32 82 281 36800
159 32 32 82 282 36900
159 32 32 83 282 37000
159 32 32 83 283 37100
159 32 32 83 283 37200
159 33 32 83 283 37300
159 33 32 83 284 37400
159 33 32 83 284 37500
159 34 32 83 284 37600
159 34 32 83 284 37700
159 34 32 83 285 37800
159 34 32 83 285 37900
159 34 32 83 287 38000
159 34 32 83 288 38100
160 34 32 83 289 38200
160 34 32 83 289 38300
160 34 32 84 290 38400
160 34 32 84 291 38500
160 34 32 84 293 38600
161 34 32 84 293 38700
161 34 32 85 293 38800
162 34 32 85 294 38900
162 34 32 85 295 39000
162 34 32 86 296 39100
162 34 33 86 297 39200
162 34 33 86 297 39300
163 34 33 88 299 39400
163 34 33 88 300 39500
163 34 33 88 300 39600
163 34 33 89 301 39700
163 34 33 89 302 39800
163 34 33 89 303 39900
163 34 33 89 303 40000
163 34 33 89 304 40100
163 34 33 89 306 40200
163 34 33 89 306 40300
163 34 33 89 306 40400
163 34 33 89 308 40500
163 34 33 89 310 40600
163 34 33 89 312 40700
163 34 33 89 314 40800
163 34 33 89 314 40900
163 34 33 89 314 41000
163 34 33 90 315 41100
163 34 33 90 315 41200
164 34 33 90 316 41300
164 34 33 90 317 41400
164 35 33 90 320 41500
164 35 33 92 320 41600
165 36 33 92 322 41700
166 36 33 92 325 41800
166 36 33 92 326 41900
166 37 33 93 326 42000
166 37 33 93 328 42100
166 37 33 93 330 42200
166 37 33 94 331 42300
166 37 33 95 331 42400
167 37 33 96 332 42500
167 37 33 97 333 42600
167 37 33 97 334 42700
167 37 33 97 334 42800
167 37 33 99 334 42900
167 37 33 100 334 43000
168 37 33 100 336 43100
169 37 33 100 336 43200
169 37 33 100 336 43300
169 37 33 100 336 43400
169 37 33 100 337 43500
169 37 33 100 337 43600
169 37 33 100 337 43700
169 37 33 100 337 43800
169 37 33 100 337 43900
169 37 33 101 337 44000
169 37 33 101 338 44100
169 37 33 101 339 44200
169 37 33 101 340 44300
169 38 33 102 341 44400
169 38 33 102 341 44500
169 38 33 102 341 44600
169 38 33 102 341 44700
169 38 34 102 342 44800
169 38 34 102 343 44900
169 38 34 102 344 45000
169 38 34 102 344 45100
169 38 34 102 346 45200
169 38 34 102 347 45300
169 38 34 102 347 45400
169 38 34 102 350 45500
170 38 35 102 351 45600
171 38 35 102 351 45700
171 38 35 104 352 45800
171 38 36 104 354 45900
171 38 36 104 357 46000
171 38 36 104 358 46100
171 38 36 104 359 46200
171 38 36 104 361 46300
172 38 38 104 361 46400
172 38 38 104 362 46500
172 38 39 105 363 46600
172 38 40 105 366 46700
172 38 40 105 366 46800
172 38 40 105 368 46900
172 38 40 105 368 47000
173 38 40 105 368 47100
173 38 41 105 369 47200
173 38 41 105 369 47300
173 38 41 107 370 47400
173 38 41 107 371 47500
173 38 41 107 372 47600
174 38 41 107 372 47700
174 39 41 107 373 47800
175 39 41 108 375 47900
175 39 41 108 376 48000
175 39 41 108 378 48100
176 39 41 108 378 48200
176 39 42 108 378 48300
176 39 42 108 379 48400
176 39 42 108 380 48500
176 39 42 108 380 48600
176 39 42 108 382 48700
176 39 43 108 382 48800
176 39 43 108 382 48900
176 40 43 108 383 49000
176 40 43 109 384 49100
177 40 43 109 385 49200
178 40 43 109 387 49300
178 40 43 110 388 49400
178 40 43 111 388 49500
178 40 44 111 388 49600
178 40 44 112 389 49700
178 40 44 112 390 49800
178 40 44 112 391 49900
1 0 0 0 0 0
1 0 0 0 1 100
2 0 0 0 1 200
3 0 0 0 2 300
4 0 0 0 2 400
6 0 0 0 2 500
9 0 0 0 2 600
10 0 0 0 2 700
11 0 0 0 2 800
13 0 0 0 2 900
14 0 0 0 3 1000
14 0 0 0 3 1100
14 0 0 0 3 1200
14 0 0 1 4 1300
14 0 0 2 4 1400
14 0 0 2 4 1500
15 0 0 2 4 1600
16 0 0 3 5 1700
17 0 0 3 5 1800
18 0 0 3 6 1900
20 0 0 3 7 2000
21 0 0 3 7 2100
22 0 0 3 7 2200
24 0 0 3 7 2300
25 0 0 3 7 2400
26 0 0 3 7 2500
27 0 0 4 8 2600
29 0 0 4 8 2700
29 0 0 4 8 2800
29 0 0 4 8 2900
29 0 0 5 8 3000
30 0 0 5 8 3100
30 0 0 5 8 3200
31 0 0 6 8 3300
32 0 0 6 9 3400
37 0 0 6 9 3500
40 0 0 6 11 3600
40 0 0 6 11 3700
41 0 0 7 12 3800
41 0 0 7 13 3900
41 0 1 7 13 4000
41 1 1 7 14 4100
42 1 1 7 15 4200
43 1 1 7 17 4300
43 1 2 7 18 4400
45 1 2 7 20 4500
46 1 2 7 22 4600
47 2 2 7 24 4700
48 2 2 8 26 4800
50 2 2 8 27 4900
51 2 2 8 28 5000
52 2 2 8 28 5100
53 2 3 8 28 5200
54 3 3 9 28 5300
54 3 4 9 33 5400
55 3 4 10 33 5500
56 3 4 11 35 5600
57 3 4 11 35 5700
57 3 4 11 38 5800
59 4 5 12 39 5900
59 4 5 12 39 6000
59 4 5 12 41 6100
60 4 5 12 43 6200
60 4 5 12 43 6300
60 5 5 12 43 6400
60 5 5 12 43 6500
60 5 5 12 43 6600
60 5 5 12 45 6700
60 6 5 12 47 6800
60 6 5 12 49 6900
61 6 5 12 51 7000
63 6 6 13 52 7100
65 6 6 14 53 7200
65 6 6 15 55 7300
66 6 6 15 55 7400
69 6 7 16 55 7500
70 6 7 16 55 7600
71 6 7 17 56 7700
72 7 7 17 56 7800
73 7 7 17 59 7900
73 7 9 17 60 8000
73 7 10 17 60 8100
75 7 10 18 62 8200
76 7 10 18 63 8300
76 7 10 18 63 8400
77 7 10 18 63 8500
77 7 10 19 64 8600
78 7 10 19 65 8700
79 7 10 19 65 8800
79 7 10 19 67 8900
80 7 10 19 70 9000
80 7 10 19 71 9100
80 7 10 19 71 9200
81 7 10 19 73 9300
82 7 10 19 73 9400
82 7 11 19 73 9500
82 7 11 19 76 9600
83 7 11 19 76 9700
83 7 11 19 76 9800
83 8 11 19 79 9900
83 8 11 19 81 10000
83 8 11 20 81 10100
83 8 11 20 81 10200
83 8 11 20 82 10300
83 8 11 20 82 10400
83 8 11 20 82 10500
83 8 12 21 84 10600
83 8 12 21 86 10700
84 8 12 22 86 10800
84 8 12 22 87 10900
84 8 12 22 88 11000
84 8 12 22 88 11100
85 9 12 22 89 11200
86 9 12 22 89 11300
86 9 12 22 89 11400
86 9 12 22 90 11500
86 10 13 22 91 11600
86 10 13 22 91 11700
86 10 13 22 93 11800
86 10 13 23 94 11900
88 10 13 23 94 12000
88 12 13 24 97 12100
88 12 13 24 97 12200
88 12 13 24 97 12300
88 12 13 26 98 12400
88 12 13 26 99 12500
88 12 13 26 100 12600
89 12 13 26 100 12700
89 12 13 26 101 12800
89 12 13 26 101 12900
91 12 13 26 101 13000
92 12 13 26 101 13100
92 12 13 27 101 13200
92 12 13 27 103 13300
93 13 13 27 103 13400
94 13 13 27 105 13500
95 13 15 27 106 13600
96 13 15 27 107 13700
96 13 15 29 107 13800
96 13 16 30 108 13900
96 13 16 30 110 14000
96 13 16 31 110 14100
96 13 16 31 111 14200
96 13 16 32 111 14300
96 13 16 33 113 14400
96 14 16 34 113 14500
96 14 16 34 114 14600
96 14 16 34 117 14700
96 14 16 34 117 14800
97 14 16 34 118 14900
97 15 16 34 118 15000
97 15 16 35 119 15100
97 15 16 35 119 15200
98 15 16 35 120 15300
98 15 16 35 121 15400
99 15 16 36 121 15500
99 15 16 36 121 15600
99 15 16 37 121 15700
100 15 16 37 121 15800
101 15 16 37 121 15900
102 15 16 37 121 16000
103 15 16 37 122 16100
103 15 16 37 123 16200
103 15 16 37 123 16300
104 15 16 37 124 16400
105 15 16 37 125 16500
108 15 16 37 126 16600
110 15 17 38 127 16700
112 15 17 38 127 16800
113 16 17 38 129 16900
114 16 17 40 129 17000
114 16 17 41 130 17100
114 16 17 42 130 17200
114 16 17 42 134 17300
114 16 17 43 135 17400
114 18 17 43 137 17500
114 18 17 44 138 17600
115 18 17 45 138 17700
116 18 17 46 138 17800
116 18 17 46 140 17900
117 18 17 46 142 18000
117 18 17 47 144 18100
118 18 17 47 146 18200
118 18 17 47 146 18300
118 18 17 49 146 18400
118 18 18 50 146 18500
118 18 18 51 146 18600
118 18 18 53 149 18700
119 18 18 54 149 18800
121 18 18 55 149 18900
122 18 18 55 150 19000
122 18 19 55 151 19100
122 18 19 55 153 19200
122 18 20 55 153 19300
122 18 20 55 154 19400
122 18 20 55 154 19500
122 18 20 56 155 19600
122 18 20 56 156 19700
122 19 20 57 157 19800
122 19 20 57 157 19900
122 19 21 57 158 20000
122 19 21 57 158 20100
122 19 21 58 161 20200
122 19 21 58 161 20300
122 19 21 58 162 20400
122 19 21 59 162 20500
122 19 21 59 164 20600
122 19 21 59 164 20700
124 19 21 59 165 20800
125 19 21 59 165 20900
125 19 22 60 165 21000
125 19 22 60 166 21100
125 19 23 61 169 21200
125 19 23 61 170 21300
127 19 23 61 172 21400
127 19 23 61 172 21500
127 19 23 61 172 21600
127 19 23 61 173 21700
127 19 23 62 176 21800
127 19 23 62 176 21900
127 19 23 62 178 22000
127 19 23 64 178 22100
127 19 23 64 178 22200
127 19 23 64 178 22300
127 19 23 64 179 22400
128 19 23 66 179 22500
128 19 23 66 181 22600
128 19 24 66 181 22700
128 19 24 67 183 22800
129 19 24 68 184 22900
131 19 24 68 184 23000
132 19 24 68 184 23100
132 19 24 68 184 23200
132 19 24 68 184 23300
132 19 24 69 184 23400
132 20 24 70 187 23500
133 20 24 70 189 23600
133 21 24 71 190 23700
133 21 24 71 191 23800
133 21 24 71 192 23900
133 21 25 71 193 24000
133 21 25 72 195 24100
133 21 25 72 196 24200
133 21 26 72 196 24300
133 21 26 73 196 24400
133 21 26 73 196 24500
133 21 26 75 196 24600
133 21 27 75 196 24700
134 21 27 75 198 24800
134 21 27 75 199 24900
134 21 27 75 199 25000
135 21 27 75 199 25100
135 22 27 75 200 25200
135 22 27 75 200 25300
135 22 27 75 201 25400
135 22 27 76 203 25500
135 23 27 76 204 25600
136 23 27 76 204 25700
137 23 27 77 205 25800
137 23 27 77 207 25900
137 23 27 77 207 26000
137 23 27 77 207 26100
137 23 27 78 209 26200
137 23 27 78 209 26300
137 23 27 78 209 26400
137 23 27 79 209 26500
137 23 27 80 210 26600
138 23 27 80 210 26700
138 23 27 80 211 26800
138 23 27 80 211 26900
138 23 27 80 212 27000
138 23 27 80 213 27100
138 23 27 80 214 27200
138 23 27 80 215 27300
138 23 27 80 216 27400
139 23 27 80 217 27500
140 23 27 80 217 27600
141 23 27 80 217 27700
142 23 28 82 217 27800
142 23 28 82 219 27900
142 23 29 83 219 28000
143 23 29 83 220 28100
143 23 29 83 220 28200
144 23 29 83 221 28300
144 24 29 83 222 28400
146 24 29 83 222 28500
146 24 29 83 222 28600
146 24 29 83 222 28700
147 24 29 83 222 28800
147 24 29 83 223 28900
147 24 29 83 223 29000
147 24 29 83 224 29100
147 24 29 83 224 29200
147 24 29 83 224 29300
148 24 29 84 224 29400
149 24 30 84 224 29500
149 24 30 84 224 29600
149 24 30 84 225 29700
149 25 30 84 225 29800
149 25 30 84 225 29900
149 25 30 84 225 30000
149 25 30 84 225 30100
149 25 30 84 226 30200
149 25 30 84 226 30300
149 25 30 84 226 30400
149 25 30 84 226 30500
149 25 30 84 226 30600
149 25 30 84 226 30700
149 25 30 84 226 30800
149 25 30 84 227 30900
150 25 30 84 228 31000
150 25 30 84 228 31100
151 25 30 84 228 31200
152 25 30 84 228 31300
153 25 30 84 228 31400
153 25 30 84 228 31500
153 25 30 84 228 31600
153 25 30 84 228 31700
153 25 30 84 228 31800
153 26 30 84 228 31900
153 26 30 84 228 32000
154 27 30 84 230 32100
155 27 31 84 231 32200
155 27 31 84 232 32300
155 27 32 85 233 32400
156 27 32 85 234 32500
156 27 32 85 235 32600
156 27 32 86 236 32700
157 28 32 86 237 32800
157 28 32 86 239 32900
157 28 32 86 239 33000
158 29 32 86 242 33100
160 29 32 86 243 33200
161 29 33 87 243 33300
161 29 33 88 244 33400
161 30 34 88 247 33500
161 30 34 89 248 33600
162 30 34 90 250 33700
162 30 34 90 250 33800
163 30 34 90 250 33900
163 30 34 90 251 34000
164 30 34 91 251 34100
165 30 34 91 251 34200
167 30 34 91 251 34300
167 30 34 91 251 34400
169 30 34 91 251 34500
170 30 35 91 251 34600
171 30 35 91 253 34700
171 31 35 91 256 34800
171 31 35 91 256 34900
172 31 35 91 260 35000
172 33 35 93 263 35100
172 34 35 93 263 35200
172 34 35 94 265 35300
172 34 35 94 267 35400
172 34 35 94 267 35500
173 34 35 94 267 35600
173 34 35 95 269 35700
173 35 35 95 272 35800
174 35 35 95 274 35900
175 35 35 95 275 36000
175 36 35 96 275 36100
176 36 35 97 277 36200
177 37 36 98 277 36300
177 37 36 99 279 36400
177 38 36 100 280 36500
177 38 36 101 281 36600
177 39 36 102 282 36700
177 39 36 102 283 36800
177 39 36 102 284 36900
177 40 36 103 284 37000
177 40 36 103 286 37100
178 41 36 103 288 37200
178 41 36 103 288 37300
178 41 36 104 290 37400
178 41 36 105 290 37500
178 41 36 105 290 37600
178 41 37 106 292 37700
178 41 37 107 293 37800
178 41 37 107 293 37900
178 41 37 109 293 38000
178 41 37 109 294 38100
178 41 37 110 294 38200
178 41 37 110 294 38300
179 41 37 110 295 38400
179 41 37 111 296 38500
180 41 37 111 298 38600
182 41 37 111 299 38700
182 41 38 111 300 38800
182 41 38 111 302 38900
182 41 38 111 302 39000
183 42 38 111 303 39100
183 43 38 111 304 39200
184 43 38 111 304 39300
185 43 38 111 305 39400
185 43 38 112 306 39500
186 43 38 112 308 39600
186 43 39 112 308 39700
186 43 39 112 309 39800
186 43 39 112 310 39900
186 43 39 112 310 40000
186 43 39 112 312 40100
186 43 39 112 312 40200
186 43 39 112 313 40300
188 43 39 112 313 40400
189 43 39 112 313 40500
190 43 39 112 313 40600
191 43 39 112 313 40700
191 43 39 113 313 40800
191 43 39 113 315 40900
191 44 39 113 315 41000
191 44 39 113 319 41100
191 44 39 113 319 41200
191 44 39 113 319 41300
191 44 39 114 321 41400
191 44 39 114 322 41500
191 44 39 114 323 41600
191 44 39 114 324 41700
191 44 39 116 325 41800
191 44 39 117 325 41900
192 44 39 117 326 42000
192 44 39 118 326 42100
193 44 39 120 326 42200
194 44 39 120 326 42300
195 45 39 120 326 42400
197 45 39 121 326 42500
197 45 39 122 327 42600
197 45 39 122 327 42700
198 46 39 122 329 42800
200 46 39 122 330 42900
200 46 39 122 331 43000
200 46 39 122 332 43100
200 46 39 122 333 43200
200 46 39 122 333 43300
200 46 39 124 334 43400
200 46 39 125 334 43500
200 46 39 125 335 43600
201 46 39 125 335 43700
201 46 39 126 336 43800
201 46 39 126 336 43900
201 46 39 127 336 44000
202 46 39 127 336 44100
202 46 39 128 336 44200
202 46 39 128 338 44300
203 46 39 128 338 44400
205 46 39 128 338 44500
206 46 39 128 338 44600
207 46 39 128 338 44700
208 46 39 129 340 44800
208 46 39 129 341 44900
208 46 39 129 342 45000
208 46 39 129 342 45100
208 46 39 129 343 45200
208 46 39 129 344 45300
208 46 39 129 345 45400
208 46 39 129 345 45500
208 46 39 129 346 45600
208 46 39 130 347 45700
208 46 39 130 348 45800
209 46 40 130 349 45900
209 46 40 130 351 46000
209 46 40 130 352 46100
209 46 40 131 352 46200
209 46 40 131 353 46300
209 46 40 131 355 46400
209 46 40 131 357 46500
209 46 40 132 357 46600
209 46 40 132 358 46700
209 47 40 132 360 46800
210 47 40 132 361 46900
210 47 40 132 363 47000
210 47 40 133 363 47100
210 47 40 133 365 47200
210 47 40 133 366 47300
210 47 40 134 366 47400
210 47 40 134 367 47500
210 47 41 134 367 47600
210 47 41 134 367 47700
211 47 41 134 367 47800
211 47 41 134 367 47900
211 47 41 134 367 48000
211 47 41 134 368 48100
211 47 41 134 368 48200
211 47 41 134 368 48300
211 47 41 134 369 48400
212 47 41 134 369 48500
212 47 41 134 369 48600
213 47 41 134 370 48700
213 47 41 134 370 48800
213 47 41 135 370 48900
213 47 41 136 370 49000
213 47 41 136 370 49100
213 48 41 136 372 49200
213 48 41 136 374 49300
213 48 41 136 375 49400
214 48 41 137 376 49500
215 48 41 138 376 49600
216 48 41 138 376 49700
217 48 41 138 376 49800
218 48 41 138 377 49900
1 0 0 0 0 0
1 0 0 0 0 100
1 0 0 0 0 200
2 0 0 0 0 300
2 0 0 0 0 400
2 0 0 0 0 500
2 0 0 0 0 600
2 0 0 0 0 700
2 0 0 0 0 800
2 0 0 0 0 900
2 0 0 0 0 1000
2 0 0 0 0 1100
2 0 0 0 0 1200
3 0 0 0 0 1300
3 0 0 0 0 1400
3 0 0 0 0 1500
3 0 2 0 0 1600
3 0 3 0 0 1700
3 0 4 0 0 1800
3 0 6 0 0 1900
3 0 7 0 0 2000
3 0 7 0 0 2100
3 0 8 0 0 2200
3 0 9 0 0 2300
3 0 9 0 0 2400
3 0 10 0 0 2500
3 0 12 0 0 2600
3 0 12 0 0 2700
3 0 12 0 0 2800
3 0 13 0 0 2900
3 0 15 0 0 3000
3 0 17 0 0 3100
3 0 17 0 0 3200
3 0 18 0 0 3300
4 0 18 0 0 3400
4 0 19 0 0 3500
4 0 19 0 0 3600
4 0 19 0 0 3700
4 0 19 0 0 3800
4 0 20 0 0 3900
4 0 22 0 0 4000
4 0 24 0 0 4100
4 0 24 0 0 4200
5 0 24 0 0 4300
5 0 24 0 0 4400
5 0 24 0 0 4500
5 0 24 0 0 4600
6 0 25 0 0 4700
6 0 26 0 0 4800
7 0 26 0 0 4900
7 0 26 0 0 5000
8 0 27 0 0 5100
8 0 28 0 0 5200
8 0 28 0 0 5300
8 0 28 0 0 5400
9 0 28 0 0 5500
10 0 28 0 0 5600
11 0 28 0 0 5700
12 0 28 0 0 5800
13 0 28 0 0 5900
14 0 28 0 0 6000
15 0 28 0 0 6100
15 0 30 0 0 6200
15 0 30 0 0 6300
15 0 30 0 0 6400
15 0 31 0 0 6500
15 0 32 0 0 6600
15 0 34 0 0 6700
15 0 35 0 0 6800
16 0 36 0 0 6900
16 0 37 0 0 7000
18 0 38 0 0 7100
18 0 38 0 0 7200
18 0 38 0 0 7300
18 0 39 0 0 7400
19 0 39 0 0 7500
19 0 39 0 0 7600
19 0 39 0 0 7700
19 0 39 0 0 7800
19 0 40 0 0 7900
20 0 40 0 0 8000
20 0 40 0 0 8100
20 0 40 0 0 8200
20 0 40 0 0 8300
22 0 40 0 0 8400
22 0 41 0 0 8500
24 0 41 0 0 8600
24 0 41 0 0 8700
24 0 41 0 0 8800
25 0 41 0 0 8900
25 0 41 0 0 9000
25 0 41 0 0 9100
25 0 41 0 0 9200
25 0 41 0 0 9300
25 0 43 0 0 9400
26 0 43 0 0 9500
26 0 43 0 0 9600
26 0 44 0 0 9700
26 0 44 0 0 9800
27 0 44 0 0 9900
27 0 45 0 0 10000
27 0 45 0 0 10100
28 0 46 0 0 10200
28 0 46 0 0 10300
28 0 47 0 0 10400
29 0 47 0 0 10500
29 0 48 0 0 10600
29 0 48 0 0 10700
29 0 48 0 0 10800
29 0 50 0 0 10900
29 0 50 0 0 11000
29 0 50 0 0 11100
29 0 51 0 0 11200
31 0 51 0 0 11300
31 0 51 0 0 11400
31 0 51 0 0 11500
31 0 51 0 0 11600
31 0 51 0 0 11700
31 0 51 0 0 11800
31 0 51 0 0 11900
31 0 51 0 0 12000
31 0 51 0 0 12100
31 0 51 0 0 12200
31 0 51 0 0 12300
31 0 51 0 0 12400
31 0 51 0 0 12500
31 0 51 0 0 12600
31 0 51 0 0 12700
33 0 51 0 0 12800
33 0 51 0 0 12900
33 0 51 0 0 13000
33 0 52 0 0 13100
33 0 52 0 0 13200
33 0 53 0 0 13300
33 0 53 0 0 13400
33 0 53 0 0 13500
33 0 54 0 0 13600
33 0 54 0 0 13700
33 0 54 0 0 13800
33 0 54 0 0 13900
33 0 54 0 0 14000
33 0 54 0 0 14100
34 0 55 0 0 14200
34 0 55 0 0 14300
35 0 55 0 0 14400
35 0 55 0 0 14500
35 0 55 0 0 14600
35 0 56 0 0 14700
35 0 56 0 0 14800
35 0 56 0 0 14900
35 0 56 0 0 15000
37 0 56 0 0 15100
37 0 57 0 0 15200
37 0 57 0 0 15300
37 0 58 0 0 15400
37 0 58 0 0 15500
37 0 58 0 0 15600
37 0 58 0 0 15700
37 0 58 0 0 15800
38 0 59 0 0 15900
38 0 59 0 0 16000
38 0 60 0 0 16100
38 0 60 0 0 16200
39 0 60 0 0 16300
40 0 60 0 0 16400
41 0 60 0 0 16500
41 0 61 0 0 16600
41 0 61 0 0 16700
41 0 61 0 0 16800
41 0 61 0 0 16900
42 0 61 0 0 17000
42 0 62 0 0 17100
43 0 62 0 0 17200
44 0 62 0 0 17300
44 0 62 0 0 17400
44 0 62 0 0 17500
44 0 63 0 0 17600
44 0 63 0 0 17700
44 0 63 0 0 17800
44 0 64 0 0 17900
45 0 64 0 0 18000
45 0 64 0 0 18100
45 0 66 0 0 18200
45 0 66 0 0 18300
45 0 66 0 0 18400
47 0 66 0 0 18500
47 0 67 0 0 18600
47 0 69 0 0 18700
47 0 70 0 0 18800
47 0 70 0 0 18900
47 0 70 0 0 19000
47 0 70 0 0 19100
47 0 70 0 0 19200
47 0 71 0 0 19300
47 0 71 0 0 19400
48 0 72 0 0 19500
50 0 73 0 0 19600
50 0 73 0 0 19700
51 0 73 0 0 19800
52 0 74 0 0 19900
52 0 75 0 0 20000
52 0 75 0 0 20100
52 0 75 0 0 20200
52 0 76 0 0 20300
52 0 76 0 0 20400
52 0 76 0 0 20500
52 0 76 0 0 20600
53 0 76 0 0 20700
53 0 77 0 0 20800
53 0 78 0 0 20900
53 0 78 0 0 21000
53 0 78 0 0 21100
53 0 78 0 0 21200
53 0 78 0 0 21300
53 0 78 0 0 21400
53 0 78 0 0 21500
53 0 78 0 0 21600
53 0 78 0 0 21700
53 0 78 0 0 21800
53 0 78 0 0 21900
53 0 78 0 0 22000
53 0 79 0 0 22100
53 0 79 0 0 22200
53 0 79 0 0 22300
53 0 79 0 0 22400
54 0 79 0 0 22500
55 0 79 0 0 22600
55 0 79 0 0 22700
55 0 79 0 0 22800
55 0 79 0 0 22900
55 0 80 0 0 23000
55 0 83 0 0 23100
55 0 84 0 0 23200
55 0 85 0 0 23300
55 0 85 0 0 23400
55 0 86 0 0 23500
55 0 86 0 0 23600
55 0 86 0 0 23700
55 0 86 0 0 23800
55 0 86 0 0 23900
55 0 86 0 0 24000
56 0 86 0 0 24100
56 0 87 0 0 24200
56 0 87 0 0 24300
57 0 89 0 0 24400
57 0 89 0 0 24500
58 0 90 0 0 24600
58 0 91 0 0 24700
58 0 92 0 0 24800
58 0 92 0 0 24900
58 0 92 0 0 25000
58 0 92 0 0 25100
58 0 93 0 0 25200
58 0 93 0 0 25300
58 0 93 0 0 25400
58 0 93 0 0 25500
58 0 94 0 0 25600
58 0 95 0 0 25700
58 0 95 0 0 25800
59 0 95 0 0 25900
59 0 95 0 0 26000
59 0 95 0 0 26100
59 0 95 0 0 26200
59 0 95 0 0 26300
59 0 95 0 0 26400
59 0 95 0 0 26500
59 0 95 0 0 26600
59 0 95 0 0 26700
59 0 96 0 0 26800
59 0 96 0 0 26900
59 0 97 0 0 27000
59 0 99 0 0 27100
59 0 99 0 0 27200
59 0 99 0 0 27300
59 0 99 0 0 27400
59 0 99 0 0 27500
59 0 99 0 0 27600
59 0 99 0 0 27700
61 0 99 0 0 27800
61 0 99 0 0 27900
61 0 99 0 0 28000
61 0 99 0 0 28100
61 0 99 0 0 28200
61 0 99 0 0 28300
61 0 99 0 0 28400
61 0 99 0 0 28500
61 0 100 0 0 28600
61 0 100 0 0 28700
61 0 100 0 0 28800
61 0 100 0 0 28900
61 0 101 0 0 29000
61 0 101 0 0 29100
61 0 101 0 0 29200
61 0 101 0 0 29300
61 0 103 0 0 29400
61 0 103 0 0 29500
61 0 104 0 0 29600
61 0 105 0 0 29700
61 0 105 0 0 29800
61 0 105 0 0 29900
62 0 105 0 0 30000
62 0 105 0 0 30100
62 0 106 0 0 30200
62 0 108 0 0 30300
63 0 108 0 0 30400
63 0 108 0 0 30500
63 0 108 0 0 30600
63 0 108 0 0 30700
64 0 109 0 0 30800
64 0 109 0 0 30900
65 0 111 0 0 31000
65 0 112 0 0 31100
65 0 112 0 0 31200
66 0 114 0 0 31300
67 0 115 0 0 31400
67 0 115 0 0 31500
68 0 116 0 0 31600
69 0 116 0 0 31700
69 0 116 0 0 31800
69 0 117 0 0 31900
69 0 117 0 0 32000
69 0 117 0 0 32100
70 0 117 0 0 32200
70 0 117 0 0 32300
71 0 117 0 0 32400
71 0 117 0 0 32500
71 0 117 0 0 32600
71 0 117 0 0 32700
72 0 117 0 0 32800
72 0 118 0 0 32900
72 0 118 0 0 33000
72 0 118 0 0 33100
73 0 118 0 0 33200
73 0 118 0 0 33300
74 0 118 0 0 33400
74 0 118 0 0 33500
75 0 119 0 0 33600
76 0 120 0 0 33700
76 0 121 0 0 33800
76 0 121 0 0 33900
76 0 121 0 0 34000
76 0 122 0 0 34100
76 0 122 0 0 34200
76 0 122 0 0 34300
76 0 123 0 0 34400
77 0 123 0 0 34500
77 0 123 0 0 34600
77 0 123 0 0 34700
77 0 124 0 0 34800
77 0 124 0 0 34900
77 0 124 0 0 35000
77 0 124 0 0 35100
77 0 124 0 0 35200
77 0 124 0 0 35300
77 0 124 0 0 35400
77 0 124 0 0 35500
77 0 124 0 0 35600
77 0 124 0 0 35700
77 0 124 0 0 35800
77 0 124 0 0 35900
77 0 124 0 0 36000
77 0 124 0 0 36100
78 0 124 0 0 36200
78 0 124 0 0 36300
78 0 126 0 0 36400
78 0 128 0 0 36500
78 0 128 0 0 36600
78 0 128 0 0 36700
78 0 128 0 0 36800
78 0 129 0 0 36900
78 0 129 0 0 37000
78 0 129 0 0 37100
78 0 129 0 0 37200
78 0 129 0 0 37300
78 0 130 0 0 37400
78 0 130 0 0 37500
78 0 130 0 0 37600
78 0 130 0 0 37700
79 0 130 0 0 37800
79 0 131 0 0 37900
79 0 132 0 0 38000
79 0 132 0 0 38100
79 0 134 0 0 38200
79 0 135 0 0 38300
79 0 137 0 0 38400
79 0 137 0 0 38500
79 0 137 0 0 38600
79 0 138 0 0 38700
79 0 138 0 0 38800
80 0 138 0 0 38900
82 0 139 0 0 39000
82 0 141 0 0 39100
82 0 144 0 0 39200
82 0 145 0 0 39300
82 0 146 0 0 39400
82 0 146 0 0 39500
82 0 146 0 0 39600
82 0 147 0 0 39700
82 0 147 0 0 39800
83 0 147 0 0 39900
83 0 148 0 0 40000
83 0 148 0 0 40100
83 0 149 0 0 40200
83 0 149 0 0 40300
83 0 150 0 0 40400
83 0 150 0 0 40500
83 0 151 0 0 40600
83 0 151 0 0 40700
83 0 152 0 0 40800
83 0 153 0 0 40900
83 0 154 0 0 41000
83 0 155 0 0 41100
83 0 155 0 0 41200
83 0 155 0 0 41300
83 0 155 0 0 41400
83 0 155 0 0 41500
83 0 155 0 0 41600
84 0 155 0 0 41700
84 0 156 0 0 41800
84 0 156 0 0 41900
84 0 156 0 0 42000
84 0 156 0 0 42100
84 0 156 0 0 42200
84 0 157 0 0 42300
85 0 157 0 0 42400
85 0 157 0 0 42500
85 0 157 0 0 42600
86 0 158 0 0 42700
86 0 159 0 0 42800
86 0 159 0 0 42900
86 0 159 0 0 43000
86 0 159 0 0 43100
86 0 159 0 0 43200
86 0 160 0 0 43300
86 0 160 0 0 43400
86 0 160 0 0 43500
86 0 160 0 0 43600
86 0 161 0 0 43700
87 0 161 0 0 43800
87 0 162 0 0 43900
87 0 162 0 0 44000
87 0 162 0 0 44100
87 0 162 0 0 44200
87 0 162 0 0 44300
87 0 162 0 0 44400
87 0 162 0 0 44500
88 0 162 0 0 44600
88 0 164 0 0 44700
88 0 164 0 0 44800
88 0 164 0 0 44900
88 0 166 0 0 45000
89 0 167 0 0 45100
89 0 167 0 0 45200
89 0 168 0 0 45300
90 0 168 0 0 45400
90 0 168 0 0 45500
90 0 169 0 0 45600
90 0 170 0 0 45700
90 0 170 0 0 45800
90 0 170 0 0 45900
90 0 170 0 0 46000
90 0 170 0 0 46100
90 0 170 0 0 46200
90 0 171 0 0 46300
90 0 171 0 0 46400
90 0 171 0 0 46500
91 0 171 0 0 46600
91 0 171 0 0 46700
91 0 171 0 0 46800
91 0 172 0 0 46900
91 0 172 0 0 47000
91 0 173 0 0 47100
91 0 174 0 0 47200
91 0 174 0 0 47300
91 0 174 0 0 47400
91 0 174 0 0 47500
91 0 176 0 0 47600
91 0 176 0 0 47700
91 0 178 0 0 47800
91 0 178 0 0 47900
91 0 178 0 0 48000
92 0 179 0 0 48100
93 0 179 0 0 48200
94 0 179 0 0 48300
94 0 179 0 0 48400
94 0 179 0 0 48500
94 0 179 0 0 48600
94 0 180 0 0 48700
94 0 180 0 0 48800
94 0 180 0 0 48900
94 0 180 0 0 49000
94 0 180 0 0 49100
94 0 180 0 0 49200
94 0 180 0 0 49300
94 0 181 0 0 49400
94 0 181 0 0 49500
94 0 181 0 0 49600
94 0 181 0 0 49700
95 0 182 0 0 49800
96 0 182 0 0 49900
1 0 0 0 0 0
1 0 0 0 0 100
1 0 0 0 0 200
2 0 0 0 0 300
2 0 0 0 0 400
2 0 0 0 0 500
2 0 0 0 0 600
3 0 0 0 0 700
3 0 0 0 0 800
3 0 0 0 0 900
3 0 0 0 0 1000
3 0 0 0 0 1100
3 0 0 0 0 1200
5 0 0 0 0 1300
6 0 0 0 0 1400
6 0 1 0 0 1500
6 0 1 0 0 1600
6 0 1 0 0 1700
6 0 1 0 0 1800
6 0 2 0 0 1900
6 0 3 0 0 2000
6 0 4 0 0 2100
6 0 4 0 0 2200
6 0 6 0 0 2300
6 0 6 0 0 2400
6 0 8 0 0 2500
6 0 8 0 0 2600
6 0 9 0 0 2700
7 0 10 0 0 2800
7 0 11 0 0 2900
7 0 12 0 0 3000
7 0 12 0 0 3100
7 0 14 0 0 3200
7 0 15 0 0 3300
8 0 16 0 0 3400
8 0 16 0 0 3500
8 0 16 0 0 3600
8 0 17 0 0 3700
8 0 17 0 0 3800
8 0 18 0 0 3900
8 0 18 0 0 4000
8 0 18 0 0 4100
10 0 19 0 0 4200
11 0 20 0 0 4300
12 0 21 0 0 4400
13 0 21 0 0 4500
15 0 22 0 0 4600
16 0 24 0 0 4700
16 0 24 0 0 4800
16 0 26 0 0 4900
16 0 26 0 0 5000
16 0 28 0 0 5100
16 0 28 0 0 5200
16 0 28 0 0 5300
16 0 28 0 0 5400
17 0 28 0 0 5500
17 0 29 0 0 5600
17 0 30 0 0 5700
18 0 30 0 0 5800
18 0 30 0 0 5900
18 0 31 0 0 6000
18 0 32 0 0 6100
18 0 32 0 0 6200
18 0 32 0 0 6300
18 0 32 0 0 6400
18 0 33 0 0 6500
19 0 33 0 0 6600
19 0 33 0 0 6700
19 0 33 0 0 6800
20 0 33 0 0 6900
20 0 33 0 0 7000
21 0 34 0 0 7100
21 0 34 0 0 7200
22 0 35 0 0 7300
22 0 36 0 0 7400
22 0 36 0 0 7500
22 0 36 0 0 7600
22 0 36 0 0 7700
22 0 36 0 0 7800
23 0 36 0 0 7900
23 0 36 0 0 8000
23 0 36 0 0 8100
23 0 36 0 0 8200
23 0 36 0 0 8300
23 0 36 0 0 8400
23 0 36 0 0 8500
23 0 37 0 0 8600
23 0 37 0 0 8700
24 0 37 0 0 8800
24 0 37 0 0 8900
25 0 37 0 0 9000
25 0 38 0 0 9100
25 0 38 0 0 9200
25 0 38 0 0 9300
25 0 38 0 0 9400
25 0 38 0 0 9500
25 0 38 0 0 9600
25 0 38 0 0 9700
25 0 38 0 0 9800
25 0 38 0 0 9900
25 0 39 0 0 10000
25 0 40 0 0 10100
25 0 40 0 0 10200
25 0 40 0 0 10300
25 0 40 0 0 10400
25 0 41 0 0 10500
26 0 43 0 0 10600
27 0 43 0 0 10700
28 0 43 0 0 10800
28 0 45 0 0 10900
29 0 46 0 0 11000
29 0 46 0 0 11100
29 0 46 0 0 11200
29 0 46 0 0 11300
29 0 46 0 0 11400
29 0 46 0 0 11500
29 0 46 0 0 11600
29 0 46 0 0 11700
29 0 46 0 0 11800
29 0 46 0 0 11900
29 0 46 0 0 12000
29 0 46 0 0 12100
29 0 46 0 0 12200
29 0 46 0 0 12300
31 0 46 0 0 12400
31 0 47 0 0 12500
31 0 47 0 0 12600
31 0 47 0 0 12700
31 0 47 0 0 12800
31 0 48 0 0 12900
31 0 48 0 0 13000
31 0 48 0 0 13100
31 0 50 0 0 13200
31 0 50 0 0 13300
31 0 50 0 0 13400
31 0 50 0 0 13500
31 0 50 0 0 13600
32 0 50 0 0 13700
32 0 50 0 0 13800
33 0 51 0 0 13900
34 0 51 0 0 14000
34 0 51 0 0 14100
34 0 51 0 0 14200
34 0 51 0 0 14300
34 0 51 0 0 14400
35 0 53 0 0 14500
35 0 54 0 0 14600
35 0 56 0 0 14700
36 0 56 0 0 14800
36 0 57 0 0 14900
36 0 57 0 0 15000
36 0 57 0 0 15100
36 0 57 0 0 15200
36 0 57 0 0 15300
36 0 57 0 0 15400
36 0 57 0 0 15500
36 0 58 0 0 15600
37 0 58 0 0 15700
37 0 58 0 0 15800
37 0 58 0 0 15900
37 0 58 0 0 16000
37 0 58 0 0 16100
37 0 58 0 0 16200
37 0 58 0 0 16300
37 0 58 0 0 16400
37 0 59 0 0 16500
37 0 59 0 0 16600
37 0 59 0 0 16700
37 0 60 0 0 16800
37 0 60 0 0 16900
37 0 60 0 0 17000
37 0 60 0 0 17100
37 0 60 0 0 17200
37 0 60 0 0 17300
38 0 60 0 0 17400
39 0 60 0 0 17500
40 0 60 0 0 17600
41 0 60 0 0 17700
41 0 60 0 0 17800
41 0 61 0 0 17900
41 0 61 0 0 18000
41 0 62 0 0 18100
41 0 62 0 0 18200
41 0 63 0 0 18300
41 0 63 0 0 18400
41 0 64 0 0 18500
41 0 64 0 0 18600
41 0 66 0 0 18700
41 0 66 0 0 18800
41 0 66 0 0 18900
41 0 66 0 0 19000
41 0 66 0 0 19100
41 0 66 0 0 19200
42 0 67 0 0 19300
43 0 67 0 0 19400
44 0 67 0 0 19500
46 0 67 0 0 19600
46 0 67 0 0 19700
46 0 68 0 0 19800
46 0 68 0 0 19900
46 0 68 0 0 20000
46 0 68 0 0 20100
46 0 69 0 0 20200
46 0 69 0 0 20300
47 0 69 0 0 20400
47 0 69 0 0 20500
47 0 69 0 0 20600
47 0 70 0 0 20700
47 0 70 0 0 20800
47 0 70 0 0 20900
47 0 70 0 0 21000
47 0 70 0 0 21100
47 0 72 0 0 21200
47 0 72 0 0 21300
47 0 72 0 0 21400
47 0 72 0 0 21500
47 0 72 0 0 21600
47 0 72 0 0 21700
47 0 72 0 0 21800
47 0 73 0 0 21900
47 0 74 0 0 22000
47 0 74 0 0 22100
47 0 75 0 0 22200
48 0 75 0 0 22300
48 0 75 0 0 22400
48 0 76 0 0 22500
48 0 76 0 0 22600
48 0 76 0 0 22700
48 0 76 0 0 22800
48 0 77 0 0 22900
48 0 77 0 0 23000
48 0 78 0 0 23100
48 0 78 0 0 23200
48 0 78 0 0 23300
48 0 78 0 0 23400
48 0 78 0 0 23500
48 0 79 0 0 23600
48 0 79 0 0 23700
48 0 79 0 0 23800
48 0 80 0 0 23900
48 0 80 0 0 24000
48 0 80 0 0 24100
48 0 80 0 0 24200
48 0 80 0 0 24300
48 0 80 0 0 24400
48 0 80 0 0 24500
48 0 80 0 0 24600
48 0 81 0 0 24700
48 0 81 0 0 24800
48 0 81 0 0 24900
48 0 81 0 0 25000
48 0 82 0 0 25100
48 0 82 0 0 25200
48 0 82 0 0 25300
48 0 82 0 0 25400
48 0 82 0 0 25500
48 0 82 0 0 25600
48 0 82 0 0 25700
48 0 82 0 0 25800
48 0 82 0 0 25900
48 0 82 0 0 26000
48 0 82 0 0 26100
48 0 82 0 0 26200
48 0 82 0 0 26300
48 0 82 0 0 26400
48 0 82 0 0 26500
48 0 82 0 0 26600
48 0 82 0 0 26700
48 0 82 0 0 26800
48 0 83 0 0 26900
48 0 83 0 0 27000
49 0 84 0 0 27100
49 0 85 0 0 27200
49 0 85 0 0 27300
49 0 85 0 0 27400
49 0 85 0 0 27500
49 0 85 0 0 27600
49 0 85 0 0 27700
50 0 86 0 0 27800
50 0 86 0 0 27900
50 0 86 0 0 28000
50 0 86 0 0 28100
50 0 86 0 0 28200
50 0 86 0 0 28300
50 0 86 0 0 28400
50 0 86 0 0 28500
51 0 86 0 0 28600
52 0 86 0 0 28700
52 0 86 0 0 28800
53 0 86 0 0 28900
53 0 86 0 0 29000
53 0 86 0 0 29100
54 0 86 0 0 29200
54 0 86 0 0 29300
54 0 87 0 0 29400
54 0 87 0 0 29500
54 0 87 0 0 29600
54 0 87 0 0 29700
54 0 87 0 0 29800
54 0 88 0 0 29900
54 0 88 0 0 30000
54 0 88 0 0 30100
54 0 89 0 0 30200
54 0 89 0 0 30300
54 0 89 0 0 30400
54 0 89 0 0 30500
54 0 89 0 0 30600
54 0 89 0 0 30700
54 0 90 0 0 30800
54 0 90 0 0 30900
54 0 90 0 0 31000
54 0 90 0 0 31100
54 0 91 0 0 31200
54 0 92 0 0 31300
54 0 92 0 0 31400
54 0 92 0 0 31500
54 0 92 0 0 31600
54 0 92 0 0 31700
54 0 93 0 0 31800
54 0 94 0 0 31900
55 0 94 0 0 32000
55 0 94 0 0 32100
55 0 94 0 0 32200
55 0 94 0 0 32300
55 0 94 0 0 32400
55 0 94 0 0 32500
55 0 94 0 0 32600
55 0 94 0 0 32700
55 0 94 0 0 32800
55 0 94 0 0 32900
55 0 94 0 0 33000
56 0 94 0 0 33100
56 0 94 0 0 33200
56 0 94 0 0 33300
56 0 94 0 0 33400
56 0 94 0 0 33500
56 0 94 0 0 33600
56 0 94 0 0 33700
56 0 94 0 0 33800
57 0 94 0 0 33900
57 0 95 0 0 34000
57 0 95 0 0 34100
57 0 95 0 0 34200
57 0 95 0 0 34300
57 0 95 0 0 34400
57 0 95 0 0 34500
57 0 96 0 0 34600
57 0 96 0 0 34700
57 0 96 0 0 34800
57 0 96 0 0 34900
57 0 96 0 0 35000
57 0 96 0 0 35100
57 0 96 0 0 35200
57 0 96 0 0 35300
57 0 96 0 0 35400
57 0 96 0 0 35500
57 0 96 0 0 35600
57 0 96 0 0 35700
57 0 96 0 0 35800
57 0 97 0 0 35900
57 0 97 0 0 36000
57 0 97 0 0 36100
57 0 97 0 0 36200
57 0 97 0 0 36300
57 0 97 0 0 36400
57 0 97 0 0 36500
57 0 97 0 0 36600
57 0 97 0 0 36700
57 0 97 0 0 36800
57 0 97 0 0 36900
57 0 97 0 0 37000
58 0 98 0 0 37100
58 0 99 0 0 37200
58 0 99 0 0 37300
58 0 99 0 0 37400
58 0 99 0 0 37500
58 0 99 0 0 37600
58 0 99 0 0 37700
58 0 99 0 0 37800
58 0 99 0 0 37900
58 0 99 0 0 38000
58 0 99 0 0 38100
58 0 99 0 0 38200
58 0 99 0 0 38300
58 0 99 0 0 38400
58 0 99 0 0 38500
58 0 99 0 0 38600
58 0 99 0 0 38700
58 0 99 0 0 38800
58 0 99 0 0 38900
58 0 99 0 0 39000
58 0 99 0 0 39100
58 0 99 0 0 39200
58 0 99 0 0 39300
58 0 99 0 0 39400
58 0 99 0 0 39500
58 0 100 0 0 39600
58 0 100 0 0 39700
58 0 100 0 0 39800
58 0 101 0 0 39900
58 0 101 0 0 40000
58 0 101 0 0 40100
58 0 101 0 0 40200
58 0 101 0 0 40300
58 0 101 0 0 40400
58 0 101 0 0 40500
58 0 101 0 0 40600
58 0 101 0 0 40700
58 0 101 0 0 40800
58 0 101 0 0 40900
58 0 101 0 0 41000
58 0 101 0 0 41100
58 0 101 0 0 41200
58 0 101 0 0 41300
58 0 101 0 0 41400
58 0 102 0 0 41500
58 0 102 0 0 41600
58 0 102 0 0 41700
58 0 103 0 0 41800
58 0 103 0 0 41900
58 0 104 0 0 42000
58 0 104 0 0 42100
58 0 104 0 0 42200
58 0 104 0 0 42300
58 0 105 0 0 42400
58 0 106 0 0 42500
58 0 106 0 0 42600
59 0 106 0 0 42700
59 0 106 0 0 42800
59 0 106 0 0 42900
59 0 106 0 0 43000
59 0 106 0 0 43100
59 0 106 0 0 43200
59 0 107 0 0 43300
59 0 107 0 0 43400
59 0 108 0 0 43500
59 0 108 0 0 43600
59 0 108 0 0 43700
59 0 109 0 0 43800
59 0 109 0 0 43900
59 0 109 0 0 44000
59 0 109 0 0 44100
59 0 109 0 0 44200
59 0 109 0 0 44300
59 0 110 0 0 44400
59 0 110 0 0 44500
59 0 110 0 0 44600
59 0 110 0 0 44700
59 0 110 0 0 44800
59 0 110 0 0 44900
59 0 110 0 0 45000
59 0 110 0 0 45100
59 0 110 0 0 45200
59 0 110 0 0 45300
59 0 110 0 0 45400
59 0 110 0 0 45500
59 0 112 0 0 45600
59 0 112 0 0 45700
59 0 112 0 0 45800
59 0 113 0 0 45900
59 0 115 0 0 46000
60 0 115 0 0 46100
60 0 118 0 0 46200
60 0 119 0 0 46300
60 0 119 0 0 46400
60 0 119 0 0 46500
60 0 120 0 0 46600
60 0 120 0 0 46700
60 0 121 0 0 46800
60 0 121 0 0 46900
60 0 121 0 0 47000
60 0 121 0 0 47100
60 0 121 0 0 47200
60 0 122 0 0 47300
60 0 123 0 0 47400
61 0 123 0 0 47500
61 0 123 0 0 47600
61 0 123 0 0 47700
61 0 125 0 0 47800
61 0 125 0 0 47900
61 0 125 0 0 48000
61 0 125 0 0 48100
62 0 125 0 0 48200
62 0 125 0 0 48300
62 0 125 0 0 48400
62 0 125 0 0 48500
62 0 125 0 0 48600
62 0 125 0 0 48700
62 0 125 0 0 48800
62 0 125 0 0 48900
62 0 125 0 0 49000
62 0 125 0 0 49100
62 0 125 0 0 49200
62 0 125 0 0 49300
62 0 125 0 0 49400
62 0 125 0 0 49500
62 0 125 0 0 49600
62 0 125 0 0 49700
62 0 126 0 0 49800
62 0 126 0 0 49900
