3 0 0 0 0 0
4 0 0 0 0 100
4 0 1 0 1 200
4 0 1 0 1 300
4 0 1 1 1 400
4 0 2 1 1 500
4 0 2 1 1 600
4 0 2 1 2 700
5 0 3 1 2 800
6 0 3 1 2 900
6 0 4 1 2 1000
6 0 4 2 2 1100
6 0 4 2 2 1200
6 0 5 2 2 1300
6 0 5 2 2 1400
6 0 5 3 2 1500
6 0 6 3 2 1600
6 0 6 3 3 1700
6 0 6 3 3 1800
6 0 7 3 3 1900
7 0 8 3 5 2000
7 0 9 3 5 2100
7 0 11 3 6 2200
7 0 11 3 7 2300
7 0 16 4 8 2400
7 0 16 4 10 2500
7 0 18 5 13 2600
8 0 19 5 14 2700
8 0 19 5 15 2800
8 0 20 6 15 2900
8 0 20 6 16 3000
8 0 21 6 17 3100
8 0 22 6 18 3200
8 0 24 6 18 3300
8 0 26 6 22 3400
8 0 27 6 23 3500
8 0 28 6 24 3600
8 0 29 6 25 3700
8 0 29 6 27 3800
9 0 30 7 27 3900
10 0 31 7 27 4000
11 0 31 7 28 4100
12 0 31 8 28 4200
12 0 31 8 28 4300
12 0 31 8 28 4400
12 0 32 8 28 4500
12 0 32 8 28 4600
12 0 33 8 28 4700
13 0 33 8 28 4800
14 0 33 8 29 4900
15 0 33 8 29 5000
15 0 33 8 29 5100
16 0 33 8 29 5200
16 0 33 8 29 5300
16 0 34 8 29 5400
17 0 36 8 30 5500
17 0 36 8 30 5600
17 0 36 8 30 5700
19 0 36 8 30 5800
19 0 36 9 30 5900
19 0 36 9 30 6000
19 0 37 9 30 6100
19 0 37 9 31 6200
19 0 37 9 31 6300
20 0 37 9 31 6400
20 0 37 9 31 6500
21 0 37 9 31 6600
22 0 37 9 31 6700
22 0 37 9 31 6800
22 0 37 9 31 6900
22 0 37 9 31 7000
22 0 37 9 31 7100
22 0 37 9 31 7200
22 0 37 9 31 7300
22 0 37 9 31 7400
22 0 37 9 31 7500
23 0 37 9 31 7600
23 0 38 9 31 7700
23 0 38 9 32 7800
25 0 39 9 32 7900
25 0 39 9 32 8000
25 0 40 9 32 8100
25 0 41 9 33 8200
25 0 41 9 33 8300
25 0 42 9 34 8400
25 0 42 9 34 8500
25 0 42 9 34 8600
25 0 42 9 34 8700
25 0 42 9 34 8800
26 0 42 9 34 8900
26 0 42 9 34 9000
26 0 43 9 34 9100
26 0 43 9 34 9200
26 0 43 9 35 9300
26 0 45 9 35 9400
26 0 45 9 35 9500
26 0 45 9 36 9600
26 0 45 9 36 9700
26 0 45 9 36 9800
26 0 45 9 36 9900
26 0 45 9 36 10000
26 0 45 9 36 10100
26 0 45 9 36 10200
26 0 45 9 36 10300
26 0 45 9 37 10400
27 0 45 9 37 10500
27 0 45 9 37 10600
27 0 45 9 37 10700
27 0 46 9 37 10800
28 0 46 10 37 10900
28 0 47 10 38 11000
28 0 48 11 38 11100
28 0 50 12 39 11200
28 0 51 12 41 11300
28 0 52 12 42 11400
28 0 53 12 43 11500
28 0 55 13 43 11600
28 0 55 13 46 11700
28 0 56 13 46 11800
28 0 56 13 47 11900
28 0 57 13 47 12000
28 0 57 13 47 12100
28 0 57 13 48 12200
28 0 57 13 48 12300
28 0 57 13 48 12400
28 0 58 13 48 12500
28 0 58 13 49 12600
28 0 58 13 49 12700
28 0 58 13 50 12800
28 0 58 13 50 12900
29 0 58 13 50 13000
29 0 59 13 50 13100
29 0 59 13 50 13200
29 0 59 13 50 13300
29 0 59 13 50 13400
29 0 59 13 50 13500
29 0 60 13 50 13600
29 0 60 13 50 13700
29 0 60 13 51 13800
29 0 60 13 51 13900
29 0 60 13 51 14000
29 0 60 13 51 14100
29 0 60 13 51 14200
29 0 61 13 51 14300
31 0 61 13 52 14400
31 0 61 13 52 14500
31 0 62 13 52 14600
31 0 62 13 53 14700
31 0 62 13 53 14800
31 0 62 13 53 14900
31 0 62 13 53 15000
31 0 62 13 53 15100
31 0 62 13 53 15200
31 0 62 13 53 15300
31 0 62 13 53 15400
32 0 62 13 53 15500
32 0 62 13 53 15600
32 0 63 13 53 15700
32 0 63 13 54 15800
32 0 63 13 54 15900
33 0 63 13 54 16000
33 0 63 13 54 16100
33 0 64 13 54 16200
33 0 64 13 54 16300
33 0 64 13 54 16400
33 0 64 14 54 16500
33 0 64 14 54 16600
34 0 64 14 54 16700
34 0 65 14 54 16800
34 0 65 14 55 16900
34 0 65 14 56 17000
34 0 65 15 56 17100
34 0 65 15 56 17200
35 0 65 15 56 17300
35 0 65 15 56 17400
35 0 65 15 56 17500
35 0 65 15 56 17600
35 0 65 15 56 17700
35 0 65 15 56 17800
35 0 66 15 56 17900
35 0 66 15 56 18000
35 0 66 15 57 18100
35 0 66 15 57 18200
35 0 66 15 57 18300
35 0 66 15 57 18400
35 0 66 15 57 18500
36 0 67 15 57 18600
36 0 67 15 57 18700
36 0 68 15 58 18800
36 0 68 15 58 18900
36 0 69 15 58 19000
36 0 69 16 59 19100
36 0 70 17 59 19200
36 0 71 17 59 19300
36 0 71 17 60 19400
37 0 72 17 61 19500
37 0 72 17 62 19600
37 0 73 17 62 19700
37 0 74 17 62 19800
37 0 75 17 63 19900
37 0 76 17 65 20000
37 0 77 17 65 20100
37 0 78 17 66 20200
37 0 78 18 67 20300
37 0 78 18 67 20400
37 0 78 18 67 20500
37 0 78 19 67 20600
37 0 78 19 67 20700
37 0 78 19 67 20800
37 0 78 19 67 20900
38 0 78 19 68 21000
38 0 78 19 68 21100
38 0 78 19 68 21200
38 0 78 19 68 21300
38 0 78 19 68 21400
38 0 78 19 69 21500
38 0 78 19 69 21600
38 0 79 19 69 21700
38 0 79 19 69 21800
38 0 79 19 70 21900
38 0 79 19 70 22000
39 0 79 19 70 22100
39 0 79 19 70 22200
40 0 79 19 70 22300
40 0 79 19 70 22400
40 0 79 20 70 22500
41 0 79 20 70 22600
41 0 79 20 70 22700
41 0 79 20 70 22800
41 0 79 20 70 22900
42 0 79 20 70 23000
42 0 79 20 70 23100
42 0 79 20 70 23200
42 0 79 20 71 23300
42 0 79 20 71 23400
42 0 79 20 71 23500
42 0 81 20 71 23600
42 0 81 20 72 23700
42 0 81 20 73 23800
42 0 81 20 73 23900
42 0 81 20 73 24000
42 0 81 20 73 24100
42 0 81 20 73 24200
42 0 81 20 73 24300
42 0 81 20 74 24400
42 0 81 20 74 24500
42 0 81 20 75 24600
43 0 81 20 75 24700
43 0 81 20 75 24800
43 0 81 20 75 24900
43 0 81 20 75 25000
43 0 81 20 75 25100
43 0 81 20 75 25200
43 0 81 20 75 25300
43 0 84 20 75 25400
43 0 84 20 75 25500
43 0 84 20 78 25600
43 0 85 20 78 25700
43 0 85 20 78 25800
43 0 85 20 79 25900
43 0 85 20 79 26000
43 0 85 20 79 26100
43 0 85 20 79 26200
43 0 85 20 79 26300
43 0 86 20 79 26400
43 0 86 20 80 26500
43 0 86 20 80 26600
43 0 86 21 80 26700
44 0 86 21 80 26800
44 0 87 21 80 26900
45 0 88 22 80 27000
45 0 89 22 81 27100
45 0 89 22 81 27200
45 0 89 22 82 27300
45 0 89 22 82 27400
46 0 89 22 82 27500
46 0 89 22 82 27600
46 0 89 22 82 27700
46 0 89 22 82 27800
46 0 89 22 82 27900
46 0 89 22 82 28000
46 0 89 22 82 28100
46 0 89 22 82 28200
46 0 89 22 82 28300
46 0 89 22 82 28400
46 0 89 22 82 28500
46 0 89 22 82 28600
46 0 89 22 82 28700
46 0 89 22 82 28800
46 0 89 22 82 28900
46 0 89 22 82 29000
47 0 89 22 82 29100
47 0 90 22 82 29200
47 0 90 22 82 29300
47 0 90 22 83 29400
47 0 90 22 83 29500
47 0 91 22 83 29600
47 0 91 22 83 29700
47 0 91 23 83 29800
47 0 91 23 83 29900
47 0 91 23 83 30000
47 0 91 23 83 30100
47 0 92 23 83 30200
47 0 92 23 84 30300
47 0 92 23 84 30400
47 0 92 23 84 30500
47 0 92 23 84 30600
47 0 92 23 84 30700
47 0 92 23 84 30800
47 0 92 23 85 30900
47 0 92 23 85 31000
47 0 92 23 85 31100
47 0 92 23 85 31200
47 0 93 23 85 31300
47 0 93 23 85 31400
47 0 93 23 86 31500
47 0 93 23 86 31600
47 0 93 23 86 31700
47 0 93 24 86 31800
47 0 93 24 86 31900
47 0 94 24 86 32000
47 0 94 24 86 32100
47 0 94 24 87 32200
47 0 95 24 87 32300
47 0 96 24 87 32400
48 0 96 24 88 32500
48 0 96 24 89 32600
48 0 96 24 89 32700
48 0 96 24 89 32800
48 0 96 24 89 32900
48 0 96 24 89 33000
48 0 97 24 89 33100
48 0 97 24 89 33200
48 0 97 24 90 33300
48 0 97 24 90 33400
48 0 97 24 90 33500
48 0 97 24 90 33600
48 0 97 24 90 33700
48 0 97 24 90 33800
48 0 97 24 90 33900
48 0 97 24 90 34000
48 0 97 24 90 34100
49 0 97 24 90 34200
50 0 97 24 90 34300
51 0 97 24 90 34400
51 0 97 24 90 34500
51 0 97 24 90 34600
51 0 97 24 90 34700
52 0 97 24 90 34800
52 0 97 24 90 34900
52 0 97 24 90 35000
52 0 97 24 90 35100
53 0 97 24 90 35200
53 0 97 24 90 35300
53 0 97 24 90 35400
53 0 97 24 90 35500
53 0 97 24 90 35600
53 0 97 24 90 35700
54 0 97 24 90 35800
54 0 97 24 90 35900
55 0 97 24 90 36000
55 0 97 24 90 36100
55 0 97 24 90 36200
55 0 97 24 90 36300
55 0 97 24 90 36400
55 0 98 24 90 36500
55 0 98 24 90 36600
55 0 98 24 90 36700
55 0 98 24 90 36800
55 0 98 24 90 36900
55 0 98 24 90 37000
55 0 98 24 90 37100
55 0 98 24 90 37200
55 0 98 24 90 37300
55 0 98 24 90 37400
55 0 98 24 90 37500
55 0 98 24 90 37600
55 0 99 24 90 37700
55 0 99 24 91 37800
55 0 99 24 91 37900
55 0 99 24 92 38000
55 0 99 24 92 38100
55 0 99 24 92 38200
55 0 99 24 93 38300
55 0 99 24 93 38400
55 0 99 24 93 38500
55 0 99 24 93 38600
55 0 99 24 93 38700
55 0 99 24 93 38800
55 0 99 24 93 38900
56 0 99 24 93 39000
56 0 99 24 93 39100
56 0 99 24 93 39200
56 0 99 24 93 39300
56 0 99 24 93 39400
56 0 99 24 93 39500
56 0 99 24 93 39600
57 0 99 24 93 39700
57 0 99 24 93 39800
57 0 99 24 93 39900
57 0 99 24 93 40000
57 0 99 24 93 40100
57 0 99 24 93 40200
57 0 99 24 93 40300
57 0 99 24 93 40400
57 0 99 24 93 40500
57 0 99 24 93 40600
57 0 100 24 93 40700
57 0 100 25 93 40800
58 0 100 25 94 40900
58 0 100 25 94 41000
58 0 100 25 94 41100
58 0 100 25 94 41200
58 0 101 25 95 41300
58 0 101 25 96 41400
58 0 102 25 96 41500
58 0 102 25 96 41600
58 0 102 25 96 41700
58 0 102 25 97 41800
58 0 102 25 97 41900
58 0 102 25 97 42000
58 0 102 25 97 42100
58 0 103 25 97 42200
58 0 103 25 97 42300
58 0 104 25 97 42400
58 0 104 26 98 42500
58 0 104 26 98 42600
58 0 105 26 98 42700
58 0 105 26 99 42800
58 0 106 26 99 42900
58 0 106 26 100 43000
58 0 106 26 100 43100
58 0 106 26 100 43200
58 0 106 26 100 43300
58 0 106 26 100 43400
58 0 106 26 100 43500
58 0 106 26 100 43600
58 0 106 26 100 43700
59 0 107 26 100 43800
59 0 107 26 100 43900
59 0 107 26 101 44000
59 0 107 26 101 44100
59 0 107 26 101 44200
59 0 107 26 101 44300
59 0 107 26 101 44400
59 0 107 26 101 44500
59 0 107 26 102 44600
60 0 108 26 102 44700
60 0 108 26 102 44800
60 0 108 26 103 44900
60 0 108 26 103 45000
60 0 108 26 103 45100
60 0 108 26 103 45200
60 0 108 26 103 45300
60 0 108 26 103 45400
60 0 108 26 103 45500
61 0 108 26 103 45600
62 0 108 26 103 45700
62 0 108 26 103 45800
63 0 108 26 104 45900
64 0 108 26 104 46000
64 0 108 26 104 46100
64 0 108 26 104 46200
64 0 108 26 104 46300
64 0 108 26 104 46400
64 0 108 26 104 46500
64 0 108 26 104 46600
64 0 109 26 104 46700
64 0 109 26 104 46800
64 0 109 26 105 46900
64 0 110 26 105 47000
64 0 110 26 105 47100
64 0 110 26 105 47200
64 0 112 26 105 47300
65 0 112 26 105 47400
65 0 113 26 106 47500
65 0 113 26 107 47600
66 0 114 26 107 47700
66 0 115 26 107 47800
67 0 115 26 108 47900
67 0 116 26 109 48000
68 0 118 26 110 48100
69 0 118 26 112 48200
69 0 119 26 113 48300
69 0 119 26 113 48400
69 0 120 26 114 48500
69 0 121 26 115 48600
70 0 121 26 115 48700
70 0 121 27 115 48800
71 0 121 27 115 48900
71 0 123 27 115 49000
71 0 123 27 115 49100
71 0 123 27 116 49200
71 0 124 28 116 49300
73 0 124 28 116 49400
73 0 124 28 117 49500
73 0 125 28 117 49600
73 0 125 28 118 49700
73 0 126 28 118 49800
73 0 126 28 119 49900
1 0 0 0 0 0
1 0 0 0 0 100
2 0 0 0 1 200
4 0 0 0 1 300
5 0 2 0 1 400
5 0 2 1 1 500
6 0 2 2 1 600
6 0 2 2 1 700
6 0 2 2 1 800
6 0 2 2 2 900
6 0 2 2 2 1000
8 0 2 2 2 1100
8 0 5 2 3 1200
9 0 5 2 3 1300
10 0 6 3 4 1400
10 0 6 4 6 1500
10 0 7 4 7 1600
10 0 7 4 8 1700
10 0 7 4 9 1800
10 0 8 4 9 1900
10 0 9 4 9 2000
10 0 10 4 10 2100
10 0 10 4 12 2200
10 0 10 4 12 2300
10 0 10 4 12 2400
10 0 10 4 12 2500
10 0 10 4 12 2600
10 0 10 4 12 2700
10 0 11 4 12 2800
10 0 11 4 12 2900
11 0 12 4 12 3000
11 0 13 4 13 3100
11 0 14 4 14 3200
12 0 15 4 16 3300
12 0 15 4 17 3400
12 0 15 4 17 3500
13 0 16 4 17 3600
13 0 18 4 17 3700
13 0 18 4 18 3800
14 0 18 5 19 3900
14 0 19 5 20 4000
14 0 19 5 20 4100
14 0 19 5 21 4200
14 0 19 6 21 4300
14 0 19 6 21 4400
15 0 19 6 21 4500
15 0 19 6 22 4600
16 0 19 6 22 4700
16 0 21 6 22 4800
17 0 21 7 24 4900
18 0 21 7 24 5000
18 0 21 7 24 5100
18 0 21 7 24 5200
19 0 21 7 24 5300
19 0 22 7 24 5400
19 0 22 7 24 5500
19 0 22 8 24 5600
19 0 23 8 24 5700
19 0 23 8 24 5800
19 0 24 8 24 5900
19 0 25 8 25 6000
19 0 25 8 25 6100
20 0 25 8 26 6200
21 0 25 8 26 6300
21 0 27 8 26 6400
22 0 27 8 27 6500
22 0 28 8 28 6600
22 0 28 8 29 6700
23 0 29 8 29 6800
25 0 29 8 29 6900
26 0 29 8 29 7000
27 0 30 8 29 7100
28 0 30 8 30 7200
30 0 31 8 30 7300
31 0 31 8 30 7400
33 0 32 8 31 7500
35 0 32 8 31 7600
35 0 33 8 32 7700
35 0 33 8 32 7800
36 0 34 8 33 7900
37 0 35 8 33 8000
39 0 35 8 35 8100
40 0 35 8 35 8200
41 0 36 8 35 8300
43 0 37 8 35 8400
44 0 37 8 36 8500
45 0 38 8 36 8600
46 0 38 8 36 8700
47 0 39 8 37 8800
47 0 40 8 37 8900
47 0 40 8 38 9000
47 0 41 8 38 9100
47 0 41 9 39 9200
48 0 42 9 40 9300
50 0 43 9 40 9400
51 0 46 10 41 9500
53 0 46 10 45 9600
55 0 47 10 45 9700
57 0 48 11 45 9800
59 0 48 11 46 9900
60 0 50 11 46 10000
62 0 51 11 48 10100
63 0 51 11 48 10200
64 0 51 11 49 10300
64 0 51 12 49 10400
64 0 52 12 49 10500
65 0 52 12 49 10600
65 0 52 12 50 10700
65 0 52 12 50 10800
65 0 52 12 50 10900
66 0 52 12 50 11000
68 0 53 12 50 11100
68 0 54 12 51 11200
68 0 54 12 52 11300
68 0 54 12 52 11400
68 0 54 12 52 11500
68 0 55 12 52 11600
68 0 55 12 52 11700
69 0 55 12 54 11800
70 0 56 12 54 11900
70 0 56 12 54 12000
70 0 57 12 55 12100
70 0 57 12 56 12200
72 0 57 12 56 12300
75 0 57 12 57 12400
76 0 57 12 57 12500
77 0 58 12 57 12600
77 0 58 12 58 12700
79 0 58 12 58 12800
79 0 59 12 58 12900
79 0 59 12 59 13000
79 0 60 13 59 13100
80 0 60 13 59 13200
80 0 60 13 59 13300
80 0 60 14 59 13400
80 0 60 14 59 13500
80 0 60 14 59 13600
80 0 60 14 59 13700
80 0 60 14 59 13800
80 0 60 14 59 13900
80 0 60 14 59 14000
81 0 60 14 59 14100
81 0 60 14 59 14200
81 0 62 14 59 14300
81 0 62 14 59 14400
81 0 62 14 60 14500
81 0 62 15 60 14600
81 0 62 15 60 14700
81 0 62 15 60 14800
81 0 62 15 60 14900
82 0 62 15 60 15000
83 0 62 15 60 15100
83 0 64 15 60 15200
83 0 64 15 62 15300
83 0 65 15 62 15400
83 0 65 15 62 15500
84 0 65 15 62 15600
84 0 66 15 62 15700
84 0 66 15 63 15800
84 0 67 15 63 15900
84 0 68 15 63 16000
84 0 68 15 64 16100
84 0 68 15 64 16200
84 0 68 16 64 16300
84 0 68 16 65 16400
84 0 68 16 65 16500
84 0 68 16 65 16600
84 0 68 16 65 16700
85 0 68 16 65 16800
85 0 68 16 65 16900
85 0 68 16 65 17000
85 0 68 16 65 17100
85 0 68 16 65 17200
85 0 68 16 65 17300
85 0 68 16 65 17400
86 0 68 16 65 17500
87 0 69 16 65 17600
88 0 69 16 65 17700
88 0 69 16 66 17800
88 0 69 16 66 17900
89 0 69 16 66 18000
89 0 69 16 66 18100
89 0 69 16 66 18200
89 0 69 16 66 18300
89 0 70 16 66 18400
89 0 72 16 66 18500
89 0 72 16 67 18600
89 0 72 17 67 18700
89 0 73 18 67 18800
89 0 73 18 67 18900
89 0 73 18 67 19000
89 0 74 19 67 19100
89 0 74 19 67 19200
91 0 74 19 68 19300
92 0 75 19 68 19400
92 0 75 19 69 19500
95 0 75 19 69 19600
95 0 77 19 69 19700
95 0 77 19 71 19800
95 0 77 19 71 19900
95 0 77 19 72 20000
95 0 77 19 72 20100
95 0 77 19 72 20200
95 0 77 19 72 20300
95 0 77 19 72 20400
95 0 77 19 72 20500
95 0 78 19 72 20600
95 0 78 19 72 20700
95 0 78 19 73 20800
96 0 78 19 73 20900
97 0 78 19 73 21000
98 0 79 19 73 21100
98 0 79 19 73 21200
98 0 81 19 73 21300
99 0 81 19 73 21400
99 0 81 20 74 21500
99 0 81 20 75 21600
99 0 81 20 75 21700
100 0 81 20 75 21800
101 0 82 20 75 21900
102 0 83 20 76 22000
102 0 84 20 76 22100
102 0 84 20 78 22200
102 0 86 20 78 22300
103 0 87 20 78 22400
104 0 87 21 78 22500
104 0 88 23 78 22600
105 0 88 23 78 22700
106 0 88 23 79 22800
107 0 88 23 79 22900
107 0 88 23 79 23000
107 0 88 23 79 23100
107 0 88 23 79 23200
107 0 88 23 79 23300
107 0 88 23 79 23400
108 0 88 23 79 23500
109 0 88 23 79 23600
109 0 89 23 79 23700
109 0 89 23 80 23800
109 0 90 23 80 23900
109 0 90 23 80 24000
109 0 90 23 80 24100
109 0 90 23 80 24200
109 0 90 23 80 24300
109 0 90 23 80 24400
109 0 90 23 80 24500
110 0 90 23 80 24600
110 0 91 23 80 24700
111 0 91 23 80 24800
111 0 92 23 81 24900
111 0 92 23 81 25000
111 0 92 23 82 25100
111 0 92 24 82 25200
111 0 93 25 82 25300
111 0 93 25 82 25400
111 0 94 25 82 25500
111 0 94 26 82 25600
111 0 94 26 83 25700
111 0 94 26 83 25800
111 0 94 26 83 25900
111 0 94 26 83 26000
111 0 95 26 83 26100
111 0 95 26 83 26200
111 0 95 26 84 26300
111 0 95 26 84 26400
111 0 95 26 84 26500
111 0 95 26 84 26600
112 0 95 26 84 26700
112 0 96 26 84 26800
112 0 97 26 84 26900
112 0 97 26 85 27000
112 0 97 26 85 27100
112 0 97 26 85 27200
112 0 98 26 86 27300
112 0 98 26 87 27400
113 0 99 26 88 27500
114 0 99 26 88 27600
114 0 99 26 88 27700
114 0 99 26 88 27800
115 0 99 26 88 27900
116 0 99 26 88 28000
116 0 99 26 88 28100
116 0 100 26 88 28200
116 0 100 26 88 28300
116 0 100 26 88 28400
116 0 101 26 88 28500
116 0 101 26 89 28600
116 0 101 26 89 28700
116 0 101 26 89 28800
116 0 101 26 89 28900
116 0 101 26 89 29000
116 0 101 26 89 29100
116 0 101 26 89 29200
116 0 101 26 89 29300
116 0 101 26 89 29400
116 0 101 26 89 29500
116 0 101 26 89 29600
117 0 101 26 89 29700
117 0 102 26 89 29800
118 0 102 26 89 29900
118 0 103 26 91 30000
118 0 104 26 91 30100
118 0 104 26 91 30200
118 0 105 28 92 30300
118 0 106 28 93 30400
118 0 106 28 94 30500
118 0 106 28 95 30600
118 0 106 28 95 30700
118 0 106 28 95 30800
118 0 107 28 96 30900
119 0 107 28 97 31000
119 0 107 28 97 31100
119 0 108 28 97 31200
119 0 108 28 97 31300
119 0 108 28 97 31400
119 0 108 28 97 31500
120 0 108 28 97 31600
121 0 108 28 97 31700
122 0 108 28 97 31800
122 0 109 28 97 31900
123 0 109 28 97 32000
124 0 110 28 97 32100
124 0 110 29 98 32200
125 0 111 29 98 32300
126 0 111 29 98 32400
126 0 112 29 100 32500
126 0 112 29 100 32600
126 0 112 29 100 32700
126 0 112 29 100 32800
126 0 112 29 101 32900
127 0 113 29 101 33000
127 0 113 29 101 33100
127 0 113 29 101 33200
127 0 114 29 101 33300
128 0 115 29 101 33400
128 0 115 29 102 33500
128 0 115 29 102 33600
128 0 115 29 102 33700
128 0 116 29 102 33800
128 0 116 29 102 33900
129 0 116 29 102 34000
130 0 116 30 102 34100
130 0 116 30 102 34200
130 0 116 30 102 34300
130 0 116 30 102 34400
130 0 116 30 102 34500
130 0 116 30 102 34600
130 0 116 30 102 34700
130 0 117 30 102 34800
130 0 117 30 103 34900
130 0 118 30 103 35000
130 0 118 30 104 35100
130 0 119 30 105 35200
130 0 119 30 106 35300
130 0 119 30 106 35400
130 0 119 30 107 35500
130 0 119 30 107 35600
130 0 120 30 109 35700
130 0 120 30 110 35800
130 0 120 30 110 35900
130 0 121 30 111 36000
130 0 121 30 112 36100
130 0 121 30 113 36200
130 0 121 30 114 36300
130 0 121 30 114 36400
130 0 122 30 114 36500
130 0 122 30 114 36600
131 0 122 30 115 36700
131 0 122 30 115 36800
131 0 122 30 115 36900
133 0 122 30 115 37000
133 0 122 30 115 37100
133 0 122 30 115 37200
133 0 123 30 115 37300
133 0 124 30 116 37400
133 0 124 30 116 37500
133 0 124 30 116 37600
133 0 124 30 116 37700
133 0 124 30 116 37800
133 0 124 30 116 37900
133 0 125 30 116 38000
133 0 125 30 117 38100
133 0 125 30 117 38200
133 0 125 30 117 38300
134 0 125 30 117 38400
134 0 125 30 117 38500
135 0 125 30 117 38600
135 0 128 30 118 38700
135 0 128 30 119 38800
135 0 128 30 120 38900
135 0 129 30 120 39000
135 0 129 30 121 39100
135 0 129 30 121 39200
135 0 130 30 121 39300
135 0 131 30 121 39400
135 0 131 30 122 39500
135 0 131 30 122 39600
135 0 131 30 122 39700
136 0 131 30 122 39800
136 0 131 30 122 39900
136 0 131 30 122 40000
136 0 131 30 122 40100
136 0 131 30 122 40200
136 0 131 30 122 40300
136 0 131 30 122 40400
136 0 131 30 123 40500
136 0 131 30 123 40600
136 0 131 30 123 40700
136 0 131 30 123 40800
136 0 132 31 123 40900
136 0 132 31 123 41000
136 0 132 31 123 41100
136 0 132 32 123 41200
136 0 132 32 123 41300
136 0 132 32 123 41400
136 0 132 32 123 41500
136 0 133 32 123 41600
136 0 133 32 124 41700
136 0 133 32 125 41800
136 0 133 32 125 41900
136 0 133 32 125 42000
136 0 133 32 126 42100
136 0 133 32 126 42200
136 0 133 32 126 42300
136 0 133 32 126 42400
136 0 134 32 126 42500
136 0 134 32 126 42600
136 0 134 32 127 42700
136 0 134 32 127 42800
136 0 134 32 127 42900
137 0 134 32 127 43000
137 0 134 32 127 43100
137 0 134 32 127 43200
137 0 134 32 127 43300
137 0 135 32 127 43400
137 0 135 32 127 43500
137 0 135 32 128 43600
137 0 135 32 128 43700
137 0 135 32 128 43800
137 0 135 32 128 43900
137 0 135 32 129 44000
137 0 135 32 129 44100
137 0 135 32 129 44200
137 0 135 32 129 44300
138 0 135 32 129 44400
139 0 135 32 130 44500
140 0 135 32 130 44600
140 0 135 32 130 44700
140 0 135 32 130 44800
140 0 135 32 130 44900
141 0 135 32 130 45000
141 0 135 32 130 45100
141 0 135 32 130 45200
141 0 135 32 131 45300
141 0 135 32 131 45400
141 0 135 32 131 45500
141 0 135 32 131 45600
141 0 135 32 132 45700
141 0 135 32 132 45800
142 0 135 32 132 45900
142 0 137 32 132 46000
142 0 137 32 134 46100
143 0 137 32 134 46200
143 0 137 32 135 46300
143 0 137 32 135 46400
143 0 137 32 135 46500
143 0 137 32 135 46600
143 0 137 32 135 46700
143 0 137 32 135 46800
143 0 137 32 135 46900
143 0 137 32 135 47000
144 0 137 32 135 47100
145 0 137 32 135 47200
145 0 137 32 135 47300
146 0 137 32 135 47400
146 0 137 32 135 47500
146 0 138 32 135 47600
146 0 138 32 136 47700
146 0 138 32 136 47800
146 0 138 32 136 47900
146 0 138 32 136 48000
148 0 138 32 136 48100
148 0 142 32 136 48200
148 0 142 32 136 48300
149 0 143 32 138 48400
149 0 143 33 138 48500
149 0 143 33 139 48600
149 0 143 33 139 48700
149 0 143 33 139 48800
150 0 143 33 139 48900
150 0 143 33 139 49000
150 0 143 33 139 49100
151 0 143 33 139 49200
151 0 143 33 139 49300
152 0 143 33 139 49400
152 0 143 33 139 49500
152 0 143 33 139 49600
152 0 143 33 139 49700
152 0 143 33 139 49800
152 0 143 33 139 49900
2 0 0 0 0 0
3 0 0 0 0 100
3 0 0 1 2 200
6 0 0 2 2 300
7 0 0 2 3 400
7 0 0 2 3 500
7 0 0 2 3 600
7 0 0 2 3 700
7 0 0 2 4 800
7 0 0 2 4 900
7 0 0 2 4 1000
7 0 0 2 4 1100
8 0 0 3 4 1200
8 0 0 3 5 1300
8 0 0 3 6 1400
8 0 2 3 6 1500
8 0 3 3 7 1600
8 0 4 3 8 1700
8 0 4 3 9 1800
8 0 4 3 10 1900
8 0 4 3 10 2000
9 0 4 3 10 2100
9 0 4 3 10 2200
9 0 4 3 10 2300
9 0 4 3 10 2400
9 0 4 3 10 2500
9 0 5 3 10 2600
9 0 5 3 10 2700
9 0 5 3 11 2800
9 0 5 3 11 2900
9 0 5 3 11 3000
9 0 5 3 11 3100
9 0 5 3 11 3200
10 0 5 3 11 3300
10 0 5 3 11 3400
10 0 6 3 11 3500
10 0 6 3 11 3600
10 0 6 3 11 3700
10 0 6 3 11 3800
10 0 7 3 11 3900
10 0 7 3 12 4000
11 0 7 3 12 4100
12 0 7 3 12 4200
13 0 7 3 12 4300
14 0 7 3 12 4400
14 0 7 3 12 4500
14 0 8 3 12 4600
16 0 8 3 12 4700
17 0 8 3 13 4800
17 0 8 3 13 4900
18 0 8 3 13 5000
20 0 9 3 13 5100
20 0 9 3 14 5200
20 0 11 3 14 5300
20 0 12 3 15 5400
20 0 12 3 16 5500
20 0 13 3 17 5600
20 0 13 3 17 5700
20 0 13 3 19 5800
21 0 14 3 19 5900
21 0 14 3 20 6000
21 0 15 3 20 6100
23 0 15 3 20 6200
23 0 15 3 21 6300
23 0 15 3 21 6400
23 0 15 3 21 6500
23 0 15 3 21 6600
23 0 15 3 21 6700
24 0 15 3 21 6800
25 0 15 3 21 6900
26 0 15 3 21 7000
26 0 17 3 21 7100
28 0 17 3 23 7200
29 0 18 3 23 7300
30 0 18 3 24 7400
30 0 19 3 24 7500
30 0 19 3 24 7600
31 0 19 3 24 7700
33 0 19 4 24 7800
35 0 19 4 24 7900
35 0 19 4 24 8000
35 0 19 4 24 8100
35 0 19 4 24 8200
36 0 19 4 24 8300
38 0 19 4 24 8400
39 0 19 4 24 8500
40 0 19 4 24 8600
41 0 19 4 24 8700
41 0 19 4 24 8800
42 0 19 4 24 8900
42 0 19 4 24 9000
42 0 19 4 24 9100
42 0 19 4 24 9200
43 0 19 4 24 9300
44 0 19 4 24 9400
44 0 19 4 24 9500
44 0 19 4 24 9600
44 0 19 4 24 9700
44 0 19 4 24 9800
44 0 19 4 24 9900
44 0 19 5 24 10000
44 0 19 5 24 10100
44 0 19 5 25 10200
44 0 19 5 25 10300
44 0 19 5 25 10400
44 0 19 5 25 10500
44 0 19 5 25 10600
44 0 19 5 25 10700
45 0 19 5 25 10800
45 0 19 5 25 10900
45 0 19 5 25 11000
47 0 19 5 25 11100
47 0 21 5 25 11200
47 0 21 5 26 11300
47 0 21 5 27 11400
47 0 23 5 27 11500
48 0 23 5 29 11600
49 0 23 5 29 11700
49 0 23 5 29 11800
49 0 23 6 29 11900
49 0 26 6 29 12000
49 0 26 6 30 12100
49 0 27 6 32 12200
49 0 29 6 33 12300
49 0 30 6 35 12400
50 0 30 6 36 12500
51 0 33 6 36 12600
51 0 33 6 39 12700
51 0 35 6 39 12800
51 0 35 6 40 12900
53 0 35 6 42 13000
53 0 35 6 42 13100
53 0 35 6 42 13200
53 0 35 6 42 13300
53 0 35 6 44 13400
56 0 35 6 44 13500
58 0 35 6 44 13600
59 0 35 6 45 13700
61 0 35 6 45 13800
63 0 36 6 45 13900
63 0 36 6 46 14000
64 0 36 6 46 14100
64 0 36 6 46 14200
64 0 37 6 46 14300
64 0 37 6 47 14400
64 0 38 6 47 14500
64 0 38 6 48 14600
64 0 38 6 48 14700
65 0 38 6 48 14800
66 0 39 6 48 14900
66 0 40 6 49 15000
66 0 40 6 49 15100
68 0 40 6 49 15200
68 0 40 7 49 15300
68 0 40 7 49 15400
69 0 40 7 49 15500
69 0 40 7 50 15600
69 0 40 7 50 15700
70 0 40 7 50 15800
71 0 41 7 50 15900
73 0 41 8 50 16000
73 0 41 8 50 16100
73 0 41 8 51 16200
73 0 41 8 51 16300
73 0 41 8 52 16400
73 0 41 8 53 16500
73 0 41 8 53 16600
73 0 41 8 53 16700
73 0 41 8 53 16800
73 0 41 8 53 16900
74 0 41 8 53 17000
74 0 42 8 53 17100
74 0 42 8 54 17200
74 0 44 8 54 17300
74 0 44 8 54 17400
76 0 44 8 56 17500
77 0 45 8 56 17600
77 0 45 8 56 17700
78 0 45 8 56 17800
79 0 45 9 56 17900
80 0 45 9 56 18000
80 0 45 9 56 18100
81 0 45 9 56 18200
83 0 45 9 56 18300
84 0 45 9 56 18400
84 0 46 9 56 18500
85 0 46 9 56 18600
85 0 47 9 57 18700
85 0 47 9 57 18800
87 0 48 9 58 18900
87 0 48 9 58 19000
87 0 48 9 58 19100
88 0 48 9 58 19200
88 0 48 9 58 19300
88 0 48 9 58 19400
88 0 48 9 58 19500
89 0 48 9 58 19600
90 0 48 9 58 19700
91 0 49 9 58 19800
92 0 49 9 58 19900
93 0 49 9 58 20000
94 0 49 9 58 20100
95 0 50 9 58 20200
95 0 50 9 59 20300
95 0 50 9 59 20400
95 0 50 9 60 20500
95 0 50 9 60 20600
95 0 50 9 60 20700
96 0 51 9 60 20800
97 0 52 9 60 20900
97 0 53 11 60 21000
97 0 55 11 60 21100
98 0 55 12 60 21200
98 0 56 13 61 21300
99 0 56 13 62 21400
99 0 59 13 64 21500
100 0 59 13 64 21600
103 0 60 13 65 21700
105 0 61 14 66 21800
109 0 61 14 66 21900
109 0 62 14 67 22000
109 0 62 14 68 22100
109 0 62 14 69 22200
109 0 62 14 69 22300
110 0 63 14 69 22400
111 0 63 15 69 22500
112 0 64 15 71 22600
112 0 64 15 71 22700
112 0 65 15 72 22800
112 0 65 15 72 22900
112 0 65 15 74 23000
112 0 65 15 74 23100
113 0 65 15 75 23200
114 0 65 15 77 23300
115 0 65 15 77 23400
115 0 65 15 78 23500
115 0 65 15 78 23600
115 0 66 15 78 23700
116 0 66 15 79 23800
116 0 67 15 79 23900
116 0 68 16 79 24000
117 0 68 16 80 24100
117 0 68 16 81 24200
119 0 69 16 81 24300
120 0 69 16 81 24400
120 0 70 17 81 24500
120 0 70 17 81 24600
120 0 71 17 82 24700
120 0 71 17 82 24800
121 0 71 17 83 24900
122 0 71 17 83 25000
123 0 71 17 84 25100
126 0 71 17 84 25200
127 0 72 17 84 25300
127 0 72 17 84 25400
127 0 72 17 84 25500
128 0 72 17 84 25600
128 0 72 17 84 25700
129 0 72 17 84 25800
132 0 73 17 84 25900
134 0 74 17 86 26000
135 0 75 17 87 26100
135 0 78 17 87 26200
136 0 78 17 89 26300
137 0 78 19 89 26400
137 0 78 19 89 26500
137 0 78 19 90 26600
138 0 79 19 90 26700
138 0 81 19 90 26800
138 0 81 19 91 26900
138 0 81 19 91 27000
139 0 82 20 91 27100
141 0 82 20 92 27200
141 0 83 20 92 27300
142 0 84 20 92 27400
143 0 85 20 93 27500
143 0 86 20 93 27600
144 0 86 20 95 27700
144 0 86 20 95 27800
144 0 86 20 95 27900
146 0 87 20 95 28000
147 0 87 20 95 28100
147 0 87 20 96 28200
149 0 87 20 96 28300
149 0 88 20 96 28400
149 0 89 20 97 28500
149 0 90 20 97 28600
149 0 90 20 97 28700
149 0 91 22 97 28800
149 0 91 22 97 28900
149 0 91 22 97 29000
149 0 92 23 97 29100
149 0 93 23 98 29200
149 0 93 23 98 29300
149 0 94 23 99 29400
150 0 94 23 99 29500
150 0 94 23 99 29600
150 0 94 24 99 29700
150 0 94 24 99 29800
150 0 94 24 100 29900
150 0 94 24 100 30000
150 0 94 24 100 30100
150 0 94 24 100 30200
151 0 94 24 100 30300
153 0 94 24 100 30400
153 0 96 24 100 30500
153 0 96 24 101 30600
153 0 96 24 102 30700
153 0 96 24 102 30800
153 0 96 24 102 30900
153 0 97 24 102 31000
153 0 97 24 103 31100
153 0 97 24 103 31200
153 0 97 24 103 31300
153 0 97 24 103 31400
153 0 97 24 103 31500
153 0 97 24 103 31600
154 0 97 24 103 31700
155 0 97 24 103 31800
155 0 98 24 103 31900
156 0 98 24 103 32000
156 0 98 24 104 32100
156 0 99 24 104 32200
156 0 99 24 104 32300
156 0 99 24 105 32400
156 0 99 24 105 32500
156 0 99 24 105 32600
156 0 99 24 105 32700
156 0 99 24 105 32800
156 0 99 24 105 32900
156 0 99 24 105 33000
156 0 99 24 105 33100
156 0 99 24 105 33200
157 0 99 24 105 33300
157 0 99 24 105 33400
157 0 100 24 105 33500
157 0 100 24 106 33600
158 0 100 24 106 33700
158 0 101 24 106 33800
158 0 101 24 106 33900
158 0 101 24 107 34000
158 0 101 24 107 34100
158 0 101 24 107 34200
158 0 102 24 107 34300
158 0 103 24 108 34400
158 0 103 24 109 34500
158 0 103 24 109 34600
158 0 103 24 109 34700
159 0 104 24 109 34800
159 0 104 24 109 34900
159 0 104 24 110 35000
159 0 104 24 110 35100
159 0 104 24 110 35200
159 0 104 24 110 35300
159 0 104 24 110 35400
159 0 104 24 110 35500
160 0 104 24 110 35600
160 0 105 24 110 35700
160 0 105 24 110 35800
160 0 107 24 110 35900
160 0 108 25 110 36000
160 0 109 25 113 36100
160 0 109 25 114 36200
160 0 109 25 115 36300
160 0 110 26 115 36400
160 0 110 26 116 36500
161 0 112 27 116 36600
162 0 112 27 117 36700
163 0 112 27 118 36800
163 0 112 27 118 36900
163 0 114 27 118 37000
163 0 114 27 118 37100
164 0 114 28 119 37200
164 0 114 28 119 37300
164 0 114 28 119 37400
164 0 114 28 119 37500
164 0 114 28 120 37600
164 0 115 28 120 37700
164 0 115 28 120 37800
164 0 115 29 120 37900
164 0 115 30 120 38000
164 0 115 30 121 38100
165 0 116 30 121 38200
165 0 116 30 123 38300
166 0 116 30 123 38400
166 0 116 30 124 38500
167 0 116 30 126 38600
167 0 116 30 126 38700
167 0 116 30 126 38800
167 0 116 30 127 38900
168 0 116 30 127 39000
168 0 117 30 127 39100
168 0 117 30 128 39200
168 0 117 30 128 39300
168 0 117 30 128 39400
169 0 117 30 128 39500
170 0 118 30 128 39600
170 0 118 30 128 39700
170 0 119 30 129 39800
170 0 119 30 129 39900
170 0 119 30 130 40000
170 0 119 30 130 40100
170 0 119 30 130 40200
170 0 119 30 130 40300
170 0 120 30 130 40400
170 0 120 30 130 40500
171 0 120 30 131 40600
171 0 120 30 131 40700
171 0 120 30 131 40800
171 0 121 30 131 40900
172 0 121 30 132 41000
172 0 121 30 132 41100
172 0 121 30 132 41200
172 0 121 30 132 41300
172 0 121 30 132 41400
172 0 121 30 132 41500
173 0 121 30 132 41600
173 0 122 30 132 41700
173 0 122 30 132 41800
173 0 122 30 132 41900
173 0 122 30 132 42000
173 0 122 30 132 42100
173 0 122 30 132 42200
173 0 122 30 132 42300
173 0 122 30 132 42400
173 0 122 30 132 42500
173 0 122 30 132 42600
173 0 123 30 132 42700
173 0 123 30 132 42800
173 0 123 30 133 42900
173 0 123 30 133 43000
173 0 123 30 133 43100
173 0 123 30 133 43200
173 0 123 30 133 43300
173 0 123 30 133 43400
173 0 123 30 133 43500
173 0 123 30 133 43600
173 0 123 30 133 43700
173 0 123 30 133 43800
173 0 123 30 133 43900
173 0 124 30 133 44000
173 0 124 30 134 44100
174 0 125 30 134 44200
174 0 125 30 134 44300
174 0 125 30 134 44400
174 0 127 30 134 44500
174 0 127 30 136 44600
174 0 127 30 136 44700
174 0 127 30 136 44800
174 0 127 30 136 44900
174 0 127 30 136 45000
174 0 127 30 137 45100
174 0 127 30 138 45200
174 0 127 30 138 45300
174 0 127 30 138 45400
174 0 127 30 138 45500
174 0 127 30 138 45600
174 0 127 30 138 45700
174 0 127 30 139 45800
174 0 129 30 139 45900
174 0 129 30 141 46000
174 0 129 30 141 46100
174 0 129 30 141 46200
174 0 129 30 141 46300
174 0 130 30 141 46400
175 0 130 30 141 46500
175 0 130 30 143 46600
175 0 130 30 143 46700
175 0 130 30 143 46800
175 0 130 30 144 46900
175 0 130 30 144 47000
175 0 130 30 144 47100
175 0 130 30 145 47200
175 0 130 30 145 47300
175 0 131 30 146 47400
175 0 131 30 147 47500
175 0 131 30 147 47600
175 0 131 30 147 47700
175 0 132 31 148 47800
176 0 132 31 148 47900
176 0 133 31 148 48000
177 0 133 31 149 48100
177 0 133 32 149 48200
177 0 133 32 151 48300
177 0 133 33 151 48400
177 0 134 33 151 48500
177 0 134 33 152 48600
177 0 134 33 152 48700
178 0 134 33 152 48800
179 0 134 33 152 48900
179 0 134 33 153 49000
179 0 134 33 153 49100
180 0 135 33 153 49200
180 0 135 33 153 49300
180 0 136 33 153 49400
180 0 136 34 154 49500
180 0 137 34 154 49600
181 0 137 34 154 49700
181 0 137 34 156 49800
181 0 137 34 157 49900
5 0 0 0 0 0
6 0 1 0 1 100
6 0 1 0 1 200
6 0 1 0 2 300
6 0 1 0 2 400
7 0 1 0 3 500
8 0 1 0 4 600
10 0 1 0 4 700
10 0 1 0 5 800
10 0 1 0 5 900
11 0 1 0 6 1000
11 0 1 0 6 1100
12 0 1 1 6 1200
12 0 2 1 6 1300
13 0 2 2 7 1400
13 0 3 2 7 1500
13 0 3 2 8 1600
14 0 5 2 8 1700
14 0 6 2 8 1800
14 0 6 2 9 1900
14 0 6 2 9 2000
14 0 6 2 9 2100
14 0 6 2 9 2200
14 0 6 2 10 2300
15 0 6 2 10 2400
16 0 7 2 11 2500
16 0 7 2 11 2600
17 0 7 2 13 2700
18 0 7 2 13 2800
18 0 7 2 14 2900
18 0 8 2 14 3000
18 0 8 2 14 3100
18 0 8 2 15 3200
18 0 8 2 15 3300
18 0 9 2 15 3400
18 0 9 2 15 3500
18 0 9 2 16 3600
19 0 9 2 16 3700
19 0 9 2 16 3800
19 0 9 2 16 3900
19 0 9 2 16 4000
19 0 9 2 16 4100
19 0 9 2 16 4200
20 0 9 2 16 4300
20 0 10 2 16 4400
20 0 10 2 16 4500
20 0 12 2 16 4600
21 0 12 3 16 4700
21 0 12 3 17 4800
21 0 13 3 18 4900
21 0 13 3 18 5000
21 0 13 3 19 5100
21 0 14 3 19 5200
22 0 14 3 20 5300
23 0 15 3 20 5400
23 0 16 3 21 5500
23 0 16 3 21 5600
23 0 17 4 21 5700
23 0 17 4 22 5800
23 0 18 5 22 5900
23 0 18 5 22 6000
23 0 18 5 22 6100
24 0 18 5 22 6200
24 0 18 5 22 6300
24 0 19 5 22 6400
24 0 19 5 22 6500
24 0 19 5 22 6600
24 0 19 5 22 6700
24 0 20 5 22 6800
24 0 20 5 22 6900
25 0 20 5 23 7000
26 0 21 5 23 7100
26 0 21 5 24 7200
26 0 21 5 24 7300
26 0 21 5 24 7400
27 0 21 5 24 7500
27 0 21 5 24 7600
28 0 21 5 24 7700
28 0 21 5 24 7800
28 0 21 5 24 7900
30 0 21 5 24 8000
30 0 22 5 24 8100
30 0 22 5 25 8200
32 0 22 5 25 8300
33 0 23 5 26 8400
34 0 23 5 26 8500
34 0 23 5 28 8600
34 0 24 5 28 8700
34 0 25 5 28 8800
35 0 26 5 29 8900
39 0 26 5 29 9000
40 0 27 5 30 9100
40 0 28 5 31 9200
40 0 28 5 31 9300
41 0 28 5 32 9400
41 0 28 5 32 9500
41 0 29 5 32 9600
42 0 29 5 33 9700
42 0 29 5 33 9800
43 0 29 5 33 9900
43 0 32 5 33 10000
43 0 32 5 33 10100
44 0 32 5 34 10200
45 0 33 5 34 10300
45 0 33 5 35 10400
45 0 33 5 35 10500
45 0 34 5 36 10600
45 0 35 5 36 10700
45 0 35 5 37 10800
45 0 35 6 37 10900
45 0 35 7 37 11000
45 0 35 7 37 11100
47 0 35 7 37 11200
50 0 36 7 37 11300
50 0 36 7 37 11400
50 0 36 7 37 11500
51 0 36 7 37 11600
51 0 36 7 37 11700
51 0 36 7 37 11800
52 0 36 7 37 11900
52 0 36 7 37 12000
52 0 36 7 37 12100
52 0 37 7 37 12200
52 0 37 7 37 12300
52 0 37 8 37 12400
52 0 37 8 37 12500
52 0 37 8 37 12600
52 0 37 8 37 12700
52 0 38 8 37 12800
52 0 38 8 38 12900
52 0 38 8 39 13000
52 0 39 8 39 13100
52 0 39 8 39 13200
53 0 39 8 40 13300
53 0 39 8 40 13400
53 0 39 8 40 13500
55 0 39 8 40 13600
56 0 41 8 40 13700
56 0 41 8 41 13800
57 0 41 8 42 13900
57 0 41 8 42 14000
57 0 41 8 42 14100
58 0 41 8 42 14200
58 0 41 8 42 14300
58 0 41 8 42 14400
58 0 41 8 42 14500
58 0 41 8 42 14600
58 0 41 8 42 14700
59 0 41 8 42 14800
59 0 41 8 42 14900
59 0 42 8 42 15000
61 0 42 8 43 15100
62 0 42 8 44 15200
62 0 43 8 45 15300
62 0 43 8 46 15400
63 0 43 8 46 15500
63 0 44 8 46 15600
64 0 44 8 46 15700
64 0 44 8 46 15800
64 0 44 9 46 15900
64 0 44 9 46 16000
64 0 44 9 46 16100
64 0 44 9 47 16200
64 0 45 9 47 16300
64 0 45 9 48 16400
64 0 45 9 50 16500
64 0 46 9 50 16600
64 0 46 9 50 16700
64 0 46 10 50 16800
65 0 46 10 50 16900
65 0 47 10 50 17000
66 0 47 10 50 17100
66 0 48 10 51 17200
66 0 48 10 51 17300
66 0 48 10 52 17400
66 0 48 10 52 17500
66 0 48 10 52 17600
67 0 49 10 52 17700
67 0 49 10 52 17800
67 0 49 10 52 17900
67 0 49 10 52 18000
67 0 49 10 52 18100
67 0 49 10 52 18200
68 0 49 10 52 18300
70 0 49 10 52 18400
70 0 49 10 52 18500
70 0 49 10 52 18600
72 0 49 10 52 18700
73 0 49 10 52 18800
73 0 49 11 52 18900
73 0 49 11 52 19000
73 0 49 11 52 19100
74 0 49 11 52 19200
74 0 49 11 52 19300
74 0 49 11 52 19400
74 0 49 11 52 19500
74 0 49 11 52 19600
74 0 49 11 52 19700
75 0 49 11 52 19800
76 0 49 11 52 19900
77 0 49 11 52 20000
77 0 49 12 52 20100
78 0 49 12 52 20200
80 0 49 12 52 20300
80 0 49 12 52 20400
82 0 49 12 52 20500
83 0 50 12 52 20600
84 0 50 12 52 20700
84 0 50 12 52 20800
85 0 50 12 52 20900
85 0 51 12 52 21000
85 0 51 12 53 21100
86 0 51 12 53 21200
86 0 51 12 53 21300
87 0 51 12 53 21400
88 0 51 12 53 21500
88 0 51 12 53 21600
89 0 51 12 53 21700
89 0 52 12 53 21800
89 0 52 12 54 21900
89 0 52 12 54 22000
90 0 52 12 54 22100
90 0 53 12 54 22200
90 0 54 12 54 22300
90 0 54 12 55 22400
90 0 54 12 56 22500
90 0 54 12 56 22600
90 0 54 12 57 22700
90 0 55 12 57 22800
90 0 56 12 57 22900
90 0 57 12 58 23000
90 0 58 12 58 23100
90 0 58 13 59 23200
90 0 58 13 59 23300
91 0 58 13 60 23400
91 0 58 13 60 23500
92 0 58 13 60 23600
92 0 59 13 60 23700
92 0 59 13 60 23800
92 0 59 13 61 23900
92 0 59 13 61 24000
92 0 59 13 61 24100
93 0 59 13 61 24200
93 0 59 13 61 24300
93 0 59 13 61 24400
94 0 59 13 61 24500
94 0 59 13 61 24600
94 0 59 13 61 24700
94 0 60 13 61 24800
94 0 60 13 62 24900
94 0 60 13 62 25000
94 0 60 13 62 25100
94 0 60 13 62 25200
95 0 60 13 62 25300
95 0 60 13 62 25400
95 0 60 13 62 25500
96 0 60 13 62 25600
96 0 60 13 62 25700
96 0 60 13 62 25800
96 0 60 13 62 25900
96 0 60 13 62 26000
96 0 60 13 62 26100
97 0 60 13 62 26200
97 0 60 13 63 26300
97 0 60 13 63 26400
97 0 60 13 63 26500
97 0 60 13 63 26600
97 0 60 14 63 26700
98 0 60 14 63 26800
99 0 60 14 63 26900
99 0 61 14 63 27000
100 0 61 14 63 27100
100 0 62 14 64 27200
101 0 63 14 65 27300
103 0 63 14 66 27400
104 0 63 14 66 27500
104 0 63 14 66 27600
104 0 63 14 66 27700
104 0 63 14 66 27800
104 0 63 14 66 27900
104 0 63 14 66 28000
104 0 63 14 66 28100
105 0 63 14 66 28200
105 0 63 14 66 28300
105 0 63 14 66 28400
105 0 63 14 66 28500
105 0 63 14 66 28600
105 0 63 14 66 28700
105 0 63 14 66 28800
105 0 63 14 66 28900
105 0 63 14 66 29000
105 0 63 14 66 29100
105 0 63 14 67 29200
105 0 63 14 67 29300
105 0 63 14 67 29400
105 0 63 14 67 29500
105 0 63 14 67 29600
105 0 63 14 67 29700
106 0 63 14 67 29800
106 0 64 14 67 29900
106 0 64 14 67 30000
106 0 64 14 68 30100
106 0 65 14 68 30200
106 0 65 14 68 30300
106 0 65 15 68 30400
106 0 66 15 68 30500
106 0 66 15 68 30600
107 0 66 15 68 30700
107 0 66 16 68 30800
107 0 66 16 68 30900
107 0 66 16 68 31000
107 0 66 16 68 31100
107 0 66 16 68 31200
107 0 67 16 69 31300
108 0 67 16 70 31400
108 0 67 16 70 31500
108 0 67 16 70 31600
109 0 67 16 70 31700
109 0 67 16 70 31800
110 0 67 16 70 31900
110 0 67 16 70 32000
112 0 68 16 70 32100
113 0 68 16 70 32200
113 0 69 16 71 32300
113 0 69 16 73 32400
113 0 69 16 73 32500
114 0 69 16 74 32600
114 0 69 16 74 32700
114 0 69 16 74 32800
114 0 69 17 74 32900
114 0 70 17 74 33000
115 0 70 17 74 33100
115 0 70 17 75 33200
115 0 70 17 75 33300
116 0 70 17 75 33400
116 0 70 17 75 33500
117 0 70 17 75 33600
117 0 70 17 75 33700
118 0 70 17 75 33800
118 0 70 17 75 33900
118 0 70 17 75 34000
118 0 71 17 75 34100
118 0 72 17 75 34200
118 0 73 17 76 34300
118 0 73 17 77 34400
118 0 74 17 79 34500
118 0 74 17 80 34600
118 0 75 17 80 34700
118 0 75 17 81 34800
118 0 75 17 81 34900
120 0 75 17 81 35000
121 0 75 17 81 35100
121 0 75 17 81 35200
121 0 75 17 81 35300
121 0 75 17 82 35400
121 0 75 17 82 35500
122 0 75 17 82 35600
122 0 75 17 82 35700
122 0 75 17 83 35800
122 0 75 17 83 35900
122 0 75 17 83 36000
122 0 76 17 83 36100
122 0 76 17 83 36200
122 0 76 17 84 36300
123 0 76 17 84 36400
123 0 76 17 84 36500
123 0 76 17 85 36600
123 0 78 17 85 36700
124 0 78 17 86 36800
124 0 79 17 86 36900
125 0 80 18 86 37000
125 0 80 18 87 37100
126 0 80 18 88 37200
126 0 80 18 88 37300
126 0 80 18 88 37400
126 0 80 18 88 37500
126 0 80 18 88 37600
126 0 80 18 88 37700
126 0 80 18 88 37800
126 0 80 18 88 37900
126 0 80 18 88 38000
126 0 80 18 88 38100
126 0 80 18 88 38200
126 0 80 18 88 38300
126 0 80 18 88 38400
127 0 80 18 88 38500
127 0 80 18 88 38600
127 0 80 18 88 38700
128 0 80 18 88 38800
128 0 81 18 88 38900
129 0 81 18 88 39000
129 0 82 18 89 39100
129 0 82 18 89 39200
129 0 83 18 89 39300
129 0 83 18 90 39400
129 0 83 18 90 39500
129 0 83 18 90 39600
129 0 83 18 91 39700
129 0 84 18 91 39800
129 0 84 18 91 39900
129 0 84 18 92 40000
129 0 85 18 92 40100
129 0 86 18 92 40200
130 0 86 18 94 40300
130 0 86 18 94 40400
130 0 86 18 94 40500
130 0 87 18 94 40600
130 0 88 18 94 40700
130 0 88 18 95 40800
130 0 88 19 95 40900
130 0 88 19 95 41000
130 0 88 20 96 41100
130 0 88 20 96 41200
130 0 88 20 96 41300
130 0 88 21 96 41400
130 0 88 21 97 41500
130 0 88 21 97 41600
130 0 88 21 98 41700
130 0 88 21 98 41800
130 0 88 21 98 41900
130 0 88 22 98 42000
130 0 88 22 98 42100
130 0 88 22 98 42200
130 0 89 22 98 42300
130 0 89 22 99 42400
130 0 89 22 99 42500
130 0 89 22 99 42600
130 0 89 22 99 42700
130 0 89 22 99 42800
130 0 89 22 99 42900
130 0 89 22 99 43000
130 0 89 22 99 43100
130 0 89 22 99 43200
130 0 89 22 100 43300
130 0 89 22 100 43400
130 0 90 22 100 43500
130 0 90 22 100 43600
130 0 90 22 100 43700
130 0 90 22 100 43800
130 0 90 22 100 43900
130 0 90 22 100 44000
130 0 91 22 100 44100
130 0 91 22 100 44200
130 0 91 22 102 44300
130 0 91 22 102 44400
130 0 91 22 102 44500
130 0 91 22 102 44600
130 0 91 22 102 44700
130 0 91 22 102 44800
130 0 91 22 102 44900
130 0 91 22 102 45000
130 0 91 22 102 45100
130 0 91 22 102 45200
130 0 91 22 102 45300
130 0 91 22 102 45400
130 0 91 22 102 45500
130 0 91 22 103 45600
130 0 91 22 103 45700
130 0 91 22 103 45800
130 0 91 22 103 45900
130 0 91 22 103 46000
130 0 91 22 103 46100
130 0 91 22 103 46200
130 0 91 22 103 46300
130 0 91 22 103 46400
130 0 91 22 103 46500
130 0 91 22 103 46600
130 0 91 22 103 46700
130 0 91 22 103 46800
130 0 91 22 103 46900
130 0 91 22 103 47000
130 0 92 22 103 47100
130 0 92 22 104 47200
130 0 92 22 104 47300
130 0 92 22 105 47400
130 0 92 22 105 47500
130 0 92 22 105 47600
130 0 92 22 105 47700
130 0 92 22 105 47800
130 0 92 22 106 47900
130 0 92 22 106 48000
130 0 93 22 106 48100
130 0 93 22 107 48200
130 0 93 24 107 48300
130 0 93 24 107 48400
130 0 93 24 107 48500
130 0 93 24 107 48600
130 0 93 24 107 48700
130 0 93 24 107 48800
130 0 93 24 107 48900
130 0 93 25 107 49000
130 0 93 25 107 49100
130 0 93 25 107 49200
130 0 93 25 107 49300
130 0 93 25 107 49400
130 0 94 25 107 49500
131 0 94 25 107 49600
131 0 94 25 108 49700
131 0 94 25 108 49800
131 0 94 25 108 49900
2 0 0 0 0 0
2 0 0 0 1 100
2 0 1 1 3 200
3 0 1 2 3 300
3 0 1 2 3 400
3 0 2 2 3 500
3 0 2 2 3 600
3 0 2 2 4 700
3 0 2 3 4 800
3 0 2 3 4 900
3 0 2 3 4 1000
3 0 2 3 4 1100
3 0 2 3 4 1200
3 0 2 3 4 1300
4 0 2 3 4 1400
4 0 2 3 4 1500
4 0 2 3 4 1600
4 0 2 3 4 1700
4 0 2 3 4 1800
4 0 3 3 4 1900
4 0 3 3 4 2000
4 0 3 3 5 2100
5 0 3 3 5 2200
5 0 4 3 5 2300
5 0 5 3 5 2400
7 0 5 3 6 2500
7 0 5 3 7 2600
7 0 5 3 7 2700
7 0 7 3 7 2800
7 0 7 3 9 2900
7 0 8 3 9 3000
7 0 8 3 9 3100
8 0 8 3 10 3200
8 0 9 3 10 3300
8 0 9 3 10 3400
8 0 10 3 11 3500
8 0 11 3 12 3600
8 0 12 3 13 3700
8 0 13 3 14 3800
8 0 14 3 14 3900
9 0 16 3 14 4000
9 0 19 4 15 4100
9 0 20 4 17 4200
10 0 20 4 18 4300
10 0 21 4 19 4400
10 0 22 4 19 4500
10 0 23 4 20 4600
10 0 23 5 21 4700
10 0 24 5 21 4800
10 0 24 5 22 4900
10 0 24 5 22 5000
11 0 25 5 22 5100
11 0 25 5 23 5200
11 0 25 5 23 5300
12 0 26 5 23 5400
12 0 26 5 24 5500
12 0 27 5 24 5600
13 0 27 5 26 5700
14 0 27 5 26 5800
15 0 27 5 27 5900
16 0 27 5 28 6000
16 0 27 5 28 6100
16 0 27 5 28 6200
16 0 27 5 28 6300
16 0 27 5 29 6400
16 0 27 5 29 6500
16 0 27 5 30 6600
16 0 27 5 30 6700
16 0 27 5 30 6800
16 0 27 5 30 6900
16 0 27 5 30 7000
16 0 27 5 30 7100
17 0 27 5 30 7200
18 0 27 5 30 7300
18 0 28 5 30 7400
19 0 29 5 30 7500
19 0 29 5 31 7600
19 0 31 6 31 7700
19 0 31 6 32 7800
19 0 33 6 32 7900
19 0 34 6 33 8000
19 0 34 6 35 8100
21 0 34 6 35 8200
21 0 35 6 35 8300
24 0 36 6 35 8400
24 0 36 6 35 8500
24 0 37 6 36 8600
24 0 38 6 37 8700
24 0 39 6 37 8800
25 0 39 6 39 8900
26 0 40 6 39 9000
27 0 40 6 40 9100
27 0 40 6 40 9200
27 0 41 6 40 9300
28 0 41 6 41 9400
28 0 43 6 42 9500
28 0 43 6 43 9600
29 0 44 7 43 9700
29 0 44 7 44 9800
29 0 46 7 44 9900
30 0 46 7 45 10000
30 0 46 7 46 10100
31 0 47 7 46 10200
31 0 47 7 47 10300
31 0 47 7 47 10400
32 0 48 7 47 10500
35 0 48 7 48 10600
35 0 50 7 49 10700
35 0 50 7 49 10800
35 0 50 7 50 10900
35 0 50 7 50 11000
36 0 51 7 50 11100
36 0 51 8 50 11200
37 0 51 8 51 11300
37 0 52 8 51 11400
37 0 52 8 52 11500
37 0 53 8 53 11600
38 0 53 8 54 11700
38 0 55 8 54 11800
39 0 56 8 56 11900
39 0 58 8 56 12000
39 0 59 9 57 12100
41 0 60 9 57 12200
41 0 60 9 58 12300
42 0 61 9 58 12400
42 0 62 9 58 12500
42 0 62 9 59 12600
42 0 62 9 59 12700
42 0 63 9 60 12800
42 0 64 9 60 12900
42 0 65 9 61 13000
42 0 65 9 61 13100
42 0 65 9 62 13200
42 0 65 9 62 13300
42 0 65 9 62 13400
43 0 65 9 63 13500
45 0 65 9 63 13600
47 0 65 9 63 13700
49 0 65 9 64 13800
50 0 65 9 65 13900
50 0 67 9 65 14000
50 0 67 9 65 14100
50 0 67 9 66 14200
51 0 67 9 66 14300
51 0 67 10 66 14400
52 0 67 10 66 14500
53 0 67 10 66 14600
53 0 67 10 67 14700
53 0 67 10 67 14800
53 0 67 10 67 14900
53 0 67 10 67 15000
54 0 68 11 67 15100
54 0 68 11 67 15200
54 0 68 11 68 15300
54 0 68 11 68 15400
54 0 68 11 68 15500
54 0 68 11 68 15600
55 0 68 11 68 15700
55 0 68 11 68 15800
56 0 68 11 69 15900
57 0 68 11 70 16000
57 0 68 11 71 16100
57 0 69 11 71 16200
57 0 69 11 72 16300
57 0 69 11 72 16400
57 0 69 11 72 16500
58 0 69 11 72 16600
59 0 69 11 72 16700
59 0 69 11 72 16800
59 0 69 11 72 16900
60 0 69 11 72 17000
62 0 69 11 72 17100
62 0 69 11 74 17200
63 0 69 11 74 17300
63 0 69 11 74 17400
63 0 69 11 74 17500
63 0 69 11 74 17600
63 0 69 12 74 17700
63 0 69 12 74 17800
63 0 71 12 74 17900
63 0 71 12 75 18000
63 0 71 12 76 18100
63 0 71 12 76 18200
64 0 71 13 77 18300
64 0 71 13 77 18400
64 0 71 13 77 18500
64 0 71 13 77 18600
64 0 71 13 77 18700
64 0 71 13 77 18800
64 0 71 14 77 18900
64 0 71 14 77 19000
64 0 71 14 78 19100
64 0 72 14 78 19200
64 0 72 14 79 19300
64 0 72 14 79 19400
64 0 73 14 79 19500
64 0 73 14 80 19600
64 0 74 14 80 19700
64 0 74 14 81 19800
64 0 74 14 81 19900
64 0 74 14 81 20000
64 0 74 14 81 20100
64 0 74 14 82 20200
64 0 74 14 82 20300
64 0 74 14 82 20400
64 0 74 14 82 20500
65 0 74 14 82 20600
65 0 74 14 82 20700
65 0 74 14 82 20800
65 0 74 14 82 20900
66 0 74 14 82 21000
66 0 74 14 82 21100
66 0 74 14 82 21200
66 0 74 14 82 21300
66 0 74 14 82 21400
66 0 74 14 82 21500
66 0 74 14 82 21600
66 0 74 14 82 21700
66 0 74 14 82 21800
66 0 74 14 82 21900
66 0 74 14 82 22000
66 0 74 14 82 22100
66 0 74 14 83 22200
66 0 74 14 83 22300
66 0 74 14 83 22400
66 0 74 14 83 22500
66 0 74 14 83 22600
67 0 74 14 83 22700
68 0 74 14 83 22800
69 0 74 14 83 22900
69 0 74 14 83 23000
70 0 74 14 84 23100
71 0 75 14 84 23200
71 0 75 14 84 23300
71 0 75 15 84 23400
71 0 75 15 84 23500
71 0 75 15 84 23600
72 0 75 15 85 23700
72 0 75 15 86 23800
72 0 75 15 86 23900
72 0 75 15 86 24000
72 0 75 15 86 24100
72 0 76 16 86 24200
72 0 77 16 87 24300
72 0 77 16 87 24400
72 0 77 16 87 24500
72 0 77 16 87 24600
72 0 77 16 87 24700
73 0 78 16 87 24800
73 0 78 16 87 24900
73 0 78 16 88 25000
75 0 78 16 88 25100
75 0 78 16 88 25200
75 0 78 16 88 25300
75 0 80 16 88 25400
75 0 80 16 89 25500
75 0 80 16 90 25600
76 0 80 16 90 25700
77 0 80 16 90 25800
77 0 80 16 90 25900
77 0 80 16 90 26000
77 0 80 16 90 26100
78 0 81 16 90 26200
78 0 81 16 90 26300
78 0 81 16 90 26400
79 0 81 16 90 26500
79 0 81 16 90 26600
80 0 81 16 90 26700
80 0 82 16 90 26800
80 0 82 16 90 26900
82 0 82 16 91 27000
82 0 82 16 91 27100
82 0 82 16 91 27200
82 0 82 16 91 27300
83 0 82 16 92 27400
83 0 83 16 92 27500
83 0 84 16 92 27600
84 0 84 17 92 27700
85 0 84 17 93 27800
85 0 85 17 93 27900
85 0 85 17 94 28000
86 0 85 17 94 28100
89 0 85 17 95 28200
90 0 86 17 95 28300
90 0 87 17 96 28400
91 0 87 17 97 28500
91 0 88 17 97 28600
92 0 88 17 97 28700
94 0 89 17 97 28800
94 0 92 17 97 28900
94 0 93 17 98 29000
94 0 93 17 101 29100
95 0 94 18 101 29200
95 0 95 18 101 29300
97 0 95 19 101 29400
97 0 95 19 101 29500
98 0 95 19 101 29600
98 0 95 19 102 29700
98 0 96 19 102 29800
98 0 96 19 103 29900
98 0 97 19 103 30000
98 0 97 19 103 30100
99 0 97 19 104 30200
100 0 97 19 104 30300
100 0 97 19 104 30400
100 0 97 19 104 30500
101 0 97 19 104 30600
101 0 99 19 104 30700
101 0 99 19 104 30800
101 0 99 20 105 30900
102 0 100 20 105 31000
102 0 100 20 105 31100
104 0 100 21 105 31200
104 0 100 21 106 31300
104 0 101 21 106 31400
105 0 101 21 107 31500
106 0 102 21 107 31600
107 0 102 21 107 31700
109 0 103 21 108 31800
109 0 103 21 108 31900
109 0 104 21 109 32000
109 0 106 21 110 32100
109 0 107 21 111 32200
109 0 107 21 111 32300
109 0 107 21 112 32400
109 0 109 21 112 32500
109 0 110 21 112 32600
109 0 110 21 113 32700
109 0 110 22 113 32800
109 0 110 22 113 32900
109 0 110 22 113 33000
109 0 110 22 113 33100
109 0 111 22 113 33200
109 0 111 22 113 33300
110 0 112 22 114 33400
110 0 112 22 115 33500
111 0 112 22 115 33600
111 0 113 22 115 33700
112 0 113 22 116 33800
112 0 115 22 116 33900
112 0 115 22 118 34000
112 0 115 22 118 34100
113 0 115 22 118 34200
113 0 115 22 118 34300
113 0 116 22 118 34400
113 0 116 22 118 34500
113 0 116 22 118 34600
113 0 116 22 118 34700
113 0 116 22 118 34800
113 0 116 22 118 34900
113 0 116 22 118 35000
113 0 116 22 118 35100
114 0 116 22 118 35200
114 0 117 22 118 35300
114 0 117 22 119 35400
114 0 117 22 119 35500
114 0 117 22 119 35600
115 0 117 22 120 35700
115 0 117 22 120 35800
116 0 117 22 120 35900
116 0 117 22 120 36000
116 0 117 22 120 36100
116 0 117 22 120 36200
116 0 117 22 120 36300
116 0 117 22 120 36400
116 0 117 22 120 36500
116 0 117 22 120 36600
116 0 117 22 120 36700
116 0 117 22 120 36800
116 0 117 22 120 36900
116 0 117 22 120 37000
116 0 117 22 120 37100
116 0 117 22 120 37200
116 0 117 22 120 37300
116 0 117 22 120 37400
116 0 118 22 120 37500
116 0 118 22 120 37600
116 0 119 22 121 37700
116 0 119 22 122 37800
116 0 119 22 122 37900
116 0 119 22 122 38000
116 0 119 22 122 38100
116 0 119 22 122 38200
116 0 119 22 122 38300
116 0 119 22 122 38400
116 0 120 22 122 38500
116 0 120 22 123 38600
116 0 120 22 123 38700
116 0 120 22 123 38800
116 0 121 22 123 38900
116 0 123 22 123 39000
116 0 123 22 125 39100
116 0 123 23 125 39200
116 0 123 23 126 39300
116 0 123 23 126 39400
116 0 124 23 126 39500
116 0 125 23 126 39600
116 0 125 23 127 39700
116 0 125 23 128 39800
116 0 126 23 128 39900
116 0 126 23 130 40000
117 0 126 23 130 40100
117 0 128 23 130 40200
118 0 128 23 131 40300
118 0 128 23 131 40400
118 0 128 24 133 40500
118 0 128 24 133 40600
119 0 129 24 133 40700
119 0 130 24 134 40800
120 0 130 24 135 40900
121 0 130 24 135 41000
122 0 131 24 135 41100
123 0 131 24 136 41200
123 0 132 25 136 41300
123 0 133 25 137 41400
123 0 134 25 137 41500
124 0 134 25 139 41600
125 0 134 25 139 41700
125 0 134 25 139 41800
125 0 134 25 139 41900
125 0 134 25 139 42000
126 0 134 25 139 42100
127 0 134 25 139 42200
127 0 134 25 139 42300
127 0 134 25 139 42400
127 0 134 25 139 42500
127 0 134 25 139 42600
128 0 135 25 139 42700
128 0 135 25 140 42800
128 0 135 25 140 42900
128 0 135 25 140 43000
128 0 135 25 140 43100
128 0 135 25 140 43200
128 0 137 25 140 43300
128 0 138 25 141 43400
128 0 138 25 142 43500
128 0 138 25 142 43600
128 0 138 25 142 43700
128 0 138 25 143 43800
128 0 138 25 143 43900
128 0 138 25 143 44000
128 0 138 25 143 44100
128 0 138 25 143 44200
128 0 138 25 143 44300
128 0 138 25 143 44400
128 0 138 25 143 44500
128 0 138 25 144 44600
128 0 138 25 144 44700
128 0 138 25 144 44800
128 0 138 25 144 44900
128 0 138 25 144 45000
129 0 138 25 144 45100
129 0 138 25 144 45200
129 0 138 25 144 45300
129 0 138 25 144 45400
129 0 138 25 144 45500
129 0 138 25 144 45600
130 0 138 25 144 45700
130 0 139 25 144 45800
130 0 139 25 144 45900
130 0 139 25 145 46000
130 0 139 25 145 46100
130 0 139 25 145 46200
130 0 139 25 145 46300
130 0 139 25 145 46400
130 0 139 25 145 46500
130 0 139 25 145 46600
130 0 140 25 145 46700
130 0 140 25 145 46800
131 0 140 25 146 46900
131 0 141 25 146 47000
131 0 141 25 146 47100
131 0 141 25 146 47200
132 0 141 26 146 47300
132 0 141 26 146 47400
132 0 141 26 146 47500
133 0 141 26 146 47600
134 0 142 26 146 47700
134 0 142 26 146 47800
134 0 142 27 146 47900
134 0 142 27 146 48000
134 0 142 27 146 48100
134 0 142 27 146 48200
134 0 142 27 146 48300
135 0 143 27 146 48400
136 0 144 27 146 48500
137 0 145 27 148 48600
137 0 145 27 149 48700
137 0 145 27 149 48800
137 0 145 27 149 48900
138 0 145 27 150 49000
138 0 146 27 150 49100
138 0 147 27 151 49200
138 0 147 27 152 49300
138 0 147 27 152 49400
138 0 147 27 153 49500
138 0 147 27 153 49600
138 0 148 27 153 49700
138 0 148 27 153 49800
138 0 148 27 154 49900
1 0 0 0 0 0
1 0 0 0 0 100
1 0 0 0 0 200
1 0 0 1 0 300
1 0 0 1 0 400
3 0 0 1 0 500
3 0 0 1 0 600
4 0 0 2 0 700
5 0 0 3 1 800
5 0 0 3 1 900
5 0 0 3 1 1000
5 0 0 3 1 1100
7 0 0 4 1 1200
8 0 0 4 1 1300
10 0 0 4 1 1400
10 0 1 4 1 1500
10 0 1 4 2 1600
10 0 3 4 3 1700
10 0 3 4 4 1800
10 0 4 4 5 1900
11 0 4 4 6 2000
12 0 5 4 6 2100
13 0 5 4 6 2200
14 0 6 4 7 2300
14 0 8 4 8 2400
14 0 9 4 9 2500
14 0 10 5 10 2600
14 0 11 5 11 2700
14 0 12 5 12 2800
15 0 12 5 13 2900
15 0 13 5 13 3000
15 0 14 5 14 3100
15 0 14 5 16 3200
15 0 14 5 17 3300
17 0 14 5 17 3400
17 0 14 5 18 3500
17 0 16 5 18 3600
17 0 16 5 18 3700
17 0 17 5 19 3800
18 0 18 5 19 3900
18 0 18 5 19 4000
18 0 18 5 19 4100
18 0 18 5 19 4200
18 0 18 5 19 4300
19 0 18 5 19 4400
19 0 18 5 19 4500
19 0 19 5 19 4600
20 0 19 5 20 4700
20 0 20 5 20 4800
20 0 20 5 21 4900
20 0 20 5 21 5000
20 0 20 5 21 5100
20 0 20 5 21 5200
20 0 20 5 21 5300
20 0 20 5 21 5400
20 0 20 5 21 5500
21 0 20 5 21 5600
21 0 21 5 21 5700
22 0 21 5 22 5800
23 0 21 5 22 5900
23 0 21 5 22 6000
23 0 22 5 23 6100
23 0 22 5 24 6200
23 0 22 5 25 6300
23 0 22 6 25 6400
23 0 22 6 25 6500
23 0 22 6 25 6600
24 0 22 6 25 6700
24 0 22 6 25 6800
24 0 22 6 25 6900
25 0 22 6 25 7000
25 0 22 6 25 7100
25 0 22 6 25 7200
25 0 22 6 25 7300
25 0 22 6 25 7400
26 0 22 6 25 7500
26 0 22 6 25 7600
26 0 22 6 25 7700
26 0 22 6 26 7800
26 0 22 6 26 7900
26 0 23 6 26 8000
26 0 23 6 27 8100
26 0 24 6 27 8200
26 0 25 6 27 8300
26 0 25 7 28 8400
26 0 26 7 28 8500
26 0 26 7 28 8600
26 0 27 7 29 8700
26 0 28 7 29 8800
26 0 28 7 31 8900
26 0 29 7 31 9000
26 0 29 7 32 9100
26 0 29 7 32 9200
26 0 29 7 33 9300
26 0 29 7 33 9400
26 0 29 7 33 9500
26 0 30 7 33 9600
26 0 30 7 34 9700
26 0 31 7 34 9800
26 0 31 7 34 9900
26 0 31 7 35 10000
26 0 31 7 35 10100
27 0 32 7 35 10200
27 0 32 7 36 10300
27 0 33 7 36 10400
27 0 33 7 37 10500
27 0 34 7 37 10600
27 0 34 7 37 10700
27 0 34 7 38 10800
27 0 35 7 38 10900
28 0 35 7 38 11000
29 0 35 7 39 11100
30 0 35 7 39 11200
30 0 35 7 39 11300
30 0 35 7 39 11400
30 0 35 7 39 11500
30 0 35 7 39 11600
31 0 35 7 39 11700
31 0 35 7 39 11800
32 0 35 7 39 11900
34 0 36 7 39 12000
36 0 36 7 39 12100
37 0 36 7 40 12200
37 0 36 7 40 12300
37 0 36 7 40 12400
37 0 36 7 40 12500
38 0 36 7 40 12600
39 0 36 7 40 12700
40 0 37 7 40 12800
40 0 37 7 41 12900
40 0 37 7 41 13000
40 0 38 7 41 13100
40 0 38 7 42 13200
41 0 39 7 42 13300
42 0 39 7 42 13400
43 0 39 7 42 13500
44 0 39 8 42 13600
47 0 39 8 42 13700
47 0 39 8 42 13800
48 0 39 8 42 13900
48 0 40 8 42 14000
48 0 40 8 42 14100
48 0 40 8 43 14200
48 0 40 8 43 14300
49 0 40 8 43 14400
49 0 40 8 44 14500
49 0 40 8 45 14600
49 0 40 8 45 14700
49 0 42 8 46 14800
49 0 42 8 48 14900
49 0 42 8 48 15000
50 0 43 8 48 15100
50 0 43 8 49 15200
50 0 44 8 49 15300
50 0 44 8 49 15400
50 0 44 8 50 15500
50 0 44 8 50 15600
50 0 44 8 50 15700
50 0 44 8 50 15800
50 0 44 8 50 15900
50 0 45 8 50 16000
50 0 45 8 50 16100
50 0 45 8 51 16200
50 0 45 8 51 16300
50 0 45 8 51 16400
50 0 45 8 51 16500
50 0 45 8 51 16600
51 0 45 8 51 16700
51 0 45 8 51 16800
51 0 45 8 51 16900
51 0 45 8 51 17000
51 0 45 8 51 17100
52 0 45 8 51 17200
52 0 45 8 51 17300
52 0 45 8 51 17400
52 0 45 8 51 17500
52 0 45 8 51 17600
52 0 45 8 51 17700
52 0 45 8 51 17800
52 0 45 8 51 17900
52 0 45 8 51 18000
52 0 45 8 51 18100
52 0 45 8 51 18200
52 0 45 8 51 18300
52 0 45 8 51 18400
52 0 46 8 51 18500
52 0 46 8 51 18600
52 0 46 8 51 18700
52 0 46 8 51 18800
52 0 46 8 51 18900
52 0 46 8 51 19000
52 0 46 8 51 19100
53 0 46 8 51 19200
53 0 46 8 51 19300
53 0 46 8 51 19400
53 0 46 8 51 19500
53 0 47 8 51 19600
53 0 47 8 52 19700
53 0 48 8 52 19800
53 0 49 8 53 19900
53 0 50 8 53 20000
54 0 50 9 54 20100
55 0 50 9 54 20200
56 0 50 9 54 20300
56 0 50 9 54 20400
56 0 50 9 54 20500
56 0 50 9 54 20600
56 0 50 9 54 20700
56 0 50 9 54 20800
57 0 50 9 54 20900
57 0 50 9 54 21000
57 0 50 9 54 21100
57 0 50 9 54 21200
57 0 50 9 54 21300
57 0 50 9 54 21400
57 0 50 9 54 21500
57 0 50 9 54 21600
57 0 50 9 54 21700
57 0 50 9 54 21800
57 0 50 9 54 21900
57 0 52 9 54 22000
57 0 52 9 55 22100
57 0 53 9 56 22200
57 0 53 9 56 22300
58 0 53 9 57 22400
59 0 53 9 57 22500
60 0 53 9 57 22600
60 0 53 9 57 22700
60 0 53 9 57 22800
60 0 54 9 57 22900
60 0 54 9 57 23000
60 0 54 9 57 23100
60 0 54 9 57 23200
60 0 54 9 57 23300
60 0 54 9 57 23400
60 0 54 9 57 23500
60 0 54 9 57 23600
60 0 54 9 57 23700
60 0 54 9 57 23800
60 0 54 9 57 23900
60 0 54 9 57 24000
60 0 54 9 57 24100
60 0 54 9 58 24200
61 0 54 9 58 24300
61 0 54 9 58 24400
61 0 54 9 59 24500
61 0 54 9 59 24600
61 0 54 9 59 24700
62 0 54 9 59 24800
62 0 54 9 59 24900
62 0 54 9 59 25000
62 0 54 9 59 25100
62 0 54 9 59 25200
62 0 54 9 59 25300
62 0 54 9 59 25400
62 0 54 9 59 25500
62 0 54 9 59 25600
62 0 54 9 59 25700
62 0 54 9 59 25800
63 0 55 9 59 25900
63 0 55 9 59 26000
63 0 55 9 60 26100
63 0 55 9 60 26200
63 0 55 9 60 26300
63 0 55 9 60 26400
63 0 55 9 60 26500
63 0 55 9 60 26600
63 0 55 9 60 26700
63 0 55 9 60 26800
63 0 55 9 60 26900
64 0 55 9 60 27000
64 0 55 9 60 27100
64 0 55 9 60 27200
64 0 55 9 60 27300
64 0 55 9 60 27400
64 0 55 9 60 27500
65 0 55 9 60 27600
66 0 55 9 60 27700
66 0 55 9 60 27800
66 0 55 9 60 27900
66 0 55 9 60 28000
66 0 55 9 60 28100
66 0 55 10 60 28200
67 0 55 10 60 28300
67 0 55 10 60 28400
67 0 55 10 60 28500
67 0 55 10 60 28600
67 0 55 10 60 28700
67 0 56 10 60 28800
67 0 56 10 60 28900
67 0 56 10 60 29000
68 0 56 11 60 29100
68 0 56 11 60 29200
69 0 56 11 60 29300
69 0 57 11 60 29400
69 0 57 11 60 29500
69 0 57 11 61 29600
69 0 57 11 61 29700
69 0 58 11 61 29800
69 0 58 11 61 29900
69 0 58 11 61 30000
71 0 58 12 62 30100
71 0 59 12 62 30200
71 0 59 12 63 30300
72 0 59 12 63 30400
72 0 60 12 63 30500
72 0 60 12 63 30600
73 0 60 12 64 30700
73 0 61 12 64 30800
73 0 61 12 64 30900
73 0 62 12 65 31000
73 0 62 12 67 31100
73 0 63 12 67 31200
73 0 63 12 68 31300
74 0 64 12 68 31400
74 0 64 12 68 31500
75 0 65 12 68 31600
75 0 65 12 68 31700
75 0 65 12 69 31800
76 0 65 12 69 31900
77 0 65 12 69 32000
77 0 65 12 69 32100
77 0 65 12 69 32200
77 0 65 12 70 32300
77 0 65 12 70 32400
77 0 66 12 70 32500
77 0 67 12 70 32600
77 0 67 12 71 32700
77 0 67 12 73 32800
77 0 67 12 73 32900
77 0 67 12 73 33000
77 0 67 12 73 33100
77 0 67 12 74 33200
77 0 67 12 74 33300
78 0 67 12 75 33400
78 0 67 12 75 33500
78 0 68 12 75 33600
78 0 68 12 77 33700
78 0 68 12 77 33800
79 0 69 12 77 33900
80 0 69 12 77 34000
80 0 70 12 79 34100
80 0 71 12 79 34200
80 0 71 12 80 34300
81 0 71 12 81 34400
81 0 72 12 81 34500
81 0 72 12 81 34600
81 0 72 12 82 34700
81 0 72 12 82 34800
81 0 72 12 82 34900
81 0 72 12 82 35000
81 0 72 12 82 35100
81 0 72 12 82 35200
81 0 73 12 82 35300
81 0 73 12 82 35400
81 0 73 12 83 35500
81 0 74 12 83 35600
81 0 75 12 84 35700
81 0 76 12 85 35800
81 0 76 12 85 35900
82 0 77 12 85 36000
82 0 78 12 87 36100
82 0 79 12 88 36200
83 0 79 12 88 36300
84 0 79 12 89 36400
85 0 80 12 89 36500
85 0 80 12 89 36600
85 0 80 12 90 36700
85 0 80 12 91 36800
85 0 80 12 91 36900
85 0 80 12 91 37000
86 0 80 12 91 37100
86 0 80 12 91 37200
86 0 80 12 91 37300
86 0 80 12 91 37400
86 0 80 12 91 37500
87 0 80 12 91 37600
87 0 80 12 91 37700
87 0 80 12 91 37800
87 0 80 12 91 37900
87 0 80 12 91 38000
87 0 80 12 91 38100
87 0 81 12 91 38200
87 0 82 12 91 38300
87 0 82 12 92 38400
87 0 82 12 92 38500
87 0 82 12 92 38600
87 0 83 12 92 38700
87 0 83 12 92 38800
88 0 83 12 93 38900
88 0 84 12 93 39000
88 0 84 12 93 39100
88 0 85 12 93 39200
88 0 85 12 93 39300
88 0 85 12 93 39400
88 0 85 12 93 39500
88 0 86 13 93 39600
88 0 86 13 93 39700
88 0 87 13 93 39800
88 0 87 13 93 39900
88 0 87 13 93 40000
88 0 87 13 93 40100
88 0 87 15 93 40200
88 0 88 15 93 40300
88 0 88 15 93 40400
89 0 88 15 93 40500
89 0 89 15 93 40600
89 0 90 16 94 40700
89 0 90 16 95 40800
89 0 90 16 95 40900
89 0 90 16 95 41000
89 0 90 16 95 41100
89 0 90 16 95 41200
89 0 90 16 95 41300
89 0 90 16 95 41400
89 0 90 16 95 41500
89 0 90 16 95 41600
89 0 90 16 95 41700
89 0 90 16 95 41800
89 0 91 16 95 41900
90 0 91 16 95 42000
90 0 91 16 96 42100
91 0 92 16 96 42200
91 0 93 16 96 42300
91 0 93 16 97 42400
91 0 93 16 97 42500
91 0 94 17 97 42600
91 0 94 17 97 42700
91 0 94 17 97 42800
91 0 94 18 97 42900
92 0 94 18 98 43000
92 0 94 18 98 43100
92 0 94 18 98 43200
92 0 94 18 98 43300
92 0 94 18 98 43400
92 0 94 18 98 43500
93 0 94 19 98 43600
93 0 94 19 98 43700
93 0 94 19 98 43800
95 0 94 19 98 43900
95 0 95 19 98 44000
96 0 95 19 98 44100
96 0 96 19 98 44200
96 0 96 19 98 44300
96 0 96 19 99 44400
96 0 96 19 99 44500
97 0 96 19 99 44600
97 0 97 19 99 44700
97 0 97 19 99 44800
97 0 97 19 100 44900
97 0 97 19 100 45000
98 0 97 19 100 45100
98 0 98 19 100 45200
98 0 98 19 101 45300
98 0 99 19 101 45400
98 0 99 19 101 45500
98 0 99 19 102 45600
98 0 99 19 102 45700
98 0 99 19 103 45800
98 0 99 19 103 45900
98 0 99 19 103 46000
98 0 99 19 103 46100
99 0 99 19 103 46200
100 0 99 19 104 46300
101 0 100 19 104 46400
101 0 100 19 106 46500
101 0 101 19 106 46600
101 0 102 19 108 46700
101 0 103 19 108 46800
101 0 103 19 108 46900
101 0 103 19 108 47000
101 0 103 20 108 47100
101 0 103 20 108 47200
102 0 103 20 108 47300
102 0 103 20 108 47400
102 0 103 20 108 47500
102 0 103 20 108 47600
102 0 103 20 108 47700
102 0 103 20 108 47800
102 0 103 20 108 47900
102 0 103 20 108 48000
102 0 103 20 108 48100
102 0 103 20 108 48200
102 0 103 20 108 48300
102 0 103 20 108 48400
102 0 103 20 108 48500
102 0 103 20 109 48600
102 0 103 20 109 48700
102 0 103 20 109 48800
102 0 103 20 110 48900
103 0 104 20 110 49000
103 0 104 20 110 49100
103 0 104 20 110 49200
103 0 104 21 110 49300
103 0 104 21 111 49400
103 0 105 21 111 49500
103 0 105 21 111 49600
103 0 105 21 112 49700
103 0 106 21 112 49800
103 0 106 21 112 49900
0 0 0 0 0 0
0 0 0 0 0 100
1 0 0 1 0 200
3 0 0 1 0 300
4 0 0 1 0 400
5 0 0 1 0 500
6 0 0 1 1 600
7 0 0 1 2 700
8 0 0 2 2 800
9 0 0 2 3 900
9 0 0 2 3 1000
9 0 0 2 3 1100
9 0 0 3 3 1200
9 0 0 3 3 1300
11 0 0 4 3 1400
11 0 2 4 3 1500
11 0 2 4 4 1600
13 0 2 5 4 1700
14 0 2 5 4 1800
14 0 4 5 4 1900
14 0 5 5 4 2000
14 0 5 5 6 2100
14 0 5 6 6 2200
15 0 7 6 6 2300
15 0 9 6 7 2400
16 0 9 6 9 2500
16 0 10 6 10 2600
16 0 11 6 11 2700
18 0 12 6 12 2800
18 0 13 6 15 2900
19 0 13 6 16 3000
21 0 14 6 16 3100
22 0 14 6 17 3200
23 0 14 6 17 3300
23 0 14 6 17 3400
23 0 15 6 17 3500
23 0 15 6 18 3600
24 0 15 6 19 3700
24 0 15 6 19 3800
25 0 15 6 19 3900
25 0 16 6 19 4000
25 0 16 6 19 4100
25 0 16 6 20 4200
25 0 16 6 20 4300
25 0 16 6 20 4400
25 0 16 6 20 4500
25 0 16 6 20 4600
25 0 16 6 20 4700
27 0 17 6 20 4800
27 0 17 6 21 4900
27 0 17 6 21 5000
27 0 17 6 21 5100
27 0 17 6 21 5200
29 0 18 6 21 5300
29 0 20 6 21 5400
29 0 22 6 23 5500
30 0 22 6 23 5600
30 0 22 7 25 5700
31 0 23 7 25 5800
32 0 24 7 25 5900
32 0 24 7 25 6000
32 0 24 8 27 6100
33 0 24 8 27 6200
33 0 25 8 27 6300
34 0 25 8 27 6400
35 0 25 8 27 6500
37 0 25 8 27 6600
38 0 26 8 27 6700
39 0 26 8 27 6800
40 0 26 8 29 6900
40 0 26 8 29 7000
40 0 26 8 29 7100
40 0 26 8 29 7200
40 0 27 8 29 7300
40 0 27 8 30 7400
40 0 27 8 30 7500
41 0 27 9 30 7600
41 0 27 9 30 7700
41 0 27 9 31 7800
41 0 27 9 31 7900
42 0 27 9 31 8000
44 0 27 9 31 8100
45 0 28 9 31 8200
45 0 28 9 31 8300
45 0 28 9 32 8400
45 0 28 9 32 8500
45 0 28 9 32 8600
45 0 28 9 32 8700
45 0 28 9 32 8800
46 0 28 9 32 8900
46 0 28 9 32 9000
46 0 28 9 32 9100
46 0 28 9 32 9200
49 0 28 9 32 9300
50 0 29 9 32 9400
50 0 29 9 32 9500
51 0 29 9 34 9600
51 0 29 9 34 9700
51 0 29 9 34 9800
51 0 29 9 34 9900
51 0 29 9 34 10000
51 0 29 9 34 10100
51 0 29 9 34 10200
51 0 29 9 34 10300
52 0 29 9 34 10400
52 0 29 9 34 10500
52 0 30 9 34 10600
52 0 30 10 34 10700
52 0 30 11 34 10800
53 0 31 11 34 10900
54 0 32 11 34 11000
55 0 33 11 35 11100
56 0 33 11 35 11200
57 0 35 11 35 11300
58 0 35 11 35 11400
59 0 35 12 36 11500
59 0 35 12 36 11600
62 0 36 12 36 11700
62 0 36 12 36 11800
62 0 36 12 37 11900
64 0 36 12 37 12000
64 0 36 12 38 12100
65 0 36 12 38 12200
66 0 37 12 38 12300
66 0 37 12 38 12400
67 0 38 12 39 12500
68 0 39 12 39 12600
70 0 40 12 40 12700
71 0 40 12 41 12800
73 0 40 12 41 12900
74 0 41 12 41 13000
74 0 41 12 41 13100
74 0 42 12 41 13200
74 0 42 12 41 13300
74 0 42 12 42 13400
74 0 42 12 42 13500
74 0 42 12 43 13600
74 0 42 12 43 13700
76 0 42 12 43 13800
76 0 43 12 43 13900
76 0 44 12 43 14000
76 0 44 13 44 14100
76 0 44 13 44 14200
78 0 44 13 45 14300
79 0 44 13 45 14400
79 0 45 13 45 14500
79 0 46 13 46 14600
79 0 46 13 46 14700
80 0 46 13 47 14800
80 0 46 13 47 14900
81 0 46 13 47 15000
81 0 46 13 47 15100
82 0 47 13 47 15200
83 0 47 13 47 15300
83 0 47 13 48 15400
83 0 47 13 48 15500
83 0 47 13 48 15600
83 0 47 13 48 15700
83 0 48 13 48 15800
83 0 48 13 49 15900
83 0 48 13 49 16000
83 0 48 13 49 16100
83 0 48 13 49 16200
83 0 48 13 49 16300
83 0 48 13 49 16400
83 0 48 13 49 16500
83 0 49 13 49 16600
83 0 49 13 50 16700
83 0 49 13 50 16800
83 0 49 13 50 16900
83 0 49 13 50 17000
83 0 49 13 51 17100
83 0 49 13 51 17200
83 0 49 13 52 17300
83 0 49 13 52 17400
83 0 49 13 52 17500
83 0 49 13 52 17600
84 0 49 13 52 17700
84 0 49 13 52 17800
85 0 49 13 52 17900
85 0 49 14 52 18000
85 0 49 14 52 18100
86 0 49 14 52 18200
86 0 50 14 52 18300
87 0 50 14 53 18400
88 0 50 14 53 18500
88 0 51 14 53 18600
88 0 51 14 53 18700
88 0 52 14 54 18800
88 0 52 14 54 18900
88 0 52 14 54 19000
88 0 52 14 54 19100
88 0 52 14 54 19200
88 0 53 14 55 19300
88 0 53 14 56 19400
88 0 53 14 56 19500
88 0 53 14 56 19600
89 0 54 14 56 19700
89 0 54 14 57 19800
89 0 54 14 57 19900
89 0 54 14 57 20000
89 0 54 14 57 20100
89 0 54 14 57 20200
89 0 54 14 57 20300
89 0 54 14 57 20400
89 0 54 14 57 20500
89 0 54 14 57 20600
89 0 54 14 57 20700
89 0 54 14 58 20800
89 0 54 14 58 20900
89 0 54 14 58 21000
89 0 54 14 58 21100
89 0 55 14 58 21200
89 0 55 14 58 21300
89 0 55 14 59 21400
89 0 56 14 59 21500
89 0 56 14 59 21600
89 0 56 14 60 21700
89 0 56 14 60 21800
89 0 56 14 60 21900
89 0 56 14 60 22000
89 0 56 14 61 22100
89 0 56 14 61 22200
89 0 56 14 61 22300
89 0 56 14 61 22400
89 0 57 14 61 22500
89 0 57 14 61 22600
89 0 57 14 61 22700
89 0 57 14 61 22800
90 0 57 14 61 22900
90 0 57 14 61 23000
90 0 57 14 61 23100
90 0 57 14 61 23200
90 0 57 14 61 23300
90 0 57 14 61 23400
90 0 57 14 61 23500
90 0 57 14 61 23600
90 0 57 14 61 23700
90 0 57 14 61 23800
90 0 57 14 62 23900
91 0 59 14 62 24000
91 0 61 14 63 24100
91 0 61 14 63 24200
91 0 63 15 64 24300
91 0 64 15 64 24400
91 0 65 15 66 24500
91 0 66 15 67 24600
91 0 66 15 68 24700
91 0 67 15 68 24800
91 0 67 15 69 24900
91 0 68 15 69 25000
91 0 68 15 70 25100
91 0 68 15 70 25200
91 0 68 15 70 25300
91 0 68 15 70 25400
91 0 68 15 70 25500
91 0 68 15 70 25600
91 0 68 15 70 25700
91 0 68 15 70 25800
92 0 68 15 70 25900
92 0 68 15 70 26000
92 0 68 15 70 26100
92 0 68 15 70 26200
92 0 68 15 70 26300
92 0 68 15 70 26400
92 0 68 15 70 26500
92 0 68 15 70 26600
93 0 68 15 70 26700
93 0 68 15 70 26800
93 0 69 15 70 26900
93 0 69 15 70 27000
93 0 69 15 70 27100
93 0 69 15 70 27200
93 0 69 15 70 27300
93 0 69 15 71 27400
93 0 69 15 71 27500
93 0 70 15 71 27600
93 0 70 15 72 27700
93 0 70 15 73 27800
93 0 71 15 73 27900
93 0 71 15 74 28000
93 0 71 15 75 28100
93 0 71 15 76 28200
93 0 71 15 76 28300
93 0 71 15 77 28400
93 0 71 15 78 28500
93 0 71 15 78 28600
93 0 71 15 78 28700
93 0 71 15 79 28800
93 0 71 15 79 28900
93 0 71 15 79 29000
93 0 71 15 79 29100
93 0 71 15 79 29200
93 0 71 15 79 29300
93 0 71 15 79 29400
93 0 71 15 79 29500
93 0 71 15 79 29600
94 0 71 15 79 29700
94 0 71 15 79 29800
94 0 72 15 79 29900
94 0 72 15 79 30000
94 0 72 15 79 30100
94 0 72 15 79 30200
94 0 72 15 79 30300
94 0 72 15 79 30400
94 0 72 15 79 30500
94 0 72 15 79 30600
94 0 72 15 79 30700
94 0 73 15 79 30800
94 0 73 15 79 30900
94 0 73 15 80 31000
94 0 73 15 80 31100
94 0 73 15 80 31200
94 0 73 15 80 31300
94 0 73 15 80 31400
94 0 73 15 80 31500
94 0 73 15 80 31600
94 0 73 15 80 31700
94 0 73 15 80 31800
94 0 73 15 80 31900
94 0 73 15 80 32000
94 0 74 15 80 32100
94 0 74 15 80 32200
95 0 74 16 80 32300
95 0 75 16 80 32400
95 0 75 16 80 32500
95 0 75 16 81 32600
95 0 75 16 81 32700
95 0 75 16 81 32800
95 0 75 16 81 32900
95 0 75 16 81 33000
95 0 76 16 81 33100
95 0 76 16 82 33200
96 0 76 16 82 33300
96 0 76 16 82 33400
96 0 76 16 82 33500
96 0 76 16 82 33600
97 0 76 16 82 33700
97 0 76 16 82 33800
97 0 76 16 82 33900
97 0 76 16 82 34000
98 0 76 16 82 34100
98 0 77 16 82 34200
99 0 78 16 82 34300
100 0 78 16 83 34400
100 0 79 16 83 34500
100 0 79 16 83 34600
100 0 79 16 83 34700
100 0 79 17 83 34800
100 0 79 17 83 34900
100 0 79 17 83 35000
100 0 79 17 83 35100
100 0 79 17 83 35200
100 0 79 17 83 35300
101 0 79 17 83 35400
101 0 80 17 83 35500
101 0 80 17 83 35600
101 0 80 17 83 35700
102 0 80 17 83 35800
102 0 81 17 83 35900
102 0 81 17 83 36000
102 0 81 17 83 36100
102 0 81 17 83 36200
102 0 81 17 83 36300
102 0 81 17 83 36400
102 0 81 17 83 36500
104 0 83 17 83 36600
104 0 83 17 85 36700
104 0 84 17 85 36800
104 0 84 17 86 36900
105 0 85 17 86 37000
105 0 85 17 86 37100
105 0 85 17 87 37200
105 0 85 17 87 37300
105 0 86 17 87 37400
106 0 86 17 87 37500
106 0 86 17 87 37600
106 0 86 17 87 37700
107 0 86 17 87 37800
107 0 86 17 87 37900
107 0 86 17 87 38000
108 0 86 17 87 38100
108 0 87 17 87 38200
108 0 88 17 87 38300
108 0 88 17 89 38400
108 0 89 17 89 38500
108 0 89 17 89 38600
108 0 89 17 89 38700
108 0 89 18 89 38800
108 0 89 18 89 38900
108 0 90 18 89 39000
108 0 90 18 90 39100
109 0 90 18 90 39200
111 0 91 18 90 39300
111 0 92 18 91 39400
111 0 92 18 92 39500
111 0 93 18 92 39600
111 0 93 18 93 39700
111 0 93 18 93 39800
111 0 93 18 93 39900
111 0 94 18 93 40000
111 0 94 18 94 40100
111 0 94 18 94 40200
111 0 94 18 94 40300
111 0 94 18 94 40400
111 0 94 18 95 40500
111 0 94 18 95 40600
111 0 94 18 95 40700
111 0 94 18 96 40800
111 0 94 18 96 40900
111 0 95 18 96 41000
111 0 95 18 97 41100
111 0 95 18 97 41200
112 0 95 18 97 41300
113 0 95 18 97 41400
113 0 96 18 97 41500
113 0 96 18 97 41600
113 0 96 18 98 41700
113 0 96 18 98 41800
113 0 96 18 98 41900
114 0 96 18 98 42000
115 0 96 18 98 42100
115 0 96 18 98 42200
116 0 96 18 98 42300
116 0 96 18 98 42400
116 0 96 18 98 42500
116 0 97 18 98 42600
116 0 97 18 99 42700
116 0 98 18 99 42800
116 0 98 18 99 42900
116 0 98 18 100 43000
116 0 99 18 100 43100
116 0 99 18 100 43200
116 0 99 18 100 43300
116 0 99 19 100 43400
116 0 99 19 100 43500
116 0 99 19 100 43600
116 0 99 19 100 43700
116 0 99 19 100 43800
116 0 99 19 100 43900
116 0 99 19 100 44000
116 0 99 19 100 44100
116 0 99 19 100 44200
116 0 99 19 100 44300
116 0 99 19 100 44400
116 0 99 19 100 44500
116 0 99 19 100 44600
116 0 99 19 100 44700
116 0 99 19 100 44800
116 0 99 19 100 44900
116 0 99 19 100 45000
116 0 99 19 100 45100
116 0 100 19 100 45200
116 0 100 19 101 45300
117 0 100 19 101 45400
117 0 101 19 101 45500
117 0 101 19 101 45600
117 0 101 19 101 45700
117 0 102 19 101 45800
117 0 103 19 101 45900
117 0 103 19 104 46000
117 0 104 19 104 46100
117 0 104 19 104 46200
117 0 104 19 104 46300
117 0 104 19 104 46400
118 0 104 19 104 46500
118 0 104 19 104 46600
118 0 104 19 104 46700
119 0 104 19 104 46800
119 0 104 19 104 46900
119 0 104 20 104 47000
119 0 104 20 104 47100
120 0 105 20 104 47200
121 0 106 20 104 47300
121 0 106 20 105 47400
121 0 106 20 106 47500
121 0 106 20 106 47600
121 0 106 20 106 47700
121 0 106 20 107 47800
121 0 107 20 107 47900
121 0 107 20 108 48000
121 0 107 20 108 48100
121 0 107 20 108 48200
121 0 107 20 108 48300
122 0 107 20 108 48400
123 0 107 20 108 48500
123 0 108 20 108 48600
123 0 108 20 108 48700
123 0 108 20 108 48800
124 0 108 20 108 48900
124 0 108 20 108 49000
124 0 108 20 108 49100
125 0 108 20 108 49200
125 0 109 20 108 49300
125 0 109 20 108 49400
125 0 109 20 108 49500
125 0 110 20 108 49600
125 0 110 20 109 49700
125 0 111 20 109 49800
126 0 111 20 110 49900
1 0 0 0 0 0
1 0 0 0 1 100
2 0 0 0 2 200
2 0 0 1 2 300
2 0 0 1 2 400
2 0 0 1 2 500
2 0 0 1 3 600
2 0 0 1 3 700
2 0 0 1 3 800
3 0 0 1 3 900
4 0 0 1 3 1000
4 0 0 1 3 1100
4 0 0 1 3 1200
4 0 0 1 3 1300
6 0 0 1 3 1400
6 0 2 1 3 1500
6 0 2 1 4 1600
6 0 3 1 5 1700
6 0 4 1 6 1800
6 0 5 1 6 1900
6 0 6 1 8 2000
6 0 7 1 8 2100
6 0 9 1 9 2200
6 0 9 1 10 2300
6 0 9 1 12 2400
6 0 9 1 12 2500
7 0 9 1 12 2600
7 0 10 1 12 2700
7 0 11 1 13 2800
7 0 12 1 13 2900
7 0 12 1 15 3000
7 0 12 1 15 3100
7 0 12 1 15 3200
8 0 12 1 15 3300
8 0 12 1 15 3400
8 0 13 1 15 3500
8 0 13 1 16 3600
8 0 15 1 16 3700
8 0 16 1 17 3800
8 0 17 1 18 3900
8 0 17 1 19 4000
8 0 18 1 21 4100
9 0 19 1 21 4200
9 0 19 1 23 4300
9 0 19 1 23 4400
9 0 19 1 23 4500
10 0 19 1 23 4600
11 0 19 1 23 4700
11 0 19 1 23 4800
12 0 19 1 23 4900
13 0 19 1 24 5000
15 0 20 1 24 5100
16 0 20 1 24 5200
17 0 21 1 26 5300
19 0 22 1 26 5400
19 0 22 1 27 5500
21 0 22 1 28 5600
22 0 23 1 28 5700
23 0 23 1 29 5800
24 0 23 1 29 5900
25 0 24 1 31 6000
25 0 25 1 31 6100
26 0 25 1 33 6200
26 0 26 1 33 6300
28 0 27 1 34 6400
30 0 28 1 34 6500
30 0 28 1 36 6600
32 0 29 1 36 6700
35 0 30 1 38 6800
35 0 31 1 39 6900
36 0 31 1 39 7000
36 0 31 1 40 7100
36 0 31 1 40 7200
37 0 31 1 40 7300
37 0 31 1 40 7400
37 0 31 1 40 7500
37 0 31 1 40 7600
37 0 32 1 40 7700
37 0 32 1 40 7800
37 0 33 1 41 7900
37 0 33 1 42 8000
38 0 35 1 42 8100
38 0 36 1 42 8200
38 0 36 1 45 8300
40 0 37 1 45 8400
41 0 38 1 45 8500
41 0 38 1 46 8600
41 0 39 1 46 8700
42 0 40 3 46 8800
45 0 41 4 46 8900
45 0 42 4 46 9000
46 0 42 5 47 9100
47 0 42 6 47 9200
48 0 42 6 47 9300
48 0 42 7 47 9400
49 0 42 7 48 9500
49 0 43 7 48 9600
49 0 43 7 48 9700
49 0 43 7 49 9800
49 0 43 7 49 9900
49 0 43 7 49 10000
50 0 43 7 50 10100
50 0 43 7 50 10200
50 0 44 7 50 10300
51 0 44 7 51 10400
52 0 44 7 51 10500
54 0 44 7 51 10600
55 0 44 7 51 10700
57 0 44 7 51 10800
57 0 44 7 51 10900
57 0 44 7 51 11000
57 0 44 7 51 11100
59 0 44 7 51 11200
59 0 45 7 51 11300
59 0 45 7 51 11400
60 0 45 7 51 11500
60 0 46 8 51 11600
60 0 47 8 51 11700
60 0 47 8 52 11800
60 0 49 9 52 11900
60 0 49 9 53 12000
60 0 49 9 54 12100
61 0 49 9 54 12200
61 0 49 9 54 12300
61 0 49 9 54 12400
61 0 50 9 54 12500
61 0 50 9 54 12600
63 0 51 9 54 12700
64 0 51 10 54 12800
65 0 51 10 55 12900
65 0 51 10 55 13000
65 0 51 10 55 13100
65 0 51 10 55 13200
65 0 51 10 55 13300
65 0 51 10 55 13400
65 0 51 10 55 13500
65 0 51 10 56 13600
66 0 52 10 56 13700
66 0 52 10 56 13800
67 0 52 10 57 13900
68 0 54 10 57 14000
70 0 54 10 58 14100
71 0 55 10 58 14200
72 0 55 10 58 14300
74 0 56 10 59 14400
74 0 57 10 59 14500
75 0 57 10 60 14600
75 0 57 10 61 14700
75 0 57 10 61 14800
75 0 57 10 62 14900
75 0 58 10 62 15000
75 0 58 10 62 15100
75 0 58 10 63 15200
76 0 58 10 64 15300
76 0 58 10 64 15400
76 0 58 10 64 15500
76 0 58 10 64 15600
76 0 58 10 65 15700
77 0 58 10 65 15800
77 0 58 10 65 15900
78 0 58 10 67 16000
79 0 58 10 67 16100
79 0 58 10 67 16200
80 0 58 11 68 16300
80 0 58 11 68 16400
80 0 58 11 69 16500
80 0 59 12 69 16600
81 0 59 12 71 16700
82 0 59 12 71 16800
83 0 59 12 72 16900
83 0 60 12 72 17000
83 0 60 12 73 17100
83 0 61 12 73 17200
83 0 61 12 73 17300
84 0 62 13 73 17400
87 0 62 13 73 17500
89 0 62 13 73 17600
89 0 63 13 73 17700
89 0 63 13 73 17800
89 0 63 13 73 17900
89 0 63 13 73 18000
89 0 63 13 73 18100
89 0 64 13 73 18200
91 0 64 13 73 18300
91 0 64 13 74 18400
92 0 66 13 74 18500
92 0 66 13 76 18600
93 0 67 13 76 18700
93 0 67 13 76 18800
93 0 67 13 77 18900
93 0 67 13 77 19000
94 0 67 13 77 19100
94 0 69 13 77 19200
94 0 70 13 77 19300
94 0 71 13 79 19400
94 0 72 13 80 19500
94 0 72 13 81 19600
94 0 74 14 81 19700
94 0 74 14 81 19800
94 0 74 14 81 19900
94 0 75 16 81 20000
94 0 76 16 82 20100
94 0 76 16 82 20200
94 0 77 16 83 20300
94 0 77 16 84 20400
95 0 78 16 84 20500
95 0 78 16 85 20600
95 0 78 16 85 20700
95 0 78 16 85 20800
96 0 78 16 85 20900
96 0 78 16 85 21000
96 0 79 16 86 21100
96 0 80 16 86 21200
96 0 80 17 87 21300
97 0 81 17 87 21400
97 0 81 17 87 21500
97 0 81 18 87 21600
97 0 82 18 87 21700
97 0 82 18 87 21800
97 0 82 19 87 21900
97 0 82 19 87 22000
97 0 82 19 87 22100
97 0 82 19 87 22200
97 0 83 19 87 22300
97 0 84 19 87 22400
97 0 85 19 88 22500
98 0 85 19 89 22600
99 0 85 19 89 22700
100 0 85 19 89 22800
100 0 86 19 89 22900
100 0 86 19 89 23000
101 0 86 19 90 23100
101 0 87 19 90 23200
101 0 87 19 90 23300
101 0 87 19 90 23400
101 0 87 20 91 23500
102 0 87 20 91 23600
103 0 87 20 91 23700
103 0 87 20 91 23800
103 0 87 20 91 23900
103 0 87 20 91 24000
103 0 87 20 91 24100
103 0 87 20 91 24200
103 0 87 20 91 24300
105 0 87 20 91 24400
106 0 87 20 91 24500
106 0 88 20 91 24600
106 0 88 20 91 24700
106 0 89 20 92 24800
106 0 90 20 92 24900
107 0 90 20 93 25000
107 0 90 20 95 25100
108 0 91 20 95 25200
108 0 91 20 95 25300
108 0 91 20 96 25400
109 0 91 21 96 25500
110 0 91 21 96 25600
110 0 92 21 97 25700
110 0 92 21 97 25800
111 0 92 21 97 25900
112 0 92 22 97 26000
113 0 92 22 98 26100
113 0 92 22 98 26200
113 0 92 22 98 26300
113 0 92 22 98 26400
114 0 92 22 98 26500
114 0 92 22 98 26600
114 0 92 22 98 26700
114 0 92 22 98 26800
114 0 92 22 98 26900
114 0 92 22 98 27000
114 0 92 22 98 27100
114 0 92 22 98 27200
114 0 92 22 98 27300
114 0 92 22 98 27400
114 0 92 22 98 27500
114 0 92 22 98 27600
114 0 93 22 98 27700
114 0 93 22 98 27800
115 0 93 22 99 27900
115 0 94 22 99 28000
115 0 94 22 99 28100
115 0 94 22 100 28200
115 0 94 22 100 28300
115 0 94 22 100 28400
115 0 94 22 100 28500
115 0 94 22 100 28600
115 0 95 22 100 28700
115 0 95 22 100 28800
115 0 95 22 101 28900
116 0 95 22 101 29000
117 0 95 22 101 29100
117 0 96 22 101 29200
117 0 96 22 102 29300
117 0 97 22 102 29400
117 0 97 22 103 29500
117 0 98 22 103 29600
118 0 98 22 104 29700
118 0 98 22 104 29800
118 0 98 22 104 29900
119 0 98 22 104 30000
119 0 98 22 104 30100
120 0 98 22 104 30200
120 0 98 22 104 30300
120 0 98 22 104 30400
120 0 98 22 104 30500
121 0 98 22 104 30600
121 0 98 22 104 30700
121 0 98 22 104 30800
121 0 98 22 104 30900
121 0 98 22 104 31000
121 0 98 22 104 31100
121 0 98 22 104 31200
121 0 98 22 104 31300
121 0 98 22 105 31400
121 0 99 22 105 31500
121 0 99 22 105 31600
121 0 99 22 106 31700
121 0 99 22 106 31800
121 0 99 22 106 31900
121 0 99 22 106 32000
121 0 99 22 106 32100
121 0 99 22 106 32200
121 0 100 22 106 32300
121 0 100 22 106 32400
121 0 100 22 107 32500
121 0 100 22 107 32600
121 0 101 22 107 32700
121 0 102 22 108 32800
121 0 102 22 108 32900
121 0 102 22 108 33000
121 0 102 23 108 33100
121 0 102 23 108 33200
122 0 102 23 108 33300
122 0 102 23 108 33400
122 0 102 23 108 33500
122 0 102 23 108 33600
122 0 102 23 108 33700
123 0 102 23 108 33800
123 0 103 23 108 33900
123 0 103 23 109 34000
123 0 103 23 109 34100
123 0 103 23 109 34200
123 0 103 23 109 34300
123 0 103 23 109 34400
123 0 103 23 109 34500
123 0 103 23 109 34600
123 0 103 23 109 34700
123 0 103 23 109 34800
123 0 103 23 109 34900
123 0 103 23 109 35000
123 0 103 23 109 35100
123 0 103 23 109 35200
124 0 103 23 109 35300
124 0 103 23 109 35400
124 0 103 23 109 35500
124 0 103 23 109 35600
124 0 103 23 109 35700
124 0 103 23 109 35800
124 0 104 23 109 35900
124 0 105 23 109 36000
124 0 105 24 109 36100
124 0 106 25 110 36200
125 0 106 25 110 36300
125 0 106 25 111 36400
125 0 106 25 111 36500
125 0 106 25 111 36600
125 0 106 25 111 36700
126 0 106 25 111 36800
126 0 107 25 111 36900
126 0 107 25 111 37000
126 0 108 25 112 37100
126 0 108 25 112 37200
127 0 108 26 112 37300
127 0 109 26 112 37400
127 0 109 26 112 37500
127 0 109 26 114 37600
127 0 109 26 114 37700
127 0 109 27 115 37800
128 0 111 27 115 37900
128 0 111 27 115 38000
128 0 111 28 117 38100
128 0 113 28 117 38200
128 0 113 28 117 38300
128 0 113 30 118 38400
128 0 113 30 118 38500
128 0 114 30 118 38600
128 0 114 31 118 38700
128 0 114 31 118 38800
128 0 114 31 118 38900
128 0 114 31 119 39000
128 0 114 31 119 39100
128 0 114 31 119 39200
128 0 114 31 119 39300
128 0 114 31 119 39400
128 0 114 31 119 39500
128 0 114 31 119 39600
128 0 114 31 119 39700
128 0 114 31 119 39800
128 0 114 31 119 39900
128 0 114 31 119 40000
128 0 114 31 119 40100
128 0 114 31 119 40200
128 0 114 31 119 40300
128 0 114 31 119 40400
129 0 114 31 119 40500
129 0 114 31 119 40600
129 0 114 31 119 40700
129 0 115 31 119 40800
129 0 115 31 119 40900
129 0 115 31 119 41000
129 0 116 32 119 41100
129 0 117 32 119 41200
130 0 117 33 120 41300
130 0 117 33 121 41400
130 0 117 33 121 41500
131 0 118 33 121 41600
131 0 118 33 123 41700
131 0 120 33 123 41800
131 0 120 33 123 41900
131 0 120 33 125 42000
131 0 120 33 125 42100
131 0 120 33 125 42200
131 0 120 33 125 42300
132 0 120 33 125 42400
132 0 120 33 126 42500
132 0 121 33 126 42600
132 0 121 33 126 42700
132 0 121 33 128 42800
132 0 121 33 128 42900
132 0 121 33 129 43000
132 0 122 33 129 43100
134 0 122 33 129 43200
135 0 122 33 129 43300
136 0 122 34 129 43400
136 0 122 34 129 43500
136 0 122 34 130 43600
136 0 122 34 130 43700
136 0 122 34 130 43800
136 0 122 34 130 43900
136 0 122 34 130 44000
136 0 122 34 130 44100
136 0 122 34 130 44200
136 0 122 34 130 44300
136 0 123 34 130 44400
136 0 124 34 130 44500
137 0 124 34 131 44600
137 0 124 34 132 44700
137 0 124 34 133 44800
137 0 124 34 133 44900
137 0 124 34 133 45000
137 0 124 34 133 45100
137 0 124 34 133 45200
137 0 124 34 133 45300
137 0 124 34 133 45400
137 0 124 34 133 45500
138 0 124 34 133 45600
138 0 124 34 133 45700
139 0 124 34 133 45800
139 0 125 34 133 45900
139 0 125 34 133 46000
139 0 125 34 134 46100
139 0 125 34 134 46200
140 0 125 34 134 46300
140 0 126 34 134 46400
140 0 127 34 134 46500
140 0 127 34 134 46600
140 0 127 34 135 46700
141 0 128 34 135 46800
141 0 129 34 135 46900
141 0 129 34 136 47000
141 0 129 34 137 47100
142 0 130 34 137 47200
142 0 130 34 138 47300
142 0 130 34 138 47400
142 0 130 34 138 47500
142 0 130 34 138 47600
142 0 130 34 138 47700
142 0 130 34 138 47800
142 0 130 34 138 47900
142 0 130 34 138 48000
142 0 130 34 138 48100
142 0 130 34 138 48200
142 0 130 34 138 48300
142 0 131 34 138 48400
142 0 131 34 138 48500
142 0 132 35 138 48600
142 0 132 35 139 48700
142 0 133 35 139 48800
142 0 133 35 139 48900
142 0 133 35 140 49000
142 0 133 35 140 49100
142 0 133 35 140 49200
142 0 133 35 140 49300
142 0 133 35 140 49400
142 0 133 35 140 49500
142 0 133 35 140 49600
142 0 133 35 140 49700
142 0 134 35 140 49800
142 0 134 35 140 49900
