0 818 0 0 1380992 795 1711769 49900
0 0 0 0 0 49900
242.3541047133356 246.83339661062269 2805 2.315650697641248 323.777542170501
0 855 0 0 1377200 825 1693632 49900
0 0 0 0 0 49900
205.23347431537158 243.4755721874026 2751 2.2730020760818785 394.6279888384937
0 833 0 0 1377221 809 1677117 49900
0 0 0 0 0 49900
196.2495876396677 263.5518513123769 2730 2.2605255356837146 360.90129220232467
0 785 0 0 1384859 762 1697669 49900
0 0 0 0 0 49900
241.5321734338985 257.0656383437414 2808 2.513988131674875 376.5723792350963
0 807 0 0 1382814 775 1699344 49900
0 0 0 0 0 49900
210.1975993577742 226.46967417917764 2780 2.2893504991301104 376.6929839477456
0 791 0 0 1385745 770 1710223 49900
0 0 0 0 0 49900
214.00214712551912 289.34015683476343 2820 2.4314043658398896 346.908727623476
0 997 0 0 1376223 983 1675915 49900
0 0 0 0 0 49900
204.98421826305983 181.7328544709286 2713 2.20775722676154 346.4895526593289
0 760 0 0 1371506 724 1669090 49900
0 0 0 0 0 49900
216.34849294070276 318.360582635597 2760 2.3299494614710183 368.46620925321133
