0 361 0 0 1395935 114002 1879506 49900
0 0 0 0 0 49900
323.1657748878781 218.65779558390096 3024 12.369280126911786 586.4470717616647
0 372 0 0 1399282 99910 1885127 49900
0 0 0 0 0 49900
301.0671428053028 271.8043846458789 3075 11.56491879664816 600.3098193564083
0 314 0 0 1398094 120611 1874925 49900
0 0 0 0 0 49900
287.76741954114834 204.85773439590056 3029 12.407732840900342 585.0578970436582
0 374 0 0 1402528 114764 1909005 49900
0 0 0 0 0 49900
331.79084917768904 267.0055866730092 3131 11.61933419696985 548.9204043650683
0 259 0 0 1404448 123549 1936394 49900
0 0 0 0 0 49900
395.31514733637385 247.70328075180097 3190 12.146159027684275 578.5067916897658
0 316 0 0 1389033 118412 1870652 49900
0 0 0 0 0 49900
311.057106659405 200.9890383741988 3109 12.502232605155008 592.3624291312314
0 300 0 0 1387874 101444 1854216 49900
0 0 0 0 0 49900
319.74344571091893 258.45843249097834 3070 11.877536713474987 599.0469083969476
0 396 0 0 1394678 121328 1883478 49900
0 0 0 0 0 49900
285.8093946041294 225.13026549775768 3056 12.181954263796463 555.7019720592339
