62 221 0 0 1399109 32369 1810133 49900
145 48 75 0 0 49900
339.51153132732696 229.84213800607932 2987 7.573474686447404 569.3646352914907
70 219 0 0 1386813 26575 1774414 49900
145 50 53 0 0 49900
280.09287557458396 241.05778488418113 2973 7.270871432360141 538.0822008502813
42 151 0 0 1393764 29731 1809648 49900
116 33 43 0 0 49900
298.1519837987826 244.13370893598355 3017 7.93856858285609 568.5028145482514
51 163 0 0 1384675 30874 1765826 49900
100 46 35 0 0 49900
275.51496466568483 224.17935659646173 2920 7.906673396295116 539.8011174496326
68 171 0 0 1390395 26649 1786008 49900
120 49 38 0 0 49900
265.43128787561653 262.2327550417422 2952 7.867374361416073 552.3966075096932
66 205 0 0 1388183 30396 1786597 49900
146 52 50 0 0 49900
266.0948562567551 292.66292559821244 2966 7.954889087159304 520.7343214682845
81 246 0 0 1376492 25817 1735658 49900
140 61 58 0 0 49900
279.1593834701426 257.2077448863195 2822 6.725577080258063 502.45687283740085
52 179 0 0 1393153 29833 1791969 49900
127 39 47 0 0 49900
309.49424742047466 258.4804898109722 2980 8.02819209804337 546.7431827002285
