0 211 211 0 1410723 125253 1968661 49900
139 0 116 24 136 49900
487.959218580377 234.0120317799249 3218 12.688733305829244 578.7120008959536
0 208 208 0 1390042 109789 1865810 49900
127 0 132 22 148 49900
334.79313106440065 195.2415685440719 3046 11.432998814827915 592.1076658009653
0 212 212 0 1388673 120846 1881834 49900
132 0 130 34 117 49900
336.56172082403674 195.9001275210806 3065 11.80474766406446 624.8778156486127
0 213 213 0 1397106 124876 1902420 49900
117 0 144 30 152 49900
298.6569926340258 203.80190868297868 3064 12.555453921187214 578.300388830102
0 253 253 0 1395137 117658 1888181 49900
126 0 178 31 163 49900
304.2125189012831 180.8219689972615 3041 12.072995687570959 557.9424874542464
0 192 192 0 1410664 125059 1951715 49900
113 0 121 27 127 49900
370.7203305577691 190.1862060438289 3177 12.685632935150792 603.8496439896581
0 229 229 0 1398182 129196 1919727 49900
134 0 154 42 138 49900
315.8362197304951 192.39653074624036 3150 12.030094247172263 574.3708243739658
0 174 174 0 1404861 124274 1938117 49900
116 0 124 25 105 49900
402.8924819764674 211.6606757943641 3139 12.12391876916381 581.142056213648
