2 0 0 0 0 0
2 0 0 0 0 100
3 0 0 0 1 200
3 0 0 1 1 300
3 0 0 1 1 400
3 0 0 2 1 500
4 0 0 2 1 600
4 0 0 2 1 700
4 0 0 2 1 800
4 0 0 2 1 900
4 0 0 3 1 1000
6 0 0 3 1 1100
6 0 0 3 1 1200
6 0 0 4 1 1300
6 0 0 4 1 1400
7 0 0 4 1 1500
7 0 0 4 1 1600
8 0 0 4 1 1700
9 0 0 4 1 1800
10 0 0 4 1 1900
11 0 0 4 1 2000
11 0 0 4 1 2100
11 0 0 4 1 2200
12 0 0 4 1 2300
12 0 0 4 1 2400
13 0 0 4 1 2500
14 0 0 4 1 2600
16 0 1 4 1 2700
16 0 1 4 1 2800
16 0 1 5 1 2900
16 0 1 7 1 3000
16 0 1 7 1 3100
16 0 1 7 1 3200
16 0 1 8 1 3300
18 0 1 8 1 3400
19 0 1 8 1 3500
20 0 1 8 1 3600
21 0 1 9 1 3700
23 0 1 9 1 3800
25 0 1 9 1 3900
27 0 1 9 1 4000
30 0 1 9 1 4100
33 0 1 9 1 4200
33 0 2 9 1 4300
35 0 2 9 1 4400
39 0 2 10 1 4500
40 0 2 10 1 4600
44 0 2 10 1 4700
52 0 2 10 1 4800
58 0 2 10 1 4900
62 0 2 10 1 5000
66 0 2 10 1 5100
70 0 2 10 1 5200
74 0 2 10 1 5300
75 0 3 10 1 5400
76 0 3 10 1 5500
77 0 3 10 1 5600
78 0 3 10 1 5700
80 0 3 10 1 5800
82 0 3 10 1 5900
83 0 3 10 1 6000
84 0 3 10 1 6100
86 0 3 10 1 6200
88 0 3 10 1 6300
89 0 3 10 1 6400
92 0 3 10 1 6500
94 0 3 10 1 6600
96 0 3 10 1 6700
100 0 3 10 1 6800
104 0 3 10 1 6900
106 0 3 10 1 7000
108 0 3 10 1 7100
109 0 3 10 1 7200
111 0 3 10 1 7300
112 0 3 10 1 7400
113 0 3 10 1 7500
114 0 3 10 1 7600
115 0 3 10 1 7700
115 0 3 10 1 7800
117 0 3 10 1 7900
119 0 3 10 1 8000
122 0 3 10 1 8100
123 0 3 10 1 8200
125 0 3 10 1 8300
127 0 4 10 1 8400
129 0 4 10 1 8500
132 0 4 10 1 8600
135 0 4 11 1 8700
138 0 4 11 1 8800
142 0 4 11 1 8900
146 0 4 11 1 9000
150 0 4 11 1 9100
152 0 5 11 1 9200
153 0 5 11 1 9300
156 0 5 12 1 9400
156 0 5 12 1 9500
157 0 5 12 1 9600
158 0 5 12 1 9700
159 0 5 12 1 9800
161 0 5 12 1 9900
164 0 5 12 1 10000
166 0 5 12 1 10100
168 0 5 13 1 10200
169 0 5 13 1 10300
170 0 5 13 1 10400
172 0 5 13 1 10500
174 0 5 13 1 10600
176 0 5 13 1 10700
179 0 5 13 1 10800
181 0 5 13 1 10900
185 0 5 13 1 11000
189 0 5 14 1 11100
191 0 5 14 1 11200
193 0 5 14 1 11300
195 0 5 14 1 11400
196 0 6 14 1 11500
198 0 6 14 1 11600
199 0 6 14 2 11700
200 0 6 14 2 11800
202 0 6 14 2 11900
204 0 6 15 2 12000
205 0 6 15 2 12100
206 0 6 15 2 12200
207 0 6 15 2 12300
209 0 6 15 2 12400
210 0 6 15 2 12500
211 0 6 15 2 12600
214 0 6 15 2 12700
216 0 6 15 2 12800
217 0 6 15 2 12900
219 0 6 15 2 13000
221 0 7 15 2 13100
222 0 7 15 2 13200
222 0 7 15 2 13300
222 0 7 15 2 13400
222 0 7 15 2 13500
222 0 7 15 2 13600
222 0 7 15 2 13700
222 0 7 15 2 13800
222 0 7 15 2 13900
222 0 7 15 2 14000
222 0 7 15 2 14100
222 0 7 15 2 14200
225 0 7 15 2 14300
225 0 7 15 2 14400
226 0 7 15 2 14500
226 0 7 15 2 14600
226 0 7 15 2 14700
226 0 7 15 2 14800
226 0 7 15 2 14900
226 0 7 15 2 15000
227 0 7 15 2 15100
228 0 7 15 2 15200
229 0 7 15 2 15300
232 0 7 15 2 15400
239 0 7 15 2 15500
243 0 7 15 2 15600
246 0 7 15 2 15700
247 0 7 15 2 15800
249 0 7 15 2 15900
250 0 7 15 2 16000
250 0 7 15 2 16100
250 0 7 15 2 16200
251 0 7 15 2 16300
251 0 7 15 2 16400
252 0 7 15 2 16500
253 0 7 15 2 16600
254 0 7 15 2 16700
255 0 7 15 2 16800
255 0 7 15 2 16900
255 0 7 15 2 17000
255 0 7 15 2 17100
256 0 7 15 2 17200
256 0 7 15 2 17300
257 0 7 15 2 17400
259 0 7 15 2 17500
261 0 7 15 2 17600
263 0 7 15 2 17700
265 0 7 15 2 17800
267 0 7 15 2 17900
268 0 7 15 2 18000
270 0 7 15 2 18100
270 0 7 15 2 18200
270 0 7 15 2 18300
270 0 7 15 2 18400
271 0 7 15 2 18500
271 0 7 15 2 18600
271 0 7 15 2 18700
271 0 7 15 2 18800
271 0 7 15 2 18900
271 0 7 15 2 19000
271 0 7 15 2 19100
271 0 7 15 2 19200
271 0 7 15 2 19300
271 0 7 15 2 19400
271 0 7 15 2 19500
271 0 7 15 2 19600
271 0 7 16 2 19700
272 0 7 16 2 19800
273 0 7 16 2 19900
273 0 7 16 2 20000
273 0 7 16 2 20100
273 0 7 16 2 20200
274 0 7 16 2 20300
274 0 7 16 2 20400
275 0 7 16 2 20500
279 0 7 16 2 20600
281 0 8 16 2 20700
283 0 8 16 2 20800
284 0 8 16 2 20900
286 0 8 17 2 21000
286 0 8 17 2 21100
288 0 8 17 2 21200
291 0 8 17 2 21300
293 0 8 17 2 21400
294 1 8 17 2 21500
296 2 8 17 2 21600
301 2 8 17 2 21700
302 2 8 17 2 21800
304 2 9 17 2 21900
305 2 9 17 2 22000
305 2 9 18 3 22100
305 2 9 18 3 22200
305 2 9 18 3 22300
305 2 9 18 3 22400
306 2 9 18 3 22500
306 2 9 18 3 22600
306 2 9 18 3 22700
307 2 9 18 3 22800
308 2 9 18 3 22900
308 2 9 18 3 23000
309 2 10 18 3 23100
311 2 10 18 3 23200
312 2 10 18 4 23300
313 2 10 18 4 23400
315 2 10 18 4 23500
316 2 10 18 4 23600
318 2 10 18 4 23700
319 2 10 18 4 23800
320 2 10 18 4 23900
321 2 10 19 4 24000
321 2 10 19 4 24100
321 2 10 19 4 24200
321 2 10 19 4 24300
321 2 10 19 4 24400
321 2 10 19 4 24500
322 2 10 19 4 24600
324 2 10 19 4 24700
325 2 10 19 4 24800
326 2 10 19 4 24900
328 2 10 19 4 25000
329 2 10 19 4 25100
331 2 10 19 4 25200
332 2 10 19 4 25300
334 2 10 19 4 25400
335 2 10 19 4 25500
337 2 10 20 4 25600
340 2 10 20 4 25700
341 2 10 20 4 25800
342 2 10 20 5 25900
345 2 10 20 5 26000
350 2 10 20 5 26100
352 2 10 20 5 26200
355 2 10 20 6 26300
360 2 10 20 6 26400
365 2 10 20 6 26500
366 2 10 20 6 26600
366 2 10 20 6 26700
367 2 10 20 6 26800
368 2 10 20 7 26900
369 2 10 20 7 27000
369 2 10 20 7 27100
369 2 10 20 7 27200
370 2 10 20 7 27300
371 2 11 20 7 27400
372 2 12 20 7 27500
374 2 12 20 7 27600
375 2 12 21 8 27700
377 2 12 21 8 27800
379 2 13 21 8 27900
382 2 13 21 8 28000
386 2 13 21 8 28100
388 2 13 22 8 28200
390 2 13 22 8 28300
391 2 13 22 8 28400
391 2 13 22 8 28500
392 2 13 22 8 28600
394 2 13 22 8 28700
397 2 13 22 8 28800
399 2 13 22 8 28900
399 2 14 22 8 29000
400 3 14 22 8 29100
401 3 14 23 8 29200
401 3 14 23 8 29300
401 3 14 23 8 29400
403 3 14 23 8 29500
404 3 14 23 8 29600
404 3 14 23 8 29700
404 3 14 23 8 29800
404 3 14 24 8 29900
406 3 14 24 8 30000
409 3 14 25 8 30100
409 3 14 25 8 30200
409 3 14 25 8 30300
410 3 14 25 8 30400
410 3 14 25 8 30500
412 3 14 25 8 30600
413 3 14 25 8 30700
414 3 14 25 8 30800
417 3 14 25 8 30900
419 3 14 25 8 31000
419 3 14 25 8 31100
419 3 14 25 8 31200
419 3 14 25 8 31300
421 3 14 25 8 31400
424 3 14 25 8 31500
426 3 14 25 8 31600
429 3 14 25 8 31700
432 3 14 25 8 31800
433 3 14 25 8 31900
434 3 14 25 8 32000
434 3 14 25 8 32100
436 3 15 26 8 32200
440 3 15 26 8 32300
442 3 16 26 8 32400
444 3 16 26 8 32500
446 3 16 26 8 32600
448 3 16 26 8 32700
450 3 16 26 8 32800
451 3 16 26 8 32900
452 3 16 26 8 33000
454 3 16 26 8 33100
456 3 16 26 8 33200
458 3 16 26 8 33300
460 3 16 26 8 33400
463 3 16 26 8 33500
465 3 16 26 8 33600
466 3 16 26 8 33700
467 3 16 26 8 33800
467 3 16 26 8 33900
467 3 16 26 8 34000
468 3 16 26 8 34100
469 3 16 26 8 34200
469 3 16 26 8 34300
470 3 16 27 8 34400
471 3 16 27 8 34500
473 3 16 27 8 34600
474 4 16 27 8 34700
475 4 16 27 8 34800
477 4 16 27 8 34900
478 4 16 27 8 35000
479 4 16 27 8 35100
481 4 16 27 8 35200
481 4 16 28 8 35300
481 4 16 28 8 35400
482 4 16 28 8 35500
484 4 16 28 8 35600
485 4 16 28 8 35700
486 4 16 28 8 35800
488 4 16 28 8 35900
488 4 16 28 8 36000
490 4 16 28 8 36100
492 4 16 28 8 36200
495 4 17 29 8 36300
498 4 17 29 8 36400
499 4 17 30 8 36500
499 4 17 30 8 36600
499 4 17 30 8 36700
499 4 17 30 8 36800
499 4 17 30 8 36900
501 4 17 30 8 37000
501 4 17 30 8 37100
503 4 17 30 8 37200
503 4 17 30 8 37300
505 4 17 30 8 37400
507 4 17 30 8 37500
508 4 17 30 8 37600
508 4 17 30 8 37700
509 4 17 30 8 37800
510 4 17 30 8 37900
511 4 17 30 8 38000
511 4 17 30 8 38100
512 4 17 30 8 38200
513 4 18 31 8 38300
513 4 19 31 8 38400
514 4 19 31 8 38500
514 4 19 32 8 38600
515 4 19 33 8 38700
516 4 19 33 8 38800
517 4 19 33 8 38900
518 4 19 33 8 39000
518 4 19 33 8 39100
519 4 19 33 8 39200
519 4 20 33 8 39300
520 4 20 33 8 39400
521 4 20 33 8 39500
522 4 20 34 8 39600
523 4 20 34 8 39700
523 4 21 34 8 39800
523 4 21 34 8 39900
524 4 21 34 8 40000
526 4 21 34 8 40100
526 4 21 34 8 40200
526 4 21 34 8 40300
526 4 21 34 8 40400
527 4 21 34 8 40500
528 4 21 34 8 40600
529 4 21 34 8 40700
529 4 21 34 8 40800
530 4 21 34 8 40900
530 4 21 34 8 41000
530 4 21 34 8 41100
531 4 21 34 8 41200
531 4 21 34 9 41300
532 4 21 34 9 41400
532 4 21 34 9 41500
534 4 21 34 9 41600
537 4 21 34 9 41700
537 4 21 34 9 41800
537 4 21 34 9 41900
537 4 21 35 9 42000
538 4 21 35 9 42100
539 4 21 35 9 42200
539 4 21 35 9 42300
540 4 21 35 9 42400
542 4 21 35 9 42500
543 4 21 35 9 42600
544 4 21 35 9 42700
546 4 21 35 9 42800
547 4 21 35 9 42900
547 4 21 35 9 43000
549 4 21 35 9 43100
550 4 21 35 9 43200
551 4 21 35 9 43300
552 4 21 35 9 43400
554 4 21 35 9 43500
556 4 21 35 9 43600
557 4 21 35 9 43700
557 4 21 35 9 43800
559 4 21 35 9 43900
561 4 21 35 9 44000
564 4 21 35 9 44100
567 4 22 35 9 44200
568 4 22 35 9 44300
571 4 23 35 10 44400
572 4 23 35 10 44500
573 4 23 35 10 44600
574 4 23 36 10 44700
574 4 23 36 11 44800
575 4 23 36 11 44900
577 4 23 36 11 45000
579 4 23 36 11 45100
579 4 23 36 11 45200
581 4 23 36 11 45300
582 4 23 36 11 45400
582 4 23 36 11 45500
582 4 23 36 11 45600
582 4 23 37 11 45700
582 4 23 37 11 45800
582 4 23 37 11 45900
582 4 23 37 11 46000
582 4 23 37 11 46100
582 4 23 37 11 46200
582 4 23 37 11 46300
583 4 23 37 11 46400
584 4 23 37 11 46500
584 4 23 37 11 46600
584 4 23 37 11 46700
584 4 23 37 11 46800
584 4 23 37 11 46900
586 4 23 37 11 47000
588 4 23 37 11 47100
591 4 23 37 11 47200
593 4 23 37 11 47300
595 4 23 37 11 47400
596 4 23 37 11 47500
597 4 23 37 11 47600
598 4 23 37 11 47700
599 4 23 37 11 47800
600 4 23 37 11 47900
602 4 23 37 11 48000
607 4 23 37 11 48100
609 4 23 37 11 48200
611 4 23 37 11 48300
612 4 23 37 11 48400
613 4 23 37 11 48500
616 4 23 37 11 48600
617 4 23 37 11 48700
619 4 23 37 11 48800
621 4 24 37 11 48900
622 4 24 37 11 49000
624 4 24 37 11 49100
625 4 24 38 11 49200
625 4 24 38 11 49300
627 4 24 38 11 49400
629 4 24 38 11 49500
630 4 24 38 11 49600
631 5 24 38 11 49700
631 5 24 38 11 49800
631 5 24 38 11 49900
632 5 24 38 11 50000
632 5 24 39 11 50100
632 5 24 39 11 50200
632 5 24 39 11 50300
632 5 24 39 11 50400
633 5 24 39 11 50500
633 5 24 39 11 50600
635 5 24 39 11 50700
637 5 24 39 11 50800
639 5 25 39 11 50900
640 5 25 39 11 51000
640 5 25 40 11 51100
640 5 25 40 11 51200
640 5 25 40 11 51300
640 5 25 40 11 51400
641 5 25 40 11 51500
641 5 25 40 11 51600
642 5 25 40 11 51700
643 5 25 40 11 51800
643 5 25 40 11 51900
643 5 25 40 11 52000
644 5 25 40 11 52100
644 5 25 41 11 52200
644 5 26 41 11 52300
644 5 26 41 11 52400
644 5 26 41 11 52500
644 5 26 42 11 52600
644 5 26 42 11 52700
644 5 26 42 11 52800
644 5 26 42 11 52900
644 5 26 42 11 53000
644 5 26 42 11 53100
644 5 26 42 11 53200
644 5 26 42 11 53300
645 5 26 42 11 53400
647 5 26 42 11 53500
648 5 26 42 11 53600
649 5 26 42 11 53700
649 5 27 42 11 53800
649 5 27 42 12 53900
649 5 27 42 12 54000
650 5 27 42 12 54100
651 5 27 42 12 54200
652 5 27 42 12 54300
652 5 27 42 12 54400
655 5 27 42 12 54500
658 5 27 42 12 54600
661 5 27 42 12 54700
664 5 27 42 12 54800
667 5 27 42 12 54900
669 5 27 42 12 55000
670 5 27 42 12 55100
671 5 27 42 12 55200
672 5 27 42 12 55300
673 5 27 42 12 55400
674 5 27 42 12 55500
675 5 27 42 12 55600
676 5 27 42 12 55700
676 5 27 42 12 55800
678 5 27 42 12 55900
681 5 27 42 12 56000
681 5 27 42 12 56100
681 5 27 42 12 56200
682 5 27 42 12 56300
682 5 27 42 12 56400
683 5 27 42 12 56500
683 6 27 42 12 56600
684 6 27 42 12 56700
684 6 27 42 12 56800
684 6 27 42 12 56900
685 6 27 42 12 57000
686 6 27 42 12 57100
687 6 27 42 12 57200
687 6 27 42 12 57300
687 6 27 42 12 57400
687 6 27 42 12 57500
687 6 27 42 12 57600
687 6 27 42 12 57700
687 6 27 42 12 57800
687 6 27 42 12 57900
687 6 27 42 12 58000
687 6 27 42 12 58100
687 6 27 42 12 58200
687 6 27 42 12 58300
687 6 28 42 12 58400
687 6 28 42 13 58500
688 6 28 42 13 58600
689 6 28 42 13 58700
690 6 28 42 13 58800
691 6 28 42 13 58900
692 6 28 42 13 59000
694 6 28 42 13 59100
694 7 28 42 13 59200
694 7 28 42 13 59300
695 7 28 42 13 59400
696 7 28 42 13 59500
696 7 28 42 13 59600
696 7 28 42 13 59700
696 7 28 42 13 59800
696 7 28 42 13 59900
