5 0 0 0 0 0
5 0 0 0 0 100
7 0 0 1 1 200
9 0 0 2 1 300
9 0 0 3 1 400
9 0 0 4 1 500
10 0 0 5 1 600
10 0 0 5 1 700
11 0 0 6 1 800
12 0 0 6 1 900
13 0 0 6 2 1000
14 0 0 6 2 1100
17 0 0 6 2 1200
21 0 0 6 2 1300
24 0 0 6 2 1400
25 0 0 6 2 1500
27 0 0 6 2 1600
31 0 1 6 2 1700
33 0 1 6 3 1800
39 0 1 6 3 1900
46 0 1 6 3 2000
54 0 2 6 3 2100
60 0 2 6 3 2200
65 0 2 7 3 2300
68 0 3 7 3 2400
68 0 3 8 3 2500
71 0 3 8 3 2600
75 0 3 9 3 2700
78 0 4 10 3 2800
83 0 4 10 3 2900
86 0 4 11 3 3000
91 0 4 12 3 3100
96 0 5 12 3 3200
101 0 5 12 3 3300
108 0 5 12 3 3400
113 0 7 12 3 3500
116 0 7 12 3 3600
119 0 9 12 3 3700
123 0 9 13 3 3800
125 0 9 13 4 3900
131 0 9 13 4 4000
135 0 10 13 4 4100
139 0 10 13 4 4200
143 0 10 13 4 4300
148 0 10 14 4 4400
151 0 10 14 4 4500
153 0 10 14 4 4600
156 0 10 14 4 4700
158 0 10 14 4 4800
161 0 11 14 5 4900
164 0 12 15 5 5000
170 0 12 15 5 5100
180 0 12 17 5 5200
185 0 12 18 5 5300
192 0 12 18 5 5400
197 0 12 19 5 5500
205 0 12 19 5 5600
208 0 12 20 6 5700
212 0 12 20 6 5800
216 0 12 20 6 5900
223 0 12 20 6 6000
228 0 15 20 6 6100
233 0 15 20 6 6200
237 0 15 21 6 6300
240 0 15 21 7 6400
244 0 15 21 7 6500
248 0 15 21 8 6600
253 0 15 21 8 6700
257 0 15 21 8 6800
263 0 15 21 8 6900
267 0 15 21 8 7000
270 0 15 21 8 7100
271 0 16 21 8 7200
275 0 16 21 8 7300
277 0 16 21 8 7400
279 0 16 22 8 7500
283 0 16 22 8 7600
288 0 16 22 8 7700
293 0 16 22 8 7800
296 0 16 22 8 7900
298 0 16 22 8 8000
300 0 16 22 8 8100
302 0 16 22 8 8200
304 0 16 22 8 8300
304 0 16 22 8 8400
306 0 16 22 8 8500
308 0 16 22 8 8600
309 0 17 23 8 8700
310 0 17 23 8 8800
312 0 17 23 8 8900
314 0 17 23 8 9000
318 0 17 23 8 9100
323 0 17 23 8 9200
327 0 17 23 8 9300
327 0 18 23 8 9400
329 0 18 23 8 9500
331 0 18 23 8 9600
335 0 18 23 8 9700
339 0 18 23 8 9800
343 0 19 23 8 9900
346 0 19 23 8 10000
349 0 19 25 8 10100
353 0 19 26 8 10200
356 0 19 26 8 10300
358 0 19 26 8 10400
362 0 19 26 8 10500
363 0 20 26 8 10600
365 0 21 26 8 10700
366 0 21 26 8 10800
367 0 21 26 9 10900
369 0 21 26 9 11000
372 0 21 26 9 11100
375 0 21 26 9 11200
376 0 21 26 9 11300
379 0 21 26 10 11400
383 0 21 26 10 11500
386 0 21 26 10 11600
389 0 21 26 10 11700
391 0 21 26 10 11800
394 0 22 26 10 11900
398 0 23 27 10 12000
402 0 23 29 10 12100
406 0 23 30 10 12200
410 0 23 30 10 12300
414 0 23 30 10 12400
418 0 24 30 10 12500
425 0 24 30 11 12600
430 0 24 30 11 12700
435 0 25 30 11 12800
438 0 26 30 11 12900
439 0 27 31 11 13000
440 0 27 32 12 13100
442 0 27 32 12 13200
443 0 27 32 12 13300
448 0 27 32 12 13400
448 0 27 33 12 13500
449 0 27 33 12 13600
453 0 27 33 12 13700
455 0 27 33 12 13800
458 0 27 33 12 13900
460 0 27 33 12 14000
463 0 27 33 12 14100
465 0 27 34 12 14200
467 0 27 34 12 14300
469 0 27 34 12 14400
471 0 27 34 12 14500
474 0 27 34 12 14600
479 0 27 34 12 14700
481 0 27 34 12 14800
485 0 27 34 12 14900
487 0 27 34 12 15000
490 0 27 34 12 15100
492 0 27 34 12 15200
493 0 27 34 12 15300
495 0 27 34 12 15400
498 0 27 34 12 15500
501 0 27 34 12 15600
503 0 27 34 12 15700
506 0 27 34 12 15800
509 0 27 34 12 15900
513 0 27 34 12 16000
518 0 27 34 12 16100
520 0 27 34 12 16200
521 0 27 35 12 16300
522 0 27 35 12 16400
523 0 27 35 12 16500
529 0 27 35 12 16600
534 0 27 35 12 16700
538 0 27 35 12 16800
541 0 27 35 12 16900
544 0 27 35 12 17000
547 0 27 35 12 17100
550 0 27 35 12 17200
555 0 27 35 12 17300
559 0 27 35 12 17400
563 0 28 35 12 17500
566 0 28 35 12 17600
571 0 28 35 12 17700
575 0 28 35 12 17800
578 0 28 35 12 17900
580 0 29 35 12 18000
582 0 29 35 12 18100
587 0 29 36 13 18200
590 0 29 36 13 18300
594 0 29 36 13 18400
599 0 29 37 14 18500
601 0 29 37 14 18600
604 0 29 37 14 18700
606 0 29 37 14 18800
608 0 29 37 14 18900
610 0 30 38 14 19000
613 0 30 38 15 19100
617 0 30 38 15 19200
620 0 30 38 15 19300
621 1 31 38 15 19400
623 2 31 39 15 19500
629 2 31 40 15 19600
631 2 31 41 15 19700
635 2 32 41 15 19800
639 2 32 42 15 19900
644 2 32 42 15 20000
644 2 32 42 15 20100
645 2 32 42 15 20200
646 2 32 42 15 20300
648 2 32 42 15 20400
652 2 32 42 15 20500
656 2 32 42 15 20600
659 2 32 42 15 20700
664 2 32 42 15 20800
666 2 32 42 15 20900
669 2 32 42 15 21000
670 2 32 42 15 21100
670 2 33 43 15 21200
673 2 33 43 15 21300
675 2 33 43 15 21400
679 2 33 43 15 21500
683 2 33 43 15 21600
690 2 33 43 15 21700
696 2 33 43 15 21800
700 3 34 43 15 21900
703 3 34 43 15 22000
709 3 34 43 15 22100
711 3 34 43 15 22200
716 3 34 43 15 22300
719 3 34 43 15 22400
721 3 34 43 15 22500
725 3 34 43 15 22600
727 3 35 43 15 22700
729 3 35 43 15 22800
734 3 35 44 15 22900
738 3 36 44 15 23000
739 3 36 44 15 23100
739 3 36 44 15 23200
742 3 36 44 15 23300
746 3 36 44 15 23400
750 3 36 44 15 23500
752 3 36 44 15 23600
755 3 36 44 15 23700
758 3 37 44 15 23800
759 3 37 44 15 23900
762 3 37 45 15 24000
766 3 37 45 15 24100
770 3 38 45 15 24200
772 3 38 45 15 24300
773 3 38 46 15 24400
774 3 38 46 15 24500
775 3 38 47 15 24600
777 3 39 47 15 24700
778 3 39 47 15 24800
780 3 39 48 15 24900
782 3 39 48 15 25000
785 3 39 48 15 25100
786 3 39 48 15 25200
788 3 39 48 15 25300
790 3 39 48 15 25400
792 3 39 48 15 25500
792 3 39 48 15 25600
793 3 39 48 15 25700
793 3 39 48 15 25800
795 3 39 48 15 25900
797 3 39 48 15 26000
797 3 39 48 15 26100
798 3 39 48 15 26200
799 3 39 48 15 26300
801 3 39 48 15 26400
803 3 39 48 15 26500
807 3 39 48 15 26600
811 3 39 48 15 26700
815 3 39 48 15 26800
815 3 39 48 15 26900
815 3 39 48 15 27000
815 3 39 48 15 27100
816 3 39 48 15 27200
819 3 39 48 15 27300
821 3 39 48 15 27400
823 3 39 48 15 27500
824 3 39 48 15 27600
827 3 39 48 15 27700
829 3 39 48 15 27800
831 3 39 48 15 27900
832 3 39 48 15 28000
835 3 39 48 15 28100
837 3 39 48 15 28200
839 3 39 48 15 28300
840 3 39 48 15 28400
843 3 39 49 15 28500
845 3 39 49 15 28600
847 3 39 49 15 28700
848 3 39 49 15 28800
852 3 39 49 15 28900
853 3 39 50 15 29000
855 3 39 50 15 29100
857 3 39 50 15 29200
860 3 39 50 15 29300
862 3 39 50 15 29400
869 3 39 50 15 29500
874 3 39 50 15 29600
878 3 40 50 15 29700
883 3 40 50 16 29800
890 3 40 50 16 29900
896 3 40 50 16 30000
900 3 40 51 16 30100
904 3 41 51 16 30200
906 3 44 51 16 30300
907 3 44 52 17 30400
909 3 45 54 17 30500
914 3 45 54 17 30600
919 3 45 55 17 30700
922 3 47 55 17 30800
925 3 48 55 17 30900
929 3 48 55 17 31000
933 3 48 58 17 31100
937 3 48 58 17 31200
941 3 48 58 17 31300
944 3 48 58 17 31400
947 3 49 58 17 31500
949 3 49 59 17 31600
953 3 49 59 17 31700
956 3 49 60 17 31800
959 3 49 60 17 31900
961 3 49 61 17 32000
963 3 49 61 17 32100
965 3 50 61 17 32200
968 3 50 61 17 32300
969 3 50 62 17 32400
970 3 50 62 17 32500
971 3 50 62 17 32600
973 3 50 62 17 32700
975 3 50 62 17 32800
975 4 50 62 17 32900
977 4 50 62 17 33000
981 4 50 62 17 33100
985 4 51 62 17 33200
988 4 51 62 17 33300
990 4 52 62 17 33400
993 4 52 64 17 33500
995 4 52 64 17 33600
997 4 52 64 17 33700
999 4 52 64 17 33800
1001 4 52 64 17 33900
1003 4 52 64 17 34000
1007 4 52 64 17 34100
1011 4 52 64 17 34200
1013 4 52 64 17 34300
1016 4 52 64 17 34400
1020 4 53 64 17 34500
1023 4 53 64 17 34600
1024 4 55 64 18 34700
1026 4 55 64 18 34800
1029 4 55 64 19 34900
1032 4 55 64 19 35000
1033 4 56 64 19 35100
1033 4 57 64 19 35200
1034 4 58 64 19 35300
1036 4 58 64 20 35400
1038 4 58 64 20 35500
1042 4 58 65 20 35600
1046 4 58 65 20 35700
1048 4 58 65 20 35800
1052 4 59 65 20 35900
1056 4 59 65 20 36000
1056 4 60 65 20 36100
1057 4 60 67 20 36200
1057 4 60 68 20 36300
1059 4 60 68 20 36400
1061 4 60 68 20 36500
1063 4 60 68 20 36600
1063 4 60 68 20 36700
1065 4 60 68 20 36800
1066 4 60 68 20 36900
1066 4 60 68 20 37000
1067 4 60 68 20 37100
1068 4 60 68 20 37200
1068 4 60 68 20 37300
1071 4 60 68 20 37400
1072 4 61 69 20 37500
1075 4 61 70 20 37600
1076 4 61 70 20 37700
1077 4 62 70 20 37800
1077 4 62 70 20 37900
1078 4 62 71 20 38000
1080 4 62 71 20 38100
1081 4 62 71 20 38200
1083 4 62 71 20 38300
1087 4 62 71 20 38400
1089 4 62 71 20 38500
1091 4 62 71 20 38600
1095 4 62 71 20 38700
1096 4 62 71 20 38800
1097 4 62 71 20 38900
1097 4 62 71 20 39000
1097 4 63 71 20 39100
1097 4 63 71 20 39200
1098 4 63 71 20 39300
1099 4 63 74 20 39400
1101 4 63 74 20 39500
1103 4 63 74 20 39600
1107 4 63 74 20 39700
1112 4 63 74 20 39800
1115 4 63 75 20 39900
1121 4 63 75 20 40000
1124 4 63 75 20 40100
1127 4 63 75 20 40200
1130 4 63 76 20 40300
1135 4 63 76 20 40400
1140 4 64 77 20 40500
1143 4 64 77 20 40600
1145 4 65 77 20 40700
1148 4 65 79 20 40800
1151 4 65 80 20 40900
1153 4 65 81 20 41000
1155 4 65 81 20 41100
1156 4 65 81 20 41200
1157 4 65 81 20 41300
1157 4 65 81 20 41400
1159 4 65 81 20 41500
1159 4 65 82 20 41600
1159 4 65 82 20 41700
1160 4 65 82 20 41800
1163 4 65 82 20 41900
1163 4 65 82 20 42000
1166 4 65 82 20 42100
1168 4 65 83 21 42200
1168 4 65 83 21 42300
1170 4 65 83 22 42400
1171 4 65 83 22 42500
1172 4 65 83 22 42600
1172 4 65 83 22 42700
1173 4 65 83 22 42800
1173 4 65 83 22 42900
1174 4 65 83 22 43000
1174 4 66 84 22 43100
1175 4 66 84 22 43200
1175 4 66 84 23 43300
1176 4 66 84 23 43400
1178 4 66 84 23 43500
1179 4 66 85 23 43600
1180 4 66 85 23 43700
1180 4 66 85 23 43800
1181 4 66 85 23 43900
1181 4 66 85 23 44000
1183 4 66 85 23 44100
1186 4 66 85 23 44200
1188 4 66 85 23 44300
1191 4 67 85 23 44400
1193 4 67 85 23 44500
1196 4 67 85 23 44600
1200 4 67 86 23 44700
1202 4 67 86 23 44800
1204 4 67 86 23 44900
1205 4 67 86 23 45000
1206 4 67 86 23 45100
1206 4 67 86 23 45200
1206 4 67 86 23 45300
1208 4 67 87 23 45400
1210 4 67 87 23 45500
1211 4 67 87 23 45600
1211 4 67 87 23 45700
1212 4 67 87 23 45800
1213 4 67 87 23 45900
1214 4 67 87 23 46000
1215 4 67 87 23 46100
1217 4 67 87 23 46200
1219 4 67 87 23 46300
1220 4 67 87 23 46400
1220 4 68 87 23 46500
1220 4 69 88 23 46600
1220 4 69 89 23 46700
1220 4 69 89 23 46800
1222 4 69 89 23 46900
1224 4 69 89 23 47000
1225 4 69 89 23 47100
1227 4 70 89 23 47200
1229 4 70 90 23 47300
1230 4 70 90 23 47400
1232 4 70 91 23 47500
1233 4 71 91 23 47600
1233 4 71 91 23 47700
1233 4 71 91 23 47800
1236 4 71 92 23 47900
1237 4 71 92 23 48000
1238 4 71 92 23 48100
1239 4 71 92 23 48200
1239 4 71 92 23 48300
1240 4 71 92 23 48400
1241 4 71 92 23 48500
1242 4 71 92 23 48600
1245 4 71 93 23 48700
1246 4 71 93 23 48800
1248 4 71 93 23 48900
1249 4 71 93 23 49000
1251 4 71 93 23 49100
1255 4 71 93 23 49200
1255 4 72 93 23 49300
1255 4 72 93 23 49400
1255 4 73 93 23 49500
1255 4 73 93 23 49600
1255 4 73 94 23 49700
1255 4 73 94 23 49800
1255 4 73 94 23 49900
1256 4 73 94 23 50000
1258 4 73 94 23 50100
1258 4 73 94 23 50200
1260 4 73 94 23 50300
1260 4 73 94 23 50400
1261 4 74 94 23 50500
1263 4 74 94 23 50600
1265 4 74 94 23 50700
1268 4 74 94 23 50800
1270 4 74 94 23 50900
1271 4 74 94 23 51000
1274 4 74 94 23 51100
1278 4 74 94 23 51200
1280 4 74 94 23 51300
1282 4 74 94 23 51400
1283 4 74 95 23 51500
1285 4 74 95 23 51600
1287 4 75 95 23 51700
1289 4 76 95 23 51800
1291 4 76 95 23 51900
1293 4 76 95 23 52000
1296 4 76 96 23 52100
1299 4 76 96 23 52200
1300 4 78 96 23 52300
1301 4 78 96 23 52400
1302 4 78 96 23 52500
1303 4 78 96 23 52600
1304 4 78 96 23 52700
1306 4 78 96 23 52800
1308 4 78 96 23 52900
1310 4 78 96 23 53000
1314 4 78 96 23 53100
1317 4 78 97 23 53200
1318 4 79 97 23 53300
1320 4 79 97 23 53400
1321 4 79 97 23 53500
1322 4 79 97 23 53600
1322 4 80 97 23 53700
1323 4 80 97 23 53800
1323 4 80 97 23 53900
1323 4 80 98 23 54000
1323 4 80 98 23 54100
1324 4 80 98 23 54200
1324 4 80 98 23 54300
1324 4 80 98 23 54400
1328 4 80 98 23 54500
1332 4 80 98 23 54600
1334 4 80 98 23 54700
1335 4 80 98 23 54800
1335 4 80 98 23 54900
1336 4 80 98 23 55000
1336 4 80 98 23 55100
1338 4 80 98 23 55200
1340 4 80 98 23 55300
1343 4 80 98 23 55400
1344 4 80 98 23 55500
1345 4 80 98 23 55600
1346 4 80 98 23 55700
1348 4 80 98 23 55800
1351 4 80 98 23 55900
1354 4 80 98 23 56000
1355 4 80 98 23 56100
1356 4 81 98 23 56200
1357 4 81 98 23 56300
1358 4 81 100 23 56400
1360 4 81 100 23 56500
1361 4 81 100 23 56600
1361 4 81 100 23 56700
1362 4 81 100 23 56800
1363 4 81 101 23 56900
1364 4 81 101 23 57000
1366 4 81 101 23 57100
1367 4 81 101 23 57200
1367 4 82 101 23 57300
1367 4 82 101 23 57400
1367 4 82 102 23 57500
1367 4 82 102 23 57600
1367 4 82 102 23 57700
1368 4 82 102 23 57800
1368 4 82 103 23 57900
1368 4 82 103 23 58000
1368 4 82 103 23 58100
1369 4 82 103 23 58200
1370 4 82 103 23 58300
1371 4 82 103 23 58400
1371 4 82 104 23 58500
1371 4 82 104 23 58600
1371 4 82 105 23 58700
1371 4 82 105 23 58800
1373 4 82 105 23 58900
1373 4 82 105 23 59000
1373 4 82 105 23 59100
1373 4 82 105 23 59200
1373 4 82 105 23 59300
1374 4 82 105 23 59400
1375 4 82 105 23 59500
1376 4 82 105 23 59600
1377 4 82 105 23 59700
1377 4 82 105 23 59800
1377 4 82 105 23 59900
1379 4 82 105 23 60000
1381 4 82 105 23 60100
1382 4 82 105 23 60200
1384 4 82 105 23 60300
1386 4 82 105 23 60400
1386 4 82 105 23 60500
1387 4 82 105 23 60600
1388 4 82 105 23 60700
1391 4 83 106 23 60800
1394 4 83 106 23 60900
1396 4 84 106 23 61000
1397 4 84 106 23 61100
1399 4 84 106 23 61200
1401 4 84 106 23 61300
1402 4 84 106 23 61400
1402 4 84 106 23 61500
1403 4 84 106 23 61600
1404 4 84 106 23 61700
1404 4 84 106 23 61800
1404 4 84 106 23 61900
1404 4 84 106 23 62000
1406 4 84 107 23 62100
1407 4 84 107 23 62200
1410 4 84 107 23 62300
1411 4 85 107 23 62400
1411 4 86 107 23 62500
1411 4 86 108 23 62600
1412 4 86 108 23 62700
1413 4 87 108 23 62800
1414 4 87 108 23 62900
1414 4 87 108 23 63000
1415 4 87 108 23 63100
1416 4 87 108 23 63200
1419 4 87 108 23 63300
1422 4 87 108 23 63400
1423 4 87 108 23 63500
1426 4 87 108 24 63600
1427 4 87 108 24 63700
1428 4 87 108 24 63800
1429 4 87 109 24 63900
1432 4 87 109 24 64000
1436 4 87 109 24 64100
1439 4 87 109 24 64200
1440 4 88 109 24 64300
1441 4 88 109 24 64400
1443 4 88 110 24 64500
1444 4 88 110 24 64600
1445 4 88 110 24 64700
1448 4 88 110 24 64800
1450 4 88 110 24 64900
1451 4 88 110 24 65000
1453 4 88 110 24 65100
1455 4 88 110 24 65200
1456 4 88 110 24 65300
1457 4 88 110 24 65400
1459 4 88 110 24 65500
1460 4 89 110 24 65600
1462 4 89 110 24 65700
1464 4 89 110 24 65800
1466 4 89 110 24 65900
1468 4 89 110 24 66000
1470 4 89 110 24 66100
1470 4 89 110 24 66200
1470 4 89 110 24 66300
1470 4 89 110 24 66400
1470 4 89 110 24 66500
1470 4 89 110 24 66600
1470 4 89 110 24 66700
1471 4 89 110 24 66800
1472 4 89 110 24 66900
1472 4 89 110 24 67000
1474 4 89 110 24 67100
1475 4 89 110 24 67200
1476 4 89 110 24 67300
1478 4 89 110 24 67400
1480 4 89 110 24 67500
1481 4 90 110 24 67600
1483 4 90 110 24 67700
1485 4 90 111 24 67800
1486 4 90 111 24 67900
1488 4 90 111 24 68000
1488 4 90 111 24 68100
1491 4 90 111 24 68200
1494 4 90 111 24 68300
1496 4 90 111 24 68400
1497 4 90 111 24 68500
1498 4 91 111 24 68600
1502 4 92 111 24 68700
1503 4 93 111 25 68800
1508 4 93 111 25 68900
1509 4 94 111 25 69000
1511 4 94 113 25 69100
1513 4 94 114 25 69200
1514 4 94 114 25 69300
1516 4 95 114 25 69400
1519 4 95 114 25 69500
1522 4 95 114 25 69600
1523 4 95 115 25 69700
1525 4 95 115 25 69800
1525 4 95 115 25 69900
1527 4 95 115 25 70000
1529 4 95 115 25 70100
1531 4 95 115 25 70200
1532 4 95 115 25 70300
1532 4 95 115 25 70400
1532 4 95 115 25 70500
1533 4 95 115 25 70600
1535 4 95 115 25 70700
1536 4 95 115 25 70800
1538 4 95 115 25 70900
1538 4 95 115 25 71000
1538 4 96 115 25 71100
1539 4 96 115 25 71200
1539 4 96 116 25 71300
1539 4 96 117 25 71400
1539 4 96 117 25 71500
1539 4 96 117 25 71600
1541 4 96 117 25 71700
1542 4 96 117 25 71800
1543 4 96 117 25 71900
1544 4 96 117 25 72000
1545 4 96 117 25 72100
1545 4 96 117 25 72200
1546 4 96 117 25 72300
1549 4 96 117 25 72400
1550 4 96 117 25 72500
1554 4 96 117 25 72600
1556 4 96 117 25 72700
1557 4 96 117 25 72800
1559 4 96 117 25 72900
1562 4 96 117 25 73000
1564 4 96 117 25 73100
1566 4 96 117 25 73200
1571 4 96 118 25 73300
1573 4 96 118 25 73400
1575 4 97 118 25 73500
1576 4 97 118 25 73600
1578 4 97 118 25 73700
1581 4 97 119 25 73800
1582 4 97 119 25 73900
1582 4 97 119 25 74000
1582 4 97 119 25 74100
1582 4 97 119 25 74200
1582 4 97 119 25 74300
1582 4 97 119 25 74400
1583 4 97 119 25 74500
1584 4 97 119 25 74600
1585 4 97 119 25 74700
1587 4 97 119 25 74800
1588 4 97 119 25 74900
1590 4 97 119 25 75000
1594 4 97 119 26 75100
1598 4 97 120 26 75200
1600 4 97 120 26 75300
1605 4 97 120 26 75400
1607 4 98 120 26 75500
1610 4 98 120 26 75600
1614 4 98 120 26 75700
1617 4 98 120 26 75800
1619 4 98 120 26 75900
1620 4 98 120 26 76000
1621 4 98 121 26 76100
1622 4 98 121 26 76200
1624 4 98 121 26 76300
1625 4 98 121 26 76400
1627 4 98 121 26 76500
1629 4 98 121 26 76600
1629 4 99 121 26 76700
1629 4 99 121 26 76800
1631 4 99 121 26 76900
1633 4 99 123 26 77000
1634 4 99 123 26 77100
1635 4 99 123 26 77200
1636 4 99 123 26 77300
1636 4 99 123 26 77400
1637 4 99 123 26 77500
1637 4 99 123 26 77600
1638 4 99 123 27 77700
1640 4 99 123 27 77800
1642 4 99 123 27 77900
1643 4 99 123 27 78000
1644 4 99 123 27 78100
1645 4 100 123 27 78200
1647 4 100 123 27 78300
1647 4 100 123 27 78400
1648 4 100 123 27 78500
1649 4 100 123 27 78600
1650 4 100 123 27 78700
1651 4 100 123 27 78800
1653 4 100 123 27 78900
1654 4 100 123 27 79000
1655 4 100 123 27 79100
1656 4 101 123 27 79200
1657 4 101 123 27 79300
1659 4 101 124 27 79400
1660 4 101 124 27 79500
1661 4 101 124 27 79600
1661 4 101 124 27 79700
1662 4 101 124 27 79800
1662 4 101 124 27 79900
1664 4 101 124 27 80000
1667 4 101 124 27 80100
1668 4 101 124 27 80200
1668 4 101 124 27 80300
1671 5 101 124 27 80400
1673 5 101 124 27 80500
1676 5 101 124 27 80600
1678 5 101 124 27 80700
1681 5 101 124 27 80800
1684 6 101 124 27 80900
1688 6 101 124 27 81000
1688 6 101 125 27 81100
1689 6 101 125 27 81200
1690 6 101 125 27 81300
1690 6 101 125 27 81400
1690 6 101 125 27 81500
1691 6 101 125 27 81600
1691 6 101 125 27 81700
1692 6 101 126 27 81800
1692 6 101 126 27 81900
1693 6 101 126 27 82000
1694 6 101 126 27 82100
1694 6 101 126 27 82200
1694 6 101 126 27 82300
1694 6 101 126 27 82400
1694 6 101 127 27 82500
1694 6 101 127 27 82600
1695 6 101 127 27 82700
1696 6 101 127 27 82800
1696 6 101 127 27 82900
1697 6 101 127 27 83000
1698 6 101 127 27 83100
1698 6 101 127 27 83200
1698 6 101 127 27 83300
1698 6 101 127 27 83400
1698 6 101 128 27 83500
1699 6 101 128 27 83600
1700 6 101 128 27 83700
1701 6 101 128 27 83800
1701 6 101 129 27 83900
1702 6 101 129 27 84000
1704 6 101 129 27 84100
1707 6 101 129 27 84200
1707 6 101 129 27 84300
1708 6 101 129 27 84400
1708 6 101 129 27 84500
1709 6 101 129 27 84600
1710 6 101 129 27 84700
1711 6 101 129 27 84800
1712 6 101 129 27 84900
1714 6 101 129 27 85000
1715 6 101 129 27 85100
1717 6 101 129 27 85200
1720 6 101 129 27 85300
1721 6 102 129 27 85400
1722 6 102 129 27 85500
1726 6 102 130 27 85600
1728 6 103 130 27 85700
1729 6 103 130 28 85800
1729 6 103 130 28 85900
1729 6 103 130 28 86000
1729 6 103 130 28 86100
1729 6 103 130 28 86200
1730 6 103 130 28 86300
1731 6 103 130 28 86400
1731 6 103 130 28 86500
1731 6 103 130 28 86600
1731 6 103 130 28 86700
1732 6 103 131 28 86800
1733 6 103 131 28 86900
1736 6 103 131 28 87000
1737 6 103 131 28 87100
1737 6 103 131 28 87200
1738 6 103 131 28 87300
1738 6 103 131 28 87400
1739 6 103 131 28 87500
1739 6 104 131 28 87600
1739 6 104 132 28 87700
1740 6 104 132 28 87800
1741 6 104 133 28 87900
1744 6 104 133 28 88000
1744 6 104 133 28 88100
1745 6 104 133 28 88200
1745 6 104 133 28 88300
1745 6 104 133 28 88400
1746 6 104 133 28 88500
1750 6 104 133 28 88600
1753 6 104 133 28 88700
1756 6 104 133 28 88800
1759 6 104 133 28 88900
1763 6 104 133 28 89000
1763 6 105 133 28 89100
1765 6 105 133 28 89200
1766 6 105 134 28 89300
1766 6 105 134 28 89400
1767 6 105 134 28 89500
1768 6 105 134 28 89600
1769 6 105 134 28 89700
1770 6 105 134 28 89800
1772 6 106 134 28 89900
1773 6 106 134 28 90000
1774 6 106 134 28 90100
1776 6 106 134 28 90200
1777 6 106 134 28 90300
1779 6 106 134 28 90400
1781 6 106 134 28 90500
1781 6 106 134 28 90600
1781 6 106 134 28 90700
1782 6 106 135 28 90800
1782 6 106 135 28 90900
1782 6 106 135 28 91000
1782 6 106 135 28 91100
1782 6 106 135 28 91200
1782 6 106 135 28 91300
1783 6 106 135 28 91400
1783 6 106 135 28 91500
1784 6 107 135 28 91600
1784 6 107 135 29 91700
1784 6 107 135 29 91800
1786 6 107 135 29 91900
1789 6 107 135 29 92000
1790 6 107 135 29 92100
1791 6 107 135 29 92200
1793 6 107 135 29 92300
1794 6 107 135 29 92400
1796 6 107 136 29 92500
1798 6 107 136 29 92600
1800 6 107 136 29 92700
1802 6 107 136 29 92800
1804 6 107 136 29 92900
1805 6 107 136 29 93000
1807 6 107 136 29 93100
1808 6 107 136 29 93200
1810 6 107 136 29 93300
1812 6 107 136 29 93400
1813 6 107 136 29 93500
1815 6 107 136 29 93600
1815 6 107 136 29 93700
1815 6 107 136 29 93800
1816 6 108 136 29 93900
1818 6 108 136 29 94000
1819 6 109 136 29 94100
1821 6 109 137 29 94200
1823 6 109 137 29 94300
1823 6 109 138 29 94400
1824 6 109 138 29 94500
1825 6 109 138 29 94600
1825 6 109 139 29 94700
1825 6 109 139 29 94800
1826 6 109 139 29 94900
1828 6 109 139 29 95000
1829 6 109 139 29 95100
1833 6 109 139 29 95200
1835 6 109 139 29 95300
1836 6 110 139 29 95400
1836 6 110 139 29 95500
1836 6 110 141 29 95600
1836 6 110 141 29 95700
1837 6 110 141 29 95800
1838 6 110 141 29 95900
1838 6 110 141 29 96000
1838 6 110 141 29 96100
1839 6 110 141 29 96200
1840 6 110 141 29 96300
1840 6 111 142 29 96400
1842 6 111 142 29 96500
1843 6 111 143 29 96600
1845 6 111 143 29 96700
1846 6 111 143 29 96800
1847 6 111 143 29 96900
1849 6 111 143 30 97000
1850 6 112 143 30 97100
1851 6 112 143 30 97200
1851 6 112 144 30 97300
1852 6 112 144 30 97400
1853 6 112 144 30 97500
1854 6 112 144 30 97600
1854 6 112 145 30 97700
1855 6 112 145 30 97800
1857 6 112 145 30 97900
1858 6 112 145 30 98000
1859 6 112 145 30 98100
1859 6 112 145 30 98200
1860 6 112 145 31 98300
1861 6 112 146 31 98400
1861 6 112 146 31 98500
1864 6 112 146 31 98600
1867 6 112 146 31 98700
1869 6 112 146 31 98800
1869 6 112 146 31 98900
1870 6 112 146 31 99000
1871 6 112 146 31 99100
1871 6 112 146 31 99200
1871 6 112 146 31 99300
1871 6 112 146 31 99400
1872 6 112 146 31 99500
1876 6 112 146 31 99600
1880 6 112 146 31 99700
1881 6 113 146 31 99800
1883 6 113 146 31 99900
1885 6 113 146 32 100000
1887 6 113 146 32 100100
1888 6 113 146 32 100200
1889 6 114 146 32 100300
1891 6 114 146 32 100400
1894 6 115 146 32 100500
1895 6 115 147 32 100600
1896 6 115 147 32 100700
1897 6 115 147 32 100800
1897 6 115 147 32 100900
1897 6 115 147 32 101000
1897 6 115 147 32 101100
1898 6 115 147 32 101200
1898 6 115 147 32 101300
1900 6 115 147 32 101400
1900 7 115 147 32 101500
1901 7 115 147 32 101600
1905 7 115 147 32 101700
1907 7 116 147 32 101800
1911 7 116 147 32 101900
1914 7 116 148 32 102000
1915 7 116 148 32 102100
1917 7 116 148 32 102200
1921 7 116 148 32 102300
1923 8 117 148 32 102400
1924 9 117 149 32 102500
1926 9 117 149 32 102600
1928 9 117 150 32 102700
1929 9 117 151 32 102800
1929 9 117 151 32 102900
1930 9 117 151 32 103000
1931 9 117 151 32 103100
1931 9 117 151 32 103200
1932 9 117 151 32 103300
1932 9 117 151 32 103400
1933 9 117 151 32 103500
1934 9 117 151 32 103600
1934 9 117 151 32 103700
1934 9 117 151 32 103800
1934 9 117 151 32 103900
1935 9 118 151 32 104000
1936 9 118 151 32 104100
1936 9 118 151 32 104200
1936 9 118 151 32 104300
1937 9 118 151 32 104400
1938 9 118 151 32 104500
1940 9 119 151 32 104600
1940 9 119 151 32 104700
1941 9 119 151 32 104800
1942 9 119 151 32 104900
1942 9 119 151 32 105000
1942 9 119 151 32 105100
1943 9 119 151 32 105200
1944 9 119 151 32 105300
1944 9 119 151 32 105400
1944 9 119 151 32 105500
1944 9 119 151 32 105600
1944 9 119 151 32 105700
1944 9 119 151 32 105800
1944 9 119 151 32 105900
1944 9 119 151 32 106000
1944 9 119 151 32 106100
1944 9 119 151 32 106200
1944 9 119 151 32 106300
1944 9 119 151 32 106400
1944 9 119 151 32 106500
1946 9 119 152 32 106600
1949 9 119 152 32 106700
1954 9 119 152 32 106800
1956 9 119 152 32 106900
1958 10 119 152 32 107000
1959 10 119 152 32 107100
1960 10 120 152 32 107200
1963 10 120 152 32 107300
1964 10 120 152 32 107400
1965 10 120 152 32 107500
1967 10 120 152 32 107600
1971 10 120 152 32 107700
1972 10 120 152 32 107800
1973 10 120 152 32 107900
1974 10 121 152 32 108000
1975 10 121 152 32 108100
1975 10 121 152 32 108200
1975 10 121 153 32 108300
1975 10 121 153 32 108400
1976 10 121 153 32 108500
1977 10 121 153 32 108600
1977 10 121 153 33 108700
1978 10 121 153 33 108800
1980 10 121 153 33 108900
1983 10 121 153 33 109000
1983 10 121 153 33 109100
1983 10 121 153 33 109200
1983 10 121 153 33 109300
1985 10 121 153 33 109400
1985 10 121 153 33 109500
1985 10 121 153 33 109600
1986 10 121 153 33 109700
1986 10 121 153 33 109800
1987 10 121 153 33 109900
1987 10 121 153 33 110000
1990 10 122 153 33 110100
1991 10 122 153 33 110200
1994 10 122 153 33 110300
1994 10 122 153 33 110400
1994 10 122 153 33 110500
1994 10 122 154 33 110600
1994 10 122 154 33 110700
1994 10 122 154 33 110800
1994 10 122 154 33 110900
1995 10 122 154 33 111000
1997 10 122 154 33 111100
1999 10 122 154 33 111200
2000 10 123 154 33 111300
2001 10 123 155 33 111400
2002 10 123 155 33 111500
2002 10 123 156 33 111600
2002 10 123 156 33 111700
2004 11 123 156 33 111800
2006 12 123 156 33 111900
2007 12 123 156 33 112000
2008 12 123 156 33 112100
2008 12 124 156 33 112200
2009 12 124 156 33 112300
2009 12 125 156 33 112400
2010 12 125 156 33 112500
2010 12 125 157 33 112600
2010 12 125 157 33 112700
2010 12 125 157 33 112800
2012 12 125 157 33 112900
2014 12 125 157 33 113000
2016 12 125 157 33 113100
2017 12 125 157 33 113200
2019 12 125 158 33 113300
2021 12 125 158 33 113400
2021 12 125 158 33 113500
2022 12 125 158 33 113600
2023 12 125 158 33 113700
2023 12 125 158 33 113800
2023 12 125 158 33 113900
2024 12 125 158 33 114000
2025 12 125 158 33 114100
2025 12 126 159 33 114200
2026 12 126 159 33 114300
2028 12 126 159 33 114400
2029 12 126 159 33 114500
2032 12 126 159 33 114600
2036 12 126 159 33 114700
2037 12 127 159 33 114800
2038 12 127 159 33 114900
2039 12 127 160 33 115000
2039 12 127 160 33 115100
2039 12 127 160 33 115200
2040 12 127 160 33 115300
2041 12 127 160 33 115400
2044 12 127 160 33 115500
2047 12 127 160 33 115600
2048 12 127 160 33 115700
2051 12 127 160 33 115800
2052 12 127 160 33 115900
2054 12 127 160 33 116000
2055 12 127 161 33 116100
2056 12 127 161 33 116200
2057 12 127 161 33 116300
2058 12 128 161 33 116400
2059 12 128 161 33 116500
2060 12 128 161 33 116600
2060 12 128 162 33 116700
2060 12 128 162 33 116800
2061 12 128 162 33 116900
2062 12 128 163 33 117000
2062 12 128 163 33 117100
2062 12 128 163 33 117200
2062 12 128 163 33 117300
2065 12 128 163 33 117400
2067 12 128 163 33 117500
2067 12 128 163 33 117600
2067 12 128 163 33 117700
2068 12 128 163 33 117800
2070 12 128 163 33 117900
2073 12 128 163 33 118000
2075 12 128 163 33 118100
2075 12 128 163 33 118200
2075 12 128 163 33 118300
2077 12 128 163 33 118400
2079 12 128 163 33 118500
2079 12 128 163 33 118600
2081 12 129 163 33 118700
2085 12 129 163 34 118800
2088 12 129 163 34 118900
2090 12 129 163 34 119000
2092 12 129 163 34 119100
2095 12 129 163 34 119200
2098 12 129 163 34 119300
2101 12 129 163 34 119400
2103 12 129 163 34 119500
2103 12 129 163 34 119600
2103 12 129 163 34 119700
2104 12 130 163 34 119800
2105 12 130 163 34 119900
2106 12 130 164 34 120000
2106 12 130 164 34 120100
2107 12 130 164 34 120200
2107 12 131 164 34 120300
2107 12 131 164 34 120400
2108 12 131 164 34 120500
2109 12 131 164 34 120600
2110 12 131 164 34 120700
2111 12 131 164 34 120800
2111 12 132 164 34 120900
2111 12 132 164 34 121000
2112 12 132 165 34 121100
2114 12 132 165 34 121200
2114 12 132 165 34 121300
2115 12 133 165 34 121400
2117 12 133 165 34 121500
2117 12 133 166 34 121600
2118 12 133 166 34 121700
2118 12 133 166 34 121800
2120 12 133 166 34 121900
2121 12 133 166 34 122000
2121 12 133 166 34 122100
2121 12 133 166 35 122200
2122 12 133 166 35 122300
2124 12 133 166 35 122400
2124 12 133 167 35 122500
2124 12 133 167 35 122600
2127 12 133 167 35 122700
2129 12 133 167 35 122800
2130 12 133 168 35 122900
2130 12 133 168 35 123000
2130 12 133 168 35 123100
2131 12 133 168 35 123200
2133 12 133 168 35 123300
2134 12 133 168 35 123400
2135 12 133 168 35 123500
2135 12 133 168 35 123600
2135 12 133 168 35 123700
2135 12 133 168 35 123800
2135 12 133 168 35 123900
2137 12 133 168 35 124000
2139 12 133 168 35 124100
2141 12 133 168 35 124200
2143 12 134 169 35 124300
2145 12 134 169 35 124400
2147 12 135 169 35 124500
2149 12 135 169 35 124600
2151 12 135 170 35 124700
2153 12 135 170 35 124800
2156 12 135 170 35 124900
2159 12 135 170 35 125000
2162 12 135 170 35 125100
2164 12 137 170 35 125200
2164 12 137 170 35 125300
2164 12 137 172 35 125400
2164 12 137 172 35 125500
2165 12 137 172 35 125600
2166 12 137 173 35 125700
2166 12 137 173 35 125800
2166 12 137 173 35 125900
2167 12 137 173 35 126000
2168 12 137 173 35 126100
2170 12 137 173 35 126200
2171 12 137 173 35 126300
2174 12 137 173 35 126400
2174 12 137 173 35 126500
2176 12 137 173 35 126600
2179 12 137 173 35 126700
2179 12 138 173 35 126800
2182 12 138 173 35 126900
2182 12 139 173 35 127000
2183 12 139 174 35 127100
2183 12 139 175 35 127200
2183 12 139 175 35 127300
2183 12 139 175 35 127400
2184 12 139 175 35 127500
2186 12 139 175 35 127600
2189 12 139 175 35 127700
2193 12 139 175 35 127800
2195 12 139 175 35 127900
2197 12 139 175 35 128000
2199 13 139 175 35 128100
2201 13 139 175 35 128200
2203 13 139 176 35 128300
2206 13 139 176 35 128400
2208 13 139 176 35 128500
2210 13 139 176 35 128600
2210 13 140 176 35 128700
2211 13 140 176 35 128800
2211 13 140 176 35 128900
2212 13 140 177 35 129000
2212 13 140 177 35 129100
2212 13 140 177 35 129200
2212 13 140 177 35 129300
2213 13 140 177 35 129400
2213 13 140 177 35 129500
2213 13 140 177 35 129600
2213 13 140 177 35 129700
2213 13 140 177 35 129800
2213 13 140 177 35 129900
2213 13 140 177 35 130000
2214 13 140 177 35 130100
2215 13 140 177 35 130200
2216 13 140 177 35 130300
2216 13 140 177 35 130400
2216 13 140 177 35 130500
2216 13 140 177 35 130600
2218 13 140 177 35 130700
2220 13 140 177 35 130800
2223 13 140 177 35 130900
2225 13 140 177 35 131000
2226 13 140 177 35 131100
2227 13 140 177 35 131200
2229 13 140 177 35 131300
2231 13 140 177 35 131400
2233 13 141 177 35 131500
2234 13 141 177 35 131600
2235 13 141 178 35 131700
2235 13 141 178 35 131800
2235 13 141 178 35 131900
2236 13 141 178 35 132000
2237 13 141 178 35 132100
2237 13 141 178 35 132200
2237 13 141 178 35 132300
2238 13 141 178 35 132400
2238 14 141 178 35 132500
2242 14 141 178 35 132600
2244 14 141 178 35 132700
2248 14 141 178 35 132800
2249 14 141 178 35 132900
2255 15 141 178 35 133000
2258 15 141 178 35 133100
2259 15 141 178 35 133200
2263 15 141 178 35 133300
2265 15 142 178 35 133400
2268 15 142 178 35 133500
2272 15 142 178 35 133600
2274 15 142 178 35 133700
2275 15 142 178 35 133800
2276 15 142 178 35 133900
2277 15 142 178 35 134000
2277 15 142 178 35 134100
2278 15 142 178 35 134200
2279 15 142 178 35 134300
2283 15 142 178 35 134400
2286 15 142 179 35 134500
2288 15 142 179 35 134600
2289 15 143 179 35 134700
2289 15 143 179 35 134800
2289 15 143 180 35 134900
2289 15 143 180 35 135000
2289 15 143 180 35 135100
2290 15 143 180 35 135200
2292 15 143 180 35 135300
2293 15 143 180 35 135400
2295 15 143 180 35 135500
2297 15 143 180 35 135600
2298 15 143 180 35 135700
2298 15 143 180 35 135800
2299 15 143 180 35 135900
2302 15 143 181 35 136000
2304 15 143 181 35 136100
2307 15 143 181 35 136200
2308 15 143 181 35 136300
2309 15 143 181 35 136400
2309 15 143 181 35 136500
2309 15 143 181 35 136600
2310 15 143 181 35 136700
2311 15 143 181 35 136800
2312 15 143 181 35 136900
2312 15 143 181 35 137000
2314 15 143 181 35 137100
2315 15 143 181 35 137200
2317 15 143 181 35 137300
2318 15 143 181 35 137400
2319 15 143 181 35 137500
2319 15 143 181 35 137600
2319 15 143 181 35 137700
2320 15 143 181 35 137800
2320 15 143 181 35 137900
2322 15 143 181 35 138000
2325 15 143 181 35 138100
2326 16 143 181 35 138200
2330 16 143 181 35 138300
2332 16 143 181 35 138400
2336 16 144 181 35 138500
2339 16 144 181 35 138600
2343 16 144 183 35 138700
2345 16 145 183 35 138800
2345 16 146 183 35 138900
2345 16 146 183 35 139000
2346 16 146 184 35 139100
2348 16 146 185 35 139200
2350 16 146 185 35 139300
2352 16 146 185 35 139400
2354 16 146 185 35 139500
2354 16 146 185 35 139600
2355 16 146 185 35 139700
2356 16 146 185 35 139800
2356 16 146 185 35 139900
2356 16 146 185 35 140000
2357 16 146 185 35 140100
2358 16 146 185 35 140200
2359 16 146 185 35 140300
2360 16 146 185 35 140400
2361 16 146 185 35 140500
2362 16 146 185 35 140600
2362 16 146 185 35 140700
2363 16 146 185 35 140800
2363 16 147 185 35 140900
2365 16 147 185 35 141000
2366 16 147 186 35 141100
2366 16 147 186 35 141200
2367 16 147 186 35 141300
2367 16 147 186 35 141400
2367 16 147 186 35 141500
2369 16 147 186 35 141600
2372 16 147 186 35 141700
2373 16 147 186 35 141800
2373 16 147 186 35 141900
2374 16 147 186 35 142000
2375 16 147 186 35 142100
2376 16 147 186 35 142200
2376 16 148 186 35 142300
2376 16 148 187 35 142400
2377 16 148 187 35 142500
2378 16 148 187 35 142600
2378 16 148 187 35 142700
2379 16 148 187 35 142800
2379 16 148 187 35 142900
2379 16 148 187 35 143000
2379 16 148 187 35 143100
2379 16 148 187 35 143200
2380 16 148 187 35 143300
2381 16 148 187 35 143400
2382 16 148 187 35 143500
2383 16 148 187 35 143600
2384 16 148 187 35 143700
2384 16 148 187 35 143800
2384 16 148 187 35 143900
2384 16 148 187 35 144000
2386 16 148 187 35 144100
2386 16 149 187 35 144200
2386 16 149 187 35 144300
2386 16 149 187 35 144400
2387 16 149 188 35 144500
2389 16 149 188 35 144600
2392 16 149 188 35 144700
2393 16 149 188 35 144800
2393 16 149 188 35 144900
2394 16 149 188 35 145000
2395 16 149 188 35 145100
2398 16 149 188 35 145200
2398 16 149 189 35 145300
2399 16 149 189 35 145400
2399 16 149 189 35 145500
2399 16 149 189 35 145600
2399 16 149 189 35 145700
2402 16 149 189 35 145800
2405 16 149 189 35 145900
2407 16 149 189 35 146000
2409 16 149 189 35 146100
2410 16 149 189 35 146200
2412 16 149 189 35 146300
2414 16 149 189 35 146400
2417 16 149 189 35 146500
2419 16 149 189 35 146600
2420 16 149 189 35 146700
2423 16 149 189 35 146800
2427 16 149 189 35 146900
2430 16 149 189 35 147000
2432 16 149 189 35 147100
2433 16 149 189 35 147200
2436 16 150 189 35 147300
2438 16 150 189 35 147400
2441 16 150 190 35 147500
2444 16 150 190 35 147600
2445 16 150 190 35 147700
2447 16 150 190 35 147800
2451 16 150 190 35 147900
2453 16 151 190 35 148000
2454 16 152 190 35 148100
2455 16 152 191 35 148200
2455 16 152 191 35 148300
2455 16 152 191 35 148400
2455 16 152 191 35 148500
2455 16 152 191 35 148600
2456 16 152 191 35 148700
2456 16 152 191 36 148800
2458 16 152 191 36 148900
2461 16 152 191 36 149000
2463 16 152 191 36 149100
2469 16 153 191 36 149200
2472 16 153 191 36 149300
2474 16 153 191 36 149400
2475 16 153 193 36 149500
2477 16 153 193 36 149600
2480 16 153 193 36 149700
2480 16 153 193 36 149800
2482 16 153 193 36 149900
2482 16 154 193 36 150000
2485 16 154 193 36 150100
2487 16 154 193 36 150200
2488 16 154 193 36 150300
2488 16 154 193 36 150400
2488 16 154 193 36 150500
2488 16 154 193 36 150600
2488 16 154 193 36 150700
2488 16 154 193 36 150800
2488 16 154 193 36 150900
2488 16 154 193 36 151000
2489 16 154 193 36 151100
2490 16 154 193 36 151200
2490 16 154 194 36 151300
2491 16 154 194 36 151400
2493 16 154 194 36 151500
2494 16 154 194 36 151600
2496 16 154 194 36 151700
2496 16 154 194 36 151800
2497 16 154 194 36 151900
2498 16 154 194 36 152000
2500 16 154 194 36 152100
2504 16 154 194 36 152200
2510 16 154 194 36 152300
2512 16 154 194 36 152400
2513 16 154 194 36 152500
2514 17 154 194 36 152600
2515 17 154 194 36 152700
2515 17 154 194 36 152800
2515 17 154 194 36 152900
2517 17 154 194 36 153000
2519 17 154 194 36 153100
2520 17 154 194 36 153200
2520 17 154 194 36 153300
2521 17 154 194 36 153400
2522 17 154 194 36 153500
2523 17 154 194 36 153600
2523 17 154 194 36 153700
2523 17 154 194 36 153800
2523 17 154 194 36 153900
2525 17 154 194 36 154000
2527 17 154 194 36 154100
2528 17 154 194 36 154200
2529 17 154 194 36 154300
2530 17 155 194 36 154400
2532 17 155 194 36 154500
2532 17 155 194 36 154600
2533 17 155 195 36 154700
2533 17 155 195 36 154800
2534 17 155 195 36 154900
2534 17 155 195 36 155000
2534 17 155 195 36 155100
2534 17 155 195 36 155200
2534 17 156 195 36 155300
2534 17 156 196 36 155400
2536 17 156 196 36 155500
2538 17 156 197 36 155600
2542 17 157 197 36 155700
2545 17 157 197 36 155800
2547 17 158 198 36 155900
2548 17 158 198 36 156000
2549 17 159 198 36 156100
2551 17 159 198 37 156200
2553 17 160 198 37 156300
2554 17 160 198 37 156400
2555 17 160 198 37 156500
2556 17 160 198 37 156600
2557 17 160 198 37 156700
2558 17 160 198 37 156800
2558 17 160 198 37 156900
2560 17 160 198 37 157000
2561 17 160 198 37 157100
2562 17 160 198 37 157200
2562 17 160 198 37 157300
2563 17 160 198 37 157400
2563 17 160 198 37 157500
2563 17 160 198 37 157600
2563 17 160 198 37 157700
2565 17 160 199 37 157800
2566 17 160 199 37 157900
2569 17 160 199 37 158000
2571 17 160 199 37 158100
2573 17 160 199 37 158200
2574 17 160 199 37 158300
2576 17 160 199 37 158400
2578 17 160 199 37 158500
2579 17 160 199 37 158600
2579 17 160 199 37 158700
2579 17 160 199 37 158800
2579 17 160 199 37 158900
2580 17 160 199 37 159000
2580 17 160 199 37 159100
2580 17 160 199 37 159200
2580 17 160 199 37 159300
2581 17 160 199 37 159400
2582 17 160 199 37 159500
2583 17 160 199 37 159600
2585 17 160 199 37 159700
2587 17 160 199 37 159800
2589 17 160 199 37 159900
2591 17 160 199 37 160000
2595 17 160 199 37 160100
2599 17 160 199 37 160200
2600 17 161 199 37 160300
2601 17 161 199 37 160400
2602 17 161 199 37 160500
2603 17 161 200 37 160600
2605 17 161 200 37 160700
2607 17 161 200 37 160800
2609 17 161 200 37 160900
2610 17 161 200 37 161000
2612 17 161 200 37 161100
2612 17 161 200 37 161200
2614 17 161 200 37 161300
2615 17 161 200 37 161400
2618 17 161 200 37 161500
2619 17 161 200 37 161600
2620 17 162 200 37 161700
2625 17 162 200 37 161800
2627 17 162 201 37 161900
2628 17 162 201 37 162000
2629 17 162 201 37 162100
2630 17 162 201 37 162200
2631 17 162 201 37 162300
2633 17 162 201 37 162400
2633 17 162 201 37 162500
2635 17 162 201 37 162600
2635 17 162 201 37 162700
2637 17 162 201 37 162800
2637 17 162 201 37 162900
2637 17 162 201 37 163000
2637 17 162 201 37 163100
2640 17 162 201 37 163200
2640 17 162 201 37 163300
2640 17 162 201 37 163400
2641 17 162 201 37 163500
2642 17 162 201 37 163600
2644 17 162 201 37 163700
2646 17 162 201 38 163800
2647 17 162 201 38 163900
2648 17 162 202 38 164000
2649 17 162 202 38 164100
2652 17 162 202 38 164200
2655 17 163 202 38 164300
2657 17 163 202 38 164400
2659 17 164 203 38 164500
2659 17 164 203 38 164600
2659 17 164 204 38 164700
2661 17 164 204 38 164800
2662 17 164 204 38 164900
2664 17 164 205 38 165000
2665 17 164 205 38 165100
2667 17 164 205 38 165200
2669 17 164 205 38 165300
2670 17 164 205 38 165400
2672 17 164 205 38 165500
2674 19 165 205 38 165600
2674 19 165 205 38 165700
2674 19 165 208 38 165800
2674 19 165 209 38 165900
2675 19 165 209 38 166000
2678 19 165 209 38 166100
2679 19 165 209 38 166200
2682 19 165 209 38 166300
2686 19 165 209 38 166400
2688 19 165 209 38 166500
2689 19 165 209 38 166600
2689 19 165 209 38 166700
2689 19 165 209 38 166800
2689 19 165 209 38 166900
2689 19 165 209 38 167000
2690 19 165 209 38 167100
2690 19 165 209 38 167200
2690 19 165 209 38 167300
2691 19 165 209 38 167400
2693 19 165 209 38 167500
2693 19 165 209 38 167600
2694 19 165 209 38 167700
2696 19 165 209 38 167800
2696 19 165 209 38 167900
2697 19 165 209 38 168000
2699 19 165 209 38 168100
2699 19 165 209 38 168200
2699 19 165 209 38 168300
2699 19 165 209 38 168400
2700 19 165 209 38 168500
2700 19 165 209 38 168600
2700 19 165 209 38 168700
2700 19 165 209 38 168800
2700 19 165 209 38 168900
2700 19 165 209 38 169000
2701 19 165 210 38 169100
2702 19 165 210 38 169200
2702 19 165 210 38 169300
2702 19 165 210 38 169400
2702 19 165 210 38 169500
2704 19 165 210 38 169600
2706 19 165 210 38 169700
2706 19 165 210 38 169800
2706 19 165 210 38 169900
2706 19 165 210 38 170000
2707 19 165 210 38 170100
2708 19 165 210 38 170200
2710 19 165 210 38 170300
2712 19 165 210 38 170400
2714 19 165 210 38 170500
2715 19 165 210 38 170600
2716 19 165 210 38 170700
2718 19 165 210 38 170800
2718 19 165 210 38 170900
2719 19 165 210 38 171000
2720 19 165 210 38 171100
2720 19 165 210 38 171200
2722 19 165 210 38 171300
2722 19 166 210 38 171400
2723 19 166 210 38 171500
2724 19 166 211 38 171600
2724 19 166 211 38 171700
2724 19 166 211 38 171800
2724 19 166 211 38 171900
2724 19 166 211 38 172000
2726 19 166 211 38 172100
2729 19 166 212 38 172200
2731 19 166 212 38 172300
2732 19 166 212 38 172400
2734 19 166 212 38 172500
2736 19 166 212 38 172600
2738 19 166 212 38 172700
2740 19 166 212 38 172800
2740 19 166 212 38 172900
2742 19 166 212 38 173000
2745 19 166 212 38 173100
2749 19 166 212 38 173200
2750 19 166 212 38 173300
2752 19 166 212 38 173400
2755 19 166 212 38 173500
2757 19 166 212 38 173600
2760 19 166 212 38 173700
2762 19 167 212 38 173800
2763 19 167 212 38 173900
2765 19 167 212 38 174000
2765 19 167 212 38 174100
2766 19 167 212 38 174200
2767 19 167 213 38 174300
2767 19 167 213 38 174400
2769 19 167 213 38 174500
2771 19 167 213 38 174600
2771 19 167 213 38 174700
2771 19 167 213 38 174800
2771 19 167 213 38 174900
2771 19 167 213 38 175000
2772 19 167 213 38 175100
2773 19 167 213 38 175200
2773 19 167 213 38 175300
2773 19 167 213 38 175400
2773 19 167 213 38 175500
2773 19 167 213 38 175600
2774 19 167 213 38 175700
2774 19 167 213 38 175800
2774 19 167 213 38 175900
2775 19 167 213 38 176000
2775 19 167 213 38 176100
2775 19 167 213 38 176200
2775 19 167 213 38 176300
2776 19 167 213 38 176400
2776 19 167 213 38 176500
2777 19 167 213 38 176600
2777 19 167 213 38 176700
2778 19 167 213 38 176800
2779 19 167 213 38 176900
2780 19 167 213 38 177000
2780 19 167 213 38 177100
2781 19 167 213 38 177200
2782 19 167 213 38 177300
2782 19 167 214 38 177400
2783 19 167 214 38 177500
2783 19 167 214 38 177600
2783 19 167 214 38 177700
2783 19 167 214 38 177800
2784 19 167 214 38 177900
2784 19 167 214 38 178000
2784 19 167 214 38 178100
2784 19 167 214 38 178200
2785 19 167 214 39 178300
2786 19 167 214 39 178400
2786 19 167 214 39 178500
2786 19 167 214 39 178600
2787 19 167 214 39 178700
2789 19 167 214 39 178800
2792 19 167 214 39 178900
2793 19 168 214 39 179000
2794 19 168 214 39 179100
2794 19 168 214 39 179200
2795 19 168 215 39 179300
2796 19 168 215 39 179400
2799 19 169 215 39 179500
2800 19 169 215 39 179600
2802 19 169 215 39 179700
2803 19 169 217 39 179800
2805 19 169 218 39 179900
2805 19 169 218 39 180000
2808 19 169 218 39 180100
2809 19 169 218 39 180200
2811 19 169 218 39 180300
2811 19 169 218 39 180400
2811 19 169 218 39 180500
2811 19 169 218 39 180600
2811 19 169 218 39 180700
2813 19 169 218 39 180800
2813 19 169 218 39 180900
2813 19 169 218 39 181000
2813 19 169 218 39 181100
2813 19 169 218 39 181200
2813 19 169 218 39 181300
2814 19 169 218 39 181400
2814 19 169 218 39 181500
2814 19 169 218 39 181600
2815 19 169 218 39 181700
2816 19 169 218 39 181800
2816 19 169 218 39 181900
2817 19 169 218 39 182000
2820 19 169 218 39 182100
2822 19 169 218 39 182200
2824 19 169 218 39 182300
2826 19 169 218 39 182400
2826 19 169 218 39 182500
2826 19 169 218 39 182600
2828 19 169 218 39 182700
2830 20 169 218 39 182800
2832 20 169 218 39 182900
2832 20 169 218 39 183000
2832 20 169 218 39 183100
2834 20 169 218 39 183200
2834 20 169 218 39 183300
2834 20 169 218 39 183400
2835 20 169 218 39 183500
2835 20 169 218 39 183600
2835 20 169 218 39 183700
2836 20 169 218 39 183800
2837 20 169 218 39 183900
2838 20 169 218 39 184000
2838 20 169 218 39 184100
2838 20 169 218 39 184200
2838 20 169 218 39 184300
2840 20 169 218 39 184400
2840 20 169 219 39 184500
2841 20 169 219 39 184600
2841 20 169 220 39 184700
2841 20 169 220 39 184800
2841 20 169 220 39 184900
2841 20 169 220 39 185000
2841 20 169 220 39 185100
2841 20 170 220 39 185200
2841 20 170 220 39 185300
2841 20 170 220 39 185400
2841 20 170 220 39 185500
2841 20 170 220 39 185600
2842 20 170 220 39 185700
2842 20 170 220 39 185800
2842 20 170 220 39 185900
2843 20 170 220 39 186000
2843 20 170 220 39 186100
2843 20 170 220 39 186200
2843 20 170 220 39 186300
2844 20 170 220 39 186400
2847 20 170 220 39 186500
2848 20 170 220 39 186600
2848 20 170 220 39 186700
2849 20 170 220 39 186800
2851 20 170 220 39 186900
2852 20 170 220 39 187000
2852 20 170 220 40 187100
2852 20 170 220 40 187200
2853 20 170 220 40 187300
2854 20 170 220 40 187400
2854 20 170 220 40 187500
2854 20 170 220 40 187600
2854 20 170 220 40 187700
2855 20 170 220 40 187800
2858 20 170 220 40 187900
2859 20 170 220 40 188000
2861 20 170 220 40 188100
2862 20 170 221 40 188200
2863 20 170 221 40 188300
2864 20 170 221 40 188400
2864 20 170 221 40 188500
2865 20 170 221 40 188600
2865 20 170 221 40 188700
2865 20 171 221 40 188800
2865 20 171 221 40 188900
2865 20 171 222 40 189000
2865 20 171 222 40 189100
2866 20 171 222 41 189200
2866 20 171 222 41 189300
2866 20 171 222 41 189400
2866 20 171 222 41 189500
2866 20 171 222 41 189600
2866 20 171 222 41 189700
2866 20 171 222 41 189800
2866 20 171 222 41 189900
2866 20 171 222 41 190000
2866 20 171 222 41 190100
2866 20 171 222 41 190200
2866 20 171 222 41 190300
2866 20 171 222 41 190400
2866 20 171 222 41 190500
2866 20 171 222 41 190600
2866 20 171 222 41 190700
2866 20 171 222 41 190800
2866 20 171 222 41 190900
2869 20 171 222 41 191000
2871 20 171 222 41 191100
2874 20 171 223 41 191200
2876 20 171 223 41 191300
2877 20 171 223 41 191400
2879 20 171 223 41 191500
2881 20 171 223 41 191600
2883 20 172 223 41 191700
2884 20 172 223 41 191800
2887 20 172 223 41 191900
2889 20 172 223 41 192000
2892 21 172 223 41 192100
2896 21 172 223 41 192200
2898 21 172 223 41 192300
2902 21 173 223 41 192400
2903 21 174 223 42 192500
2903 22 174 223 42 192600
2903 22 174 224 42 192700
2905 22 174 225 42 192800
2907 22 174 225 42 192900
2908 22 174 225 42 193000
2908 22 174 225 42 193100
2908 22 174 225 42 193200
2908 22 174 225 42 193300
2908 22 174 225 42 193400
2908 22 174 225 42 193500
2909 22 174 225 42 193600
2909 22 174 225 42 193700
2909 22 174 225 43 193800
2910 22 174 225 43 193900
2911 22 174 225 43 194000
2913 22 174 225 43 194100
2914 22 174 225 43 194200
2916 22 174 225 43 194300
2918 22 174 225 43 194400
2919 22 175 225 43 194500
2920 22 175 225 43 194600
2920 22 175 225 43 194700
2921 22 175 225 44 194800
2922 22 175 225 44 194900
2924 22 175 226 44 195000
2927 22 175 226 44 195100
2927 22 175 226 44 195200
2929 22 175 226 44 195300
2929 22 175 227 44 195400
2929 22 175 227 44 195500
2929 22 175 227 44 195600
2929 22 175 227 44 195700
2929 22 175 227 44 195800
2929 22 175 227 44 195900
2929 22 175 227 44 196000
2930 22 175 227 44 196100
2930 22 175 227 44 196200
2931 22 175 227 44 196300
2931 22 175 227 44 196400
2932 22 175 227 44 196500
2935 22 175 227 44 196600
2936 22 175 227 44 196700
2936 22 176 227 44 196800
2937 22 176 227 44 196900
2938 23 176 227 44 197000
2940 23 176 227 44 197100
2943 23 176 227 44 197200
2944 23 176 227 44 197300
2944 23 176 227 44 197400
2945 23 176 227 44 197500
2947 23 176 227 44 197600
2947 23 176 227 44 197700
2947 23 176 227 44 197800
2948 23 176 227 44 197900
2948 23 176 227 44 198000
2948 23 176 227 44 198100
2948 23 176 227 44 198200
2949 23 176 227 44 198300
2949 23 176 227 44 198400
2949 23 176 227 44 198500
2949 23 176 227 44 198600
2950 23 176 227 44 198700
2952 23 176 227 44 198800
2953 23 176 227 44 198900
2954 23 176 228 44 199000
2955 23 176 228 44 199100
2956 23 176 228 44 199200
2956 23 176 228 44 199300
2956 23 176 228 44 199400
2957 23 176 228 44 199500
2957 23 176 228 44 199600
2957 23 176 228 44 199700
2957 23 177 228 44 199800
2957 23 178 228 44 199900
2957 23 178 228 44 200000
2958 23 178 229 44 200100
2959 23 178 230 44 200200
2959 23 179 230 44 200300
2959 23 179 230 44 200400
2959 23 179 230 44 200500
2960 23 179 230 44 200600
2961 23 179 230 44 200700
2961 23 179 230 44 200800
2961 23 179 230 44 200900
2962 23 179 230 44 201000
2963 23 179 230 44 201100
2966 23 179 230 44 201200
2968 23 179 230 44 201300
2968 23 179 231 44 201400
2968 23 179 231 44 201500
2970 23 179 231 44 201600
2971 23 179 231 44 201700
2972 23 179 231 44 201800
2974 23 179 231 44 201900
2974 23 179 231 44 202000
2974 23 179 231 44 202100
2974 23 179 231 44 202200
2975 23 179 231 44 202300
2977 23 179 231 44 202400
2979 23 179 231 44 202500
2980 23 179 231 44 202600
2980 23 179 231 44 202700
2980 23 179 231 44 202800
2980 23 179 231 44 202900
2980 23 179 231 44 203000
2980 23 179 231 44 203100
2980 23 179 231 44 203200
2981 23 179 231 44 203300
2981 23 179 231 44 203400
2981 23 179 231 44 203500
2981 23 179 231 44 203600
2982 23 179 231 44 203700
2982 23 179 232 44 203800
2982 23 179 232 44 203900
2982 23 179 232 44 204000
2982 23 179 232 44 204100
2982 23 179 232 44 204200
2984 23 179 232 44 204300
2985 23 179 232 44 204400
2988 23 179 232 44 204500
2989 23 179 233 44 204600
2989 23 179 233 44 204700
2990 23 179 233 44 204800
2990 23 179 233 44 204900
2990 23 179 233 44 205000
2991 23 179 233 44 205100
2991 23 179 233 44 205200
2991 23 179 233 44 205300
2991 23 179 233 44 205400
2991 23 179 233 44 205500
2991 23 179 233 44 205600
2992 23 179 233 44 205700
2992 23 179 233 44 205800
2992 23 179 233 44 205900
2992 23 179 233 44 206000
2992 23 179 233 44 206100
2993 23 179 233 44 206200
2994 23 180 233 44 206300
2997 23 180 234 44 206400
2999 23 180 235 44 206500
3000 23 180 235 44 206600
3001 24 180 235 44 206700
3002 24 180 235 44 206800
3004 25 180 235 44 206900
3005 25 180 235 44 207000
3005 25 180 235 44 207100
3005 25 180 235 44 207200
3005 25 180 235 44 207300
3005 25 180 235 44 207400
3005 25 180 235 44 207500
3005 25 180 235 44 207600
3006 25 180 235 44 207700
3006 25 180 235 44 207800
3007 25 180 235 44 207900
3008 25 180 235 44 208000
3009 25 180 235 44 208100
3009 25 180 235 44 208200
3009 25 180 235 44 208300
3010 25 180 235 44 208400
3011 25 180 235 44 208500
3011 25 180 235 44 208600
3011 25 180 235 44 208700
3011 25 180 236 44 208800
3012 25 180 236 44 208900
3013 25 180 236 44 209000
3013 25 180 236 44 209100
3013 25 180 236 44 209200
3013 25 180 236 44 209300
3013 25 180 236 44 209400
3013 25 180 236 44 209500
3013 25 180 236 44 209600
3014 25 180 236 44 209700
3015 25 180 236 44 209800
3015 25 180 236 44 209900
3016 25 180 236 44 210000
3016 25 180 236 44 210100
3016 25 180 236 44 210200
3016 25 180 237 44 210300
3016 25 180 237 44 210400
3016 25 180 237 44 210500
3016 25 180 237 44 210600
3016 25 180 237 44 210700
3016 25 180 238 44 210800
3016 25 180 238 44 210900
3016 25 180 238 44 211000
3017 25 180 238 44 211100
3018 25 180 238 44 211200
3020 25 180 238 44 211300
3021 25 180 239 44 211400
3022 25 180 239 44 211500
3023 25 180 239 44 211600
3025 25 180 239 44 211700
3027 25 180 239 44 211800
3028 25 180 239 44 211900
3028 25 180 239 44 212000
3029 25 180 239 44 212100
3030 25 180 239 44 212200
3031 25 180 239 44 212300
3033 25 180 239 45 212400
3034 25 180 239 45 212500
3034 25 180 239 45 212600
3034 25 180 239 45 212700
3034 25 180 239 45 212800
3035 25 180 239 45 212900
3036 25 180 239 45 213000
3037 25 180 239 45 213100
3037 25 180 239 45 213200
3038 25 180 239 45 213300
3038 25 180 239 45 213400
3039 25 180 239 45 213500
3040 25 180 239 45 213600
3041 25 180 239 45 213700
3042 25 180 239 45 213800
3043 25 180 239 45 213900
3044 25 180 239 45 214000
3045 25 181 240 45 214100
3045 25 181 240 45 214200
3045 25 181 241 45 214300
3045 25 181 241 45 214400
3047 25 181 241 45 214500
3047 25 181 241 45 214600
3048 25 181 241 45 214700
3050 25 181 241 45 214800
3050 25 182 241 45 214900
3051 25 182 241 45 215000
3052 25 182 241 45 215100
3053 25 182 241 45 215200
3054 25 182 241 45 215300
3056 25 182 241 45 215400
3059 25 182 241 45 215500
3060 25 182 241 45 215600
3062 25 182 241 45 215700
3064 25 182 241 45 215800
3065 25 182 241 45 215900
3066 25 182 241 45 216000
3068 25 182 241 45 216100
3068 25 182 241 45 216200
3069 25 182 241 45 216300
3069 25 182 241 45 216400
3070 25 182 241 45 216500
3070 25 182 241 45 216600
3070 25 182 241 45 216700
3071 25 182 241 45 216800
3073 25 182 241 45 216900
3074 25 182 241 45 217000
3076 25 182 241 45 217100
3076 25 182 241 45 217200
3077 25 182 241 45 217300
3078 25 182 241 45 217400
3078 25 182 241 45 217500
3079 25 182 241 45 217600
3079 25 182 241 45 217700
3081 25 182 241 45 217800
3082 25 182 241 45 217900
3083 25 182 241 45 218000
3084 25 182 241 45 218100
3086 25 182 241 45 218200
3087 25 182 241 45 218300
3089 25 182 241 45 218400
3089 25 182 241 45 218500
3090 25 182 241 46 218600
3091 25 182 241 46 218700
3092 25 183 241 46 218800
3092 25 183 241 47 218900
3093 25 183 241 47 219000
3095 25 183 241 47 219100
3095 25 184 241 47 219200
3096 25 184 241 48 219300
3096 25 185 241 48 219400
3096 25 185 241 49 219500
3097 25 185 241 49 219600
3098 25 185 241 49 219700
3098 25 186 241 49 219800
3099 25 186 241 50 219900
3099 25 186 241 50 220000
3100 25 186 241 50 220100
3101 25 186 241 50 220200
3101 25 186 241 50 220300
3101 25 186 241 50 220400
3102 25 186 241 50 220500
3102 25 186 241 50 220600
3102 25 186 241 50 220700
3102 25 186 241 50 220800
3103 25 186 241 50 220900
3104 25 186 242 50 221000
3104 25 186 242 50 221100
3104 25 186 242 50 221200
3105 25 186 242 50 221300
3106 25 186 242 50 221400
3106 25 186 242 50 221500
3106 25 186 242 50 221600
3106 25 186 242 50 221700
3108 25 186 243 50 221800
3108 25 186 243 50 221900
3108 25 186 243 50 222000
3109 25 186 243 50 222100
3110 25 186 244 50 222200
3110 25 186 244 50 222300
3111 25 186 244 50 222400
3112 25 186 244 50 222500
3112 25 186 244 50 222600
3112 25 187 244 50 222700
3112 25 187 244 51 222800
3112 25 187 244 51 222900
3112 25 187 244 51 223000
3112 25 187 244 51 223100
3113 25 188 244 51 223200
3115 25 188 244 51 223300
3116 25 188 244 52 223400
3116 25 188 244 52 223500
3116 25 189 244 52 223600
3117 25 189 244 52 223700
3117 25 189 244 52 223800
3117 25 189 245 52 223900
3118 25 189 245 52 224000
3119 25 189 245 52 224100
3119 25 189 245 52 224200
3120 25 189 245 52 224300
3121 25 189 245 52 224400
3123 25 189 245 52 224500
3125 25 189 245 52 224600
3127 25 189 245 52 224700
3130 25 190 245 52 224800
3133 25 190 245 52 224900
3134 25 191 245 52 225000
3136 25 191 245 52 225100
3139 25 192 245 53 225200
3139 25 192 245 53 225300
3140 25 192 246 53 225400
3141 25 192 246 53 225500
3141 25 192 246 53 225600
3142 25 192 246 53 225700
3142 25 192 247 53 225800
3142 25 192 247 53 225900
3143 25 192 247 53 226000
3144 25 192 247 53 226100
3144 25 192 247 53 226200
3144 25 192 247 53 226300
3145 25 192 247 53 226400
3145 25 192 247 53 226500
3145 25 192 247 53 226600
3145 25 192 247 53 226700
3146 25 192 247 53 226800
3146 25 192 247 53 226900
3146 25 192 247 53 227000
3146 25 192 247 53 227100
3147 25 192 247 53 227200
3148 25 192 247 53 227300
3150 25 192 247 53 227400
3150 25 193 247 53 227500
3150 25 193 247 53 227600
3151 25 193 247 53 227700
3153 25 194 248 53 227800
3154 25 194 248 53 227900
3154 25 194 248 53 228000
3154 25 194 248 53 228100
3154 25 194 248 53 228200
3154 25 194 248 53 228300
3154 25 194 248 53 228400
3154 25 194 248 53 228500
3154 25 194 249 53 228600
3154 25 194 249 53 228700
3154 25 194 249 53 228800
3156 25 194 249 53 228900
3156 25 195 249 53 229000
3156 25 195 249 53 229100
3156 25 195 249 53 229200
3156 25 195 250 53 229300
3157 25 195 250 53 229400
3158 25 195 250 53 229500
3160 25 195 250 53 229600
3160 25 196 250 53 229700
3160 25 196 250 53 229800
3160 25 196 250 53 229900
3160 25 196 250 53 230000
3160 25 196 250 53 230100
3160 25 196 250 53 230200
3160 25 196 250 53 230300
3160 25 196 250 53 230400
3160 25 196 250 53 230500
3160 25 196 251 53 230600
3160 25 196 251 53 230700
3160 25 196 251 53 230800
3160 25 196 251 53 230900
3160 25 196 251 53 231000
3161 25 196 251 53 231100
3161 25 196 251 53 231200
3161 25 196 251 53 231300
3161 25 196 251 53 231400
3162 25 196 251 53 231500
3164 25 196 251 53 231600
3165 25 196 251 53 231700
3168 25 196 251 53 231800
3170 25 196 251 53 231900
3172 25 196 251 53 232000
3173 25 196 251 53 232100
3175 25 196 251 53 232200
3176 25 197 251 53 232300
3177 25 197 251 53 232400
3179 25 197 252 53 232500
3182 25 197 252 53 232600
3184 25 197 252 53 232700
3186 25 197 252 53 232800
3191 25 197 252 53 232900
3193 25 198 252 53 233000
3194 25 198 252 53 233100
3194 25 198 252 53 233200
3194 25 198 252 53 233300
3194 25 198 252 53 233400
3194 25 198 252 53 233500
3194 25 198 252 53 233600
3195 25 198 252 53 233700
3195 25 198 252 53 233800
3196 25 198 253 53 233900
3196 25 198 253 53 234000
3196 25 198 254 53 234100
3196 25 198 254 53 234200
3197 25 198 254 53 234300
3197 25 198 254 53 234400
3197 25 198 254 53 234500
3197 25 198 254 53 234600
3197 25 198 255 53 234700
3197 25 198 255 53 234800
3197 25 198 255 53 234900
3198 25 198 255 53 235000
3199 25 198 255 53 235100
3199 25 198 255 53 235200
3199 25 198 255 53 235300
3200 25 198 255 53 235400
3200 25 198 255 53 235500
3200 25 198 255 53 235600
3201 25 198 255 53 235700
3202 25 198 255 53 235800
3202 25 198 255 53 235900
3203 25 198 256 53 236000
3205 25 198 256 53 236100
3206 25 198 256 53 236200
3206 25 198 256 53 236300
3207 25 198 256 53 236400
3208 25 198 256 53 236500
3208 25 198 256 53 236600
3209 25 198 256 53 236700
3209 25 198 256 53 236800
3209 25 198 256 53 236900
3209 25 198 256 53 237000
3209 25 198 256 53 237100
3209 25 198 256 53 237200
3209 25 198 256 53 237300
3209 25 198 256 53 237400
3209 25 198 256 53 237500
3209 25 198 256 53 237600
3209 25 198 256 53 237700
3209 25 198 256 53 237800
3209 25 198 256 53 237900
3209 25 198 256 53 238000
3209 25 198 256 53 238100
3209 25 198 256 53 238200
3210 25 198 256 53 238300
3210 25 198 256 53 238400
3210 25 198 256 53 238500
3211 25 198 256 53 238600
3212 25 198 256 53 238700
3213 25 198 256 53 238800
3215 25 198 256 53 238900
3216 25 199 256 53 239000
3216 25 199 256 54 239100
3218 25 199 256 54 239200
3219 25 199 256 54 239300
3222 25 199 256 54 239400
3224 25 199 256 54 239500
3224 25 199 256 54 239600
3224 25 199 256 54 239700
3224 25 199 256 54 239800
3224 25 199 256 54 239900
3224 25 199 256 54 240000
3224 25 199 256 54 240100
3224 25 199 256 54 240200
3224 25 199 256 54 240300
3225 25 199 256 54 240400
3226 25 199 256 54 240500
3226 25 199 256 54 240600
3226 25 199 256 54 240700
3226 25 199 256 54 240800
3226 25 199 256 54 240900
3227 25 199 256 54 241000
3228 25 199 256 54 241100
3229 25 199 256 54 241200
3230 25 199 256 54 241300
3230 25 199 256 54 241400
3231 25 199 256 54 241500
3231 25 199 256 54 241600
3231 25 199 256 54 241700
3231 25 199 256 54 241800
3231 25 199 256 54 241900
3231 25 199 256 54 242000
3231 25 199 256 54 242100
3231 25 199 256 54 242200
3232 25 199 256 54 242300
3234 25 199 256 54 242400
3236 25 199 256 54 242500
3237 25 199 256 54 242600
3238 25 199 256 54 242700
3238 25 199 256 54 242800
3238 25 199 256 54 242900
3238 25 199 256 54 243000
3238 25 199 257 54 243100
3238 25 199 257 54 243200
3238 25 199 257 54 243300
3238 25 199 257 54 243400
3239 25 199 258 54 243500
3239 25 199 258 54 243600
3240 25 199 258 54 243700
3240 25 200 258 54 243800
3241 25 200 258 54 243900
3242 25 200 259 54 244000
3242 25 200 259 54 244100
3242 25 200 259 54 244200
3243 25 200 259 54 244300
3243 25 200 259 54 244400
3244 25 200 259 54 244500
3245 25 200 259 54 244600
3247 25 200 259 54 244700
3247 25 200 259 54 244800
3248 25 200 259 54 244900
3250 25 200 259 54 245000
3251 25 200 259 54 245100
3253 25 200 259 54 245200
3254 25 201 259 54 245300
3256 25 201 259 54 245400
3257 25 201 259 54 245500
3260 25 201 259 54 245600
3263 25 201 259 54 245700
3265 25 201 259 54 245800
3267 25 201 259 54 245900
3269 25 201 259 54 246000
3271 25 202 259 54 246100
3271 25 202 259 54 246200
3272 25 202 260 54 246300
3273 25 202 260 54 246400
3274 25 202 260 54 246500
3276 25 202 260 54 246600
3277 25 202 260 54 246700
3278 25 202 260 54 246800
3279 25 202 260 54 246900
3280 25 202 260 54 247000
3280 25 202 260 54 247100
3280 25 202 260 54 247200
3280 25 202 260 54 247300
3280 25 202 260 54 247400
3281 25 202 260 54 247500
3282 25 202 260 54 247600
3284 25 202 260 54 247700
3284 25 202 260 54 247800
3284 25 202 260 54 247900
3284 25 202 260 54 248000
3284 25 203 260 54 248100
3285 25 203 260 54 248200
3287 25 203 260 54 248300
3288 25 203 261 54 248400
3289 25 203 261 54 248500
3289 25 203 261 54 248600
3289 25 203 261 54 248700
3289 25 203 261 54 248800
3289 25 203 261 54 248900
3289 25 204 261 54 249000
3290 25 204 261 54 249100
3290 25 204 261 54 249200
3290 25 204 261 54 249300
3291 25 204 262 54 249400
3291 25 204 262 54 249500
3291 25 204 262 54 249600
3291 25 204 262 54 249700
3292 25 204 262 54 249800
3292 25 204 262 54 249900
3294 25 204 262 54 250000
3295 25 204 262 54 250100
3297 25 204 262 54 250200
3297 25 204 262 54 250300
3298 25 204 262 54 250400
3299 25 204 262 54 250500
3300 25 204 262 54 250600
3301 25 204 262 54 250700
3303 25 204 262 54 250800
3304 25 205 262 54 250900
3307 25 205 262 54 251000
3309 25 205 263 54 251100
3309 25 205 263 54 251200
3310 25 205 263 54 251300
3312 25 205 263 54 251400
3312 25 205 263 54 251500
3312 25 205 263 54 251600
3313 25 205 263 54 251700
3313 25 205 263 54 251800
3313 25 205 263 54 251900
3313 25 205 263 54 252000
3313 25 205 263 54 252100
3313 25 206 263 54 252200
3314 25 206 263 54 252300
3315 25 206 263 54 252400
3315 25 206 264 54 252500
3315 25 206 264 54 252600
3316 25 206 265 54 252700
3317 25 206 265 54 252800
3318 25 206 265 54 252900
3318 25 206 265 54 253000
3318 25 206 265 54 253100
3319 25 206 265 54 253200
3320 25 206 265 54 253300
3322 25 206 265 54 253400
3324 25 206 265 54 253500
3324 25 206 265 54 253600
3325 25 206 265 54 253700
3326 25 206 265 54 253800
3327 25 206 265 54 253900
3328 25 206 265 54 254000
3328 25 206 265 54 254100
3328 25 206 265 54 254200
3328 25 206 265 54 254300
3328 25 206 265 54 254400
3328 25 206 265 54 254500
3328 25 206 265 54 254600
3328 25 206 265 54 254700
3328 25 206 265 54 254800
3328 25 206 265 54 254900
3328 25 206 265 54 255000
3328 25 206 265 54 255100
3328 25 206 265 54 255200
3328 25 206 265 54 255300
3328 25 206 265 54 255400
3328 25 206 265 54 255500
3328 25 206 265 54 255600
3328 25 206 265 54 255700
3328 25 206 265 54 255800
3329 25 206 265 54 255900
3329 25 206 265 54 256000
3329 25 206 265 54 256100
3329 25 206 265 54 256200
3329 25 206 265 54 256300
3330 25 206 265 54 256400
3331 25 206 265 54 256500
3332 25 206 265 54 256600
3332 25 206 265 54 256700
3332 25 206 265 54 256800
3333 25 206 265 54 256900
3334 25 206 265 54 257000
3334 25 206 265 54 257100
3334 25 206 265 54 257200
3334 25 206 265 54 257300
3335 25 206 265 54 257400
3335 25 206 265 54 257500
3335 25 206 265 54 257600
3335 25 206 265 54 257700
3335 25 206 265 54 257800
3336 25 206 265 54 257900
3337 25 206 265 54 258000
3338 25 206 265 54 258100
3338 25 206 265 54 258200
3338 25 206 265 54 258300
3338 25 206 265 54 258400
3338 25 206 265 54 258500
3339 25 206 265 54 258600
3340 25 206 265 54 258700
3341 25 206 265 54 258800
3341 25 206 265 54 258900
3341 25 206 265 54 259000
3341 25 206 265 54 259100
3341 25 206 265 54 259200
3341 25 206 265 54 259300
3341 25 206 265 54 259400
3342 25 206 265 54 259500
3343 25 206 265 54 259600
3343 25 206 265 54 259700
3343 25 206 265 54 259800
3343 25 206 265 54 259900
3343 25 206 265 54 260000
3343 25 206 265 54 260100
3343 25 206 265 54 260200
3343 25 206 265 54 260300
3343 25 206 265 54 260400
3343 25 206 265 54 260500
3344 25 206 265 54 260600
3345 25 206 265 54 260700
3345 25 206 265 54 260800
3345 25 206 265 54 260900
3345 25 206 265 54 261000
3346 25 206 265 54 261100
3347 25 206 265 54 261200
3348 25 206 265 54 261300
3349 25 207 265 54 261400
3350 25 207 265 54 261500
3350 25 207 266 54 261600
3352 25 207 266 54 261700
3353 25 207 266 54 261800
3355 25 208 266 54 261900
3356 25 208 266 55 262000
3357 25 208 266 56 262100
3358 25 208 266 56 262200
3358 25 208 266 56 262300
3359 25 208 267 56 262400
3360 25 208 267 56 262500
3362 25 208 267 56 262600
3362 25 208 267 56 262700
3362 25 208 267 56 262800
3362 25 208 267 56 262900
3362 25 208 267 56 263000
3363 25 208 267 56 263100
3363 25 208 267 56 263200
3363 25 208 267 56 263300
3364 25 208 267 56 263400
3364 25 209 267 56 263500
3364 25 209 267 56 263600
3365 25 209 268 56 263700
3367 25 209 268 56 263800
3368 25 209 268 56 263900
3368 25 209 268 56 264000
3368 25 209 268 56 264100
3368 25 209 268 56 264200
3368 25 209 268 56 264300
3368 25 209 268 56 264400
3369 25 210 268 56 264500
3369 25 210 268 56 264600
3370 25 210 269 56 264700
3372 25 210 270 56 264800
3373 25 210 270 56 264900
3375 25 210 270 56 265000
3378 25 210 270 56 265100
3381 26 210 270 56 265200
3383 26 210 270 56 265300
3384 26 210 270 56 265400
3385 26 210 270 56 265500
3386 26 210 270 56 265600
3386 26 210 270 56 265700
3387 26 210 271 56 265800
3389 26 210 271 56 265900
3391 26 210 271 56 266000
3391 26 210 271 56 266100
3393 26 210 271 56 266200
3394 26 210 271 56 266300
3395 26 210 271 56 266400
3395 26 210 271 56 266500
3396 26 210 271 56 266600
3398 26 210 271 56 266700
3399 26 210 271 56 266800
3399 26 210 271 56 266900
3399 26 210 271 56 267000
3399 26 210 271 56 267100
3400 26 210 271 56 267200
3401 26 210 271 56 267300
3401 26 210 271 56 267400
3401 26 210 271 56 267500
3401 26 210 271 56 267600
3401 26 210 271 56 267700
3401 26 210 271 56 267800
3401 26 210 271 56 267900
3402 26 210 271 56 268000
3403 26 210 271 56 268100
3403 26 210 271 56 268200
3403 26 210 271 56 268300
3403 26 210 271 56 268400
3403 26 210 271 56 268500
3403 26 210 271 56 268600
3403 26 210 271 56 268700
3404 26 210 272 56 268800
3406 26 210 272 57 268900
3406 26 210 272 57 269000
3407 26 210 272 57 269100
3408 26 210 272 58 269200
3408 26 210 272 58 269300
3409 26 210 272 58 269400
3409 26 210 272 58 269500
3410 26 210 272 58 269600
3410 26 210 272 58 269700
3412 26 210 272 59 269800
3412 26 210 272 59 269900
3412 26 210 272 59 270000
3412 26 210 272 59 270100
3412 26 210 272 59 270200
3413 26 210 272 59 270300
3413 26 210 272 59 270400
3413 26 210 272 59 270500
3413 26 210 272 59 270600
3413 26 210 272 59 270700
3413 26 210 272 59 270800
3413 26 210 272 59 270900
3413 26 210 272 59 271000
3413 26 210 272 59 271100
3413 26 210 272 59 271200
3414 26 210 273 59 271300
3414 26 210 273 59 271400
3414 26 210 273 59 271500
3414 26 210 273 59 271600
3414 26 210 273 59 271700
3414 26 210 273 59 271800
3414 26 210 273 59 271900
3414 26 210 273 59 272000
3416 26 210 273 59 272100
3416 26 210 273 59 272200
3416 26 210 273 59 272300
3417 26 210 273 59 272400
3418 26 210 273 59 272500
3419 26 210 273 59 272600
3420 26 210 273 59 272700
3420 26 210 273 59 272800
3420 26 210 273 59 272900
3420 26 211 273 59 273000
3420 26 211 273 60 273100
3420 26 211 273 60 273200
3420 26 211 273 60 273300
3420 26 211 273 60 273400
3420 26 211 273 60 273500
3420 26 211 273 60 273600
3420 26 211 273 60 273700
3420 26 211 273 60 273800
3420 26 211 273 60 273900
3421 26 211 273 60 274000
3421 26 211 273 60 274100
3421 26 211 273 60 274200
3422 26 211 273 60 274300
3423 26 211 273 60 274400
3424 26 211 273 60 274500
3425 26 211 273 60 274600
3425 26 211 273 60 274700
3425 26 211 273 60 274800
3425 26 211 273 60 274900
3425 26 211 273 60 275000
3425 26 211 273 60 275100
3425 26 211 273 60 275200
3425 26 211 273 60 275300
3425 26 211 273 60 275400
3425 26 211 273 60 275500
3425 26 211 273 60 275600
3425 26 211 273 60 275700
3425 26 211 274 60 275800
3425 26 211 274 60 275900
3425 26 211 274 60 276000
3426 26 211 274 60 276100
3427 26 212 274 60 276200
3427 26 212 274 60 276300
3427 26 212 274 60 276400
3427 26 212 274 60 276500
3427 26 212 274 60 276600
3427 26 212 274 60 276700
3427 26 212 274 60 276800
3428 26 212 274 60 276900
3430 26 212 274 60 277000
3431 26 212 274 60 277100
3432 26 212 274 60 277200
3433 26 212 274 60 277300
3433 26 212 274 60 277400
3433 26 212 274 60 277500
3433 26 212 274 60 277600
3433 26 212 274 60 277700
3433 26 212 274 60 277800
3433 26 212 274 60 277900
3433 26 212 274 60 278000
3433 26 213 274 60 278100
3433 26 213 274 60 278200
3433 26 213 275 60 278300
3433 26 213 275 60 278400
3433 26 214 275 60 278500
3434 26 214 275 60 278600
3435 26 214 275 60 278700
3437 26 214 275 60 278800
3437 26 214 275 60 278900
3439 26 214 275 60 279000
3441 26 214 275 60 279100
3442 26 214 275 60 279200
3442 26 214 275 60 279300
3442 26 214 275 60 279400
3442 26 214 275 60 279500
3443 26 214 275 60 279600
3443 26 214 275 60 279700
3443 26 214 275 60 279800
3443 26 214 275 60 279900
3444 26 214 275 60 280000
3444 26 214 275 60 280100
3444 26 214 275 60 280200
3444 26 215 275 60 280300
3445 26 215 275 60 280400
3445 26 215 275 60 280500
3445 26 215 275 60 280600
3445 26 215 275 60 280700
3445 26 215 275 60 280800
3447 26 215 275 60 280900
3447 26 215 275 60 281000
3447 26 215 275 60 281100
3447 26 215 275 60 281200
3449 26 215 275 60 281300
3449 26 215 275 60 281400
3449 26 215 275 60 281500
3449 26 215 275 60 281600
3449 26 215 275 60 281700
3450 26 215 275 60 281800
3451 26 215 275 60 281900
3451 26 215 275 60 282000
3452 27 215 275 60 282100
3454 27 215 275 60 282200
3455 27 215 275 60 282300
3455 27 215 275 60 282400
3456 27 215 275 60 282500
3456 27 215 275 60 282600
3457 27 215 275 60 282700
3457 27 215 275 60 282800
3459 27 215 275 60 282900
3459 27 215 275 60 283000
3459 27 215 275 60 283100
3459 27 215 275 60 283200
3459 27 215 275 60 283300
3460 27 215 275 60 283400
3460 27 215 275 60 283500
3461 27 215 275 60 283600
3461 27 215 275 61 283700
3461 27 215 275 61 283800
3461 27 216 275 61 283900
3461 27 216 275 61 284000
3461 27 216 275 61 284100
3461 27 216 275 61 284200
3461 27 216 275 61 284300
3462 27 216 275 61 284400
3462 27 216 275 61 284500
3462 27 216 275 61 284600
3463 27 216 275 61 284700
3463 27 216 275 61 284800
3464 27 216 275 61 284900
3465 27 216 275 61 285000
3468 27 216 275 61 285100
3469 27 216 275 61 285200
3469 27 216 275 61 285300
3470 27 216 275 61 285400
3470 27 216 275 61 285500
3471 27 216 275 61 285600
3472 27 216 275 61 285700
3473 27 216 275 61 285800
3473 27 216 276 61 285900
3474 27 216 276 61 286000
3474 27 216 276 61 286100
3474 27 216 276 61 286200
3474 27 216 276 61 286300
3474 27 216 276 61 286400
3474 27 216 276 61 286500
3474 27 216 276 61 286600
3474 27 216 276 61 286700
3474 27 216 276 61 286800
3474 27 216 276 61 286900
3475 27 216 276 61 287000
3477 27 216 276 61 287100
3477 27 216 276 61 287200
3477 27 216 276 61 287300
3478 27 216 276 61 287400
3478 27 216 276 61 287500
3478 27 216 276 61 287600
3478 27 216 276 61 287700
3478 27 216 276 61 287800
3478 27 216 276 61 287900
3478 27 216 276 61 288000
3478 27 216 276 61 288100
3478 27 216 276 61 288200
3478 27 216 276 61 288300
3478 27 216 276 61 288400
3478 27 216 276 61 288500
3478 27 216 276 61 288600
3479 27 216 276 61 288700
3480 27 216 276 61 288800
3481 27 216 276 62 288900
3481 27 216 276 62 289000
3482 27 216 276 62 289100
3482 27 217 276 62 289200
3483 27 217 276 62 289300
3484 27 217 277 62 289400
3485 27 217 277 62 289500
3486 27 217 277 62 289600
3487 27 217 277 62 289700
3488 27 217 277 62 289800
3488 27 218 277 62 289900
3488 27 218 277 62 290000
3488 27 218 277 62 290100
3488 27 219 277 62 290200
3488 27 219 277 62 290300
3490 27 219 278 62 290400
3491 27 219 278 62 290500
3491 27 219 278 62 290600
3491 27 219 278 62 290700
3492 27 219 278 62 290800
3493 27 219 278 62 290900
3493 27 219 278 62 291000
3493 27 219 278 62 291100
3493 27 220 278 62 291200
3494 27 220 278 62 291300
3495 27 220 279 62 291400
3497 27 220 280 62 291500
3497 27 220 280 62 291600
3497 27 220 280 62 291700
3497 27 220 280 62 291800
3497 27 220 280 62 291900
3497 27 220 280 62 292000
3497 27 220 280 62 292100
3497 27 220 280 62 292200
3497 27 220 280 62 292300
3497 27 220 280 62 292400
3497 27 220 280 62 292500
3497 27 220 280 62 292600
3497 27 220 280 62 292700
3497 27 220 280 62 292800
3497 27 220 280 62 292900
3497 27 220 280 62 293000
3497 27 220 280 62 293100
3497 27 220 280 62 293200
3497 27 220 280 62 293300
3498 27 220 280 62 293400
3498 27 220 280 62 293500
3498 27 220 280 62 293600
3498 27 220 280 62 293700
3498 27 220 280 62 293800
3498 27 220 280 62 293900
3499 27 220 280 62 294000
3500 27 220 280 62 294100
3500 27 220 280 62 294200
3500 27 220 280 62 294300
3501 27 220 280 62 294400
3502 27 220 280 62 294500
3504 27 220 280 62 294600
3506 27 220 280 62 294700
3507 27 220 280 62 294800
3508 27 220 280 63 294900
3509 27 220 280 63 295000
3509 27 221 280 63 295100
3509 27 221 280 63 295200
3509 27 221 281 63 295300
3511 27 221 281 63 295400
3511 27 221 281 63 295500
3511 27 221 281 63 295600
3512 27 221 281 63 295700
3512 27 222 281 63 295800
3514 27 222 281 63 295900
3514 27 222 281 63 296000
3514 27 222 281 63 296100
3514 27 222 281 63 296200
3515 27 222 281 63 296300
3517 27 222 281 63 296400
3518 27 222 281 63 296500
3518 27 223 281 63 296600
3518 27 223 281 63 296700
3519 27 223 281 63 296800
3520 27 223 281 63 296900
3521 27 223 281 63 297000
3522 27 223 281 63 297100
3523 27 223 281 63 297200
3523 27 223 281 63 297300
3523 27 223 281 63 297400
3523 27 223 281 63 297500
3523 27 223 281 63 297600
3523 27 223 281 63 297700
3524 27 223 281 63 297800
3525 27 223 281 63 297900
3525 27 223 281 63 298000
3526 27 223 281 63 298100
3527 27 223 281 63 298200
3527 27 223 281 63 298300
3527 27 223 281 63 298400
3527 27 223 282 64 298500
3527 27 223 282 64 298600
3527 27 223 282 64 298700
3527 27 223 282 64 298800
3528 27 223 282 64 298900
3528 27 223 282 64 299000
3529 27 223 282 64 299100
3529 27 223 282 64 299200
3529 27 223 282 64 299300
3529 27 223 282 64 299400
3530 27 223 282 64 299500
3531 27 223 282 64 299600
3532 27 223 283 64 299700
3532 27 223 283 65 299800
3532 27 223 283 65 299900
