0 Infinity null 0 NaN 0
0 Infinity null 0 NaN 100
0.04830241512075604 26.0 2995 0.0 0.0 200
0.18356380487106452 19.0 2637 0.0 0.0 300
0.4328642987319382 19.666666666666668 2628 0.0 0.0 400
0.7727071744443527 21.25 2743 0.0 0.0 500
1.256456707646342 23.8 2861 0.0 0.0 600
1.8625675067179828 26.0 3006 0.1111111111111111 4.666666666666667 700
2.5387395191559685 29.428571428571427 3149 0.16666666666666666 9.857142857142858 800
3.426938083596733 33.0 3312 0.2140151515151515 17.5 900
4.448454295889558 35.888888888888886 3472 0.2842527842527842 21.333333333333332 1000
5.562220876368923 36.4 3631 0.35582750582750583 30.4 1100
6.647016530337016 38.36363636363637 3765 0.4703326976054249 38.54545454545455 1200
7.663610158480911 40.833333333333336 3909 0.7033605283605283 41.333333333333336 1300
8.730821796959747 42.92307692307692 4065 1.0867558723327955 43.61538461538461 1400
10.02767660353149 45.357142857142854 4221 1.5369082306582307 47.714285714285715 1500
11.504106846019816 49.0 4362 2.0379564538775066 52.93333333333333 1600
13.147600168143576 51.8125 4508 2.5128569027828895 59.3125 1700
14.8258170146105 56.64705882352941 4656 2.8810845716031475 68.29411764705883 1800
16.715274451962017 63.888888888888886 4809 3.1376909842918614 78.27777777777777 1900
18.702518053418117 72.0 4952 3.3154520648634223 88.78947368421052 2000
20.682827011162388 79.85 5104 3.4890734010141906 99.05 2100
22.765886038976124 86.14285714285714 5251 3.633131130217597 110.47619047619048 2200
25.0196148222635 90.81818181818181 5391 3.7742089018105762 121.13636363636364 2300
27.295239348951792 97.65217391304348 5530 3.925608960706215 131.82608695652175 2400
29.636241413115837 103.25 5679 4.074541920676789 141.33333333333334 2500
32.07860768579474 107.32 5826 4.234487073118011 149.24 2600
34.672007861312075 111.23076923076923 5949 4.42214666121487 156.8846153846154 2700
37.31808417217209 116.81481481481481 6066 4.576192908904586 164.03703703703704 2800
39.93925284343917 131.0 6181 4.721763659052404 170.67857142857142 2900
42.78774533440687 147.6206896551724 6301 4.8764729581655395 177.13793103448276 3000
45.53179244590818 162.93333333333334 6430 5.025034970671133 183.66666666666666 3100
48.34251876875604 168.93548387096774 6556 5.161674796301657 188.80645161290323 3200
51.41232644100279 175.125 6673 5.292690167250563 193.59375 3300
54.425464429149095 179.24242424242425 6787 5.39351773793994 198.75757575757575 3400
57.670030608832356 185.08823529411765 6914 5.488186183822859 203.7058823529412 3500
60.68585640399563 191.71428571428572 7046 5.623642769046968 207.77142857142857 3600
64.00811621245697 198.25 7174 5.784980974957279 210.75 3700
67.3266476613029 205.64864864864865 7290 5.924726233892367 214.59459459459458 3800
70.46639684580917 211.07894736842104 7411 6.064062706556304 219.28947368421052 3900
73.54596279517075 214.30769230769232 7524 6.181301191935979 224.89743589743588 4000
76.83947477200732 216.475 7627 6.286292471661389 230.8 4100
79.97832431600699 227.6341463414634 7729 6.385378928677021 237.21951219512195 4200
82.95314050493145 239.71428571428572 7818 6.479193273121588 244.1904761904762 4300
86.0528858476584 248.51162790697674 7903 6.577457277340747 250.1627906976744 4400
88.96159627335511 250.02272727272728 7995 6.6747983645893445 256.3181818181818 4500
91.71160045119073 253.04444444444445 8080 6.799485385058787 261.6 4600
94.87032714070865 256.5 8146 6.924204949858677 266.82608695652175 4700
98.24248836669155 258.93617021276594 8211 7.009978367001164 272.8085106382979 4800
101.22819976421795 262.7708333333333 8284 7.0565184518349815 279.375 4900
104.39835607104483 264.7959183673469 8355 7.118082784077274 284.83673469387753 5000
107.6626472417905 270.04 8417 7.183526006444509 288.64 5100
110.70021774563486 275.27450980392155 8476 7.254839473387024 291.47058823529414 5200
113.5187706033699 280.7692307692308 8535 7.328421042765756 294.21153846153845 5300
116.5748172796166 283.811320754717 8593 7.382303863210097 296.0566037735849 5400
119.37131476286731 285.25925925925924 8649 7.4577157445311215 297.7962962962963 5500
122.25989117184638 286.3636363636364 8708 7.5252377959292565 299.6909090909091 5600
125.50194514530821 292.5357142857143 8766 7.586266712838683 301.6607142857143 5700
128.11321688925563 298.56140350877195 8826 7.62396894801076 302.63157894736844 5800
130.54770745284804 301.17241379310343 8883 7.662845136472434 303.36206896551727 5900
131.5631562331078 305.2881355932203 8932 7.712299374181212 303.5593220338983 6000
132.45433089386052 308.9166666666667 8974 7.761365217944858 303.3833333333333 6100
133.02941187860293 311.42622950819674 9010 7.780784574141597 304.0655737704918 6200
133.6377116181464 313.33870967741933 9036 7.807617797856159 305.48387096774195 6300
134.32529468233884 313.4920634920635 9057 7.813472604052654 306.8888888888889 6400
134.79134999273535 311.859375 9080 7.821758188364331 307.421875 6500
135.0837786914096 313.1384615384615 9102 7.824500370081803 307.95384615384614 6600
135.59418095521718 315.8333333333333 9114 7.8327871610113 308.0 6700
136.21520060916689 318.44776119402985 9127 7.848244383274289 307.44776119402985 6800
136.93982759945334 318.8529411764706 9140 7.870212925625519 306.9852941176471 6900
137.76474538684644 318.1159420289855 9153 7.8907819221267514 306.8695652173913 7000
138.92202000895034 317.22857142857146 9168 7.895826500939575 307.01428571428573 7100
139.81980255425958 318.16901408450707 9183 7.902575423461553 307.19718309859155 7200
140.44667297296994 318.9166666666667 9198 7.907053542580142 307.52777777777777 7300
141.05993020017863 321.13698630136986 9215 7.9182202368218135 307.71232876712327 7400
141.9642668768116 320.93243243243245 9233 7.926793363066754 308.1081081081081 7500
142.54584354989436 322.4 9247 7.936057739847486 309.0933333333333 7600
142.67724631420708 323.3421052631579 9263 7.949018198949216 310.5131578947368 7700
142.87537685121262 324.57142857142856 9276 7.963720314301578 311.3376623376623 7800
143.2163555016212 325.56410256410254 9289 7.976293700585461 312.3205128205128 7900
143.6794717011141 327.17721518987344 9302 7.984921561803899 313.6835443037975 8000
144.34751827280462 327.7375 9315 7.993145756567064 314.7625 8100
145.01139946648559 328.44444444444446 9336 8.00232719297072 315.8888888888889 8200
145.74203996977263 328.7317073170732 9351 8.015171441294925 317.0121951219512 8300
146.42492187753004 330.33734939759034 9370 8.03071823785228 318.9277108433735 8400
147.05578178370348 332.10714285714283 9385 8.054492756184729 320.17857142857144 8500
147.77842280952981 334.91764705882355 9400 8.07376116719794 321.3764705882353 8600
148.4676620114032 342.01162790697674 9416 8.09891327112893 322.3837209302326 8700
149.10758365575973 345.57471264367814 9437 8.12530204780682 323.04597701149424 8800
149.86142138985414 347.9318181818182 9456 8.151150888172651 323.6931818181818 8900
150.66759350273915 347.59550561797755 9474 8.190011620862409 324.438202247191 9000
151.700937367159 347.53333333333336 9495 8.215554701618258 325.4222222222222 9100
152.63263771553977 348.1208791208791 9515 8.24248999793747 326.3736263736264 9200
153.80986639856295 349.6847826086956 9537 8.268221151194249 327.5869565217391 9300
154.99615628158824 352.7096774193548 9555 8.293594117060376 328.6774193548387 9400
156.33554723752596 357.6489361702128 9574 8.32871798916865 330.01063829787233 9500
157.32853935022558 361.4736842105263 9597 8.357588626876648 331.33684210526314 9600
158.45092317181462 367.8020833333333 9616 8.37516004164298 333.0208333333333 9700
159.39206227240626 376.5670103092784 9638 8.381601690698208 335.0515463917526 9800
160.45255207997127 384.11224489795916 9652 8.388592149636661 336.98979591836735 9900
161.57313001787549 392.1111111111111 9667 8.403551473553375 338.5959595959596 10000
162.92747593777395 395.47 9682 8.420477497279379 339.91 10100
164.08205218558106 398.65346534653463 9700 8.431349190558974 341.03960396039605 10200
165.00302102230046 399.4117647058824 9722 8.451017335749572 342.2549019607843 10300
165.97944454562514 400.81553398058253 9738 8.469101880938373 343.2135922330097 10400
167.11978595921454 402.71153846153845 9750 8.486225901313967 344.11538461538464 10500
168.4158635834881 405.96190476190475 9770 8.516833273682405 345.1047619047619 10600
169.54689108516334 406.2169811320755 9787 8.553928993664993 345.9339622641509 10700
171.02153512932878 406.1869158878505 9806 8.583753003436495 346.6355140186916 10800
172.4178574719506 406.39814814814815 9827 8.607759647740188 347.3240740740741 10900
173.53155697430054 406.8440366972477 9847 8.62574926061395 348.0366972477064 11000
174.7012379977148 410.27272727272725 9870 8.641844507472864 348.3 11100
175.5865669746578 414.5315315315315 9890 8.665197643019878 348.92792792792795 11200
176.4646924455833 419.33035714285717 9908 8.695175586142266 349.5357142857143 11300
177.14284263973533 423.0 9922 8.72122091610862 350.3008849557522 11400
177.76345311894553 424.7894736842105 9938 8.738651726786031 351.3333333333333 11500
178.36251207503713 425.8 9957 8.759011276987891 352.45217391304345 11600
179.29738103907923 426.7068965517241 9975 8.784077271726503 353.5431034482759 11700
180.23120740694432 427.1111111111111 9994 8.809148331834377 354.65811965811963 11800
181.13501691260157 426.2881355932203 10011 8.827375888344255 355.6525423728813 11900
182.18829530779155 424.8151260504202 10025 8.84304758417588 356.74789915966386 12000
183.17759207720707 423.9 10037 8.855640243196637 358.05833333333334 12100
183.9773014561267 423.94214876033055 10050 8.862636006968355 359.4297520661157 12200
184.93451949478134 425.76229508196724 10057 8.871435467671615 360.6475409836066 12300
185.9379012647459 427.2926829268293 10064 8.882135179316561 361.9512195121951 12400
186.65362071673135 428.78225806451616 10073 8.891472798838201 363.19354838709677 12500
187.18820603168692 428.16 10085 8.900514929490974 364.008 12600
187.7154078001553 427.37301587301585 10095 8.911267343931016 364.55555555555554 12700
188.24121788511948 426.92913385826773 10103 8.922989648309512 365.12598425196853 12800
188.6826355959639 426.796875 10110 8.937399431216978 365.4921875 12900
189.3088475364986 427.04651162790697 10117 8.948501491574918 365.8759689922481 13000
190.02464793206107 427.11538461538464 10124 8.966786721603947 366.15384615384613 13100
190.74156506961435 426.89312977099235 10135 8.981774857760708 366.41984732824426 13200
191.22371594599855 425.95454545454544 10147 8.99970714830269 367.04545454545456 13300
191.68070828612713 426.17293233082705 10152 9.008277281651699 367.8796992481203 13400
192.12768602583463 426.3134328358209 10155 9.020382934643916 368.47014925373134 13500
192.56008798895047 427.64444444444445 10160 9.034563672970226 369.2 13600
192.96246803499085 427.83088235294116 10167 9.052948379205226 369.88235294117646 13700
193.26033778984714 428.0 10174 9.073729777897158 370.3284671532847 13800
193.59237545828063 428.6376811594203 10185 9.09660687538174 370.5289855072464 13900
193.8590692542795 429.62589928057554 10197 9.118393876278274 370.8273381294964 14000
194.21180484276582 432.42857142857144 10202 9.142258630443854 371.14285714285717 14100
194.55659917169868 435.4468085106383 10208 9.168498677484378 371.5744680851064 14200
194.89254154842382 438.38732394366195 10213 9.182137863966142 372.7957746478873 14300
195.2612610155547 438.4055944055944 10219 9.192204183949746 373.87412587412587 14400
195.78712636070406 437.2083333333333 10229 9.201731256034142 374.8958333333333 14500
196.3770021447285 436.86206896551727 10234 9.210192222741295 376.1655172413793 14600
196.99895459523344 437.17808219178085 10236 9.217638147909486 377.32876712328766 14700
197.5667427228471 437.36054421768705 10237 9.228985604629248 378.265306122449 14800
198.1582765782834 436.18243243243245 10238 9.23968502621959 379.3310810810811 14900
198.67126655504327 437.00671140939596 10236 9.257284918429642 380.4563758389262 15000
199.14069091651774 435.76666666666665 10234 9.26534746341789 381.2866666666667 15100
199.63113857026372 434.7086092715232 10235 9.262586783848795 382.19867549668874 15200
200.19985912247702 434.04605263157896 10233 9.261246236122235 382.9736842105263 15300
200.75323889478577 434.91503267973854 10232 9.254999891804806 383.8954248366013 15400
201.04555409056576 436.5584415584416 10232 9.249307544315023 384.8766233766234 15500
201.21776976516315 438.4516129032258 10231 9.247161474136648 385.52258064516127 15600
201.60206437798854 439.0769230769231 10231 9.246616606752196 386.1025641025641 15700
202.10410537201943 440.47133757961785 10229 9.246041023269697 386.9108280254777 15800
202.58983837885816 438.95569620253167 10227 9.245228403241557 386.9620253164557 15900
203.0504601062281 437.45911949685535 10226 9.242576208326607 387.0503144654088 16000
203.41966889974847 436.51875 10224 9.24177439273885 387.2375 16100
203.66375229027264 435.8074534161491 10220 9.242958604165521 387.44099378881987 16200
203.94975006947902 437.1604938271605 10218 9.242230464633634 387.5432098765432 16300
204.22501286374282 438.95705521472394 10215 9.239937155357548 387.55828220858893 16400
204.64103817348874 440.4207317073171 10216 9.238161428487794 387.5792682926829 16500
205.01877441872122 439.55757575757576 10219 9.233976323149196 387.6666666666667 16600
205.20627315328576 438.3433734939759 10218 9.23109753542526 388.1024096385542 16700
205.36670826568624 437.19161676646706 10216 9.21816538594025 388.2694610778443 16800
205.66797402456464 436.0297619047619 10217 9.210347508076094 388.5416666666667 16900
205.9626348062975 435.1301775147929 10215 9.195437026906863 388.4792899408284 17000
206.0924559168893 434.2705882352941 10212 9.183383523592203 388.43529411764706 17100
206.24491676930853 433.7543859649123 10210 9.16884721303672 388.41520467836256 17200
206.53435732809115 432.54651162790697 10207 9.159541018880587 388.2151162790698 17300
206.8533968215758 432.6878612716763 10203 9.147763043161694 387.97109826589593 17400
207.07543355024848 432.735632183908 10201 9.144758657856167 387.71264367816093 17500
207.22341441456507 432.5542857142857 10202 9.142119618835665 387.42285714285714 17600
207.38417462212092 431.4375 10204 9.13653422843939 387.1761363636364 17700
207.67180597222404 429.98870056497174 10203 9.133000764499682 386.7231638418079 17800
207.94264859327563 428.79213483146066 10202 9.131359800041308 386.29213483146066 17900
208.1164824364728 427.93854748603354 10204 9.127767689946234 386.02793296089385 18000
208.3413504419329 427.34444444444443 10205 9.119256451006816 385.9111111111111 18100
208.57095819284424 426.8121546961326 10205 9.109076005115513 385.90055248618785 18200
208.94023344089481 425.7692307692308 10207 9.10103621021561 385.6263736263736 18300
209.32918486603742 425.327868852459 10209 9.094898185994639 385.2841530054645 18400
209.62174237466957 424.6902173913044 10210 9.090956158991359 385.01630434782606 18500
209.88681748776796 424.25945945945944 10211 9.09008738277054 384.8378378378378 18600
210.10267550463456 424.6720430107527 10213 9.092005238296709 384.4623655913978 18700
210.36714796685388 424.93582887700535 10213 9.099477732755698 384.096256684492 18800
210.61757590620343 425.5904255319149 10215 9.108759470583829 383.8191489361702 18900
211.26082031247097 425.4232804232804 10218 9.11832511712395 383.67195767195767 19000
211.91711436062474 425.2578947368421 10224 9.127461125279439 383.6736842105263 19100
212.57853825305526 424.89005235602093 10231 9.134319967555463 383.72774869109946 19200
213.10598230077093 425.4635416666667 10237 9.13512501402074 384.1458333333333 19300
213.56003895338952 425.81865284974094 10244 9.137842368705012 384.26943005181346 19400
213.90505616532133 426.00515463917526 10250 9.13680282150945 384.4484536082474 19500
214.2969068385509 425.53846153846155 10254 9.140659673137037 384.4974358974359 19600
214.7071644279777 425.0051020408163 10258 9.145724334668651 384.6734693877551 19700
215.15381128631023 424.0558375634518 10260 9.153591988674968 384.9137055837563 19800
215.48296095595887 423.72727272727275 10261 9.163605986895618 385.17676767676767 19900
215.8356980117174 423.31658291457285 10262 9.17610627234186 385.26633165829145 20000
216.25236312856265 422.67 10264 9.191225740980151 385.395 20100
216.75338595145556 421.7910447761194 10265 9.198877188371627 385.72636815920396 20200
217.1774522821737 421.24257425742576 10269 9.203752417485568 386.0693069306931 20300
217.70887764108477 421.2266009852217 10271 9.206770023954173 386.41379310344826 20400
218.01501471341024 421.4117647058824 10273 9.209198247658193 386.6029411764706 20500
218.23804247302576 422.35121951219514 10276 9.215223838862029 386.8048780487805 20600
218.55036465643 422.5533980582524 10280 9.219896430798512 387.0485436893204 20700
218.93918423272333 422.3961352657005 10282 9.224136356135764 387.17391304347825 20800
219.3952811328042 422.4326923076923 10285 9.232024473966192 387.15865384615387 20900
219.72702319607038 422.3636363636364 10285 9.24090586545017 387.10526315789474 21000
219.98143611970363 421.79047619047617 10287 9.252223680656709 387.0095238095238 21100
220.23066291782155 421.0331753554502 10288 9.262329802476419 386.9526066350711 21200
220.59489107216586 421.0943396226415 10290 9.26473733771345 387.0707547169811 21300
220.917934361685 422.8356807511737 10292 9.261733876034045 387.2676056338028 21400
221.1929428389412 424.5327102803738 10292 9.258833370262977 387.2943925233645 21500
221.44126344386638 425.63255813953486 10295 9.258161055584013 387.31627906976746 21600
221.56763375546865 425.7546296296296 10297 9.259056665989762 387.2037037037037 21700
221.75358488258667 425.0 10299 9.260002421972693 386.8341013824885 21800
221.9359933752507 424.58715596330273 10301 9.267792930740402 386.3165137614679 21900
221.94122602628497 424.0365296803653 10300 9.272174117025939 385.5662100456621 22000
221.97539190917624 423.35 10298 9.272391507403093 384.8772727272727 22100
221.85666391204433 422.56108597285066 10297 9.271681068977669 384.40723981900453 22200
221.8150280345662 421.64414414414415 10295 9.265952775874167 384.02702702702703 22300
221.9021192545642 420.6726457399103 10291 9.255395878699316 383.7982062780269 22400
221.94360125931658 419.3705357142857 10286 9.2485848691057 383.52232142857144 22500
221.8781852339102 418.18666666666667 10282 9.24136893635412 383.41777777777776 22600
221.79339607079552 417.4734513274336 10278 9.234287771330543 383.37168141592923 22700
221.78769946423924 416.62555066079295 10276 9.224445093923801 383.38766519823787 22800
221.73389664544726 415.81140350877195 10274 9.21427104484853 383.3640350877193 22900
221.67668108074878 415.44541484716154 10273 9.209820612125258 383.1965065502183 23000
221.6159414162517 415.0869565217391 10272 9.206999546897565 383.1478260869565 23100
221.62935153238215 414.7705627705628 10272 9.206428120287619 383.1774891774892 23200
221.727480102798 413.9698275862069 10272 9.207898770836461 383.1896551724138 23300
221.86818059469377 413.3690987124464 10271 9.210030301667832 383.25321888412014 23400
221.9484347925349 412.96581196581195 10271 9.209424111567465 383.2393162393162 23500
221.99488677078594 412.1787234042553 10272 9.211724434496965 383.11914893617023 23600
222.07124860779265 411.78389830508473 10274 9.212900863597094 383.0720338983051 23700
222.21705344652955 411.1603375527426 10274 9.213243550447144 382.9831223628692 23800
222.41002951646087 411.4159663865546 10277 9.21333619988916 382.97899159663865 23900
222.6208613271525 411.40167364016736 10281 9.21252726181431 383.05857740585776 24000
222.99142483652201 411.35833333333335 10284 9.214532888019335 383.2375 24100
223.31141194182564 410.70539419087135 10288 9.217014079355353 383.4356846473029 24200
223.4995139642675 409.90909090909093 10292 9.220015658475436 383.56198347107437 24300
223.69239489668956 409.30864197530866 10295 9.224095999228782 383.724279835391 24400
223.87673448576902 409.0163934426229 10298 9.22959576044444 383.8811475409836 24500
224.12054726473963 409.134693877551 10301 9.234743978119806 384.1102040816327 24600
224.41586777945955 409.4308943089431 10304 9.238924522496296 384.2317073170732 24700
224.67538144506423 409.50607287449395 10307 9.242439576482719 384.41295546558706 24800
224.95208745025752 409.4475806451613 10311 9.246328515899014 384.53225806451616 24900
225.31374044929473 409.2008032128514 10315 9.247314358319857 384.69879518072287 25000
225.7087412401763 409.432 10320 9.250193953345594 384.836 25100
226.14533099204584 409.66533864541833 10325 9.252462790707353 385.00796812749 25200
226.48177795056552 410.4404761904762 10330 9.25588458161074 384.94444444444446 25300
226.8671023878373 411.2490118577075 10334 9.259160712761338 384.85770750988144 25400
227.27290390771896 411.95669291338584 10340 9.266524763615148 384.79527559055117 25500
227.61856670348686 412.121568627451 10344 9.276300193009831 384.678431372549 25600
227.98693787223527 412.3046875 10347 9.284678132222991 384.59765625 25700
228.3483989544857 412.4630350194553 10351 9.288712180624568 384.5603112840467 25800
228.7323989678415 413.968992248062 10357 9.289873122924929 384.6744186046512 25900
229.16661545410324 415.4517374517375 10362 9.28913245146841 384.7953667953668 26000
229.49336260713605 417.1384615384615 10367 9.286921502479245 384.8961538461538 26100
229.8441754943755 417.8199233716475 10370 9.280713629545097 384.98850574712645 26200
230.21828647497657 418.80152671755724 10374 9.27468037141706 384.9465648854962 26300
230.55577215976814 419.2623574144487 10375 9.269911275568576 384.6920152091255 26400
230.9442243452634 419.5265151515151 10377 9.266068123573756 384.5378787878788 26500
231.30021650244444 419.022641509434 10380 9.261000232251128 384.3283018867925 26600
231.59791046186402 419.0263157894737 10381 9.255392076375111 384.09022556390977 26700
231.98644165652604 419.1573033707865 10383 9.25311367467906 383.8164794007491 26800
232.36670907774092 419.63432835820896 10385 9.25246772813175 383.6380597014925 26900
232.67255897809463 420.2267657992565 10386 9.249266377275594 383.6059479553903 27000
232.99120264560668 420.837037037037 10387 9.247940591981337 383.4925925925926 27100
233.17324627542 421.61623616236164 10388 9.242523837029376 383.4206642066421 27200
233.3675752549567 422.47058823529414 10389 9.236155014399243 383.3235294117647 27300
233.55977868930574 424.4981684981685 10389 9.231407193833677 383.2893772893773 27400
233.7304292116926 426.18978102189783 10389 9.230133273203542 383.2335766423358 27500
233.9431061181346 427.0763636363636 10389 9.229150970391892 383.23636363636365 27600
234.1864923977727 427.17391304347825 10390 9.229281967319636 383.34420289855075 27700
234.44976217842236 427.3429602888087 10391 9.232497555885269 383.39350180505414 27800
234.72393656879268 427.341726618705 10391 9.23481789208859 383.4640287769784 27900
235.0865850512174 427.6200716845878 10394 9.236726938570225 383.6272401433692 28000
235.37362690508644 428.98214285714283 10398 9.239727639064341 383.7964285714286 28100
235.70363312147077 431.02135231316726 10399 9.24439989507816 383.9217081850534 28200
236.05530642038212 432.5531914893617 10400 9.24717516859571 384.0851063829787 28300
236.39733242132928 432.4416961130742 10402 9.24756374700047 384.24028268551234 28400
236.65944974767734 432.2112676056338 10404 9.246251902820891 384.4577464788732 28500
236.85609142014556 432.1122807017544 10404 9.245387861056606 384.70175438596493 28600
237.00707079805701 431.36013986013984 10403 9.244446611459173 384.958041958042 28700
237.17420362199218 430.58188153310107 10402 9.242660063395109 385.3449477351916 28800
237.35805040296256 430.40625 10402 9.240848501482482 385.6423611111111 28900
237.54584820854146 430.11072664359864 10400 9.238647126608114 385.93079584775086 29000
237.90466665319505 429.88275862068963 10398 9.236838983807003 386.1275862068965 29100
238.27110716790835 429.58419243986253 10397 9.23761114696072 386.21305841924396 29200
238.60730217495814 429.3321917808219 10397 9.237675527472533 386.20205479452056 29300
238.81426829059035 429.0443686006826 10396 9.238121757933827 386.061433447099 29400
238.93795754936068 428.7959183673469 10396 9.240146287101853 386.1292517006803 29500
239.12228747842792 428.5050847457627 10395 9.241740795673676 386.22033898305085 29600
239.3695700107117 428.3885135135135 10395 9.242841561794938 386.5067567567568 29700
239.52097536534555 428.0942760942761 10395 9.24493591635073 386.67676767676767 29800
239.6526050527586 428.1979865771812 10394 9.246127406564318 386.8691275167785 29900
239.8191517006128 427.6254180602007 10392 9.24538999391909 387.1638795986622 30000
240.0300509026697 426.98333333333335 10390 9.2419794346801 387.59 30100
240.25294993017945 426.53820598006644 10389 9.236660651312478 388.1063122923588 30200
240.469905862517 426.1523178807947 10388 9.231037475442111 388.50993377483445 30300
240.67205680136598 425.82508250825083 10389 9.220834496591545 388.9306930693069 30400
240.77318000633224 425.3980263157895 10390 9.210775141989846 389.23026315789474 30500
240.8024981705125 425.05573770491804 10391 9.200527047698005 389.2918032786885 30600
240.8636045831755 424.4019607843137 10390 9.193122654106494 389.3333333333333 30700
240.96581295595539 424.04560260586317 10390 9.184965540864743 389.30944625407164 30800
241.16157967961337 423.57142857142856 10390 9.18013010785516 389.19805194805195 30900
241.3008668371525 423.59223300970876 10389 9.179616018819203 389.0873786407767 31000
241.46646323387887 423.4516129032258 10390 9.182262418758496 389.06129032258065 31100
241.57973172429297 423.63022508038586 10389 9.183941785433053 389.0739549839228 31200
241.73225005941907 424.01602564102564 10389 9.184634279710512 389.1057692307692 31300
241.87070204419405 423.9776357827476 10389 9.185908078603875 389.1405750798722 31400
242.0446393072779 423.5732484076433 10389 9.184081125799274 389.1050955414013 31500
242.21686512584643 423.1174603174603 10389 9.182563034456866 389.0952380952381 31600
242.38509219433695 422.72151898734177 10388 9.181861203062146 389.02848101265823 31700
242.58919987467308 422.608832807571 10387 9.181530167963915 388.94637223974763 31800
242.85172515167204 422.47169811320754 10389 9.182589879758114 388.95911949685535 31900
243.1040764821576 422.29780564263325 10390 9.185507176521158 388.87774294670845 32000
243.4218503164077 422.10625 10393 9.187639730745474 388.809375 32100
243.71805441266287 421.8753894080997 10396 9.189660677491949 388.6323987538941 32200
243.95981837764333 421.5372670807453 10399 9.191384342627265 388.50931677018633 32300
244.24164573576945 421.5603715170279 10401 9.193178302350814 388.374613003096 32400
244.46480224091277 421.6604938271605 10402 9.198822008610334 388.2808641975309 32500
244.64174190055695 421.7353846153846 10404 9.201846612220203 388.2061538461538 32600
244.79598317698776 421.29754601226995 10405 9.204924163118694 388.1963190184049 32700
244.92398394824247 420.9724770642202 10405 9.206631299912633 388.24464831804283 32800
245.04416883494494 420.7530487804878 10405 9.208087334139472 388.3658536585366 32900
245.1966350886996 420.4255319148936 10406 9.207532786089326 388.5015197568389 33000
245.46088899027814 420.6242424242424 10408 9.205767535222387 388.6333333333333 33100
245.78842632860378 421.0060422960725 10409 9.203966896437912 388.73111782477343 33200
246.13879356759873 421.605421686747 10411 9.199679308812732 388.72289156626505 33300
246.4688263934506 421.4714714714715 10414 9.195933668102725 388.6336336336336 33400
246.74421278711483 421.622754491018 10417 9.192427878677268 388.39820359281435 33500
246.96814267232324 421.5731343283582 10418 9.189390780531964 388.1701492537313 33600
247.18427907393766 421.7172619047619 10419 9.187339022256571 387.80357142857144 33700
247.30939836013422 422.0148367952522 10418 9.18732263994073 387.51632047477744 33800
247.3674379314219 422.65384615384613 10418 9.189911922071083 387.31360946745565 33900
247.44261234828494 422.8879056047198 10419 9.19078194143031 387.1622418879056 34000
247.56116013799064 422.55 10420 9.191271238241226 387.06470588235294 34100
247.6331367091482 422.2316715542522 10420 9.190927551542789 387.07038123167155 34200
247.70757262597618 421.7719298245614 10418 9.191377551644146 387.2134502923977 34300
247.75137640696033 421.265306122449 10416 9.190618533950602 387.4344023323615 34400
247.75716065448742 420.9360465116279 10414 9.186452711926258 387.76453488372096 34500
247.7855667990075 420.42028985507244 10411 9.181191772388583 388.1449275362319 34600
247.8162515577429 419.89306358381504 10408 9.177930037725458 388.3554913294798 34700
247.97144401928915 419.4121037463977 10406 9.176638394186567 388.6253602305475 34800
248.1350585987034 419.4051724137931 10404 9.175072131408353 388.85919540229884 34900
248.23202793936775 419.5300859598854 10401 9.175599071888485 389.025787965616 35000
248.33254542786455 419.5914285714286 10399 9.17345450311166 389.2685714285714 35100
248.45867251977154 419.15669515669515 10398 9.173325587513636 389.5042735042735 35200
248.58624297826634 419.28125 10397 9.171445764557564 389.7556818181818 35300
248.68373691962557 419.25779036827197 10396 9.16973680153667 389.9886685552408 35400
248.76223531217443 419.5169491525424 10396 9.168415871757118 390.183615819209 35500
248.85712997462488 419.3830985915493 10396 9.168504841132448 390.26197183098594 35600
248.96357585955255 419.7331460674157 10395 9.170968182998521 390.2780898876405 35700
249.09251344500453 420.33613445378154 10395 9.174754623025773 390.2773109243698 35800
249.29533271933624 420.91620111731845 10396 9.182247327590346 390.2290502793296 35900
249.52419864629053 421.42896935933146 10397 9.190484897384582 390.12534818941504 36000
249.74891794137397 421.68611111111113 10399 9.196710823174675 390.075 36100
249.92062656033664 421.90858725761774 10400 9.199773467934289 390.13573407202216 36200
250.05993885018384 421.69613259668506 10400 9.204039801024281 390.2182320441989 36300
250.20521315337288 421.29201101928373 10400 9.210845252273941 390.30027548209364 36400
250.33731546202497 420.8434065934066 10401 9.218507765317145 390.3241758241758 36500
250.52006884674535 420.8712328767123 10401 9.226192006546286 390.35890410958905 36600
250.66945378811045 421.53551912568304 10402 9.235956509260642 390.38524590163934 36700
250.81306394332043 422.6457765667575 10403 9.242889837041616 390.558583106267 36800
250.9180135368611 423.3858695652174 10403 9.250457467315355 390.7119565217391 36900
251.0093556745971 423.3821138211382 10403 9.255418506919057 390.9810298102981 37000
251.12176901263572 423.0945945945946 10404 9.258917375819276 391.27837837837836 37100
251.29003665571713 422.96495956873315 10403 9.258893339765855 391.5175202156334 37200
251.4530285534138 422.69354838709677 10403 9.25856395884273 391.76881720430106 37300
251.5671191760637 422.44235924932974 10403 9.257322378645979 392.12332439678283 37400
251.6950013637475 422.168449197861 10402 9.255297452499867 392.51069518716577 37500
251.83030287872708 421.8346666666667 10402 9.255083325959868 392.8213333333333 37600
251.91632837645568 421.8005319148936 10401 9.255768797201519 393.06117021276594 37700
252.02116302249865 421.60212201591514 10401 9.25273926820002 393.2307692307692 37800
252.13720157903072 421.23809523809524 10400 9.251209319354652 393.2883597883598 37900
252.18863756218045 421.49076517150394 10401 9.252493978770856 393.27704485488124 38000
252.29984503081195 422.0315789473684 10399 9.25344435346787 393.2342105263158 38100
252.4584287092313 423.18110236220474 10399 9.252404192060192 393.20734908136484 38200
252.59552667406257 423.3821989528796 10399 9.253325036234553 393.151832460733 38300
252.6816922126841 423.6866840731071 10399 9.252446032658659 393.02872062663187 38400
252.72830472075512 423.5494791666667 10398 9.255635685509215 392.8932291666667 38500
252.78766418731527 423.14805194805194 10398 9.256356978100966 392.9246753246753 38600
252.83693809614635 422.55440414507774 10399 9.258790385344003 393.0362694300518 38700
252.8940691594076 422.17054263565893 10398 9.259809173042054 393.19121447028425 38800
252.95788589730762 422.2087628865979 10396 9.261046778266172 393.3814432989691 38900
253.05845398687794 422.17480719794344 10395 9.263428406085538 393.58868894601545 39000
253.19136289149117 422.84358974358975 10395 9.264771497461098 393.8051282051282 39100
253.30830276181018 423.02813299232736 10394 9.266242670101862 394.0562659846547 39200
253.4756406892495 423.3112244897959 10394 9.266760897359516 394.26275510204084 39300
253.6197800400017 423.2264631043257 10393 9.266274156394513 394.45547073791346 39400
253.83637345744552 423.84263959390864 10393 9.267259616542104 394.6446700507614 39500
254.094050514522 424.7012658227848 10393 9.268009937420823 394.82025316455696 39600
254.36447290641857 425.6540404040404 10394 9.269484285689588 394.8989898989899 39700
254.68645842084547 425.5743073047859 10395 9.26977768777168 395.0428211586902 39800
254.996278575425 425.49497487437185 10398 9.269658201677336 395.1356783919598 39900
255.30624338566372 425.3809523809524 10401 9.266388161775142 395.16040100250626 40000
255.54523785819973 425.515 10403 9.265675021559382 395.2025 40100
255.7592968847104 425.84788029925187 10405 9.265648156071165 395.2493765586035 40200
255.94036998691394 426.5124378109453 10406 9.266408803870561 395.26119402985074 40300
256.17458525995363 427.01488833746896 10408 9.267806765235752 395.1290322580645 40400
256.41887698983646 427.2004950495049 10409 9.269503996935894 394.990099009901 40500
256.67796824913165 427.00493827160494 10411 9.26860886791676 394.76296296296294 40600
256.9252148160759 426.8743842364532 10412 9.270021420614398 394.5689655172414 40700
257.1345500263314 426.8132678132678 10412 9.271814979777508 394.35135135135135 40800
257.31444006164855 426.8651960784314 10412 9.273083751111901 394.2156862745098 40900
257.49337981422116 426.9511002444988 10413 9.271775710737778 394.158924205379 41000
257.63712678425145 426.89756097560974 10413 9.269671601465468 394.10243902439026 41100
257.74789761994924 427.0559610705596 10412 9.265669967398644 394.0 41200
257.86815640162297 427.05825242718447 10411 9.26119274085539 393.8252427184466 41300
257.9085264786589 426.95641646489105 10410 9.257766496558293 393.6271186440678 41400
257.96600525490175 426.58937198067633 10410 9.253225461005682 393.4830917874396 41500
258.043720742847 426.16144578313254 10410 9.248173984581808 393.344578313253 41600
258.1647365850784 425.74759615384613 10409 9.243903609891005 393.18028846153845 41700
258.28762980661156 425.4220623501199 10407 9.240920627613088 393.0 41800
258.42869309875425 425.2200956937799 10407 9.238596010727006 392.8468899521531 41900
258.5715653223242 424.8090692124105 10406 9.235104159159834 392.6873508353222 42000
258.744645193811 424.65 10407 9.233254704812628 392.55 42100
258.84527761764434 424.2684085510689 10407 9.232649018743157 392.38004750593825 42200
258.8983088661973 423.86255924170615 10407 9.229826785681363 392.31516587677726 42300
258.9054446387016 423.5082742316785 10407 9.22815281959331 392.2033096926714 42400
258.91984047466315 423.63443396226415 10406 9.226794378775976 392.04952830188677 42500
258.9597007971889 423.74117647058824 10406 9.226888195923955 391.93176470588236 42600
259.0233064138817 423.7488262910798 10407 9.22640350101161 391.8779342723005 42700
259.11575270057136 423.62997658079627 10407 9.225729899159601 391.8618266978923 42800
259.2401555629013 423.80841121495325 10408 9.226137072292406 391.7570093457944 42900
259.3394345299812 424.032634032634 10408 9.227147415872343 391.68298368298366 43000
259.4678964842517 424.2 10410 9.226515806894863 391.61162790697676 43100
259.64367098138405 424.3665893271462 10410 9.224644540521556 391.5429234338747 43200
259.80328074726435 424.3587962962963 10411 9.221902307788868 391.47222222222223 43300
259.95245700550754 424.9076212471132 10412 9.22054145502544 391.41108545034643 43400
260.0974710568332 425.51382488479265 10413 9.2188812212581 391.3778801843318 43500
260.2211508192858 426.73793103448276 10414 9.217228620749461 391.3149425287356 43600
260.37078792848166 427.9770642201835 10416 9.21741846336242 391.26376146788994 43700
260.49383706118704 429.41647597254007 10418 9.219069165986772 391.1899313501144 43800
260.6916177713276 430.07990867579906 10420 9.219578842987504 391.1095890410959 43900
260.85322395366853 430.4851936218679 10422 9.221794626243359 390.99544419134395 44000
261.080029933623 430.9931818181818 10423 9.225049288806092 390.8954545454545 44100
261.2606724860679 431.42857142857144 10425 9.227448312795023 390.8820861678005 44200
261.3971341184753 431.11990950226243 10426 9.229462337107305 390.91402714932127 44300
261.5064078343919 430.78781038374717 10427 9.232441021691358 390.95936794582394 44400
261.66683703160834 430.5 10429 9.235962367064456 391.09234234234236 44500
261.8400749814679 430.2584269662921 10430 9.23868824846844 391.2898876404494 44600
261.9523974991363 430.0896860986547 10431 9.242487901125088 391.5695067264574 44700
262.07191778818094 430.1767337807606 10432 9.244962955505798 391.9686800894855 44800
262.13564132890855 430.00669642857144 10432 9.248765980044217 392.28794642857144 44900
262.24999443245923 429.7661469933185 10432 9.254949129309152 392.5478841870824 45000
262.3475432089475 430.0177777777778 10433 9.261660353466242 392.8 45100
262.43162040826036 430.4789356984479 10433 9.268690890226699 393.0509977827051 45200
262.4770669368426 431.1946902654867 10433 9.27413566642029 393.34513274336285 45300
262.59462503342814 431.65562913907286 10433 9.276976372696971 393.6887417218543 45400
262.70383246011215 431.77973568281936 10434 9.277853076721868 394.00881057268725 45500
262.8211808704304 431.66373626373627 10434 9.277608710985483 394.3296703296703 45600
262.94468956451817 431.9627192982456 10434 9.276780621707006 394.68859649122805 45700
263.0491560453385 432.17286652078775 10434 9.274627235066134 395.07877461706784 45800
263.21185289327434 432.4301310043668 10434 9.272034067569788 395.4279475982533 45900
263.41348850827393 432.1263616557734 10434 9.269485062665119 395.6928104575163 46000
263.54291173876135 431.75652173913045 10434 9.268145010842998 395.8695652173913 46100
263.72930758200306 431.46637744034706 10433 9.263522689565596 396.09544468546636 46200
263.88433820285576 431.11471861471864 10432 9.261495417676759 396.2077922077922 46300
264.0180664901852 430.75161987041037 10432 9.26084912984364 396.2246220302376 46400
264.15688705880433 430.6228448275862 10432 9.259610822472867 396.18318965517244 46500
264.2903717766192 430.458064516129 10431 9.258481968827873 396.2 46600
264.42407291421205 430.3476394849785 10431 9.257507432040875 396.15021459227466 46700
264.54358118665215 430.2398286937902 10431 9.25762221507957 396.0364025695931 46800
264.7541200078605 430.1431623931624 10431 9.259487199198222 395.89957264957263 46900
264.94206333264924 430.1641791044776 10431 9.260000019669015 395.78464818763325 47000
265.1468801129244 430.25531914893617 10432 9.259955616296917 395.71276595744683 47100
265.3617980918389 430.07643312101914 10432 9.258961372242501 395.5562632696391 47200
265.5268495251197 429.8707627118644 10433 9.256811971971743 395.4237288135593 47300
265.67476028806357 429.67019027484145 10433 9.252913941329648 395.32346723044395 47400
265.7878519768196 429.55274261603375 10434 9.250083133670959 395.07383966244726 47500
265.89321605497355 429.48842105263157 10433 9.249968542176733 394.81052631578945 47600
265.9840764323409 429.19747899159665 10433 9.249968608264597 394.5693277310924 47700
266.06066996134115 429.40880503144655 10433 9.250336665511197 394.32914046121596 47800
266.1662509991944 429.64016736401675 10432 9.248976128554062 394.1276150627615 47900
266.2191817597768 429.6409185803758 10433 9.248655172325845 393.8580375782881 48000
266.3048871936439 429.2604166666667 10434 9.250324640716833 393.62291666666664 48100
266.33298136126245 429.3222453222453 10434 9.252143092607236 393.44490644490645 48200
266.36637140908437 429.3298755186722 10434 9.25263319426785 393.3900414937759 48300
266.3986603508769 429.48033126293996 10434 9.252849570381462 393.3581780538302 48400
266.45506045514793 429.6322314049587 10434 9.253687766693414 393.31198347107437 48500
266.5262797839777 429.78144329896907 10434 9.253473977483736 393.2536082474227 48600
266.587080624864 429.89506172839504 10434 9.251948712348897 393.2448559670782 48700
266.6466455429434 429.73305954825463 10434 9.250153700162919 393.258726899384 48800
266.7241399527443 429.53483606557376 10434 9.247549218536902 393.28688524590166 48900
266.8033389919547 429.1247443762781 10433 9.245624010419197 393.32106339468305 49000
266.86645075225147 428.7734693877551 10433 9.243694165499976 393.27142857142854 49100
266.9649754723582 428.70875763747455 10432 9.240761838418768 393.1649694501018 49200
267.0758342729448 429.1524390243902 10432 9.240834671561577 393.0040650406504 49300
267.1628306662243 429.9006085192698 10433 9.239147564538312 392.78296146044624 49400
267.2514044873996 430.1761133603239 10433 9.238883491841218 392.5404858299595 49500
267.31082902059967 429.8949494949495 10433 9.238271949863288 392.33535353535353 49600
267.37695806542604 429.40524193548384 10432 9.237567548530679 392.1209677419355 49700
267.3831574771 428.9758551307847 10432 9.235646102146616 391.90342052313883 49800
267.3848835621257 428.66265060240966 10432 9.234532055884937 391.7168674698795 49900
267.40293675752014 428.2324649298597 10433 9.234573713386041 391.58917835671343 50000
267.45750472906553 428.3 10433 9.23572956595927 391.508 50100
267.4067670447078 428.45508982035926 10434 9.238978880924693 391.4451097804391 50200
267.3548617936373 428.6434262948207 10434 9.241775451167584 391.4163346613546 50300
267.32070505408217 428.42147117296224 10433 9.244252646847269 391.41749502982105 50400
267.2970672838165 428.26785714285717 10434 9.245279734377144 391.43055555555554 50500
267.2485443026051 428.02772277227723 10434 9.24682373490313 391.42970297029706 50600
267.19065785992655 427.701581027668 10434 9.246285266996916 391.37747035573125 50700
267.14908465294536 427.32544378698225 10433 9.245344331103885 391.35897435897436 50800
267.0985793972857 426.8956692913386 10432 9.24398072332405 391.3346456692913 50900
267.0296539186785 426.65225933202356 10432 9.24379608536074 391.1787819253438 51000
266.9730886421804 426.84901960784316 10431 9.242664459049577 391.10196078431375 51100
266.9501819851792 427.17808219178085 10430 9.242096389564901 391.03718199608613 51200
266.9231105209009 427.095703125 10431 9.241856059934985 390.96484375 51300
266.9070767910273 426.869395711501 10430 9.241168014767254 390.8966861598441 51400
266.87944600066714 426.7548638132296 10430 9.2423728729414 390.8307392996109 51500
266.8550647654096 426.55728155339807 10429 9.245878205319416 390.70873786407765 51600
266.79863350091625 426.4515503875969 10429 9.247859628725632 390.6007751937984 51700
266.7469644610892 426.30560928433266 10428 9.249116062514238 390.60154738878146 51800
266.7102049249927 426.003861003861 10428 9.250120144959636 390.6467181467182 51900
266.64498229234414 425.7302504816956 10427 9.253063608606684 390.72447013487476 52000
266.6032752143938 425.50961538461536 10426 9.255034212778167 390.75961538461536 52100
266.5978331502013 425.1228406909789 10425 9.25572586422271 390.78119001919384 52200
266.60212145394405 425.0727969348659 10424 9.256170460034635 390.7758620689655 52300
266.6320632784 424.9598470363289 10423 9.256827877893079 390.75143403441683 52400
266.63907505741696 424.8702290076336 10421 9.258055305607021 390.6965648854962 52500
266.64660187994 424.44 10421 9.258373295501105 390.6742857142857 52600
266.67024426498426 423.98669201520914 10420 9.256423076573412 390.70532319391634 52700
266.71649235488195 423.527514231499 10419 9.256117222718887 390.6774193548387 52800
266.74826014822156 423.1439393939394 10418 9.257110348821461 390.5719696969697 52900
266.7614506530378 422.9187145557656 10416 9.26078310808645 390.4461247637051 53000
266.7326161338509 423.0943396226415 10415 9.2623665361844 390.3698113207547 53100
266.7022620301291 423.1902071563089 10414 9.264479999175796 390.29378531073445 53200
266.68467201356754 423.20676691729324 10413 9.267544391737692 390.23496240601503 53300
266.6826158529749 422.85553470919325 10412 9.269856691190341 390.18011257035647 53400
266.67993955635734 422.5842696629214 10410 9.270688955278535 390.185393258427 53500
266.64479978862147 422.21682242990653 10409 9.270710193272503 390.26542056074766 53600
266.63012354301844 421.76119402985074 10407 9.269045395110387 390.35074626865674 53700
266.62539242837335 421.27932960893855 10406 9.266727601532718 390.45065176908753 53800
266.6103071785992 420.9925650557621 10404 9.265213946051023 390.51486988847586 53900
266.5687032096671 420.708719851577 10402 9.264185925949093 390.543599257885 54000
266.5569291030999 420.47407407407405 10401 9.263861301806388 390.5537037037037 54100
266.5705660052481 420.11829944547134 10400 9.263121514489992 390.53789279112755 54200
266.5699013815177 419.7527675276753 10398 9.26326503400368 390.520295202952 54300
266.5919333542256 419.5985267034991 10397 9.262900305379924 390.49907918968694 54400
266.6315830230053 419.4485294117647 10397 9.262263846485231 390.4632352941176 54500
266.72160031157046 419.61467889908255 10397 9.262814738510029 390.42935779816514 54600
266.8353201701041 420.1465201465202 10397 9.263498894000604 390.38461538461536 54700
266.8737830027269 420.6489945155393 10398 9.262278136755357 390.3345521023766 54800
266.9189895394718 420.55474452554745 10399 9.262830945614024 390.242700729927 54900
267.03579452017885 420.45719489981786 10400 9.263223349847085 390.07832422586523 55000
267.11496859413546 420.27272727272725 10401 9.261756619645782 389.9290909090909 55100
267.19519722057004 420.1433756805808 10402 9.260002895373203 389.7767695099819 55200
267.25789995823607 419.90036231884056 10402 9.25996320758828 389.5978260869565 55300
267.3446586035534 419.9240506329114 10402 9.260612546487843 389.4104882459313 55400
267.4358201501336 419.7292418772563 10401 9.259497464531831 389.2509025270758 55500
267.4829351262925 419.4936936936937 10401 9.257437611568292 389.1225225225225 55600
267.5006678788864 419.14208633093523 10400 9.255689907744815 388.9568345323741 55700
267.498480674428 418.7253141831239 10399 9.25440224460427 388.74865350089766 55800
267.52994389692117 418.39247311827955 10397 9.254748062124786 388.56093189964156 55900
267.5730039254088 418.11985688729874 10396 9.255576685838246 388.42039355992847 56000
267.57963929216817 417.8392857142857 10394 9.256310775089725 388.32142857142856 56100
267.6165388033104 417.5918003565062 10393 9.25504750997837 388.2816399286988 56200
267.64409030807093 417.3612099644128 10391 9.251808604460074 388.270462633452 56300
267.6441653417863 417.1651865008881 10390 9.24981189215103 388.21669626998226 56400
267.66952199558517 417.1258865248227 10389 9.24641388052192 388.1968085106383 56500
267.7308759814729 416.9699115044248 10389 9.242739188283753 388.2088495575221 56600
267.7606332175069 416.9575971731449 10387 9.239680687786745 388.160777385159 56700
267.7783126771399 417.0440917107584 10386 9.236632975651277 388.1216931216931 56800
267.8054660434744 417.2464788732394 10385 9.233384157644544 388.05457746478874 56900
267.8238573095896 417.3304042179262 10385 9.228909844537963 388.0298769771529 57000
267.858879251937 417.84736842105264 10383 9.225238710839411 388.0859649122807 57100
267.87584009563045 418.6059544658494 10383 9.221301817698315 388.0858143607706 57200
267.93359426063944 419.3479020979021 10382 9.218252815791976 388.06293706293707 57300
268.0271242008477 419.49912739965094 10382 9.214659164994941 388.020942408377 57400
268.1336557227366 419.27003484320556 10382 9.210682090111357 387.9459930313589 57500
268.222707597394 419.055652173913 10381 9.206758374223416 387.85391304347826 57600
268.32008469657643 419.00347222222223 10379 9.2041551775202 387.7638888888889 57700
268.3940116299628 418.75043327556324 10378 9.201712745314572 387.7088388214905 57800
268.5041873779257 418.47058823529414 10376 9.19963365751991 387.69204152249137 57900
268.64513891720435 418.20725388601034 10375 9.197432217696905 387.7253886010363 58000
268.75755915512167 417.8810344827586 10373 9.195833662615133 387.8431034482759 58100
268.8478103777687 417.6643717728055 10371 9.194683824603365 387.98106712564544 58200
268.9268419989671 417.4810996563574 10370 9.193188361544467 388.09450171821305 58300
269.0036302288451 417.27444253859346 10369 9.192134774935335 388.2401372212693 58400
269.066746968697 417.10445205479454 10367 9.19203717281239 388.3732876712329 58500
269.12811599469734 416.85299145299143 10365 9.192518620740106 388.44786324786327 58600
269.1956623616666 416.641638225256 10364 9.192459535614 388.60921501706486 58700
269.24496613784964 416.412265758092 10363 9.191993537970568 388.717206132879 58800
269.3023160090724 416.22278911564626 10362 9.192736017376351 388.7670068027211 58900
269.3205320083067 415.9066213921902 10360 9.193643549990776 388.8471986417657 59000
269.3385767264085 415.53898305084743 10358 9.192609125894746 388.97118644067797 59100
269.372193957921 415.3739424703892 10356 9.191155190543542 389.14890016920475 59200
269.43367276205464 415.39527027027026 10354 9.190456917886843 389.2905405405405 59300
269.5202937659911 415.3035413153457 10352 9.189406514260671 389.4451939291737 59400
269.64586281856003 415.1026936026936 10350 9.188041147028548 389.550505050505 59500
269.82172977744517 415.02521008403363 10348 9.186725792840944 389.65546218487395 59600
269.9623037214272 414.8255033557047 10346 9.187371267301662 389.68120805369125 59700
270.08354936939054 414.49916247906197 10344 9.186792932286345 389.59966499162476 59800
270.1722393477304 414.17725752508363 10342 9.186172525164936 389.5183946488294 59900
270.2815051583236 413.8931552587646 10340 9.18389262582495 389.4724540901502 60000
270.39550643517794 413.55 10338 9.18323526092226 389.45666666666665 60100
270.45896499854626 413.1780366056572 10336 9.18353122739512 389.38269550748754 60200
270.49872301076175 412.87541528239205 10334 9.184252350038689 389.297342192691 60300
270.47977044355764 412.56053067993366 10333 9.18468384604931 389.23051409618574 60400
270.4734661224142 412.19867549668874 10331 9.18488396477366 389.19867549668874 60500
270.4566367627412 412.07438016528926 10329 9.184672822446997 389.1636363636364 60600
270.49536185704255 411.9240924092409 10327 9.184234284652396 389.14686468646863 60700
270.534966131166 412.0658978583196 10325 9.184068055737537 389.17462932454697 60800
270.56536974145985 412.85032894736844 10324 9.186278104622472 389.20723684210526 60900
270.59437549035613 413.6502463054187 10322 9.188694552294425 389.26765188834156 61000
270.6289593863014 414.45081967213116 10320 9.191534483571942 389.3622950819672 61100
270.6675265977177 414.5646481178396 10318 9.194317392587195 389.5351882160393 61200
270.7348684185963 414.80392156862746 10317 9.196083213841137 389.7075163398693 61300
270.8307227191419 414.8058727569331 10316 9.195246090864673 389.92495921696576 61400
270.9422577465895 414.8469055374593 10314 9.194154484853492 390.08631921824104 61500
271.01973362912435 414.780487804878 10313 9.193635534471616 390.1821138211382 61600
271.1477257226121 414.6461038961039 10312 9.194113082107293 390.21915584415586 61700
271.2593756640037 414.53646677471636 10311 9.194510021018372 390.2479740680713 61800
271.3489862238795 414.49676375404533 10310 9.19446496704693 390.2071197411003 61900
271.4450403060189 414.4798061389338 10308 9.194689310126552 390.1873990306947 62000
271.5671046144539 414.5064516129032 10307 9.194610510163981 390.18064516129033 62100
271.71840491324537 414.35909822866347 10307 9.1956973937505 390.1803542673108 62200
271.9274825842041 414.2974276527331 10306 9.195109113750968 390.2138263665595 62300
272.04000373020585 414.0561797752809 10305 9.196546994934208 390.18940609951846 62400
272.138976715924 413.875 10304 9.198546830590475 390.1923076923077 62500
272.2692519072374 413.6944 10304 9.202047337479712 390.1904 62600
272.4235079125069 413.59584664536743 10304 9.204120744288849 390.1932907348243 62700
272.6473355689807 413.3732057416268 10303 9.20618753736016 390.2121212121212 62800
272.86737658971623 413.32643312101914 10303 9.208559296335562 390.2643312101911 62900
273.0518639037654 413.181240063593 10303 9.210155809310303 390.3116057233704 63000
273.16565695046023 413.0936507936508 10303 9.211444036804151 390.35238095238094 63100
273.3066912442979 412.86529318541994 10302 9.212086789957544 390.4421553090333 63200
273.4192826958676 412.60917721518985 10302 9.212377528159088 390.53164556962025 63300
273.52481283087576 412.2780410742496 10302 9.212138739788845 390.59399684044234 63400
273.61558446371185 411.94637223974763 10302 9.212182684994225 390.63091482649844 63500
273.7004453280829 411.6944881889764 10301 9.211666830977881 390.64409448818895 63600
273.74045991727144 411.49685534591197 10300 9.210193313639742 390.6839622641509 63700
273.7904972845112 411.320251177394 10299 9.210294281442382 390.70486656200944 63800
273.8239727821353 411.1880877742947 10299 9.210246798242629 390.7382445141066 63900
273.84370402204524 411.0219092331768 10299 9.211418843430776 390.6713615023474 64000
273.8647744559153 410.88125 10299 9.212950203615575 390.5375 64100
273.90973806547584 410.65210608424337 10299 9.21350945223931 390.4305772230889 64200
273.9714159224731 410.5607476635514 10299 9.215338495307535 390.3411214953271 64300
274.027974726458 410.3872472783826 10299 9.217948570775604 390.2814930015552 64400
274.1190749879416 410.20962732919253 10299 9.221071580241274 390.2142857142857 64500
274.2119722513409 410.07131782945737 10300 9.223795155741332 390.1984496124031 64600
274.27957573142385 409.79256965944273 10300 9.226544698843899 390.22910216718265 64700
274.35208943560787 409.65996908809893 10300 9.23001786655902 390.2472952086553 64800
274.4396618872797 409.63734567901236 10300 9.232874445593776 390.27777777777777 64900
274.5043876228745 409.81972265023114 10299 9.235518272254984 390.26348228043145 65000
274.5853329533916 410.14153846153846 10299 9.239021814163545 390.2830769230769 65100
274.66885290742283 410.17818740399383 10299 9.241427123279701 390.3333333333333 65200
274.7704599837407 410.14723926380367 10299 9.242624661775011 390.3834355828221 65300
274.8957985891321 409.95865237366 10299 9.243750470528461 390.43185298621745 65400
275.04590271631014 409.7889908256881 10299 9.245004414437796 390.4908256880734 65500
275.1929227295523 409.89618320610685 10299 9.24520288098064 390.5465648854962 65600
275.33962058938187 409.9908536585366 10300 9.245525013386356 390.6082317073171 65700
275.46469195606255 410.0091324200913 10300 9.246223674636216 390.6697108066971 65800
275.59405641526223 409.74924012158056 10300 9.247038849440191 390.72036474164133 65900
275.69095752433464 409.4157814871017 10300 9.247632565711664 390.7556904400607 66000
275.7373751752718 409.1 10299 9.248078071925232 390.7909090909091 66100
275.78756998447744 408.9167927382753 10298 9.246802253215455 390.8517397881997 66200
275.84845197234927 408.92598187311177 10297 9.245494322894814 390.94108761329306 66300
275.87165983150675 408.85369532428354 10296 9.245455134165141 390.99095022624437 66400
275.87762996561145 408.6566265060241 10295 9.244370111372724 390.99548192771084 66500
275.85714503755395 408.3097744360902 10293 9.243462826454909 390.8902255639098 66600
275.85114150166663 408.015015015015 10292 9.243347516905677 390.78678678678676 66700
275.8767310784326 407.74662668665667 10291 9.243823720942935 390.7136431784108 66800
275.87789095906226 407.57185628742513 10290 9.242893179777186 390.687125748503 66900
275.9083994154823 407.48579970104635 10289 9.24266009060224 390.6576980568012 67000
275.94254651794694 407.64776119402984 10287 9.24204915514363 390.58358208955224 67100
275.9661693843304 407.7406855439642 10287 9.242956777609567 390.53055141579733 67200
275.9690590481682 407.7857142857143 10287 9.245053826918248 390.4717261904762 67300
275.9751815802426 407.66864784546806 10288 9.246486588431862 390.43536404160477 67400
275.9878027481788 407.49554896142433 10288 9.249194217486753 390.39020771513356 67500
275.9923592999257 407.2311111111111 10288 9.251824137525889 390.3466666666667 67600
276.00460595201076 407.0147928994083 10287 9.254445417683112 390.3343195266272 67700
276.05074742222916 406.8271787296898 10287 9.255949526774756 390.34859675036927 67800
276.0550363334963 406.61356932153393 10286 9.257118893973917 390.3834808259587 67900
276.07982495397124 406.69955817378496 10286 9.257356722776846 390.4315169366716 68000
276.08998357839613 406.6970588235294 10286 9.258599674805945 390.4529411764706 68100
276.12041935486724 406.7738619676946 10286 9.259100996869373 390.5242290748899 68200
276.15687766460377 406.65982404692085 10286 9.258899897489083 390.65102639296185 68300
276.17776502780464 406.5959004392387 10286 9.258191405691882 390.8155197657394 68400
276.2328270240868 406.3830409356725 10285 9.259388381819413 390.9093567251462 68500
276.3172639364273 406.1766423357664 10284 9.259179463115686 391.04087591240875 68600
276.38341078303597 406.2930029154519 10284 9.258730541904432 391.2142857142857 68700
276.47222605660085 406.8937409024745 10284 9.258317542571238 391.3770014556041 68800
276.5372695412421 407.6482558139535 10284 9.257975883081969 391.4912790697674 68900
276.6281042660204 408.2801161103048 10284 9.257398944378334 391.59071117561683 69000
276.7222518312229 408.54927536231884 10284 9.25470706185025 391.65942028985506 69100
276.81487788869487 408.6136034732272 10285 9.2520591500386 391.698986975398 69200
276.8995906386079 408.52456647398844 10285 9.24974208284006 391.73121387283237 69300
276.93297623545504 408.4271284271284 10284 9.246315326587764 391.7171717171717 69400
276.9881597236813 408.3904899135447 10284 9.243300241324448 391.63832853025934 69500
277.0441136102855 408.48920863309354 10283 9.240576068315347 391.49352517985614 69600
277.0691762603413 408.4511494252874 10283 9.237356849826389 391.2988505747126 69700
277.1078499304088 408.3199426111908 10283 9.234706759514498 391.08464849354374 69800
277.14622258000855 407.8968481375358 10283 9.231138678263777 390.89111747851 69900
277.1551672332434 407.54363376251786 10282 9.227979291417517 390.6881258941345 70000
277.14697981059226 407.23 10280 9.225510749572635 390.4814285714286 70100
277.1065359614312 406.94579172610554 10278 9.222921228403852 390.2981455064194 70200
277.04119477793506 406.75925925925924 10277 9.22087392506669 390.0740740740741 70300
276.97542446565086 406.60739687055474 10275 9.22049507944717 389.8520625889047 70400
276.9052146719645 406.4261363636364 10274 9.220844754997197 389.640625 70500
276.8488208044132 406.32482269503544 10273 9.22185097883144 389.4822695035461 70600
276.7845922838045 406.2252124645892 10272 9.22069844665931 389.3371104815864 70700
276.7162231079762 406.15841584158414 10271 9.219424474316085 389.1838755304102 70800
276.6566182438257 405.92514124293785 10270 9.218826301848614 389.0776836158192 70900
276.59515950114763 405.73201692524685 10270 9.219297902959351 389.0070521861777 71000
276.55361962658304 405.52957746478876 10269 9.22177719019002 388.9042253521127 71100
276.5242853185709 405.32067510548524 10269 9.223503213258441 388.82278481012656 71200
276.51286784187613 405.14325842696627 10270 9.2259982930151 388.7668539325843 71300
276.5525524791912 404.9859747545582 10270 9.227083849406384 388.72370266479663 71400
276.5905846353649 404.8613445378151 10270 9.229954314245704 388.7450980392157 71500
276.61616679602463 404.72727272727275 10271 9.232667962429916 388.7692307692308 71600
276.6528544682612 404.5949720670391 10271 9.2353184747486 388.80027932960894 71700
276.69928475412155 404.8688981868898 10272 9.237364233723254 388.8521617852162 71800
276.7308667458844 405.03621169916437 10272 9.238760662367094 388.7952646239554 71900
276.75835289037497 405.1877607788595 10272 9.240051213138024 388.77468706536854 72000
276.79705022355165 405.1486111111111 10273 9.241018045081953 388.7527777777778 72100
276.84485070956265 405.1484049930652 10274 9.241050129545634 388.74479889042993 72200
276.9050920729071 405.084487534626 10274 9.242454356458706 388.7382271468144 72300
276.97969306888086 404.9737206085754 10276 9.244332012950466 388.7538035961272 72400
277.0709441764309 404.8522099447514 10277 9.245291189051645 388.79834254143645 72500
277.15136331817007 404.7351724137931 10277 9.246602619730709 388.83724137931034 72600
277.214137554311 404.6749311294766 10278 9.246845697283527 388.900826446281 72700
277.2611719875445 404.5460797799175 10279 9.246563470281304 388.92159559834937 72800
277.3278940941954 404.2802197802198 10280 9.245717139666368 388.9807692307692 72900
277.3818545643564 404.04938271604937 10279 9.243977161048544 388.997256515775 73000
277.4107815807236 403.85205479452054 10279 9.242185644681035 389.0013698630137 73100
277.46787129773827 403.7127222982216 10279 9.239927985433447 388.984952120383 73200
277.50382503273374 403.53688524590166 10279 9.238347938094511 388.91256830601094 73300
277.52515930312234 403.3342428376535 10278 9.236289027765142 388.84583901773533 73400
277.51341741028324 403.0926430517711 10278 9.235078587791289 388.783378746594 73500
277.4980995599854 402.88027210884354 10278 9.233648104636998 388.7074829931973 73600
277.4971046735847 402.82744565217394 10277 9.232934361741206 388.6467391304348 73700
277.485034879416 402.6350067842605 10277 9.231821891071625 388.58616010854814 73800
277.4664867644772 402.4850948509485 10276 9.229814002330336 388.5149051490515 73900
277.43319774182663 402.23815967523683 10276 9.229656793076352 388.43707713125843 74000
277.38932295135857 402.00405405405405 10275 9.228794874078538 388.3716216216216 74100
277.3536612565419 401.7516869095816 10275 9.228486109066287 388.31848852901487 74200
277.3161401104549 401.55256064690025 10275 9.227332555037366 388.3045822102426 74300
277.2727626897466 401.5168236877524 10274 9.226676656578366 388.3943472409152 74400
277.24340447538214 401.4704301075269 10273 9.225634054072422 388.4959677419355 74500
277.20984495797416 401.51543624161076 10273 9.224883762277248 388.5771812080537 74600
277.1873493047931 401.5040214477212 10273 9.224850406027546 388.66085790884716 74700
277.1593093900301 401.45381526104416 10273 9.225107188170302 388.78447121820614 74800
277.13486301980674 401.36764705882354 10272 9.22663721227354 388.92245989304814 74900
277.1415140287406 401.24966622162884 10272 9.227376014393334 389.07076101468624 75000
277.14374607832366 401.136 10271 9.228548023679107 389.2266666666667 75100
277.14493208874893 400.99733688415444 10271 9.229490263611314 389.3635153129161 75200
277.1603334071485 400.8151595744681 10271 9.2306846376949 389.5026595744681 75300
277.1836394388001 400.67330677290835 10271 9.231733407317172 389.61620185922976 75400
277.1994585512467 400.5053050397878 10271 9.232639455340653 389.7453580901857 75500
277.2295009114994 400.7841059602649 10272 9.232590465563927 389.86887417218543 75600
277.2711464422787 401.0357142857143 10271 9.23170410251424 389.96031746031747 75700
277.3113029006352 401.5125495376486 10271 9.232001087503164 390.00792602377805 75800
277.37665870533795 401.655672823219 10272 9.231914894335834 390.05540897097626 75900
277.4679771755598 401.8471673254282 10272 9.231153275441907 390.08959156785244 76000
277.554669428032 401.79473684210524 10272 9.23016381937773 390.0763157894737 76100
277.63210573562185 402.0341655716163 10273 9.230183180928066 390.04467805519056 76200
277.6937116556031 402.20603674540683 10273 9.230673972904102 390.0262467191601 76300
277.7251389326384 402.4193971166448 10274 9.230001256431551 390.0157273918742 76400
277.76424653479773 402.3494764397906 10275 9.23028921290219 390.0497382198953 76500
277.8103908728268 402.4888888888889 10275 9.230557981821137 390.1372549019608 76600
277.8578632075728 402.6592689295039 10275 9.230256992288734 390.210182767624 76700
277.9135358454427 402.7574967405476 10275 9.228901345871769 390.28292046936116 76800
277.9727939561009 402.5872395833333 10275 9.227270932903247 390.2877604166667 76900
277.99107537575975 402.407022106632 10275 9.225833586071788 390.2262678803641 77000
278.0091429626109 402.1974025974026 10274 9.225173995333966 390.1753246753247 77100
278.02054154557106 402.00389105058366 10273 9.22600829761321 390.12581063553824 77200
278.0656774499277 401.6981865284974 10273 9.227079053158981 390.0841968911917 77300
278.1016962456968 401.4320827943079 10272 9.227616929083558 390.01552393272965 77400
278.1458036275536 401.14082687338504 10271 9.229308102774475 389.9431524547804 77500
278.1788656894138 400.8051612903226 10270 9.230732651459066 389.8477419354839 77600
278.1918546382884 400.56572164948454 10269 9.23134011925303 389.784793814433 77700
278.2074513734108 400.3655083655084 10269 9.231846760026192 389.75804375804375 77800
278.2177349084632 400.17994858611826 10268 9.232425129462943 389.745501285347 77900
278.21206655197716 399.9589216944801 10267 9.232246179689323 389.7586649550706 78000
278.1948823054347 399.79102564102567 10267 9.232845864074337 389.7474358974359 78100
278.1763388416577 399.56978233034573 10266 9.232616937300943 389.7259923175416 78200
278.14715660724823 399.44757033248084 10265 9.234202110299565 389.7352941176471 78300
278.14667688863534 399.4201787994891 10264 9.235109188631805 389.74457215836526 78400
278.12779019696023 399.390306122449 10263 9.236850120789164 389.7755102040816 78500
278.08783993519813 399.5184713375796 10263 9.23724324744479 389.78343949044586 78600
278.0370558470032 399.57760814249366 10262 9.237153455357285 389.8295165394402 78700
278.0151645275121 399.6035578144854 10261 9.236233963690394 389.9047013977128 78800
277.9782776327414 399.60913705583755 10259 9.234331182144166 389.9784263959391 78900
277.9473036035731 399.6083650190114 10258 9.232994244244727 389.99239543726236 79000
277.9236652333305 399.526582278481 10257 9.22981956798619 390.00886075949364 79100
277.8915888721479 399.28697850821743 10255 9.226765375723721 389.9734513274336 79200
277.8579533502177 399.01262626262627 10254 9.224255735646775 389.90656565656565 79300
277.829199657117 398.7049180327869 10252 9.221675057263585 389.77427490542243 79400
277.7868357438344 398.4294710327456 10251 9.220556238971481 389.59823677581863 79500
277.7547239217915 398.1333333333333 10249 9.219895982285873 389.3937106918239 79600
277.72215838374314 398.2814070351759 10248 9.220357113616846 389.20100502512565 79700
277.71604092251727 398.4416562107905 10247 9.220135182810386 389.04893350062736 79800
277.72947513300517 398.58020050125316 10246 9.219916284768589 388.90726817042605 79900
