0 0 6 0 0 0
0 0 7 0 4 100
0 0 8 0 7 200
0 0 9 0 8 300
0 0 9 0 10 400
0 0 12 0 11 500
0 0 14 1 12 600
0 0 15 1 16 700
0 0 18 1 16 800
0 0 20 1 19 900
0 0 22 1 21 1000
0 0 22 1 23 1100
0 0 25 1 24 1200
0 0 25 1 24 1300
0 0 26 1 27 1400
0 0 27 1 27 1500
0 0 27 1 29 1600
0 0 27 1 29 1700
0 0 31 1 29 1800
0 0 32 1 31 1900
0 0 34 1 33 2000
0 0 36 1 34 2100
0 0 39 1 37 2200
0 0 42 1 40 2300
0 0 42 1 42 2400
0 0 45 1 44 2500
0 0 46 1 47 2600
0 0 46 1 48 2700
0 0 46 1 48 2800
0 0 47 1 48 2900
0 0 49 1 48 3000
0 0 49 1 50 3100
0 0 49 1 51 3200
0 0 49 1 51 3300
0 0 51 1 51 3400
0 0 54 1 53 3500
0 0 56 1 54 3600
0 0 58 1 56 3700
0 0 59 1 59 3800
0 0 59 1 61 3900
0 0 59 1 61 4000
0 0 60 1 61 4100
0 0 60 1 62 4200
0 0 62 1 62 4300
0 0 63 1 63 4400
1 0 64 1 65 4500
1 0 65 1 66 4600
1 0 67 1 67 4700
1 0 69 1 69 4800
1 0 71 1 70 4900
1 0 72 1 73 5000
1 0 73 1 75 5100
1 0 74 1 77 5200
1 0 79 1 78 5300
1 0 80 1 79 5400
1 0 82 1 84 5500
1 0 86 1 86 5600
1 0 88 1 90 5700
1 0 91 1 93 5800
1 0 92 1 94 5900
1 0 93 1 96 6000
1 0 93 1 98 6100
1 0 93 1 98 6200
1 0 93 1 99 6300
1 0 94 1 99 6400
1 0 95 1 99 6500
1 0 95 1 99 6600
1 0 95 1 100 6700
1 0 95 1 100 6800
1 0 97 1 100 6900
1 0 97 1 102 7000
1 0 98 1 103 7100
1 0 101 1 104 7200
1 0 102 1 105 7300
1 0 104 1 108 7400
1 0 105 1 110 7500
1 0 107 1 110 7600
1 0 108 1 111 7700
1 0 108 1 112 7800
1 0 110 1 113 7900
1 0 111 1 114 8000
1 0 111 1 115 8100
1 0 112 1 116 8200
1 0 114 1 117 8300
1 0 116 1 119 8400
1 0 116 1 119 8500
1 0 116 1 121 8600
1 0 117 1 121 8700
1 0 117 1 122 8800
1 0 117 1 122 8900
1 0 118 1 122 9000
1 0 118 1 122 9100
1 0 119 1 122 9200
1 0 120 1 123 9300
1 0 121 1 123 9400
1 0 122 1 125 9500
1 0 124 1 125 9600
1 0 127 1 127 9700
1 0 128 1 128 9800
1 0 131 1 132 9900
1 0 131 1 135 10000
1 0 132 1 135 10100
1 0 132 1 136 10200
1 0 133 1 136 10300
1 0 134 1 137 10400
1 0 134 1 138 10500
1 0 135 1 138 10600
1 0 136 1 138 10700
1 0 138 1 139 10800
1 0 139 1 141 10900
1 0 139 1 142 11000
1 0 139 1 143 11100
1 0 139 1 144 11200
1 0 139 1 144 11300
1 0 139 1 144 11400
1 0 140 1 144 11500
1 0 141 1 145 11600
2 0 141 1 145 11700
2 0 141 1 146 11800
2 0 141 1 146 11900
2 0 142 1 146 12000
2 0 146 1 146 12100
2 0 146 1 148 12200
2 0 147 1 151 12300
2 0 147 1 152 12400
2 0 147 1 152 12500
2 0 147 1 152 12600
2 0 147 1 152 12700
2 0 148 1 152 12800
2 0 148 1 152 12900
2 0 149 1 152 13000
2 0 150 1 153 13100
2 0 150 1 153 13200
2 0 150 1 154 13300
2 0 151 1 154 13400
2 0 153 1 155 13500
2 0 153 1 156 13600
3 0 153 1 157 13700
3 0 153 1 157 13800
3 0 153 1 157 13900
3 0 153 1 157 14000
3 0 153 1 157 14100
3 0 154 1 157 14200
3 0 154 1 157 14300
3 0 155 1 158 14400
3 0 155 1 158 14500
3 0 158 1 159 14600
3 0 159 1 161 14700
3 0 160 1 162 14800
3 0 160 1 163 14900
3 0 160 1 164 15000
3 0 160 1 164 15100
3 0 160 1 164 15200
3 0 161 1 164 15300
3 0 162 1 164 15400
3 0 162 1 165 15500
3 0 163 1 166 15600
3 0 165 1 167 15700
3 0 165 1 168 15800
3 0 166 1 168 15900
3 0 167 1 168 16000
3 0 169 1 170 16100
3 0 170 1 172 16200
3 0 172 1 173 16300
3 0 173 1 175 16400
3 0 173 1 176 16500
3 0 174 1 176 16600
3 0 175 1 177 16700
3 0 175 1 177 16800
3 0 175 1 178 16900
3 0 176 1 178 17000
3 0 176 1 179 17100
4 0 176 1 179 17200
4 0 176 1 180 17300
4 0 176 1 181 17400
4 0 176 1 181 17500
4 0 176 1 181 17600
4 0 178 1 181 17700
4 0 178 1 181 17800
4 0 180 1 181 17900
4 0 180 2 182 18000
4 0 182 2 182 18100
4 0 183 3 183 18200
4 0 185 3 184 18300
4 0 185 3 186 18400
4 0 187 3 187 18500
4 0 189 3 187 18600
4 0 190 3 188 18700
4 0 191 3 189 18800
4 0 193 4 190 18900
4 0 194 4 191 19000
4 0 195 4 192 19100
4 0 196 4 194 19200
4 0 198 4 194 19300
4 0 198 4 195 19400
4 0 199 4 196 19500
4 0 200 5 196 19600
4 0 201 5 197 19700
4 0 201 5 198 19800
4 0 201 5 199 19900
4 0 203 5 199 20000
4 0 204 5 199 20100
4 0 204 5 202 20200
4 0 207 5 202 20300
4 0 207 5 203 20400
4 0 209 5 205 20500
4 0 209 5 206 20600
4 0 209 5 207 20700
4 0 209 5 207 20800
4 0 210 5 207 20900
4 0 210 5 208 21000
4 0 210 5 208 21100
4 0 210 5 208 21200
4 0 211 5 208 21300
4 0 212 5 208 21400
4 0 212 5 210 21500
4 0 213 5 210 21600
4 0 214 5 211 21700
4 0 214 5 211 21800
4 0 214 5 213 21900
4 0 218 5 213 22000
4 0 218 5 218 22100
4 0 219 5 219 22200
4 0 220 5 220 22300
4 0 221 5 220 22400
4 0 222 6 222 22500
4 0 225 6 222 22600
4 0 228 6 223 22700
4 0 228 6 226 22800
4 0 229 6 229 22900
4 0 230 6 230 23000
4 0 231 6 230 23100
4 0 232 6 231 23200
4 0 232 6 233 23300
4 0 232 6 233 23400
4 0 232 6 233 23500
4 0 232 6 233 23600
4 0 233 6 233 23700
4 0 233 6 233 23800
4 0 234 6 234 23900
4 0 234 6 234 24000
4 0 234 6 235 24100
4 0 234 6 235 24200
5 0 235 6 235 24300
5 0 237 6 235 24400
5 0 238 6 238 24500
5 0 239 6 238 24600
5 0 239 6 239 24700
5 0 240 6 240 24800
5 0 241 6 240 24900
5 0 241 6 242 25000
5 0 242 6 242 25100
5 0 245 6 243 25200
5 0 247 6 245 25300
5 0 247 6 248 25400
5 0 248 6 248 25500
5 0 250 6 249 25600
5 0 250 6 249 25700
5 0 252 7 250 25800
5 0 252 7 250 25900
5 0 252 7 251 26000
6 0 253 7 252 26100
6 0 253 7 253 26200
6 0 254 7 253 26300
6 0 256 7 254 26400
6 0 258 7 255 26500
6 0 258 7 256 26600
6 0 258 7 258 26700
6 0 259 7 258 26800
6 0 260 7 259 26900
6 0 260 7 260 27000
6 0 260 7 260 27100
6 0 260 7 260 27200
6 0 260 7 260 27300
6 0 260 7 260 27400
6 0 260 7 260 27500
6 0 260 7 260 27600
6 0 261 7 261 27700
6 0 261 7 261 27800
6 0 261 7 262 27900
6 0 261 7 262 28000
6 0 262 7 262 28100
6 0 262 7 263 28200
6 0 264 7 263 28300
6 0 264 7 264 28400
6 0 265 7 265 28500
6 0 265 7 265 28600
6 0 265 7 265 28700
6 0 265 8 265 28800
6 0 267 8 265 28900
6 0 267 8 266 29000
6 0 269 8 267 29100
6 0 269 8 269 29200
6 0 270 8 269 29300
6 0 270 8 269 29400
6 0 271 8 270 29500
6 0 274 8 271 29600
6 0 275 8 273 29700
6 0 275 8 275 29800
6 0 275 8 275 29900
6 0 276 8 275 30000
6 0 277 8 275 30100
6 0 277 8 277 30200
6 0 279 8 277 30300
6 0 279 8 279 30400
6 0 280 8 279 30500
6 0 281 8 280 30600
6 0 281 8 280 30700
6 0 282 8 280 30800
6 0 282 8 280 30900
6 0 282 8 281 31000
6 0 282 8 281 31100
6 0 282 8 281 31200
6 0 282 8 281 31300
6 0 283 8 281 31400
6 0 284 8 282 31500
6 0 284 8 282 31600
6 0 284 8 283 31700
6 0 285 8 283 31800
6 0 285 8 284 31900
6 0 285 8 284 32000
6 0 286 8 284 32100
6 0 287 8 284 32200
6 0 288 8 286 32300
6 0 289 8 286 32400
6 0 291 8 288 32500
6 0 291 8 291 32600
7 0 293 8 291 32700
7 0 293 8 292 32800
7 0 295 8 293 32900
7 0 295 8 294 33000
7 0 297 8 294 33100
7 0 298 9 295 33200
7 0 299 9 297 33300
7 0 299 9 298 33400
7 0 301 9 298 33500
7 0 302 9 299 33600
7 0 304 9 301 33700
7 0 304 9 302 33800
7 0 305 9 303 33900
7 0 306 9 304 34000
7 0 306 9 305 34100
7 0 306 9 305 34200
7 0 307 9 306 34300
7 0 307 9 306 34400
7 0 307 9 307 34500
7 0 309 10 307 34600
7 0 309 10 308 34700
7 0 310 10 309 34800
7 0 311 10 309 34900
7 0 313 10 311 35000
7 0 315 10 312 35100
7 0 315 10 315 35200
7 0 317 10 315 35300
7 0 317 10 316 35400
7 0 317 10 317 35500
7 0 317 10 317 35600
7 0 319 10 317 35700
7 0 321 10 318 35800
7 0 321 10 319 35900
7 0 323 10 321 36000
7 0 323 10 322 36100
7 0 323 10 324 36200
7 0 323 10 325 36300
7 0 323 10 325 36400
8 0 324 10 325 36500
9 0 324 10 325 36600
10 0 325 10 326 36700
11 0 325 10 327 36800
12 0 326 10 327 36900
13 0 326 10 327 37000
14 0 326 10 328 37100
15 0 326 10 328 37200
16 0 328 10 328 37300
17 0 328 10 328 37400
18 0 328 10 329 37500
19 0 330 10 329 37600
20 0 331 10 330 37700
21 0 332 10 330 37800
22 0 332 10 332 37900
23 0 334 10 332 38000
24 0 334 10 334 38100
25 0 334 10 334 38200
26 0 335 10 334 38300
28 0 336 10 334 38400
29 0 338 10 336 38500
30 0 338 10 336 38600
31 0 339 10 337 38700
32 0 341 10 337 38800
33 0 342 10 339 38900
34 0 342 10 340 39000
35 0 342 10 341 39100
36 0 343 10 341 39200
37 0 344 10 341 39300
38 0 345 10 342 39400
38 0 349 10 344 39500
38 0 350 10 347 39600
38 0 351 11 347 39700
38 0 353 11 348 39800
38 0 354 11 349 39900
38 0 356 11 351 40000
38 0 359 11 353 40100
38 0 359 11 356 40200
38 0 360 11 357 40300
38 0 360 11 357 40400
38 0 360 11 358 40500
38 0 361 11 358 40600
38 0 361 11 359 40700
38 0 361 11 359 40800
38 0 361 11 359 40900
38 0 361 11 359 41000
38 0 361 11 359 41100
38 0 361 11 359 41200
38 0 362 11 359 41300
38 0 363 11 361 41400
38 0 364 11 361 41500
38 0 365 11 363 41600
38 0 365 11 364 41700
38 0 366 11 365 41800
38 0 366 11 365 41900
38 0 367 11 367 42000
38 0 367 11 367 42100
38 0 367 11 369 42200
38 0 369 11 369 42300
38 0 370 11 370 42400
38 0 370 11 371 42500
38 0 372 11 372 42600
38 0 372 11 372 42700
38 0 372 11 373 42800
38 0 373 11 373 42900
38 0 373 11 374 43000
38 0 373 11 374 43100
38 0 373 11 374 43200
38 0 374 11 374 43300
38 0 374 11 375 43400
38 0 374 11 375 43500
38 0 374 11 375 43600
38 0 376 11 375 43700
38 0 377 11 376 43800
38 0 378 11 377 43900
39 0 378 11 378 44000
39 0 379 11 379 44100
39 0 379 11 379 44200
39 0 379 11 379 44300
39 0 380 11 379 44400
39 0 380 11 380 44500
39 0 381 11 380 44600
39 0 381 11 380 44700
39 0 381 11 381 44800
39 0 381 11 381 44900
39 0 381 11 382 45000
39 0 381 11 382 45100
39 0 382 11 382 45200
39 0 384 11 382 45300
39 0 384 11 384 45400
39 0 384 11 385 45500
39 0 384 11 385 45600
39 0 384 11 387 45700
39 0 384 11 387 45800
39 0 385 11 387 45900
39 0 386 11 388 46000
39 0 387 11 390 46100
39 0 387 11 391 46200
39 0 388 11 392 46300
39 0 389 11 392 46400
39 0 389 11 393 46500
39 0 389 11 394 46600
39 0 389 11 395 46700
39 0 389 11 395 46800
39 0 389 11 395 46900
39 0 391 12 395 47000
39 0 391 12 396 47100
39 0 391 12 397 47200
39 0 393 12 398 47300
39 0 393 12 398 47400
40 0 393 12 400 47500
41 0 395 12 400 47600
41 0 395 12 400 47700
41 0 395 12 402 47800
41 0 396 12 402 47900
41 0 396 12 403 48000
41 0 396 12 403 48100
41 0 396 12 403 48200
41 0 397 12 403 48300
41 0 398 12 404 48400
41 0 399 12 405 48500
41 0 399 12 405 48600
41 0 399 12 405 48700
41 0 399 12 406 48800
41 0 399 12 406 48900
41 0 399 12 406 49000
41 0 399 12 406 49100
42 0 399 12 406 49200
42 0 401 12 406 49300
42 0 401 12 406 49400
42 0 401 12 407 49500
42 0 403 12 407 49600
42 0 403 12 408 49700
42 0 403 12 409 49800
42 0 403 12 409 49900
42 0 404 12 409 50000
42 0 405 12 410 50100
42 0 405 12 410 50200
42 0 406 12 411 50300
42 0 406 12 412 50400
42 0 407 12 412 50500
42 0 410 12 412 50600
42 0 410 12 415 50700
42 0 410 12 416 50800
42 0 411 12 416 50900
42 0 411 12 417 51000
42 0 413 12 417 51100
42 0 413 12 419 51200
42 0 414 12 419 51300
42 0 414 12 419 51400
42 0 414 12 419 51500
42 0 415 12 419 51600
43 0 415 12 419 51700
43 0 416 12 420 51800
43 0 416 12 421 51900
43 0 417 12 421 52000
43 0 417 12 421 52100
43 0 417 12 422 52200
43 0 418 12 422 52300
43 0 419 12 422 52400
43 0 420 12 423 52500
43 0 420 13 423 52600
43 0 420 13 424 52700
43 0 421 13 424 52800
44 0 422 13 424 52900
44 0 423 13 425 53000
44 0 423 13 426 53100
44 0 423 13 427 53200
44 0 424 13 427 53300
44 0 424 13 427 53400
44 0 424 14 427 53500
44 0 425 14 427 53600
44 0 425 14 428 53700
44 0 426 14 428 53800
44 0 426 14 428 53900
44 0 427 14 429 54000
44 0 427 14 429 54100
44 0 428 14 430 54200
44 0 429 14 431 54300
44 0 429 14 432 54400
45 0 431 14 432 54500
45 0 432 14 433 54600
45 0 433 14 434 54700
45 0 433 14 435 54800
45 0 435 14 436 54900
45 0 435 14 437 55000
45 0 435 14 438 55100
45 0 435 14 438 55200
45 0 435 14 438 55300
45 0 436 14 438 55400
45 0 436 14 438 55500
45 0 436 14 439 55600
45 0 436 14 439 55700
45 0 437 14 439 55800
45 0 438 14 440 55900
45 0 438 14 440 56000
45 0 439 14 441 56100
45 0 440 14 441 56200
45 0 440 14 443 56300
45 0 440 14 443 56400
45 0 442 14 443 56500
45 0 442 14 444 56600
45 0 442 14 445 56700
45 0 443 14 445 56800
45 0 443 14 446 56900
45 0 443 14 446 57000
45 0 443 14 446 57100
45 0 443 14 446 57200
45 0 443 14 446 57300
45 0 444 14 446 57400
45 0 444 14 447 57500
45 0 445 14 447 57600
45 0 445 14 447 57700
45 0 446 14 448 57800
45 0 446 14 449 57900
45 0 447 14 450 58000
46 0 447 14 451 58100
46 0 447 14 452 58200
46 0 447 14 452 58300
46 0 448 14 453 58400
46 0 449 14 453 58500
46 0 449 14 453 58600
46 0 449 14 454 58700
46 0 449 14 455 58800
46 0 449 14 455 58900
46 0 450 14 456 59000
46 0 450 14 456 59100
46 0 450 14 457 59200
46 0 450 14 457 59300
46 0 451 14 457 59400
46 0 451 14 458 59500
46 0 451 14 458 59600
46 0 451 14 458 59700
46 0 451 14 458 59800
46 0 451 14 458 59900
46 0 451 14 458 60000
46 0 451 14 458 60100
46 0 451 14 458 60200
46 0 451 14 458 60300
46 0 452 14 458 60400
46 0 453 14 459 60500
46 0 453 14 460 60600
46 0 453 14 460 60700
46 0 454 14 460 60800
46 0 454 14 461 60900
46 0 455 14 461 61000
46 0 455 14 461 61100
46 0 455 14 462 61200
46 0 455 14 462 61300
46 0 455 14 462 61400
46 0 455 14 462 61500
46 0 456 14 462 61600
46 0 458 14 462 61700
46 0 459 14 464 61800
46 0 460 14 465 61900
46 0 460 14 466 62000
46 0 461 14 467 62100
46 0 462 14 467 62200
46 0 463 14 468 62300
46 0 463 14 469 62400
46 0 463 14 469 62500
46 0 464 14 469 62600
46 0 464 14 469 62700
46 0 464 14 469 62800
46 0 464 14 469 62900
46 0 466 14 469 63000
46 0 466 14 470 63100
46 0 467 14 470 63200
46 0 467 15 470 63300
46 0 468 15 470 63400
46 0 468 15 471 63500
46 0 468 15 471 63600
46 0 468 15 471 63700
46 0 468 15 471 63800
46 0 468 15 471 63900
46 0 468 15 471 64000
46 0 468 15 471 64100
46 0 469 15 471 64200
46 0 470 15 471 64300
46 0 470 15 473 64400
46 0 471 15 473 64500
47 0 471 15 474 64600
48 0 471 15 475 64700
49 0 471 15 475 64800
50 0 472 15 475 64900
51 0 473 15 476 65000
51 0 474 15 476 65100
51 0 474 15 478 65200
51 0 474 15 479 65300
52 0 474 15 479 65400
52 0 475 15 479 65500
52 0 475 15 480 65600
52 0 478 15 480 65700
52 0 478 15 481 65800
52 0 478 16 482 65900
52 0 478 16 482 66000
52 0 479 16 482 66100
52 0 480 16 483 66200
52 0 480 16 483 66300
52 0 480 16 484 66400
52 0 481 16 484 66500
52 0 481 16 484 66600
52 0 481 16 485 66700
52 0 481 16 485 66800
52 0 481 16 485 66900
52 0 481 16 485 67000
52 0 482 16 485 67100
52 0 482 16 485 67200
52 0 482 16 486 67300
52 0 483 16 486 67400
52 0 483 16 487 67500
52 0 483 16 487 67600
52 0 483 16 487 67700
52 0 483 16 487 67800
52 0 483 16 487 67900
52 0 483 16 487 68000
52 0 483 16 487 68100
52 0 483 16 487 68200
52 0 483 16 487 68300
52 0 483 16 487 68400
52 0 484 16 487 68500
52 0 484 16 488 68600
52 0 484 16 488 68700
52 0 484 16 488 68800
52 0 485 16 488 68900
52 0 486 16 488 69000
52 0 486 16 490 69100
52 0 486 16 490 69200
52 0 486 16 490 69300
52 0 486 16 490 69400
52 0 488 16 490 69500
52 0 488 16 491 69600
52 0 489 16 491 69700
52 0 490 16 491 69800
52 0 490 16 493 69900
52 0 491 16 493 70000
52 0 492 16 494 70100
52 0 492 16 494 70200
52 0 492 16 495 70300
52 0 493 16 495 70400
52 0 493 16 495 70500
52 0 493 16 495 70600
52 0 493 16 495 70700
52 0 493 16 495 70800
52 0 493 16 495 70900
52 0 493 16 495 71000
52 0 493 16 495 71100
52 0 493 16 495 71200
52 0 493 16 495 71300
52 0 494 16 495 71400
52 0 494 16 496 71500
52 0 495 16 496 71600
52 0 495 16 497 71700
52 0 495 16 497 71800
52 0 495 16 497 71900
52 0 495 16 497 72000
52 0 495 16 497 72100
52 0 495 16 497 72200
52 0 495 16 497 72300
52 0 495 16 497 72400
52 0 495 16 497 72500
52 0 495 16 497 72600
53 0 495 16 497 72700
53 0 495 16 497 72800
53 0 495 16 497 72900
53 0 495 16 497 73000
53 0 495 16 497 73100
53 0 495 16 497 73200
53 0 495 16 497 73300
53 0 495 16 497 73400
53 0 495 16 497 73500
53 0 495 16 497 73600
53 0 495 16 497 73700
53 0 495 16 497 73800
53 0 495 16 497 73900
54 0 495 16 497 74000
54 0 495 16 497 74100
54 0 495 16 497 74200
54 0 495 16 497 74300
54 0 495 16 497 74400
54 0 495 16 497 74500
54 0 495 16 497 74600
54 0 495 16 497 74700
54 0 496 16 497 74800
54 0 497 16 497 74900
54 0 497 16 499 75000
54 0 498 16 499 75100
54 0 498 16 500 75200
54 0 498 16 500 75300
54 0 498 16 500 75400
54 0 498 16 501 75500
54 0 498 16 501 75600
54 0 498 16 502 75700
54 0 499 16 503 75800
54 0 499 16 504 75900
54 0 499 16 505 76000
54 0 499 16 505 76100
54 0 499 16 506 76200
54 0 500 16 506 76300
55 0 500 16 507 76400
55 0 500 16 507 76500
55 0 500 16 507 76600
55 0 500 16 507 76700
55 0 500 16 507 76800
55 0 500 16 507 76900
55 0 500 16 507 77000
55 0 500 16 507 77100
55 0 500 16 507 77200
55 0 500 16 507 77300
55 0 500 16 507 77400
55 0 500 16 507 77500
55 0 500 16 507 77600
55 0 501 16 507 77700
55 0 501 16 507 77800
55 0 502 16 508 77900
55 0 503 16 508 78000
55 0 504 16 510 78100
55 0 504 16 510 78200
55 0 506 16 511 78300
55 0 506 16 511 78400
55 0 506 16 511 78500
55 0 506 16 511 78600
55 0 506 16 511 78700
55 0 506 16 511 78800
55 0 506 16 511 78900
55 0 506 16 511 79000
55 0 506 16 511 79100
55 0 507 16 511 79200
55 0 507 16 511 79300
55 0 507 16 512 79400
55 0 507 16 512 79500
55 0 507 16 512 79600
55 0 507 16 512 79700
55 0 508 16 512 79800
55 0 508 16 513 79900
55 0 508 16 514 80000
56 0 508 16 515 80100
57 0 508 16 515 80200
57 0 509 16 516 80300
57 0 509 16 517 80400
57 0 509 16 518 80500
57 0 509 16 518 80600
57 0 509 16 519 80700
57 0 509 16 519 80800
57 0 509 16 519 80900
57 0 509 17 519 81000
57 0 509 17 519 81100
57 0 509 17 519 81200
57 0 509 17 519 81300
57 0 509 17 519 81400
57 0 509 17 519 81500
57 0 509 17 519 81600
57 0 510 17 519 81700
57 0 510 17 519 81800
57 0 510 17 519 81900
57 0 510 17 519 82000
57 0 511 17 519 82100
57 0 512 17 520 82200
57 0 513 17 521 82300
57 0 513 17 521 82400
57 0 513 17 522 82500
57 0 513 17 522 82600
57 0 513 17 522 82700
57 0 513 17 522 82800
57 0 514 17 522 82900
57 0 514 17 523 83000
57 0 515 17 523 83100
57 0 515 17 523 83200
57 0 515 17 524 83300
57 0 515 17 524 83400
57 0 515 17 524 83500
57 0 515 17 524 83600
57 0 515 17 524 83700
57 0 515 17 524 83800
57 0 515 17 524 83900
57 0 515 17 524 84000
57 0 516 17 524 84100
57 0 516 17 525 84200
57 0 516 17 525 84300
57 0 516 17 525 84400
57 0 516 17 525 84500
57 0 516 17 525 84600
57 0 516 17 525 84700
57 0 516 17 525 84800
57 0 517 17 525 84900
57 0 517 17 526 85000
57 0 517 17 526 85100
57 0 517 17 526 85200
57 0 518 17 526 85300
57 0 518 17 526 85400
57 0 518 17 527 85500
57 0 518 17 527 85600
57 0 519 17 527 85700
57 0 519 17 527 85800
57 0 519 17 528 85900
57 0 519 17 528 86000
57 0 519 17 528 86100
57 0 519 17 528 86200
57 0 519 17 528 86300
57 0 519 17 528 86400
57 0 519 17 528 86500
57 0 519 17 528 86600
57 0 519 17 528 86700
57 0 519 17 528 86800
57 0 519 17 528 86900
57 0 519 17 528 87000
57 0 519 17 528 87100
57 0 519 17 528 87200
57 0 519 17 528 87300
57 0 519 17 528 87400
57 0 519 17 528 87500
57 0 519 17 528 87600
57 0 519 17 528 87700
57 0 519 17 528 87800
57 0 521 17 528 87900
57 0 522 17 529 88000
57 0 522 17 530 88100
57 0 523 17 531 88200
57 0 523 17 531 88300
57 0 523 17 532 88400
57 0 523 17 532 88500
57 0 524 17 532 88600
57 0 524 17 533 88700
57 0 524 17 533 88800
57 0 524 17 533 88900
57 0 524 17 533 89000
57 0 524 17 533 89100
57 0 524 17 533 89200
57 0 525 17 533 89300
57 0 525 17 533 89400
57 0 527 17 533 89500
57 0 528 17 535 89600
57 0 528 17 536 89700
57 0 528 17 536 89800
57 0 528 17 536 89900
57 0 529 17 536 90000
57 0 529 17 536 90100
57 0 529 17 536 90200
57 0 530 17 536 90300
57 0 531 17 537 90400
57 0 532 17 538 90500
57 0 532 17 539 90600
57 0 533 17 539 90700
57 0 533 17 540 90800
57 0 533 17 540 90900
57 0 533 17 540 91000
57 0 534 17 540 91100
57 0 534 17 540 91200
57 0 534 17 541 91300
57 0 534 17 541 91400
57 0 534 17 541 91500
57 0 534 17 541 91600
57 0 534 17 541 91700
57 0 534 17 541 91800
57 0 534 17 541 91900
57 0 534 17 541 92000
57 0 534 17 541 92100
57 0 534 17 541 92200
57 0 536 17 541 92300
57 0 537 17 542 92400
57 0 537 17 544 92500
57 0 537 17 544 92600
57 0 537 17 544 92700
57 0 537 17 544 92800
57 0 539 17 544 92900
57 0 540 17 544 93000
57 0 541 17 545 93100
57 0 541 17 546 93200
57 0 541 17 547 93300
57 0 541 17 547 93400
57 0 541 17 548 93500
57 0 541 17 548 93600
57 0 542 17 548 93700
57 0 542 17 549 93800
57 0 542 17 549 93900
58 0 542 17 549 94000
58 0 542 17 549 94100
59 0 543 17 549 94200
59 0 544 17 550 94300
59 0 544 17 550 94400
59 0 545 17 550 94500
59 0 545 17 550 94600
59 0 545 17 551 94700
59 0 546 19 551 94800
59 0 548 19 552 94900
59 0 548 19 553 95000
59 0 548 19 554 95100
59 0 548 19 554 95200
59 0 548 19 554 95300
59 0 550 19 554 95400
59 0 550 19 554 95500
59 0 551 19 556 95600
59 0 553 19 557 95700
59 0 553 19 557 95800
59 0 553 19 559 95900
59 0 553 20 559 96000
59 0 553 20 559 96100
59 0 554 20 559 96200
59 0 555 20 559 96300
59 0 555 20 561 96400
59 0 555 20 561 96500
59 0 555 20 561 96600
59 0 557 20 561 96700
59 0 557 20 562 96800
59 0 559 20 563 96900
59 0 561 20 564 97000
60 0 561 20 568 97100
60 0 562 20 568 97200
60 0 563 20 569 97300
60 0 564 20 569 97400
60 0 564 20 571 97500
60 0 564 20 571 97600
60 0 564 20 571 97700
60 0 564 20 571 97800
60 0 565 20 571 97900
60 0 566 20 572 98000
60 0 566 20 573 98100
60 0 567 20 574 98200
60 0 567 20 576 98300
60 0 567 20 576 98400
60 0 567 20 576 98500
60 0 567 20 576 98600
60 0 567 20 576 98700
60 0 567 20 576 98800
60 0 568 20 576 98900
60 0 568 20 576 99000
60 0 568 20 577 99100
60 0 568 20 577 99200
60 0 568 20 577 99300
60 0 569 20 577 99400
60 0 569 20 577 99500
60 0 570 20 578 99600
60 0 570 20 578 99700
60 0 571 20 579 99800
60 0 571 20 579 99900
60 0 571 20 580 100000
60 0 573 20 580 100100
60 0 573 20 581 100200
60 0 573 20 582 100300
60 0 574 20 582 100400
60 0 574 20 583 100500
60 0 574 20 583 100600
60 0 575 20 583 100700
60 0 575 20 583 100800
60 0 575 20 584 100900
60 0 576 20 584 101000
60 0 577 20 584 101100
60 0 578 20 585 101200
60 0 578 20 586 101300
60 0 579 20 587 101400
60 0 579 20 588 101500
60 0 579 20 588 101600
60 0 579 20 588 101700
60 0 579 20 588 101800
60 0 579 20 588 101900
60 0 579 20 588 102000
60 0 579 20 588 102100
60 0 579 20 588 102200
60 0 579 20 588 102300
60 0 579 20 588 102400
60 0 580 20 588 102500
61 0 581 20 588 102600
61 0 582 20 589 102700
62 0 582 20 590 102800
63 0 582 20 591 102900
64 0 583 20 591 103000
65 0 583 20 591 103100
66 0 584 20 592 103200
66 0 584 20 592 103300
66 0 584 20 593 103400
66 0 584 20 593 103500
66 0 585 20 593 103600
66 0 585 20 594 103700
66 0 586 20 594 103800
66 0 586 20 595 103900
66 0 587 20 595 104000
66 0 587 20 595 104100
66 0 588 20 596 104200
66 0 589 20 596 104300
66 0 590 20 597 104400
66 0 591 20 599 104500
66 0 592 20 599 104600
66 0 592 20 600 104700
66 0 594 20 601 104800
66 0 595 20 602 104900
66 0 595 20 604 105000
66 0 595 20 604 105100
66 0 596 20 604 105200
66 0 599 20 605 105300
66 0 599 20 605 105400
66 0 599 20 608 105500
66 0 599 20 608 105600
66 0 599 20 608 105700
66 0 599 20 608 105800
66 0 600 20 608 105900
66 0 600 20 609 106000
66 0 601 20 609 106100
66 0 601 20 610 106200
66 0 601 20 610 106300
66 0 602 20 610 106400
66 0 602 20 610 106500
66 0 603 20 610 106600
66 0 603 21 611 106700
66 0 603 21 611 106800
67 0 606 21 611 106900
67 0 607 21 612 107000
67 0 607 21 614 107100
67 0 608 21 615 107200
67 0 608 21 616 107300
67 0 608 21 617 107400
67 0 609 21 617 107500
67 0 610 21 618 107600
67 0 611 21 618 107700
67 0 611 21 620 107800
67 0 612 21 620 107900
67 0 612 21 621 108000
67 0 614 21 622 108100
67 0 615 21 624 108200
67 0 617 21 624 108300
67 0 617 21 627 108400
67 0 618 21 627 108500
67 0 619 21 628 108600
67 0 620 21 628 108700
67 0 620 21 629 108800
67 0 622 21 630 108900
67 0 622 21 630 109000
67 0 622 21 632 109100
67 0 622 21 632 109200
67 0 622 21 632 109300
67 0 622 21 632 109400
67 0 622 21 632 109500
67 0 622 21 632 109600
67 0 622 21 632 109700
67 0 622 21 632 109800
67 0 622 21 632 109900
67 0 622 21 632 110000
67 0 623 21 632 110100
67 0 623 21 633 110200
67 0 623 21 633 110300
67 0 623 21 633 110400
67 0 623 21 633 110500
67 0 624 21 633 110600
67 0 625 21 633 110700
67 0 626 21 634 110800
67 0 626 21 636 110900
67 0 626 21 636 111000
67 0 627 22 636 111100
67 0 627 22 636 111200
67 0 627 22 637 111300
67 0 627 22 637 111400
67 0 627 22 637 111500
67 0 627 22 637 111600
67 0 627 22 637 111700
67 0 627 22 637 111800
67 0 627 22 637 111900
67 0 627 22 637 112000
67 0 627 22 637 112100
67 0 627 22 637 112200
67 0 627 22 637 112300
68 0 628 22 637 112400
69 0 628 22 638 112500
69 0 629 22 638 112600
69 0 630 22 638 112700
69 0 631 22 640 112800
69 0 632 22 640 112900
69 0 632 22 641 113000
69 0 633 22 642 113100
70 0 634 22 643 113200
70 0 634 22 644 113300
70 0 635 22 644 113400
70 0 636 22 644 113500
70 0 636 22 645 113600
70 0 636 22 646 113700
70 0 636 22 646 113800
70 0 636 22 646 113900
70 0 636 22 646 114000
70 0 636 22 646 114100
70 0 636 22 646 114200
70 0 636 22 646 114300
70 0 636 22 646 114400
70 0 636 22 646 114500
70 0 637 22 646 114600
70 0 637 22 647 114700
70 0 638 22 647 114800
70 0 638 22 648 114900
70 0 638 22 648 115000
70 0 638 22 648 115100
70 0 638 22 648 115200
70 0 638 22 648 115300
70 0 640 22 648 115400
70 0 640 22 648 115500
70 0 640 22 650 115600
70 0 640 22 650 115700
70 0 640 22 650 115800
70 0 640 22 650 115900
70 0 640 22 650 116000
70 0 640 22 650 116100
70 0 640 22 650 116200
70 0 640 22 650 116300
70 0 641 22 650 116400
70 0 641 22 651 116500
70 0 641 22 651 116600
70 0 641 22 651 116700
70 0 642 22 651 116800
70 0 642 22 651 116900
70 0 642 22 652 117000
70 0 642 22 652 117100
70 0 642 22 652 117200
70 0 642 22 652 117300
70 0 642 22 652 117400
70 0 642 22 652 117500
70 0 643 22 652 117600
70 0 643 22 652 117700
70 0 643 22 653 117800
70 0 644 22 653 117900
70 0 644 22 654 118000
70 0 645 22 654 118100
70 0 645 22 655 118200
70 0 645 22 655 118300
70 0 645 22 655 118400
70 0 645 22 655 118500
70 0 645 22 655 118600
70 0 645 22 655 118700
70 0 645 22 655 118800
70 0 645 22 655 118900
70 0 645 22 655 119000
70 0 645 22 655 119100
70 0 646 22 655 119200
70 0 646 22 655 119300
70 0 646 22 656 119400
70 0 647 22 656 119500
70 0 647 22 657 119600
70 0 648 22 657 119700
70 0 648 22 657 119800
70 0 648 22 658 119900
