0 0 0 0 0 0 0 0
0 7 7 0 2606 0 2659 100
0 15 15 0 7182 4 7321 200
0 16 16 0 11532 8 11735 300
0 18 18 0 16678 8 16946 400
0 20 20 0 22454 10 22797 500
0 21 21 0 28439 11 28903 600
0 25 25 0 34906 12 35580 700
0 25 25 0 41366 20 42343 800
0 28 28 0 48062 55 49432 900
0 30 30 0 54889 126 56801 1000
0 32 32 0 61706 206 64303 1100
0 33 33 0 68707 310 72097 1200
0 33 33 0 75684 428 79956 1300
0 36 36 0 82691 579 87925 1400
0 36 36 0 89748 763 95892 1500
0 38 38 0 96803 965 103976 1600
0 38 38 0 103870 1176 112108 1700
0 38 38 0 110824 1450 120242 1800
0 40 40 0 117999 1769 128675 1900
0 42 42 0 124977 2100 136932 2000
0 43 43 0 132100 2432 145390 2100
0 46 46 0 139178 2811 154090 2200
0 49 49 0 146331 3220 162953 2300
0 51 51 0 153579 3628 171975 2400
0 53 53 0 160800 4080 180995 2500
0 56 56 0 167940 4504 189813 2600
0 57 57 0 174965 4945 198376 2700
0 57 57 0 182056 5405 206990 2800
0 57 57 0 189152 5869 215678 2900
0 57 57 0 196256 6285 224405 3000
0 59 59 0 203389 6748 233212 3100
0 60 60 0 210539 7297 242198 3200
0 60 60 0 217719 7879 251292 3300
0 60 60 0 224841 8430 260316 3400
0 62 62 0 231932 9011 269450 3500
0 63 63 0 239050 9559 278572 3600
0 65 65 0 246293 10132 287820 3700
0 68 68 0 253429 10709 297019 3800
0 70 70 0 260525 11283 306076 3900
0 70 70 0 267790 11956 315430 4000
0 70 70 0 274822 12561 324458 4100
0 71 71 0 281997 13178 333606 4200
0 71 71 0 289034 13784 342552 4300
0 72 72 0 296133 14396 351466 4400
0 74 74 0 303238 14984 360506 4500
0 75 75 0 310468 15587 369675 4600
0 76 76 0 317524 16249 378760 4700
0 78 78 0 324665 16895 388033 4800
0 79 79 0 331767 17509 397361 4900
0 82 82 0 338888 18134 406674 5000
0 84 84 0 346017 18761 415947 5100
0 86 86 0 353157 19508 425322 5200
0 87 87 0 360325 20149 434501 5300
0 88 88 0 367475 20759 443591 5400
0 93 93 0 374517 21380 452569 5500
0 95 95 0 381500 21931 461436 5600
0 99 99 0 388633 22490 470448 5700
0 102 102 0 395554 23070 479207 5800
0 104 104 0 402656 23586 488114 5900
0 106 106 0 409667 24148 497051 6000
0 108 108 0 416711 24722 505989 6100
0 108 108 0 423752 25228 514701 6200
0 109 109 0 430738 25714 523258 6300
0 109 109 0 437657 26263 531879 6400
0 109 109 0 444700 26831 540787 6500
0 110 110 0 451772 27444 549746 6600
0 111 111 0 458809 28056 558712 6700
0 111 111 0 465986 28586 567656 6800
0 111 111 0 473077 29167 576538 6900
0 113 113 0 480205 29869 585558 7000
0 114 114 0 487300 30519 594469 7100
0 115 115 0 494307 31125 603404 7200
0 116 116 0 501379 31772 612576 7300
0 119 119 0 508531 32456 621892 7400
0 121 121 0 515788 33178 631400 7500
0 121 121 0 522946 33889 640704 7600
0 123 123 0 530066 34556 649880 7700
0 124 124 0 537131 35177 659004 7800
0 126 126 0 544240 35839 668095 7900
0 127 127 0 551418 36552 677216 8000
0 128 128 0 558441 37227 686100 8100
0 129 129 0 565341 37900 694870 8200
0 130 130 0 572452 38624 703988 8300
0 132 132 0 579592 39371 713321 8400
0 132 132 0 586664 40119 722602 8500
0 134 134 0 593728 40883 731906 8600
0 134 134 0 600882 41655 741409 8700
0 135 135 0 607958 42403 750636 8800
0 135 135 0 615154 43198 760124 8900
0 135 135 0 622190 43910 769274 9000
0 135 135 0 629292 44694 778555 9100
0 136 136 0 636337 45404 787636 9200
0 137 137 0 643399 46130 796748 9300
0 137 137 0 650393 46900 805836 9400
0 139 139 0 657460 47657 814990 9500
0 139 139 0 664565 48396 824122 9600
0 141 141 0 671453 49106 832938 9700
0 142 142 0 678561 49817 842022 9800
0 146 146 0 685524 50503 851011 9900
0 149 149 0 692600 51147 860106 10000
0 149 149 0 699635 51824 869222 10100
0 150 150 0 706630 52495 878127 10200
0 151 151 0 713772 53127 887155 10300
0 152 152 0 720808 53808 896024 10400
0 153 153 0 727753 54466 904865 10500
0 153 153 0 734786 55114 913805 10600
0 153 153 0 741911 55709 922792 10700
0 154 154 0 748925 56294 931602 10800
0 157 157 0 755893 56943 940520 10900
0 158 158 0 762991 57535 949503 11000
0 159 159 0 770058 58203 958419 11100
0 160 160 0 777163 58850 967328 11200
0 160 160 0 784168 59534 976196 11300
0 160 160 0 791053 60210 984843 11400
0 160 160 0 798250 60839 993896 11500
0 161 161 0 805282 61466 1002739 11600
0 161 161 0 812275 62082 1011544 11700
0 162 162 0 819232 62737 1020365 11800
0 162 162 0 826287 63360 1029094 11900
0 162 162 0 833188 63960 1037786 12000
0 162 162 0 840213 64564 1046494 12100
0 164 164 0 847294 65170 1055378 12200
0 167 167 0 854306 65777 1064256 12300
0 168 168 0 861298 66335 1073174 12400
0 168 168 0 868374 66872 1082152 12500
0 168 168 0 875430 67414 1091075 12600
0 168 168 0 882623 67962 1100247 12700
0 168 168 0 889677 68444 1109307 12800
0 168 168 0 896777 68914 1118293 12900
0 169 169 0 903873 69468 1127328 13000
0 170 170 0 911067 69992 1136461 13100
0 170 170 0 918132 70504 1145353 13200
0 171 171 0 925245 71061 1154290 13300
0 171 171 0 932265 71618 1163091 13400
0 172 172 0 939382 72105 1172071 13500
0 173 173 0 946396 72746 1181148 13600
0 174 174 0 953627 73396 1190481 13700
0 174 174 0 960814 74073 1199718 13800
0 174 174 0 967810 74725 1208890 13900
0 174 174 0 974956 75439 1218242 14000
0 174 174 0 982161 76115 1227498 14100
0 174 174 0 989324 76830 1236729 14200
0 174 174 0 996344 77597 1245759 14300
0 175 175 0 1003561 78329 1255025 14400
0 175 175 0 1010629 79058 1264112 14500
0 176 176 0 1017642 79829 1273330 14600
0 178 178 0 1024826 80644 1282850 14700
0 180 180 0 1031931 81422 1292041 14800
0 181 181 0 1038914 82188 1301118 14900
0 182 182 0 1046131 82946 1310444 15000
0 182 182 0 1053303 83720 1319698 15100
0 182 182 0 1060331 84537 1328931 15200
0 182 182 0 1067463 85333 1338172 15300
0 182 182 0 1074551 86051 1347201 15400
0 183 183 0 1081553 86809 1356148 15500
0 184 184 0 1088608 87489 1365075 15600
0 185 185 0 1095661 88217 1374060 15700
0 186 186 0 1102654 89030 1383009 15800
0 187 187 0 1109777 89824 1392182 15900
0 187 187 0 1116800 90559 1401182 16000
0 189 189 0 1123849 91324 1410399 16100
0 191 191 0 1130943 92109 1419631 16200
0 192 192 0 1138082 92842 1428799 16300
0 194 194 0 1145101 93597 1438004 16400
0 195 195 0 1152251 94325 1447248 16500
0 195 195 0 1159373 95043 1456490 16600
0 196 196 0 1166374 95760 1465524 16700
0 196 196 0 1173582 96459 1474769 16800
0 197 197 0 1180624 97142 1483793 16900
0 197 197 0 1187746 97800 1492893 17000
0 199 199 0 1194840 98440 1501966 17100
0 199 199 0 1201953 99086 1511059 17200
0 200 200 0 1209036 99719 1520060 17300
0 201 201 0 1216252 100323 1529129 17400
0 202 202 0 1223248 100858 1537944 17500
0 202 202 0 1230229 101417 1546763 17600
0 202 202 0 1237398 102018 1555705 17700
0 202 202 0 1244440 102575 1564480 17800
0 204 204 0 1251502 103186 1573349 17900
0 205 205 0 1258510 103783 1582312 18000
0 206 206 0 1265501 104468 1591306 18100
0 207 207 0 1272720 105032 1600299 18200
0 208 208 0 1279856 105673 1609206 18300
0 210 210 0 1286778 106310 1617951 18400
0 211 211 0 1293873 106896 1626834 18500
0 212 212 0 1300968 107492 1635749 18600
0 214 214 0 1307977 108141 1644673 18700
0 216 216 0 1314989 108834 1653733 18800
0 217 217 0 1322168 109557 1663084 18900
0 218 218 0 1329314 110309 1672389 19000
0 219 219 0 1336522 111012 1681520 19100
0 221 221 0 1343698 111727 1690744 19200
0 221 221 0 1350693 112443 1699785 19300
0 222 222 0 1357912 113170 1708941 19400
0 224 224 0 1364911 113877 1717892 19500
0 224 224 0 1371979 114620 1726869 19600
0 225 225 0 1379073 115387 1735902 19700
0 226 226 0 1386125 116134 1744844 19800
0 227 227 0 1393035 116824 1753507 19900
0 227 227 0 1400148 117529 1762410 20000
0 227 227 0 1407086 118246 1771178 20100
0 230 230 0 1414134 118916 1780139 20200
0 230 230 0 1421259 119559 1789082 20300
0 231 231 0 1428288 120255 1798173 20400
0 233 233 0 1435438 120906 1807220 20500
0 234 234 0 1442477 121567 1816210 20600
0 235 235 0 1449650 122241 1825309 20700
0 235 235 0 1456705 122911 1834271 20800
0 235 235 0 1463770 123566 1843167 20900
0 236 236 0 1470939 124194 1852078 21000
0 236 236 0 1477879 124765 1860655 21100
0 236 236 0 1485022 125311 1869432 21200
0 236 236 0 1492019 125867 1878001 21300
0 236 236 0 1499009 126396 1886563 21400
0 238 238 0 1506012 126979 1895267 21500
0 238 238 0 1513115 127629 1904109 21600
0 239 239 0 1520167 128283 1912880 21700
0 239 239 0 1527277 128891 1921682 21800
0 241 241 0 1534372 129506 1930545 21900
0 241 241 0 1541490 130128 1939424 22000
0 246 246 0 1548558 130727 1948233 22100
0 247 247 0 1555602 131314 1957021 22200
0 248 248 0 1562685 131911 1965871 22300
0 249 249 0 1569912 132490 1974893 22400
0 251 251 0 1577006 133049 1983683 22500
0 251 251 0 1584133 133606 1992397 22600
0 252 252 0 1591186 134147 2001083 22700
0 255 255 0 1598201 134683 2009743 22800
0 258 258 0 1605365 135211 2018480 22900
0 259 259 0 1612374 135764 2027154 23000
0 259 259 0 1619445 136275 2035835 23100
0 260 260 0 1626576 136748 2044441 23200
0 262 262 0 1633492 137204 2052823 23300
0 262 262 0 1640585 137647 2061334 23400
0 262 262 0 1647584 138105 2069642 23500
0 262 262 0 1654533 138567 2078012 23600
0 262 262 0 1661593 139023 2086437 23700
0 262 262 0 1668577 139503 2094906 23800
0 263 263 0 1675516 140034 2103329 23900
0 263 263 0 1682489 140524 2111699 24000
0 264 264 0 1689538 141008 2120146 24100
0 264 264 0 1696430 141540 2128402 24200
0 264 264 0 1703518 142079 2136983 24300
0 264 264 0 1710491 142682 2145480 24400
0 267 267 0 1717637 143334 2154290 24500
0 267 267 0 1724610 143933 2162898 24600
0 268 268 0 1731615 144599 2171760 24700
0 269 269 0 1738746 145268 2180700 24800
0 269 269 0 1745734 145919 2189578 24900
0 271 271 0 1752814 146625 2198698 25000
0 271 271 0 1759994 147264 2207742 25100
0 272 272 0 1766982 147991 2216723 25200
0 274 274 0 1774125 148720 2225950 25300
0 277 277 0 1781224 149413 2235062 25400
0 277 277 0 1788381 150084 2244048 25500
0 278 278 0 1795413 150717 2252817 25600
0 279 279 0 1802411 151393 2261577 25700
0 280 280 0 1809577 152009 2270481 25800
0 280 280 0 1816495 152651 2279213 25900
0 282 282 0 1823543 153294 2288048 26000
0 283 283 0 1830677 153953 2296994 26100
0 284 284 0 1837802 154525 2305936 26200
0 284 284 0 1844842 155111 2314851 26300
0 285 285 0 1852030 155776 2323945 26400
0 286 286 0 1859137 156461 2333150 26500
0 287 287 0 1866260 157072 2342252 26600
0 289 289 0 1873427 157668 2351527 26700
0 289 289 0 1880555 158348 2360690 26800
0 290 290 0 1887690 158970 2369706 26900
0 291 291 0 1894905 159628 2378907 27000
0 291 291 0 1901926 160213 2387866 27100
0 291 291 0 1909042 160871 2396983 27200
0 291 291 0 1916083 161546 2406151 27300
0 291 291 0 1923129 162254 2415276 27400
0 291 291 0 1930243 162893 2424273 27500
0 291 291 0 1937247 163595 2433115 27600
0 292 292 0 1944331 164244 2441981 27700
0 292 292 0 1951308 164926 2450652 27800
0 293 293 0 1958185 165578 2459213 27900
0 293 293 0 1965306 166257 2467920 28000
0 293 293 0 1972287 166912 2476414 28100
0 294 294 0 1979257 167523 2484996 28200
0 294 294 0 1986229 168174 2493662 28300
0 295 295 0 1993268 168787 2502407 28400
0 296 296 0 2000278 169387 2511084 28500
0 296 296 0 2007276 170039 2519849 28600
0 297 297 0 2014310 170690 2528681 28700
0 297 297 0 2021303 171304 2537478 28800
0 297 297 0 2028488 171936 2546510 28900
0 298 298 0 2035505 172535 2555359 29000
0 299 299 0 2042494 173155 2564152 29100
0 301 301 0 2049500 173773 2573041 29200
0 301 301 0 2056479 174445 2581920 29300
0 301 301 0 2063621 175108 2590978 29400
0 302 302 0 2070770 175779 2600002 29500
0 303 303 0 2077762 176447 2608970 29600
0 305 305 0 2084856 177153 2618237 29700
0 307 307 0 2092064 177827 2627431 29800
0 307 307 0 2099167 178493 2636543 29900
0 307 307 0 2106251 179152 2645607 30000
0 307 307 0 2113385 179805 2654661 30100
0 309 309 0 2120368 180434 2663535 30200
0 309 309 0 2127309 181138 2672233 30300
0 311 311 0 2134291 181727 2680871 30400
0 311 311 0 2141215 182351 2689389 30500
0 312 312 0 2148296 183013 2698125 30600
0 312 312 0 2155276 183672 2706855 30700
0 313 313 0 2162281 184303 2715498 30800
0 313 313 0 2169192 184993 2723990 30900
0 314 314 0 2176244 185637 2732756 31000
0 314 314 0 2183199 186305 2741459 31100
0 314 314 0 2190299 187025 2750309 31200
0 314 314 0 2197408 187698 2759143 31300
0 314 314 0 2204345 188406 2767954 31400
0 315 315 0 2211509 189130 2777121 31500
0 315 315 0 2218547 189848 2786286 31600
0 316 316 0 2225643 190610 2795646 31700
0 316 316 0 2232848 191360 2804956 31800
0 317 317 0 2240116 192130 2814307 31900
0 317 317 0 2247180 192830 2823415 32000
0 317 317 0 2254239 193574 2832505 32100
0 317 317 0 2261242 194270 2841567 32200
0 319 319 0 2268548 194948 2850867 32300
0 319 319 0 2275587 195707 2859992 32400
0 321 321 0 2282798 196419 2869158 32500
0 324 324 0 2289831 197103 2878233 32600
0 324 324 0 2296870 197796 2887119 32700
0 325 325 0 2304026 198516 2896455 32800
0 326 326 0 2311172 199355 2905750 32900
0 327 327 0 2318336 200141 2915020 33000
0 328 328 0 2325352 200949 2924134 33100
0 329 329 0 2332461 201742 2933283 33200
0 331 331 0 2339533 202477 2942306 33300
0 332 332 0 2346635 203223 2951284 33400
0 332 332 0 2353682 203945 2960126 33500
0 333 333 0 2360667 204716 2969034 33600
0 335 335 0 2367765 205501 2978066 33700
0 336 336 0 2374857 206276 2987077 33800
0 337 337 0 2381997 207075 2996184 33900
0 338 338 0 2389019 207851 3005276 34000
0 339 339 0 2396247 208620 3014604 34100
0 339 339 0 2403286 209426 3023739 34200
0 340 340 0 2410438 210199 3032829 34300
0 340 340 0 2417512 210983 3041829 34400
0 342 342 0 2424516 211747 3050693 34500
0 342 342 0 2431602 212544 3059685 34600
0 343 343 0 2438683 213343 3068590 34700
0 344 344 0 2445697 214072 3077500 34800
0 344 344 0 2452871 214798 3086494 34900
0 346 346 0 2459941 215527 3095472 35000
0 347 347 0 2467151 216214 3104609 35100
0 350 350 0 2474254 216917 3113801 35200
0 350 350 0 2481430 217657 3123041 35300
0 351 351 0 2488648 218404 3132425 35400
0 353 353 0 2495765 219134 3141538 35500
0 353 353 0 2502841 219809 3150551 35600
0 353 353 0 2509926 220504 3159479 35700
0 355 355 0 2517016 221197 3168377 35800
0 356 356 0 2524170 221866 3177254 35900
0 358 358 0 2531273 222538 3186093 36000
0 359 359 0 2538366 223140 3194859 36100
0 361 361 0 2545374 223768 3203570 36200
0 362 362 0 2552376 224373 3212269 36300
0 362 362 0 2559471 225028 3221084 36400
0 362 362 0 2566599 225637 3229854 36500
0 362 362 0 2573668 226276 3238698 36600
0 363 363 0 2580746 226875 3247592 36700
0 364 364 0 2587903 227478 3256450 36800
0 364 364 0 2595031 228054 3265249 36900
0 364 364 0 2602186 228601 3273972 37000
0 365 365 0 2609257 229197 3282676 37100
0 365 365 0 2616309 229782 3291473 37200
0 365 365 0 2623444 230347 3300318 37300
0 366 366 0 2630541 230940 3309262 37400
0 367 367 0 2637619 231559 3318073 37500
0 367 367 0 2644806 232194 3327066 37600
0 368 368 0 2651735 232765 3335904 37700
0 369 369 0 2658817 233413 3344944 37800
0 371 371 0 2666003 234064 3354097 37900
0 371 371 0 2673093 234815 3363072 38000
0 373 373 0 2680039 235572 3371974 38100
0 373 373 0 2687245 236290 3381061 38200
0 373 373 0 2694256 236972 3389862 38300
0 373 373 0 2701353 237710 3398829 38400
0 375 375 0 2708450 238426 3407790 38500
0 375 375 0 2715448 239162 3416663 38600
0 377 377 0 2722506 239933 3425593 38700
0 377 377 0 2729560 240661 3434542 38800
0 379 379 0 2736649 241384 3443373 38900
0 380 380 0 2743684 242134 3452374 39000
0 381 381 0 2750741 242848 3461421 39100
0 381 381 0 2757828 243581 3470479 39200
0 381 381 0 2765000 244335 3479654 39300
0 382 382 0 2772031 245087 3488747 39400
0 384 384 0 2779139 245815 3497939 39500
0 388 388 0 2786294 246554 3507137 39600
0 388 388 0 2793489 247228 3516362 39700
0 389 389 0 2800548 247975 3525481 39800
0 390 390 0 2807674 248742 3534768 39900
0 392 392 0 2814819 249524 3544160 40000
0 394 394 0 2822011 250292 3553487 40100
0 397 397 0 2829077 251102 3562715 40200
0 398 398 0 2836320 251875 3572151 40300
0 398 398 0 2843405 252675 3581547 40400
0 399 399 0 2850493 253553 3591067 40500
0 399 399 0 2857559 254444 3600719 40600
0 400 400 0 2864788 255276 3610444 40700
0 400 400 0 2872037 256202 3620179 40800
0 400 400 0 2879089 257177 3629626 40900
0 400 400 0 2886223 258089 3639071 41000
0 400 400 0 2893177 258991 3648339 41100
0 400 400 0 2900297 259865 3657650 41200
0 400 400 0 2907315 260695 3667016 41300
0 402 402 0 2914592 261469 3676466 41400
0 402 402 0 2921746 262284 3685799 41500
0 404 404 0 2928823 263022 3694795 41600
0 405 405 0 2935892 263766 3703865 41700
0 406 406 0 2942890 264466 3712754 41800
0 406 406 0 2949954 265160 3721647 41900
0 408 408 0 2957051 265920 3730564 42000
0 408 408 0 2964046 266588 3739311 42100
0 410 410 0 2971134 267232 3748161 42200
0 410 410 0 2978084 267881 3756885 42300
0 411 411 0 2985252 268511 3765862 42400
0 412 412 0 2992289 269130 3774741 42500
0 413 413 0 2999338 269726 3783464 42600
0 413 413 0 3006450 270369 3792336 42700
0 415 415 0 3013440 271040 3801143 42800
0 415 415 0 3020439 271661 3809797 42900
0 416 416 0 3027442 272265 3818547 43000
0 416 416 0 3034551 272861 3827392 43100
0 416 416 0 3041529 273483 3836185 43200
0 416 416 0 3048659 274133 3844992 43300
0 417 417 0 3055542 274835 3853704 43400
0 417 417 0 3062521 275506 3862495 43500
0 417 417 0 3069658 276213 3871503 43600
0 417 417 0 3076684 276885 3880476 43700
0 418 418 0 3083724 277551 3889333 43800
0 419 419 0 3090875 278218 3898334 43900
0 421 421 0 3097825 278877 3907253 44000
0 422 422 0 3104873 279513 3916279 44100
0 422 422 0 3112102 280174 3925544 44200
0 423 423 0 3119093 280805 3934462 44300
0 423 423 0 3126296 281461 3943529 44400
0 424 424 0 3133354 282078 3952374 44500
0 424 424 0 3140383 282678 3961250 44600
0 424 424 0 3147523 283282 3970344 44700
0 425 425 0 3154625 283914 3979479 44800
0 425 425 0 3161732 284479 3988491 44900
0 426 426 0 3168888 285096 3997580 45000
0 426 426 0 3175930 285692 4006550 45100
0 426 426 0 3182951 286276 4015568 45200
0 427 427 0 3190105 286864 4024617 45300
0 429 429 0 3197098 287403 4033479 45400
0 430 430 0 3204156 288007 4042481 45500
0 430 430 0 3211287 288573 4051529 45600
0 432 432 0 3218313 289135 4060544 45700
0 432 432 0 3225404 289739 4069537 45800
0 432 432 0 3232458 290340 4078551 45900
0 434 434 0 3239588 290976 4087573 46000
0 436 436 0 3246586 291551 4096385 46100
0 437 437 0 3253656 292107 4105338 46200
0 438 438 0 3260638 292671 4114255 46300
0 439 439 0 3267943 293301 4123688 46400
0 440 440 0 3274954 293862 4132727 46500
0 441 441 0 3282187 294473 4142025 46600
0 442 442 0 3289246 295050 4151078 46700
0 442 442 0 3296465 295611 4160153 46800
0 443 443 0 3303566 296160 4169081 46900
0 443 443 0 3310665 296679 4177940 47000
0 444 444 0 3317822 297243 4186861 47100
0 445 445 0 3324863 297844 4195684 47200
0 446 446 0 3331940 298439 4204509 47300
0 446 446 0 3339054 299040 4213306 47400
0 448 448 0 3346073 299666 4222020 47500
0 448 448 0 3353122 300280 4230762 47600
0 448 448 0 3360154 300966 4239447 47700
0 450 450 0 3367206 301600 4248090 47800
0 450 450 0 3374385 302228 4256980 47900
0 451 451 0 3381435 302859 4265751 48000
0 451 451 0 3388574 303538 4274765 48100
0 451 451 0 3395780 304252 4283936 48200
0 451 451 0 3402744 304940 4292921 48300
0 452 452 0 3410005 305616 4302265 48400
0 453 453 0 3417073 306299 4311374 48500
0 454 454 0 3424144 306902 4320426 48600
0 454 454 0 3431301 307534 4329531 48700
0 455 455 0 3438482 308123 4338573 48800
0 455 455 0 3445463 308717 4347356 48900
0 455 455 0 3452544 309343 4356238 49000
0 455 455 0 3459589 310001 4365215 49100
0 455 455 0 3466695 310634 4374299 49200
0 455 455 0 3473799 311195 4383151 49300
0 455 455 0 3480823 311777 4392069 49400
0 457 457 0 3487905 312356 4400833 49500
0 457 457 0 3494866 313031 4409548 49600
0 458 458 0 3501908 313648 4418164 49700
0 459 459 0 3508896 314284 4426790 49800
0 459 459 0 3515986 314877 4435374 49900
0 459 459 0 3522948 315506 4443910 50000
0 460 460 0 3529980 316109 4452561 50100
0 460 460 0 3537105 316709 4461288 50200
0 461 461 0 3544179 317282 4469913 50300
0 462 462 0 3551326 317844 4478622 50400
0 462 462 0 3558319 318402 4487200 50500
0 462 462 0 3565354 318963 4495808 50600
0 465 465 0 3572585 319478 4504414 50700
0 466 466 0 3579489 320014 4512705 50800
0 466 466 0 3586626 320559 4521227 50900
0 467 467 0 3593646 321052 4529599 51000
0 467 467 0 3600688 321537 4538014 51100
0 469 469 0 3607661 321995 4546306 51200
0 469 469 0 3614657 322473 4554633 51300
0 470 470 0 3621757 323002 4563188 51400
0 470 470 0 3628874 323493 4571743 51500
0 470 470 0 3635856 324049 4580211 51600
0 470 470 0 3642938 324589 4588782 51700
0 471 471 0 3650116 325096 4597395 51800
0 472 472 0 3657162 325601 4605922 51900
0 473 473 0 3664163 326165 4614343 52000
0 473 473 0 3671310 326707 4622960 52100
0 474 474 0 3678302 327320 4631531 52200
0 474 474 0 3685447 327872 4640227 52300
0 474 474 0 3692530 328443 4648969 52400
0 475 475 0 3699676 329000 4657717 52500
0 476 476 0 3706794 329590 4666517 52600
0 477 477 0 3713864 330193 4675211 52700
0 477 477 0 3720876 330699 4683767 52800
0 477 477 0 3727974 331232 4692489 52900
0 478 478 0 3735074 331740 4700995 53000
0 479 479 0 3742110 332217 4709546 53100
0 480 480 0 3749140 332691 4718096 53200
0 480 480 0 3756213 333160 4726640 53300
0 481 481 0 3763239 333655 4735158 53400
0 481 481 0 3770418 334123 4743701 53500
0 481 481 0 3777355 334597 4752067 53600
0 482 482 0 3784380 335073 4760402 53700
0 482 482 0 3791472 335534 4768897 53800
0 482 482 0 3798489 335991 4777268 53900
0 483 483 0 3805668 336469 4785861 54000
0 483 483 0 3812755 336902 4794278 54100
0 484 484 0 3819907 337384 4802965 54200
0 485 485 0 3826950 337853 4811524 54300
0 486 486 0 3834077 338333 4820125 54400
0 486 486 0 3841077 338797 4828629 54500
0 487 487 0 3848186 339283 4837180 54600
0 488 488 0 3855230 339768 4845710 54700
0 489 489 0 3862347 340303 4854281 54800
0 490 490 0 3869421 340843 4862794 54900
0 491 491 0 3876488 341397 4871297 55000
0 492 492 0 3883499 341959 4879785 55100
0 492 492 0 3890519 342554 4888371 55200
0 492 492 0 3897658 343110 4897009 55300
0 492 492 0 3904735 343637 4905527 55400
0 492 492 0 3911793 344208 4914160 55500
0 493 493 0 3918930 344825 4923085 55600
0 493 493 0 3926054 345413 4931978 55700
0 493 493 0 3933186 346037 4940944 55800
0 494 494 0 3940280 346709 4949833 55900
0 494 494 0 3947357 347375 4958666 56000
0 496 496 0 3954439 348014 4967630 56100
0 496 496 0 3961527 348662 4976542 56200
0 498 498 0 3968703 349307 4985565 56300
0 498 498 0 3975791 349963 4994587 56400
0 499 499 0 3982769 350672 5003343 56500
0 500 500 0 3989935 351367 5012364 56600
0 501 501 0 3997095 352045 5021440 56700
0 501 501 0 4004161 352692 5030292 56800
0 502 502 0 4011332 353332 5039173 56900
0 502 502 0 4018410 354003 5048115 57000
0 502 502 0 4025553 354606 5056904 57100
0 502 502 0 4032688 355245 5065774 57200
0 502 502 0 4039878 355862 5074608 57300
0 502 502 0 4047009 356456 5083429 57400
0 503 503 0 4054087 357037 5092228 57500
0 503 503 0 4061212 357687 5101150 57600
0 503 503 0 4068308 358321 5110015 57700
0 504 504 0 4075385 358944 5118834 57800
0 505 505 0 4082426 359524 5127584 57900
0 506 506 0 4089598 360138 5136453 58000
0 507 507 0 4096573 360776 5145282 58100
0 508 508 0 4103593 361412 5154131 58200
0 509 509 0 4110760 362074 5163303 58300
0 510 510 0 4117871 362729 5172308 58400
0 510 510 0 4124984 363371 5181283 58500
0 511 511 0 4132056 364065 5190344 58600
0 512 512 0 4139125 364721 5199303 58700
0 513 513 0 4146257 365498 5208312 58800
0 513 513 0 4153304 366267 5217236 58900
0 514 514 0 4160462 367047 5226434 59000
0 514 514 0 4167486 367834 5235309 59100
0 516 516 0 4174646 368551 5244238 59200
0 516 516 0 4181655 369303 5253009 59300
0 516 516 0 4188617 370004 5261551 59400
0 517 517 0 4195702 370677 5270236 59500
0 517 517 0 4202704 371363 5278900 59600
0 517 517 0 4209707 372057 5287506 59700
0 517 517 0 4216712 372729 5296230 59800
0 517 517 0 4223778 373397 5305085 59900
0 517 517 0 4230820 374088 5313816 60000
0 517 517 0 4237917 374724 5322613 60100
0 517 517 0 4244978 375393 5331499 60200
0 517 517 0 4251969 376049 5340303 60300
0 517 517 0 4259029 376714 5349098 60400
0 518 518 0 4266181 377350 5358010 60500
0 519 519 0 4273097 377998 5366701 60600
0 519 519 0 4280148 378684 5375638 60700
0 519 519 0 4287238 379389 5384725 60800
0 520 520 0 4294284 380066 5393679 60900
0 520 520 0 4301276 380786 5402655 61000
0 520 520 0 4308480 381537 5411868 61100
0 521 521 0 4315499 382272 5420815 61200
0 521 521 0 4322532 383040 5429768 61300
0 521 521 0 4329544 383763 5438606 61400
0 521 521 0 4336570 384440 5447463 61500
0 521 521 0 4343607 385175 5456356 61600
0 521 521 0 4350580 385875 5465125 61700
0 523 523 0 4357657 386609 5474044 61800
0 524 524 0 4364739 387374 5482949 61900
0 525 525 0 4371767 388053 5491711 62000
0 526 526 0 4378855 388802 5500638 62100
0 526 526 0 4385969 389536 5509641 62200
0 527 527 0 4393030 390239 5518542 62300
0 529 529 0 4400160 391031 5527583 62400
0 529 529 0 4407129 391813 5536473 62500
0 529 529 0 4414306 392557 5545470 62600
0 530 530 0 4421353 393273 5554297 62700
0 530 530 0 4428493 393996 5563123 62800
0 530 530 0 4435467 394735 5571813 62900
0 530 530 0 4442394 395407 5580283 63000
0 531 531 0 4449584 396052 5588963 63100
0 532 532 0 4456521 396692 5597499 63200
0 532 532 0 4463532 397342 5606058 63300
0 533 533 0 4470616 397936 5614705 63400
0 534 534 0 4477622 398546 5623319 63500
0 534 534 0 4484638 399133 5631859 63600
0 534 534 0 4491740 399775 5640651 63700
0 534 534 0 4498756 400337 5649357 63800
0 534 534 0 4505904 400887 5658194 63900
0 534 534 0 4512988 401470 5666880 64000
0 534 534 0 4520030 402020 5675694 64100
0 534 534 0 4527164 402534 5684589 64200
0 534 534 0 4534223 403093 5693552 64300
0 536 536 0 4541406 403659 5702601 64400
0 536 536 0 4548479 404214 5711563 64500
0 537 537 0 4555539 404768 5720393 64600
0 538 538 0 4562634 405327 5729362 64700
0 538 538 0 4569682 406021 5738408 64800
0 538 538 0 4576777 406697 5747520 64900
0 539 539 0 4584005 407359 5756781 65000
0 539 539 0 4591053 408018 5765740 65100
0 541 541 0 4598242 408699 5775011 65200
0 542 542 0 4605231 409410 5783981 65300
0 542 542 0 4612355 410117 5792993 65400
0 542 542 0 4619493 410803 5802054 65500
0 543 543 0 4626491 411518 5810965 65600
0 543 543 0 4633558 412237 5819874 65700
0 545 545 0 4640561 412921 5828638 65800
0 546 546 0 4647691 413607 5837469 65900
0 546 546 0 4654711 414267 5846028 66000
0 546 546 0 4661715 414970 5854497 66100
0 547 547 0 4668665 415647 5862977 66200
0 547 547 0 4675736 416294 5871552 66300
0 548 548 0 4682712 416987 5880012 66400
0 548 548 0 4689728 417660 5888570 66500
0 548 548 0 4696785 418395 5897288 66600
0 549 549 0 4703714 419086 5905790 66700
0 549 549 0 4710877 419764 5914519 66800
0 549 549 0 4717870 420459 5923104 66900
0 549 549 0 4724896 421155 5931852 67000
0 549 549 0 4732033 421876 5940652 67100
0 549 549 0 4739046 422620 5949338 67200
0 550 550 0 4746074 423300 5957940 67300
0 550 550 0 4753141 424035 5966598 67400
0 551 551 0 4760243 424739 5975369 67500
0 551 551 0 4767297 425479 5984134 67600
0 551 551 0 4774342 426233 5992797 67700
0 551 551 0 4781478 426891 6001490 67800
0 551 551 0 4788564 427560 6010202 67900
0 551 551 0 4795588 428210 6018879 68000
0 551 551 0 4802628 428839 6027548 68100
0 551 551 0 4809815 429488 6036391 68200
0 551 551 0 4816949 430099 6045223 68300
0 551 551 0 4824096 430706 6054163 68400
0 551 551 0 4831243 431279 6063079 68500
0 552 552 0 4838439 431862 6071959 68600
0 552 552 0 4845472 432422 6080804 68700
0 552 552 0 4852624 432987 6089627 68800
0 552 552 0 4859711 433533 6098469 68900
0 552 552 0 4866902 434059 6107434 69000
0 554 554 0 4873966 434603 6116152 69100
0 554 554 0 4881073 435142 6125007 69200
0 554 554 0 4888207 435673 6133958 69300
0 554 554 0 4895232 436184 6142723 69400
0 554 554 0 4902379 436724 6151690 69500
0 555 555 0 4909471 437289 6160615 69600
0 556 556 0 4916634 437787 6169493 69700
0 556 556 0 4923705 438355 6178359 69800
0 558 558 0 4930739 438880 6187229 69900
0 558 558 0 4937872 439448 6196134 70000
0 559 559 0 4945046 439971 6204843 70100
0 559 559 0 4952137 440561 6213531 70200
0 560 560 0 4959197 441138 6222179 70300
0 560 560 0 4966286 441718 6230861 70400
0 560 560 0 4973400 442271 6239544 70500
0 561 561 0 4980476 442811 6248091 70600
0 561 561 0 4987511 443372 6256652 70700
0 561 561 0 4994614 443956 6265295 70800
0 561 561 0 5001706 444543 6273956 70900
0 561 561 0 5008807 445145 6282601 71000
0 561 561 0 5015860 445739 6291282 71100
0 561 561 0 5022977 446342 6299947 71200
0 561 561 0 5030018 446987 6308594 71300
0 561 561 0 5037135 447626 6317240 71400
0 562 562 0 5044205 448270 6325875 71500
0 562 562 0 5051232 448879 6334494 71600
0 563 563 0 5058183 449467 6342982 71700
0 563 563 0 5065393 450100 6351798 71800
0 563 563 0 5072427 450709 6360562 71900
0 563 563 0 5079582 451404 6369448 72000
0 563 563 0 5086555 452061 6378154 72100
0 563 563 0 5093724 452739 6387158 72200
0 563 563 0 5100841 453443 6396152 72300
0 563 563 0 5107929 454069 6404997 72400
0 563 563 0 5115035 454702 6413831 72500
0 563 563 0 5122211 455372 6422746 72600
0 563 563 0 5129253 456024 6431545 72700
0 563 563 0 5136351 456723 6440471 72800
0 563 563 0 5143486 457356 6449383 72900
0 563 563 0 5150480 457991 6458275 73000
0 563 563 0 5157505 458686 6467162 73100
0 563 563 0 5164718 459344 6476302 73200
0 563 563 0 5171867 460005 6485283 73300
0 563 563 0 5178979 460607 6494166 73400
0 563 563 0 5186078 461245 6503179 73500
0 563 563 0 5193157 461943 6512178 73600
0 563 563 0 5200209 462622 6521095 73700
0 563 563 0 5207321 463322 6530135 73800
0 563 563 0 5214463 464047 6539152 73900
0 563 563 0 5221511 464767 6548068 74000
0 563 563 0 5228648 465485 6557053 74100
0 563 563 0 5235739 466192 6565922 74200
0 563 563 0 5242745 466973 6574731 74300
0 563 563 0 5249802 467744 6583654 74400
0 563 563 0 5256812 468511 6592463 74500
0 563 563 0 5263888 469293 6601296 74600
0 563 563 0 5270988 470087 6610174 74700
0 563 563 0 5277955 470883 6619020 74800
0 563 563 0 5284950 471695 6628034 74900
0 565 565 0 5292123 472544 6637236 75000
0 565 565 0 5299152 473382 6646316 75100
0 566 566 0 5306265 474159 6655406 75200
0 566 566 0 5313455 475089 6664756 75300
0 566 566 0 5320508 475911 6673872 75400
0 567 567 0 5327589 476770 6683119 75500
0 567 567 0 5334711 477603 6692371 75600
0 568 568 0 5341765 478466 6701588 75700
0 569 569 0 5348819 479184 6710687 75800
0 570 570 0 5356005 480005 6719934 75900
0 571 571 0 5363097 480887 6729037 76000
0 571 571 0 5370084 481717 6737923 76100
0 572 572 0 5377059 482543 6746877 76200
0 572 572 0 5384231 483386 6756019 76300
0 573 573 0 5391273 484223 6765055 76400
0 573 573 0 5398288 485065 6773974 76500
0 573 573 0 5405365 485852 6782916 76600
0 573 573 0 5412505 486654 6791973 76700
0 573 573 0 5419548 487499 6800929 76800
0 573 573 0 5426601 488287 6809764 76900
0 573 573 0 5433577 489080 6818557 77000
0 573 573 0 5440608 489848 6827274 77100
0 573 573 0 5447731 490633 6836097 77200
0 573 573 0 5454699 491409 6844869 77300
0 573 573 0 5461753 492207 6853740 77400
0 573 573 0 5468767 492902 6862451 77500
0 573 573 0 5475872 493595 6871231 77600
0 573 573 0 5482876 494343 6879986 77700
0 573 573 0 5490013 495100 6888848 77800
0 574 574 0 5497105 495772 6897726 77900
0 574 574 0 5504088 496474 6906524 78000
0 576 576 0 5511312 497195 6915501 78100
0 576 576 0 5518295 497946 6924316 78200
0 577 577 0 5525346 498665 6933226 78300
0 577 577 0 5532412 499353 6942080 78400
0 579 579 0 5539524 500044 6951002 78500
0 579 579 0 5546614 500746 6959967 78600
0 579 579 0 5553665 501458 6968970 78700
0 579 579 0 5560784 502208 6977937 78800
0 579 579 0 5567828 502958 6986792 78900
0 579 579 0 5574892 503733 6995701 79000
0 579 579 0 5581905 504446 7004569 79100
0 579 579 0 5589002 505165 7013548 79200
0 579 579 0 5595998 505897 7022374 79300
0 580 580 0 5603125 506648 7031381 79400
0 580 580 0 5610156 507471 7040360 79500
0 580 580 0 5617197 508231 7049300 79600
0 580 580 0 5624309 509038 7058432 79700
0 580 580 0 5631344 509821 7067445 79800
0 581 581 0 5638444 510620 7076526 79900
0 582 582 0 5645508 511453 7085649 80000
0 583 583 0 5652627 512299 7094808 80100
0 583 583 0 5659801 513052 7104038 80200
0 584 584 0 5666836 513821 7113044 80300
0 585 585 0 5673863 514592 7122132 80400
0 586 586 0 5681016 515392 7131317 80500
0 586 586 0 5688046 516061 7140268 80600
0 587 587 0 5695097 516755 7149143 80700
0 587 587 0 5702127 517370 7157930 80800
0 588 588 0 5709122 517999 7166626 80900
0 588 588 0 5716144 518596 7175203 81000
0 588 588 0 5723101 519179 7183670 81100
0 588 588 0 5730028 519758 7192049 81200
0 588 588 0 5736976 520306 7200526 81300
0 588 588 0 5744085 520854 7209061 81400
0 588 588 0 5751150 521389 7217546 81500
0 588 588 0 5758129 521945 7225953 81600
0 588 588 0 5765088 522429 7234386 81700
0 588 588 0 5771976 522965 7242833 81800
0 589 589 0 5779065 523508 7251573 81900
0 589 589 0 5785986 524025 7260085 82000
0 589 589 0 5792948 524559 7268652 82100
0 590 590 0 5800081 525070 7277384 82200
0 591 591 0 5807119 525592 7285929 82300
0 591 591 0 5814139 526095 7294373 82400
0 592 592 0 5821179 526625 7302780 82500
0 592 592 0 5828158 527092 7311199 82600
0 592 592 0 5835195 527590 7319589 82700
0 592 592 0 5842114 528076 7327815 82800
0 592 592 0 5849135 528535 7336022 82900
0 593 593 0 5856113 528983 7344229 83000
0 593 593 0 5863135 529459 7352510 83100
0 593 593 0 5870154 530008 7360876 83200
0 594 594 0 5877197 530536 7369266 83300
0 594 594 0 5884165 530990 7377527 83400
0 594 594 0 5891152 531479 7385865 83500
0 594 594 0 5898230 532003 7394314 83600
0 594 594 0 5905288 532489 7402656 83700
0 594 594 0 5912287 533025 7411150 83800
0 594 594 0 5919293 533542 7419607 83900
0 594 594 0 5926364 534099 7428214 84000
0 594 594 0 5933317 534604 7436565 84100
0 595 595 0 5940325 535131 7444988 84200
0 595 595 0 5947334 535701 7453587 84300
0 595 595 0 5954221 536284 7462170 84400
0 595 595 0 5961350 536871 7470881 84500
0 595 595 0 5968366 537473 7479410 84600
0 595 595 0 5975485 538020 7488104 84700
0 595 595 0 5982515 538534 7496621 84800
0 595 595 0 5989480 539049 7504924 84900
0 596 596 0 5996510 539588 7513322 85000
0 596 596 0 6003612 540141 7521814 85100
0 596 596 0 6010625 540678 7530361 85200
0 596 596 0 6017607 541157 7538678 85300
0 596 596 0 6024692 541689 7547132 85400
0 597 597 0 6031617 542189 7555423 85500
0 597 597 0 6038788 542683 7564050 85600
0 597 597 0 6045769 543175 7572450 85700
0 597 597 0 6052745 543710 7580910 85800
0 598 598 0 6059779 544268 7589475 85900
0 598 598 0 6066791 544783 7597905 86000
0 598 598 0 6073737 545348 7606374 86100
0 598 598 0 6080761 545910 7614952 86200
0 598 598 0 6087806 546496 7623578 86300
0 598 598 0 6094819 547052 7632146 86400
0 598 598 0 6101836 547626 7640819 86500
0 598 598 0 6108937 548251 7649631 86600
0 598 598 0 6115991 548889 7658416 86700
0 598 598 0 6123027 549512 7667213 86800
0 598 598 0 6130182 550164 7676070 86900
0 598 598 0 6137228 550804 7684846 87000
0 598 598 0 6144267 551464 7693577 87100
0 598 598 0 6151212 552122 7702112 87200
0 598 598 0 6158191 552810 7710745 87300
0 598 598 0 6165302 553440 7719587 87400
0 598 598 0 6172295 554089 7728290 87500
0 598 598 0 6179405 554736 7737087 87600
0 598 598 0 6186496 555379 7745792 87700
0 598 598 0 6193493 556076 7754522 87800
0 598 598 0 6200521 556774 7763328 87900
0 599 599 0 6207668 557486 7772313 88000
0 600 600 0 6214628 558169 7781065 88100
0 601 601 0 6221765 558837 7789816 88200
0 601 601 0 6228722 559517 7798446 88300
0 602 602 0 6235762 560196 7807235 88400
0 602 602 0 6242717 560896 7815944 88500
0 602 602 0 6249792 561547 7824678 88600
0 603 603 0 6256865 562181 7833506 88700
0 603 603 0 6263840 562877 7842141 88800
0 603 603 0 6270891 563549 7850922 88900
0 603 603 0 6277936 564172 7859645 89000
0 603 603 0 6284946 564799 7868277 89100
0 603 603 0 6291978 565372 7876994 89200
0 603 603 0 6299231 565986 7885962 89300
0 604 604 0 6306172 566600 7894684 89400
0 604 604 0 6313259 567214 7903509 89500
0 606 606 0 6320338 567839 7912282 89600
0 607 607 0 6327361 568502 7921092 89700
0 607 607 0 6334416 569154 7929897 89800
0 607 607 0 6341527 569712 7938759 89900
0 607 607 0 6348631 570301 7947507 90000
0 607 607 0 6355670 570915 7956254 90100
0 608 608 0 6362812 571496 7965026 90200
0 608 608 0 6369833 572085 7973630 90300
0 609 609 0 6376831 572696 7982198 90400
0 610 610 0 6383896 573297 7990757 90500
0 611 611 0 6390839 573919 7999294 90600
0 611 611 0 6398021 574584 8008246 90700
0 612 612 0 6405124 575255 8016974 90800
0 612 612 0 6412130 575941 8025628 90900
0 612 612 0 6419108 576626 8034222 91000
0 612 612 0 6426209 577321 8043025 91100
0 612 612 0 6433283 578004 8051861 91200
0 613 613 0 6440357 578683 8060648 91300
0 613 613 0 6447455 579409 8069549 91400
0 613 613 0 6454518 580094 8078493 91500
0 613 613 0 6461526 580801 8087266 91600
0 613 613 0 6468585 581403 8096070 91700
0 613 613 0 6475803 582068 8105108 91800
0 613 613 0 6482800 582668 8113902 91900
0 613 613 0 6489849 583342 8122801 92000
0 613 613 0 6496874 583972 8131589 92100
0 613 613 0 6503966 584642 8140471 92200
0 613 613 0 6510986 585304 8149393 92300
0 614 614 0 6518032 585952 8158284 92400
0 616 616 0 6525148 586611 8167248 92500
0 616 616 0 6532120 587248 8175919 92600
0 616 616 0 6539113 587832 8184518 92700
0 616 616 0 6546132 588424 8193140 92800
0 616 616 0 6553213 589047 8201829 92900
0 616 616 0 6560205 589654 8210257 93000
0 618 618 0 6567209 590237 8218702 93100
0 619 619 0 6574188 590811 8227115 93200
0 620 620 0 6581200 591407 8235665 93300
0 620 620 0 6588221 592069 8244241 93400
0 621 621 0 6595295 592706 8252932 93500
0 621 621 0 6602259 593323 8261658 93600
0 621 621 0 6609369 593968 8270496 93700
0 622 622 0 6616474 594640 8279385 93800
0 622 622 0 6623495 595289 8288073 93900
0 622 622 0 6630490 595948 8296665 94000
0 622 622 0 6637597 596596 8305409 94100
0 622 622 0 6644570 597263 8313968 94200
0 623 623 0 6651530 597833 8322380 94300
0 623 623 0 6658590 598422 8330901 94400
0 624 624 0 6665492 599006 8339218 94500
0 624 624 0 6672526 599641 8347710 94600
0 627 627 0 6679503 600232 8356091 94700
0 627 627 0 6686528 600845 8364637 94800
0 628 628 0 6693549 601408 8373172 94900
0 629 629 0 6700512 602039 8381742 95000
0 630 630 0 6707588 602587 8390228 95100
0 630 630 0 6714629 603161 8398832 95200
0 630 630 0 6721684 603734 8407404 95300
0 630 630 0 6728681 604320 8415966 95400
0 630 630 0 6735698 604927 8424489 95500
0 632 632 0 6742732 605514 8432975 95600
0 633 633 0 6749683 606101 8441375 95700
0 633 633 0 6756768 606694 8449906 95800
0 635 635 0 6763769 607260 8458291 95900
0 636 636 0 6770621 607865 8466616 96000
0 636 636 0 6777712 608443 8475140 96100
0 636 636 0 6784757 609072 8483771 96200
0 636 636 0 6791711 609686 8492371 96300
0 638 638 0 6798757 610332 8501028 96400
0 638 638 0 6805757 610992 8509668 96500
0 638 638 0 6812792 611661 8518289 96600
0 638 638 0 6819848 612337 8526969 96700
0 639 639 0 6826685 613037 8535466 96800
0 640 640 0 6833858 613721 8544283 96900
0 641 641 0 6840842 614432 8552958 97000
0 645 645 0 6847866 615139 8561779 97100
0 645 645 0 6854819 615918 8570576 97200
0 646 646 0 6861923 616651 8579548 97300
0 646 646 0 6868988 617386 8588489 97400
0 648 648 0 6875994 618108 8597397 97500
0 648 648 0 6883043 618918 8606408 97600
0 648 648 0 6890137 619752 8615443 97700
0 648 648 0 6897103 620520 8624271 97800
0 648 648 0 6904189 621323 8633354 97900
0 649 649 0 6911252 622120 8642336 98000
0 650 650 0 6918293 622926 8651278 98100
0 651 651 0 6925432 623759 8660372 98200
0 653 653 0 6932518 624668 8669468 98300
0 653 653 0 6939543 625462 8678420 98400
0 653 653 0 6946512 626342 8687365 98500
0 653 653 0 6953587 627160 8696249 98600
0 653 653 0 6960734 627943 8705216 98700
0 653 653 0 6967749 628703 8714037 98800
0 653 653 0 6974765 629488 8722872 98900
0 653 653 0 6981859 630297 8731931 99000
0 654 654 0 6988866 631073 8740884 99100
0 654 654 0 6995885 631825 8749797 99200
0 654 654 0 7003011 632578 8758834 99300
0 654 654 0 7009999 633318 8767720 99400
0 654 654 0 7017094 634079 8776627 99500
0 655 655 0 7024014 634808 8785225 99600
0 655 655 0 7031158 635507 8794183 99700
0 656 656 0 7038127 636192 8802944 99800
0 656 656 0 7045242 636823 8811755 99900
0 657 657 0 7052285 637486 8820474 100000
0 657 657 0 7059320 638060 8829096 100100
0 658 658 0 7066320 638757 8837851 100200
0 659 659 0 7073377 639370 8846559 100300
0 659 659 0 7080388 640008 8855284 100400
0 660 660 0 7087410 640593 8863869 100500
0 660 660 0 7094425 641221 8872440 100600
0 660 660 0 7101342 641823 8880811 100700
0 660 660 0 7108305 642437 8889294 100800
0 661 661 0 7115350 643112 8897964 100900
0 661 661 0 7122264 643802 8906446 101000
0 661 661 0 7129314 644379 8915082 101100
0 662 662 0 7136217 645156 8923745 101200
0 663 663 0 7143313 645902 8932593 101300
0 664 664 0 7150374 646684 8941613 101400
0 665 665 0 7157488 647438 8950678 101500
0 665 665 0 7164553 648264 8959702 101600
0 665 665 0 7171587 649053 8968720 101700
0 665 665 0 7178586 649921 8977826 101800
0 665 665 0 7185666 650820 8987069 101900
0 665 665 0 7192728 651777 8996409 102000
0 665 665 0 7199840 652770 9005780 102100
0 665 665 0 7206932 653728 9015170 102200
0 665 665 0 7214052 654685 9024683 102300
0 665 665 0 7221056 655657 9034053 102400
0 665 665 0 7228157 656619 9043532 102500
0 665 665 0 7235190 657663 9052920 102600
0 666 666 0 7242336 658683 9062268 102700
0 667 667 0 7249299 659648 9071431 102800
0 668 668 0 7256314 660636 9080614 102900
0 668 668 0 7263286 661565 9089595 103000
0 668 668 0 7270255 662492 9098574 103100
0 669 669 0 7277251 663456 9107658 103200
0 669 669 0 7284330 664391 9116700 103300
0 670 670 0 7291363 665294 9125887 103400
0 670 670 0 7298347 666224 9134891 103500
0 670 670 0 7305437 667148 9144042 103600
0 671 671 0 7312333 668017 9152902 103700
0 671 671 0 7319580 668949 9162169 103800
0 672 672 0 7326428 669793 9170919 103900
0 672 672 0 7333434 670593 9179801 104000
0 672 672 0 7340401 671425 9188815 104100
0 673 673 0 7347525 672278 9198170 104200
0 673 673 0 7354632 673174 9207476 104300
0 674 674 0 7361599 674037 9216679 104400
0 676 676 0 7368820 674990 9226122 104500
0 676 676 0 7375813 675959 9235422 104600
0 678 678 0 7382897 676903 9244942 104700
0 679 679 0 7389957 677862 9254440 104800
0 680 680 0 7397127 678795 9263977 104900
0 682 682 0 7404236 679669 9273393 105000
0 682 682 0 7411202 680642 9282759 105100
0 682 682 0 7418268 681554 9292128 105200
0 683 683 0 7425365 682425 9301392 105300
0 683 683 0 7432254 683219 9310336 105400
0 686 686 0 7439179 684099 9319392 105500
0 686 686 0 7446272 684869 9328406 105600
0 686 686 0 7453236 685610 9337270 105700
0 686 686 0 7460239 686342 9346217 105800
0 686 686 0 7467210 687108 9355065 105900
0 687 687 0 7474233 687735 9363719 106000
0 687 687 0 7481181 688436 9372387 106100
0 688 688 0 7488082 689098 9380947 106200
0 688 688 0 7494989 689797 9389479 106300
0 688 688 0 7501908 690536 9398072 106400
0 688 688 0 7508849 691266 9406703 106500
0 689 689 0 7515659 691952 9415211 106600
0 690 690 0 7522728 692649 9424081 106700
0 690 690 0 7529634 693376 9432825 106800
0 690 690 0 7536778 694111 9441916 106900
0 691 691 0 7543846 694911 9451134 107000
0 693 693 0 7550958 695596 9460212 107100
0 694 694 0 7558038 696390 9469350 107200
0 695 695 0 7565018 697185 9478438 107300
0 696 696 0 7572084 698016 9487564 107400
0 696 696 0 7579173 698796 9496508 107500
0 697 697 0 7586128 699604 9505252 107600
0 697 697 0 7593033 700414 9513969 107700
0 699 699 0 7600057 701225 9522793 107800
0 699 699 0 7606968 702014 9531579 107900
0 700 700 0 7613947 702801 9540462 108000
0 701 701 0 7620937 703580 9549371 108100
0 703 703 0 7628019 704441 9558392 108200
0 703 703 0 7635070 705227 9567305 108300
0 706 706 0 7642051 706080 9576291 108400
0 706 706 0 7649114 706876 9585150 108500
0 707 707 0 7655932 707703 9593916 108600
0 707 707 0 7663002 708496 9602869 108700
0 708 708 0 7670113 709355 9611839 108800
0 709 709 0 7677043 710095 9620509 108900
0 709 709 0 7684200 710941 9629546 109000
0 711 711 0 7691148 711726 9638283 109100
0 711 711 0 7698006 712524 9646965 109200
0 711 711 0 7705073 713238 9655795 109300
0 711 711 0 7712106 713984 9664666 109400
0 711 711 0 7719057 714800 9673476 109500
0 711 711 0 7726158 715556 9682451 109600
0 711 711 0 7733228 716362 9691472 109700
0 711 711 0 7740188 717132 9700459 109800
0 711 711 0 7747316 717899 9709557 109900
0 711 711 0 7754382 718722 9718515 110000
0 711 711 0 7761369 719617 9727423 110100
0 712 712 0 7768411 720490 9736313 110200
0 712 712 0 7775345 721376 9745135 110300
0 712 712 0 7782507 722225 9754164 110400
0 712 712 0 7789512 723108 9763288 110500
0 712 712 0 7796526 724023 9772390 110600
0 712 712 0 7803641 724887 9781523 110700
0 713 713 0 7810716 725848 9790658 110800
0 715 715 0 7817723 726794 9799803 110900
0 716 716 0 7824824 727821 9809059 111000
0 716 716 0 7831802 728721 9818101 111100
0 716 716 0 7838766 729713 9827133 111200
0 717 717 0 7845781 730552 9836050 111300
0 717 717 0 7852783 731458 9844963 111400
0 717 717 0 7859744 732228 9853651 111500
0 717 717 0 7866670 733075 9862463 111600
0 717 717 0 7873684 733926 9871325 111700
0 717 717 0 7880608 734848 9880190 111800
0 717 717 0 7887651 735663 9889071 111900
0 717 717 0 7894554 736579 9897848 112000
0 717 717 0 7901579 737357 9906525 112100
0 717 717 0 7908641 738217 9915306 112200
0 717 717 0 7915587 739043 9923991 112300
0 717 717 0 7922526 739879 9932675 112400
0 718 718 0 7929567 740637 9941365 112500
0 718 718 0 7936639 741447 9950235 112600
0 718 718 0 7943655 742255 9959002 112700
0 720 720 0 7950669 743060 9967871 112800
0 720 720 0 7957632 743905 9976849 112900
0 721 721 0 7964737 744702 9985835 113000
0 722 722 0 7971820 745586 9994932 113100
0 723 723 0 7978873 746388 10003951 113200
0 724 724 0 7986014 747223 10013179 113300
0 724 724 0 7993058 748108 10022253 113400
0 724 724 0 8000100 749039 10031408 113500
0 725 725 0 8007238 749909 10040526 113600
0 726 726 0 8014262 750794 10049466 113700
0 726 726 0 8021294 751668 10058453 113800
0 726 726 0 8028258 752576 10067414 113900
0 726 726 0 8035305 753470 10076484 114000
0 726 726 0 8042235 754446 10085499 114100
0 726 726 0 8049245 755429 10094565 114200
0 726 726 0 8056214 756376 10103612 114300
0 726 726 0 8063296 757322 10112829 114400
0 726 726 0 8070284 758249 10121963 114500
0 726 726 0 8077446 759149 10131226 114600
0 727 727 0 8084422 760040 10140286 114700
0 727 727 0 8091505 761001 10149507 114800
0 728 728 0 8098434 761860 10158523 114900
0 728 728 0 8105510 762781 10167665 115000
0 728 728 0 8112627 763682 10176870 115100
0 728 728 0 8119535 764592 10185747 115200
0 728 728 0 8126659 765403 10194878 115300
0 728 728 0 8133639 766310 10203977 115400
0 728 728 0 8140638 767174 10213003 115500
0 730 730 0 8147687 768189 10222261 115600
0 730 730 0 8154713 769064 10231341 115700
0 730 730 0 8161746 770083 10240545 115800
0 730 730 0 8168852 770952 10249722 115900
0 730 730 0 8175823 771905 10258794 116000
0 730 730 0 8182941 772827 10267970 116100
0 730 730 0 8189948 773795 10277015 116200
0 730 730 0 8197029 774716 10286196 116300
0 730 730 0 8204020 775714 10295310 116400
0 731 731 0 8210921 776682 10304337 116500
0 731 731 0 8218051 777760 10313684 116600
0 731 731 0 8225082 778769 10322883 116700
0 731 731 0 8232224 779856 10332274 116800
0 731 731 0 8239188 780788 10341410 116900
0 732 732 0 8246182 781869 10350704 117000
0 732 732 0 8253238 782832 10359880 117100
0 732 732 0 8260293 783863 10369197 117200
0 732 732 0 8267366 784827 10378427 117300
0 732 732 0 8274276 785803 10387421 117400
0 732 732 0 8281341 786780 10396637 117500
0 732 732 0 8288308 787771 10405849 117600
0 732 732 0 8295424 788800 10415211 117700
0 733 733 0 8302490 789836 10424599 117800
0 733 733 0 8309552 790842 10433925 117900
0 734 734 0 8316614 791869 10443356 118000
0 734 734 0 8323767 792842 10452700 118100
0 735 735 0 8330601 793901 10461869 118200
0 735 735 0 8337727 794860 10471098 118300
0 735 735 0 8344781 795866 10480246 118400
0 735 735 0 8351790 796801 10489387 118500
0 735 735 0 8358801 797823 10498607 118600
0 735 735 0 8365897 798876 10507994 118700
0 735 735 0 8372872 799885 10517244 118800
0 735 735 0 8379912 800919 10526491 118900
0 735 735 0 8387046 801970 10535732 119000
0 735 735 0 8394116 802988 10545027 119100
0 735 735 0 8401185 804032 10554405 119200
0 735 735 0 8408278 805008 10563675 119300
0 736 736 0 8415314 805942 10572996 119400
0 736 736 0 8422421 806876 10582283 119500
0 737 737 0 8429472 807874 10591420 119600
0 737 737 0 8436489 808793 10600539 119700
0 737 737 0 8443505 809740 10609741 119800
0 738 738 0 8450512 810586 10618859 119900
