0 8035 0 0 11524564 213954 15807092 99900
0 0 0 0 0 99900
332.58890144685654 1196.3964010745824 12934 15.935850088809039 643.1916497736499
0 7885 0 0 11534332 203189 15775761 99900
0 0 0 0 0 99900
339.8650527504936 1213.3486813150373 13051 15.460599011479594 625.7226994235899
0 8076 0 0 11527257 199198 15763055 99900
0 0 0 0 0 99900
323.93049547078977 1221.113014363742 13018 16.008997260156843 579.0951273395548
0 7981 0 0 11466247 197985 15501539 99900
0 0 0 0 0 99900
318.6276276203521 1183.7142664771861 12634 15.81759783939441 652.5615648134125
0 7973 0 0 11540308 221000 15835748 99900
0 0 0 0 0 99900
349.4654143055484 1265.2328443060374 13079 15.725403286641681 644.706521562228
0 7813 0 0 11516266 214789 15751938 99900
0 0 0 0 0 99900
332.82364736445186 1473.5244120351665 12841 15.19348001304745 636.7705125344352
0 8205 0 0 11508337 213109 15718632 99900
0 0 0 0 0 99900
320.4454065539295 1140.920095559601 12825 15.796197321017598 634.8440713284566
0 7747 0 0 11474037 199827 15489463 99900
0 0 0 0 0 99900
331.56786216655075 1178.091744163484 12658 15.758088740343151 638.1172815390556
