0 8881 0 0 11540265 8715 15551099 99900
3025 0 3877 0 0 99900
358.6187779836571 1474.3332497206513 12823 2.7734306494727763 351.8351032406358
0 8223 0 0 11466958 8050 15260526 99900
2569 0 3710 0 0 99900
339.0618104844148 2117.1779395523463 12222 2.8890195340886753 377.4079051318508
0 8684 0 0 11482524 8553 15360946 99900
2862 0 3879 0 0 99900
340.428932665906 1630.2258907864505 12591 2.7171769246913287 343.19979856342434
0 8549 0 0 11513732 8380 15431884 99900
2754 0 3771 0 0 99900
341.2631022875191 1474.6315428464884 12662 2.7129273701804677 381.14295327263574
0 8645 0 0 11525679 8471 15463801 99900
2780 0 3780 0 0 99900
352.68760703329224 1571.6743503858308 12701 2.6721972259459523 375.9198427315024
0 8950 0 0 11512337 8801 15439713 99900
2836 0 3990 0 0 99900
337.8931647925675 1341.7277036836676 12703 2.557834845549307 360.11511409495
0 8673 0 0 11467629 8524 15249038 99900
2742 0 3929 0 0 99900
337.30798807206423 1474.2377459061781 12466 3.2158879596827803 409.9190128661566
0 8620 0 0 11489748 8463 15336273 99900
2773 0 3915 0 0 99900
338.45212025755916 1344.2300537892302 12620 2.9192208241249866 359.0621731444931
