0 2267 0 0 8386215 1298824 13403740 69900
0 0 0 0 0 69900
415.732875189487 1518.9817587914984 15069 12.687039748647267 521.3481366946821
0 2288 0 0 8410443 1386826 13657238 69900
0 0 0 0 0 69900
407.5327619195206 1642.8561156033886 15236 12.524796282287182 505.9197945565664
0 2394 0 0 8449075 1344714 13720300 69900
0 0 0 0 0 69900
417.523647255834 1591.044923940088 15465 12.433408611410783 515.2594993458814
0 2610 0 0 8386542 1355178 13471541 69900
0 0 0 0 0 69900
394.00882192626216 1514.8151889582791 15168 12.494395082272238 504.83109738225875
0 2426 0 0 8447171 1339320 13709506 69900
0 0 0 0 0 69900
441.79009402728116 1708.2174550381046 15584 12.153879684002227 499.52965323743166
0 2471 0 0 8411312 1327860 13566891 69900
0 0 0 0 0 69900
421.53375230885945 1607.9036766695392 15198 12.477239036725503 511.0794770490805
0 2440 0 0 8404103 1320971 13501499 69900
0 0 0 0 0 69900
399.7114093805137 1488.4610155390078 15110 12.254983482361864 513.2056778937737
0 2426 0 0 8367797 1333300 13401435 69900
0 0 0 0 0 69900
402.2130083389148 1465.0599988046365 14904 12.293867419447663 519.8974514305128
