0 0 0 0 0 0 0 0
0 5 0 0 1976 0 2007 100
0 9 0 0 4618 5 4719 200
0 12 0 0 5793 8 5958 300
0 12 0 0 7291 10 7495 400
0 13 0 0 8954 11 9191 500
0 14 0 0 10954 11 11216 600
0 15 0 0 13228 13 13533 700
0 16 0 0 15639 31 16031 800
0 17 0 0 18312 60 18851 900
0 18 0 0 21093 100 21833 1000
0 19 0 0 24052 141 25025 1100
0 20 0 0 27226 228 28525 1200
0 20 0 0 30503 324 32157 1300
0 24 0 0 33750 431 35863 1400
0 24 0 0 37262 557 39947 1500
0 25 0 0 40765 708 44104 1600
0 27 0 0 44318 885 48358 1700
0 28 0 0 47972 1070 52807 1800
0 29 0 0 51706 1275 57397 1900
0 31 0 0 55487 1480 62117 2000
0 32 0 0 59426 1708 67020 2100
0 33 0 0 63294 1960 71996 2200
0 34 0 0 67350 2231 77245 2300
0 35 0 0 71355 2542 82492 2400
0 39 0 0 75438 2839 87886 2500
0 42 0 0 79592 3135 93407 2600
0 45 0 0 83839 3457 99063 2700
0 47 0 0 87983 3776 104674 2800
0 48 0 0 92228 4064 110498 2900
0 50 0 0 96482 4379 116450 3000
1 52 0 0 100803 4699 122465 3100
1 54 0 0 105093 4983 128633 3200
1 55 0 0 109439 5293 134919 3300
1 56 0 0 113808 5642 141208 3400
2 57 0 0 118266 5946 147442 3500
3 60 0 0 122624 6283 153624 3600
3 62 0 0 126976 6596 159634 3700
3 62 0 0 131254 6939 165585 3800
3 64 0 0 135596 7307 171504 3900
3 64 0 0 139848 7701 177281 4000
3 65 0 0 144109 8057 183064 4100
3 65 0 0 148371 8421 188914 4200
3 66 0 0 152657 8783 194745 4300
3 66 0 0 156919 9190 200585 4400
3 68 0 0 161256 9598 206616 4500
3 69 0 0 165513 10002 212569 4600
3 71 0 0 169795 10468 218726 4700
3 73 0 0 174161 10919 224878 4800
3 73 0 0 178503 11370 231134 4900
3 73 0 0 182838 11824 237328 5000
3 76 0 0 187149 12240 243574 5100
3 77 0 0 191468 12670 249763 5200
3 78 0 0 195824 13096 255964 5300
3 79 0 0 200138 13512 262107 5400
3 82 0 0 204497 13916 268245 5500
4 83 0 0 208752 14357 274373 5600
4 86 0 0 213057 14777 280621 5700
4 88 0 0 217423 15213 287032 5800
4 90 0 0 221815 15693 293353 5900
4 93 0 0 226208 16130 299564 6000
4 95 0 0 230554 16601 305863 6100
4 97 0 0 234877 17004 312107 6200
4 100 0 0 239282 17402 318456 6300
4 102 0 0 243737 17839 324802 6400
4 104 0 0 248189 18296 331183 6500
4 107 0 0 252614 18706 337600 6600
4 109 0 0 257029 19163 344183 6700
4 112 0 0 261481 19581 350686 6800
4 114 0 0 265948 20014 357201 6900
4 117 0 0 270421 20473 363549 7000
4 120 0 0 274778 20931 369742 7100
4 121 0 0 279109 21378 375873 7200
4 123 0 0 283384 21808 381931 7300
4 125 0 0 287756 22259 388192 7400
4 125 0 0 292151 22758 394488 7500
4 131 0 0 296592 23240 400761 7600
4 132 0 0 300873 23766 406908 7700
4 132 0 0 305145 24275 413084 7800
4 133 0 0 309505 24753 419409 7900
4 135 0 0 313861 25270 425743 8000
4 137 0 0 318237 25776 432036 8100
4 139 0 0 322614 26297 438504 8200
4 139 0 0 326977 26829 444870 8300
4 140 0 0 331409 27335 451270 8400
4 143 0 0 335716 27850 457630 8500
5 144 0 0 340130 28352 464108 8600
5 146 0 0 344538 28865 470519 8700
5 147 0 0 348982 29376 476890 8800
5 150 0 0 353366 29833 483153 8900
6 151 0 0 357754 30332 489621 9000
6 154 0 0 362068 30833 496141 9100
6 154 0 0 366510 31315 502719 9200
7 158 0 0 370991 31808 509325 9300
7 158 0 0 375315 32295 515741 9400
7 159 0 0 379768 32803 522320 9500
7 162 0 0 384091 33296 528596 9600
7 163 0 0 388390 33677 534762 9700
7 164 0 0 392700 34093 540780 9800
7 166 0 0 397115 34548 546955 9900
7 167 0 0 401349 34981 552937 10000
7 167 0 0 405753 35437 559135 10100
7 167 0 0 410134 35881 565244 10200
7 167 0 0 414488 36324 571249 10300
7 168 0 0 418789 36730 577204 10400
7 168 0 0 423132 37198 583388 10500
7 168 0 0 427562 37634 589852 10600
7 169 0 0 431969 38082 596153 10700
7 169 0 0 436265 38568 602289 10800
7 170 0 0 440622 39035 608565 10900
7 171 0 0 444995 39501 615018 11000
7 172 0 0 449399 40025 621750 11100
7 173 0 0 453790 40636 628365 11200
8 174 0 0 458336 41214 635042 11300
8 175 0 0 462573 41844 641503 11400
8 175 0 0 466980 42409 647929 11500
8 177 0 0 471400 42988 654364 11600
8 178 0 0 475770 43538 660553 11700
8 178 0 0 480127 44047 666839 11800
8 179 0 0 484506 44550 673124 11900
8 181 0 0 488788 45034 679167 12000
9 183 0 0 493166 45464 685179 12100
9 184 0 0 497554 45951 691269 12200
9 188 0 0 501784 46375 697221 12300
9 190 0 0 506083 46785 703268 12400
10 191 0 0 510373 47194 709215 12500
10 193 0 0 514759 47631 715252 12600
11 193 0 0 519017 47990 721086 12700
11 196 0 0 523432 48369 727095 12800
12 196 0 0 527626 48741 732828 12900
12 196 0 0 531950 49080 738694 13000
12 198 0 0 536243 49474 744556 13100
13 199 0 0 540435 49871 750293 13200
13 201 0 0 544765 50320 756232 13300
13 202 0 0 549074 50734 762225 13400
13 202 0 0 553392 51196 768273 13500
13 204 0 0 557746 51609 774367 13600
13 204 0 0 562104 52050 780500 13700
14 205 0 0 566421 52468 786584 13800
14 205 0 0 570723 52938 792664 13900
14 205 0 0 575103 53435 798934 14000
14 206 0 0 579519 53930 805255 14100
15 206 0 0 583872 54442 811602 14200
15 206 0 0 588296 54996 818129 14300
15 208 0 0 592750 55576 824722 14400
16 209 0 0 597266 56137 831195 14500
16 209 0 0 601666 56709 837689 14600
16 210 0 0 606035 57246 844120 14700
16 210 0 0 610428 57802 850646 14800
16 211 0 0 614875 58394 857236 14900
16 212 0 0 619199 58964 863848 15000
16 214 0 0 623549 59505 870269 15100
16 214 0 0 627925 60016 876783 15200
17 217 0 0 632346 60461 883374 15300
17 218 0 0 636798 60988 890015 15400
17 219 0 0 641182 61492 896580 15500
17 221 0 0 645580 61925 903077 15600
17 221 0 0 649962 62417 909502 15700
17 222 0 0 654248 62890 915735 15800
18 223 0 0 658553 63395 922043 15900
18 223 0 0 662867 63923 928356 16000
18 223 0 0 667231 64438 934895 16100
18 223 0 0 671788 64976 941631 16200
18 224 0 0 676156 65494 948109 16300
18 224 0 0 680518 65959 954522 16400
19 225 0 0 684957 66556 961078 16500
19 225 0 0 689257 67128 967639 16600
19 226 0 0 693694 67686 974200 16700
19 226 0 0 698082 68268 980753 16800
20 227 0 0 702482 68772 987108 16900
20 229 0 0 706724 69245 993195 17000
21 230 0 0 711023 69713 999351 17100
21 231 0 0 715417 70228 1005617 17200
21 233 0 0 719749 70714 1011730 17300
22 233 0 0 724125 71168 1017988 17400
22 234 0 0 728462 71589 1023990 17500
22 236 0 0 732761 72024 1029991 17600
22 236 0 0 737018 72414 1035722 17700
22 239 0 0 741227 72800 1041393 17800
22 239 0 0 745428 73219 1047154 17900
22 240 0 0 749606 73663 1053021 18000
22 240 0 0 753995 74103 1059112 18100
22 242 0 0 758265 74522 1065114 18200
22 242 0 0 762627 75017 1071234 18300
22 242 0 0 766926 75476 1077349 18400
22 242 0 0 771231 75958 1083425 18500
22 242 0 0 775498 76456 1089417 18600
22 243 0 0 779870 76997 1095643 18700
22 243 0 0 784185 77529 1101761 18800
22 244 0 0 788462 78153 1107971 18900
22 245 0 0 792810 78767 1114317 19000
22 245 0 0 797106 79367 1120510 19100
23 246 0 0 801393 79964 1126852 19200
24 249 0 0 805702 80589 1133419 19300
24 249 0 0 810070 81248 1140012 19400
25 250 0 0 814515 81850 1146568 19500
25 250 0 0 818918 82484 1153079 19600
25 251 0 0 823113 83059 1159223 19700
26 252 0 0 827502 83609 1165470 19800
26 252 0 0 831944 84096 1171747 19900
26 253 0 0 836265 84546 1177823 20000
26 254 0 0 840738 85070 1184112 20100
26 254 0 0 845094 85591 1190258 20200
26 254 0 0 849439 86085 1196544 20300
27 256 0 0 853879 86577 1202922 20400
27 256 0 0 858293 87032 1209477 20500
27 257 0 0 862796 87486 1216084 20600
27 257 0 0 867277 88002 1222730 20700
27 258 0 0 871813 88423 1229242 20800
27 259 0 0 876150 88792 1235379 20900
27 259 0 0 880552 89162 1241521 21000
27 259 0 0 884881 89515 1247459 21100
27 259 0 0 889167 89838 1253194 21200
27 260 0 0 893494 90237 1259055 21300
27 260 0 0 897780 90619 1264870 21400
27 260 0 0 902127 90998 1270785 21500
28 261 0 0 906420 91387 1276745 21600
28 264 0 0 910785 91773 1282832 21700
29 265 0 0 915123 92219 1288926 21800
29 265 0 0 919451 92634 1295030 21900
29 266 0 0 923819 93082 1301092 22000
29 266 0 0 928102 93556 1307087 22100
29 266 0 0 932418 94027 1313087 22200
29 268 0 0 936754 94440 1319161 22300
29 269 0 0 941089 94944 1325250 22400
29 270 0 0 945448 95355 1331271 22500
29 272 0 0 949858 95801 1337403 22600
29 273 0 0 954179 96261 1343602 22700
29 275 0 0 958507 96726 1349853 22800
30 276 0 0 962890 97206 1356144 22900
30 278 0 0 967230 97727 1362563 23000
31 279 0 0 971492 98272 1368850 23100
32 280 0 0 975852 98750 1375140 23200
32 282 0 0 980105 99282 1381312 23300
32 284 0 0 984407 99792 1387531 23400
33 286 0 0 988690 100298 1393589 23500
34 287 0 0 992920 100768 1399564 23600
34 288 0 0 997210 101300 1405706 23700
34 289 0 0 1001398 101839 1411726 23800
34 289 0 0 1005668 102343 1417817 23900
35 292 0 0 1010034 102833 1424042 24000
35 292 0 0 1014285 103394 1430157 24100
36 293 0 0 1018648 103939 1436313 24200
36 294 0 0 1022961 104506 1442563 24300
36 295 0 0 1027316 105095 1448949 24400
37 298 0 0 1031750 105719 1455391 24500
38 299 0 0 1036151 106353 1461924 24600
38 300 0 0 1040489 106904 1468343 24700
38 301 0 0 1044889 107460 1474842 24800
38 301 0 0 1049236 107970 1481149 24900
38 301 0 0 1053623 108522 1487541 25000
38 302 0 0 1058061 109040 1493811 25100
39 304 0 0 1062381 109600 1500137 25200
39 306 0 0 1066673 110116 1506317 25300
39 306 0 0 1071017 110571 1512509 25400
39 307 0 0 1075466 110991 1518796 25500
40 308 0 0 1079813 111392 1524850 25600
41 309 0 0 1084110 111870 1530978 25700
41 311 0 0 1088505 112353 1537128 25800
41 311 0 0 1092774 112764 1543248 25900
41 312 0 0 1097182 113193 1549418 26000
41 312 0 0 1101520 113678 1555597 26100
41 313 0 0 1105998 114137 1561862 26200
41 313 0 0 1110229 114612 1567884 26300
42 313 0 0 1114621 115101 1574110 26400
43 315 0 0 1118956 115569 1580406 26500
43 317 0 0 1123408 116098 1586951 26600
43 317 0 0 1127868 116666 1593537 26700
43 319 0 0 1132273 117198 1600091 26800
44 320 0 0 1136619 117732 1606500 26900
44 320 0 0 1141036 118218 1612955 27000
44 321 0 0 1145431 118757 1619504 27100
44 321 0 0 1149678 119318 1625849 27200
44 322 0 0 1154093 119928 1632295 27300
44 323 0 0 1158409 120495 1638608 27400
44 325 0 0 1162729 121082 1644938 27500
44 326 0 0 1167097 121690 1651338 27600
44 326 0 0 1171452 122316 1657691 27700
44 327 0 0 1175720 122938 1664103 27800
44 328 0 0 1180034 123561 1670579 27900
44 328 0 0 1184443 124148 1677140 28000
44 329 0 0 1188763 124780 1683774 28100
44 329 0 0 1193266 125415 1690571 28200
44 331 0 0 1197646 126034 1697191 28300
44 331 0 0 1201968 126611 1703657 28400
44 333 0 0 1206325 127210 1710124 28500
44 333 0 0 1210705 127724 1716520 28600
44 333 0 0 1215131 128233 1722978 28700
44 336 0 0 1219423 128753 1729169 28800
44 336 0 0 1223791 129255 1735252 28900
45 338 0 0 1228060 129717 1741273 29000
45 339 0 0 1232367 130191 1747227 29100
45 340 0 0 1236605 130646 1753044 29200
45 341 0 0 1240919 131099 1758964 29300
45 342 0 0 1245275 131529 1764767 29400
45 343 0 0 1249649 131952 1770567 29500
46 344 0 0 1253927 132388 1776297 29600
46 345 0 0 1258201 132841 1782159 29700
46 346 0 0 1262581 133315 1788089 29800
46 347 0 0 1266913 133748 1794019 29900
47 347 0 0 1271304 134224 1800136 30000
47 348 0 0 1275633 134673 1806094 30100
47 349 0 0 1279964 135155 1812091 30200
47 350 0 0 1284264 135636 1818129 30300
47 351 0 0 1288564 136185 1824241 30400
47 352 0 0 1292885 136701 1830322 30500
47 353 0 0 1297313 137217 1836630 30600
47 354 0 0 1301586 137753 1842860 30700
47 356 0 0 1305985 138283 1849209 30800
47 357 0 0 1310359 138806 1855625 30900
47 357 0 0 1314756 139288 1862106 31000
47 358 0 0 1319100 139815 1868321 31100
47 358 0 0 1323501 140291 1874626 31200
47 358 0 0 1327791 140755 1880765 31300
47 360 0 0 1332013 141263 1886913 31400
47 360 0 0 1336375 141729 1893219 31500
47 360 0 0 1340674 142192 1899406 31600
47 361 0 0 1345138 142686 1905770 31700
47 361 0 0 1349424 143173 1912032 31800
47 362 0 0 1353786 143636 1918250 31900
47 365 0 0 1358080 144119 1924435 32000
47 367 0 0 1362546 144604 1930790 32100
47 370 0 0 1366852 145051 1937035 32200
48 373 0 0 1371185 145497 1943204 32300
48 373 0 0 1375564 145929 1949554 32400
48 374 0 0 1379917 146340 1955733 32500
48 375 0 0 1384283 146759 1961867 32600
48 376 0 0 1388631 147201 1968107 32700
48 379 0 0 1392939 147576 1974290 32800
48 379 0 0 1397332 147998 1980558 32900
48 380 0 0 1401692 148418 1986806 33000
49 382 0 0 1406044 148873 1993046 33100
49 385 0 0 1410437 149336 1999418 33200
50 388 0 0 1414827 149820 2005647 33300
50 388 0 0 1419223 150249 2011723 33400
50 389 0 0 1423631 150679 2017771 33500
50 389 0 0 1427896 151092 2023655 33600
50 390 0 0 1432245 151547 2029691 33700
50 390 0 0 1436437 152015 2035578 33800
50 390 0 0 1440707 152521 2041633 33900
50 392 0 0 1445031 153003 2047636 34000
50 393 0 0 1449312 153498 2053627 34100
50 394 0 0 1453493 154007 2059564 34200
50 394 0 0 1457858 154454 2065711 34300
50 395 0 0 1462137 154949 2071790 34400
50 396 0 0 1466375 155408 2077835 34500
51 396 0 0 1470729 155920 2084061 34600
51 398 0 0 1474997 156460 2090162 34700
51 398 0 0 1479337 156962 2096274 34800
51 399 0 0 1483608 157534 2102295 34900
51 401 0 0 1487814 158117 2108144 35000
51 402 0 0 1492203 158678 2114159 35100
51 403 0 0 1496396 159214 2120101 35200
51 403 0 0 1500804 159818 2126274 35300
51 403 0 0 1505086 160393 2132434 35400
51 404 0 0 1509509 160989 2138938 35500
51 404 0 0 1513759 161618 2145253 35600
51 404 0 0 1518130 162274 2151744 35700
51 406 0 0 1522478 162966 2158217 35800
51 406 0 0 1526803 163598 2164670 35900
51 407 0 0 1531132 164228 2171203 36000
51 411 0 0 1535510 164886 2177954 36100
51 412 0 0 1539903 165526 2184794 36200
51 413 0 0 1544283 166225 2191567 36300
51 414 0 0 1548762 166821 2198263 36400
51 415 0 0 1553129 167435 2204916 36500
51 415 0 0 1557429 168020 2211354 36600
51 417 0 0 1561842 168661 2217957 36700
51 417 0 0 1566197 169249 2224473 36800
51 419 0 0 1570496 169793 2230810 36900
52 421 0 0 1574764 170397 2237052 37000
53 423 0 0 1579130 170995 2243316 37100
53 424 0 0 1583397 171618 2249704 37200
53 425 0 0 1587782 172176 2256163 37300
53 426 0 0 1592161 172729 2262650 37400
53 427 0 0 1596490 173250 2269164 37500
53 427 0 0 1600938 173769 2275812 37600
53 428 0 0 1605391 174314 2282367 37700
53 428 0 0 1609708 174864 2288803 37800
53 429 0 0 1614165 175360 2295251 37900
54 430 0 0 1618474 175926 2301593 38000
54 430 0 0 1622776 176430 2307796 38100
54 430 0 0 1627116 176963 2313913 38200
54 430 0 0 1631382 177475 2319829 38300
54 430 0 0 1635549 178001 2325543 38400
54 430 0 0 1639780 178471 2331384 38500
54 430 0 0 1644066 178954 2337210 38600
54 430 0 0 1648389 179405 2343079 38700
54 430 0 0 1652625 179884 2348981 38800
54 431 0 0 1656986 180382 2354997 38900
54 431 0 0 1661293 180817 2360927 39000
54 432 0 0 1665520 181278 2366710 39100
54 433 0 0 1669895 181791 2372667 39200
54 433 0 0 1674180 182273 2378538 39300
54 434 0 0 1678470 182761 2384426 39400
54 434 0 0 1682709 183242 2390349 39500
54 434 0 0 1687061 183695 2396316 39600
54 434 0 0 1691361 184154 2402320 39700
54 434 0 0 1695701 184650 2408520 39800
54 435 0 0 1700039 185126 2414868 39900
54 436 0 0 1704448 185651 2421204 40000
55 436 0 0 1708775 186134 2427552 40100
55 437 0 0 1713156 186614 2433889 40200
56 437 0 0 1717628 187030 2440282 40300
56 438 0 0 1721967 187435 2446372 40400
56 438 0 0 1726396 187915 2452723 40500
56 438 0 0 1730753 188392 2458840 40600
56 439 0 0 1735038 188836 2464844 40700
56 439 0 0 1739469 189292 2471007 40800
56 439 0 0 1743851 189744 2477148 40900
56 441 0 0 1748216 190218 2483281 41000
56 442 0 0 1752587 190629 2489256 41100
56 443 0 0 1756944 191027 2495167 41200
56 444 0 0 1761161 191373 2500975 41300
57 445 0 0 1765531 191746 2506996 41400
57 446 0 0 1769916 192187 2513089 41500
57 446 0 0 1774251 192597 2519168 41600
57 446 0 0 1778566 193032 2525117 41700
57 446 0 0 1782850 193477 2531128 41800
57 446 0 0 1787200 193913 2537147 41900
57 447 0 0 1791620 194364 2543379 42000
58 447 0 0 1795927 194811 2549510 42100
58 447 0 0 1800443 195213 2555848 42200
58 447 0 0 1804746 195615 2561907 42300
58 447 0 0 1809109 196061 2568101 42400
58 447 0 0 1813412 196453 2574171 42500
59 448 0 0 1817781 196822 2580232 42600
59 448 0 0 1822107 197140 2586095 42700
61 452 0 0 1826390 197494 2592027 42800
61 453 0 0 1830708 197871 2598040 42900
61 453 0 0 1835057 198246 2604029 43000
61 453 0 0 1839350 198566 2609821 43100
61 454 0 0 1843676 198962 2615884 43200
61 454 0 0 1847980 199294 2621845 43300
61 455 0 0 1852297 199664 2627818 43400
61 455 0 0 1856627 200046 2633847 43500
61 456 0 0 1860962 200457 2639928 43600
61 456 0 0 1865248 200858 2645978 43700
62 459 0 0 1869720 201252 2652087 43800
62 460 0 0 1874017 201634 2658085 43900
62 461 0 0 1878395 201997 2664100 44000
62 461 0 0 1882629 202406 2669910 44100
62 462 0 0 1886978 202807 2675886 44200
62 464 0 0 1891262 203188 2681893 44300
62 466 0 0 1895606 203582 2688008 44400
62 467 0 0 1900000 204019 2694166 44500
62 469 0 0 1904343 204492 2700364 44600
62 469 0 0 1908703 204904 2706398 44700
62 470 0 0 1912984 205330 2712376 44800
62 470 0 0 1917224 205792 2718354 44900
62 471 0 0 1921472 206184 2724241 45000
62 471 0 0 1925725 206575 2730122 45100
62 473 0 0 1929978 206984 2736034 45200
62 474 0 0 1934263 207408 2742021 45300
62 475 0 0 1938505 207878 2748065 45400
62 476 0 0 1942796 208326 2754141 45500
62 477 0 0 1947106 208748 2760331 45600
62 477 0 0 1951495 209203 2766708 45700
62 478 0 0 1955824 209660 2772864 45800
62 478 0 0 1960203 210146 2779113 45900
62 478 0 0 1964494 210591 2785342 46000
62 478 0 0 1968890 211123 2791711 46100
62 480 0 0 1973279 211587 2797988 46200
62 482 0 0 1977659 212045 2804217 46300
62 482 0 0 1981990 212478 2810528 46400
62 483 0 0 1986423 212893 2816894 46500
62 484 0 0 1990918 213299 2823130 46600
62 484 0 0 1995225 213742 2829219 46700
62 484 0 0 1999526 214142 2835158 46800
62 484 0 0 2003877 214546 2841152 46900
62 484 0 0 2008181 214956 2847101 47000
62 484 0 0 2012509 215328 2852985 47100
62 484 0 0 2016688 215725 2858694 47200
62 484 0 0 2021031 216105 2864413 47300
62 484 0 0 2025297 216522 2870021 47400
62 486 0 0 2029463 216905 2875495 47500
62 486 0 0 2033651 217297 2881147 47600
63 488 0 0 2037901 217721 2886950 47700
63 488 0 0 2042158 218151 2892809 47800
64 488 0 0 2046397 218589 2898711 47900
64 489 0 0 2050659 219064 2904774 48000
64 489 0 0 2054936 219517 2910753 48100
64 489 0 0 2059161 219972 2916647 48200
64 489 0 0 2063459 220458 2922714 48300
64 489 0 0 2067677 220915 2928614 48400
64 489 0 0 2071965 221357 2934625 48500
64 489 0 0 2076325 221778 2940545 48600
64 489 0 0 2080595 222184 2946335 48700
64 489 0 0 2084817 222603 2952076 48800
65 489 0 0 2089060 223001 2957855 48900
65 490 0 0 2093307 223430 2963666 49000
65 490 0 0 2097632 223780 2969482 49100
65 490 0 0 2101890 224129 2975177 49200
65 490 0 0 2106110 224429 2980858 49300
65 491 0 0 2110337 224728 2986474 49400
65 491 0 0 2114654 225067 2992244 49500
65 491 0 0 2118843 225381 2997874 49600
65 492 0 0 2123097 225682 3003525 49700
66 493 0 0 2127435 225982 3009223 49800
67 494 0 0 2131686 226343 3014887 49900
67 494 0 0 2135918 226639 3020456 50000
67 494 0 0 2140216 226965 3026021 50100
67 495 0 0 2144492 227322 3031673 50200
67 495 0 0 2148707 227684 3037152 50300
67 495 0 0 2153002 228045 3042694 50400
67 495 0 0 2157231 228426 3048283 50500
68 496 0 0 2161494 228818 3053937 50600
68 496 0 0 2165701 229256 3059718 50700
68 496 0 0 2170134 229724 3065730 50800
68 496 0 0 2174334 230241 3071661 50900
68 496 0 0 2178636 230761 3077729 51000
68 496 0 0 2182978 231266 3083859 51100
68 496 0 0 2187350 231727 3090164 51200
68 496 0 0 2191699 232234 3096396 51300
68 496 0 0 2195940 232759 3102468 51400
68 497 0 0 2200257 233229 3108557 51500
68 497 0 0 2204686 233686 3114754 51600
69 497 0 0 2209081 234185 3120944 51700
69 498 0 0 2213421 234644 3127092 51800
69 498 0 0 2217726 235074 3133248 51900
69 498 0 0 2222101 235507 3139376 52000
70 498 0 0 2226472 235949 3145465 52100
71 502 0 0 2230717 236341 3151430 52200
71 502 0 0 2235133 236752 3157640 52300
71 503 0 0 2239456 237097 3163655 52400
71 503 0 0 2243848 237470 3169626 52500
71 503 0 0 2248095 237894 3175459 52600
71 503 0 0 2252429 238266 3181345 52700
71 503 0 0 2256772 238655 3187195 52800
71 505 0 0 2260984 239084 3192868 52900
72 506 0 0 2265230 239497 3198594 53000
72 506 0 0 2269561 239864 3204339 53100
72 506 0 0 2273867 240259 3210051 53200
72 506 0 0 2278169 240667 3215797 53300
72 508 0 0 2282405 241099 3221583 53400
72 508 0 0 2286655 241523 3227427 53500
72 509 0 0 2291013 241916 3233423 53600
72 509 0 0 2295330 242337 3239340 53700
72 513 0 0 2299579 242806 3245156 53800
72 514 0 0 2303953 243224 3251041 53900
72 514 0 0 2308179 243683 3256928 54000
72 515 0 0 2312489 244097 3262805 54100
72 516 0 0 2316865 244535 3268707 54200
72 518 0 0 2321166 245015 3274682 54300
72 518 0 0 2325484 245460 3280617 54400
72 518 0 0 2329810 245902 3286544 54500
73 522 0 0 2334079 246384 3292473 54600
73 523 0 0 2338333 246863 3298355 54700
73 523 0 0 2342659 247282 3304309 54800
73 525 0 0 2346899 247755 3310260 54900
73 526 0 0 2351227 248199 3316262 55000
73 526 0 0 2355571 248650 3322315 55100
73 526 0 0 2359815 249078 3328282 55200
73 528 0 0 2364162 249542 3334398 55300
73 529 0 0 2368455 249995 3340473 55400
73 529 0 0 2372671 250488 3346565 55500
73 531 0 0 2377031 250978 3352741 55600
73 531 0 0 2381214 251457 3358647 55700
73 532 0 0 2385611 251915 3364735 55800
73 532 0 0 2389924 252398 3370682 55900
73 532 0 0 2394166 252863 3376539 56000
73 534 0 0 2398390 253269 3382376 56100
73 534 0 0 2402682 253701 3388309 56200
73 535 0 0 2406973 254153 3394206 56300
74 536 0 0 2411252 254627 3400234 56400
74 536 0 0 2415505 255049 3406186 56500
74 536 0 0 2419828 255448 3412159 56600
74 537 0 0 2424003 255867 3417897 56700
74 537 0 0 2428368 256236 3423594 56800
74 538 0 0 2432692 256617 3429354 56900
74 539 0 0 2436893 256996 3434990 57000
74 540 0 0 2441099 257399 3440741 57100
74 540 0 0 2445394 257827 3446701 57200
74 543 0 0 2449684 258259 3452626 57300
75 543 0 0 2454059 258695 3458668 57400
75 543 0 0 2458321 259108 3464618 57500
75 544 0 0 2462644 259548 3470564 57600
75 544 0 0 2466970 259987 3476495 57700
75 544 0 0 2471308 260389 3482566 57800
75 545 0 0 2475619 260787 3488564 57900
76 547 0 0 2480039 261173 3494638 58000
76 547 0 0 2484387 261572 3500663 58100
76 547 0 0 2488734 262000 3506587 58200
77 551 0 0 2493015 262400 3512371 58300
77 552 0 0 2497280 262803 3518105 58400
77 552 0 0 2501630 263277 3524066 58500
77 552 0 0 2505909 263752 3529904 58600
77 553 0 0 2510214 264186 3535831 58700
77 553 0 0 2514534 264633 3541616 58800
77 553 0 0 2518900 265062 3547521 58900
77 553 0 0 2523140 265515 3553342 59000
77 553 0 0 2527371 265962 3559207 59100
77 554 0 0 2531768 266453 3565345 59200
77 556 0 0 2536135 266942 3571396 59300
77 556 0 0 2540399 267427 3577394 59400
77 559 0 0 2544700 267922 3583395 59500
77 560 0 0 2548948 268405 3589233 59600
77 562 0 0 2553319 268914 3595400 59700
78 563 0 0 2557557 269421 3601453 59800
78 564 0 0 2561851 269891 3607565 59900
