0 0 1 0 0 0
0 0 1 0 0 100
0 0 1 0 0 200
0 0 2 0 0 300
0 0 3 0 0 400
0 0 5 0 0 500
0 0 6 0 0 600
0 0 7 0 0 700
0 0 7 0 0 800
0 0 10 0 0 900
0 0 10 0 0 1000
0 0 10 0 0 1100
0 0 12 0 0 1200
0 0 12 0 0 1300
0 0 13 0 0 1400
0 0 16 0 0 1500
0 0 16 0 0 1600
0 0 17 0 0 1700
0 0 19 0 0 1800
0 0 22 0 0 1900
0 0 26 0 0 2000
0 0 28 0 0 2100
1 0 31 0 0 2200
1 0 32 0 0 2300
1 0 34 0 0 2400
1 0 36 0 0 2500
1 0 39 0 0 2600
1 0 40 0 0 2700
1 0 43 0 0 2800
1 0 44 0 0 2900
1 0 48 0 0 3000
1 0 56 0 0 3100
1 0 59 0 0 3200
1 0 64 0 0 3300
2 0 66 0 0 3400
3 0 71 0 0 3500
3 0 73 0 0 3600
3 0 76 0 0 3700
3 0 79 0 0 3800
3 0 82 0 0 3900
4 0 86 0 0 4000
4 0 91 0 0 4100
4 0 93 0 0 4200
4 0 95 0 0 4300
4 0 100 0 0 4400
4 0 104 0 0 4500
4 0 107 0 0 4600
4 0 109 0 0 4700
4 0 111 0 0 4800
4 0 116 0 0 4900
4 0 117 0 0 5000
4 0 119 0 0 5100
4 0 119 0 0 5200
4 0 122 0 0 5300
4 0 122 0 0 5400
4 0 123 0 0 5500
4 0 126 0 0 5600
4 0 129 0 0 5700
4 0 132 0 0 5800
4 0 133 0 0 5900
4 0 134 0 0 6000
4 0 137 0 0 6100
5 0 138 0 0 6200
5 0 141 0 0 6300
5 0 143 0 0 6400
5 0 146 0 0 6500
5 0 148 0 0 6600
5 0 156 0 0 6700
5 0 159 0 0 6800
5 0 162 0 0 6900
5 0 167 0 0 7000
6 0 168 0 0 7100
7 0 171 0 0 7200
7 0 173 0 0 7300
7 0 177 0 0 7400
8 0 179 0 0 7500
9 0 181 0 0 7600
9 0 185 0 0 7700
10 0 188 0 0 7800
11 0 189 0 0 7900
11 0 191 0 0 8000
11 0 195 0 0 8100
11 0 195 0 0 8200
11 0 197 0 0 8300
11 0 202 0 0 8400
11 0 203 0 0 8500
11 0 206 0 0 8600
11 0 210 0 0 8700
11 0 211 0 0 8800
12 0 215 0 0 8900
12 0 215 0 0 9000
12 0 216 0 0 9100
12 0 218 0 0 9200
12 0 219 0 0 9300
12 0 219 0 0 9400
12 0 220 0 0 9500
12 0 222 0 0 9600
12 0 225 0 0 9700
12 0 225 0 0 9800
12 0 227 0 0 9900
12 0 231 0 0 10000
12 0 231 0 0 10100
12 0 233 0 0 10200
12 0 234 0 0 10300
12 0 236 0 0 10400
12 0 238 0 0 10500
12 0 239 0 0 10600
13 0 241 0 0 10700
13 0 242 0 0 10800
13 0 242 0 0 10900
13 0 244 0 0 11000
13 0 246 0 0 11100
13 0 247 0 0 11200
13 0 251 0 0 11300
13 0 251 0 0 11400
13 0 253 0 0 11500
13 0 254 0 0 11600
14 0 256 0 0 11700
14 0 259 0 0 11800
14 0 260 0 0 11900
14 0 261 0 0 12000
14 0 262 0 0 12100
15 0 264 0 0 12200
16 0 266 0 0 12300
17 0 269 0 0 12400
17 0 270 0 0 12500
17 0 270 0 0 12600
17 0 272 0 0 12700
17 0 272 0 0 12800
17 0 273 0 0 12900
17 0 275 0 0 13000
17 0 278 0 0 13100
17 0 278 0 0 13200
17 0 279 0 0 13300
17 0 280 0 0 13400
17 0 281 0 0 13500
17 0 285 0 0 13600
18 0 285 0 0 13700
19 0 287 0 0 13800
19 0 289 0 0 13900
20 0 290 0 0 14000
21 0 293 0 0 14100
21 0 294 0 0 14200
21 0 295 0 0 14300
21 0 296 0 0 14400
22 0 297 0 0 14500
22 0 297 0 0 14600
22 0 299 0 0 14700
22 0 301 0 0 14800
22 0 301 0 0 14900
22 0 302 0 0 15000
24 0 303 0 0 15100
25 0 304 0 0 15200
25 0 307 0 0 15300
25 0 308 0 0 15400
25 0 310 0 0 15500
25 0 312 0 0 15600
26 0 315 0 0 15700
27 0 318 0 0 15800
27 0 318 0 0 15900
27 0 320 0 0 16000
27 0 321 0 0 16100
27 0 324 0 0 16200
27 0 326 0 0 16300
28 0 328 0 0 16400
29 0 331 0 0 16500
29 0 333 0 0 16600
29 0 334 0 0 16700
29 0 336 0 0 16800
30 0 337 0 0 16900
31 0 337 0 0 17000
31 0 340 0 0 17100
31 0 341 0 0 17200
31 0 343 0 0 17300
31 0 345 0 0 17400
31 0 346 0 0 17500
31 0 349 0 0 17600
31 0 352 0 0 17700
32 0 355 0 0 17800
32 0 357 0 0 17900
32 0 360 0 0 18000
32 0 362 0 0 18100
32 0 362 0 0 18200
32 0 364 0 0 18300
33 0 366 0 0 18400
33 0 367 0 0 18500
33 0 368 0 0 18600
33 0 370 0 0 18700
33 0 373 0 0 18800
33 0 374 0 0 18900
33 0 375 0 0 19000
34 0 376 0 0 19100
34 0 377 0 0 19200
34 0 380 0 0 19300
35 0 383 0 0 19400
36 0 383 0 0 19500
38 0 386 0 0 19600
38 0 387 0 0 19700
38 0 389 0 0 19800
38 0 390 0 0 19900
38 0 391 0 0 20000
38 0 393 0 0 20100
38 0 393 0 0 20200
38 0 394 0 0 20300
38 0 395 0 0 20400
38 0 397 0 0 20500
38 0 398 0 0 20600
38 0 398 0 0 20700
38 0 398 0 0 20800
38 0 400 0 0 20900
38 0 402 0 0 21000
39 0 404 0 0 21100
39 0 404 0 0 21200
39 0 405 0 0 21300
39 0 406 0 0 21400
39 0 406 0 0 21500
39 0 407 0 0 21600
40 0 411 0 0 21700
41 0 414 0 0 21800
41 0 416 0 0 21900
41 0 416 0 0 22000
41 0 420 0 0 22100
41 0 422 0 0 22200
41 0 424 0 0 22300
41 0 426 0 0 22400
41 0 427 0 0 22500
41 0 428 0 0 22600
41 0 428 0 0 22700
41 0 430 0 0 22800
41 0 431 0 0 22900
41 0 431 0 0 23000
41 0 431 0 0 23100
41 0 431 0 0 23200
41 0 433 0 0 23300
41 0 435 0 0 23400
41 0 435 0 0 23500
41 0 437 0 0 23600
41 0 438 0 0 23700
42 0 440 0 0 23800
42 0 442 0 0 23900
42 0 443 0 0 24000
42 0 444 0 0 24100
42 0 445 0 0 24200
42 0 446 0 0 24300
42 0 447 0 0 24400
42 0 448 0 0 24500
42 0 448 0 0 24600
42 0 449 0 0 24700
42 0 451 0 0 24800
44 0 452 0 0 24900
44 0 456 0 0 25000
44 0 457 0 0 25100
44 0 459 0 0 25200
44 0 463 0 0 25300
44 0 466 0 0 25400
44 0 467 0 0 25500
44 0 470 0 0 25600
44 0 472 0 0 25700
44 0 472 0 0 25800
45 0 472 0 0 25900
45 0 474 0 0 26000
45 0 474 0 0 26100
46 0 475 0 0 26200
47 0 475 0 0 26300
48 0 476 0 0 26400
49 0 477 0 0 26500
49 0 479 0 0 26600
49 0 479 0 0 26700
49 0 481 0 0 26800
49 0 483 0 0 26900
50 0 484 0 0 27000
51 0 487 0 0 27100
52 0 490 0 0 27200
52 0 491 0 0 27300
52 0 493 0 0 27400
53 0 493 0 0 27500
53 0 495 0 0 27600
53 0 496 0 0 27700
54 0 499 0 0 27800
55 0 499 0 0 27900
56 0 500 0 0 28000
57 0 501 0 0 28100
58 0 502 0 0 28200
58 0 504 0 0 28300
58 0 504 0 0 28400
59 0 505 0 0 28500
59 0 505 0 0 28600
59 0 509 0 0 28700
60 0 511 0 0 28800
60 0 512 0 0 28900
63 0 513 0 0 29000
63 0 517 0 0 29100
63 0 518 0 0 29200
63 0 521 0 0 29300
64 0 522 0 0 29400
64 0 523 0 0 29500
65 0 523 0 0 29600
65 0 523 0 0 29700
65 0 523 0 0 29800
65 0 524 0 0 29900
66 0 524 0 0 30000
67 0 524 0 0 30100
67 0 524 0 0 30200
68 0 526 0 0 30300
69 0 527 0 0 30400
70 0 532 0 0 30500
70 0 532 0 0 30600
72 0 535 0 0 30700
72 0 537 0 0 30800
73 0 541 0 0 30900
73 0 543 0 0 31000
73 0 544 0 0 31100
73 0 545 0 0 31200
74 0 547 0 0 31300
74 0 548 0 0 31400
74 0 549 0 0 31500
74 0 551 0 0 31600
75 0 551 0 0 31700
75 0 552 0 0 31800
75 0 553 0 0 31900
75 0 554 0 0 32000
75 0 554 0 0 32100
76 0 554 0 0 32200
76 0 556 0 0 32300
77 0 559 0 0 32400
77 0 562 0 0 32500
77 0 562 0 0 32600
77 0 566 0 0 32700
77 0 567 0 0 32800
77 0 569 0 0 32900
77 0 570 0 0 33000
77 0 571 0 0 33100
77 0 574 0 0 33200
78 0 574 0 0 33300
78 0 576 0 0 33400
79 0 576 0 0 33500
80 0 576 0 0 33600
80 0 579 0 0 33700
80 0 580 0 0 33800
80 0 581 0 0 33900
81 0 581 0 0 34000
82 0 583 0 0 34100
82 0 586 0 0 34200
82 0 588 0 0 34300
82 0 590 0 0 34400
82 0 592 0 0 34500
82 0 597 0 0 34600
82 0 597 0 0 34700
83 0 597 0 0 34800
83 0 597 0 0 34900
83 0 598 0 0 35000
85 0 599 0 0 35100
86 0 601 0 0 35200
86 0 602 0 0 35300
86 0 603 0 0 35400
88 0 603 0 0 35500
89 0 604 0 0 35600
90 0 606 0 0 35700
90 0 608 0 0 35800
90 0 612 0 0 35900
90 0 614 0 0 36000
90 0 619 0 0 36100
90 0 619 0 0 36200
90 0 622 0 0 36300
90 0 623 0 0 36400
90 0 625 0 0 36500
90 0 629 0 0 36600
90 0 631 0 0 36700
90 0 636 0 0 36800
90 0 637 0 0 36900
90 0 638 0 0 37000
90 0 638 0 0 37100
90 0 639 0 0 37200
91 0 641 0 0 37300
91 0 642 0 0 37400
91 0 643 0 0 37500
91 0 643 0 0 37600
91 0 644 0 0 37700
91 0 644 0 0 37800
91 0 646 0 0 37900
91 0 649 0 0 38000
91 0 652 0 0 38100
91 0 653 0 0 38200
92 0 654 0 0 38300
92 0 655 0 0 38400
92 0 657 0 0 38500
92 0 659 0 0 38600
92 0 661 0 0 38700
92 0 664 0 0 38800
92 0 665 0 0 38900
93 0 666 0 0 39000
93 0 668 0 0 39100
94 0 669 0 0 39200
94 0 672 0 0 39300
94 0 672 0 0 39400
94 0 672 0 0 39500
94 0 673 0 0 39600
94 0 674 0 0 39700
96 0 675 0 0 39800
96 0 678 0 0 39900
96 0 679 0 0 40000
96 0 679 0 0 40100
96 0 681 0 0 40200
96 0 681 0 0 40300
96 0 683 0 0 40400
96 0 684 0 0 40500
96 0 684 0 0 40600
96 0 684 0 0 40700
96 0 686 0 0 40800
96 0 687 0 0 40900
96 0 689 0 0 41000
96 0 689 0 0 41100
96 0 690 0 0 41200
96 0 690 0 0 41300
96 0 691 0 0 41400
96 0 692 0 0 41500
96 0 693 0 0 41600
96 0 694 0 0 41700
96 0 694 0 0 41800
96 0 697 0 0 41900
96 0 697 0 0 42000
96 0 698 0 0 42100
96 0 699 0 0 42200
96 0 700 0 0 42300
96 0 701 0 0 42400
97 0 702 0 0 42500
97 0 703 0 0 42600
97 0 704 0 0 42700
97 0 706 0 0 42800
97 0 708 0 0 42900
98 0 711 0 0 43000
98 0 712 0 0 43100
98 0 714 0 0 43200
98 0 715 0 0 43300
98 0 716 0 0 43400
98 0 717 0 0 43500
98 0 720 0 0 43600
99 0 720 0 0 43700
99 0 722 0 0 43800
99 0 722 0 0 43900
99 0 724 0 0 44000
99 0 724 0 0 44100
99 0 724 0 0 44200
101 0 724 0 0 44300
101 0 725 0 0 44400
102 0 727 0 0 44500
102 0 727 0 0 44600
102 0 732 0 0 44700
102 0 735 0 0 44800
102 0 737 0 0 44900
102 0 740 0 0 45000
102 0 741 0 0 45100
102 0 743 0 0 45200
102 0 744 0 0 45300
102 0 744 0 0 45400
102 0 745 0 0 45500
102 0 746 0 0 45600
102 0 746 0 0 45700
102 0 748 0 0 45800
102 0 749 0 0 45900
102 0 751 0 0 46000
103 0 753 0 0 46100
103 0 755 0 0 46200
103 0 757 0 0 46300
103 0 758 0 0 46400
103 0 760 0 0 46500
103 0 761 0 0 46600
103 0 762 0 0 46700
103 0 763 0 0 46800
103 0 764 0 0 46900
103 0 767 0 0 47000
103 0 768 0 0 47100
103 0 769 0 0 47200
103 0 772 0 0 47300
104 0 773 0 0 47400
104 0 774 0 0 47500
105 0 775 0 0 47600
106 0 776 0 0 47700
106 0 779 0 0 47800
106 0 779 0 0 47900
106 0 779 0 0 48000
107 0 779 0 0 48100
107 0 781 0 0 48200
107 0 783 0 0 48300
107 0 785 0 0 48400
107 0 787 0 0 48500
107 0 787 0 0 48600
107 0 788 0 0 48700
107 0 789 0 0 48800
107 0 792 0 0 48900
107 0 793 0 0 49000
107 0 795 0 0 49100
107 0 795 0 0 49200
107 0 795 0 0 49300
109 0 797 0 0 49400
109 0 797 0 0 49500
109 0 797 0 0 49600
109 0 798 0 0 49700
110 0 798 0 0 49800
110 0 798 0 0 49900
110 0 800 0 0 50000
111 0 801 0 0 50100
113 0 802 0 0 50200
113 0 804 0 0 50300
114 0 805 0 0 50400
114 0 806 0 0 50500
115 0 808 0 0 50600
115 0 810 0 0 50700
116 0 810 0 0 50800
116 0 810 0 0 50900
116 0 812 0 0 51000
118 0 813 0 0 51100
118 0 814 0 0 51200
118 0 814 0 0 51300
118 0 815 0 0 51400
118 0 815 0 0 51500
118 0 819 0 0 51600
118 0 820 0 0 51700
118 0 820 0 0 51800
119 0 821 0 0 51900
119 0 823 0 0 52000
119 0 825 0 0 52100
120 0 828 0 0 52200
120 0 828 0 0 52300
121 0 829 0 0 52400
121 0 830 0 0 52500
121 0 831 0 0 52600
121 0 831 0 0 52700
121 0 833 0 0 52800
123 0 835 0 0 52900
124 0 835 0 0 53000
124 0 838 0 0 53100
124 0 840 0 0 53200
124 0 841 0 0 53300
124 0 844 0 0 53400
124 0 847 0 0 53500
124 0 849 0 0 53600
124 0 853 0 0 53700
124 0 856 0 0 53800
124 0 856 0 0 53900
124 0 856 0 0 54000
124 0 857 0 0 54100
126 0 858 0 0 54200
126 0 859 0 0 54300
126 0 861 0 0 54400
126 0 861 0 0 54500
126 0 862 0 0 54600
126 0 862 0 0 54700
126 0 864 0 0 54800
126 0 867 0 0 54900
126 0 869 0 0 55000
126 0 869 0 0 55100
126 0 872 0 0 55200
126 0 872 0 0 55300
126 0 872 0 0 55400
126 0 873 0 0 55500
126 0 874 0 0 55600
127 0 874 0 0 55700
127 0 875 0 0 55800
127 0 875 0 0 55900
127 0 875 0 0 56000
127 0 876 0 0 56100
127 0 877 0 0 56200
127 0 878 0 0 56300
127 0 878 0 0 56400
128 0 880 0 0 56500
129 0 880 0 0 56600
129 0 881 0 0 56700
129 0 881 0 0 56800
129 0 883 0 0 56900
129 0 884 0 0 57000
130 0 886 0 0 57100
131 0 886 0 0 57200
132 0 887 0 0 57300
132 0 888 0 0 57400
132 0 888 0 0 57500
133 0 888 0 0 57600
134 0 888 0 0 57700
134 0 891 0 0 57800
134 0 891 0 0 57900
135 0 893 0 0 58000
135 0 894 0 0 58100
135 0 894 0 0 58200
135 0 896 0 0 58300
135 0 896 0 0 58400
136 0 899 0 0 58500
137 0 899 0 0 58600
137 0 900 0 0 58700
137 0 901 0 0 58800
137 0 902 0 0 58900
137 0 902 0 0 59000
137 0 902 0 0 59100
137 0 902 0 0 59200
137 0 903 0 0 59300
137 0 903 0 0 59400
137 0 903 0 0 59500
139 0 904 0 0 59600
139 0 905 0 0 59700
139 0 906 0 0 59800
140 0 907 0 0 59900
140 0 907 0 0 60000
142 0 910 0 0 60100
142 0 912 0 0 60200
142 0 913 0 0 60300
143 0 914 0 0 60400
143 0 914 0 0 60500
143 0 914 0 0 60600
144 0 914 0 0 60700
145 0 916 0 0 60800
145 0 918 0 0 60900
145 0 918 0 0 61000
145 0 919 0 0 61100
145 0 921 0 0 61200
145 0 921 0 0 61300
145 0 922 0 0 61400
146 0 922 0 0 61500
146 0 922 0 0 61600
146 0 922 0 0 61700
146 0 922 0 0 61800
146 0 922 0 0 61900
146 0 922 0 0 62000
147 0 922 0 0 62100
148 0 923 0 0 62200
148 0 924 0 0 62300
148 0 924 0 0 62400
148 0 926 0 0 62500
148 0 926 0 0 62600
148 0 928 0 0 62700
149 0 929 0 0 62800
150 0 929 0 0 62900
151 0 929 0 0 63000
152 0 930 0 0 63100
152 0 932 0 0 63200
152 0 933 0 0 63300
152 0 934 0 0 63400
152 0 935 0 0 63500
153 0 935 0 0 63600
154 0 936 0 0 63700
155 0 937 0 0 63800
155 0 939 0 0 63900
155 0 939 0 0 64000
157 0 939 0 0 64100
158 0 939 0 0 64200
159 0 941 0 0 64300
161 0 943 0 0 64400
161 0 944 0 0 64500
161 0 944 0 0 64600
161 0 944 0 0 64700
161 0 944 0 0 64800
161 0 944 0 0 64900
161 0 944 0 0 65000
161 0 945 0 0 65100
161 0 946 0 0 65200
161 0 946 0 0 65300
161 0 946 0 0 65400
161 0 948 0 0 65500
161 0 949 0 0 65600
161 0 950 0 0 65700
161 0 950 0 0 65800
161 0 952 0 0 65900
161 0 954 0 0 66000
161 0 955 0 0 66100
161 0 957 0 0 66200
161 0 957 0 0 66300
161 0 959 0 0 66400
161 0 961 0 0 66500
162 0 962 0 0 66600
162 0 962 0 0 66700
163 0 963 0 0 66800
163 0 963 0 0 66900
163 0 963 0 0 67000
163 0 965 0 0 67100
163 0 966 0 0 67200
164 0 966 0 0 67300
164 0 966 0 0 67400
164 0 968 0 0 67500
164 0 969 0 0 67600
164 0 969 0 0 67700
164 0 969 0 0 67800
164 0 969 0 0 67900
164 0 969 0 0 68000
164 0 970 0 0 68100
164 0 971 0 0 68200
164 0 973 0 0 68300
164 0 973 0 0 68400
164 0 973 0 0 68500
164 0 974 0 0 68600
164 0 975 0 0 68700
164 0 976 0 0 68800
164 0 979 0 0 68900
165 0 979 0 0 69000
166 0 979 0 0 69100
166 0 980 0 0 69200
166 0 980 0 0 69300
168 0 980 0 0 69400
170 0 981 0 0 69500
171 0 983 0 0 69600
171 0 983 0 0 69700
171 0 985 0 0 69800
171 0 985 0 0 69900
172 0 985 0 0 70000
172 0 986 0 0 70100
172 0 987 0 0 70200
173 0 988 0 0 70300
174 0 989 0 0 70400
174 0 990 0 0 70500
174 0 991 0 0 70600
174 0 992 0 0 70700
174 0 995 0 0 70800
174 0 998 0 0 70900
174 0 1000 0 0 71000
175 0 1000 0 0 71100
176 0 1002 0 0 71200
178 0 1002 0 0 71300
179 0 1002 0 0 71400
181 0 1003 0 0 71500
183 0 1004 0 0 71600
184 0 1006 0 0 71700
185 0 1007 0 0 71800
186 0 1009 0 0 71900
187 0 1009 0 0 72000
188 0 1009 0 0 72100
189 0 1012 0 0 72200
190 0 1013 0 0 72300
192 0 1014 0 0 72400
193 0 1014 0 0 72500
194 0 1014 0 0 72600
195 0 1014 0 0 72700
195 0 1014 0 0 72800
195 0 1015 0 0 72900
195 0 1015 0 0 73000
196 0 1016 0 0 73100
196 0 1017 0 0 73200
196 0 1018 0 0 73300
196 0 1018 0 0 73400
197 0 1020 0 0 73500
197 0 1023 0 0 73600
197 0 1024 0 0 73700
197 0 1025 0 0 73800
197 0 1026 0 0 73900
197 0 1026 0 0 74000
197 0 1026 0 0 74100
199 0 1028 0 0 74200
199 0 1029 0 0 74300
200 0 1031 0 0 74400
201 0 1033 0 0 74500
202 0 1035 0 0 74600
203 0 1036 0 0 74700
203 0 1039 0 0 74800
204 0 1040 0 0 74900
204 0 1042 0 0 75000
204 0 1042 0 0 75100
204 0 1042 0 0 75200
204 0 1045 0 0 75300
204 0 1047 0 0 75400
204 0 1050 0 0 75500
204 0 1053 0 0 75600
204 0 1055 0 0 75700
204 0 1058 0 0 75800
204 0 1059 0 0 75900
204 0 1061 0 0 76000
206 0 1061 0 0 76100
208 0 1062 0 0 76200
209 0 1063 0 0 76300
210 0 1064 0 0 76400
211 0 1065 0 0 76500
212 0 1067 0 0 76600
213 0 1068 0 0 76700
214 0 1068 0 0 76800
216 0 1071 0 0 76900
218 0 1072 0 0 77000
219 0 1074 0 0 77100
220 0 1075 0 0 77200
221 0 1076 0 0 77300
222 0 1078 0 0 77400
224 0 1081 0 0 77500
226 0 1081 0 0 77600
228 0 1082 0 0 77700
229 0 1084 0 0 77800
230 0 1086 0 0 77900
231 0 1087 0 0 78000
233 0 1087 0 0 78100
234 0 1088 0 0 78200
236 0 1089 0 0 78300
237 0 1089 0 0 78400
239 0 1089 0 0 78500
240 0 1089 0 0 78600
241 0 1090 0 0 78700
242 0 1093 0 0 78800
244 0 1093 0 0 78900
247 0 1094 0 0 79000
248 0 1098 0 0 79100
250 0 1100 0 0 79200
252 0 1101 0 0 79300
253 0 1102 0 0 79400
255 0 1103 0 0 79500
257 0 1105 0 0 79600
258 0 1106 0 0 79700
259 0 1106 0 0 79800
261 0 1107 0 0 79900
262 0 1107 0 0 80000
263 0 1107 0 0 80100
264 0 1107 0 0 80200
265 0 1109 0 0 80300
266 0 1110 0 0 80400
267 0 1113 0 0 80500
268 0 1113 0 0 80600
269 0 1114 0 0 80700
270 0 1115 0 0 80800
271 0 1115 0 0 80900
272 0 1115 0 0 81000
273 0 1116 0 0 81100
274 0 1116 0 0 81200
275 0 1117 0 0 81300
276 0 1118 0 0 81400
277 0 1119 0 0 81500
278 0 1119 0 0 81600
279 0 1121 0 0 81700
280 0 1122 0 0 81800
281 0 1124 0 0 81900
282 0 1124 0 0 82000
283 0 1124 0 0 82100
284 0 1125 0 0 82200
285 0 1126 0 0 82300
286 0 1126 0 0 82400
288 0 1127 0 0 82500
289 0 1129 0 0 82600
290 0 1130 0 0 82700
291 0 1133 0 0 82800
292 0 1133 0 0 82900
294 0 1135 0 0 83000
295 0 1137 0 0 83100
295 0 1137 0 0 83200
295 0 1138 0 0 83300
295 0 1139 0 0 83400
295 0 1140 0 0 83500
295 0 1141 0 0 83600
295 0 1142 0 0 83700
296 0 1143 0 0 83800
296 0 1146 0 0 83900
297 0 1146 0 0 84000
297 0 1146 0 0 84100
298 0 1147 0 0 84200
298 0 1148 0 0 84300
298 0 1149 0 0 84400
298 0 1152 0 0 84500
298 0 1153 0 0 84600
298 0 1154 0 0 84700
298 0 1156 0 0 84800
299 0 1158 0 0 84900
299 0 1159 0 0 85000
299 0 1161 0 0 85100
300 0 1162 0 0 85200
301 0 1164 0 0 85300
301 0 1169 0 0 85400
301 0 1173 0 0 85500
302 0 1175 0 0 85600
302 0 1178 0 0 85700
302 0 1179 0 0 85800
302 0 1180 0 0 85900
302 0 1181 0 0 86000
302 0 1183 0 0 86100
302 0 1184 0 0 86200
302 0 1188 0 0 86300
302 0 1188 0 0 86400
302 0 1190 0 0 86500
302 0 1192 0 0 86600
302 0 1192 0 0 86700
302 0 1193 0 0 86800
302 0 1195 0 0 86900
302 0 1195 0 0 87000
302 0 1198 0 0 87100
302 0 1198 0 0 87200
302 0 1200 0 0 87300
302 0 1202 0 0 87400
302 0 1202 0 0 87500
302 0 1202 0 0 87600
302 0 1204 0 0 87700
303 0 1204 0 0 87800
303 0 1206 0 0 87900
303 0 1208 0 0 88000
303 0 1211 0 0 88100
303 0 1212 0 0 88200
304 0 1213 0 0 88300
304 0 1214 0 0 88400
304 0 1217 0 0 88500
305 0 1218 0 0 88600
305 0 1220 0 0 88700
305 0 1221 0 0 88800
306 0 1222 0 0 88900
307 0 1223 0 0 89000
308 0 1223 0 0 89100
309 0 1225 0 0 89200
310 0 1225 0 0 89300
311 0 1225 0 0 89400
312 0 1228 0 0 89500
313 0 1229 0 0 89600
315 0 1230 0 0 89700
318 0 1231 0 0 89800
320 0 1232 0 0 89900
320 0 1233 0 0 90000
320 0 1234 0 0 90100
320 0 1234 0 0 90200
320 0 1234 0 0 90300
321 0 1235 0 0 90400
322 0 1235 0 0 90500
323 0 1237 0 0 90600
323 0 1239 0 0 90700
323 0 1239 0 0 90800
323 0 1239 0 0 90900
323 0 1240 0 0 91000
323 0 1241 0 0 91100
323 0 1243 0 0 91200
323 0 1243 0 0 91300
324 0 1243 0 0 91400
326 0 1243 0 0 91500
327 0 1244 0 0 91600
327 0 1246 0 0 91700
327 0 1246 0 0 91800
327 0 1247 0 0 91900
327 0 1250 0 0 92000
327 0 1250 0 0 92100
327 0 1251 0 0 92200
327 0 1255 0 0 92300
327 0 1255 0 0 92400
327 0 1259 0 0 92500
327 0 1261 0 0 92600
327 0 1262 0 0 92700
327 0 1263 0 0 92800
327 0 1265 0 0 92900
327 0 1266 0 0 93000
328 0 1268 0 0 93100
330 0 1268 0 0 93200
330 0 1271 0 0 93300
330 0 1271 0 0 93400
331 0 1272 0 0 93500
332 0 1274 0 0 93600
332 0 1274 0 0 93700
332 0 1274 0 0 93800
333 0 1277 0 0 93900
333 0 1278 0 0 94000
334 0 1281 0 0 94100
334 0 1281 0 0 94200
334 0 1282 0 0 94300
334 0 1282 0 0 94400
334 0 1283 0 0 94500
334 0 1283 0 0 94600
334 0 1283 0 0 94700
334 0 1284 0 0 94800
334 0 1287 0 0 94900
334 0 1287 0 0 95000
334 0 1289 0 0 95100
334 0 1289 0 0 95200
334 0 1289 0 0 95300
334 0 1289 0 0 95400
334 0 1290 0 0 95500
334 0 1291 0 0 95600
334 0 1291 0 0 95700
334 0 1293 0 0 95800
334 0 1295 0 0 95900
334 0 1297 0 0 96000
334 0 1297 0 0 96100
334 0 1298 0 0 96200
334 0 1298 0 0 96300
334 0 1299 0 0 96400
335 0 1299 0 0 96500
336 0 1300 0 0 96600
337 0 1301 0 0 96700
339 0 1303 0 0 96800
339 0 1305 0 0 96900
339 0 1306 0 0 97000
340 0 1309 0 0 97100
340 0 1310 0 0 97200
341 0 1313 0 0 97300
341 0 1315 0 0 97400
341 0 1315 0 0 97500
341 0 1315 0 0 97600
341 0 1315 0 0 97700
341 0 1315 0 0 97800
341 0 1316 0 0 97900
341 0 1319 0 0 98000
341 0 1320 0 0 98100
341 0 1321 0 0 98200
341 0 1322 0 0 98300
342 0 1323 0 0 98400
342 0 1323 0 0 98500
342 0 1323 0 0 98600
342 0 1323 0 0 98700
343 0 1325 0 0 98800
343 0 1326 0 0 98900
343 0 1328 0 0 99000
343 0 1329 0 0 99100
344 0 1331 0 0 99200
344 0 1331 0 0 99300
345 0 1331 0 0 99400
345 0 1333 0 0 99500
346 0 1333 0 0 99600
346 0 1336 0 0 99700
346 0 1338 0 0 99800
346 0 1338 0 0 99900
346 0 1338 0 0 100000
346 0 1341 0 0 100100
347 0 1341 0 0 100200
347 0 1343 0 0 100300
347 0 1343 0 0 100400
347 0 1344 0 0 100500
347 0 1346 0 0 100600
347 0 1346 0 0 100700
347 0 1347 0 0 100800
347 0 1348 0 0 100900
347 0 1349 0 0 101000
347 0 1351 0 0 101100
347 0 1353 0 0 101200
347 0 1355 0 0 101300
347 0 1357 0 0 101400
347 0 1357 0 0 101500
347 0 1358 0 0 101600
347 0 1358 0 0 101700
347 0 1358 0 0 101800
347 0 1358 0 0 101900
347 0 1359 0 0 102000
348 0 1359 0 0 102100
349 0 1359 0 0 102200
349 0 1361 0 0 102300
349 0 1361 0 0 102400
349 0 1361 0 0 102500
349 0 1361 0 0 102600
349 0 1362 0 0 102700
349 0 1362 0 0 102800
350 0 1362 0 0 102900
351 0 1362 0 0 103000
351 0 1362 0 0 103100
351 0 1365 0 0 103200
351 0 1366 0 0 103300
351 0 1367 0 0 103400
352 0 1368 0 0 103500
352 0 1369 0 0 103600
352 0 1370 0 0 103700
353 0 1370 0 0 103800
353 0 1370 0 0 103900
353 0 1370 0 0 104000
353 0 1371 0 0 104100
353 0 1371 0 0 104200
353 0 1373 0 0 104300
354 0 1374 0 0 104400
355 0 1377 0 0 104500
355 0 1377 0 0 104600
356 0 1377 0 0 104700
356 0 1378 0 0 104800
356 0 1381 0 0 104900
356 0 1381 0 0 105000
356 0 1382 0 0 105100
356 0 1383 0 0 105200
358 0 1383 0 0 105300
359 0 1386 0 0 105400
359 0 1387 0 0 105500
359 0 1388 0 0 105600
359 0 1388 0 0 105700
360 0 1389 0 0 105800
360 0 1389 0 0 105900
360 0 1390 0 0 106000
361 0 1392 0 0 106100
361 0 1394 0 0 106200
361 0 1395 0 0 106300
362 0 1397 0 0 106400
363 0 1397 0 0 106500
364 0 1398 0 0 106600
365 0 1398 0 0 106700
366 0 1400 0 0 106800
367 0 1401 0 0 106900
367 0 1403 0 0 107000
367 0 1403 0 0 107100
367 0 1403 0 0 107200
367 0 1403 0 0 107300
367 0 1404 0 0 107400
367 0 1404 0 0 107500
367 0 1406 0 0 107600
367 0 1407 0 0 107700
367 0 1407 0 0 107800
367 0 1411 0 0 107900
367 0 1411 0 0 108000
367 0 1412 0 0 108100
367 0 1414 0 0 108200
369 0 1414 0 0 108300
370 0 1414 0 0 108400
372 0 1415 0 0 108500
372 0 1417 0 0 108600
372 0 1417 0 0 108700
372 0 1417 0 0 108800
372 0 1418 0 0 108900
372 0 1420 0 0 109000
372 0 1420 0 0 109100
372 0 1421 0 0 109200
372 0 1421 0 0 109300
372 0 1423 0 0 109400
372 0 1424 0 0 109500
372 0 1424 0 0 109600
373 0 1425 0 0 109700
374 0 1426 0 0 109800
375 0 1426 0 0 109900
375 0 1428 0 0 110000
375 0 1430 0 0 110100
375 0 1431 0 0 110200
375 0 1431 0 0 110300
375 0 1431 0 0 110400
375 0 1431 0 0 110500
376 0 1432 0 0 110600
376 0 1432 0 0 110700
376 0 1433 0 0 110800
376 0 1433 0 0 110900
376 0 1434 0 0 111000
376 0 1435 0 0 111100
377 0 1437 0 0 111200
378 0 1439 0 0 111300
378 0 1440 0 0 111400
378 0 1440 0 0 111500
379 0 1441 0 0 111600
380 0 1441 0 0 111700
381 0 1443 0 0 111800
381 0 1443 0 0 111900
381 0 1443 0 0 112000
381 0 1443 0 0 112100
381 0 1443 0 0 112200
381 0 1443 0 0 112300
381 0 1443 0 0 112400
381 0 1444 0 0 112500
383 0 1444 0 0 112600
385 0 1444 0 0 112700
385 0 1444 0 0 112800
385 0 1444 0 0 112900
385 0 1444 0 0 113000
385 0 1444 0 0 113100
385 0 1444 0 0 113200
385 0 1444 0 0 113300
385 0 1444 0 0 113400
385 0 1444 0 0 113500
385 0 1444 0 0 113600
385 0 1444 0 0 113700
385 0 1444 0 0 113800
385 0 1444 0 0 113900
385 0 1444 0 0 114000
385 0 1444 0 0 114100
385 0 1444 0 0 114200
385 0 1445 0 0 114300
385 0 1446 0 0 114400
385 0 1446 0 0 114500
385 0 1448 0 0 114600
385 0 1450 0 0 114700
385 0 1451 0 0 114800
385 0 1451 0 0 114900
386 0 1451 0 0 115000
387 0 1451 0 0 115100
387 0 1452 0 0 115200
387 0 1452 0 0 115300
388 0 1453 0 0 115400
388 0 1453 0 0 115500
388 0 1454 0 0 115600
388 0 1455 0 0 115700
388 0 1456 0 0 115800
388 0 1457 0 0 115900
388 0 1457 0 0 116000
388 0 1459 0 0 116100
389 0 1459 0 0 116200
389 0 1461 0 0 116300
390 0 1461 0 0 116400
390 0 1462 0 0 116500
390 0 1463 0 0 116600
390 0 1463 0 0 116700
390 0 1463 0 0 116800
390 0 1465 0 0 116900
390 0 1466 0 0 117000
390 0 1468 0 0 117100
390 0 1469 0 0 117200
390 0 1471 0 0 117300
390 0 1472 0 0 117400
390 0 1472 0 0 117500
390 0 1472 0 0 117600
390 0 1473 0 0 117700
390 0 1473 0 0 117800
390 0 1473 0 0 117900
390 0 1474 0 0 118000
390 0 1474 0 0 118100
390 0 1475 0 0 118200
390 0 1475 0 0 118300
390 0 1476 0 0 118400
390 0 1476 0 0 118500
390 0 1476 0 0 118600
390 0 1476 0 0 118700
390 0 1477 0 0 118800
390 0 1477 0 0 118900
390 0 1477 0 0 119000
390 0 1477 0 0 119100
390 0 1477 0 0 119200
390 0 1477 0 0 119300
391 0 1478 0 0 119400
391 0 1478 0 0 119500
391 0 1478 0 0 119600
391 0 1478 0 0 119700
391 0 1480 0 0 119800
391 0 1480 0 0 119900
