0 5154 0 0 7225108 4983 9477948 99900
0 0 0 0 0 99900
322.1705774810738 902.5969951593496 7120 2.5499617381910236 342.94201689300513
0 5442 0 0 7206451 5295 9434036 99900
0 0 0 0 0 99900
326.35041009889585 1035.7503086208587 7187 2.6102410838950085 338.0102552433998
0 5071 0 0 7232299 4906 9499367 99900
0 0 0 0 0 99900
304.5553473961931 920.2801790475145 7155 2.4941584252912192 336.22968814183247
0 5428 0 0 7226253 5289 9482468 99900
0 0 0 0 0 99900
340.1847501486615 944.5604641395599 7245 2.592688663297204 336.133174552355
0 5354 0 0 7205509 5213 9409146 99900
0 0 0 0 0 99900
299.65344859245266 906.8634797654383 6992 2.4673190459057825 341.8861602922403
0 5184 0 0 7208439 5030 9371439 99900
0 0 0 0 0 99900
297.8713831040257 915.9071570726378 7064 2.5285280995545194 344.7151204522457
0 5484 0 0 7230437 5338 9538690 99900
0 0 0 0 0 99900
307.9980436899703 1094.7101950068588 7184 2.6164968012773557 333.562284119217
0 5251 0 0 7215710 5107 9462289 99900
0 0 0 0 0 99900
296.76160181926105 930.8634650308579 7097 2.545695664042895 346.89685289002796
