0 1506 0 0 7301515 986733 10954778 99900
100 0 1197 0 0 99900
400.83138100206077 906.2842131067007 8077 13.12999571645953 547.5639069983355
0 1529 0 0 7303504 954458 10961964 99900
94 0 1237 0 0 99900
420.3217512539329 742.4072330560983 8148 12.791017145907425 551.72880234684
0 1579 0 0 7308834 955636 10963567 99900
89 0 1256 0 0 99900
372.0662685008661 829.0999772534977 8121 12.79219142401658 544.0821295378804
0 1554 0 0 7334229 978190 11050746 99900
83 0 1259 0 0 99900
428.4737109660018 906.9486453566834 8230 12.877117163144042 540.8553815791246
0 1543 0 0 7296898 965552 10937319 99900
106 0 1245 0 0 99900
397.62849746083305 816.5433565108978 8173 13.154122939880596 541.5176033743606
0 1755 0 0 7313048 959864 10944564 99900
132 0 1408 0 0 99900
406.1985195588225 785.7334806628265 8196 13.113789401123016 545.6628413119693
0 1679 0 0 7326859 1014182 11108108 99900
133 0 1343 0 0 99900
373.56862871603647 854.625584566548 8232 13.136964326894162 537.1552215510802
0 1500 0 0 7320659 977005 11048638 99900
123 0 1230 0 0 99900
406.3270032278923 817.2977276768404 8360 12.921079246957682 544.4502339860525
