0 0 4 0 0 0
0 0 4 0 3 100
0 0 6 0 5 200
0 0 7 0 5 300
0 0 7 0 6 400
0 0 9 1 7 500
0 0 9 2 8 600
0 0 10 2 9 700
0 0 12 2 9 800
0 0 13 2 9 900
0 0 14 2 9 1000
0 0 16 3 11 1100
0 0 17 3 13 1200
0 0 18 3 13 1300
0 0 18 3 14 1400
0 0 21 3 14 1500
0 0 21 3 16 1600
0 0 23 3 17 1700
1 0 26 3 18 1800
1 0 29 4 20 1900
2 0 32 5 24 2000
2 0 33 5 26 2100
2 0 35 5 28 2200
2 0 35 6 31 2300
2 0 39 6 31 2400
2 0 41 6 34 2500
3 0 43 6 37 2600
3 0 47 6 41 2700
3 0 50 6 43 2800
3 0 52 6 47 2900
4 0 53 7 50 3000
5 0 54 7 52 3100
5 0 56 7 53 3200
5 0 60 7 55 3300
5 0 62 8 57 3400
5 0 62 8 58 3500
5 0 63 8 58 3600
5 0 64 8 58 3700
5 0 66 8 59 3800
5 0 67 8 60 3900
5 0 70 9 61 4000
6 0 71 10 64 4100
7 0 72 10 64 4200
7 0 72 10 66 4300
7 0 75 10 66 4400
7 0 76 10 68 4500
7 0 76 10 69 4600
7 0 76 10 70 4700
7 0 77 10 70 4800
7 0 78 10 70 4900
7 0 78 10 71 5000
8 0 83 10 73 5100
9 0 84 10 76 5200
9 0 88 10 78 5300
10 0 89 10 79 5400
10 0 91 12 81 5500
10 0 92 13 82 5600
10 0 96 13 84 5700
10 0 98 13 84 5800
10 0 103 13 87 5900
10 0 109 13 90 6000
10 0 110 14 94 6100
10 1 110 14 98 6200
11 1 111 14 98 6300
11 1 115 14 98 6400
11 1 118 14 102 6500
11 1 120 14 105 6600
11 1 124 14 108 6700
11 1 126 14 108 6800
11 1 128 14 111 6900
11 1 129 14 113 7000
11 1 131 14 115 7100
12 1 131 15 115 7200
12 1 133 15 117 7300
12 1 136 15 118 7400
12 1 139 15 120 7500
13 1 139 15 124 7600
13 1 140 15 124 7700
13 1 141 15 124 7800
13 1 141 15 125 7900
13 1 143 15 126 8000
13 1 144 15 126 8100
13 1 144 15 129 8200
13 1 144 15 129 8300
13 1 145 15 129 8400
14 1 145 15 129 8500
15 1 146 15 131 8600
15 1 147 15 133 8700
15 1 150 15 133 8800
15 1 151 15 134 8900
15 1 151 15 134 9000
15 1 151 16 135 9100
15 1 155 16 135 9200
15 1 155 16 137 9300
16 1 155 16 139 9400
17 1 156 16 139 9500
17 1 159 16 140 9600
18 1 159 16 141 9700
18 1 161 16 143 9800
18 1 161 16 144 9900
18 1 161 16 145 10000
18 1 162 16 145 10100
18 1 162 16 146 10200
18 1 164 16 146 10300
18 1 165 16 146 10400
18 1 168 16 149 10500
18 1 169 16 151 10600
18 1 169 16 152 10700
18 1 169 16 153 10800
19 1 169 16 153 10900
19 1 171 16 153 11000
19 1 171 16 153 11100
19 1 172 16 155 11200
19 1 174 16 155 11300
19 1 175 16 156 11400
20 1 178 16 159 11500
20 1 179 16 159 11600
20 1 181 16 163 11700
20 1 183 16 164 11800
22 1 185 16 168 11900
22 1 188 17 172 12000
25 1 188 17 175 12100
26 1 189 17 180 12200
28 1 195 18 181 12300
29 2 196 18 184 12400
30 2 198 19 187 12500
31 2 198 19 189 12600
32 2 201 19 189 12700
33 2 203 19 191 12800
33 2 205 19 194 12900
34 2 208 19 197 13000
34 2 211 19 198 13100
34 2 212 19 199 13200
34 2 214 19 202 13300
34 2 217 19 202 13400
34 2 218 19 204 13500
34 2 218 19 205 13600
34 2 218 20 206 13700
34 2 220 20 206 13800
34 2 222 20 208 13900
34 2 223 20 210 14000
34 2 223 20 212 14100
35 2 223 20 212 14200
36 2 225 20 213 14300
38 2 226 20 213 14400
39 2 230 20 216 14500
39 2 230 20 218 14600
39 2 231 20 220 14700
39 2 231 20 220 14800
39 2 231 20 220 14900
40 2 232 20 220 15000
40 2 232 20 220 15100
40 2 232 20 221 15200
40 2 232 20 221 15300
40 2 232 20 221 15400
40 2 233 20 221 15500
40 2 233 20 222 15600
40 3 234 20 224 15700
41 3 235 20 224 15800
41 3 238 21 224 15900
41 3 238 21 226 16000
41 3 239 21 227 16100
41 3 239 21 227 16200
42 3 239 21 229 16300
42 3 242 21 229 16400
42 3 242 21 231 16500
42 3 243 21 232 16600
42 3 243 21 232 16700
42 3 244 21 232 16800
42 3 245 21 232 16900
43 3 248 21 232 17000
43 3 250 21 234 17100
43 3 254 21 234 17200
43 3 256 21 237 17300
43 3 257 21 240 17400
43 3 259 21 241 17500
44 3 260 21 243 17600
45 3 260 21 245 17700
45 3 262 21 245 17800
45 3 262 21 246 17900
45 3 263 21 246 18000
45 3 263 21 247 18100
45 3 264 21 247 18200
45 3 264 21 247 18300
46 3 264 21 248 18400
47 3 264 21 248 18500
48 3 265 21 249 18600
49 3 267 21 249 18700
49 3 268 21 251 18800
49 3 269 21 253 18900
49 3 269 21 253 19000
49 3 270 21 255 19100
49 3 271 21 256 19200
49 3 272 21 257 19300
49 3 274 22 258 19400
49 3 276 22 258 19500
49 3 276 23 259 19600
49 3 277 23 260 19700
50 3 278 23 261 19800
51 3 279 23 262 19900
51 3 280 23 262 20000
51 3 280 23 263 20100
51 3 281 23 264 20200
51 3 282 23 264 20300
51 3 283 24 264 20400
51 3 283 24 265 20500
51 3 285 24 266 20600
51 3 286 24 266 20700
52 3 289 24 267 20800
52 3 290 25 269 20900
53 3 291 25 270 21000
53 3 292 25 271 21100
53 3 293 25 273 21200
53 3 295 26 274 21300
53 3 297 26 275 21400
53 3 299 26 275 21500
53 3 301 26 277 21600
53 3 302 26 279 21700
53 3 304 27 280 21800
53 3 305 27 281 21900
53 3 305 27 283 22000
53 3 306 27 284 22100
53 3 307 28 284 22200
53 3 309 28 285 22300
53 3 309 28 285 22400
53 3 309 29 286 22500
53 3 311 29 286 22600
53 3 311 29 287 22700
53 3 313 29 288 22800
53 3 314 30 289 22900
53 3 314 30 290 23000
53 3 315 30 291 23100
53 3 317 30 291 23200
53 3 317 30 292 23300
53 3 318 30 293 23400
53 3 318 30 293 23500
53 3 320 30 294 23600
53 3 321 30 295 23700
54 3 321 31 295 23800
55 3 323 31 296 23900
56 3 326 31 297 24000
56 3 326 31 297 24100
56 3 327 31 298 24200
56 3 329 31 298 24300
57 3 330 32 300 24400
57 3 331 32 301 24500
57 3 332 32 301 24600
57 3 334 32 304 24700
57 3 336 32 307 24800
57 3 337 32 307 24900
58 3 338 32 308 25000
58 3 338 32 309 25100
58 3 339 32 309 25200
59 3 340 32 309 25300
59 3 342 32 310 25400
59 3 343 33 311 25500
60 3 343 33 313 25600
60 3 344 33 314 25700
60 3 344 33 314 25800
63 3 344 33 315 25900
64 3 345 33 316 26000
64 3 346 33 316 26100
64 3 348 33 317 26200
64 3 348 33 319 26300
65 3 349 33 319 26400
66 3 352 33 320 26500
66 3 354 33 323 26600
68 3 356 33 326 26700
68 3 359 33 328 26800
68 3 361 33 329 26900
68 3 362 33 332 27000
68 3 365 33 332 27100
68 3 365 33 334 27200
70 3 366 33 335 27300
70 3 368 33 337 27400
71 3 368 33 338 27500
71 3 368 34 339 27600
72 3 369 34 339 27700
73 3 369 34 340 27800
74 3 370 34 340 27900
74 3 371 34 340 28000
74 3 371 34 342 28100
74 3 373 34 343 28200
74 3 374 34 343 28300
74 3 374 36 344 28400
75 3 375 36 345 28500
75 3 375 36 346 28600
75 3 376 36 346 28700
75 3 376 37 347 28800
75 3 376 37 347 28900
76 3 377 37 347 29000
76 3 378 37 347 29100
76 3 378 37 347 29200
76 3 379 37 348 29300
77 3 381 37 349 29400
77 3 382 37 349 29500
77 3 383 37 353 29600
77 3 385 37 354 29700
78 3 386 37 355 29800
78 3 386 37 356 29900
79 4 386 37 357 30000
79 4 386 37 357 30100
79 4 388 37 357 30200
79 4 389 37 358 30300
79 4 392 37 358 30400
80 4 393 37 360 30500
80 4 394 37 361 30600
80 4 395 37 363 30700
81 4 395 37 365 30800
82 4 398 37 365 30900
82 4 399 37 365 31000
82 4 399 37 368 31100
82 4 400 37 370 31200
82 4 400 37 371 31300
84 4 400 37 372 31400
84 4 402 37 372 31500
84 4 403 37 372 31600
84 4 405 38 372 31700
84 4 408 38 373 31800
84 4 408 38 373 31900
84 4 409 38 374 32000
84 4 409 38 374 32100
84 4 409 38 374 32200
85 4 410 38 374 32300
86 4 411 38 375 32400
86 4 413 38 375 32500
86 4 414 38 376 32600
87 4 414 39 378 32700
87 4 415 39 379 32800
87 4 416 39 380 32900
87 4 417 39 381 33000
88 4 420 39 382 33100
89 4 420 39 385 33200
90 4 423 39 386 33300
90 4 423 39 388 33400
90 4 426 39 389 33500
90 4 426 39 391 33600
91 4 426 39 393 33700
92 4 426 39 393 33800
93 4 428 39 393 33900
93 4 429 39 394 34000
93 4 431 39 395 34100
93 4 432 39 397 34200
95 4 433 39 398 34300
95 4 435 39 400 34400
96 4 437 39 401 34500
96 4 439 40 402 34600
97 4 439 40 403 34700
98 4 439 41 403 34800
98 4 442 41 403 34900
98 4 442 41 404 35000
98 4 444 42 405 35100
98 4 445 42 406 35200
98 4 447 42 407 35300
98 4 448 42 409 35400
98 4 449 42 411 35500
99 4 452 42 412 35600
100 4 452 42 415 35700
100 4 453 42 416 35800
100 4 453 42 416 35900
100 4 454 42 416 36000
100 4 454 42 417 36100
100 4 454 42 417 36200
100 4 454 42 417 36300
100 4 454 42 417 36400
101 4 454 42 417 36500
101 4 454 42 417 36600
101 4 454 42 418 36700
102 4 455 42 418 36800
102 4 456 42 418 36900
102 4 456 42 419 37000
102 4 456 42 419 37100
102 4 456 42 419 37200
102 4 456 42 419 37300
102 4 456 42 419 37400
102 4 456 42 419 37500
102 4 457 42 419 37600
102 4 458 42 420 37700
102 4 458 42 421 37800
102 4 458 42 423 37900
103 4 458 42 423 38000
103 4 459 42 423 38100
104 4 459 42 423 38200
105 4 459 42 424 38300
106 4 460 42 424 38400
106 4 463 42 425 38500
108 4 464 42 428 38600
108 4 465 42 428 38700
110 4 465 42 430 38800
110 4 467 42 430 38900
110 4 468 42 431 39000
110 4 468 42 433 39100
111 4 468 42 433 39200
111 4 469 42 433 39300
111 4 470 42 433 39400
111 4 471 42 433 39500
111 4 472 42 434 39600
111 4 472 42 435 39700
111 4 472 42 435 39800
112 4 472 42 435 39900
112 4 473 42 435 40000
112 4 474 42 436 40100
113 4 474 42 437 40200
114 4 474 42 437 40300
116 4 475 42 437 40400
117 4 476 42 438 40500
117 4 476 42 438 40600
117 4 477 42 439 40700
117 4 477 42 439 40800
119 4 477 42 439 40900
121 4 478 42 439 41000
123 4 480 42 440 41100
125 4 481 42 440 41200
125 4 483 43 442 41300
125 4 483 43 442 41400
126 4 483 43 444 41500
126 4 483 43 444 41600
126 4 483 43 445 41700
126 4 483 43 445 41800
126 4 485 43 445 41900
126 4 485 43 445 42000
126 4 485 43 446 42100
126 4 487 43 446 42200
127 4 488 44 447 42300
127 4 489 44 448 42400
127 4 489 44 448 42500
127 4 489 44 449 42600
127 4 489 44 449 42700
129 4 490 44 449 42800
130 4 491 44 450 42900
131 4 492 44 450 43000
131 4 493 45 450 43100
132 4 493 45 452 43200
132 4 495 45 452 43300
132 4 496 45 454 43400
132 4 498 45 454 43500
132 4 499 45 456 43600
133 4 501 45 457 43700
134 4 502 45 458 43800
134 4 504 45 460 43900
134 4 505 45 460 44000
134 4 505 45 462 44100
134 5 505 45 462 44200
135 5 505 45 463 44300
135 5 506 45 464 44400
135 6 506 46 466 44500
135 6 506 46 467 44600
135 6 506 46 468 44700
135 7 510 46 468 44800
136 7 510 46 468 44900
137 7 511 47 471 45000
138 7 514 48 471 45100
140 7 516 48 474 45200
142 7 518 48 477 45300
142 7 522 48 478 45400
142 7 522 48 480 45500
142 7 523 48 482 45600
143 7 523 48 483 45700
145 7 524 48 483 45800
146 7 525 48 483 45900
147 7 525 48 484 46000
147 7 526 48 484 46100
147 7 526 48 485 46200
147 7 527 48 486 46300
147 7 528 48 487 46400
147 7 529 48 488 46500
147 7 529 49 489 46600
147 7 530 49 490 46700
147 7 530 49 490 46800
147 7 531 49 490 46900
147 7 531 49 491 47000
147 7 532 49 491 47100
147 7 533 49 491 47200
147 7 534 49 491 47300
147 7 534 49 493 47400
147 7 536 49 494 47500
147 7 538 49 495 47600
147 7 539 49 499 47700
148 7 540 49 499 47800
149 7 540 49 500 47900
150 7 540 49 500 48000
151 7 541 49 500 48100
151 7 541 49 501 48200
153 7 542 49 502 48300
153 7 542 49 502 48400
153 7 542 49 503 48500
154 7 542 49 503 48600
154 7 543 49 503 48700
155 7 543 50 504 48800
156 7 544 50 504 48900
156 7 545 50 504 49000
156 7 545 50 505 49100
156 7 545 50 505 49200
156 7 546 50 505 49300
156 7 547 50 506 49400
156 7 548 50 506 49500
156 7 549 50 508 49600
156 7 549 50 509 49700
156 7 552 50 509 49800
156 7 552 50 510 49900
157 7 553 50 511 50000
159 7 555 50 511 50100
161 7 557 50 514 50200
161 7 558 50 515 50300
162 7 559 50 518 50400
163 7 560 50 518 50500
163 7 562 50 518 50600
163 7 562 50 520 50700
163 7 563 50 522 50800
164 7 565 50 523 50900
164 7 566 50 524 51000
165 7 566 50 525 51100
165 7 567 50 526 51200
166 7 568 50 527 51300
166 7 569 51 527 51400
166 7 571 51 528 51500
166 7 571 51 529 51600
167 7 571 51 531 51700
167 7 571 51 531 51800
167 7 571 51 532 51900
167 7 571 51 532 52000
167 7 572 51 532 52100
167 7 572 51 533 52200
167 7 574 51 533 52300
167 7 574 52 534 52400
167 7 575 52 535 52500
167 7 575 52 535 52600
167 7 576 52 536 52700
167 7 577 52 536 52800
167 7 577 52 536 52900
168 7 577 53 536 53000
168 7 577 53 536 53100
169 7 577 53 536 53200
169 7 578 53 536 53300
169 7 578 53 537 53400
169 7 579 53 537 53500
169 7 580 53 537 53600
169 7 582 54 537 53700
169 7 582 54 538 53800
169 7 582 54 539 53900
169 7 584 54 540 54000
169 7 585 54 541 54100
170 7 585 54 543 54200
170 7 585 55 543 54300
170 7 586 55 543 54400
170 7 587 55 543 54500
170 7 587 55 545 54600
170 7 589 55 546 54700
170 7 589 55 547 54800
171 7 589 55 548 54900
171 7 590 56 548 55000
171 7 590 56 548 55100
172 7 590 56 549 55200
172 7 591 56 549 55300
172 7 593 56 549 55400
172 7 594 56 550 55500
172 7 594 57 552 55600
172 7 594 57 552 55700
172 7 594 57 552 55800
172 7 596 57 552 55900
172 7 598 57 553 56000
172 7 598 57 553 56100
173 7 599 57 555 56200
174 7 599 57 556 56300
175 7 599 57 556 56400
175 7 601 57 557 56500
175 7 601 57 558 56600
175 7 603 57 560 56700
175 7 603 57 562 56800
175 7 604 57 562 56900
175 7 605 57 563 57000
175 7 606 57 564 57100
175 7 606 57 565 57200
175 7 607 57 565 57300
177 7 607 57 566 57400
177 7 610 57 567 57500
177 7 610 57 568 57600
177 7 611 57 570 57700
177 7 612 57 571 57800
177 7 613 57 572 57900
178 7 613 57 573 58000
179 7 613 57 574 58100
179 7 613 57 574 58200
179 7 614 57 574 58300
179 7 614 57 575 58400
179 7 614 57 575 58500
180 7 615 57 575 58600
180 7 617 57 576 58700
180 7 617 57 578 58800
181 7 618 57 578 58900
181 7 619 57 579 59000
182 7 619 57 579 59100
182 7 620 57 579 59200
184 7 620 57 579 59300
184 7 622 57 580 59400
184 7 622 57 580 59500
184 7 623 57 581 59600
185 7 624 57 581 59700
186 7 625 57 583 59800
186 7 626 57 584 59900
186 7 627 57 585 60000
186 7 630 57 587 60100
186 7 632 58 587 60200
186 7 633 58 591 60300
186 7 634 58 593 60400
188 7 635 58 594 60500
188 7 636 58 596 60600
189 7 638 58 598 60700
190 7 638 58 600 60800
192 7 638 58 602 60900
193 7 639 58 603 61000
194 7 640 58 603 61100
194 7 640 58 607 61200
195 7 640 58 607 61300
195 7 642 58 609 61400
195 7 642 58 609 61500
195 7 642 58 611 61600
195 7 643 59 612 61700
195 7 644 59 612 61800
195 7 645 59 613 61900
195 7 646 59 614 62000
195 7 649 59 616 62100
196 7 650 59 616 62200
196 7 650 60 617 62300
196 7 651 61 619 62400
197 7 652 61 619 62500
198 7 653 61 619 62600
199 7 655 61 621 62700
199 7 655 61 622 62800
199 7 655 62 623 62900
199 7 656 63 623 63000
199 7 657 63 623 63100
199 7 657 63 624 63200
199 7 657 63 624 63300
200 7 657 63 624 63400
200 7 658 63 624 63500
200 7 659 63 624 63600
200 7 659 63 625 63700
201 7 661 64 625 63800
201 7 662 64 626 63900
202 7 662 64 630 64000
202 7 662 64 630 64100
202 7 662 64 630 64200
202 7 662 64 630 64300
202 7 663 64 630 64400
202 7 663 64 630 64500
202 7 663 64 631 64600
202 7 663 64 631 64700
202 7 663 64 631 64800
202 7 663 64 631 64900
202 7 665 64 631 65000
202 7 666 64 633 65100
203 7 667 64 634 65200
203 7 670 64 635 65300
203 7 670 64 636 65400
204 7 671 64 638 65500
205 7 672 64 639 65600
205 8 673 64 641 65700
205 8 674 64 642 65800
205 8 674 64 643 65900
205 8 675 64 643 66000
205 8 675 64 644 66100
205 8 675 64 644 66200
205 8 676 64 644 66300
205 8 676 64 644 66400
205 8 676 64 645 66500
205 8 676 64 645 66600
206 8 677 64 645 66700
206 8 677 64 645 66800
206 8 677 64 646 66900
207 8 677 64 646 67000
208 8 677 64 647 67100
209 8 679 64 647 67200
209 8 680 64 648 67300
209 8 681 64 651 67400
209 8 682 64 651 67500
209 8 684 64 652 67600
209 8 684 64 654 67700
209 8 685 64 654 67800
209 8 686 64 655 67900
210 8 687 64 655 68000
211 8 688 64 657 68100
211 8 689 65 657 68200
211 8 690 65 657 68300
211 8 690 66 659 68400
211 8 691 66 659 68500
211 8 692 66 659 68600
211 8 692 66 659 68700
211 8 692 67 659 68800
211 8 692 67 660 68900
211 8 692 67 660 69000
212 8 692 67 660 69100
212 8 693 67 660 69200
212 8 693 67 660 69300
212 8 694 67 660 69400
212 8 694 67 660 69500
212 8 694 67 661 69600
212 8 695 67 661 69700
212 8 697 67 661 69800
212 8 697 67 662 69900
212 8 698 67 664 70000
212 8 699 67 664 70100
212 8 699 67 665 70200
212 8 701 67 666 70300
213 8 702 67 666 70400
215 8 702 67 668 70500
216 8 703 67 668 70600
216 8 703 67 668 70700
216 8 704 67 668 70800
216 8 706 67 668 70900
216 8 707 67 671 71000
216 8 707 67 672 71100
216 8 708 67 672 71200
216 8 709 67 672 71300
216 8 709 67 674 71400
216 8 710 67 674 71500
217 8 711 67 674 71600
218 8 711 67 674 71700
218 8 712 67 675 71800
218 8 712 67 677 71900
218 8 712 67 677 72000
219 8 712 67 677 72100
219 8 713 68 678 72200
220 8 713 68 678 72300
220 8 713 68 678 72400
220 8 713 68 678 72500
220 8 713 68 678 72600
220 8 714 68 679 72700
220 8 714 68 679 72800
220 8 714 68 680 72900
220 8 714 68 680 73000
220 8 714 69 680 73100
220 8 714 69 680 73200
220 8 714 69 680 73300
220 8 714 69 680 73400
220 8 714 69 681 73500
221 8 716 69 681 73600
223 8 718 69 683 73700
223 8 719 69 684 73800
223 8 719 69 686 73900
223 8 720 70 686 74000
223 8 720 70 688 74100
223 8 720 70 690 74200
223 8 720 70 690 74300
223 8 720 70 690 74400
224 8 720 70 690 74500
224 8 720 70 690 74600
224 8 720 70 690 74700
224 8 720 70 690 74800
224 8 720 70 690 74900
224 8 720 70 690 75000
224 8 720 70 690 75100
224 8 721 70 690 75200
225 8 721 70 690 75300
225 8 721 70 691 75400
225 8 722 70 691 75500
225 8 722 70 692 75600
226 8 722 70 692 75700
226 8 723 70 692 75800
226 8 724 70 693 75900
226 8 726 71 693 76000
226 8 726 71 695 76100
226 8 726 71 696 76200
227 8 726 71 696 76300
227 8 727 71 696 76400
229 8 727 71 696 76500
230 8 727 71 697 76600
230 8 729 71 697 76700
231 8 729 71 699 76800
231 8 731 71 699 76900
232 8 731 71 701 77000
234 8 731 71 701 77100
235 8 733 71 701 77200
235 8 734 71 701 77300
235 8 734 72 702 77400
235 8 735 72 703 77500
236 8 735 72 705 77600
237 8 736 72 705 77700
237 8 737 74 706 77800
237 8 737 74 706 77900
237 8 738 74 708 78000
237 8 738 74 710 78100
237 8 738 74 710 78200
237 8 738 74 710 78300
239 8 738 74 710 78400
239 8 740 74 710 78500
239 8 741 74 710 78600
240 8 741 74 712 78700
241 8 744 74 712 78800
241 8 745 75 713 78900
242 8 747 76 714 79000
242 8 748 76 715 79100
242 8 748 76 718 79200
242 8 748 76 718 79300
242 8 748 76 718 79400
242 8 748 76 718 79500
242 8 748 76 718 79600
242 8 748 76 718 79700
242 8 748 76 719 79800
242 8 748 76 719 79900
242 8 748 76 719 80000
242 8 748 76 719 80100
242 8 748 76 719 80200
242 8 749 76 719 80300
242 8 751 76 719 80400
242 8 751 76 720 80500
242 8 752 76 722 80600
242 8 755 76 722 80700
242 8 757 77 723 80800
242 8 757 77 725 80900
242 8 757 77 727 81000
242 8 758 77 727 81100
242 8 759 77 727 81200
242 8 761 77 728 81300
242 8 763 77 730 81400
242 8 763 77 731 81500
242 8 764 77 733 81600
243 8 765 77 734 81700
243 8 766 77 735 81800
243 8 766 77 735 81900
243 8 766 79 735 82000
243 8 767 79 735 82100
243 8 768 79 736 82200
243 8 768 79 737 82300
243 8 768 79 737 82400
243 8 768 79 738 82500
243 8 768 79 738 82600
243 8 771 79 738 82700
243 8 771 79 741 82800
243 8 771 79 742 82900
243 8 771 79 742 83000
244 8 772 79 742 83100
245 8 772 80 742 83200
247 8 772 80 742 83300
249 8 773 80 743 83400
250 8 775 80 745 83500
251 8 776 80 745 83600
251 8 777 81 747 83700
252 8 777 81 748 83800
252 8 779 81 748 83900
252 8 783 81 748 84000
253 8 783 81 751 84100
253 8 783 81 754 84200
253 8 784 82 754 84300
253 8 784 82 755 84400
253 8 784 83 755 84500
253 8 784 83 755 84600
253 8 787 83 755 84700
253 8 788 83 756 84800
254 8 790 83 759 84900
254 8 791 83 760 85000
254 8 793 83 760 85100
254 8 795 84 762 85200
256 9 795 84 765 85300
256 9 798 84 767 85400
256 9 799 84 769 85500
256 9 799 84 769 85600
256 10 801 84 772 85700
256 10 802 84 772 85800
256 10 802 85 773 85900
256 10 802 85 774 86000
256 10 803 85 774 86100
257 10 803 85 774 86200
257 10 806 85 775 86300
257 10 807 85 775 86400
257 10 809 85 776 86500
257 10 811 86 777 86600
257 10 811 86 779 86700
257 10 811 86 781 86800
257 10 811 87 781 86900
257 10 813 87 781 87000
257 10 813 87 783 87100
257 10 813 87 784 87200
257 10 814 87 784 87300
257 10 814 87 784 87400
258 10 814 87 784 87500
259 10 814 87 785 87600
259 10 815 87 785 87700
259 10 815 87 785 87800
260 10 815 87 785 87900
261 10 817 87 785 88000
262 10 818 88 785 88100
264 10 818 88 788 88200
265 10 818 88 788 88300
266 10 820 88 788 88400
267 10 820 88 789 88500
268 10 821 88 790 88600
269 10 821 88 790 88700
270 10 821 88 792 88800
271 10 822 88 792 88900
272 10 822 88 792 89000
273 10 822 88 792 89100
274 10 822 89 792 89200
274 10 823 89 793 89300
275 10 823 89 794 89400
277 10 823 89 794 89500
277 10 827 89 794 89600
277 10 829 89 794 89700
278 10 829 89 799 89800
278 10 830 89 799 89900
279 10 830 89 801 90000
281 10 831 89 801 90100
282 10 834 89 802 90200
283 10 834 89 803 90300
285 10 835 90 803 90400
286 10 836 91 803 90500
286 10 837 91 804 90600
286 10 838 91 805 90700
286 10 838 91 806 90800
286 10 838 91 806 90900
286 10 839 91 807 91000
286 10 840 91 807 91100
286 10 840 91 809 91200
286 10 840 91 809 91300
286 10 840 91 810 91400
287 10 840 91 811 91500
288 10 842 91 811 91600
289 10 843 91 811 91700
290 10 843 91 811 91800
291 10 843 91 812 91900
292 10 843 91 812 92000
293 10 844 91 812 92100
294 10 844 91 812 92200
295 10 845 91 813 92300
296 10 845 91 813 92400
297 10 846 91 814 92500
298 10 846 91 815 92600
301 10 846 91 815 92700
302 10 848 91 815 92800
303 10 850 91 815 92900
304 10 853 91 817 93000
305 10 854 92 819 93100
306 10 854 92 820 93200
308 10 855 92 822 93300
309 10 855 92 823 93400
309 10 855 92 824 93500
310 10 855 92 824 93600
311 10 855 92 824 93700
311 10 860 92 824 93800
311 10 861 92 826 93900
311 10 861 92 830 94000
311 10 861 92 830 94100
311 10 864 92 830 94200
311 10 864 92 830 94300
311 10 864 92 831 94400
311 10 864 92 831 94500
311 10 865 92 831 94600
311 10 865 92 831 94700
311 10 867 92 832 94800
312 10 868 92 833 94900
313 10 869 92 834 95000
316 10 870 92 834 95100
318 10 870 92 834 95200
320 10 874 92 835 95300
321 10 875 92 837 95400
322 11 876 92 838 95500
323 11 876 92 839 95600
324 11 876 92 839 95700
325 11 876 93 840 95800
326 11 876 93 841 95900
328 11 876 93 841 96000
329 11 876 93 841 96100
330 11 876 94 841 96200
331 11 876 94 842 96300
332 11 876 94 843 96400
333 11 878 94 843 96500
334 11 878 94 844 96600
335 11 879 94 845 96700
336 11 879 94 845 96800
337 11 879 94 845 96900
338 11 879 94 845 97000
339 11 880 94 845 97100
340 11 881 94 846 97200
341 11 883 94 846 97300
342 11 883 94 847 97400
343 11 884 94 848 97500
344 11 885 95 849 97600
345 11 885 95 851 97700
346 11 885 95 851 97800
347 11 886 95 851 97900
348 11 887 95 852 98000
349 11 888 95 852 98100
350 11 888 95 854 98200
352 11 888 95 854 98300
354 11 888 95 854 98400
355 11 889 95 854 98500
356 11 889 95 854 98600
357 11 890 95 855 98700
358 11 891 95 855 98800
359 11 891 95 856 98900
361 11 891 95 856 99000
363 11 893 95 856 99100
365 11 893 95 857 99200
366 11 893 95 858 99300
367 11 894 95 858 99400
367 11 894 95 859 99500
367 11 895 95 859 99600
368 12 896 95 859 99700
368 12 896 95 862 99800
368 12 896 95 862 99900
368 12 897 95 862 100000
368 12 897 95 863 100100
368 12 898 95 865 100200
368 12 899 95 865 100300
368 12 899 95 867 100400
368 12 901 95 867 100500
368 12 901 95 869 100600
368 12 902 95 869 100700
368 12 902 95 870 100800
369 12 904 95 870 100900
369 12 904 95 870 101000
369 12 904 95 872 101100
369 12 905 95 872 101200
369 12 906 95 872 101300
369 12 907 96 873 101400
369 12 908 96 873 101500
369 12 908 96 875 101600
369 12 908 96 875 101700
369 12 908 96 875 101800
369 12 908 96 875 101900
369 12 909 96 875 102000
369 12 909 96 875 102100
370 12 909 96 876 102200
370 12 909 96 876 102300
370 12 909 96 876 102400
371 12 909 96 877 102500
371 12 909 96 877 102600
372 12 909 96 877 102700
372 12 910 96 877 102800
372 13 910 96 879 102900
372 13 911 96 879 103000
372 13 913 96 879 103100
372 13 913 96 881 103200
373 13 913 96 881 103300
373 13 914 96 881 103400
374 13 914 96 882 103500
374 13 914 96 882 103600
374 13 916 96 882 103700
374 13 916 96 884 103800
375 13 918 96 884 103900
375 13 919 96 886 104000
375 13 920 96 886 104100
376 13 920 96 886 104200
377 13 922 96 888 104300
378 13 923 97 889 104400
380 13 923 97 889 104500
381 13 923 97 890 104600
381 13 923 97 890 104700
382 13 923 98 890 104800
382 13 923 98 890 104900
383 13 924 98 890 105000
383 13 924 98 890 105100
384 13 925 98 891 105200
385 13 925 98 892 105300
386 13 925 98 893 105400
386 13 925 98 893 105500
386 13 925 98 893 105600
387 13 925 98 893 105700
387 13 927 98 893 105800
387 13 927 98 894 105900
387 13 927 98 895 106000
387 13 928 98 895 106100
387 13 928 98 895 106200
387 13 928 98 896 106300
387 13 929 98 896 106400
387 13 929 98 897 106500
387 13 930 98 897 106600
388 13 930 98 897 106700
389 13 931 98 898 106800
389 13 932 98 898 106900
389 13 935 98 901 107000
389 13 936 98 901 107100
389 13 937 98 904 107200
389 13 938 98 906 107300
390 13 939 98 906 107400
391 13 940 98 910 107500
393 13 941 98 910 107600
395 13 942 98 912 107700
396 13 943 98 913 107800
397 13 945 98 914 107900
398 13 945 98 917 108000
398 13 946 98 917 108100
398 13 946 98 917 108200
398 13 946 98 917 108300
398 13 946 99 917 108400
398 13 946 99 917 108500
398 13 947 99 917 108600
398 13 948 99 918 108700
398 13 949 99 918 108800
398 13 949 99 920 108900
398 13 949 99 920 109000
398 13 949 99 920 109100
399 13 949 99 921 109200
399 13 950 99 921 109300
400 13 950 99 922 109400
400 13 951 99 923 109500
400 14 953 99 924 109600
401 14 954 99 926 109700
401 14 956 99 927 109800
403 15 957 100 930 109900
403 15 958 100 931 110000
403 15 960 101 931 110100
403 15 960 101 932 110200
403 15 960 101 933 110300
403 15 960 101 933 110400
403 15 960 101 933 110500
403 15 960 101 933 110600
403 15 960 101 933 110700
403 15 960 101 933 110800
403 15 960 101 933 110900
403 15 960 102 933 111000
403 15 960 102 933 111100
404 15 960 102 933 111200
404 15 960 102 933 111300
404 15 961 102 933 111400
404 15 961 102 934 111500
404 15 961 102 935 111600
404 15 962 102 935 111700
404 15 962 102 936 111800
404 15 962 102 936 111900
404 15 962 102 936 112000
404 15 962 102 936 112100
405 15 962 103 936 112200
405 15 963 103 936 112300
405 15 963 103 937 112400
405 15 963 103 937 112500
405 15 964 103 937 112600
405 15 964 103 938 112700
405 15 965 103 938 112800
406 15 965 103 938 112900
406 15 965 103 938 113000
406 15 966 103 938 113100
407 15 968 103 938 113200
407 15 969 103 941 113300
407 15 970 103 941 113400
408 15 971 103 943 113500
408 15 972 103 943 113600
408 15 974 103 945 113700
409 15 975 103 946 113800
409 15 978 103 946 113900
409 15 978 103 950 114000
409 15 980 103 952 114100
409 15 981 103 953 114200
409 15 982 103 954 114300
409 15 983 104 954 114400
409 15 984 104 955 114500
410 15 984 104 955 114600
410 15 985 104 956 114700
410 15 986 104 957 114800
410 15 987 104 958 114900
410 15 987 104 959 115000
410 15 989 104 959 115100
410 15 989 104 960 115200
410 15 989 104 960 115300
410 15 990 104 960 115400
410 15 990 104 961 115500
410 15 990 104 962 115600
410 15 990 104 962 115700
410 15 990 104 963 115800
410 15 990 104 963 115900
410 15 990 104 963 116000
410 15 990 104 964 116100
410 15 991 104 964 116200
410 15 991 104 964 116300
410 15 991 104 966 116400
411 15 991 104 966 116500
411 15 991 104 966 116600
411 15 991 104 966 116700
411 15 991 105 966 116800
411 15 992 105 966 116900
411 15 993 105 966 117000
411 15 993 105 967 117100
412 15 993 105 969 117200
413 15 995 105 969 117300
413 15 995 105 970 117400
413 15 996 106 970 117500
414 15 998 107 970 117600
415 15 999 107 972 117700
417 15 1000 107 973 117800
418 15 1000 107 973 117900
419 15 1001 107 974 118000
419 15 1001 107 975 118100
419 15 1002 107 975 118200
419 15 1003 107 976 118300
419 15 1003 107 976 118400
420 15 1003 107 976 118500
420 15 1004 107 976 118600
422 15 1006 107 976 118700
422 15 1007 107 978 118800
422 15 1007 107 979 118900
422 15 1008 107 980 119000
422 15 1009 108 980 119100
423 15 1009 108 981 119200
424 15 1011 108 983 119300
426 15 1011 108 984 119400
427 15 1014 108 985 119500
429 15 1015 109 985 119600
429 15 1015 109 986 119700
429 15 1016 109 986 119800
429 15 1016 109 987 119900
