0 0 1 0 0 0
0 0 1 0 0 100
0 0 2 0 0 200
0 0 3 0 0 300
0 0 4 0 0 400
0 0 4 0 0 500
0 0 6 0 0 600
0 0 8 0 0 700
0 0 8 0 0 800
0 0 9 0 0 900
0 0 9 0 0 1000
0 0 10 0 0 1100
0 0 11 0 0 1200
0 0 14 0 0 1300
0 0 16 0 0 1400
0 0 20 0 0 1500
0 0 23 0 0 1600
0 0 26 0 0 1700
0 0 27 0 0 1800
0 0 28 0 0 1900
0 0 29 0 0 2000
0 0 34 0 0 2100
0 0 36 0 0 2200
0 0 37 0 0 2300
0 0 40 0 0 2400
0 0 41 0 0 2500
1 0 45 0 0 2600
2 0 48 0 0 2700
2 0 53 0 0 2800
4 0 54 0 0 2900
4 0 60 0 0 3000
4 0 63 0 0 3100
4 0 67 0 0 3200
4 0 69 0 0 3300
5 0 72 0 0 3400
6 0 75 0 0 3500
6 0 79 0 0 3600
6 1 80 0 0 3700
6 1 84 0 0 3800
7 1 85 0 0 3900
7 1 88 0 0 4000
7 1 94 0 0 4100
7 1 97 0 0 4200
7 1 99 0 0 4300
7 1 103 0 0 4400
7 1 106 0 0 4500
7 1 106 0 0 4600
7 1 110 0 0 4700
7 1 112 0 0 4800
7 1 116 0 0 4900
7 1 116 0 0 5000
7 2 119 0 0 5100
7 2 122 0 0 5200
7 2 124 0 0 5300
7 2 127 0 0 5400
7 2 129 0 0 5500
7 2 132 0 0 5600
7 2 132 0 0 5700
7 2 136 0 0 5800
7 2 139 0 0 5900
7 2 140 0 0 6000
8 2 146 0 0 6100
8 4 150 0 0 6200
9 5 152 0 0 6300
9 5 155 0 0 6400
9 5 156 0 0 6500
10 5 160 0 0 6600
10 5 163 0 0 6700
10 5 164 0 0 6800
10 5 164 0 0 6900
11 5 166 0 0 7000
12 5 171 0 0 7100
12 5 173 0 0 7200
12 5 174 0 0 7300
12 5 176 0 0 7400
13 5 178 0 0 7500
14 5 180 0 0 7600
15 5 180 0 0 7700
15 5 183 0 0 7800
16 5 184 0 0 7900
18 5 184 0 0 8000
19 5 186 0 0 8100
20 5 190 0 0 8200
21 5 192 0 0 8300
22 5 193 0 0 8400
23 5 194 0 0 8500
23 5 197 0 0 8600
24 5 200 0 0 8700
25 5 201 0 0 8800
25 5 202 0 0 8900
25 5 206 0 0 9000
26 5 207 0 0 9100
27 5 209 0 0 9200
28 5 210 0 0 9300
28 5 211 0 0 9400
29 5 211 0 0 9500
29 5 214 0 0 9600
30 5 216 0 0 9700
31 5 218 0 0 9800
31 5 220 0 0 9900
32 5 221 0 0 10000
33 5 221 0 0 10100
34 5 224 0 0 10200
35 5 225 0 0 10300
35 5 227 0 0 10400
35 5 229 0 0 10500
35 5 230 0 0 10600
35 5 232 0 0 10700
36 6 235 0 0 10800
36 6 239 0 0 10900
36 6 242 0 0 11000
37 6 244 0 0 11100
38 6 247 0 0 11200
38 6 252 0 0 11300
39 6 252 0 0 11400
39 6 257 0 0 11500
39 6 257 0 0 11600
40 6 258 0 0 11700
40 6 263 0 0 11800
40 6 264 0 0 11900
40 6 266 0 0 12000
41 6 268 0 0 12100
42 6 269 0 0 12200
42 6 269 0 0 12300
42 6 270 0 0 12400
44 6 274 0 0 12500
45 6 278 0 0 12600
46 6 279 0 0 12700
47 6 281 0 0 12800
48 6 284 0 0 12900
48 6 287 0 0 13000
50 6 288 0 0 13100
51 6 289 0 0 13200
51 6 293 0 0 13300
51 6 294 0 0 13400
53 6 295 0 0 13500
54 6 297 0 0 13600
55 6 302 0 0 13700
56 6 304 0 0 13800
57 6 306 0 0 13900
57 6 312 0 0 14000
58 6 312 0 0 14100
59 6 313 0 0 14200
60 6 314 0 0 14300
60 6 318 0 0 14400
61 6 319 0 0 14500
62 6 319 0 0 14600
62 6 321 0 0 14700
63 6 323 0 0 14800
64 6 326 0 0 14900
64 6 328 0 0 15000
65 6 332 0 0 15100
65 6 334 0 0 15200
66 6 336 0 0 15300
66 6 337 0 0 15400
68 6 339 0 0 15500
69 6 341 0 0 15600
69 6 343 0 0 15700
70 6 344 0 0 15800
72 6 345 0 0 15900
72 6 349 0 0 16000
72 6 349 0 0 16100
72 6 351 0 0 16200
72 6 353 0 0 16300
72 6 354 0 0 16400
72 6 356 0 0 16500
72 6 357 0 0 16600
72 6 359 0 0 16700
72 6 359 0 0 16800
73 6 361 0 0 16900
74 6 364 0 0 17000
75 6 364 0 0 17100
76 6 366 0 0 17200
78 6 367 0 0 17300
80 6 370 0 0 17400
81 6 372 0 0 17500
82 6 372 0 0 17600
83 6 372 0 0 17700
83 6 374 0 0 17800
84 7 375 0 0 17900
85 7 379 0 0 18000
85 7 381 0 0 18100
85 7 383 0 0 18200
85 7 385 0 0 18300
86 7 385 0 0 18400
86 7 389 0 0 18500
86 7 389 0 0 18600
86 7 392 0 0 18700
86 7 392 0 0 18800
86 7 394 0 0 18900
86 7 396 0 0 19000
88 7 398 0 0 19100
89 7 399 0 0 19200
89 7 400 0 0 19300
89 7 401 0 0 19400
89 7 403 0 0 19500
89 7 403 0 0 19600
89 7 404 0 0 19700
89 7 404 0 0 19800
89 7 404 0 0 19900
90 7 404 0 0 20000
90 7 405 0 0 20100
90 7 405 0 0 20200
91 7 405 0 0 20300
91 7 408 0 0 20400
91 7 408 0 0 20500
91 7 409 0 0 20600
91 7 409 0 0 20700
91 7 410 0 0 20800
91 7 415 0 0 20900
91 7 417 0 0 21000
91 7 418 0 0 21100
92 7 419 0 0 21200
92 7 421 0 0 21300
93 7 423 0 0 21400
94 7 423 0 0 21500
95 7 424 0 0 21600
96 7 425 0 0 21700
99 7 425 0 0 21800
100 7 427 0 0 21900
100 7 429 0 0 22000
102 7 431 0 0 22100
102 7 432 0 0 22200
102 7 434 0 0 22300
102 7 436 0 0 22400
102 7 436 0 0 22500
102 7 437 0 0 22600
102 7 438 0 0 22700
102 8 439 0 0 22800
102 8 439 0 0 22900
102 8 439 0 0 23000
102 8 440 0 0 23100
102 8 442 0 0 23200
102 8 442 0 0 23300
102 8 443 0 0 23400
102 9 446 0 0 23500
102 9 448 0 0 23600
103 9 448 0 0 23700
103 9 449 0 0 23800
103 9 451 0 0 23900
104 9 451 0 0 24000
104 9 451 0 0 24100
104 9 451 0 0 24200
104 9 451 0 0 24300
104 9 452 0 0 24400
106 9 453 0 0 24500
106 9 454 0 0 24600
106 9 457 0 0 24700
106 9 459 0 0 24800
107 9 459 0 0 24900
107 9 460 0 0 25000
107 9 461 0 0 25100
108 9 462 0 0 25200
109 9 464 0 0 25300
109 9 465 0 0 25400
109 9 466 0 0 25500
109 9 466 0 0 25600
109 9 466 0 0 25700
110 9 467 0 0 25800
110 9 469 0 0 25900
111 9 469 0 0 26000
112 9 470 0 0 26100
112 9 473 0 0 26200
113 9 473 0 0 26300
113 9 476 0 0 26400
115 9 476 0 0 26500
116 9 478 0 0 26600
116 9 479 0 0 26700
117 9 480 0 0 26800
117 9 481 0 0 26900
117 9 482 0 0 27000
117 9 485 0 0 27100
117 9 487 0 0 27200
118 9 488 0 0 27300
118 9 489 0 0 27400
118 9 489 0 0 27500
118 9 492 0 0 27600
120 9 493 0 0 27700
120 9 493 0 0 27800
120 9 494 0 0 27900
120 9 497 0 0 28000
120 9 498 0 0 28100
120 9 499 0 0 28200
122 9 499 0 0 28300
123 9 500 0 0 28400
124 9 501 0 0 28500
125 9 502 0 0 28600
125 9 502 0 0 28700
125 9 503 0 0 28800
125 9 503 0 0 28900
126 9 503 0 0 29000
126 9 504 0 0 29100
126 9 504 0 0 29200
126 9 504 0 0 29300
126 9 506 0 0 29400
126 9 507 0 0 29500
126 9 507 0 0 29600
126 9 507 0 0 29700
127 9 508 0 0 29800
127 9 508 0 0 29900
128 9 508 0 0 30000
128 9 509 0 0 30100
128 9 509 0 0 30200
130 9 509 0 0 30300
130 9 510 0 0 30400
131 9 510 0 0 30500
131 9 511 0 0 30600
131 9 511 0 0 30700
133 9 511 0 0 30800
134 9 513 0 0 30900
134 9 514 0 0 31000
134 9 516 0 0 31100
134 9 516 0 0 31200
134 9 518 0 0 31300
134 9 518 0 0 31400
134 9 521 0 0 31500
134 9 521 0 0 31600
136 9 521 0 0 31700
136 9 523 0 0 31800
136 9 523 0 0 31900
136 9 525 0 0 32000
137 9 525 0 0 32100
138 9 525 0 0 32200
138 9 526 0 0 32300
139 9 527 0 0 32400
139 9 528 0 0 32500
140 9 528 0 0 32600
140 9 529 0 0 32700
140 9 530 0 0 32800
140 9 532 0 0 32900
140 9 533 0 0 33000
140 9 533 0 0 33100
140 9 535 0 0 33200
140 9 536 0 0 33300
140 9 538 0 0 33400
140 9 538 0 0 33500
140 9 538 0 0 33600
140 9 539 0 0 33700
140 9 539 0 0 33800
140 9 540 0 0 33900
140 9 541 0 0 34000
140 9 541 0 0 34100
140 9 541 0 0 34200
140 9 542 0 0 34300
140 9 543 0 0 34400
140 9 544 0 0 34500
140 9 545 0 0 34600
140 9 546 0 0 34700
140 9 546 0 0 34800
141 9 546 0 0 34900
141 9 548 0 0 35000
141 9 548 0 0 35100
141 9 550 0 0 35200
141 9 550 0 0 35300
141 9 550 0 0 35400
141 9 550 0 0 35500
141 9 550 0 0 35600
141 9 551 0 0 35700
141 9 552 0 0 35800
141 9 553 0 0 35900
141 9 553 0 0 36000
141 9 553 0 0 36100
141 9 553 0 0 36200
141 9 553 0 0 36300
142 9 554 0 0 36400
144 9 555 0 0 36500
145 9 557 0 0 36600
145 9 558 0 0 36700
145 9 558 0 0 36800
145 9 559 0 0 36900
146 9 560 0 0 37000
147 9 561 0 0 37100
149 9 563 0 0 37200
150 9 565 0 0 37300
150 9 566 0 0 37400
150 9 567 0 0 37500
150 9 569 0 0 37600
151 9 569 0 0 37700
151 9 569 0 0 37800
151 9 569 0 0 37900
152 9 569 0 0 38000
152 9 570 0 0 38100
152 9 570 0 0 38200
152 9 571 0 0 38300
152 9 571 0 0 38400
152 9 572 0 0 38500
153 9 573 0 0 38600
153 9 573 0 0 38700
153 9 574 0 0 38800
154 9 574 0 0 38900
154 9 575 0 0 39000
154 9 575 0 0 39100
154 10 575 0 0 39200
155 10 576 0 0 39300
157 10 577 0 0 39400
158 10 577 0 0 39500
158 10 578 0 0 39600
158 10 578 0 0 39700
158 10 579 0 0 39800
159 10 579 0 0 39900
160 10 579 0 0 40000
160 10 580 0 0 40100
160 10 580 0 0 40200
160 10 583 0 0 40300
161 10 584 0 0 40400
161 10 584 0 0 40500
162 10 585 0 0 40600
163 10 585 0 0 40700
163 10 585 0 0 40800
165 10 586 0 0 40900
166 10 587 0 0 41000
166 10 588 0 0 41100
167 10 589 0 0 41200
167 10 590 0 0 41300
167 10 592 0 0 41400
167 11 592 0 0 41500
167 11 592 0 0 41600
167 11 592 0 0 41700
168 11 593 0 0 41800
169 11 593 0 0 41900
170 11 593 0 0 42000
170 11 594 0 0 42100
170 11 594 0 0 42200
170 11 596 0 0 42300
170 11 596 0 0 42400
170 11 597 0 0 42500
170 11 597 0 0 42600
170 11 597 0 0 42700
171 11 597 0 0 42800
171 11 598 0 0 42900
171 11 599 0 0 43000
171 11 603 0 0 43100
172 11 603 0 0 43200
173 11 605 0 0 43300
173 11 608 0 0 43400
173 11 609 0 0 43500
173 11 609 0 0 43600
173 11 611 0 0 43700
173 11 611 0 0 43800
173 11 611 0 0 43900
174 11 611 0 0 44000
175 11 614 0 0 44100
175 11 614 0 0 44200
175 11 614 0 0 44300
175 11 614 0 0 44400
175 11 615 0 0 44500
175 11 617 0 0 44600
175 11 618 0 0 44700
175 11 620 0 0 44800
175 11 620 0 0 44900
175 11 621 0 0 45000
176 11 621 0 0 45100
176 11 622 0 0 45200
176 11 622 0 0 45300
176 11 623 0 0 45400
176 11 623 0 0 45500
176 11 624 0 0 45600
177 11 624 0 0 45700
177 11 625 0 0 45800
177 11 625 0 0 45900
177 11 625 0 0 46000
178 11 627 0 0 46100
178 11 628 0 0 46200
178 11 628 0 0 46300
178 11 628 0 0 46400
180 11 629 0 0 46500
182 11 630 0 0 46600
182 11 631 0 0 46700
182 11 631 0 0 46800
183 11 631 0 0 46900
183 11 631 0 0 47000
183 12 632 0 0 47100
183 12 632 0 0 47200
183 12 632 0 0 47300
183 12 632 0 0 47400
183 12 635 0 0 47500
183 12 636 0 0 47600
183 12 636 0 0 47700
183 12 637 0 0 47800
183 13 638 0 0 47900
184 13 638 0 0 48000
184 13 639 0 0 48100
184 13 641 0 0 48200
184 13 641 0 0 48300
184 13 642 0 0 48400
184 13 643 0 0 48500
185 13 643 0 0 48600
186 13 643 0 0 48700
186 13 643 0 0 48800
186 13 643 0 0 48900
187 13 644 0 0 49000
187 13 645 0 0 49100
187 13 645 0 0 49200
187 13 646 0 0 49300
189 13 646 0 0 49400
190 13 647 0 0 49500
190 13 648 0 0 49600
190 13 649 0 0 49700
190 13 649 0 0 49800
190 13 649 0 0 49900
192 13 649 0 0 50000
192 13 649 0 0 50100
192 13 650 0 0 50200
192 13 650 0 0 50300
192 13 650 0 0 50400
192 13 651 0 0 50500
192 13 652 0 0 50600
192 13 652 0 0 50700
192 13 655 0 0 50800
194 13 656 0 0 50900
194 13 658 0 0 51000
194 13 659 0 0 51100
195 13 661 0 0 51200
197 13 661 0 0 51300
197 13 661 0 0 51400
197 13 663 0 0 51500
197 13 665 0 0 51600
197 13 665 0 0 51700
197 13 667 0 0 51800
197 13 668 0 0 51900
197 13 670 0 0 52000
198 13 671 0 0 52100
199 13 671 0 0 52200
199 13 673 0 0 52300
199 13 673 0 0 52400
199 13 674 0 0 52500
199 13 675 0 0 52600
199 13 675 0 0 52700
199 13 676 0 0 52800
200 13 677 0 0 52900
201 13 679 0 0 53000
201 13 680 0 0 53100
203 13 680 0 0 53200
203 13 680 0 0 53300
203 14 680 0 0 53400
204 14 681 0 0 53500
205 14 682 0 0 53600
205 14 683 0 0 53700
206 14 683 0 0 53800
208 14 684 0 0 53900
208 14 685 0 0 54000
209 14 685 0 0 54100
209 14 685 0 0 54200
209 14 685 0 0 54300
210 14 686 0 0 54400
210 14 686 0 0 54500
210 14 688 0 0 54600
210 14 688 0 0 54700
210 14 690 0 0 54800
210 14 690 0 0 54900
210 14 690 0 0 55000
210 14 691 0 0 55100
210 14 692 0 0 55200
210 14 692 0 0 55300
210 14 693 0 0 55400
210 14 693 0 0 55500
210 14 693 0 0 55600
211 14 695 0 0 55700
211 14 696 0 0 55800
211 14 696 0 0 55900
212 14 697 0 0 56000
212 14 699 0 0 56100
212 14 700 0 0 56200
212 14 700 0 0 56300
213 14 700 0 0 56400
214 14 702 0 0 56500
214 14 704 0 0 56600
214 14 704 0 0 56700
214 14 705 0 0 56800
214 14 705 0 0 56900
214 14 708 0 0 57000
214 14 708 0 0 57100
215 14 708 0 0 57200
215 14 709 0 0 57300
215 14 709 0 0 57400
215 14 709 0 0 57500
215 14 711 0 0 57600
215 14 713 0 0 57700
216 14 715 0 0 57800
217 14 717 0 0 57900
217 14 718 0 0 58000
217 14 720 0 0 58100
217 14 722 0 0 58200
219 14 722 0 0 58300
221 14 722 0 0 58400
222 14 723 0 0 58500
224 14 726 0 0 58600
227 14 727 0 0 58700
230 14 730 0 0 58800
230 14 732 0 0 58900
230 14 736 0 0 59000
231 14 736 0 0 59100
231 14 738 0 0 59200
231 15 739 0 0 59300
232 15 739 0 0 59400
234 15 741 0 0 59500
234 15 741 0 0 59600
235 15 742 0 0 59700
236 15 745 0 0 59800
237 15 745 0 0 59900
237 15 747 0 0 60000
237 15 747 0 0 60100
237 15 747 0 0 60200
239 16 747 0 0 60300
239 16 747 0 0 60400
241 16 747 0 0 60500
241 16 748 0 0 60600
241 16 748 0 0 60700
241 16 750 0 0 60800
241 16 752 0 0 60900
241 16 752 0 0 61000
242 16 753 0 0 61100
244 16 754 0 0 61200
245 16 755 0 0 61300
245 16 756 0 0 61400
246 16 757 0 0 61500
246 16 759 0 0 61600
246 16 759 0 0 61700
246 16 759 0 0 61800
248 16 759 0 0 61900
248 16 761 0 0 62000
248 16 761 0 0 62100
249 16 763 0 0 62200
250 16 764 0 0 62300
250 16 765 0 0 62400
250 16 765 0 0 62500
251 16 765 0 0 62600
251 16 767 0 0 62700
251 16 767 0 0 62800
251 16 767 0 0 62900
251 16 769 0 0 63000
251 16 771 0 0 63100
251 16 772 0 0 63200
252 16 773 0 0 63300
252 16 774 0 0 63400
252 16 775 0 0 63500
252 16 775 0 0 63600
252 16 775 0 0 63700
253 16 775 0 0 63800
254 16 777 0 0 63900
254 16 777 0 0 64000
257 16 777 0 0 64100
257 16 777 0 0 64200
257 16 777 0 0 64300
257 16 777 0 0 64400
257 16 777 0 0 64500
257 16 777 0 0 64600
257 16 777 0 0 64700
257 16 778 0 0 64800
257 16 779 0 0 64900
258 16 781 0 0 65000
258 16 781 0 0 65100
258 16 782 0 0 65200
258 16 782 0 0 65300
258 16 785 0 0 65400
259 17 785 0 0 65500
260 17 786 0 0 65600
260 18 786 0 0 65700
261 18 786 0 0 65800
261 18 787 0 0 65900
262 18 788 0 0 66000
263 18 789 0 0 66100
263 19 790 0 0 66200
263 19 791 0 0 66300
263 19 792 0 0 66400
263 19 792 0 0 66500
263 19 792 0 0 66600
264 19 792 0 0 66700
264 19 792 0 0 66800
264 19 793 0 0 66900
265 19 795 0 0 67000
266 19 797 0 0 67100
267 19 799 0 0 67200
267 19 799 0 0 67300
267 19 800 0 0 67400
268 19 800 0 0 67500
268 20 800 0 0 67600
268 20 801 0 0 67700
269 20 803 0 0 67800
269 20 803 0 0 67900
270 20 803 0 0 68000
271 20 803 0 0 68100
271 20 805 0 0 68200
271 20 805 0 0 68300
271 20 806 0 0 68400
271 20 808 0 0 68500
271 20 809 0 0 68600
272 20 810 0 0 68700
272 20 811 0 0 68800
273 20 812 0 0 68900
273 20 812 0 0 69000
273 20 813 0 0 69100
273 20 814 0 0 69200
273 20 814 0 0 69300
273 20 815 0 0 69400
273 20 816 0 0 69500
274 20 817 0 0 69600
275 20 819 0 0 69700
275 20 819 0 0 69800
275 20 819 0 0 69900
275 20 820 0 0 70000
275 20 822 0 0 70100
275 20 822 0 0 70200
275 20 822 0 0 70300
275 20 822 0 0 70400
275 20 822 0 0 70500
275 20 822 0 0 70600
275 20 823 0 0 70700
275 20 825 0 0 70800
275 20 825 0 0 70900
275 20 825 0 0 71000
275 20 825 0 0 71100
275 20 827 0 0 71200
275 21 827 0 0 71300
275 21 827 0 0 71400
275 21 829 0 0 71500
275 21 829 0 0 71600
275 21 829 0 0 71700
275 21 829 0 0 71800
275 21 830 0 0 71900
275 21 833 0 0 72000
276 21 833 0 0 72100
277 21 834 0 0 72200
277 21 835 0 0 72300
277 21 835 0 0 72400
277 21 836 0 0 72500
278 21 837 0 0 72600
278 21 842 0 0 72700
278 21 843 0 0 72800
278 21 843 0 0 72900
278 21 844 0 0 73000
278 21 845 0 0 73100
278 21 845 0 0 73200
278 21 847 0 0 73300
279 21 847 0 0 73400
279 21 848 0 0 73500
279 21 850 0 0 73600
279 21 852 0 0 73700
281 22 853 0 0 73800
281 22 853 0 0 73900
281 22 853 0 0 74000
281 22 854 0 0 74100
281 22 854 0 0 74200
281 22 855 0 0 74300
281 22 855 0 0 74400
281 22 856 0 0 74500
282 22 856 0 0 74600
282 22 857 0 0 74700
282 22 858 0 0 74800
283 22 859 0 0 74900
283 22 859 0 0 75000
283 22 860 0 0 75100
283 22 860 0 0 75200
283 22 861 0 0 75300
283 22 862 0 0 75400
283 22 863 0 0 75500
283 22 863 0 0 75600
284 22 864 0 0 75700
284 22 867 0 0 75800
284 22 869 0 0 75900
284 22 869 0 0 76000
286 22 869 0 0 76100
287 22 869 0 0 76200
288 22 870 0 0 76300
288 22 871 0 0 76400
288 22 872 0 0 76500
288 22 872 0 0 76600
289 22 873 0 0 76700
290 22 873 0 0 76800
291 22 876 0 0 76900
292 22 876 0 0 77000
293 22 877 0 0 77100
293 22 877 0 0 77200
293 22 878 0 0 77300
293 23 878 0 0 77400
294 24 878 0 0 77500
294 24 879 0 0 77600
294 24 881 0 0 77700
294 24 881 0 0 77800
294 25 882 0 0 77900
295 25 883 0 0 78000
296 25 883 0 0 78100
296 25 885 0 0 78200
296 25 885 0 0 78300
296 25 885 0 0 78400
296 25 887 0 0 78500
298 25 887 0 0 78600
299 25 887 0 0 78700
301 25 887 0 0 78800
301 25 888 0 0 78900
302 25 888 0 0 79000
302 25 889 0 0 79100
302 25 889 0 0 79200
303 25 889 0 0 79300
305 25 890 0 0 79400
305 25 890 0 0 79500
305 25 890 0 0 79600
305 25 890 0 0 79700
305 25 890 0 0 79800
305 25 891 0 0 79900
305 25 892 0 0 80000
305 25 893 0 0 80100
306 25 893 0 0 80200
307 25 893 0 0 80300
307 25 894 0 0 80400
309 25 896 0 0 80500
310 26 896 0 0 80600
311 27 896 0 0 80700
312 27 897 0 0 80800
313 27 897 0 0 80900
315 27 897 0 0 81000
315 27 899 0 0 81100
315 27 899 0 0 81200
315 27 899 0 0 81300
315 27 899 0 0 81400
315 27 899 0 0 81500
315 27 904 0 0 81600
315 27 904 0 0 81700
315 27 904 0 0 81800
315 27 904 0 0 81900
315 27 904 0 0 82000
316 27 904 0 0 82100
316 27 904 0 0 82200
316 27 904 0 0 82300
317 27 904 0 0 82400
317 27 904 0 0 82500
317 27 904 0 0 82600
317 27 905 0 0 82700
317 27 906 0 0 82800
317 27 906 0 0 82900
317 27 906 0 0 83000
317 27 907 0 0 83100
317 27 908 0 0 83200
317 27 909 0 0 83300
318 27 909 0 0 83400
318 27 909 0 0 83500
319 27 909 0 0 83600
319 27 909 0 0 83700
319 27 909 0 0 83800
320 27 911 0 0 83900
320 27 913 0 0 84000
321 28 913 0 0 84100
321 28 914 0 0 84200
322 28 914 0 0 84300
322 28 915 0 0 84400
322 28 918 0 0 84500
322 28 918 0 0 84600
323 28 919 0 0 84700
324 28 919 0 0 84800
325 28 919 0 0 84900
325 28 919 0 0 85000
325 28 919 0 0 85100
325 28 921 0 0 85200
325 28 921 0 0 85300
325 28 921 0 0 85400
325 28 922 0 0 85500
325 28 923 0 0 85600
325 28 923 0 0 85700
326 28 923 0 0 85800
326 28 923 0 0 85900
327 28 923 0 0 86000
327 28 923 0 0 86100
328 28 923 0 0 86200
328 28 924 0 0 86300
329 28 925 0 0 86400
329 28 925 0 0 86500
329 28 925 0 0 86600
329 29 926 0 0 86700
329 29 926 0 0 86800
329 29 927 0 0 86900
329 29 927 0 0 87000
329 29 927 0 0 87100
330 29 927 0 0 87200
330 29 929 0 0 87300
330 29 929 0 0 87400
331 29 930 0 0 87500
331 29 931 0 0 87600
331 29 932 0 0 87700
332 29 932 0 0 87800
332 29 932 0 0 87900
332 29 933 0 0 88000
332 29 933 0 0 88100
332 29 933 0 0 88200
332 29 934 0 0 88300
332 29 934 0 0 88400
334 29 934 0 0 88500
334 29 935 0 0 88600
335 29 935 0 0 88700
336 29 935 0 0 88800
337 29 935 0 0 88900
337 29 936 0 0 89000
337 29 937 0 0 89100
337 29 937 0 0 89200
337 29 939 0 0 89300
338 29 941 0 0 89400
339 29 942 0 0 89500
342 29 942 0 0 89600
342 29 943 0 0 89700
342 29 943 0 0 89800
343 29 945 0 0 89900
343 29 945 0 0 90000
343 29 945 0 0 90100
343 29 947 0 0 90200
343 29 948 0 0 90300
343 29 948 0 0 90400
345 29 948 0 0 90500
345 29 948 0 0 90600
345 29 948 0 0 90700
345 29 948 0 0 90800
345 29 948 0 0 90900
345 29 949 0 0 91000
345 29 951 0 0 91100
345 29 951 0 0 91200
345 29 951 0 0 91300
345 29 951 0 0 91400
345 29 951 0 0 91500
345 29 953 0 0 91600
345 29 953 0 0 91700
346 29 954 0 0 91800
346 29 955 0 0 91900
346 29 958 0 0 92000
347 29 959 0 0 92100
348 29 960 0 0 92200
348 29 961 0 0 92300
348 29 963 0 0 92400
348 29 964 0 0 92500
349 29 964 0 0 92600
349 29 966 0 0 92700
349 29 966 0 0 92800
349 29 967 0 0 92900
350 29 968 0 0 93000
351 29 969 0 0 93100
351 29 970 0 0 93200
351 29 970 0 0 93300
352 29 971 0 0 93400
352 29 975 0 0 93500
352 29 976 0 0 93600
353 29 978 0 0 93700
353 29 978 0 0 93800
353 29 978 0 0 93900
353 29 982 0 0 94000
354 29 982 0 0 94100
354 29 984 0 0 94200
354 29 985 0 0 94300
355 29 987 0 0 94400
355 29 988 0 0 94500
357 29 992 0 0 94600
358 29 992 0 0 94700
359 29 992 0 0 94800
360 29 995 0 0 94900
361 29 997 0 0 95000
361 29 998 0 0 95100
361 29 998 0 0 95200
361 29 999 0 0 95300
361 29 999 0 0 95400
361 29 999 0 0 95500
363 30 1000 0 0 95600
365 30 1000 0 0 95700
365 30 1001 0 0 95800
365 30 1002 0 0 95900
365 30 1003 0 0 96000
365 30 1003 0 0 96100
365 31 1003 0 0 96200
365 31 1003 0 0 96300
365 31 1004 0 0 96400
365 31 1006 0 0 96500
365 31 1008 0 0 96600
366 31 1008 0 0 96700
367 31 1009 0 0 96800
367 31 1012 0 0 96900
367 31 1012 0 0 97000
367 31 1013 0 0 97100
367 31 1013 0 0 97200
368 31 1013 0 0 97300
368 31 1014 0 0 97400
369 31 1015 0 0 97500
370 31 1015 0 0 97600
370 31 1015 0 0 97700
370 31 1015 0 0 97800
370 31 1015 0 0 97900
370 31 1015 0 0 98000
372 31 1015 0 0 98100
372 31 1015 0 0 98200
373 31 1015 0 0 98300
374 31 1017 0 0 98400
375 31 1017 0 0 98500
375 31 1018 0 0 98600
376 31 1020 0 0 98700
376 31 1020 0 0 98800
378 31 1020 0 0 98900
379 31 1020 0 0 99000
379 31 1020 0 0 99100
380 31 1020 0 0 99200
380 31 1021 0 0 99300
381 31 1021 0 0 99400
381 31 1021 0 0 99500
383 31 1022 0 0 99600
383 31 1022 0 0 99700
383 31 1022 0 0 99800
383 31 1022 0 0 99900
383 31 1023 0 0 100000
383 31 1023 0 0 100100
383 31 1023 0 0 100200
383 31 1023 0 0 100300
383 31 1024 0 0 100400
383 31 1026 0 0 100500
383 31 1026 0 0 100600
383 31 1028 0 0 100700
383 31 1028 0 0 100800
383 31 1029 0 0 100900
383 31 1029 0 0 101000
383 31 1029 0 0 101100
383 31 1031 0 0 101200
383 31 1031 0 0 101300
383 31 1031 0 0 101400
383 31 1031 0 0 101500
383 31 1031 0 0 101600
383 31 1031 0 0 101700
383 31 1032 0 0 101800
383 31 1032 0 0 101900
383 31 1033 0 0 102000
383 31 1033 0 0 102100
383 31 1034 0 0 102200
383 31 1037 0 0 102300
383 31 1037 0 0 102400
383 31 1037 0 0 102500
383 31 1039 0 0 102600
384 31 1039 0 0 102700
384 31 1039 0 0 102800
384 31 1040 0 0 102900
384 31 1040 0 0 103000
384 31 1041 0 0 103100
384 31 1041 0 0 103200
384 31 1041 0 0 103300
384 31 1042 0 0 103400
384 31 1042 0 0 103500
384 31 1042 0 0 103600
384 31 1042 0 0 103700
384 31 1043 0 0 103800
384 31 1043 0 0 103900
384 31 1043 0 0 104000
384 31 1043 0 0 104100
384 32 1044 0 0 104200
384 32 1045 0 0 104300
384 32 1045 0 0 104400
384 32 1045 0 0 104500
385 32 1045 0 0 104600
385 32 1046 0 0 104700
385 32 1046 0 0 104800
385 32 1047 0 0 104900
385 32 1047 0 0 105000
387 32 1047 0 0 105100
389 33 1047 0 0 105200
390 33 1050 0 0 105300
391 33 1050 0 0 105400
391 33 1051 0 0 105500
391 33 1054 0 0 105600
391 33 1056 0 0 105700
391 33 1056 0 0 105800
391 33 1059 0 0 105900
391 33 1061 0 0 106000
392 33 1063 0 0 106100
392 33 1066 0 0 106200
393 33 1066 0 0 106300
393 33 1066 0 0 106400
393 33 1066 0 0 106500
393 33 1068 0 0 106600
393 33 1069 0 0 106700
393 33 1070 0 0 106800
394 33 1070 0 0 106900
394 33 1070 0 0 107000
394 33 1071 0 0 107100
395 33 1071 0 0 107200
395 33 1071 0 0 107300
395 33 1072 0 0 107400
395 33 1072 0 0 107500
395 33 1073 0 0 107600
395 33 1073 0 0 107700
396 33 1074 0 0 107800
396 33 1074 0 0 107900
396 33 1077 0 0 108000
397 33 1077 0 0 108100
397 33 1078 0 0 108200
397 33 1079 0 0 108300
398 33 1081 0 0 108400
398 33 1081 0 0 108500
398 33 1081 0 0 108600
398 33 1082 0 0 108700
398 33 1082 0 0 108800
398 33 1083 0 0 108900
399 33 1084 0 0 109000
400 33 1084 0 0 109100
400 33 1084 0 0 109200
400 33 1084 0 0 109300
401 33 1085 0 0 109400
402 33 1085 0 0 109500
403 33 1085 0 0 109600
403 33 1086 0 0 109700
403 33 1086 0 0 109800
404 33 1087 0 0 109900
404 33 1089 0 0 110000
405 33 1089 0 0 110100
406 33 1089 0 0 110200
406 34 1090 0 0 110300
408 34 1091 0 0 110400
409 34 1091 0 0 110500
410 34 1092 0 0 110600
412 34 1094 0 0 110700
412 34 1096 0 0 110800
413 34 1098 0 0 110900
415 34 1099 0 0 111000
415 34 1100 0 0 111100
415 34 1102 0 0 111200
415 34 1102 0 0 111300
415 34 1104 0 0 111400
417 34 1105 0 0 111500
418 34 1106 0 0 111600
419 34 1106 0 0 111700
421 34 1106 0 0 111800
421 34 1108 0 0 111900
422 34 1108 0 0 112000
422 34 1108 0 0 112100
423 34 1109 0 0 112200
423 34 1111 0 0 112300
423 34 1111 0 0 112400
423 34 1112 0 0 112500
423 34 1112 0 0 112600
423 34 1112 0 0 112700
423 34 1115 0 0 112800
423 34 1115 0 0 112900
423 34 1115 0 0 113000
423 34 1116 0 0 113100
424 34 1118 0 0 113200
424 34 1120 0 0 113300
424 34 1120 0 0 113400
425 34 1120 0 0 113500
425 34 1120 0 0 113600
427 34 1120 0 0 113700
428 34 1121 0 0 113800
428 34 1122 0 0 113900
429 35 1126 0 0 114000
429 36 1126 0 0 114100
429 36 1127 0 0 114200
429 36 1127 0 0 114300
430 36 1127 0 0 114400
431 36 1127 0 0 114500
432 36 1129 0 0 114600
433 36 1130 0 0 114700
433 36 1130 0 0 114800
433 36 1130 0 0 114900
434 36 1132 0 0 115000
435 36 1134 0 0 115100
435 36 1136 0 0 115200
435 36 1137 0 0 115300
437 36 1137 0 0 115400
437 36 1139 0 0 115500
437 36 1141 0 0 115600
438 36 1141 0 0 115700
439 36 1142 0 0 115800
439 36 1143 0 0 115900
439 36 1144 0 0 116000
439 36 1145 0 0 116100
439 36 1145 0 0 116200
440 36 1146 0 0 116300
440 36 1149 0 0 116400
441 36 1149 0 0 116500
442 36 1149 0 0 116600
443 36 1150 0 0 116700
444 36 1150 0 0 116800
445 36 1151 0 0 116900
446 36 1151 0 0 117000
446 36 1151 0 0 117100
446 36 1153 0 0 117200
447 36 1153 0 0 117300
447 36 1153 0 0 117400
447 36 1154 0 0 117500
447 36 1154 0 0 117600
447 36 1154 0 0 117700
447 36 1154 0 0 117800
448 36 1154 0 0 117900
448 36 1154 0 0 118000
448 36 1154 0 0 118100
448 36 1154 0 0 118200
449 36 1155 0 0 118300
449 36 1155 0 0 118400
450 36 1155 0 0 118500
450 36 1155 0 0 118600
450 36 1155 0 0 118700
450 36 1155 0 0 118800
450 36 1155 0 0 118900
450 36 1156 0 0 119000
451 37 1157 0 0 119100
451 37 1158 0 0 119200
451 37 1158 0 0 119300
451 38 1158 0 0 119400
452 38 1160 0 0 119500
452 38 1162 0 0 119600
452 38 1162 0 0 119700
452 38 1163 0 0 119800
452 38 1164 0 0 119900
