0 1447 0 0 7305731 961214 10956893 99900
138 0 1189 0 0 99900
382.72870054449817 844.8107698622392 8130 13.027542569163293 531.5653190159998
0 1520 0 0 7299088 978670 10951930 99900
101 0 1213 0 0 99900
399.28403325802805 865.1125248889509 8122 12.801808228565795 531.6627454757818
0 1608 0 0 7327991 969510 11019709 99900
137 0 1260 0 0 99900
422.8100375820008 806.3965660684318 8224 13.167135706681576 543.1448802969417
0 1476 0 0 7328217 954629 11009031 99900
101 0 1162 0 0 99900
404.448779679908 800.5653427120915 8054 12.978018988855915 553.942043300157
0 1556 0 0 7301814 954196 10943293 99900
127 0 1231 0 0 99900
397.9278667145338 861.8149958135682 8174 12.982550280665246 554.4696844712421
0 1702 0 0 7286472 983718 10883186 99900
108 0 1371 0 0 99900
382.12318135258164 745.1906915370182 8008 12.714901641642657 549.6184098335888
0 1572 0 0 7285066 975154 10852964 99900
122 0 1285 0 0 99900
359.3106466489015 821.8700257760378 8023 12.778592124354715 534.2439358988289
0 1514 0 0 7318474 1001052 11058413 99900
141 0 1188 0 0 99900
427.4665187084223 1104.0794619465298 8159 12.909265943867965 560.7677346548621
