0 0 0 0 0 0 0 0
0 16 0 0 2578 0 2633 100
0 24 0 0 7053 13 7196 200
0 26 0 0 11293 17 11507 300
0 31 0 0 16335 20 16621 400
0 34 0 0 21976 23 22345 500
0 38 0 0 27886 28 28367 600
0 43 0 0 34218 34 34864 700
0 46 0 0 40729 49 41701 800
0 47 0 0 47261 69 48645 900
0 50 0 0 54018 93 55846 1000
0 53 0 0 60752 126 63165 1100
0 54 0 0 67645 175 70796 1200
0 56 0 0 74619 247 78532 1300
0 58 0 0 81645 332 86467 1400
0 63 0 0 88669 405 94378 1500
0 65 0 0 95747 500 102374 1600
0 71 0 0 102813 592 110499 1700
0 71 0 0 109896 681 118600 1800
0 77 0 0 116972 828 126797 1900
0 80 0 0 124048 939 135082 2000
0 84 0 0 131153 1054 143492 2100
0 86 0 0 138218 1173 151773 2200
0 90 0 0 145324 1300 160067 2300
0 91 0 0 152491 1419 168293 2400
0 94 0 0 159573 1518 176495 2500
0 95 0 0 166674 1649 184665 2600
0 97 0 0 173743 1790 192872 2700
0 103 0 0 180747 1946 201040 2800
0 103 0 0 187804 2080 209216 2900
0 107 0 0 194826 2199 217225 3000
0 108 0 0 201962 2329 225311 3100
0 112 0 0 208954 2445 233328 3200
0 116 0 0 215994 2580 241450 3300
0 120 0 0 223159 2690 249708 3400
0 121 0 0 230330 2793 257970 3500
0 124 0 0 237363 2896 266026 3600
0 126 0 0 244504 3015 274272 3700
0 128 0 0 251546 3142 282469 3800
0 131 0 0 258750 3231 290776 3900
0 131 0 0 265883 3334 299036 4000
0 134 0 0 272977 3441 307352 4100
0 138 0 0 280229 3547 315755 4200
0 142 0 0 287307 3663 323989 4300
0 145 0 0 294605 3764 332334 4400
0 148 0 0 301592 3874 340448 4500
0 149 0 0 308703 3987 348604 4600
0 151 0 0 315776 4088 356648 4700
0 154 0 0 322845 4216 364688 4800
0 154 0 0 329874 4337 372701 4900
0 159 0 0 336858 4459 380611 5000
0 162 0 0 343849 4567 388573 5100
0 164 0 0 350954 4685 396713 5200
0 169 0 0 357936 4800 404755 5300
0 170 0 0 364917 4909 412758 5400
0 173 0 0 371889 5027 420731 5500
0 175 0 0 378895 5136 428636 5600
0 176 0 0 385823 5276 436479 5700
0 179 0 0 392800 5411 444412 5800
0 180 0 0 399693 5546 452287 5900
0 181 0 0 406801 5666 460306 6000
0 181 0 0 413696 5779 468144 6100
0 183 0 0 420692 5925 476105 6200
0 184 0 0 427737 6017 484126 6300
0 185 0 0 434721 6135 492140 6400
0 187 0 0 441801 6245 500300 6500
0 191 0 0 448807 6344 508370 6600
0 194 0 0 455909 6449 516487 6700
0 198 0 0 463003 6557 524623 6800
0 201 0 0 470084 6714 532922 6900
0 204 0 0 477087 6838 541039 7000
0 206 0 0 484158 6946 549136 7100
0 209 0 0 491208 7090 557307 7200
0 209 0 0 498123 7222 565259 7300
0 211 0 0 505133 7357 573386 7400
0 211 0 0 512220 7497 581535 7500
0 212 0 0 519209 7626 589634 7600
0 215 0 0 526270 7761 597796 7700
0 216 0 0 533149 7916 605740 7800
0 216 0 0 540196 8063 613846 7900
0 216 0 0 547169 8186 621917 8000
0 217 0 0 554155 8301 629909 8100
0 219 0 0 561162 8466 637994 8200
0 220 0 0 568173 8656 646186 8300
0 223 0 0 575244 8802 654403 8400
0 224 0 0 582185 8935 662424 8500
0 227 0 0 589225 9066 670600 8600
0 228 0 0 596136 9191 678652 8700
0 231 0 0 603140 9319 686762 8800
0 232 0 0 610330 9420 694950 8900
0 232 0 0 617184 9550 702822 9000
0 237 0 0 624227 9650 710901 9100
0 237 0 0 631109 9771 718823 9200
0 238 0 0 638174 9883 726885 9300
0 242 0 0 645252 9994 734877 9400
0 243 0 0 652106 10114 742813 9500
0 245 0 0 659088 10217 750857 9600
0 249 0 0 666218 10332 759086 9700
0 250 0 0 673109 10440 766985 9800
0 250 0 0 680187 10551 775129 9900
0 252 0 0 687201 10656 783145 10000
0 252 0 0 694211 10779 791167 10100
0 255 0 0 701101 10904 799073 10200
0 257 0 0 708203 10993 807046 10300
0 258 0 0 715125 11121 814896 10400
0 260 0 0 722136 11225 822834 10500
0 261 0 0 729184 11324 830774 10600
0 263 0 0 736217 11456 838685 10700
0 267 0 0 743133 11571 846433 10800
0 269 0 0 749916 11682 854079 10900
0 271 0 0 756845 11795 861905 11000
0 273 0 0 763839 11915 869865 11100
0 275 0 0 770836 12028 877803 11200
0 275 0 0 777872 12131 885835 11300
0 277 0 0 784821 12239 893771 11400
0 280 0 0 791933 12358 902005 11500
0 282 0 0 798953 12464 910290 11600
0 282 0 0 805911 12558 918538 11700
0 286 0 0 812975 12665 926902 11800
0 288 0 0 820079 12784 935227 11900
0 289 0 0 827133 12907 943445 12000
0 290 0 0 834076 13011 951499 12100
0 292 0 0 840950 13114 959424 12200
0 295 0 0 848025 13245 967529 12300
0 295 0 0 854991 13347 975533 12400
0 297 0 0 861940 13448 983581 12500
0 301 0 0 868902 13569 991594 12600
0 302 0 0 875924 13687 999630 12700
0 305 0 0 882963 13814 1007783 12800
0 308 0 0 889895 13947 1015734 12900
0 309 0 0 896910 14050 1023763 13000
0 310 0 0 903881 14180 1031895 13100
0 314 0 0 910805 14287 1039817 13200
0 315 0 0 917808 14402 1047759 13300
0 316 0 0 924754 14516 1055713 13400
0 319 0 0 931703 14616 1063642 13500
0 319 0 0 938653 14725 1071449 13600
0 321 0 0 945674 14823 1079356 13700
0 325 0 0 952576 14930 1087112 13800
0 326 0 0 959450 15028 1094897 13900
0 329 0 0 966427 15121 1102792 14000
0 332 0 0 973419 15212 1110618 14100
0 334 0 0 980463 15308 1118580 14200
0 336 0 0 987406 15403 1126417 14300
0 338 0 0 994296 15527 1134154 14400
0 339 0 0 1001362 15621 1142172 14500
0 341 0 0 1008345 15691 1150094 14600
0 344 0 0 1015334 15776 1158003 14700
0 348 0 0 1022285 15876 1165913 14800
0 349 0 0 1029265 15965 1173898 14900
0 352 0 0 1036288 16055 1182024 15000
0 353 0 0 1043347 16122 1190040 15100
0 355 0 0 1050276 16225 1197883 15200
0 355 0 0 1057212 16316 1205781 15300
0 356 0 0 1064149 16409 1213669 15400
0 358 0 0 1071162 16529 1221662 15500
0 359 0 0 1078057 16653 1229538 15600
0 359 0 0 1085028 16739 1237406 15700
0 359 0 0 1091998 16813 1245333 15800
0 364 0 0 1099028 16889 1253320 15900
0 364 0 0 1106121 16957 1261449 16000
0 364 0 0 1113047 17058 1269308 16100
0 366 0 0 1120151 17161 1277296 16200
0 369 0 0 1127060 17288 1285133 16300
0 371 0 0 1133989 17413 1292962 16400
0 371 0 0 1140933 17511 1300729 16500
0 373 0 0 1147894 17593 1308515 16600
0 375 0 0 1154872 17690 1316370 16700
0 376 0 0 1161859 17801 1324321 16800
0 376 0 0 1168937 17892 1332358 16900
0 378 0 0 1175884 18020 1340227 17000
0 378 0 0 1182887 18129 1348215 17100
0 379 0 0 1189845 18200 1356078 17200
0 380 0 0 1196889 18272 1364040 17300
0 380 0 0 1203832 18354 1371869 17400
0 382 0 0 1210862 18438 1379820 17500
0 382 0 0 1217759 18516 1387636 17600
0 384 0 0 1224832 18582 1395597 17700
0 386 0 0 1231765 18655 1403363 17800
0 386 0 0 1238672 18725 1411129 17900
0 388 0 0 1245659 18791 1418914 18000
0 389 0 0 1252561 18868 1426587 18100
0 390 0 0 1259522 18927 1434314 18200
0 390 0 0 1266492 19006 1442202 18300
0 390 0 0 1273426 19079 1449943 18400
0 391 0 0 1280410 19186 1457759 18500
0 391 0 0 1287398 19270 1465572 18600
0 392 0 0 1294421 19356 1473415 18700
0 393 0 0 1301427 19443 1481297 18800
0 393 0 0 1308360 19547 1489263 18900
0 393 0 0 1315357 19625 1497162 19000
0 395 0 0 1322335 19720 1505040 19100
0 396 0 0 1329282 19809 1512823 19200
0 398 0 0 1336216 19907 1520697 19300
0 399 0 0 1343117 20008 1528462 19400
0 399 0 0 1350096 20110 1536300 19500
0 401 0 0 1357054 20201 1544246 19600
0 402 0 0 1364076 20297 1552262 19700
0 402 0 0 1371081 20376 1560152 19800
0 404 0 0 1378067 20467 1568046 19900
0 405 0 0 1384971 20552 1575888 20000
0 406 0 0 1392009 20628 1583945 20100
0 408 0 0 1399013 20729 1591900 20200
0 408 0 0 1406029 20811 1599893 20300
0 411 0 0 1412880 20881 1607671 20400
0 411 0 0 1419895 20950 1615477 20500
0 411 0 0 1426744 21019 1623106 20600
0 413 0 0 1433714 21109 1631022 20700
0 413 0 0 1440777 21187 1638919 20800
0 414 0 0 1447716 21271 1646650 20900
0 414 0 0 1454662 21355 1654364 21000
0 416 0 0 1461686 21457 1662252 21100
0 416 0 0 1468648 21534 1670032 21200
0 416 0 0 1475660 21622 1677943 21300
0 417 0 0 1482677 21705 1685759 21400
0 417 0 0 1489682 21787 1693590 21500
0 420 0 0 1496701 21862 1701458 21600
0 420 0 0 1503805 21966 1709425 21700
0 421 0 0 1510765 22039 1717213 21800
0 421 0 0 1517714 22109 1725027 21900
0 421 0 0 1524687 22169 1732762 22000
0 421 0 0 1531704 22268 1740623 22100
0 421 0 0 1538683 22343 1748385 22200
0 421 0 0 1545718 22407 1756137 22300
0 422 0 0 1552695 22472 1763911 22400
0 422 0 0 1559798 22548 1771873 22500
0 425 0 0 1566828 22631 1779791 22600
0 425 0 0 1573777 22703 1787575 22700
0 426 0 0 1580878 22795 1795680 22800
0 429 0 0 1587789 22869 1803597 22900
0 430 0 0 1594893 22939 1811666 23000
0 430 0 0 1601914 23041 1819676 23100
0 430 0 0 1608910 23148 1827693 23200
0 431 0 0 1615887 23246 1835732 23300
0 433 0 0 1622906 23363 1843730 23400
0 433 0 0 1629839 23481 1851594 23500
0 433 0 0 1636944 23611 1859652 23600
0 435 0 0 1643869 23709 1867554 23700
0 435 0 0 1650866 23807 1875562 23800
0 435 0 0 1657917 23885 1883468 23900
0 435 0 0 1664927 23958 1891399 24000
0 436 0 0 1672032 24065 1899449 24100
0 436 0 0 1678928 24141 1907284 24200
0 436 0 0 1685942 24226 1915217 24300
0 437 0 0 1692952 24300 1923176 24400
0 437 0 0 1699873 24369 1931099 24500
0 437 0 0 1706937 24489 1939191 24600
0 437 0 0 1713925 24564 1947136 24700
0 438 0 0 1720985 24625 1955061 24800
0 439 0 0 1727900 24698 1962778 24900
0 440 0 0 1734962 24754 1970560 25000
0 441 0 0 1741860 24831 1978244 25100
0 441 0 0 1748769 24906 1985993 25200
0 441 0 0 1755667 24962 1993701 25300
0 441 0 0 1762726 25038 2001560 25400
0 441 0 0 1769680 25121 2009438 25500
0 441 0 0 1776591 25183 2017182 25600
0 442 0 0 1783639 25244 2025151 25700
0 443 0 0 1790744 25306 2033121 25800
0 443 0 0 1797679 25401 2041033 25900
0 446 0 0 1804911 25476 2049186 26000
0 449 0 0 1811766 25562 2057167 26100
0 453 0 0 1818776 25653 2065279 26200
0 455 0 0 1825846 25753 2073399 26300
0 456 0 0 1832895 25830 2081426 26400
0 460 0 0 1840020 25921 2089653 26500
0 462 0 0 1847026 26031 2097683 26600
0 463 0 0 1854110 26153 2105946 26700
0 463 0 0 1861228 26290 2114241 26800
0 465 0 0 1868273 26419 2122589 26900
0 466 0 0 1875392 26558 2130988 27000
0 467 0 0 1882407 26708 2139362 27100
0 468 0 0 1889600 26830 2147753 27200
0 468 0 0 1896711 26982 2156103 27300
0 471 0 0 1903714 27123 2164309 27400
0 473 0 0 1910746 27258 2172454 27500
0 473 0 0 1917735 27384 2180638 27600
0 477 0 0 1924828 27499 2188946 27700
0 477 0 0 1931874 27601 2197163 27800
0 478 0 0 1938901 27721 2205347 27900
0 480 0 0 1945862 27831 2213332 28000
0 481 0 0 1952861 27929 2221325 28100
0 483 0 0 1959696 28039 2229094 28200
0 483 0 0 1966721 28139 2237039 28300
0 485 0 0 1973670 28228 2244899 28400
0 486 0 0 1980542 28314 2252707 28500
0 487 0 0 1987523 28423 2260617 28600
0 489 0 0 1994421 28514 2268380 28700
0 491 0 0 2001344 28592 2276194 28800
0 493 0 0 2008378 28670 2284058 28900
0 495 0 0 2015377 28744 2291908 29000
0 496 0 0 2022293 28803 2299711 29100
0 497 0 0 2029386 28867 2307706 29200
0 498 0 0 2036264 28935 2315478 29300
0 500 0 0 2043275 29009 2323438 29400
0 502 0 0 2050315 29082 2331564 29500
0 503 0 0 2057357 29149 2339663 29600
0 505 0 0 2064360 29203 2347719 29700
0 507 0 0 2071398 29278 2355806 29800
0 508 0 0 2078416 29357 2363872 29900
0 508 0 0 2085521 29430 2371917 30000
0 511 0 0 2092537 29496 2379973 30100
0 513 0 0 2099452 29565 2387953 30200
0 514 0 0 2106480 29627 2396009 30300
0 517 0 0 2113614 29681 2404144 30400
0 518 0 0 2120629 29735 2412294 30500
0 521 0 0 2127666 29816 2420472 30600
0 522 0 0 2134683 29904 2428560 30700
0 523 0 0 2141717 29986 2436588 30800
0 527 0 0 2148751 30047 2444706 30900
0 529 0 0 2155812 30136 2452831 31000
0 530 0 0 2162882 30205 2461111 31100
0 534 0 0 2169948 30271 2469289 31200
0 534 0 0 2176911 30341 2477357 31300
0 536 0 0 2184032 30417 2485602 31400
0 538 0 0 2190976 30517 2493748 31500
0 539 0 0 2198028 30622 2501903 31600
0 541 0 0 2205103 30726 2510024 31700
0 542 0 0 2212034 30816 2518044 31800
0 543 0 0 2219075 30905 2525961 31900
0 544 0 0 2226033 31015 2533779 32000
0 546 0 0 2232978 31088 2541573 32100
0 548 0 0 2239979 31153 2549505 32200
0 548 0 0 2246931 31227 2557324 32300
0 549 0 0 2253881 31321 2565194 32400
0 550 0 0 2260900 31390 2573065 32500
0 552 0 0 2267860 31457 2580804 32600
0 552 0 0 2274774 31546 2588564 32700
0 554 0 0 2281805 31635 2596521 32800
0 555 0 0 2288700 31745 2604266 32900
0 557 0 0 2295508 31821 2611876 33000
0 557 0 0 2302495 31904 2619674 33100
0 560 0 0 2309398 32018 2627393 33200
0 560 0 0 2316394 32136 2635332 33300
0 562 0 0 2323489 32244 2643395 33400
0 565 0 0 2330264 32351 2651167 33500
0 565 0 0 2337221 32429 2659059 33600
0 566 0 0 2344245 32520 2666982 33700
0 566 0 0 2351157 32602 2674786 33800
0 568 0 0 2358162 32683 2682720 33900
0 568 0 0 2365139 32772 2690579 34000
0 570 0 0 2372185 32863 2698463 34100
0 572 0 0 2379045 32946 2706245 34200
0 573 0 0 2386028 33035 2714179 34300
0 577 0 0 2392895 33141 2721993 34400
0 577 0 0 2399900 33241 2729990 34500
0 579 0 0 2406938 33372 2738122 34600
0 581 0 0 2413957 33495 2746366 34700
0 583 0 0 2420895 33623 2754455 34800
0 585 0 0 2428045 33754 2762722 34900
0 586 0 0 2434947 33899 2770865 35000
0 588 0 0 2442125 34045 2779238 35100
0 588 0 0 2449106 34210 2787467 35200
0 591 0 0 2456142 34340 2795640 35300
0 591 0 0 2463170 34460 2803713 35400
0 591 0 0 2470075 34562 2811505 35500
0 592 0 0 2477033 34679 2819347 35600
0 593 0 0 2484021 34787 2827344 35700
0 595 0 0 2491010 34881 2835343 35800
0 597 0 0 2497882 34971 2843216 35900
0 598 0 0 2504930 35067 2851226 36000
0 600 0 0 2511929 35150 2859241 36100
0 602 0 0 2518970 35242 2867344 36200
0 602 0 0 2525889 35335 2875346 36300
0 603 0 0 2532821 35438 2883194 36400
0 605 0 0 2539814 35508 2891147 36500
0 607 0 0 2546719 35592 2899065 36600
0 608 0 0 2553713 35670 2907025 36700
0 613 0 0 2560678 35750 2914892 36800
0 613 0 0 2567636 35827 2922710 36900
0 613 0 0 2574571 35934 2930507 37000
0 614 0 0 2581474 36026 2938282 37100
0 615 0 0 2588410 36128 2946044 37200
0 615 0 0 2595330 36214 2953790 37300
0 616 0 0 2602318 36314 2961636 37400
0 617 0 0 2609295 36402 2969491 37500
0 617 0 0 2616274 36486 2977323 37600
0 617 0 0 2623222 36558 2985127 37700
0 618 0 0 2630297 36639 2993040 37800
0 619 0 0 2637215 36720 3000759 37900
0 620 0 0 2644210 36807 3008532 38000
0 620 0 0 2651137 36906 3016297 38100
0 622 0 0 2658101 36970 3024041 38200
0 622 0 0 2665114 37038 3031906 38300
0 624 0 0 2671992 37105 3039753 38400
0 624 0 0 2678966 37184 3047638 38500
0 625 0 0 2685952 37249 3055614 38600
0 626 0 0 2692891 37319 3063583 38700
0 627 0 0 2699779 37417 3071471 38800
0 627 0 0 2706739 37510 3079458 38900
0 628 0 0 2713768 37616 3087520 39000
0 629 0 0 2720748 37721 3095455 39100
0 630 0 0 2727745 37833 3103373 39200
0 630 0 0 2734675 37948 3111305 39300
0 631 0 0 2741629 38046 3119068 39400
0 631 0 0 2748487 38169 3126816 39500
0 632 0 0 2755356 38281 3134610 39600
0 632 0 0 2762250 38402 3142507 39700
0 632 0 0 2769192 38541 3150357 39800
0 633 0 0 2776080 38643 3158190 39900
0 633 0 0 2782990 38758 3166015 40000
0 633 0 0 2789939 38844 3173934 40100
0 635 0 0 2796927 38915 3181817 40200
0 635 0 0 2803817 38978 3189624 40300
0 637 0 0 2810746 39044 3197680 40400
0 639 0 0 2817651 39107 3205607 40500
0 640 0 0 2824678 39158 3213661 40600
0 642 0 0 2831562 39217 3221594 40700
0 644 0 0 2838570 39279 3229634 40800
0 645 0 0 2845445 39327 3237463 40900
0 646 0 0 2852490 39403 3245444 41000
0 647 0 0 2859456 39482 3253434 41100
0 648 0 0 2866434 39562 3261357 41200
0 649 0 0 2873387 39649 3269285 41300
0 649 0 0 2880425 39715 3277323 41400
0 649 0 0 2887353 39771 3285210 41500
0 649 0 0 2894302 39846 3293076 41600
0 649 0 0 2901323 39947 3300933 41700
0 649 0 0 2908266 40014 3308821 41800
0 649 0 0 2915228 40091 3316782 41900
0 649 0 0 2922259 40158 3324755 42000
0 649 0 0 2929234 40217 3332711 42100
0 649 0 0 2936072 40295 3340518 42200
0 649 0 0 2943229 40363 3348616 42300
0 649 0 0 2950199 40451 3356597 42400
0 650 0 0 2957173 40526 3364639 42500
0 651 0 0 2964210 40622 3372692 42600
0 653 0 0 2971268 40726 3380800 42700
0 655 0 0 2978167 40828 3388623 42800
0 655 0 0 2985224 40920 3396495 42900
0 655 0 0 2992253 41001 3404396 43000
0 655 0 0 2999212 41075 3412135 43100
0 655 0 0 3006105 41144 3419795 43200
0 656 0 0 3012931 41196 3427323 43300
0 657 0 0 3019842 41271 3434972 43400
0 658 0 0 3026814 41333 3442735 43500
0 660 0 0 3033677 41399 3450441 43600
0 661 0 0 3040640 41475 3458240 43700
0 661 0 0 3047526 41528 3465948 43800
0 661 0 0 3054439 41584 3473705 43900
0 662 0 0 3061425 41644 3481587 44000
0 663 0 0 3068303 41725 3489344 44100
0 665 0 0 3075331 41815 3497285 44200
0 665 0 0 3082283 41930 3505130 44300
0 666 0 0 3089104 42000 3512838 44400
0 666 0 0 3095996 42079 3520688 44500
0 669 0 0 3102985 42161 3528551 44600
0 670 0 0 3109887 42217 3536324 44700
0 671 0 0 3116800 42292 3544170 44800
0 673 0 0 3123640 42372 3551975 44900
0 674 0 0 3130615 42444 3559788 45000
0 675 0 0 3137493 42502 3567426 45100
0 677 0 0 3144423 42560 3575103 45200
0 678 0 0 3151257 42621 3582717 45300
0 678 0 0 3158127 42685 3590382 45400
0 678 0 0 3165013 42733 3598021 45500
0 679 0 0 3171971 42801 3605657 45600
0 680 0 0 3178823 42867 3613309 45700
0 681 0 0 3185752 42926 3621099 45800
0 681 0 0 3192642 42994 3628840 45900
0 681 0 0 3199592 43064 3636652 46000
0 681 0 0 3206572 43130 3644432 46100
0 681 0 0 3213400 43215 3651990 46200
0 681 0 0 3220304 43276 3659701 46300
0 681 0 0 3227148 43332 3667308 46400
0 683 0 0 3234052 43385 3675075 46500
0 684 0 0 3240985 43431 3682888 46600
0 685 0 0 3247845 43509 3690656 46700
0 687 0 0 3254787 43594 3698573 46800
0 689 0 0 3261637 43652 3706515 46900
0 690 0 0 3268706 43716 3714598 47000
0 691 0 0 3275591 43773 3722441 47100
0 696 0 0 3282551 43830 3730357 47200
0 699 0 0 3289598 43879 3738461 47300
0 700 0 0 3296460 43943 3746346 47400
0 703 0 0 3303517 44015 3754504 47500
0 703 0 0 3310410 44073 3762400 47600
0 704 0 0 3317291 44155 3770285 47700
0 707 0 0 3324252 44218 3778239 47800
0 708 0 0 3331136 44290 3786129 47900
0 708 0 0 3338156 44354 3793978 48000
0 709 0 0 3344933 44419 3801585 48100
0 709 0 0 3351908 44477 3809441 48200
0 709 0 0 3358777 44535 3817091 48300
0 710 0 0 3365762 44592 3824869 48400
0 710 0 0 3372609 44653 3832543 48500
0 711 0 0 3379465 44728 3840189 48600
0 711 0 0 3386442 44785 3847904 48700
0 711 0 0 3393372 44842 3855540 48800
0 711 0 0 3400217 44899 3863090 48900
0 712 0 0 3407089 44959 3870665 49000
0 712 0 0 3413918 45020 3878267 49100
0 713 0 0 3420904 45087 3886068 49200
0 714 0 0 3427848 45153 3893872 49300
0 716 0 0 3434787 45247 3901758 49400
0 716 0 0 3441796 45316 3909666 49500
0 717 0 0 3448665 45397 3917516 49600
0 718 0 0 3455507 45472 3925298 49700
0 718 0 0 3462478 45553 3933095 49800
0 718 0 0 3469356 45636 3940886 49900
0 718 0 0 3476301 45716 3948604 50000
0 719 0 0 3483267 45837 3956408 50100
0 722 0 0 3490070 45933 3964042 50200
0 722 0 0 3496962 46059 3971795 50300
0 723 0 0 3503849 46146 3979607 50400
0 724 0 0 3510920 46231 3987643 50500
0 724 0 0 3517746 46332 3995456 50600
0 725 0 0 3524813 46407 4003617 50700
0 725 0 0 3531747 46505 4011676 50800
0 725 0 0 3538695 46580 4019716 50900
0 726 0 0 3545795 46669 4027824 51000
0 726 0 0 3552802 46758 4035962 51100
0 727 0 0 3559792 46839 4044042 51200
0 729 0 0 3566672 46924 4052025 51300
0 729 0 0 3573722 46994 4060128 51400
0 730 0 0 3580675 47065 4068167 51500
0 732 0 0 3587604 47140 4076106 51600
0 733 0 0 3594555 47203 4084131 51700
0 734 0 0 3601538 47302 4092100 51800
0 735 0 0 3608424 47388 4100058 51900
0 735 0 0 3615504 47464 4108172 52000
0 735 0 0 3622345 47534 4115947 52100
0 735 0 0 3629295 47624 4123953 52200
0 735 0 0 3636323 47710 4132023 52300
0 736 0 0 3643359 47799 4140101 52400
0 737 0 0 3650193 47883 4147834 52500
0 740 0 0 3657278 47995 4155919 52600
0 740 0 0 3664162 48081 4163741 52700
0 741 0 0 3671109 48160 4171667 52800
0 742 0 0 3678005 48231 4179568 52900
0 743 0 0 3685065 48314 4187544 53000
0 744 0 0 3691866 48387 4195232 53100
0 744 0 0 3698815 48450 4203046 53200
0 745 0 0 3705675 48516 4210841 53300
0 747 0 0 3712626 48580 4218683 53400
0 751 0 0 3719566 48652 4226539 53500
0 751 0 0 3726459 48705 4234372 53600
0 752 0 0 3733436 48762 4242271 53700
0 752 0 0 3740402 48812 4250135 53800
0 754 0 0 3747291 48888 4257868 53900
0 755 0 0 3754263 48953 4265700 54000
0 755 0 0 3761145 49018 4273398 54100
0 755 0 0 3768157 49089 4281299 54200
0 757 0 0 3775002 49152 4288977 54300
0 759 0 0 3781991 49218 4296878 54400
0 760 0 0 3789012 49303 4304803 54500
0 760 0 0 3795946 49370 4312539 54600
0 761 0 0 3802945 49454 4320363 54700
0 762 0 0 3809867 49531 4328176 54800
0 763 0 0 3816762 49632 4335968 54900
0 764 0 0 3823705 49720 4343780 55000
0 766 0 0 3830686 49810 4351604 55100
0 767 0 0 3837503 49900 4359353 55200
0 768 0 0 3844459 49975 4367222 55300
0 769 0 0 3851365 50047 4375035 55400
0 770 0 0 3858443 50129 4383078 55500
0 770 0 0 3865345 50217 4390910 55600
0 770 0 0 3872339 50291 4398794 55700
0 770 0 0 3879303 50354 4406661 55800
0 770 0 0 3886250 50409 4414358 55900
0 770 0 0 3893239 50465 4422162 56000
0 771 0 0 3900118 50521 4429842 56100
0 771 0 0 3906946 50569 4437501 56200
0 772 0 0 3913940 50614 4445372 56300
0 773 0 0 3920913 50657 4453277 56400
0 776 0 0 3927758 50710 4460966 56500
0 776 0 0 3934764 50781 4468853 56600
0 779 0 0 3941710 50828 4476698 56700
0 779 0 0 3948586 50883 4484580 56800
0 782 0 0 3955622 50973 4492606 56900
0 784 0 0 3962574 51034 4500570 57000
0 786 0 0 3969627 51102 4508580 57100
0 788 0 0 3976483 51167 4516397 57200
0 788 0 0 3983477 51231 4524279 57300
0 791 0 0 3990502 51293 4532281 57400
0 791 0 0 3997484 51364 4540277 57500
0 791 0 0 4004523 51433 4548386 57600
0 792 0 0 4011402 51511 4556234 57700
0 793 0 0 4018359 51586 4564266 57800
0 793 0 0 4025456 51671 4572378 57900
0 793 0 0 4032410 51751 4580393 58000
0 794 0 0 4039527 51843 4588622 58100
0 794 0 0 4046442 51938 4596529 58200
0 796 0 0 4053423 52027 4604503 58300
0 796 0 0 4060419 52135 4612446 58400
0 796 0 0 4067379 52228 4620382 58500
0 796 0 0 4074290 52329 4628173 58600
0 797 0 0 4081226 52442 4635994 58700
0 797 0 0 4088130 52557 4643781 58800
0 797 0 0 4094973 52654 4651306 58900
0 797 0 0 4101899 52721 4658908 59000
0 797 0 0 4108883 52791 4666687 59100
0 798 0 0 4115767 52850 4674286 59200
0 798 0 0 4122643 52920 4681889 59300
0 798 0 0 4129553 52998 4689681 59400
0 798 0 0 4136555 53065 4697451 59500
0 798 0 0 4143296 53140 4705047 59600
0 798 0 0 4150323 53211 4712904 59700
0 799 0 0 4157242 53279 4720628 59800
0 799 0 0 4164103 53349 4728335 59900
0 800 0 0 4171032 53427 4736087 60000
0 802 0 0 4177960 53490 4743776 60100
0 802 0 0 4184716 53556 4751364 60200
0 804 0 0 4191774 53630 4759203 60300
0 806 0 0 4198581 53697 4766780 60400
0 806 0 0 4205533 53763 4774560 60500
0 806 0 0 4212382 53839 4782266 60600
0 808 0 0 4219387 53920 4790141 60700
0 811 0 0 4226309 53994 4797997 60800
0 811 0 0 4233242 54073 4805818 60900
0 812 0 0 4240206 54145 4813728 61000
0 814 0 0 4247100 54217 4821547 61100
0 815 0 0 4254017 54292 4829405 61200
0 816 0 0 4261006 54377 4837397 61300
0 816 0 0 4267919 54456 4845385 61400
0 816 0 0 4274864 54547 4853268 61500
0 817 0 0 4281753 54617 4861136 61600
0 818 0 0 4288784 54710 4869074 61700
0 818 0 0 4295601 54802 4876784 61800
0 819 0 0 4302548 54881 4884628 61900
0 819 0 0 4309476 54971 4892497 62000
0 821 0 0 4316522 55035 4900419 62100
0 821 0 0 4323388 55118 4908161 62200
0 822 0 0 4330393 55202 4916092 62300
0 825 0 0 4337338 55285 4923918 62400
0 825 0 0 4344410 55397 4931843 62500
0 826 0 0 4351271 55495 4939655 62600
0 826 0 0 4358205 55629 4947521 62700
0 826 0 0 4365151 55751 4955500 62800
0 826 0 0 4372199 55859 4963448 62900
0 826 0 0 4379049 55956 4971187 63000
0 826 0 0 4386056 56065 4979078 63100
0 826 0 0 4392941 56161 4986840 63200
0 826 0 0 4399898 56266 4994637 63300
0 828 0 0 4406856 56391 5002563 63400
0 828 0 0 4413784 56559 5010526 63500
0 830 0 0 4420689 56659 5018403 63600
0 832 0 0 4427749 56751 5026377 63700
0 835 0 0 4434664 56865 5034225 63800
0 835 0 0 4441581 56973 5042042 63900
0 835 0 0 4448509 57078 5049765 64000
0 835 0 0 4455400 57168 5057639 64100
0 835 0 0 4462407 57257 5065550 64200
0 837 0 0 4469212 57333 5073245 64300
0 838 0 0 4476335 57422 5081262 64400
0 838 0 0 4483160 57509 5089038 64500
0 839 0 0 4490203 57607 5096951 64600
0 840 0 0 4497160 57694 5104786 64700
0 841 0 0 4504132 57772 5112681 64800
0 842 0 0 4511055 57852 5120585 64900
0 842 0 0 4518089 57923 5128662 65000
0 843 0 0 4525193 58013 5136726 65100
0 843 0 0 4532110 58103 5144632 65200
0 846 0 0 4539123 58187 5152670 65300
0 846 0 0 4546047 58303 5160627 65400
0 847 0 0 4553061 58418 5168708 65500
0 853 0 0 4560013 58501 5176652 65600
0 854 0 0 4566897 58612 5184565 65700
0 857 0 0 4573869 58726 5192634 65800
0 859 0 0 4580800 58818 5200645 65900
0 860 0 0 4587890 58910 5208796 66000
0 862 0 0 4594771 58984 5216738 66100
0 864 0 0 4601734 59060 5224749 66200
0 865 0 0 4608742 59138 5232774 66300
0 868 0 0 4615580 59223 5240576 66400
0 868 0 0 4622571 59293 5248396 66500
0 869 0 0 4629431 59365 5256096 66600
0 872 0 0 4636370 59429 5263921 66700
0 873 0 0 4643371 59500 5271946 66800
0 873 0 0 4650382 59563 5279940 66900
0 874 0 0 4657339 59642 5287855 67000
0 876 0 0 4664309 59717 5295698 67100
0 876 0 0 4671304 59780 5303639 67200
0 877 0 0 4678209 59856 5311511 67300
0 877 0 0 4685179 59923 5319491 67400
0 877 0 0 4692138 59981 5327484 67500
0 877 0 0 4699154 60050 5335469 67600
0 878 0 0 4705948 60136 5343261 67700
0 878 0 0 4712967 60259 5351300 67800
0 878 0 0 4719979 60341 5359172 67900
0 878 0 0 4726837 60436 5366938 68000
0 879 0 0 4733760 60528 5374762 68100
0 879 0 0 4740614 60620 5382484 68200
0 879 0 0 4747512 60698 5390249 68300
0 880 0 0 4754437 60782 5398048 68400
0 881 0 0 4761371 60883 5405929 68500
0 882 0 0 4768271 60959 5413805 68600
0 882 0 0 4775177 61037 5421650 68700
0 883 0 0 4782139 61113 5429496 68800
0 883 0 0 4788984 61219 5437197 68900
0 883 0 0 4795823 61312 5444837 69000
0 884 0 0 4802781 61403 5452578 69100
0 884 0 0 4809741 61499 5460389 69200
0 884 0 0 4816732 61608 5468183 69300
0 886 0 0 4823676 61736 5476038 69400
0 888 0 0 4830724 61856 5483939 69500
0 890 0 0 4837606 61968 5491703 69600
0 892 0 0 4844561 62102 5499497 69700
0 893 0 0 4851531 62183 5507288 69800
0 894 0 0 4858513 62258 5515103 69900
0 894 0 0 4865513 62325 5523033 70000
0 897 0 0 4872483 62391 5530854 70100
0 898 0 0 4879474 62448 5538713 70200
0 900 0 0 4886463 62511 5546595 70300
0 901 0 0 4893453 62564 5554462 70400
0 901 0 0 4900424 62672 5562405 70500
0 904 0 0 4907292 62727 5570186 70600
0 906 0 0 4914349 62790 5578239 70700
0 906 0 0 4921291 62858 5586131 70800
0 907 0 0 4928192 62929 5593961 70900
0 907 0 0 4935123 62997 5601878 71000
0 909 0 0 4942239 63062 5609898 71100
0 909 0 0 4949203 63137 5617761 71200
0 910 0 0 4956162 63219 5625599 71300
0 911 0 0 4963096 63306 5633429 71400
0 911 0 0 4970109 63384 5641329 71500
0 912 0 0 4977100 63473 5649214 71600
0 912 0 0 4983996 63584 5656987 71700
0 913 0 0 4991073 63691 5665017 71800
0 914 0 0 4998019 63768 5672971 71900
0 914 0 0 5005061 63885 5681052 72000
0 915 0 0 5011989 63977 5688940 72100
0 915 0 0 5018938 64064 5696873 72200
0 915 0 0 5025983 64133 5704824 72300
0 915 0 0 5032887 64208 5712667 72400
0 915 0 0 5039831 64294 5720546 72500
0 917 0 0 5046831 64385 5728519 72600
0 917 0 0 5053848 64453 5736480 72700
0 917 0 0 5060809 64526 5744337 72800
0 918 0 0 5067796 64580 5752234 72900
0 919 0 0 5074766 64667 5760109 73000
0 919 0 0 5081667 64736 5767866 73100
0 919 0 0 5088658 64795 5775726 73200
0 919 0 0 5095625 64866 5783596 73300
0 920 0 0 5102524 64932 5791356 73400
0 922 0 0 5109421 64990 5799166 73500
0 922 0 0 5116453 65068 5807128 73600
0 923 0 0 5123403 65153 5814978 73700
0 925 0 0 5130311 65226 5822697 73800
0 926 0 0 5137308 65302 5830513 73900
0 927 0 0 5144317 65361 5838435 74000
0 927 0 0 5151186 65431 5846183 74100
0 928 0 0 5158240 65487 5854110 74200
0 929 0 0 5165172 65546 5861989 74300
0 929 0 0 5172161 65611 5869877 74400
0 930 0 0 5179112 65678 5877748 74500
0 932 0 0 5186109 65742 5885640 74600
0 933 0 0 5193104 65824 5893592 74700
0 934 0 0 5200038 65899 5901453 74800
0 934 0 0 5207038 65971 5909322 74900
0 935 0 0 5214033 66066 5917287 75000
0 937 0 0 5220957 66156 5925145 75100
0 939 0 0 5227917 66242 5933075 75200
0 939 0 0 5234819 66327 5940918 75300
0 939 0 0 5241893 66411 5948838 75400
0 940 0 0 5248818 66497 5956713 75500
0 942 0 0 5255793 66597 5964652 75600
0 943 0 0 5262652 66671 5972412 75700
0 946 0 0 5269682 66751 5980292 75800
0 947 0 0 5276607 66841 5988054 75900
0 948 0 0 5283514 66932 5995779 76000
0 949 0 0 5290524 67020 6003715 76100
0 949 0 0 5297449 67095 6011549 76200
0 949 0 0 5304497 67178 6019558 76300
0 951 0 0 5311554 67255 6027600 76400
0 951 0 0 5318555 67320 6035575 76500
0 951 0 0 5325587 67386 6043469 76600
0 954 0 0 5332519 67451 6051333 76700
0 954 0 0 5339511 67521 6059305 76800
0 954 0 0 5346594 67586 6067260 76900
0 954 0 0 5353492 67648 6074996 77000
0 956 0 0 5360534 67704 6082843 77100
0 957 0 0 5367497 67776 6090592 77200
0 957 0 0 5374462 67841 6098459 77300
0 958 0 0 5381269 67912 6106082 77400
0 959 0 0 5388259 67983 6113870 77500
0 960 0 0 5395212 68050 6121725 77600
0 961 0 0 5402284 68121 6129722 77700
0 963 0 0 5409240 68193 6137682 77800
0 964 0 0 5416243 68264 6145702 77900
0 965 0 0 5423261 68317 6153542 78000
0 966 0 0 5430258 68378 6161445 78100
0 967 0 0 5437103 68435 6169103 78200
0 967 0 0 5444073 68508 6176886 78300
0 968 0 0 5451038 68564 6184624 78400
0 969 0 0 5457996 68618 6192352 78500
0 970 0 0 5464886 68677 6200139 78600
0 970 0 0 5471863 68732 6207992 78700
0 970 0 0 5478802 68794 6215752 78800
0 970 0 0 5485835 68844 6223587 78900
0 970 0 0 5492843 68908 6231543 79000
0 971 0 0 5499672 68968 6239251 79100
0 972 0 0 5506821 69019 6247296 79200
0 975 0 0 5513855 69080 6255329 79300
0 975 0 0 5520814 69142 6263171 79400
0 976 0 0 5527825 69216 6271216 79500
0 978 0 0 5534825 69299 6279348 79600
0 979 0 0 5541839 69357 6287346 79700
0 981 0 0 5548830 69415 6295269 79800
0 981 0 0 5555815 69468 6303273 79900
0 984 0 0 5562863 69527 6311239 80000
0 984 0 0 5569888 69594 6319204 80100
0 984 0 0 5576823 69642 6327060 80200
0 984 0 0 5583818 69693 6334920 80300
0 985 0 0 5590823 69747 6342812 80400
0 985 0 0 5597754 69802 6350548 80500
0 985 0 0 5604762 69858 6358366 80600
0 985 0 0 5611741 69924 6366221 80700
0 985 0 0 5618704 70010 6374108 80800
0 985 0 0 5625702 70085 6382058 80900
0 986 0 0 5632637 70165 6389970 81000
0 987 0 0 5639718 70234 6397954 81100
0 988 0 0 5646699 70305 6405940 81200
0 988 0 0 5653750 70383 6414025 81300
0 989 0 0 5660830 70476 6422041 81400
0 991 0 0 5667789 70538 6429852 81500
0 991 0 0 5674789 70614 6437694 81600
0 991 0 0 5681781 70673 6445480 81700
0 991 0 0 5688832 70755 6453422 81800
0 991 0 0 5695790 70828 6461213 81900
0 991 0 0 5702738 70896 6469015 82000
0 991 0 0 5709760 70974 6476850 82100
0 991 0 0 5716778 71038 6484658 82200
0 992 0 0 5723754 71128 6492478 82300
0 992 0 0 5730582 71216 6500086 82400
0 994 0 0 5737597 71272 6507801 82500
0 994 0 0 5744605 71325 6515553 82600
0 994 0 0 5751575 71366 6523321 82700
0 994 0 0 5758538 71402 6530997 82800
0 994 0 0 5765543 71448 6538740 82900
0 994 0 0 5772558 71495 6546510 83000
0 994 0 0 5779452 71543 6554178 83100
0 994 0 0 5786477 71602 6561985 83200
0 994 0 0 5793486 71660 6569732 83300
0 995 0 0 5800442 71698 6577436 83400
0 995 0 0 5807521 71736 6585247 83500
0 996 0 0 5814394 71784 6592946 83600
0 996 0 0 5821321 71835 6600608 83700
0 996 0 0 5828277 71901 6608405 83800
0 998 0 0 5835263 71973 6616195 83900
0 998 0 0 5842292 72034 6624130 84000
0 998 0 0 5849285 72102 6631975 84100
0 998 0 0 5856287 72181 6639821 84200
0 998 0 0 5863237 72245 6647505 84300
0 998 0 0 5870232 72309 6655260 84400
0 999 0 0 5877099 72382 6662963 84500
0 999 0 0 5884068 72470 6670740 84600
0 999 0 0 5890969 72561 6678475 84700
0 999 0 0 5898040 72636 6686303 84800
0 1000 0 0 5905003 72702 6694096 84900
0 1000 0 0 5911998 72765 6701858 85000
0 1001 0 0 5918940 72823 6709543 85100
0 1001 0 0 5925899 72894 6717305 85200
0 1002 0 0 5932934 72953 6725081 85300
0 1002 0 0 5939784 73027 6732672 85400
0 1002 0 0 5946716 73073 6740328 85500
0 1002 0 0 5953736 73141 6748117 85600
0 1003 0 0 5960725 73201 6755910 85700
0 1003 0 0 5967682 73269 6763672 85800
0 1004 0 0 5974587 73335 6771507 85900
0 1004 0 0 5981596 73401 6779447 86000
0 1005 0 0 5988534 73479 6787267 86100
0 1006 0 0 5995441 73540 6794983 86200
0 1006 0 0 6002432 73619 6802850 86300
0 1010 0 0 6009521 73685 6810779 86400
0 1012 0 0 6016425 73752 6818507 86500
0 1012 0 0 6023360 73823 6826401 86600
0 1015 0 0 6030327 73875 6834171 86700
0 1015 0 0 6037401 73941 6842097 86800
0 1015 0 0 6044367 73998 6849867 86900
0 1015 0 0 6051274 74070 6857570 87000
0 1015 0 0 6058199 74140 6865416 87100
0 1015 0 0 6065123 74221 6873194 87200
0 1016 0 0 6072066 74278 6880999 87300
0 1017 0 0 6078884 74332 6888830 87400
0 1017 0 0 6085817 74382 6896739 87500
0 1018 0 0 6092918 74430 6904755 87600
0 1018 0 0 6099873 74474 6912587 87700
0 1018 0 0 6106848 74533 6920476 87800
0 1020 0 0 6113767 74578 6928256 87900
0 1020 0 0 6120801 74642 6936318 88000
0 1022 0 0 6127692 74692 6944164 88100
0 1024 0 0 6134607 74762 6951993 88200
0 1024 0 0 6141652 74840 6960017 88300
0 1025 0 0 6148590 74910 6967901 88400
0 1025 0 0 6155651 74976 6975878 88500
0 1027 0 0 6162647 75033 6983802 88600
0 1029 0 0 6169654 75074 6991629 88700
0 1030 0 0 6176663 75151 6999499 88800
0 1030 0 0 6183635 75212 7007276 88900
0 1030 0 0 6190637 75272 7015132 89000
0 1030 0 0 6197508 75331 7022809 89100
0 1031 0 0 6204451 75383 7030558 89200
0 1031 0 0 6211364 75456 7038398 89300
0 1034 0 0 6218288 75508 7046275 89400
0 1035 0 0 6225280 75562 7054175 89500
0 1036 0 0 6232155 75631 7061950 89600
0 1039 0 0 6239249 75709 7070020 89700
0 1040 0 0 6246260 75763 7078044 89800
0 1042 0 0 6253211 75835 7086082 89900
0 1042 0 0 6260238 75919 7094056 90000
0 1042 0 0 6267262 75969 7102055 90100
0 1044 0 0 6274249 76028 7109984 90200
0 1044 0 0 6281287 76081 7117830 90300
0 1046 0 0 6288436 76166 7125750 90400
0 1047 0 0 6295228 76226 7133248 90500
0 1048 0 0 6302223 76298 7141004 90600
0 1049 0 0 6309177 76379 7148746 90700
0 1049 0 0 6316142 76443 7156549 90800
0 1050 0 0 6323040 76510 7164271 90900
0 1050 0 0 6329999 76570 7172091 91000
0 1050 0 0 6337056 76626 7180035 91100
0 1052 0 0 6344018 76675 7187810 91200
0 1052 0 0 6351006 76730 7195616 91300
0 1053 0 0 6357924 76775 7203282 91400
0 1056 0 0 6364902 76824 7211197 91500
0 1057 0 0 6371866 76872 7219024 91600
0 1057 0 0 6378850 76904 7226901 91700
0 1059 0 0 6385854 76955 7234768 91800
0 1059 0 0 6392830 76993 7242602 91900
0 1059 0 0 6399782 77051 7250471 92000
0 1060 0 0 6406767 77091 7258396 92100
0 1060 0 0 6413758 77149 7266246 92200
0 1063 0 0 6420611 77199 7273902 92300
0 1063 0 0 6427544 77252 7281756 92400
0 1064 0 0 6434563 77315 7289683 92500
0 1065 0 0 6441551 77389 7297493 92600
0 1065 0 0 6448511 77463 7305302 92700
0 1066 0 0 6455468 77525 7313076 92800
0 1066 0 0 6462324 77599 7320819 92900
0 1066 0 0 6469279 77667 7328712 93000
0 1067 0 0 6476162 77741 7336500 93100
0 1067 0 0 6483194 77803 7344383 93200
0 1071 0 0 6490058 77882 7352098 93300
0 1071 0 0 6496965 77968 7359912 93400
0 1071 0 0 6504027 78030 7367943 93500
0 1071 0 0 6511051 78096 7375892 93600
0 1073 0 0 6518020 78189 7383810 93700
0 1073 0 0 6525007 78267 7391595 93800
0 1074 0 0 6531975 78357 7399348 93900
0 1075 0 0 6538915 78447 7407137 94000
0 1076 0 0 6545850 78543 7414894 94100
0 1076 0 0 6552782 78621 7422692 94200
0 1076 0 0 6559668 78708 7430376 94300
0 1078 0 0 6566596 78835 7438202 94400
0 1078 0 0 6573474 78939 7445843 94500
0 1079 0 0 6580430 79003 7453618 94600
0 1079 0 0 6587476 79073 7461461 94700
0 1082 0 0 6594284 79147 7469091 94800
0 1083 0 0 6601308 79213 7476956 94900
0 1083 0 0 6608256 79284 7484778 95000
0 1084 0 0 6615275 79366 7492776 95100
0 1085 0 0 6622251 79427 7500747 95200
0 1085 0 0 6629200 79501 7508590 95300
0 1085 0 0 6636198 79557 7516457 95400
0 1086 0 0 6643185 79637 7524303 95500
0 1086 0 0 6650115 79704 7532086 95600
0 1087 0 0 6657137 79770 7539942 95700
0 1088 0 0 6664141 79836 7547702 95800
0 1091 0 0 6671167 79913 7555578 95900
0 1091 0 0 6678157 79976 7563400 96000
0 1092 0 0 6685118 80031 7571124 96100
0 1094 0 0 6692216 80096 7579085 96200
0 1094 0 0 6699085 80159 7586726 96300
0 1096 0 0 6706098 80215 7594438 96400
0 1096 0 0 6713026 80265 7602140 96500
0 1098 0 0 6719980 80304 7609803 96600
0 1098 0 0 6726942 80359 7617473 96700
0 1098 0 0 6733896 80406 7625111 96800
0 1100 0 0 6740951 80441 7632871 96900
0 1100 0 0 6747830 80479 7640484 97000
0 1101 0 0 6754838 80519 7648353 97100
0 1103 0 0 6761804 80559 7656199 97200
0 1104 0 0 6768829 80587 7664088 97300
0 1104 0 0 6775809 80628 7671879 97400
0 1105 0 0 6782800 80668 7679772 97500
0 1105 0 0 6789836 80710 7687636 97600
0 1107 0 0 6796723 80749 7695373 97700
0 1107 0 0 6803743 80789 7703240 97800
0 1108 0 0 6810699 80841 7711067 97900
0 1108 0 0 6817724 80889 7718973 98000
0 1108 0 0 6824709 80936 7726755 98100
0 1109 0 0 6831679 81005 7734548 98200
0 1109 0 0 6838684 81070 7742359 98300
0 1109 0 0 6845664 81128 7750127 98400
0 1109 0 0 6852716 81185 7757929 98500
0 1111 0 0 6859651 81243 7765643 98600
0 1112 0 0 6866649 81305 7773464 98700
0 1112 0 0 6873650 81379 7781326 98800
0 1115 0 0 6880644 81473 7789241 98900
0 1116 0 0 6887672 81556 7797168 99000
0 1116 0 0 6894687 81629 7805106 99100
0 1116 0 0 6901697 81717 7812988 99200
0 1117 0 0 6908725 81809 7820904 99300
0 1118 0 0 6915758 81884 7828861 99400
0 1118 0 0 6922857 81970 7836897 99500
0 1121 0 0 6929784 82038 7844730 99600
0 1122 0 0 6936770 82104 7852655 99700
0 1123 0 0 6943834 82171 7860575 99800
0 1123 0 0 6950792 82275 7868417 99900
0 1125 0 0 6957849 82367 7876355 100000
0 1127 0 0 6964766 82451 7884214 100100
0 1128 0 0 6971747 82534 7892091 100200
0 1131 0 0 6978754 82621 7900010 100300
0 1131 0 0 6985658 82705 7907826 100400
0 1132 0 0 6992592 82774 7915664 100500
0 1132 0 0 6999605 82853 7923575 100600
0 1135 0 0 7006650 82941 7931601 100700
0 1136 0 0 7013639 83019 7939598 100800
0 1138 0 0 7020631 83108 7947627 100900
0 1139 0 0 7027642 83202 7955625 101000
0 1142 0 0 7034553 83279 7963583 101100
0 1142 0 0 7041585 83357 7971720 101200
0 1142 0 0 7048543 83434 7979702 101300
0 1145 0 0 7055532 83496 7987652 101400
0 1148 0 0 7062522 83552 7995628 101500
0 1149 0 0 7069481 83614 8003567 101600
0 1150 0 0 7076485 83679 8011587 101700
0 1150 0 0 7083400 83739 8019415 101800
0 1151 0 0 7090327 83815 8027214 101900
0 1153 0 0 7097206 83877 8034924 102000
0 1154 0 0 7104229 83959 8042793 102100
0 1154 0 0 7111168 84017 8050596 102200
0 1154 0 0 7118106 84070 8058430 102300
0 1156 0 0 7125033 84129 8066151 102400
0 1156 0 0 7131886 84175 8073877 102500
0 1158 0 0 7138858 84214 8081706 102600
0 1158 0 0 7145678 84241 8089375 102700
0 1159 0 0 7152695 84292 8097386 102800
0 1161 0 0 7159713 84334 8105316 102900
0 1161 0 0 7166696 84384 8113171 103000
0 1162 0 0 7173617 84434 8121012 103100
0 1166 0 0 7180515 84475 8128870 103200
0 1168 0 0 7187551 84555 8136796 103300
0 1171 0 0 7194495 84596 8144610 103400
0 1173 0 0 7201459 84659 8152450 103500
0 1176 0 0 7208419 84707 8160188 103600
0 1177 0 0 7215312 84753 8167943 103700
0 1180 0 0 7222229 84803 8175700 103800
0 1181 0 0 7229323 84862 8183686 103900
0 1183 0 0 7236275 84910 8191659 104000
0 1185 0 0 7243464 84960 8199825 104100
0 1186 0 0 7250543 85024 8207969 104200
0 1188 0 0 7257595 85080 8216024 104300
0 1188 0 0 7264653 85142 8224101 104400
0 1189 0 0 7271683 85213 8232110 104500
0 1193 0 0 7278733 85310 8240290 104600
0 1193 0 0 7285777 85392 8248379 104700
0 1193 0 0 7292802 85463 8256460 104800
0 1194 0 0 7299720 85543 8264380 104900
0 1196 0 0 7306687 85622 8272287 105000
0 1197 0 0 7313677 85688 8280244 105100
0 1197 0 0 7320737 85767 8288321 105200
0 1198 0 0 7327804 85842 8296372 105300
0 1199 0 0 7334739 85911 8304377 105400
0 1199 0 0 7341665 85982 8312375 105500
0 1200 0 0 7348645 86045 8320330 105600
0 1200 0 0 7355709 86113 8328325 105700
0 1201 0 0 7362629 86161 8336138 105800
0 1201 0 0 7369519 86222 8343961 105900
0 1201 0 0 7376537 86272 8351863 106000
0 1202 0 0 7383484 86348 8359740 106100
0 1203 0 0 7390518 86407 8367694 106200
0 1203 0 0 7397494 86452 8375532 106300
0 1203 0 0 7404467 86507 8383467 106400
0 1204 0 0 7411543 86562 8391457 106500
0 1204 0 0 7418472 86617 8399430 106600
0 1205 0 0 7425464 86667 8407352 106700
0 1205 0 0 7432404 86709 8415221 106800
0 1205 0 0 7439423 86766 8423154 106900
0 1207 0 0 7446330 86819 8430894 107000
0 1209 0 0 7453299 86871 8438764 107100
0 1209 0 0 7460251 86927 8446604 107200
0 1209 0 0 7467211 86987 8454448 107300
0 1210 0 0 7474240 87045 8462392 107400
0 1211 0 0 7481212 87100 8470235 107500
0 1211 0 0 7488136 87165 8478023 107600
0 1213 0 0 7495113 87220 8485903 107700
0 1215 0 0 7502125 87283 8493802 107800
0 1215 0 0 7509106 87341 8501660 107900
0 1215 0 0 7516029 87413 8509433 108000
0 1215 0 0 7522998 87478 8517292 108100
0 1215 0 0 7529914 87522 8525052 108200
0 1215 0 0 7536761 87577 8532748 108300
0 1215 0 0 7543822 87621 8540644 108400
0 1215 0 0 7550744 87688 8548517 108500
0 1215 0 0 7557597 87761 8556238 108600
0 1215 0 0 7564606 87832 8564152 108700
0 1215 0 0 7571600 87894 8572073 108800
0 1215 0 0 7578508 87964 8579968 108900
0 1215 0 0 7585446 88020 8587825 109000
0 1215 0 0 7592444 88087 8595795 109100
0 1215 0 0 7599458 88155 8603631 109200
0 1216 0 0 7606380 88225 8611442 109300
0 1216 0 0 7613360 88312 8619318 109400
0 1217 0 0 7620267 88364 8627123 109500
0 1217 0 0 7627316 88419 8635025 109600
0 1217 0 0 7634217 88486 8642806 109700
0 1217 0 0 7641159 88557 8650621 109800
0 1217 0 0 7648054 88621 8658381 109900
0 1218 0 0 7655072 88705 8666242 110000
0 1218 0 0 7662060 88778 8674022 110100
0 1218 0 0 7669059 88858 8681869 110200
0 1218 0 0 7675967 88928 8689628 110300
0 1218 0 0 7683023 88997 8697625 110400
0 1218 0 0 7690105 89070 8705609 110500
0 1219 0 0 7697092 89131 8713502 110600
0 1219 0 0 7704115 89204 8721444 110700
0 1219 0 0 7711097 89267 8729347 110800
0 1221 0 0 7718175 89337 8737381 110900
0 1222 0 0 7725272 89404 8745407 111000
0 1222 0 0 7732222 89476 8753339 111100
0 1222 0 0 7739228 89553 8761267 111200
0 1222 0 0 7746274 89619 8769268 111300
0 1222 0 0 7753155 89659 8776999 111400
0 1222 0 0 7760342 89731 8785054 111500
0 1222 0 0 7767214 89784 8792681 111600
0 1222 0 0 7774207 89834 8800426 111700
0 1222 0 0 7781135 89867 8808067 111800
0 1223 0 0 7788063 89903 8815692 111900
0 1223 0 0 7795050 89935 8823458 112000
0 1224 0 0 7802038 89966 8831216 112100
0 1224 0 0 7809100 90014 8838989 112200
0 1225 0 0 7816029 90048 8846629 112300
0 1226 0 0 7823012 90080 8854321 112400
0 1228 0 0 7829919 90125 8862002 112500
0 1229 0 0 7836954 90186 8869833 112600
0 1229 0 0 7843905 90257 8877631 112700
0 1230 0 0 7850886 90312 8885484 112800
0 1231 0 0 7857801 90362 8893272 112900
0 1231 0 0 7864846 90417 8901080 113000
0 1232 0 0 7871796 90487 8908803 113100
0 1232 0 0 7878778 90555 8916553 113200
0 1232 0 0 7885771 90608 8924241 113300
0 1233 0 0 7892695 90668 8931871 113400
0 1233 0 0 7899703 90742 8939760 113500
0 1234 0 0 7906703 90808 8947661 113600
0 1234 0 0 7913696 90856 8955414 113700
0 1234 0 0 7920744 90923 8963230 113800
0 1236 0 0 7927709 90981 8971059 113900
0 1236 0 0 7934731 91041 8978860 114000
0 1236 0 0 7941643 91097 8986547 114100
0 1237 0 0 7948638 91144 8994290 114200
0 1238 0 0 7955621 91186 9002037 114300
0 1239 0 0 7962581 91243 9009758 114400
0 1241 0 0 7969437 91286 9017459 114500
0 1241 0 0 7976444 91319 9025158 114600
0 1244 0 0 7983407 91374 9033015 114700
0 1244 0 0 7990428 91425 9040898 114800
0 1244 0 0 7997481 91466 9048836 114900
0 1246 0 0 8004393 91511 9056614 115000
0 1247 0 0 8011483 91553 9064458 115100
0 1249 0 0 8018296 91604 9072032 115200
0 1249 0 0 8025160 91652 9079628 115300
0 1250 0 0 8032090 91707 9087266 115400
0 1251 0 0 8039045 91761 9094965 115500
0 1254 0 0 8045963 91820 9102646 115600
0 1254 0 0 8052980 91894 9110417 115700
0 1254 0 0 8059932 91946 9118208 115800
0 1256 0 0 8066953 92005 9126186 115900
0 1257 0 0 8073837 92056 9133987 116000
0 1259 0 0 8080950 92123 9142158 116100
0 1263 0 0 8088132 92191 9150378 116200
0 1264 0 0 8095135 92267 9158374 116300
0 1266 0 0 8102150 92334 9166346 116400
0 1267 0 0 8109165 92395 9174279 116500
0 1267 0 0 8116209 92441 9182226 116600
0 1270 0 0 8123192 92494 9190149 116700
0 1270 0 0 8130027 92547 9197852 116800
0 1273 0 0 8137049 92607 9205666 116900
0 1273 0 0 8144028 92689 9213491 117000
0 1273 0 0 8151011 92746 9221333 117100
0 1273 0 0 8157996 92822 9229263 117200
0 1273 0 0 8165040 92900 9237155 117300
0 1273 0 0 8172141 92974 9245119 117400
0 1274 0 0 8179081 93050 9252939 117500
0 1274 0 0 8186195 93132 9260949 117600
0 1275 0 0 8193199 93198 9268810 117700
0 1275 0 0 8200231 93258 9276742 117800
0 1277 0 0 8207162 93326 9284626 117900
0 1277 0 0 8214199 93389 9292522 118000
0 1278 0 0 8221162 93452 9300429 118100
0 1278 0 0 8228095 93512 9308276 118200
0 1279 0 0 8235138 93578 9316242 118300
0 1279 0 0 8242185 93647 9324243 118400
0 1281 0 0 8249143 93704 9332014 118500
0 1282 0 0 8256196 93759 9339879 118600
0 1282 0 0 8263112 93810 9347651 118700
0 1283 0 0 8270162 93868 9355806 118800
0 1284 0 0 8277140 93925 9363838 118900
0 1285 0 0 8284158 93994 9371852 119000
0 1285 0 0 8291260 94060 9379818 119100
0 1287 0 0 8298170 94115 9387691 119200
0 1287 0 0 8305151 94169 9395518 119300
0 1288 0 0 8312173 94230 9403465 119400
0 1290 0 0 8319115 94292 9411280 119500
0 1290 0 0 8326117 94352 9419054 119600
0 1290 0 0 8333134 94399 9426884 119700
0 1292 0 0 8340126 94446 9434575 119800
0 1292 0 0 8347045 94491 9442309 119900
