0 0 0 0 0 0 0 0
0 3 3 0 1974 0 2010 100
0 9 9 0 4565 1 4678 200
0 11 11 0 5674 4 5822 300
0 12 12 0 7064 5 7251 400
0 13 13 0 8685 6 8893 500
0 15 15 0 10624 8 10851 600
0 15 15 0 12708 10 12966 700
0 17 17 0 15018 16 15331 800
0 18 18 0 17464 27 17848 900
0 18 18 0 20109 38 20587 1000
0 19 19 0 23049 54 23696 1100
0 19 19 0 26107 73 26943 1200
0 19 19 0 29229 93 30244 1300
0 19 19 0 32465 129 33760 1400
0 19 19 0 35724 161 37404 1500
0 19 19 0 39158 205 41275 1600
0 19 19 0 42678 259 45307 1700
0 19 19 0 46353 362 49629 1800
0 19 19 0 50109 485 54081 1900
0 19 19 0 53853 653 58629 2000
0 19 19 0 57719 807 63274 2100
0 19 19 0 61530 987 67972 2200
0 19 19 0 65442 1236 72905 2300
0 19 19 0 69426 1522 77966 2400
0 19 19 0 73370 1853 83125 2500
0 19 19 0 77375 2167 88568 2600
0 19 19 0 81368 2531 93980 2700
0 19 19 0 85383 2953 99453 2800
0 19 19 0 89503 3361 105243 2900
0 20 20 0 93639 3781 111156 3000
0 20 20 0 97872 4292 117304 3100
0 21 21 0 102100 4890 123610 3200
0 21 21 0 106310 5455 129949 3300
0 23 23 0 110631 6015 136366 3400
0 23 23 0 114938 6597 142737 3500
0 23 23 0 119295 7247 149190 3600
0 23 23 0 123467 7871 155428 3700
0 23 23 0 127764 8433 161719 3800
0 23 23 0 131989 9053 168129 3900
0 23 23 0 136312 9684 174782 4000
0 23 23 0 140705 10303 181512 4100
0 23 23 0 145118 10924 188571 4200
0 23 23 0 149589 11466 195713 4300
0 23 23 0 154139 12045 202969 4400
0 23 23 0 158741 12598 210327 4500
0 24 24 0 163269 13159 217530 4600
0 24 24 0 167795 13708 224825 4700
0 24 24 0 172365 14213 231865 4800
0 24 24 0 176984 14772 238997 4900
0 24 24 0 181412 15296 245719 5000
0 24 24 0 185870 15767 252301 5100
0 24 24 0 190269 16271 258821 5200
0 24 24 0 194684 16756 265323 5300
0 24 24 0 199002 17200 271681 5400
0 25 25 0 203374 17600 278098 5500
0 25 25 0 207808 17992 284451 5600
0 25 25 0 212176 18420 290765 5700
0 25 25 0 216492 18849 296973 5800
0 25 25 0 220896 19194 303412 5900
0 25 25 0 225260 19642 310036 6000
0 25 25 0 229633 20151 316708 6100
1 26 26 0 234000 20604 323217 6200
1 26 26 0 238459 21044 329688 6300
1 26 26 0 242763 21552 336202 6400
1 26 26 0 247207 22056 342700 6500
1 26 26 0 251449 22595 349101 6600
1 26 26 0 255844 23190 355700 6700
1 26 26 0 260297 23774 362527 6800
1 26 26 0 264662 24331 369174 6900
1 26 26 0 268928 24885 375673 7000
2 27 27 0 273324 25415 382300 7100
2 27 27 0 277698 26079 389099 7200
2 27 27 0 282070 26655 395841 7300
2 27 27 0 286524 27248 402733 7400
2 27 27 0 290894 27825 409465 7500
2 27 27 0 295290 28384 416166 7600
2 27 27 0 299641 29015 422862 7700
2 28 28 0 304004 29566 429442 7800
2 28 28 0 308254 30156 435923 7900
2 28 28 0 312635 30749 442531 8000
2 28 28 0 316961 31379 449087 8100
2 28 28 0 321241 32019 455452 8200
2 28 28 0 325520 32588 461799 8300
2 28 28 0 329819 33174 468120 8400
2 28 28 0 334164 33776 474647 8500
2 28 28 0 338481 34356 481189 8600
2 28 28 0 342808 34932 487736 8700
2 28 28 0 347206 35514 494238 8800
2 28 28 0 351601 36032 500774 8900
2 28 28 0 355950 36502 507234 9000
2 28 28 0 360352 36975 513779 9100
2 28 28 0 364700 37450 520308 9200
2 28 28 0 369119 38011 526784 9300
2 28 28 0 373454 38512 533303 9400
2 28 28 0 377871 38988 539720 9500
2 28 28 0 382208 39478 546080 9600
2 28 28 0 386572 39913 552452 9700
2 29 29 0 390916 40365 558841 9800
2 29 29 0 395304 40820 565222 9900
2 29 29 8942 399724 41346 571744 10000
2 29 29 9647 404133 41824 578944 10100
2 29 29 11206 408520 42278 586903 10200
2 29 29 11990 412948 42813 594290 10300
2 29 29 11990 417466 43332 600927 10400
2 29 29 11990 421796 43869 607416 10500
2 29 29 11990 426287 44355 613940 10600
2 29 29 11990 430640 44894 620341 10700
2 29 29 11990 435018 45382 626654 10800
3 31 31 11990 439416 45907 633105 10900
3 32 32 11990 443680 46450 639440 11000
3 33 33 11990 448039 47001 645954 11100
3 33 33 11990 452416 47518 652328 11200
3 33 33 11990 456833 48018 658799 11300
3 33 33 11990 461182 48558 665277 11400
3 33 33 11990 465692 49111 672052 11500
3 33 33 11990 470004 49660 678566 11600
3 33 33 11990 474468 50227 685190 11700
3 34 34 11990 478933 50771 691885 11800
3 34 34 11990 483280 51284 698378 11900
3 34 34 11990 487656 51783 704771 12000
3 34 34 11990 492075 52287 711340 12100
3 34 34 11990 496378 52813 717784 12200
3 34 34 11990 500788 53319 724574 12300
3 34 34 11990 505282 53748 731268 12400
3 34 34 11990 509694 54213 737868 12500
4 35 35 11990 514105 54661 744328 12600
4 35 35 11990 518510 55150 750775 12700
4 35 35 11990 522900 55565 757062 12800
5 35 35 11990 527207 55958 763200 12900
5 36 36 11990 531584 56371 769409 13000
5 36 36 11990 535764 56772 775289 13100
5 36 36 11990 540126 57205 781325 13200
5 36 36 11990 544345 57637 787257 13300
5 37 37 11990 548596 58033 793185 13400
5 37 37 11990 552858 58449 799093 13500
5 38 38 11990 557172 58815 805006 13600
5 38 38 11990 561439 59263 810970 13700
5 38 38 11990 565650 59731 816856 13800
5 38 38 11990 569935 60131 822753 13900
5 40 40 11990 574308 60597 828794 14000
6 40 40 11990 578537 61083 834715 14100
6 40 40 11990 582723 61630 840704 14200
6 40 40 11990 587090 62142 846951 14300
6 40 40 11990 591227 62611 852859 14400
6 40 40 11990 595540 63143 859199 14500
6 40 40 11990 599935 63684 865732 14600
6 41 41 11990 604259 64229 872357 14700
7 41 41 11990 608689 64776 879180 14800
7 43 43 11990 613114 65290 886040 14900
7 43 43 11990 617682 65812 893117 15000
7 43 43 11990 622177 66312 899972 15100
7 43 43 11990 626638 66830 906814 15200
7 43 43 11990 631005 67358 913479 15300
7 43 43 11990 635582 67922 920343 15400
7 43 43 11990 640021 68461 927001 15500
7 43 43 11990 644468 68982 933650 15600
7 43 43 11990 648986 69531 940509 15700
7 43 43 11990 653375 70098 947391 15800
7 43 43 11990 657861 70609 954404 15900
7 43 43 11990 662407 71234 961661 16000
7 43 43 11990 667001 71842 968902 16100
7 43 43 11990 671500 72420 975948 16200
7 43 43 11990 675996 73013 983018 16300
8 44 44 11990 680473 73594 990197 16400
8 44 44 11990 684915 74179 997327 16500
8 44 44 11990 689345 74768 1004458 16600
9 44 44 11990 693974 75333 1011770 16700
9 45 45 11990 698589 75890 1018904 16800
9 45 45 11990 703106 76422 1025779 16900
9 45 45 11990 707556 76966 1032587 17000
9 46 46 11990 712068 77551 1039573 17100
9 46 46 11990 716560 78100 1046499 17200
9 46 46 11990 721097 78661 1053499 17300
9 46 46 11990 725633 79155 1060338 17400
9 46 46 11990 730030 79633 1066910 17500
9 46 46 11990 734553 80075 1073520 17600
9 46 46 11990 739017 80561 1080072 17700
9 46 46 11990 743451 81016 1086493 17800
9 46 46 11990 747863 81459 1092983 17900
9 46 46 11990 752233 81872 1099401 18000
9 46 46 11990 756555 82294 1105678 18100
10 47 47 11990 760959 82673 1111980 18200
10 47 47 11990 765273 83032 1118133 18300
10 47 47 11990 769601 83395 1124369 18400
10 47 47 11990 774041 83790 1130772 18500
10 47 47 11990 778462 84211 1137164 18600
10 47 47 11990 782914 84603 1143441 18700
10 47 47 11990 787193 84990 1149494 18800
10 47 47 11990 791452 85345 1155401 18900
10 47 47 11990 795858 85724 1161468 19000
10 48 48 11990 800129 86210 1167489 19100
10 48 48 11990 804402 86622 1173367 19200
10 48 48 11990 808780 87085 1179478 19300
10 48 48 11990 813003 87510 1185377 19400
10 48 48 11990 817321 88008 1191477 19500
10 48 48 11990 821651 88556 1197562 19600
10 48 48 11990 825928 89014 1203647 19700
10 48 48 11990 830231 89454 1209712 19800
10 49 49 11990 834569 89906 1216043 19900
10 49 49 20971 838938 90376 1222425 20000
11 50 50 21764 843129 90887 1229401 20100
11 50 50 23377 847490 91324 1237334 20200
11 50 50 24161 851817 91767 1244312 20300
12 52 52 24161 856067 92234 1250408 20400
12 52 52 24161 860384 92694 1256407 20500
12 52 52 24161 864685 93132 1262347 20600
12 52 52 24161 868963 93545 1268317 20700
12 52 52 24161 873288 93962 1274286 20800
12 52 52 24161 877685 94345 1280176 20900
12 53 53 24161 881974 94742 1286103 21000
12 53 53 24161 886294 95139 1292067 21100
12 54 54 24161 890476 95488 1297838 21200
12 54 54 24161 894729 95892 1303729 21300
12 54 54 24161 898998 96294 1309680 21400
12 54 54 24161 903350 96643 1315589 21500
13 55 55 24161 907669 96952 1321449 21600
13 55 55 24161 911917 97321 1327379 21700
13 55 55 24161 916199 97738 1333377 21800
13 55 55 24161 920503 98151 1339442 21900
13 55 55 24161 924825 98545 1345518 22000
13 55 55 24161 929261 98941 1351741 22100
13 55 55 24161 933589 99333 1357957 22200
13 55 55 24161 937879 99766 1364069 22300
13 55 55 24161 942370 100238 1370344 22400
13 55 55 24161 946620 100657 1376230 22500
13 55 55 24161 950948 101097 1382276 22600
13 56 56 24161 955282 101534 1388252 22700
13 56 56 24161 959548 101961 1394196 22800
13 56 56 24161 963892 102358 1400147 22900
13 56 56 24161 968125 102795 1406123 23000
13 56 56 24161 972418 103236 1412039 23100
13 56 56 24161 976667 103702 1418022 23200
13 56 56 24161 981061 104173 1424196 23300
13 56 56 24161 985413 104678 1430371 23400
13 56 56 24161 989694 105096 1436444 23500
13 56 56 24161 994058 105533 1442454 23600
13 56 56 24161 998403 105973 1448758 23700
13 56 56 24161 1002764 106431 1454967 23800
13 56 56 24161 1007153 106905 1461184 23900
13 56 56 24161 1011497 107358 1467421 24000
13 56 56 24161 1015892 107843 1473637 24100
13 56 56 24161 1020095 108336 1479599 24200
13 56 56 24161 1024436 108835 1485570 24300
14 57 57 24161 1028656 109368 1491523 24400
14 57 57 24161 1033019 109873 1497644 24500
14 58 58 24161 1037235 110413 1503542 24600
14 58 58 24161 1041497 110971 1509497 24700
14 58 58 24161 1045854 111605 1515536 24800
14 59 59 24161 1050112 112150 1521562 24900
14 60 60 24161 1054361 112708 1527627 25000
15 61 61 24161 1058690 113238 1533919 25100
15 61 61 24161 1063023 113861 1540325 25200
15 62 62 24161 1067433 114448 1546781 25300
15 62 62 24161 1071756 115072 1553292 25400
15 62 62 24161 1076293 115691 1560200 25500
15 63 63 24161 1080699 116365 1566973 25600
15 63 63 24161 1085106 117041 1573741 25700
15 64 64 24161 1089443 117676 1580386 25800
15 64 64 24161 1093842 118363 1587080 25900
15 65 65 24161 1098240 118970 1593786 26000
15 65 65 24161 1102603 119617 1600569 26100
15 65 65 24161 1107054 120205 1607300 26200
15 65 65 24161 1111453 120870 1614039 26300
15 66 66 24161 1115826 121495 1620630 26400
15 66 66 24161 1120213 122079 1627163 26500
15 67 67 24161 1124593 122646 1633732 26600
15 67 67 24161 1129148 123243 1640431 26700
15 67 67 24161 1133500 123805 1646945 26800
15 67 67 24161 1137948 124327 1653626 26900
15 67 67 24161 1142400 124847 1660480 27000
15 67 67 24161 1146923 125409 1667541 27100
15 67 67 24161 1151425 125951 1674549 27200
15 67 67 24161 1156029 126480 1681411 27300
15 67 67 24161 1160394 126997 1687858 27400
15 67 67 24161 1164851 127433 1694276 27500
15 67 67 24161 1169170 127888 1700545 27600
15 67 67 24161 1173483 128324 1706795 27700
15 67 67 24161 1177861 128780 1713282 27800
16 68 68 24161 1182269 129263 1719872 27900
17 69 69 24161 1186856 129726 1726585 28000
17 69 69 24161 1191313 130217 1733150 28100
17 70 70 24161 1195665 130718 1739765 28200
17 70 70 24161 1200049 131175 1746145 28300
17 70 70 24161 1204426 131660 1752647 28400
17 70 70 24161 1208749 132030 1758758 28500
17 71 71 24161 1213063 132463 1764720 28600
17 71 71 24161 1217469 132919 1770741 28700
18 72 72 24161 1221732 133342 1776546 28800
18 72 72 24161 1225952 133742 1782288 28900
18 72 72 24161 1230227 134114 1788203 29000
18 73 73 24161 1234443 134523 1794080 29100
18 73 73 24161 1238898 134916 1800100 29200
19 73 73 24161 1243147 135345 1805930 29300
19 74 74 24161 1247453 135757 1811892 29400
20 75 75 24161 1251705 136179 1817944 29500
20 75 75 24161 1256064 136662 1824117 29600
20 75 75 24161 1260367 137123 1830307 29700
20 75 75 24161 1264742 137507 1836319 29800
20 76 76 24161 1269103 137899 1842519 29900
20 76 76 33155 1273426 138300 1848758 30000
20 76 76 34022 1277919 138713 1856203 30100
20 76 76 35805 1282425 139072 1864525 30200
20 76 76 36713 1286872 139466 1871831 30300
20 77 77 36713 1291253 139788 1878063 30400
20 78 78 36713 1295598 140090 1884281 30500
21 78 78 36713 1299990 140422 1890494 30600
21 78 78 36713 1304352 140800 1896657 30700
21 79 79 36713 1308809 141164 1902986 30800
21 79 79 36713 1313066 141531 1908984 30900
21 80 80 36713 1317557 141931 1915342 31000
21 80 80 36713 1321825 142296 1921298 31100
21 80 80 36713 1326207 142654 1927372 31200
21 80 80 36713 1330616 143023 1933534 31300
22 81 81 36713 1334925 143388 1939454 31400
22 81 81 36713 1339282 143762 1945381 31500
22 81 81 36713 1343546 144122 1951385 31600
22 81 81 36713 1347880 144469 1957410 31700
22 81 81 36713 1352139 144837 1963437 31800
22 81 81 36713 1356566 145153 1969568 31900
22 81 81 36713 1360840 145472 1975528 32000
22 81 81 36713 1365135 145781 1981449 32100
22 81 81 36713 1369419 146133 1987395 32200
22 81 81 36713 1373711 146503 1993379 32300
22 81 81 36713 1378080 146885 1999489 32400
22 82 82 36713 1382392 147263 2005642 32500
23 83 83 36713 1386707 147642 2011794 32600
23 83 83 36713 1391056 148010 2018014 32700
23 84 84 36713 1395400 148350 2024255 32800
23 84 84 36713 1399761 148717 2030652 32900
23 84 84 36713 1404151 149099 2037155 33000
23 84 84 36713 1408577 149489 2043742 33100
23 84 84 36713 1412975 149888 2050395 33200
23 84 84 36713 1417388 150322 2056971 33300
23 84 84 36713 1421946 150691 2063586 33400
23 84 84 36713 1426370 151095 2070057 33500
23 85 85 36713 1430776 151463 2076358 33600
24 85 85 36713 1435222 151868 2082752 33700
24 85 85 36713 1439571 152255 2088991 33800
24 85 85 36713 1443994 152611 2095081 33900
24 85 85 36713 1448266 152993 2101048 34000
25 86 86 36713 1452522 153382 2106914 34100
25 86 86 36713 1456970 153712 2112916 34200
25 86 86 36713 1461199 154061 2118610 34300
25 87 87 36713 1465493 154394 2124438 34400
25 87 87 36713 1469799 154771 2130282 34500
25 87 87 36713 1474120 155156 2136268 34600
25 88 88 36713 1478413 155561 2142311 34700
25 88 88 36713 1482851 155935 2148568 34800
25 88 88 36713 1487256 156382 2154949 34900
25 88 88 36713 1491649 156804 2161310 35000
25 88 88 36713 1496073 157291 2167745 35100
25 89 89 36713 1500444 157784 2174042 35200
25 89 89 36713 1504819 158234 2180302 35300
25 89 89 36713 1509134 158663 2186524 35400
25 89 89 36713 1513435 159102 2192597 35500
25 89 89 36713 1517729 159568 2198606 35600
25 89 89 36713 1522059 160020 2204786 35700
25 89 89 36713 1526355 160538 2211092 35800
25 89 89 36713 1530697 161020 2217390 35900
25 89 89 36713 1535169 161511 2223988 36000
26 90 90 36713 1539536 162047 2230500 36100
26 90 90 36713 1543896 162541 2237063 36200
26 90 90 36713 1548392 162991 2243524 36300
27 91 91 36713 1552725 163459 2249810 36400
27 91 91 36713 1557088 163923 2256031 36500
27 91 91 36713 1561434 164398 2262276 36600
27 91 91 36713 1565739 164844 2268383 36700
28 92 92 36713 1570050 165336 2274461 36800
28 92 92 36713 1574306 165791 2280439 36900
28 92 92 36713 1578594 166193 2286445 37000
28 92 92 36713 1582926 166605 2292422 37100
28 92 92 36713 1587155 167043 2298328 37200
28 92 92 36713 1591445 167429 2304121 37300
28 92 92 36713 1595756 167910 2309993 37400
28 92 92 36713 1600050 168381 2315889 37500
28 92 92 36713 1604343 168792 2321703 37600
28 92 92 36713 1608610 169196 2327530 37700
28 92 92 36713 1613015 169620 2333612 37800
28 92 92 36713 1617310 170031 2339560 37900
28 92 92 36713 1621613 170438 2345662 38000
28 92 92 36713 1625984 170875 2351829 38100
28 92 92 36713 1630367 171286 2357988 38200
28 92 92 36713 1634767 171627 2364136 38300
28 92 92 36713 1639126 172007 2370120 38400
28 93 93 36713 1643470 172359 2376225 38500
28 93 93 36713 1647810 172739 2382308 38600
28 93 93 36713 1652147 173151 2388472 38700
28 93 93 36713 1656519 173519 2394613 38800
28 93 93 36713 1660812 173881 2400846 38900
30 94 94 36713 1665245 174229 2407183 39000
30 95 95 36713 1669692 174573 2413581 39100
30 96 96 36713 1674135 174944 2419945 39200
30 96 96 36713 1678431 175396 2426126 39300
30 96 96 36713 1682748 175775 2432146 39400
31 97 97 36713 1687215 176175 2438472 39500
31 97 97 36713 1691528 176619 2444617 39600
31 97 97 36713 1695881 177013 2450869 39700
31 98 98 36713 1700269 177424 2457161 39800
31 98 98 36713 1704601 177902 2463358 39900
31 98 98 45709 1709054 178332 2469704 40000
31 98 98 46745 1713388 178751 2476948 40100
32 98 98 48869 1717668 179158 2485161 40200
32 99 99 49921 1722054 179574 2492385 40300
32 99 99 49921 1726452 180024 2498717 40400
32 99 99 49921 1730893 180430 2504996 40500
32 99 99 49921 1735314 180849 2511288 40600
32 99 99 49921 1739700 181302 2517499 40700
32 99 99 49921 1743947 181756 2523453 40800
32 99 99 49921 1748269 182219 2529322 40900
32 99 99 49921 1752449 182692 2535040 41000
32 99 99 49921 1756727 183140 2540832 41100
32 99 99 49921 1760899 183601 2546513 41200
32 99 99 49921 1765147 184102 2552404 41300
32 99 99 49921 1769421 184602 2558367 41400
32 101 101 49921 1773768 185110 2564594 41500
32 101 101 49921 1777938 185567 2570589 41600
32 101 101 49921 1782341 186069 2577035 41700
32 101 101 49921 1786683 186567 2583442 41800
32 101 101 49921 1790995 187138 2589929 41900
32 101 101 49921 1795396 187639 2596467 42000
32 101 101 49921 1799773 188139 2603025 42100
32 101 101 49921 1804082 188640 2609647 42200
32 101 101 49921 1808504 189162 2616423 42300
32 101 101 49921 1812870 189648 2622980 42400
32 101 101 49921 1817216 190091 2629306 42500
32 102 102 49921 1821601 190520 2635533 42600
32 102 102 49921 1825807 190980 2641660 42700
32 102 102 49921 1830141 191451 2647815 42800
32 103 103 49921 1834380 191933 2653910 42900
32 103 103 49921 1838741 192375 2660093 43000
33 104 104 49921 1843065 192776 2666148 43100
33 105 105 49921 1847281 193156 2672158 43200
33 107 107 49921 1851589 193541 2678167 43300
33 107 107 49921 1855855 193889 2684123 43400
33 107 107 49921 1860171 194254 2690227 43500
33 107 107 49921 1864554 194632 2696358 43600
33 108 108 49921 1868899 194958 2702583 43700
34 108 108 49921 1873257 195263 2708615 43800
34 108 108 49921 1877549 195566 2714563 43900
34 109 109 49921 1881849 195899 2720437 44000
35 110 110 49921 1886032 196249 2726171 44100
36 111 111 49921 1890329 196573 2732064 44200
37 112 112 49921 1894583 196914 2737862 44300
37 112 112 49921 1898798 197252 2743629 44400
37 112 112 49921 1903042 197588 2749603 44500
37 112 112 49921 1907237 197940 2755479 44600
37 112 112 49921 1911529 198324 2761591 44700
37 112 112 49921 1915864 198722 2767634 44800
37 112 112 49921 1920100 199120 2773614 44900
37 113 113 49921 1924390 199493 2779610 45000
37 113 113 49921 1928691 199888 2785555 45100
37 113 113 49921 1932959 200296 2791453 45200
37 113 113 49921 1937232 200690 2797283 45300
37 113 113 49921 1941477 201078 2803031 45400
37 113 113 49921 1945708 201479 2808694 45500
37 113 113 49921 1949937 201877 2814332 45600
37 113 113 49921 1954082 202262 2819959 45700
37 113 113 49921 1958318 202643 2825691 45800
37 113 113 49921 1962423 203063 2831294 45900
37 113 113 49921 1966617 203441 2836989 46000
38 114 114 49921 1970815 203830 2842735 46100
38 114 114 49921 1975013 204197 2848355 46200
38 114 114 49921 1979204 204563 2853987 46300
38 114 114 49921 1983388 204983 2859648 46400
38 114 114 49921 1987631 205342 2865316 46500
38 114 114 49921 1991883 205707 2871068 46600
38 114 114 49921 1996152 206110 2876897 46700
38 115 115 49921 2000435 206552 2882789 46800
39 115 115 49921 2004762 206939 2888611 46900
39 115 115 49921 2008986 207357 2894430 47000
39 115 115 49921 2013260 207799 2900363 47100
39 116 116 49921 2017571 208264 2906497 47200
39 116 116 49921 2021870 208750 2912594 47300
39 117 117 49921 2026124 209206 2918714 47400
40 117 117 49921 2030439 209665 2924864 47500
40 117 117 49921 2034684 210143 2930944 47600
40 117 117 49921 2038877 210562 2936858 47700
40 117 117 49921 2043205 211037 2943020 47800
40 117 117 49921 2047400 211437 2948854 47900
40 117 117 49921 2051626 211857 2954756 48000
40 117 117 49921 2055806 212249 2960570 48100
40 117 117 49921 2060059 212665 2966632 48200
40 117 117 49921 2064380 213068 2972661 48300
41 118 118 49921 2068598 213480 2978503 48400
41 118 118 49921 2072822 213851 2984243 48500
41 118 118 49921 2077029 214239 2990118 48600
41 118 118 49921 2081284 214659 2996133 48700
41 119 119 49921 2085583 215098 3002220 48800
41 119 119 49921 2089778 215630 3008335 48900
41 119 119 49921 2094025 216155 3014600 49000
41 119 119 49921 2098292 216699 3020752 49100
41 119 119 49921 2102592 217189 3027000 49200
41 119 119 49921 2106916 217706 3033234 49300
41 119 119 49921 2111189 218278 3039509 49400
41 119 119 49921 2115567 218809 3045803 49500
41 119 119 49921 2119877 219301 3051867 49600
41 119 119 49921 2124137 219830 3058085 49700
41 121 121 49921 2128455 220366 3064258 49800
41 121 121 49921 2132856 220908 3070589 49900
41 121 121 58921 2137183 221376 3076760 50000
41 121 121 60096 2141428 221878 3084143 50100
41 121 121 62520 2145811 222418 3092933 50200
41 121 121 63707 2150093 222902 3100356 50300
41 121 121 63707 2154314 223410 3106381 50400
41 121 121 63707 2158555 223884 3112473 50500
41 121 121 63707 2162812 224324 3118520 50600
41 121 121 63707 2167145 224849 3124820 50700
41 121 121 63707 2171445 225354 3131116 50800
41 122 122 63707 2175602 225852 3137323 50900
42 122 122 63707 2179931 226346 3143725 51000
42 122 122 63707 2184144 226811 3149765 51100
42 122 122 63707 2188383 227271 3155858 51200
42 122 122 63707 2192694 227761 3161991 51300
42 122 122 63707 2196953 228289 3168164 51400
42 122 122 63707 2201157 228807 3174373 51500
43 124 124 63707 2205346 229343 3180602 51600
43 124 124 63707 2209678 229860 3186872 51700
43 124 124 63707 2213979 230424 3193291 51800
43 124 124 63707 2218260 231029 3199653 51900
43 124 124 63707 2222573 231649 3206111 52000
43 124 124 63707 2226918 232299 3212562 52100
43 124 124 63707 2231237 232910 3219050 52200
43 124 124 63707 2235543 233596 3225465 52300
43 124 124 63707 2239847 234280 3231866 52400
43 124 124 63707 2244184 234990 3238285 52500
43 124 124 63707 2248359 235719 3244605 52600
43 124 124 63707 2252689 236523 3251208 52700
44 125 125 63707 2257003 237257 3257829 52800
44 125 125 63707 2261327 238002 3264534 52900
44 125 125 63707 2265702 238666 3271253 53000
44 125 125 63707 2270120 239345 3278077 53100
44 125 125 63707 2274417 239963 3284562 53200
44 125 125 63707 2278751 240661 3291190 53300
44 125 125 63707 2283085 241292 3297510 53400
45 125 125 63707 2287401 241904 3303773 53500
45 126 126 63707 2291617 242440 3309836 53600
45 126 126 63707 2295894 243012 3316096 53700
45 126 126 63707 2300282 243596 3322485 53800
46 127 127 63707 2304574 244130 3328703 53900
46 127 127 63707 2309037 244666 3335279 54000
46 127 127 63707 2313345 245196 3341620 54100
47 128 128 63707 2317769 245745 3348026 54200
47 128 128 63707 2322056 246274 3354430 54300
47 128 128 63707 2326489 246766 3360894 54400
47 129 129 63707 2330839 247259 3367101 54500
47 129 129 63707 2335218 247727 3373431 54600
48 130 130 63707 2339550 248180 3379754 54700
48 130 130 63707 2343815 248600 3385917 54800
48 130 130 63707 2348176 249055 3392187 54900
49 131 131 63707 2352420 249481 3398133 55000
49 131 131 63707 2356689 249902 3404028 55100
49 131 131 63707 2360910 250278 3409899 55200
49 131 131 63707 2365140 250685 3415856 55300
49 131 131 63707 2369473 251074 3421992 55400
49 131 131 63707 2373836 251428 3428154 55500
49 131 131 63707 2378156 251813 3434270 55600
49 131 131 63707 2382609 252216 3440545 55700
49 131 131 63707 2386887 252608 3446417 55800
49 131 131 63707 2391157 252943 3452158 55900
49 131 131 63707 2395377 253313 3457835 56000
49 132 132 63707 2399605 253761 3463591 56100
50 133 133 63707 2403890 254156 3469454 56200
50 134 134 63707 2408152 254636 3475392 56300
50 134 134 63707 2412359 255084 3481195 56400
50 134 134 63707 2416563 255498 3486832 56500
50 134 134 63707 2420844 255947 3492601 56600
50 134 134 63707 2425097 256358 3498357 56700
50 134 134 63707 2429420 256773 3504157 56800
50 134 134 63707 2433603 257238 3510064 56900
50 134 134 63707 2437938 257688 3516174 57000
50 134 134 63707 2442291 258125 3522420 57100
50 135 135 63707 2446684 258594 3528982 57200
50 135 135 63707 2451133 259040 3535471 57300
50 135 135 63707 2455474 259467 3541733 57400
50 135 135 63707 2459832 259892 3547894 57500
50 135 135 63707 2464196 260330 3553917 57600
50 135 135 63707 2468610 260748 3560010 57700
50 135 135 63707 2472935 261119 3566023 57800
50 135 135 63707 2477232 261524 3571992 57900
50 135 135 63707 2481619 261861 3577982 58000
50 135 135 63707 2485945 262225 3584029 58100
50 136 136 63707 2490237 262566 3590107 58200
50 136 136 63707 2494536 262933 3596197 58300
50 136 136 63707 2498928 263275 3602236 58400
50 136 136 63707 2503255 263581 3608096 58500
50 136 136 63707 2507554 263836 3613896 58600
50 136 136 63707 2511824 264116 3619748 58700
50 136 136 63707 2516278 264449 3625835 58800
50 136 136 63707 2520651 264801 3631942 58900
51 137 137 63707 2524931 265131 3637829 59000
51 137 137 63707 2529339 265472 3643842 59100
51 137 137 63707 2533567 265825 3649602 59200
51 137 137 63707 2537933 266225 3655608 59300
51 137 137 63707 2542256 266598 3661409 59400
51 137 137 63707 2546619 266949 3667228 59500
51 137 137 63707 2550782 267337 3672999 59600
51 137 137 63707 2555072 267734 3678783 59700
51 138 138 63707 2559276 268122 3684461 59800
51 138 138 63707 2563540 268506 3690264 59900
