1 0 0 0 0 0
1 0 0 0 0 100
1 0 0 2 0 200
1 0 0 2 0 300
1 0 0 2 0 400
1 0 0 2 0 500
1 0 0 2 1 600
1 0 0 2 1 700
1 0 0 3 1 800
1 0 0 3 1 900
1 0 0 3 1 1000
1 0 0 3 1 1100
1 0 0 3 1 1200
1 0 0 4 1 1300
1 0 0 4 1 1400
1 0 0 4 1 1500
2 0 0 4 1 1600
3 0 0 4 1 1700
3 0 0 4 1 1800
5 0 0 4 1 1900
6 0 0 4 1 2000
6 0 0 4 1 2100
7 0 0 4 1 2200
7 0 0 4 1 2300
7 0 0 4 1 2400
9 0 0 4 1 2500
11 0 0 4 1 2600
12 0 0 4 1 2700
12 0 0 4 1 2800
12 0 1 4 1 2900
13 0 1 4 2 3000
16 0 2 4 2 3100
19 0 2 4 3 3200
22 0 2 4 3 3300
25 0 2 4 3 3400
25 0 2 5 3 3500
27 0 2 6 3 3600
28 0 2 6 3 3700
30 0 2 6 3 3800
31 0 2 6 3 3900
33 0 2 6 3 4000
34 0 2 6 3 4100
34 0 2 6 3 4200
35 0 2 6 3 4300
37 0 2 6 3 4400
38 0 2 6 3 4500
38 0 2 6 3 4600
38 0 2 6 3 4700
39 0 2 6 3 4800
40 0 2 6 3 4900
41 0 2 6 3 5000
41 0 2 6 3 5100
42 0 2 6 3 5200
43 0 2 6 3 5300
43 0 3 6 3 5400
44 0 3 6 3 5500
46 0 3 6 3 5600
47 0 3 6 3 5700
49 0 3 6 3 5800
49 0 3 6 3 5900
50 0 3 6 3 6000
51 0 3 6 3 6100
51 0 3 6 4 6200
53 0 3 6 4 6300
55 0 3 6 4 6400
58 0 3 6 4 6500
61 0 3 6 4 6600
64 0 3 6 4 6700
66 0 3 6 4 6800
68 0 3 6 4 6900
71 0 3 6 4 7000
73 0 3 6 5 7100
74 0 3 6 5 7200
74 0 3 6 5 7300
74 0 3 6 5 7400
75 0 3 6 5 7500
77 0 3 6 5 7600
78 0 3 6 5 7700
78 0 3 7 5 7800
79 0 3 7 5 7900
79 0 3 7 5 8000
80 0 3 7 5 8100
83 0 3 7 5 8200
83 0 3 7 5 8300
84 0 3 7 5 8400
86 0 3 7 5 8500
87 0 3 7 5 8600
87 0 3 7 5 8700
89 0 3 7 5 8800
92 0 3 7 5 8900
93 0 3 7 5 9000
93 0 3 7 5 9100
93 0 3 7 5 9200
93 0 3 7 5 9300
93 0 3 7 5 9400
95 0 3 7 5 9500
95 0 3 7 5 9600
95 0 4 7 5 9700
95 0 4 7 6 9800
95 0 4 7 6 9900
96 0 4 7 6 10000
96 0 4 7 6 10100
96 0 4 7 6 10200
96 0 4 7 6 10300
98 0 4 7 6 10400
98 0 4 7 6 10500
100 0 4 7 6 10600
101 0 5 7 6 10700
101 0 5 7 6 10800
101 0 5 7 7 10900
102 0 5 7 8 11000
102 0 5 7 8 11100
102 0 5 7 8 11200
102 0 5 7 8 11300
102 0 5 7 8 11400
104 0 5 7 8 11500
106 0 5 7 8 11600
106 0 5 7 8 11700
106 0 5 7 8 11800
106 0 5 7 8 11900
106 0 5 8 8 12000
106 0 5 8 8 12100
106 0 5 8 8 12200
107 0 5 8 8 12300
107 0 5 8 8 12400
107 0 5 8 8 12500
107 0 5 8 8 12600
109 0 5 9 8 12700
109 0 5 9 8 12800
109 0 5 9 8 12900
110 0 5 9 8 13000
110 0 5 10 8 13100
110 0 5 10 8 13200
112 0 5 10 8 13300
114 0 5 10 8 13400
114 0 5 11 8 13500
114 0 5 11 8 13600
115 0 5 11 8 13700
116 0 5 11 8 13800
116 0 5 11 8 13900
117 0 5 11 8 14000
119 1 5 12 8 14100
120 1 5 12 8 14200
121 1 5 12 8 14300
123 1 5 12 8 14400
125 1 5 12 8 14500
126 1 5 12 8 14600
126 1 6 12 9 14700
126 1 6 12 9 14800
127 1 6 12 11 14900
130 1 6 12 11 15000
131 1 6 12 11 15100
131 1 6 12 11 15200
131 1 6 12 11 15300
131 1 6 12 11 15400
132 1 6 12 11 15500
132 1 6 12 11 15600
132 1 6 12 11 15700
132 1 6 12 11 15800
132 1 6 12 11 15900
133 1 6 12 11 16000
135 1 6 12 11 16100
136 1 6 12 11 16200
136 1 6 12 11 16300
137 1 6 12 12 16400
140 1 6 12 12 16500
141 1 6 12 12 16600
143 1 6 12 12 16700
145 1 6 12 12 16800
145 1 6 13 12 16900
146 1 6 13 12 17000
148 1 6 13 12 17100
149 1 6 14 12 17200
149 1 6 14 12 17300
151 1 6 14 12 17400
152 1 6 14 12 17500
152 1 6 14 12 17600
152 1 6 14 12 17700
153 1 6 14 12 17800
155 1 6 14 12 17900
159 1 6 14 12 18000
161 1 6 14 12 18100
164 1 6 14 12 18200
167 1 6 14 12 18300
168 1 6 14 12 18400
168 1 6 14 12 18500
169 1 6 14 12 18600
169 1 6 14 12 18700
171 1 6 14 12 18800
171 1 7 14 12 18900
171 1 7 14 12 19000
172 1 7 14 12 19100
172 1 7 14 12 19200
173 1 7 14 12 19300
175 1 7 14 12 19400
175 1 7 14 12 19500
176 1 7 14 12 19600
177 1 7 14 12 19700
179 1 7 14 12 19800
180 1 7 14 12 19900
180 1 7 14 12 20000
180 1 7 14 13 20100
181 1 7 14 13 20200
181 1 7 14 13 20300
182 1 7 14 13 20400
184 1 7 16 13 20500
186 1 7 16 13 20600
188 1 7 16 13 20700
190 1 8 16 13 20800
190 1 8 16 13 20900
191 1 8 16 13 21000
191 1 9 16 13 21100
192 1 9 16 13 21200
194 1 9 17 13 21300
196 1 9 17 13 21400
197 1 9 17 13 21500
199 2 9 17 13 21600
199 2 9 18 13 21700
200 2 9 18 13 21800
200 2 9 18 13 21900
200 2 9 18 13 22000
200 2 9 18 13 22100
200 2 9 18 13 22200
200 2 9 18 13 22300
200 2 9 18 13 22400
200 2 9 18 13 22500
201 2 9 18 13 22600
201 2 9 18 13 22700
201 2 9 19 13 22800
201 2 9 19 13 22900
201 2 9 19 13 23000
202 2 9 19 13 23100
203 2 9 19 13 23200
203 2 9 19 13 23300
203 2 9 19 13 23400
204 2 9 19 13 23500
204 2 9 19 13 23600
204 2 9 19 13 23700
204 2 9 19 13 23800
205 2 9 19 13 23900
206 2 9 19 13 24000
206 2 9 19 13 24100
206 2 9 19 13 24200
207 2 9 19 13 24300
207 2 10 19 13 24400
208 2 10 20 13 24500
209 2 10 20 13 24600
209 2 11 20 13 24700
209 2 11 20 13 24800
209 2 11 20 14 24900
209 2 12 20 15 25000
209 2 12 20 16 25100
210 2 13 20 16 25200
210 2 13 20 16 25300
210 2 14 21 16 25400
211 2 14 21 16 25500
213 2 14 21 16 25600
215 2 14 22 16 25700
217 2 14 22 16 25800
218 2 14 22 16 25900
218 2 14 22 16 26000
221 2 14 23 16 26100
223 2 14 23 16 26200
227 2 14 23 16 26300
231 2 14 23 16 26400
233 2 15 23 16 26500
236 2 15 23 16 26600
237 2 15 23 16 26700
239 2 15 23 16 26800
240 2 15 23 16 26900
241 2 15 23 16 27000
241 2 15 23 16 27100
242 2 15 23 16 27200
242 2 15 23 16 27300
242 2 15 23 16 27400
244 2 15 23 16 27500
245 2 15 23 16 27600
245 2 15 23 16 27700
245 2 15 23 16 27800
245 2 15 23 16 27900
247 3 16 24 16 28000
247 3 16 25 16 28100
248 3 16 25 16 28200
250 3 16 26 16 28300
251 3 16 26 16 28400
254 3 16 26 16 28500
254 3 16 26 16 28600
254 3 16 27 16 28700
254 3 16 27 17 28800
256 3 16 27 17 28900
257 3 16 27 17 29000
259 3 16 27 17 29100
260 3 16 28 17 29200
261 3 16 28 17 29300
264 3 16 28 17 29400
267 3 16 29 17 29500
270 3 16 30 17 29600
271 3 17 30 17 29700
271 3 17 30 17 29800
271 3 17 30 18 29900
274 3 17 30 18 30000
276 3 17 30 18 30100
278 3 17 30 18 30200
280 3 18 30 18 30300
282 3 18 30 19 30400
284 3 18 30 20 30500
286 3 19 30 20 30600
288 3 19 30 20 30700
291 3 19 30 21 30800
292 3 19 30 21 30900
294 3 19 30 21 31000
294 3 19 30 21 31100
294 3 19 30 21 31200
294 3 19 30 21 31300
294 3 19 30 21 31400
295 3 19 30 21 31500
295 3 19 30 21 31600
295 3 19 30 21 31700
295 3 19 30 21 31800
295 3 19 30 21 31900
295 3 19 30 21 32000
295 3 19 30 21 32100
295 3 19 30 21 32200
295 3 19 30 21 32300
295 3 19 30 21 32400
295 3 19 30 21 32500
295 3 19 31 21 32600
296 3 19 32 21 32700
296 3 19 32 21 32800
297 3 19 32 21 32900
298 3 19 32 21 33000
300 3 19 32 21 33100
301 3 19 32 21 33200
302 3 19 32 21 33300
303 3 19 32 21 33400
303 3 19 32 21 33500
303 3 19 32 21 33600
304 4 19 32 21 33700
305 4 19 32 21 33800
306 4 19 32 21 33900
306 4 19 32 21 34000
306 5 19 33 21 34100
306 5 19 33 21 34200
306 5 19 33 21 34300
306 5 19 33 21 34400
307 5 19 33 21 34500
308 5 19 33 21 34600
308 5 19 33 21 34700
308 5 19 33 21 34800
308 5 19 33 21 34900
309 5 19 33 21 35000
310 5 19 33 21 35100
310 5 19 33 21 35200
310 5 19 34 21 35300
310 5 19 34 21 35400
311 5 19 34 21 35500
312 5 19 34 21 35600
312 5 19 34 21 35700
313 5 19 34 21 35800
313 5 19 34 21 35900
313 5 19 34 21 36000
314 6 19 34 21 36100
316 6 19 34 21 36200
316 6 19 34 21 36300
317 7 19 34 22 36400
318 7 19 34 22 36500
318 7 19 34 22 36600
318 7 19 34 22 36700
318 8 19 34 22 36800
318 8 19 35 22 36900
318 8 19 35 22 37000
318 8 19 35 22 37100
319 8 19 35 22 37200
321 8 19 35 22 37300
321 8 19 35 22 37400
322 8 19 35 22 37500
322 8 19 35 22 37600
323 8 19 35 22 37700
324 8 19 35 22 37800
326 8 19 35 22 37900
327 8 19 35 22 38000
329 8 19 35 22 38100
331 8 19 35 22 38200
332 8 20 35 22 38300
333 8 20 35 22 38400
334 8 20 36 22 38500
336 8 20 36 22 38600
338 8 20 36 22 38700
340 8 20 36 22 38800
341 8 20 36 22 38900
343 9 21 36 23 39000
347 9 21 36 24 39100
350 9 21 36 24 39200
351 9 21 36 24 39300
352 9 21 36 24 39400
352 9 21 36 24 39500
353 9 21 37 24 39600
353 9 21 37 24 39700
353 9 21 37 24 39800
353 9 21 38 24 39900
355 9 21 38 24 40000
356 9 21 38 24 40100
358 10 21 38 24 40200
358 10 21 38 25 40300
358 10 21 38 25 40400
358 10 21 38 25 40500
358 10 21 38 25 40600
358 10 21 38 25 40700
358 10 21 38 25 40800
358 10 21 38 25 40900
358 10 21 38 25 41000
358 10 21 38 25 41100
359 10 21 38 25 41200
359 10 21 38 25 41300
360 10 22 38 25 41400
360 10 22 39 25 41500
361 10 22 39 25 41600
362 10 22 40 25 41700
362 10 22 40 25 41800
363 10 22 40 25 41900
363 10 22 40 25 42000
364 10 22 40 25 42100
364 10 22 40 25 42200
364 10 22 40 25 42300
365 10 22 40 25 42400
365 10 22 40 25 42500
365 10 22 40 26 42600
365 10 22 40 26 42700
365 10 22 40 26 42800
365 10 22 40 27 42900
365 10 22 40 27 43000
365 10 22 40 28 43100
366 10 22 41 28 43200
366 10 22 41 28 43300
367 10 22 41 28 43400
367 10 22 42 28 43500
368 10 22 42 28 43600
368 10 22 42 28 43700
368 10 22 42 28 43800
369 10 22 42 28 43900
370 10 22 42 28 44000
371 10 22 42 29 44100
372 10 22 42 29 44200
373 10 22 42 30 44300
373 10 22 42 30 44400
374 10 22 42 30 44500
374 10 22 42 30 44600
374 10 22 42 30 44700
375 10 22 42 30 44800
376 10 22 42 30 44900
377 10 22 42 30 45000
377 10 22 42 30 45100
378 10 22 42 30 45200
380 10 22 42 30 45300
382 10 22 42 30 45400
383 10 22 42 30 45500
383 10 22 42 30 45600
383 10 22 42 30 45700
384 10 22 42 30 45800
384 10 22 42 30 45900
384 10 22 42 30 46000
384 10 22 42 30 46100
385 10 22 43 30 46200
386 10 22 43 30 46300
386 10 22 43 30 46400
387 10 22 43 30 46500
388 10 22 43 30 46600
389 10 22 43 30 46700
391 10 22 43 30 46800
392 10 22 43 30 46900
393 10 23 43 30 47000
393 10 23 43 30 47100
393 10 23 43 31 47200
393 10 23 43 31 47300
393 10 23 43 32 47400
393 10 23 43 32 47500
394 10 23 43 32 47600
394 10 23 43 32 47700
395 10 23 43 32 47800
396 10 23 43 32 47900
396 10 23 43 32 48000
396 10 23 43 32 48100
396 10 23 43 32 48200
397 10 23 43 32 48300
398 11 23 43 33 48400
398 11 23 43 33 48500
399 11 23 43 33 48600
399 11 23 43 33 48700
400 11 23 44 33 48800
401 11 23 44 33 48900
401 11 23 44 33 49000
403 11 23 44 33 49100
404 11 23 44 33 49200
404 11 23 44 33 49300
404 11 23 44 33 49400
404 11 23 44 33 49500
404 11 23 44 33 49600
405 11 23 44 33 49700
406 11 23 44 33 49800
406 11 23 45 33 49900
406 11 23 45 33 50000
406 11 23 45 33 50100
407 11 23 45 33 50200
409 11 23 45 33 50300
410 11 23 45 33 50400
411 11 23 45 33 50500
412 11 23 45 33 50600
413 11 23 45 33 50700
413 11 23 45 33 50800
413 11 23 45 33 50900
414 11 23 46 33 51000
416 11 23 46 33 51100
416 11 23 46 33 51200
418 11 23 46 33 51300
419 11 23 46 33 51400
420 11 23 46 33 51500
420 12 23 46 34 51600
420 12 23 46 34 51700
421 12 23 46 34 51800
421 12 23 46 34 51900
422 12 23 46 34 52000
422 12 23 46 34 52100
422 12 23 46 34 52200
422 12 23 46 34 52300
422 12 23 46 34 52400
423 12 23 46 34 52500
423 12 23 46 34 52600
424 12 23 46 34 52700
424 13 23 46 34 52800
424 13 23 47 34 52900
426 13 23 47 34 53000
426 13 23 47 34 53100
426 13 23 47 34 53200
426 13 23 47 34 53300
427 13 23 47 34 53400
429 14 23 47 34 53500
431 14 23 47 35 53600
432 14 23 47 35 53700
432 14 23 47 35 53800
432 15 23 47 36 53900
433 15 23 47 36 54000
434 15 23 47 36 54100
435 15 23 47 37 54200
437 15 23 47 37 54300
438 15 23 47 37 54400
438 15 23 47 37 54500
438 15 23 48 37 54600
438 16 23 48 37 54700
439 16 23 48 37 54800
439 16 23 48 37 54900
440 17 23 48 38 55000
440 17 23 48 38 55100
440 17 23 48 38 55200
440 17 23 48 38 55300
440 17 23 48 38 55400
440 17 23 48 38 55500
440 17 23 48 38 55600
440 17 23 48 38 55700
440 17 23 48 38 55800
440 17 24 48 38 55900
440 17 24 48 38 56000
440 17 24 48 39 56100
440 18 24 48 39 56200
440 18 24 48 40 56300
440 18 24 48 40 56400
440 18 24 48 40 56500
440 18 24 48 40 56600
441 18 24 48 40 56700
442 18 24 48 40 56800
443 18 24 48 40 56900
443 18 25 48 40 57000
443 18 25 48 40 57100
444 18 25 48 40 57200
444 18 25 49 40 57300
444 18 25 49 40 57400
444 18 25 49 40 57500
444 18 25 49 40 57600
444 18 25 49 40 57700
444 18 25 49 40 57800
444 18 25 49 40 57900
444 18 25 49 40 58000
444 18 25 49 40 58100
444 18 25 49 40 58200
444 18 25 49 40 58300
444 18 25 49 40 58400
446 18 25 49 40 58500
447 18 25 49 40 58600
448 18 25 49 40 58700
448 18 25 49 40 58800
448 18 25 49 40 58900
449 18 25 50 40 59000
449 18 25 50 40 59100
449 18 25 50 40 59200
449 18 25 50 40 59300
450 18 25 50 40 59400
451 18 25 50 40 59500
451 18 26 50 40 59600
451 18 26 50 40 59700
451 18 26 50 40 59800
451 18 26 50 40 59900
