0 0 0 0 0 0
0 2 704 0 709 100
0 7 1572 3 1592 200
0 8 1978 5 2014 300
0 8 2544 6 2591 400
0 10 3202 7 3263 500
0 10 3945 8 4019 600
0 11 4760 9 4847 700
0 13 5673 14 5814 800
0 13 6718 19 6949 900
0 13 7773 19 8067 1000
0 15 8925 29 9311 1100
0 16 10126 39 10657 1200
0 16 11308 62 12065 1300
0 18 12560 89 13469 1400
0 18 13798 115 14900 1500
0 19 15144 139 16449 1600
0 21 16477 156 17970 1700
0 22 17812 181 19532 1800
0 23 19175 223 21098 1900
0 23 20490 265 22633 2000
0 24 21793 297 24122 2100
0 26 23141 324 25643 2200
0 26 24498 359 27255 2300
0 29 25829 380 28784 2400
0 29 27134 398 30287 2500
0 31 28429 420 31785 2600
0 33 29753 436 33324 2700
0 33 31071 454 34853 2800
0 35 32401 479 36405 2900
0 35 33743 499 37952 3000
0 38 35093 519 39495 3100
0 39 36467 532 41072 3200
0 41 37763 540 42570 3300
0 42 39117 556 44174 3400
0 43 40480 568 45780 3500
0 46 41867 579 47393 3600
0 49 43241 601 49042 3700
0 49 44637 622 50703 3800
0 50 45962 647 52262 3900
0 52 47299 685 53882 4000
0 54 48709 729 55574 4100
0 54 50089 763 57227 4200
0 55 51528 798 58886 4300
0 58 52863 828 60471 4400
0 60 54237 865 62071 4500
0 62 55601 901 63681 4600
0 63 56983 938 65382 4700
0 66 58351 979 67030 4800
0 67 59830 1033 68874 4900
0 69 61219 1080 70594 5000
0 70 62608 1144 72281 5100
0 72 63990 1191 73936 5200
0 73 65368 1223 75544 5300
0 74 66735 1262 77187 5400
0 75 68112 1301 78887 5500
0 77 69512 1342 80632 5600
0 79 70932 1371 82336 5700
0 80 72344 1412 84020 5800
0 81 73715 1461 85653 5900
0 82 75038 1505 87232 6000
0 82 76439 1555 88921 6100
0 82 77774 1615 90608 6200
0 82 79176 1688 92330 6300
0 84 80505 1762 94013 6400
0 84 81908 1833 95790 6500
0 84 83271 1893 97470 6600
0 84 84665 1952 99212 6700
0 84 86062 2033 100929 6800
0 85 87407 2110 102556 6900
0 86 88729 2170 104172 7000
0 86 90103 2236 105831 7100
0 88 91492 2295 107541 7200
0 89 92881 2371 109236 7300
0 90 94225 2443 110877 7400
0 90 95602 2521 112572 7500
0 92 97002 2607 114282 7600
0 94 98373 2680 116001 7700
0 96 99747 2764 117741 7800
0 96 101181 2844 119571 7900
0 97 102602 2948 121540 8000
0 97 104000 3051 123460 8100
0 98 105415 3122 125421 8200
0 98 106871 3200 127345 8300
0 98 108265 3281 129201 8400
0 100 109636 3338 131011 8500
0 100 111041 3391 132828 8600
0 100 112474 3446 134681 8700
0 100 113841 3514 136422 8800
0 100 115234 3593 138188 8900
0 100 116605 3675 139940 9000
0 102 117954 3731 141685 9100
0 102 119410 3807 143585 9200
0 103 120801 3896 145438 9300
0 104 122194 3955 147272 9400
0 104 123618 4021 149074 9500
0 105 125002 4111 150891 9600
0 106 126344 4203 152724 9700
0 106 127780 4282 154665 9800
0 107 129186 4354 156594 9900
0 107 130608 4432 158422 10000
0 107 131975 4503 160163 10100
0 107 133395 4584 162021 10200
0 108 134765 4684 163810 10300
0 108 136161 4767 165614 10400
0 108 137568 4848 167386 10500
0 110 138959 4923 169211 10600
0 110 140345 5014 170968 10700
0 113 141740 5115 172850 10800
0 113 143156 5174 174645 10900
0 115 144554 5222 176391 11000
0 116 145951 5275 178093 11100
0 117 147366 5317 179764 11200
0 119 148767 5351 181425 11300
0 119 150111 5413 183093 11400
0 122 151536 5461 184817 11500
0 123 152898 5495 186491 11600
0 123 154292 5545 188185 11700
0 124 155651 5599 189837 11800
0 125 157046 5654 191538 11900
0 125 158397 5695 193204 12000
0 125 159778 5750 194919 12100
0 126 161101 5821 196686 12200
0 126 162485 5919 198510 12300
0 127 163888 6041 200407 12400
0 127 165279 6198 202324 12500
0 127 166685 6307 204208 12600
0 127 168108 6446 206168 12700
0 128 169474 6557 207971 12800
0 129 170850 6672 209868 12900
0 129 172247 6787 211778 13000
0 130 173658 6913 213765 13100
0 131 175063 7048 215738 13200
0 132 176512 7148 217719 13300
0 134 177928 7236 219638 13400
0 134 179312 7329 221460 13500
0 136 180725 7441 223340 13600
0 136 182061 7561 225188 13700
0 137 183472 7661 227036 13800
0 138 184837 7757 228828 13900
0 140 186283 7836 230744 14000
0 140 187654 7903 232616 14100
0 140 189129 7955 234555 14200
0 140 190573 7998 236434 14300
0 141 191967 8073 238271 14400
0 142 193349 8130 240037 14500
0 143 194743 8197 241873 14600
0 143 196177 8260 243734 14700
0 144 197528 8319 245494 14800
0 145 198898 8364 247169 14900
0 146 200262 8413 248871 15000
0 146 201671 8462 250565 15100
0 148 203049 8509 252211 15200
0 148 204386 8568 253765 15300
0 149 205752 8623 255423 15400
0 150 207044 8680 257007 15500
0 151 208366 8741 258629 15600
0 152 209719 8805 260235 15700
0 153 211093 8859 261898 15800
0 154 212417 8926 263510 15900
0 154 213760 8979 265123 16000
0 157 215101 9052 266738 16100
0 157 216468 9115 268457 16200
0 158 217845 9177 270185 16300
0 160 219254 9265 272051 16400
0 160 220625 9356 273908 16500
0 161 222120 9438 275901 16600
0 162 223586 9525 277947 16700
0 162 224963 9667 279896 16800
0 164 226425 9751 281824 16900
0 164 227803 9810 283565 17000
0 165 229201 9861 285309 17100
0 166 230571 9920 287049 17200
0 167 231954 9978 288783 17300
0 167 233362 10020 290447 17400
0 168 234720 10070 292046 17500
0 168 236078 10136 293665 17600
0 168 237435 10203 295309 17700
0 169 238775 10267 296942 17800
0 169 240187 10323 298707 17900
0 171 241536 10368 300411 18000
0 172 242878 10427 302015 18100
0 176 244246 10468 303640 18200
0 176 245629 10502 305315 18300
0 178 246912 10547 306907 18400
0 178 248299 10575 308562 18500
0 179 249655 10622 310210 18600
0 179 251051 10669 311877 18700
0 179 252401 10714 313543 18800
0 180 253800 10774 315249 18900
0 180 255201 10848 316932 19000
0 180 256576 10922 318638 19100
0 180 257935 10993 320309 19200
0 181 259336 11047 322118 19300
0 182 260711 11121 323922 19400
0 184 262149 11212 325759 19500
0 185 263589 11269 327568 19600
0 186 264960 11327 329342 19700
0 187 266431 11380 331238 19800
0 187 267856 11412 333132 19900
0 187 269248 11460 335001 20000
0 188 270699 11503 336850 20100
0 189 272055 11566 338654 20200
0 190 273484 11617 340474 20300
0 190 274937 11666 342255 20400
0 191 276331 11708 343926 20500
0 191 277717 11750 345573 20600
0 191 279137 11807 347378 20700
0 192 280504 11854 349065 20800
0 193 281893 11899 350760 20900
0 193 283263 11941 352441 21000
0 193 284645 11989 354157 21100
0 194 285990 12033 355772 21200
0 194 287399 12070 357440 21300
0 194 288763 12116 359081 21400
0 195 290178 12164 360786 21500
0 196 291562 12224 362460 21600
0 196 292914 12267 364086 21700
0 196 294322 12323 365839 21800
0 197 295704 12399 367646 21900
0 197 297106 12456 369374 22000
0 199 298524 12506 371129 22100
0 199 299905 12560 372843 22200
0 200 301318 12624 374652 22300
0 200 302724 12686 376430 22400
0 200 304062 12748 378140 22500
0 201 305568 12788 379896 22600
0 201 306921 12842 381523 22700
0 202 308315 12879 383176 22800
0 202 309694 12932 384785 22900
0 202 311069 12996 386436 23000
0 202 312469 13077 388107 23100
0 203 313844 13143 389757 23200
0 204 315229 13213 391420 23300
0 204 316581 13287 393076 23400
0 204 318050 13374 394875 23500
0 204 319421 13438 396552 23600
0 205 320814 13532 398300 23700
0 205 322211 13623 400048 23800
0 205 323618 13736 401861 23900
0 206 324997 13824 403621 24000
0 206 326408 13915 405454 24100
0 206 327854 14028 407315 24200
0 206 329269 14153 409214 24300
0 207 330656 14302 411095 24400
0 207 332078 14437 412991 24500
0 207 333502 14575 414868 24600
0 207 334881 14721 416692 24700
0 209 336284 14859 418553 24800
0 209 337690 15030 420493 24900
0 209 339095 15193 422411 25000
0 209 340523 15369 424361 25100
0 209 341965 15503 426304 25200
0 209 343394 15640 428238 25300
0 209 344821 15797 430235 25400
0 209 346209 15914 432154 25500
0 209 347668 16050 434113 25600
0 209 349087 16191 436001 25700
0 210 350505 16300 437865 25800
0 210 351922 16420 439743 25900
0 210 353324 16536 441554 26000
0 211 354701 16648 443406 26100
0 211 356135 16784 445382 26200
0 211 357626 16910 447385 26300
0 211 359050 17044 449316 26400
0 211 360435 17171 451182 26500
0 211 361876 17279 453118 26600
0 211 363290 17390 455039 26700
0 211 364675 17513 456964 26800
0 211 366079 17622 458822 26900
0 211 367463 17737 460710 27000
0 211 368875 17874 462662 27100
0 211 370330 18007 464675 27200
0 211 371732 18151 466568 27300
0 211 373172 18312 468498 27400
0 211 374510 18493 470330 27500
0 211 375897 18653 472206 27600
0 211 377309 18809 474094 27700
0 211 378749 18986 476012 27800
0 211 380088 19142 477788 27900
0 211 381542 19289 479685 28000
0 211 382909 19429 481512 28100
0 211 384273 19593 483290 28200
0 211 385598 19768 485044 28300
0 211 387013 19917 486832 28400
0 211 388355 20073 488602 28500
0 211 389691 20220 490413 28600
0 211 391066 20377 492248 28700
0 211 392486 20538 494165 28800
0 211 393836 20685 495980 28900
0 211 395227 20832 497824 29000
0 211 396566 20986 499689 29100
0 211 397980 21141 501704 29200
0 211 399398 21314 503625 29300
0 211 400814 21463 505497 29400
0 211 402188 21619 507330 29500
0 211 403626 21758 509160 29600
0 212 404986 21878 510894 29700
0 212 406302 22033 512583 29800
0 213 407666 22141 514283 29900
0 0 0 0 0 0
0 5 660 0 669 100
0 8 1461 1 1480 200
0 8 1811 4 1844 300
0 9 2231 5 2274 400
0 11 2739 5 2794 500
0 12 3307 7 3379 600
0 13 3937 8 4026 700
0 14 4581 9 4694 800
0 15 5336 10 5487 900
0 17 6181 11 6389 1000
0 17 7130 15 7380 1100
0 19 8052 17 8353 1200
0 19 9088 18 9472 1300
0 20 10206 21 10689 1400
0 20 11329 27 11902 1500
0 20 12499 31 13214 1600
0 20 13756 32 14570 1700
0 20 14945 35 15842 1800
0 20 16231 46 17270 1900
0 20 17510 52 18665 2000
0 20 18789 56 20100 2100
0 20 20135 58 21595 2200
0 20 21424 59 23035 2300
0 20 22703 60 24458 2400
0 20 24023 60 25913 2500
0 20 25409 61 27401 2600
0 20 26732 66 28842 2700
0 20 28104 74 30357 2800
0 20 29476 104 31890 2900
0 20 30784 143 33339 3000
0 20 32148 177 34868 3100
0 20 33436 202 36284 3200
0 20 34725 234 37789 3300
0 20 36075 279 39370 3400
0 21 37336 313 40843 3500
0 21 38685 344 42434 3600
0 22 39968 381 43939 3700
0 22 41316 414 45554 3800
0 22 42663 452 47177 3900
0 23 44035 498 48836 4000
0 23 45389 557 50486 4100
0 23 46707 625 52125 4200
0 23 48099 709 53858 4300
0 23 49487 804 55585 4400
0 23 50839 900 57344 4500
0 24 52210 998 59140 4600
0 24 53585 1110 60984 4700
0 24 54991 1195 62812 4800
0 24 56380 1276 64599 4900
0 24 57774 1381 66451 5000
0 24 59209 1461 68325 5100
0 25 60627 1523 70253 5200
0 26 62045 1572 72133 5300
0 27 63482 1639 74064 5400
0 27 64930 1700 76018 5500
0 28 66384 1748 77914 5600
0 30 67767 1808 79765 5700
0 30 69159 1851 81508 5800
0 31 70541 1894 83225 5900
0 33 71918 1975 84953 6000
0 35 73315 2037 86724 6100
0 36 74679 2094 88553 6200
0 36 76078 2159 90419 6300
0 38 77507 2243 92356 6400
0 40 78931 2315 94283 6500
0 41 80373 2402 96195 6600
0 42 81828 2469 98091 6700
0 43 83276 2543 99974 6800
0 45 84682 2628 101819 6900
0 45 86028 2692 103525 7000
0 50 87452 2735 105281 7100
0 50 88845 2793 106968 7200
0 52 90199 2855 108679 7300
0 54 91603 2909 110431 7400
0 55 92991 2952 112163 7500
0 57 94425 3023 113972 7600
0 58 95821 3092 115767 7700
0 61 97261 3161 117564 7800
0 63 98675 3252 119318 7900
0 63 100051 3367 121072 8000
0 66 101477 3470 122896 8100
0 66 102873 3565 124712 8200
0 70 104261 3654 126554 8300
0 70 105692 3749 128449 8400
0 72 107078 3807 130274 8500
0 73 108499 3891 132121 8600
0 75 109850 3941 133805 8700
0 77 111209 3999 135465 8800
0 79 112587 4044 137135 8900
0 80 114014 4107 138862 9000
0 82 115416 4188 140596 9100
0 83 116723 4267 142183 9200
0 84 118157 4367 143990 9300
0 85 119561 4450 145702 9400
0 87 120916 4526 147408 9500
0 87 122310 4617 149149 9600
0 87 123686 4718 150941 9700
0 91 124985 4793 152592 9800
0 93 126378 4885 154354 9900
0 95 127759 4962 156148 10000
0 96 129161 5026 157921 10100
0 97 130531 5084 159702 10200
0 98 131913 5157 161453 10300
0 99 133312 5235 163213 10400
0 99 134676 5309 164969 10500
0 100 136125 5407 166828 10600
0 100 137516 5489 168625 10700
0 101 138916 5571 170457 10800
0 101 140292 5669 172244 10900
0 101 141708 5811 174100 11000
0 101 143136 5917 175973 11100
0 102 144504 6028 177810 11200
0 102 145933 6162 179677 11300
0 103 147310 6287 181468 11400
0 104 148656 6391 183198 11500
0 105 150039 6474 184913 11600
0 105 151393 6581 186657 11700
0 105 152724 6726 188382 11800
0 106 154061 6819 190075 11900
0 106 155448 6915 191818 12000
0 108 156792 7044 193488 12100
0 109 158135 7150 195177 12200
0 110 159424 7287 196837 12300
0 111 160809 7434 198631 12400
0 112 162178 7550 200376 12500
0 112 163582 7696 202182 12600
0 114 164956 7867 204012 12700
0 115 166323 7979 205793 12800
0 115 167742 8053 207612 12900
0 116 169114 8176 209476 13000
0 116 170520 8288 211340 13100
0 116 171938 8374 213182 13200
0 116 173327 8486 215033 13300
0 117 174686 8580 216882 13400
0 118 176097 8692 218796 13500
0 119 177523 8776 220634 13600
0 119 178896 8879 222448 13700
0 120 180250 8974 224218 13800
0 121 181607 9083 225992 13900
0 121 182967 9187 227771 14000
0 121 184328 9300 229548 14100
0 122 185706 9431 231381 14200
0 122 187089 9574 233259 14300
0 123 188522 9671 235166 14400
0 123 189920 9792 237031 14500
0 123 191319 9927 238924 14600
0 124 192704 10053 240802 14700
0 124 194087 10169 242707 14800
0 125 195554 10296 244676 14900
0 125 196916 10394 246504 15000
0 126 198309 10516 248323 15100
0 127 199694 10624 250072 15200
0 128 201075 10735 251807 15300
0 129 202411 10846 253535 15400
0 130 203723 10969 255297 15500
0 131 205130 11101 257126 15600
0 131 206465 11223 258842 15700
0 133 207864 11326 260612 15800
0 133 209155 11470 262244 15900
0 135 210459 11573 263871 16000
0 135 211750 11681 265458 16100
0 136 213030 11775 267100 16200
0 137 214296 11867 268717 16300
0 137 215631 11958 270398 16400
0 139 216981 12053 272079 16500
0 140 218331 12141 273751 16600
0 140 219582 12257 275350 16700
0 141 220946 12345 277031 16800
0 142 222260 12442 278698 16900
0 143 223592 12560 280419 17000
0 144 224929 12677 282088 17100
0 145 226242 12763 283704 17200
0 146 227572 12845 285370 17300
0 146 228906 12948 287105 17400
0 146 230212 13044 288770 17500
0 148 231574 13153 290508 17600
0 150 232931 13266 292325 17700
0 152 234356 13365 294226 17800
0 153 235695 13489 296036 17900
0 156 237099 13630 297863 18000
0 157 238448 13753 299607 18100
0 157 239838 13884 301436 18200
0 161 241160 14009 303230 18300
0 161 242586 14113 305084 18400
0 162 243954 14267 306956 18500
0 163 245361 14360 308782 18600
0 165 246688 14428 310513 18700
0 165 248087 14534 312332 18800
0 167 249496 14637 314249 18900
0 168 250835 14715 316081 19000
0 169 252259 14793 318019 19100
0 171 253686 14861 319912 19200
0 172 255094 14931 321749 19300
0 172 256483 15003 323542 19400
0 174 257846 15083 325321 19500
0 176 259227 15171 327149 19600
0 179 260647 15240 329008 19700
0 179 262032 15337 330817 19800
0 182 263488 15417 332723 19900
0 184 264850 15485 334531 20000
0 185 266230 15541 336364 20100
0 187 267661 15601 338271 20200
0 188 269039 15663 340049 20300
0 188 270472 15709 341843 20400
0 188 271899 15764 343720 20500
0 189 273274 15820 345503 20600
0 190 274687 15866 347333 20700
0 190 276128 15923 349217 20800
0 190 277531 15971 351057 20900
0 190 278975 16051 352976 21000
0 190 280410 16118 355009 21100
0 190 281831 16172 357009 21200
0 191 283312 16241 359074 21300
0 191 284727 16318 361113 21400
0 191 286134 16378 363067 21500
0 191 287531 16427 365022 21600
0 191 288945 16473 366893 21700
0 191 290343 16523 368751 21800
0 191 291761 16583 370575 21900
0 191 293179 16668 372405 22000
0 191 294558 16724 374169 22100
0 191 295896 16769 375851 22200
0 191 297204 16802 377514 22300
0 191 298640 16856 379291 22400
0 191 300042 16930 381062 22500
0 191 301383 16986 382736 22600
0 191 302799 17020 384483 22700
0 192 304189 17066 386171 22800
0 192 305625 17103 387911 22900
0 192 306998 17135 389577 23000
0 192 308401 17158 391296 23100
0 192 309732 17183 392885 23200
0 192 311143 17217 394558 23300
0 192 312577 17250 396228 23400
0 192 313950 17267 397848 23500
0 192 315313 17287 399459 23600
0 193 316691 17310 401119 23700
0 193 318066 17331 402759 23800
0 193 319445 17356 404390 23900
0 195 320807 17390 406011 24000
0 195 322178 17430 407642 24100
0 195 323527 17499 409264 24200
0 195 324890 17562 410902 24300
0 195 326253 17612 412546 24400
0 196 327621 17662 414151 24500
0 196 328958 17724 415781 24600
0 196 330311 17798 417407 24700
0 196 331649 17841 418964 24800
0 196 333026 17881 420618 24900
0 196 334336 17924 422169 25000
0 196 335700 17986 423776 25100
0 196 337071 18036 425403 25200
0 196 338376 18068 426925 25300
0 196 339718 18123 428549 25400
0 196 341084 18158 430210 25500
0 196 342485 18184 431848 25600
0 196 343850 18208 433458 25700
0 196 345214 18233 435048 25800
0 196 346535 18250 436665 25900
0 196 347944 18279 438302 26000
0 196 349313 18310 439895 26100
0 196 350720 18339 441532 26200
0 196 352075 18367 443167 26300
0 196 353504 18413 444919 26400
0 196 354844 18453 446694 26500
0 197 356323 18489 448586 26600
0 197 357719 18535 450322 26700
0 198 359103 18578 452103 26800
0 198 360506 18628 453867 26900
0 198 361889 18663 455521 27000
0 198 363341 18705 457279 27100
0 198 364755 18739 458993 27200
0 198 366134 18762 460699 27300
0 198 367541 18777 462331 27400
0 198 368976 18779 463986 27500
0 198 370350 18786 465595 27600
0 198 371745 18815 467222 27700
0 199 373120 18841 468952 27800
0 199 374483 18859 470609 27900
0 199 375918 18883 472363 28000
0 200 377345 18911 474082 28100
0 201 378723 18948 475780 28200
0 201 380104 18981 477399 28300
0 202 381503 19019 479095 28400
0 202 382882 19058 480807 28500
0 202 384295 19105 482512 28600
0 202 385666 19172 484234 28700
0 202 387013 19214 485878 28800
0 202 388447 19251 487631 28900
0 202 389798 19303 489309 29000
0 203 391164 19350 490979 29100
0 203 392547 19400 492608 29200
0 203 393965 19443 494266 29300
0 204 395290 19483 495864 29400
0 204 396652 19513 497509 29500
0 206 398021 19556 499131 29600
0 206 399358 19585 500664 29700
0 207 400735 19629 502262 29800
0 207 402047 19683 503788 29900
0 0 0 0 0 0
0 3 692 0 703 100
0 6 1552 4 1584 200
0 7 1955 6 2010 300
0 9 2468 8 2533 400
0 10 3074 8 3157 500
0 11 3806 11 3910 600
0 12 4512 14 4648 700
0 12 5260 27 5433 800
0 13 6027 29 6258 900
0 15 6843 29 7127 1000
0 15 7719 31 8048 1100
0 16 8599 31 9033 1200
0 17 9562 32 10103 1300
0 17 10639 39 11307 1400
0 19 11730 50 12544 1500
0 19 12873 64 13815 1600
0 20 14076 94 15160 1700
0 20 15268 126 16500 1800
0 21 16553 187 17965 1900
0 22 17833 225 19394 2000
0 24 19196 257 21001 2100
0 24 20541 313 22614 2200
0 25 21837 389 24167 2300
0 27 23205 443 25808 2400
0 27 24573 494 27478 2500
0 27 25928 566 29124 2600
0 27 27303 619 30805 2700
0 28 28642 693 32457 2800
0 29 29998 770 34153 2900
0 29 31327 821 35748 3000
0 30 32654 876 37390 3100
0 31 34036 925 39116 3200
0 32 35402 975 40802 3300
0 32 36732 1014 42448 3400
0 32 38119 1045 44101 3500
0 33 39470 1071 45776 3600
0 33 40816 1106 47415 3700
0 33 42121 1155 49065 3800
0 33 43417 1185 50707 3900
0 33 44807 1231 52499 4000
0 33 46153 1319 54223 4100
0 33 47510 1393 55966 4200
0 33 48880 1460 57725 4300
0 33 50240 1511 59452 4400
0 34 51577 1564 61144 4500
0 34 52954 1618 62943 4600
0 34 54276 1656 64659 4700
0 34 55699 1678 66378 4800
0 34 57063 1709 67989 4900
0 34 58379 1739 69573 5000
0 35 59737 1757 71270 5100
0 35 61110 1775 72918 5200
0 35 62505 1814 74598 5300
0 35 63853 1832 76182 5400
0 35 65209 1851 77838 5500
0 36 66547 1890 79443 5600
0 36 67901 1921 81005 5700
0 36 69277 1959 82632 5800
0 36 70616 2000 84279 5900
0 36 71951 2055 85906 6000
0 36 73350 2108 87576 6100
0 36 74743 2165 89228 6200
0 36 76072 2219 90780 6300
0 36 77422 2289 92419 6400
0 36 78777 2370 94105 6500
0 36 80112 2438 95841 6600
0 38 81507 2513 97696 6700
0 38 82924 2612 99567 6800
0 38 84322 2721 101461 6900
0 40 85715 2819 103350 7000
0 41 87062 2933 105200 7100
0 41 88475 3033 107070 7200
0 42 89801 3101 108764 7300
0 42 91194 3194 110525 7400
0 42 92523 3317 112266 7500
0 42 93919 3401 114051 7600
0 42 95268 3459 115685 7700
0 42 96687 3517 117359 7800
0 42 98016 3551 118934 7900
0 42 99364 3564 120517 8000
0 42 100751 3600 122133 8100
0 42 102085 3650 123792 8200
0 42 103490 3696 125484 8300
0 42 104881 3755 127210 8400
0 43 106250 3783 128880 8500
0 43 107622 3816 130525 8600
0 44 109025 3846 132169 8700
0 44 110348 3877 133785 8800
0 46 111707 3909 135434 8900
0 46 113055 3946 137030 9000
0 47 114412 3978 138694 9100
0 47 115776 4020 140356 9200
0 47 117140 4072 142071 9300
0 47 118533 4119 143866 9400
0 48 119928 4179 145680 9500
0 49 121313 4242 147456 9600
0 49 122758 4288 149229 9700
0 51 124078 4328 150848 9800
0 52 125389 4383 152440 9900
0 53 126754 4444 154042 10000
0 55 128119 4521 155714 10100
0 56 129424 4591 157264 10200
0 56 130796 4678 158968 10300
0 57 132141 4764 160658 10400
0 58 133546 4835 162380 10500
0 58 134903 4908 164090 10600
0 60 136298 4972 165804 10700
0 60 137661 5032 167474 10800
0 61 139063 5102 169154 10900
0 61 140423 5165 170770 11000
0 62 141799 5223 172440 11100
0 62 143150 5267 174079 11200
0 62 144546 5332 175771 11300
0 62 145898 5388 177390 11400
0 63 147242 5460 179056 11500
0 63 148639 5527 180796 11600
0 63 150036 5595 182536 11700
0 63 151411 5644 184173 11800
0 65 152781 5683 185821 11900
0 65 154113 5731 187434 12000
0 65 155458 5784 189135 12100
0 65 156801 5868 190835 12200
0 65 158188 5934 192561 12300
0 66 159495 5984 194188 12400
0 66 160855 6046 195865 12500
0 66 162143 6126 197516 12600
0 66 163502 6197 199156 12700
0 66 164834 6267 200812 12800
0 66 166177 6343 202517 12900
0 66 167483 6412 204153 13000
0 66 168872 6487 205963 13100
0 66 170253 6564 207768 13200
0 66 171650 6629 209628 13300
0 66 173069 6690 211538 13400
0 67 174458 6735 213378 13500
0 67 175856 6797 215199 13600
0 68 177294 6851 216982 13700
0 69 178645 6902 218623 13800
0 71 180019 6948 220344 13900
0 72 181369 7021 222026 14000
0 73 182733 7087 223758 14100
0 74 184098 7176 225533 14200
0 77 185523 7254 227308 14300
0 77 186914 7352 229029 14400
0 77 188229 7467 230715 14500
0 78 189647 7557 232512 14600
0 79 190991 7674 234348 14700
0 79 192393 7803 236280 14800
0 81 193832 7926 238255 14900
0 82 195229 8061 240109 15000
0 82 196563 8188 241901 15100
0 83 197970 8296 243753 15200
0 84 199311 8415 245629 15300
0 84 200760 8532 247511 15400
0 86 202148 8630 249391 15500
0 87 203514 8729 251136 15600
0 88 204909 8814 252851 15700
0 89 206250 8885 254512 15800
0 90 207589 8984 256208 15900
0 91 208982 9080 257949 16000
0 92 210311 9179 259691 16100
0 92 211706 9261 261412 16200
0 95 213099 9346 263152 16300
0 95 214473 9432 264867 16400
0 95 215829 9506 266518 16500
0 96 217167 9564 268164 16600
0 97 218506 9632 269809 16700
0 97 219832 9683 271431 16800
0 97 221155 9754 273138 16900
0 97 222465 9830 274784 17000
0 97 223846 9897 276493 17100
0 98 225221 9975 278187 17200
0 98 226563 10054 279812 17300
0 99 227924 10126 281497 17400
0 99 229281 10186 283177 17500
0 100 230670 10244 284950 17600
0 100 232051 10300 286682 17700
0 102 233425 10349 288407 17800
0 102 234785 10410 290103 17900
0 104 236119 10469 291769 18000
0 104 237497 10537 293456 18100
0 105 238822 10601 295095 18200
0 106 240219 10673 296773 18300
0 106 241539 10742 298369 18400
0 106 242935 10813 299995 18500
0 107 244259 10877 301594 18600
0 107 245621 10949 303233 18700
0 109 246968 11023 304853 18800
0 109 248313 11097 306478 18900
0 109 249717 11148 308162 19000
0 110 251056 11207 309814 19100
0 110 252410 11271 311489 19200
0 110 253779 11339 313204 19300
0 110 255122 11417 314880 19400
0 110 256471 11497 316511 19500
0 110 257803 11577 318185 19600
0 110 259119 11659 319807 19700
0 110 260432 11733 321427 19800
0 110 261802 11792 323058 19900
0 110 263114 11875 324669 20000
0 111 264441 11956 326217 20100
0 112 265774 12047 327815 20200
0 112 267065 12133 329410 20300
0 113 268412 12194 331022 20400
0 114 269793 12270 332680 20500
0 114 271141 12339 334327 20600
0 114 272480 12409 336017 20700
0 116 273864 12490 337795 20800
0 116 275237 12566 339540 20900
0 116 276625 12648 341265 21000
0 117 277992 12714 342908 21100
0 117 279363 12780 344625 21200
0 117 280707 12830 346268 21300
0 117 282084 12887 347926 21400
0 118 283479 12954 349600 21500
0 118 284830 13016 351306 21600
0 118 286225 13099 353088 21700
0 118 287584 13180 354819 21800
0 118 288983 13288 356696 21900
0 118 290431 13366 358480 22000
0 118 291859 13408 360184 22100
0 118 293229 13480 361831 22200
0 120 294589 13558 363464 22300
0 120 295885 13620 364984 22400
0 122 297275 13676 366566 22500
0 122 298629 13744 368152 22600
0 122 300001 13819 369770 22700
0 123 301328 13896 371319 22800
0 123 302712 13983 373010 22900
0 124 304073 14053 374621 23000
0 126 305462 14143 376323 23100
0 127 306847 14251 378028 23200
0 127 308161 14351 379679 23300
0 128 309629 14419 381485 23400
0 128 311036 14500 383246 23500
0 129 312409 14578 384963 23600
0 130 313845 14654 386805 23700
0 131 315242 14723 388615 23800
0 131 316658 14800 390438 23900
0 132 318057 14908 392233 24000
0 133 319508 15009 394096 24100
0 135 320859 15111 395939 24200
0 135 322225 15215 397751 24300
0 136 323676 15308 399669 24400
0 136 325120 15391 401608 24500
0 136 326530 15492 403556 24600
0 136 327921 15602 405441 24700
0 136 329308 15695 407365 24800
0 136 330717 15797 409260 24900
0 136 332119 15873 411126 25000
0 136 333533 15950 413098 25100
0 136 334939 16028 415060 25200
0 136 336356 16132 416977 25300
0 136 337730 16208 418854 25400
0 136 339101 16283 420717 25500
0 136 340496 16341 422627 25600
0 136 341856 16408 424425 25700
0 136 343248 16490 426261 25800
0 137 344607 16556 428033 25900
0 138 345966 16613 429772 26000
0 139 347352 16673 431516 26100
0 141 348708 16767 433189 26200
0 142 350046 16851 434801 26300
0 142 351380 16920 436379 26400
0 142 352733 16997 438019 26500
0 142 354083 17086 439680 26600
0 142 355404 17186 441339 26700
0 142 356711 17279 442907 26800
0 142 358043 17383 444554 26900
0 142 359405 17493 446235 27000
0 142 360706 17596 447808 27100
0 142 362151 17698 449584 27200
0 142 363467 17788 451286 27300
0 142 364843 17863 453023 27400
0 142 366218 17964 454776 27500
0 142 367530 18065 456447 27600
0 142 368938 18148 458133 27700
0 142 370303 18209 459787 27800
0 142 371669 18303 461506 27900
0 142 373046 18386 463216 28000
0 142 374414 18455 464878 28100
0 142 375809 18538 466549 28200
0 143 377165 18612 468188 28300
0 144 378522 18668 469845 28400
0 145 379912 18737 471569 28500
0 145 381297 18817 473303 28600
0 145 382708 18913 475078 28700
0 146 384090 19018 476778 28800
0 146 385507 19095 478466 28900
0 146 386855 19167 480084 29000
0 146 388206 19246 481723 29100
0 146 389619 19331 483411 29200
0 146 390950 19411 485022 29300
0 146 392281 19498 486634 29400
0 146 393632 19568 488269 29500
0 146 394947 19638 489842 29600
0 146 396329 19725 491506 29700
0 146 397631 19819 493143 29800
0 146 399034 19907 494851 29900
0 0 0 0 0 0
0 5 669 0 675 100
0 9 1546 2 1574 200
0 10 2056 7 2104 300
0 11 2716 7 2782 400
0 13 3416 10 3499 500
0 14 4155 11 4258 600
0 16 4962 13 5098 700
0 16 5873 18 6054 800
0 17 6811 24 7066 900
0 18 7799 34 8108 1000
0 19 8805 55 9171 1100
0 20 9847 83 10292 1200
0 22 10889 126 11437 1300
0 23 12023 173 12705 1400
0 24 13158 218 13972 1500
0 26 14358 255 15346 1600
0 28 15527 324 16713 1700
0 28 16794 393 18218 1800
0 29 18036 464 19729 1900
0 30 19357 534 21307 2000
0 32 20681 601 22866 2100
0 33 21964 660 24386 2200
0 33 23309 736 26032 2300
0 35 24673 823 27716 2400
0 35 26031 909 29354 2500
0 37 27362 984 30982 2600
0 38 28695 1034 32549 2700
0 39 30028 1085 34117 2800
0 39 31365 1164 35725 2900
0 41 32615 1220 37240 3000
0 41 34038 1281 38959 3100
0 42 35314 1333 40561 3200
0 43 36709 1424 42251 3300
0 44 38033 1511 43901 3400
0 46 39382 1579 45603 3500
0 48 40726 1658 47299 3600
0 49 42093 1751 49092 3700
0 49 43443 1838 50879 3800
0 51 44805 1901 52727 3900
0 53 46224 1966 54564 4000
0 55 47635 2052 56369 4100
0 56 49015 2143 58137 4200
0 58 50421 2199 59912 4300
0 59 51812 2254 61720 4400
0 60 53226 2316 63442 4500
0 61 54616 2382 65155 4600
0 61 56070 2416 66918 4700
0 62 57484 2487 68698 4800
0 64 58903 2566 70495 4900
0 64 60310 2635 72305 5000
0 65 61747 2664 74095 5100
0 66 63174 2707 75904 5200
0 67 64606 2774 77684 5300
0 68 66008 2835 79437 5400
0 69 67399 2886 81147 5500
0 69 68835 2939 82910 5600
0 70 70253 3000 84644 5700
0 71 71687 3043 86429 5800
0 71 73064 3100 88136 5900
0 71 74482 3162 89874 6000
0 73 75846 3211 91588 6100
0 75 77239 3291 93344 6200
0 75 78680 3397 95177 6300
0 75 80055 3487 96956 6400
0 77 81462 3566 98723 6500
0 78 82859 3632 100426 6600
0 78 84277 3689 102129 6700
0 78 85659 3719 103780 6800
0 80 87037 3776 105473 6900
0 80 88423 3841 107156 7000
0 80 89822 3903 108817 7100
0 81 91268 3952 110533 7200
0 83 92622 4004 112098 7300
0 83 94001 4059 113694 7400
0 83 95431 4121 115376 7500
0 84 96790 4181 116994 7600
0 84 98206 4237 118664 7700
0 84 99560 4289 120279 7800
0 85 100980 4335 121979 7900
0 85 102366 4383 123631 8000
0 87 103736 4425 125298 8100
0 88 105152 4472 126965 8200
0 88 106505 4524 128572 8300
0 89 107911 4573 130287 8400
0 90 109277 4625 132048 8500
0 91 110777 4677 133962 8600
0 92 112218 4744 135785 8700
0 92 113593 4810 137480 8800
0 92 114966 4863 139200 8900
0 93 116334 4933 140929 9000
0 96 117703 5020 142699 9100
0 96 119102 5093 144467 9200
0 97 120434 5144 146068 9300
0 97 121808 5179 147719 9400
0 97 123139 5201 149325 9500
0 97 124605 5246 151123 9600
0 97 125915 5287 152834 9700
0 97 127265 5337 154596 9800
0 98 128689 5391 156435 9900
0 98 130085 5434 158252 10000
0 98 131476 5490 160076 10100
0 100 132866 5539 161916 10200
0 101 134269 5586 163721 10300
0 101 135617 5632 165468 10400
0 102 137048 5683 167261 10500
0 102 138429 5736 168993 10600
0 103 139759 5787 170630 10700
0 103 141145 5853 172317 10800
0 104 142485 5916 173925 10900
0 104 143875 5995 175585 11000
0 104 145220 6070 177201 11100
0 104 146525 6140 178768 11200
0 105 147890 6228 180456 11300
0 105 149209 6299 182064 11400
0 106 150545 6366 183690 11500
0 106 151902 6464 185378 11600
0 107 153267 6559 187063 11700
0 107 154597 6663 188684 11800
0 108 155932 6745 190284 11900
0 109 157258 6836 191866 12000
0 109 158595 6942 193544 12100
0 109 159912 7041 195155 12200
0 109 161245 7144 196857 12300
0 109 162600 7237 198536 12400
0 111 163993 7351 200293 12500
0 113 165344 7458 201985 12600
0 113 166718 7559 203735 12700
0 113 168070 7652 205433 12800
0 115 169403 7764 207169 12900
0 116 170797 7892 208974 13000
0 116 172146 7999 210763 13100
0 116 173518 8079 212497 13200
0 116 174858 8167 214185 13300
0 116 176205 8252 215870 13400
0 118 177563 8348 217541 13500
0 118 178928 8450 219223 13600
0 119 180219 8507 220825 13700
0 119 181572 8594 222513 13800
0 120 182959 8676 224199 13900
0 120 184308 8760 225905 14000
0 122 185663 8853 227632 14100
0 122 186997 8917 229329 14200
0 123 188363 9026 231015 14300
0 123 189727 9126 232728 14400
0 125 191115 9219 234473 14500
0 125 192453 9315 236170 14600
0 126 193800 9453 237923 14700
0 127 195214 9586 239780 14800
0 127 196602 9662 241583 14900
0 128 198008 9769 243452 15000
0 128 199359 9878 245288 15100
0 129 200737 9975 247138 15200
0 130 202167 10040 249042 15300
0 131 203597 10117 250956 15400
0 131 204998 10185 252723 15500
0 134 206364 10270 254452 15600
0 134 207680 10339 256179 15700
0 134 209020 10411 257872 15800
0 134 210437 10487 259694 15900
0 134 211826 10559 261513 16000
0 134 213186 10632 263292 16100
0 135 214590 10721 265191 16200
0 137 216002 10825 267140 16300
0 137 217420 10923 269006 16400
0 139 218781 11007 270739 16500
0 140 220147 11108 272502 16600
0 140 221496 11205 274261 16700
0 140 222812 11300 275989 16800
0 140 224244 11390 277800 16900
0 140 225625 11499 279550 17000
0 141 226994 11622 281327 17100
0 141 228341 11733 283054 17200
0 142 229713 11830 284762 17300
0 143 231060 11942 286540 17400
0 143 232441 12048 288386 17500
0 143 233836 12121 290135 17600
0 143 235247 12219 291947 17700
0 143 236613 12312 293707 17800
0 144 238023 12409 295482 17900
0 144 239401 12460 297210 18000
0 144 240797 12549 298976 18100
0 144 242186 12614 300735 18200
0 144 243602 12705 302499 18300
0 144 244976 12765 304237 18400
0 144 246390 12829 306052 18500
0 144 247842 12888 307903 18600
0 145 249190 12959 309661 18700
0 145 250625 13011 311524 18800
0 146 252076 13044 313350 18900
0 148 253534 13111 315199 19000
0 148 254902 13171 316959 19100
0 148 256330 13251 318774 19200
0 150 257720 13315 320537 19300
0 150 259142 13386 322352 19400
0 150 260563 13454 324150 19500
0 150 262003 13554 326012 19600
0 151 263371 13656 327779 19700
0 152 264816 13743 329652 19800
0 152 266198 13824 331468 19900
0 153 267607 13909 333291 20000
0 154 269044 13998 335162 20100
0 156 270430 14083 336975 20200
0 156 271893 14183 338859 20300
0 156 273258 14264 340607 20400
0 157 274669 14338 342517 20500
0 158 276083 14409 344442 20600
0 159 277538 14484 346417 20700
0 160 278995 14573 348302 20800
0 160 280419 14662 350171 20900
0 161 281820 14755 351979 21000
0 162 283210 14845 353789 21100
0 165 284626 14905 355586 21200
0 165 285997 15000 357308 21300
0 167 287421 15079 359046 21400
0 169 288839 15156 360883 21500
0 171 290279 15230 362733 21600
0 171 291695 15303 364528 21700
0 172 293114 15348 366296 21800
0 173 294519 15413 368056 21900
0 174 295976 15484 369930 22000
0 174 297376 15536 371685 22100
0 174 298868 15594 373572 22200
0 174 300274 15663 375373 22300
0 175 301685 15724 377192 22400
0 176 303047 15782 378965 22500
0 176 304500 15856 380788 22600
0 177 305911 15916 382551 22700
0 178 307307 15955 384317 22800
0 178 308800 16022 386170 22900
0 178 310210 16085 387959 23000
0 178 311637 16137 389755 23100
0 179 313021 16191 391463 23200
0 179 314407 16263 393177 23300
0 179 315815 16344 394894 23400
0 179 317151 16418 396575 23500
0 179 318564 16507 398317 23600
0 179 319984 16576 400081 23700
0 180 321384 16639 401824 23800
0 181 322775 16725 403650 23900
0 181 324211 16792 405469 24000
0 181 325640 16862 407385 24100
0 181 327096 16961 409326 24200
0 181 328534 17050 411177 24300
0 181 329971 17149 413050 24400
0 181 331413 17239 414926 24500
0 181 332878 17307 416791 24600
0 181 334264 17345 418556 24700
0 181 335664 17407 420315 24800
0 181 337141 17456 422144 24900
0 181 338521 17520 423914 25000
0 181 339907 17567 425708 25100
0 181 341324 17627 427531 25200
0 181 342696 17681 429223 25300
0 181 344091 17725 430928 25400
0 181 345485 17777 432633 25500
0 181 346871 17828 434347 25600
0 181 348276 17881 436091 25700
0 181 349641 17945 437834 25800
0 182 351095 18008 439752 25900
0 182 352500 18068 441668 26000
0 182 353907 18137 443510 26100
0 183 355364 18216 445337 26200
0 183 356783 18294 447211 26300
0 183 358277 18374 449154 26400
0 183 359672 18434 450943 26500
0 183 361112 18488 452758 26600
0 183 362535 18561 454552 26700
0 183 363963 18628 456291 26800
0 183 365366 18690 458074 26900
0 183 366851 18761 459977 27000
0 183 368260 18824 461749 27100
0 183 369697 18893 463593 27200
0 184 371105 18960 465388 27300
0 184 372534 19014 467213 27400
0 184 373981 19079 469088 27500
0 186 375422 19200 471007 27600
0 186 376822 19324 472853 27700
0 186 378264 19421 474705 27800
0 186 379656 19522 476517 27900
0 186 381013 19618 478288 28000
0 186 382393 19710 480050 28100
0 186 383778 19827 481822 28200
0 186 385176 19920 483605 28300
0 186 386587 20014 485563 28400
0 186 388020 20108 487537 28500
0 186 389452 20192 489519 28600
0 187 390908 20290 491422 28700
0 187 392294 20377 493271 28800
0 188 393716 20464 495182 28900
0 188 395108 20544 497096 29000
0 189 396505 20614 498964 29100
0 189 397910 20690 500761 29200
0 189 399271 20766 502424 29300
0 190 400607 20846 504075 29400
0 190 401933 20921 505690 29500
0 190 403262 20982 507253 29600
0 190 404622 21054 508835 29700
0 190 405986 21142 510476 29800
0 190 407309 21211 512030 29900
0 0 0 0 0 0
0 7 670 0 682 100
0 15 1476 3 1507 200
0 17 1827 6 1870 300
0 18 2227 7 2284 400
0 19 2760 8 2823 500
0 20 3376 16 3456 600
0 23 4053 26 4156 700
0 23 4778 33 4913 800
0 24 5596 38 5777 900
0 25 6421 42 6630 1000
0 26 7360 43 7643 1100
0 28 8298 46 8652 1200
0 28 9382 46 9806 1300
0 29 10501 47 10987 1400
0 29 11624 52 12165 1500
0 30 12811 60 13444 1600
0 31 14014 65 14745 1700
0 31 15277 74 16086 1800
0 31 16558 79 17448 1900
0 32 17802 86 18799 2000
0 32 19108 97 20246 2100
0 32 20428 124 21737 2200
0 32 21715 137 23186 2300
0 32 22997 158 24626 2400
0 32 24309 199 26149 2500
0 32 25645 245 27734 2600
0 32 26936 312 29269 2700
0 32 28288 359 30807 2800
0 32 29611 397 32348 2900
0 32 30928 434 33877 3000
0 32 32299 478 35426 3100
0 32 33610 522 36913 3200
0 32 34995 565 38481 3300
0 32 36336 596 40004 3400
0 32 37670 640 41556 3500
0 32 39043 680 43156 3600
0 32 40426 730 44760 3700
0 32 41794 784 46360 3800
0 32 43149 834 47944 3900
0 34 44538 872 49590 4000
0 34 45895 904 51196 4100
0 35 47258 949 52844 4200
0 35 48667 984 54521 4300
0 36 50060 1031 56234 4400
0 37 51398 1086 57899 4500
0 37 52854 1140 59647 4600
0 38 54193 1205 61303 4700
0 40 55603 1270 63075 4800
0 41 57011 1340 64852 4900
0 41 58443 1397 66654 5000
0 44 59806 1467 68471 5100
0 44 61276 1540 70381 5200
0 46 62663 1594 72262 5300
0 47 64065 1632 74183 5400
0 48 65498 1685 76170 5500
0 48 66953 1716 78179 5600
0 49 68339 1752 80106 5700
0 49 69760 1792 82059 5800
0 50 71177 1851 83919 5900
0 50 72574 1886 85705 6000
0 50 73906 1907 87386 6100
0 50 75286 1958 89093 6200
0 50 76620 1992 90790 6300
0 50 77943 2024 92390 6400
0 50 79316 2060 94037 6500
0 50 80711 2103 95699 6600
0 50 82012 2139 97242 6700
0 50 83397 2180 98911 6800
0 50 84722 2226 100535 6900
0 50 86040 2261 102125 7000
0 50 87359 2284 103734 7100
0 50 88668 2312 105280 7200
0 50 89960 2366 106861 7300
0 50 91259 2429 108417 7400
0 52 92557 2473 110053 7500
0 52 93943 2518 111769 7600
0 53 95310 2590 113486 7700
0 53 96696 2644 115232 7800
0 53 98023 2698 116947 7900
0 53 99407 2744 118691 8000
0 53 100766 2794 120357 8100
0 53 102133 2860 121986 8200
0 53 103460 2918 123603 8300
0 53 104800 2972 125329 8400
0 53 106162 3049 127026 8500
0 53 107585 3131 128774 8600
0 54 108944 3205 130465 8700
0 54 110346 3279 132244 8800
0 54 111748 3354 134010 8900
0 54 113157 3430 135754 9000
0 54 114569 3486 137555 9100
0 55 115947 3571 139337 9200
0 56 117329 3634 141042 9300
0 57 118722 3712 142745 9400
0 57 120086 3781 144410 9500
0 58 121428 3849 146048 9600
0 58 122800 3917 147669 9700
0 59 124160 3986 149314 9800
0 59 125528 4045 151010 9900
0 59 126886 4093 152699 10000
0 60 128278 4138 154393 10100
0 61 129685 4202 156105 10200
0 61 131049 4263 157793 10300
0 61 132409 4318 159476 10400
0 63 133735 4345 161138 10500
0 63 135156 4372 162932 10600
0 64 136577 4407 164692 10700
0 64 137959 4444 166486 10800
0 64 139341 4497 168241 10900
0 64 140714 4542 169907 11000
0 64 142057 4603 171620 11100
0 64 143426 4647 173293 11200
0 64 144765 4678 174935 11300
0 65 146119 4717 176596 11400
0 65 147438 4759 178217 11500
0 65 148800 4792 179850 11600
0 65 150158 4833 181485 11700
0 65 151503 4880 183118 11800
0 65 152915 4919 184846 11900
0 65 154299 4966 186515 12000
0 65 155688 5022 188193 12100
0 65 157076 5078 189867 12200
0 65 158478 5147 191598 12300
0 65 159912 5213 193381 12400
0 65 161317 5280 195154 12500
0 65 162741 5338 196899 12600
0 65 164156 5388 198685 12700
0 65 165540 5462 200437 12800
0 65 166977 5527 202292 12900
0 65 168408 5592 204147 13000
0 65 169828 5662 205993 13100
0 65 171316 5740 207881 13200
0 65 172705 5821 209690 13300
0 65 174098 5893 211422 13400
0 65 175459 5966 213145 13500
0 65 176854 6027 214948 13600
0 66 178226 6082 216701 13700
0 66 179618 6157 218473 13800
0 66 181037 6223 220303 13900
0 66 182419 6281 222149 14000
0 66 183855 6340 224108 14100
0 66 185262 6384 225938 14200
0 66 186631 6442 227753 14300
0 67 188014 6485 229553 14400
0 67 189401 6538 231368 14500
0 67 190803 6605 233177 14600
0 67 192182 6669 234899 14700
0 67 193524 6711 236554 14800
0 67 194942 6761 238283 14900
0 67 196231 6819 239825 15000
0 67 197615 6870 241506 15100
0 67 198974 6909 243163 15200
0 67 200415 6942 244879 15300
0 67 201748 6996 246599 15400
0 67 203196 7060 248468 15500
0 67 204619 7102 250304 15600
0 67 206106 7143 252136 15700
0 67 207527 7196 253957 15800
0 68 208952 7249 255764 15900
0 68 210407 7291 257525 16000
0 68 211812 7336 259240 16100
0 68 213202 7399 260978 16200
0 69 214636 7450 262805 16300
0 69 216057 7520 264671 16400
0 69 217465 7616 266559 16500
0 69 218865 7683 268366 16600
0 69 220295 7745 270207 16700
0 69 221711 7821 272041 16800
0 69 223067 7909 273765 16900
0 69 224449 7981 275483 17000
0 70 225779 8056 277125 17100
0 71 227130 8112 278844 17200
0 72 228517 8183 280567 17300
0 72 229899 8225 282228 17400
0 72 231264 8279 283846 17500
0 72 232654 8329 285513 17600
0 72 234018 8381 287176 17700
0 72 235384 8424 288866 17800
0 72 236802 8496 290636 17900
0 72 238206 8549 292403 18000
0 72 239589 8621 294152 18100
0 72 241016 8694 296013 18200
0 72 242437 8751 297790 18300
0 72 243838 8826 299572 18400
0 72 245187 8885 301262 18500
0 72 246495 8942 302841 18600
0 72 247852 8997 304476 18700
0 72 249213 9041 306110 18800
0 72 250516 9095 307722 18900
0 72 251869 9150 309372 19000
0 72 253217 9189 310971 19100
0 72 254577 9217 312590 19200
0 72 255910 9263 314243 19300
0 72 257238 9292 315794 19400
0 72 258604 9320 317431 19500
0 72 259950 9344 319076 19600
0 72 261323 9371 320721 19700
0 72 262667 9391 322322 19800
0 73 264021 9429 323937 19900
0 73 265369 9463 325483 20000
0 73 266698 9498 327019 20100
0 74 268097 9531 328665 20200
0 74 269408 9571 330201 20300
0 74 270753 9604 331713 20400
0 74 272124 9620 333231 20500
0 74 273464 9645 334767 20600
0 74 274817 9663 336273 20700
0 74 276153 9701 337781 20800
0 74 277496 9739 339285 20900
0 74 278798 9767 340764 21000
0 74 280152 9799 342309 21100
0 74 281472 9854 343861 21200
0 74 282891 9900 345516 21300
0 74 284263 9934 347113 21400
0 74 285611 9954 348707 21500
0 74 286990 9992 350414 21600
0 74 288319 10014 351978 21700
0 74 289687 10026 353556 21800
0 74 291017 10038 355149 21900
0 74 292378 10056 356752 22000
0 74 293684 10080 358333 22100
0 74 295039 10104 359947 22200
0 74 296344 10133 361526 22300
0 74 297674 10167 363132 22400
0 74 298974 10204 364708 22500
0 74 300262 10240 366215 22600
0 74 301623 10277 367779 22700
0 74 302918 10310 369305 22800
0 74 304225 10337 370929 22900
0 74 305595 10381 372642 23000
0 74 307019 10422 374369 23100
0 74 308377 10453 375938 23200
0 74 309720 10482 377517 23300
0 74 311080 10525 379097 23400
0 74 312334 10560 380582 23500
0 74 313751 10584 382234 23600
0 74 315074 10635 383871 23700
0 74 316441 10705 385568 23800
0 75 317839 10770 387229 23900
0 75 319162 10825 388806 24000
0 75 320533 10898 390504 24100
0 75 321876 10951 392118 24200
0 75 323249 11043 393823 24300
0 75 324676 11121 395548 24400
0 75 326045 11209 397227 24500
0 76 327428 11308 398958 24600
0 76 328824 11394 400624 24700
0 76 330218 11466 402290 24800
0 76 331624 11529 403962 24900
0 76 333048 11561 405612 25000
0 77 334456 11597 407256 25100
0 77 335854 11637 408858 25200
0 77 337252 11701 410493 25300
0 77 338678 11742 412121 25400
0 77 340021 11810 413722 25500
0 77 341417 11888 415371 25600
0 77 342792 11977 416980 25700
0 78 344141 12059 418565 25800
0 78 345548 12143 420202 25900
0 79 346900 12222 421822 26000
0 79 348270 12312 423441 26100
0 79 349594 12379 425060 26200
0 80 351016 12439 426823 26300
0 80 352486 12510 428665 26400
0 80 353929 12597 430478 26500
0 80 355310 12655 432226 26600
0 80 356697 12743 433941 26700
0 80 358113 12815 435691 26800
0 80 359484 12886 437360 26900
0 80 360864 12933 439025 27000
0 80 362209 12980 440653 27100
0 80 363617 13017 442304 27200
0 81 364977 13048 444008 27300
0 82 366366 13085 445721 27400
0 83 367766 13148 447516 27500
0 84 369186 13212 449430 27600
0 85 370591 13272 451339 27700
0 85 372021 13332 453351 27800
0 85 373466 13399 455323 27900
0 86 374915 13462 457265 28000
0 87 376339 13545 459098 28100
0 88 377745 13610 460904 28200
0 89 379130 13687 462655 28300
0 90 380555 13747 464362 28400
0 90 381964 13800 466054 28500
0 91 383329 13851 467695 28600
0 91 384710 13908 469308 28700
0 93 386113 13944 470952 28800
0 93 387465 13986 472530 28900
0 94 388788 14018 474091 29000
0 94 390186 14064 475712 29100
0 96 391595 14083 477339 29200
0 96 392950 14121 478890 29300
0 97 394392 14166 480521 29400
0 97 395723 14207 482072 29500
0 98 397124 14224 483659 29600
0 99 398465 14277 485306 29700
0 100 399815 14326 486881 29800
0 100 401215 14391 488598 29900
0 0 0 0 0 0
0 2 692 0 701 100
0 5 1478 2 1506 200
0 5 1740 3 1781 300
0 7 2129 3 2182 400
0 7 2687 5 2753 500
0 8 3320 5 3408 600
0 9 4054 7 4166 700
0 9 4837 9 4975 800
0 10 5727 19 5905 900
0 11 6631 31 6868 1000
0 12 7607 41 7930 1100
0 12 8664 59 9077 1200
0 12 9781 71 10265 1300
0 13 10873 77 11452 1400
0 14 12029 92 12684 1500
0 15 13135 113 13917 1600
0 16 14284 127 15176 1700
0 16 15451 156 16488 1800
0 18 16617 182 17791 1900
0 19 17764 206 19080 2000
0 19 19017 238 20533 2100
0 20 20263 261 21947 2200
0 21 21477 291 23334 2300
0 21 22725 319 24708 2400
0 21 23967 342 26128 2500
0 24 25238 372 27569 2600
0 24 26494 411 29033 2700
0 25 27796 443 30563 2800
0 26 29095 501 32139 2900
0 26 30391 547 33696 3000
0 28 31701 624 35317 3100
0 28 32942 689 36827 3200
0 30 34307 772 38464 3300
0 30 35594 840 40033 3400
0 31 36944 915 41755 3500
0 31 38308 985 43477 3600
0 33 39721 1071 45294 3700
0 34 41108 1167 47006 3800
0 35 42501 1278 48838 3900
0 36 43905 1377 50722 4000
0 38 45289 1484 52535 4100
0 39 46673 1585 54426 4200
0 40 48068 1684 56206 4300
0 40 49453 1768 57949 4400
0 40 50857 1859 59667 4500
0 40 52204 1956 61384 4600
0 40 53597 2060 63204 4700
0 41 54994 2150 64949 4800
0 41 56376 2233 66712 4900
0 43 57707 2317 68446 5000
0 43 59099 2400 70250 5100
0 43 60461 2492 72031 5200
0 44 61838 2600 73847 5300
0 46 63261 2690 75673 5400
0 46 64683 2801 77504 5500
0 47 66074 2914 79304 5600
0 47 67495 3011 81137 5700
0 48 68911 3101 82935 5800
0 48 70308 3178 84692 5900
0 48 71683 3277 86449 6000
0 49 73099 3365 88239 6100
0 50 74493 3448 90064 6200
0 50 75902 3511 91887 6300
0 50 77281 3577 93691 6400
0 50 78723 3659 95595 6500
0 50 80132 3756 97510 6600
0 51 81571 3838 99381 6700
0 51 83012 3901 101210 6800
0 51 84381 3960 102875 6900
0 52 85732 4025 104572 7000
0 52 87093 4093 106271 7100
0 52 88443 4146 107959 7200
0 52 89835 4213 109718 7300
0 53 91229 4283 111533 7400
0 53 92610 4356 113287 7500
0 53 94016 4438 115157 7600
0 54 95414 4519 116999 7700
0 54 96833 4603 118792 7800
0 55 98250 4672 120560 7900
0 56 99607 4740 122240 8000
0 58 100938 4840 123933 8100
0 58 102308 4922 125721 8200
0 58 103686 4986 127519 8300
0 58 105043 5053 129303 8400
0 58 106432 5133 131205 8500
0 59 107853 5193 133150 8600
0 59 109270 5257 135089 8700
0 59 110727 5329 137028 8800
0 61 112093 5369 138826 8900
0 62 113523 5438 140688 9000
0 64 114893 5503 142463 9100
0 64 116244 5579 144171 9200
0 66 117622 5643 145876 9300
0 67 118934 5707 147502 9400
0 67 120337 5746 149174 9500
0 70 121705 5830 150843 9600
0 70 122996 5873 152401 9700
0 72 124400 5947 154093 9800
0 72 125756 6014 155781 9900
0 73 127108 6070 157448 10000
0 73 128486 6124 159161 10100
0 75 129834 6195 160864 10200
0 76 131229 6262 162532 10300
0 77 132541 6327 164131 10400
0 79 133895 6371 165759 10500
0 80 135200 6440 167301 10600
0 81 136516 6504 168944 10700
0 82 137848 6583 170569 10800
0 85 139202 6662 172302 10900
0 86 140555 6757 174030 11000
0 88 141910 6868 175761 11100
0 89 143293 6958 177531 11200
0 91 144657 7032 179235 11300
0 91 146069 7147 181014 11400
0 92 147441 7272 182782 11500
0 93 148851 7406 184592 11600
0 95 150211 7528 186423 11700
0 96 151583 7677 188342 11800
0 97 152971 7815 190252 11900
0 97 154428 7926 192248 12000
0 98 155791 8061 194230 12100
0 100 157248 8217 196218 12200
0 101 158651 8319 198088 12300
0 102 160076 8437 200020 12400
0 105 161458 8575 201954 12500
0 107 162841 8729 203901 12600
0 110 164269 8856 205955 12700
0 111 165688 9020 208020 12800
0 113 167110 9169 210110 12900
0 115 168562 9349 212279 13000
0 117 169981 9505 214307 13100
0 118 171405 9675 216370 13200
0 119 172812 9815 218365 13300
0 119 174233 9954 220396 13400
0 120 175675 10101 222413 13500
0 121 177077 10226 224348 13600
0 121 178465 10335 226284 13700
0 121 179895 10442 228241 13800
0 121 181276 10564 230215 13900
0 122 182643 10672 232223 14000
0 122 184088 10788 234296 14100
0 122 185608 10929 236535 14200
0 122 187003 11046 238500 14300
0 123 188384 11168 240427 14400
0 123 189800 11268 242322 14500
0 123 191190 11364 244140 14600
0 123 192569 11464 245871 14700
0 123 193961 11556 247659 14800
0 123 195362 11637 249455 14900
0 123 196728 11719 251245 15000
0 125 198118 11809 253045 15100
0 125 199541 11906 254937 15200
0 128 200947 11991 256747 15300
0 128 202334 12087 258605 15400
0 129 203699 12186 260497 15500
0 131 205102 12292 262371 15600
0 132 206515 12398 264243 15700
0 133 207873 12502 266048 15800
0 133 209280 12597 267878 15900
0 136 210674 12689 269713 16000
0 136 212098 12782 271622 16100
0 137 213484 12881 273431 16200
0 138 214901 12972 275248 16300
0 139 216304 13044 277083 16400
0 139 217709 13156 278941 16500
0 140 219149 13285 280883 16600
0 140 220582 13358 282735 16700
0 140 222022 13444 284588 16800
0 141 223423 13560 286393 16900
0 142 224813 13648 288129 17000
0 144 226207 13728 289854 17100
0 144 227591 13813 291630 17200
0 144 228952 13905 293368 17300
0 144 230394 13988 295225 17400
0 144 231815 14085 297075 17500
0 144 233242 14158 299001 17600
0 145 234634 14245 300849 17700
0 145 236024 14346 302725 17800
0 145 237453 14452 304658 17900
0 145 238817 14556 306486 18000
0 145 240207 14682 308352 18100
0 145 241594 14837 310162 18200
0 146 242982 15005 312055 18300
0 148 244387 15146 313952 18400
0 149 245762 15309 315804 18500
0 149 247160 15453 317669 18600
0 150 248535 15574 319404 18700
0 151 249929 15685 321194 18800
0 151 251322 15787 322967 18900
0 152 252699 15888 324774 19000
0 152 254068 15978 326509 19100
0 153 255443 16089 328321 19200
0 153 256820 16177 330091 19300
0 156 258222 16268 331906 19400
0 156 259599 16356 333689 19500
0 158 261011 16480 335553 19600
0 158 262337 16548 337338 19700
0 160 263740 16642 339166 19800
0 162 265162 16716 341095 19900
0 162 266555 16785 342934 20000
0 164 267965 16857 344803 20100
0 165 269401 16929 346705 20200
0 166 270791 17005 348486 20300
0 166 272243 17059 350247 20400
0 168 273609 17095 351948 20500
0 168 274984 17153 353640 20600
0 169 276410 17216 355427 20700
0 169 277800 17261 357202 20800
0 170 279180 17306 358905 20900
0 170 280572 17364 360633 21000
0 170 281931 17441 362360 21100
0 171 283364 17507 364122 21200
0 171 284795 17568 365941 21300
0 172 286175 17618 367654 21400
0 174 287616 17691 369467 21500
0 174 289037 17744 371218 21600
0 174 290431 17798 372894 21700
0 174 291856 17857 374621 21800
0 174 293169 17890 376199 21900
0 174 294647 17932 377994 22000
0 174 296031 17987 379717 22100
0 174 297459 18054 381488 22200
0 174 298889 18100 383286 22300
0 175 300317 18175 385095 22400
0 175 301733 18222 386780 22500
0 176 303112 18271 388469 22600
0 176 304472 18320 390107 22700
0 177 305829 18374 391720 22800
0 177 307238 18411 393344 22900
0 177 308632 18460 394982 23000
0 177 310035 18512 396631 23100
0 178 311453 18562 398307 23200
0 179 312890 18623 399999 23300
0 179 314242 18672 401586 23400
0 179 315653 18717 403243 23500
0 179 317060 18766 404886 23600
0 179 318460 18820 406504 23700
0 180 319871 18865 408171 23800
0 181 321230 18913 409845 23900
0 183 322646 18971 411569 24000
0 184 324049 19031 413354 24100
0 184 325488 19115 415214 24200
0 186 326922 19174 417047 24300
0 188 328374 19245 418891 24400
0 189 329806 19334 420685 24500
0 191 331207 19408 422463 24600
0 191 332597 19501 424204 24700
0 191 333998 19608 425982 24800
0 191 335392 19706 427797 24900
0 191 336752 19813 429551 25000
0 191 338131 19933 431288 25100
0 191 339482 20019 432958 25200
0 193 340839 20113 434619 25300
0 193 342190 20172 436314 25400
0 193 343527 20243 437958 25500
0 193 344847 20303 439524 25600
0 193 346206 20366 441192 25700
0 194 347553 20434 442858 25800
0 194 348901 20500 444503 25900
0 194 350224 20550 446138 26000
0 194 351609 20602 447825 26100
0 194 352939 20669 449479 26200
0 194 354316 20752 451181 26300
0 194 355699 20839 452882 26400
0 194 357005 20904 454481 26500
0 194 358405 20973 456253 26600
0 195 359800 21035 457939 26700
0 195 361206 21097 459644 26800
0 196 362555 21141 461274 26900
0 197 363948 21199 462982 27000
0 197 365330 21282 464679 27100
0 197 366723 21359 466378 27200
0 197 368111 21436 468065 27300
0 197 369452 21516 469699 27400
0 197 370870 21586 471377 27500
0 198 372257 21663 473088 27600
0 198 373622 21734 474760 27700
0 198 375027 21816 476504 27800
0 198 376386 21884 478162 27900
0 198 377779 21976 479844 28000
0 198 379152 22038 481541 28100
0 198 380489 22075 483108 28200
0 198 381859 22133 484745 28300
0 199 383205 22172 486359 28400
0 199 384620 22214 488057 28500
0 199 385915 22252 489640 28600
0 199 387298 22283 491253 28700
0 199 388665 22328 492912 28800
0 200 390074 22395 494582 28900
0 201 391421 22464 496247 29000
0 201 392771 22532 497864 29100
0 201 394159 22597 499546 29200
0 201 395506 22661 501146 29300
0 202 396901 22735 502863 29400
0 202 398256 22808 504533 29500
0 202 399632 22884 506216 29600
0 202 401022 22971 507966 29700
0 202 402395 23063 509680 29800
0 203 403753 23147 511307 29900
0 0 0 0 0 0
0 2 671 0 678 100
0 6 1466 1 1492 200
0 6 1792 4 1831 300
0 6 2203 4 2251 400
0 7 2738 5 2794 500
0 7 3401 5 3463 600
0 8 4162 5 4235 700
0 8 4995 6 5076 800
0 8 5882 18 5989 900
0 8 6845 30 7003 1000
0 8 7843 48 8082 1100
0 9 8932 65 9248 1200
0 9 10065 103 10458 1300
0 9 11243 150 11757 1400
0 9 12491 195 13168 1500
0 9 13738 247 14571 1600
0 9 15006 304 16030 1700
0 9 16283 397 17546 1800
0 9 17547 469 19062 1900
0 9 18902 518 20634 2000
0 9 20281 601 22276 2100
0 9 21546 699 23841 2200
0 9 22923 823 25512 2300
0 9 24265 918 27139 2400
0 9 25573 1005 28742 2500
0 10 26929 1100 30430 2600
0 10 28225 1204 32039 2700
0 10 29568 1295 33723 2800
0 10 30918 1382 35423 2900
0 10 32243 1474 37047 3000
0 11 33609 1552 38742 3100
0 11 34978 1645 40475 3200
0 12 36328 1711 42145 3300
0 12 37688 1794 43830 3400
0 12 39086 1889 45600 3500
0 12 40451 1952 47283 3600
0 12 41858 2049 49101 3700
0 13 43234 2158 50951 3800
0 13 44667 2262 52820 3900
0 14 46097 2365 54688 4000
0 15 47506 2468 56518 4100
0 16 48906 2555 58364 4200
0 17 50294 2653 60198 4300
0 17 51682 2748 62108 4400
0 17 53107 2838 64010 4500
0 18 54499 2897 65718 4600
0 18 55870 2967 67467 4700
0 20 57320 3032 69275 4800
0 21 58664 3096 70959 4900
0 22 60078 3140 72703 5000
0 22 61514 3208 74498 5100
0 22 62940 3276 76280 5200
0 23 64368 3309 77977 5300
0 23 65708 3356 79582 5400
0 24 67124 3397 81266 5500
0 24 68502 3444 82948 5600
0 25 69871 3482 84574 5700
0 25 71254 3531 86185 5800
0 25 72608 3588 87786 5900
0 26 73981 3647 89456 6000
0 26 75349 3686 91196 6100
0 27 76765 3741 92942 6200
0 27 78185 3800 94711 6300
0 29 79579 3868 96477 6400
0 29 80970 3938 98236 6500
0 29 82376 3994 100014 6600
0 29 83785 4067 101784 6700
0 30 85179 4163 103594 6800
0 30 86581 4228 105377 6900
0 30 87989 4312 107147 7000
0 32 89353 4390 108863 7100
0 33 90666 4474 110510 7200
0 33 92034 4562 112291 7300
0 33 93414 4642 113965 7400
0 33 94748 4725 115598 7500
0 33 96096 4810 117225 7600
0 33 97493 4910 119039 7700
0 33 98853 5012 120805 7800
0 33 100270 5094 122656 7900
0 34 101656 5164 124481 8000
0 34 103089 5226 126288 8100
0 34 104489 5292 128163 8200
0 34 105869 5368 129971 8300
0 34 107243 5423 131717 8400
0 35 108660 5483 133524 8500
0 36 110018 5527 135293 8600
0 36 111390 5561 137014 8700
0 36 112817 5593 138747 8800
0 36 114220 5632 140484 8900
0 36 115523 5665 142057 9000
0 36 116977 5709 143838 9100
0 36 118328 5751 145490 9200
0 36 119727 5800 147174 9300
0 36 121102 5828 148774 9400
0 36 122507 5857 150508 9500
0 36 123839 5886 152175 9600
0 37 125264 5919 153950 9700
0 39 126671 5954 155690 9800
0 41 128066 5993 157418 9900
0 41 129406 6037 159089 10000
0 41 130787 6098 160777 10100
0 44 132159 6148 162411 10200
0 45 133481 6211 163995 10300
0 45 134808 6286 165610 10400
0 48 136157 6360 167251 10500
0 48 137542 6425 168910 10600
0 50 138919 6499 170581 10700
0 50 140284 6581 172206 10800
0 52 141621 6664 173831 10900
0 52 142981 6755 175502 11000
0 53 144325 6834 177160 11100
0 53 145720 6918 178880 11200
0 53 147168 7011 180711 11300
0 54 148578 7095 182515 11400
0 55 149991 7174 184373 11500
0 55 151448 7234 186278 11600
0 56 152944 7304 188261 11700
0 57 154400 7375 190357 11800
0 57 155911 7445 192455 11900
0 58 157369 7520 194517 12000
0 59 158822 7608 196567 12100
0 60 160302 7693 198646 12200
0 62 161700 7772 200643 12300
0 62 163180 7894 202687 12400
0 63 164650 8020 204667 12500
0 63 166137 8121 206573 12600
0 63 167511 8190 208353 12700
0 63 168958 8263 210204 12800
0 65 170416 8325 212132 12900
0 66 171806 8399 213916 13000
0 66 173216 8468 215728 13100
0 66 174670 8568 217551 13200
0 67 176074 8642 219274 13300
0 67 177438 8726 220957 13400
0 68 178833 8806 222686 13500
0 68 180194 8901 224392 13600
0 68 181592 8984 226105 13700
0 69 182993 9109 227882 13800
0 70 184339 9230 229617 13900
0 71 185776 9354 231457 14000
0 71 187150 9456 233292 14100
0 71 188538 9558 235105 14200
0 72 190019 9660 237056 14300
0 72 191437 9764 238926 14400
0 73 192862 9866 240826 14500
0 73 194259 9959 242709 14600
0 75 195652 10036 244576 14700
0 75 197050 10119 246448 14800
0 77 198470 10214 248435 14900
0 78 199873 10308 250363 15000
0 78 201250 10396 252244 15100
0 79 202645 10470 254044 15200
0 81 204076 10550 255892 15300
0 83 205393 10603 257587 15400
0 83 206734 10696 259365 15500
0 85 208091 10768 261099 15600
0 87 209406 10863 262762 15700
0 88 210772 10972 264512 15800
0 88 212138 11057 266195 15900
0 89 213499 11153 267878 16000
0 89 214888 11269 269606 16100
0 91 216271 11354 271383 16200
0 91 217695 11456 273218 16300
0 92 219086 11535 275001 16400
0 92 220478 11606 276720 16500
0 92 221852 11676 278487 16600
0 92 223206 11764 280214 16700
0 92 224603 11867 281959 16800
0 92 225977 11974 283679 16900
0 92 227386 12049 285458 17000
0 92 228748 12145 287242 17100
0 92 230165 12286 289085 17200
0 92 231568 12406 290900 17300
0 92 233023 12476 292695 17400
0 92 234390 12570 294448 17500
0 92 235822 12657 296282 17600
0 92 237213 12781 298067 17700
0 92 238624 12880 299816 17800
0 92 239959 12953 301464 17900
0 92 241337 13035 303151 18000
0 92 242691 13115 304838 18100
0 92 244063 13226 306571 18200
0 94 245448 13299 308310 18300
0 94 246791 13366 310032 18400
0 95 248206 13429 311839 18500
0 95 249589 13518 313645 18600
0 96 251027 13606 315544 18700
0 96 252402 13670 317331 18800
0 96 253787 13759 319121 18900
0 96 255136 13840 320837 19000
0 96 256497 13919 322501 19100
0 96 257830 13994 324163 19200
0 96 259121 14090 325771 19300
0 96 260495 14169 327481 19400
0 96 261832 14221 329128 19500
0 96 263254 14274 330866 19600
0 97 264592 14329 332537 19700
0 98 265982 14393 334243 19800
0 98 267295 14460 335862 19900
0 98 268635 14529 337529 20000
0 98 269992 14575 339169 20100
0 98 271345 14640 340842 20200
0 98 272707 14712 342510 20300
0 99 274024 14786 344072 20400
0 99 275353 14854 345629 20500
0 99 276713 14925 347245 20600
0 99 278046 14986 348780 20700
0 99 279384 15034 350325 20800
0 99 280751 15086 351886 20900
0 99 282065 15156 353413 21000
0 100 283424 15220 355028 21100
0 100 284785 15271 356611 21200
0 100 286145 15352 358253 21300
0 100 287492 15440 359919 21400
0 100 288901 15517 361646 21500
0 100 290269 15588 363390 21600
0 100 291646 15679 365190 21700
0 100 293035 15765 366990 21800
0 100 294473 15818 368782 21900
0 100 295811 15883 370446 22000
0 100 297205 15938 372119 22100
0 100 298568 15993 373729 22200
0 101 299922 16051 375326 22300
0 101 301251 16098 376877 22400
0 101 302564 16140 378397 22500
0 102 303967 16184 380037 22600
0 102 305367 16226 381657 22700
0 103 306692 16271 383222 22800
0 103 308100 16337 384900 22900
0 104 309456 16400 386533 23000
0 104 310875 16451 388211 23100
0 105 312248 16509 389866 23200
0 105 313596 16566 391532 23300
0 105 315017 16604 393288 23400
0 105 316400 16645 394958 23500
0 106 317889 16682 396692 23600
0 106 319233 16749 398304 23700
0 106 320631 16814 400056 23800
0 106 322026 16885 401768 23900
0 106 323388 16986 403478 24000
0 107 324762 17104 405233 24100
0 108 326119 17222 407025 24200
0 108 327503 17350 408898 24300
0 108 328886 17475 410792 24400
0 108 330301 17581 412729 24500
0 108 331740 17714 414628 24600
0 108 333093 17852 416457 24700
0 109 334533 17984 418484 24800
0 109 335954 18115 420452 24900
0 109 337346 18239 422420 25000
0 109 338741 18352 424299 25100
0 109 340181 18495 426287 25200
0 110 341550 18614 428170 25300
0 111 342954 18756 430051 25400
0 111 344371 18883 431877 25500
0 111 345762 18989 433649 25600
0 111 347137 19097 435365 25700
0 111 348491 19203 437080 25800
0 112 349882 19317 438822 25900
0 112 351284 19406 440539 26000
0 113 352630 19501 442285 26100
0 113 354060 19598 444061 26200
0 114 355482 19709 445893 26300
0 114 356812 19803 447607 26400
0 114 358283 19915 449512 26500
0 114 359694 20025 451332 26600
0 114 361139 20134 453248 26700
0 114 362552 20232 455150 26800
0 114 363970 20375 457060 26900
0 114 365422 20482 458986 27000
0 114 366856 20587 460855 27100
0 114 368239 20685 462652 27200
0 114 369633 20779 464498 27300
0 114 371083 20895 466497 27400
0 115 372531 21003 468478 27500
0 116 373936 21099 470401 27600
0 116 375425 21204 472391 27700
0 116 376872 21300 474300 27800
0 117 378271 21381 476160 27900
0 117 379643 21444 477906 28000
0 117 381136 21488 479767 28100
0 117 382530 21551 481500 28200
0 117 383981 21594 483206 28300
0 117 385329 21654 484851 28400
0 118 386717 21700 486469 28500
0 118 388151 21741 488213 28600
0 118 389494 21777 489839 28700
0 118 390858 21795 491434 28800
0 118 392240 21827 493075 28900
0 118 393666 21871 494733 29000
0 118 395023 21909 496299 29100
0 120 396352 21946 497825 29200
0 121 397713 21993 499393 29300
0 121 399063 22053 500948 29400
0 122 400466 22087 502540 29500
0 122 401804 22139 504064 29600
0 122 403188 22170 505590 29700
0 122 404567 22194 507156 29800
0 122 405951 22234 508701 29900
0 0 0 0 0 0
0 6 670 0 685 100
0 9 1528 1 1556 200
0 9 1966 5 2009 300
0 11 2551 5 2601 400
0 12 3223 8 3292 500
0 12 3928 10 4014 600
0 13 4714 16 4833 700
0 13 5498 28 5696 800
0 13 6403 46 6673 900
0 13 7419 68 7769 1000
0 13 8479 93 8937 1100
0 13 9609 135 10197 1200
0 13 10808 167 11547 1300
0 13 12020 190 12940 1400
0 13 13285 213 14384 1500
0 13 14610 248 15919 1600
0 13 15930 302 17476 1700
0 13 17224 361 19021 1800
0 13 18583 405 20657 1900
0 14 19930 452 22267 2000
0 14 21208 500 23780 2100
0 14 22553 542 25398 2200
0 15 23909 596 27025 2300
0 15 25177 638 28566 2400
0 16 26533 699 30295 2500
0 17 27804 739 31902 2600
0 18 29146 802 33630 2700
0 18 30490 851 35304 2800
0 20 31837 923 37078 2900
0 21 33225 1006 38902 3000
0 21 34616 1088 40790 3100
0 21 36022 1172 42632 3200
0 21 37384 1229 44447 3300
0 22 38750 1271 46225 3400
0 22 40151 1314 47963 3500
0 22 41534 1373 49757 3600
0 24 42905 1431 51561 3700
0 24 44278 1520 53380 3800
0 24 45668 1605 55268 3900
0 26 47076 1702 57175 4000
0 26 48454 1819 59144 4100
0 27 49857 1918 61081 4200
0 27 51258 2027 62925 4300
0 29 52650 2133 64791 4400
0 29 54025 2230 66656 4500
0 30 55412 2344 68575 4600
0 31 56768 2459 70456 4700
0 32 58169 2587 72358 4800
0 32 59561 2725 74241 4900
0 33 60977 2874 76230 5000
0 33 62371 3046 78266 5100
0 33 63776 3203 80318 5200
0 33 65213 3345 82353 5300
0 33 66608 3472 84386 5400
0 33 68014 3626 86502 5500
0 34 69417 3798 88567 5600
0 35 70844 3930 90579 5700
0 36 72232 4060 92568 5800
0 36 73614 4180 94528 5900
0 36 75056 4290 96584 6000
0 36 76476 4399 98591 6100
0 36 77848 4490 100484 6200
0 37 79239 4563 102359 6300
0 38 80604 4629 104204 6400
0 38 81943 4722 105950 6500
0 38 83268 4827 107717 6600
0 38 84633 4937 109465 6700
0 38 86025 5041 111285 6800
0 38 87351 5149 113053 6900
0 38 88745 5275 114909 7000
0 38 90124 5430 116798 7100
0 38 91533 5575 118792 7200
0 38 92944 5701 120818 7300
0 38 94415 5835 122923 7400
0 38 95874 5943 124917 7500
0 39 97280 6040 126775 7600
0 39 98699 6138 128614 7700
0 40 100089 6241 130487 7800
0 42 101485 6353 132369 7900
0 43 102923 6461 134290 8000
0 45 104290 6581 136112 8100
0 46 105704 6715 137928 8200
0 46 107029 6867 139652 8300
0 48 108423 6964 141439 8400
0 48 109779 7074 143195 8500
0 49 111161 7151 145033 8600
0 49 112657 7228 146972 8700
0 49 114015 7314 148815 8800
0 51 115417 7419 150758 8900
0 52 116830 7499 152673 9000
0 52 118200 7589 154586 9100
0 53 119609 7694 156624 9200
0 54 120986 7805 158588 9300
0 54 122334 7912 160541 9400
0 54 123800 8002 162550 9500
0 54 125280 8088 164503 9600
0 54 126702 8176 166345 9700
0 54 128078 8249 168071 9800
0 54 129467 8311 169797 9900
0 55 130847 8405 171512 10000
0 55 132166 8483 173196 10100
0 55 133522 8555 174874 10200
0 55 134917 8659 176629 10300
0 55 136290 8761 178342 10400
0 55 137655 8826 179990 10500
0 55 139062 8919 181794 10600
0 55 140413 9024 183592 10700
0 56 141802 9128 185482 10800
0 56 143248 9211 187366 10900
0 56 144709 9291 189203 11000
0 56 146076 9373 190938 11100
0 56 147474 9474 192796 11200
0 56 148882 9540 194599 11300
0 57 150315 9623 196454 11400
0 58 151708 9704 198297 11500
0 60 153108 9816 200184 11600
0 62 154549 9920 202113 11700
0 63 155997 10040 204033 11800
0 63 157379 10143 205882 11900
0 63 158778 10241 207788 12000
0 64 160195 10344 209639 12100
0 65 161568 10445 211508 12200
0 67 162973 10553 213426 12300
0 67 164418 10654 215441 12400
0 67 165860 10759 217394 12500
0 68 167336 10845 219366 12600
0 68 168745 10963 221256 12700
0 69 170113 11059 223036 12800
0 69 171521 11155 224910 12900
0 69 172864 11233 226668 13000
0 70 174241 11307 228372 13100
0 70 175590 11373 230040 13200
0 71 176935 11448 231674 13300
0 72 178309 11501 233363 13400
0 72 179636 11558 235026 13500
0 73 181063 11647 236818 13600
0 73 182419 11722 238543 13700
0 73 183817 11792 240350 13800
0 73 185227 11847 242168 13900
0 73 186674 11914 244038 14000
0 73 188085 11991 245856 14100
0 73 189417 12060 247570 14200
0 74 190820 12128 249347 14300
0 75 192189 12175 251013 14400
0 75 193584 12218 252669 14500
0 76 194917 12269 254338 14600
0 77 196306 12334 256132 14700
0 77 197700 12400 257882 14800
0 79 199065 12462 259623 14900
0 79 200454 12540 261373 15000
0 81 201840 12626 263073 15100
0 81 203195 12719 264769 15200
0 82 204589 12805 266536 15300
0 83 205948 12892 268273 15400
0 84 207373 12974 270060 15500
0 85 208753 13086 271840 15600
0 87 210120 13209 273633 15700
0 88 211519 13338 275385 15800
0 88 212888 13457 277087 15900
0 89 214257 13551 278763 16000
0 89 215637 13652 280482 16100
0 90 217030 13720 282199 16200
0 90 218369 13792 283900 16300
0 90 219754 13847 285681 16400
0 90 221149 13896 287398 16500
0 90 222543 13975 289115 16600
0 90 223931 14053 290771 16700
0 91 225299 14126 292428 16800
0 91 226674 14197 294069 16900
0 91 228026 14250 295687 17000
0 91 229398 14313 297349 17100
0 91 230760 14378 298946 17200
0 92 232141 14433 300543 17300
0 92 233502 14505 302152 17400
0 93 234900 14559 303770 17500
0 93 236260 14598 305373 17600
0 93 237641 14652 307003 17700
0 93 239047 14742 308697 17800
0 93 240481 14822 310455 17900
0 93 241826 14895 312124 18000
0 93 243288 14975 313944 18100
0 93 244669 15053 315653 18200
0 93 246062 15111 317281 18300
0 93 247416 15178 318919 18400
0 93 248778 15242 320555 18500
0 93 250116 15316 322189 18600
0 93 251543 15390 323862 18700
0 93 252898 15454 325513 18800
0 93 254273 15513 327165 18900
0 93 255660 15570 328834 19000
0 93 257063 15638 330522 19100
0 93 258481 15688 332198 19200
0 93 259834 15729 333774 19300
0 93 261210 15773 335410 19400
0 93 262563 15837 337039 19500
0 93 263937 15893 338702 19600
0 93 265338 15934 340362 19700
0 93 266718 15988 342075 19800
0 93 268069 16016 343696 19900
0 94 269508 16047 345414 20000
0 95 270855 16088 347090 20100
0 95 272272 16128 348853 20200
0 96 273687 16171 350545 20300
0 97 275104 16211 352279 20400
0 98 276428 16245 353918 20500
0 99 277835 16297 355656 20600
0 100 279211 16338 357315 20700
0 101 280610 16368 358987 20800
0 101 282007 16404 360673 20900
0 101 283390 16430 362292 21000
0 101 284767 16458 363940 21100
0 101 286145 16499 365558 21200
0 101 287537 16551 367180 21300
0 101 288927 16603 368833 21400
0 101 290337 16644 370520 21500
0 101 291741 16686 372145 21600
0 101 293113 16750 373800 21700
0 101 294498 16801 375436 21800
0 101 295806 16864 377025 21900
0 101 297182 16925 378727 22000
0 101 298527 16974 380368 22100
0 102 299963 17043 382124 22200
0 102 301298 17089 383772 22300
0 102 302721 17147 385436 22400
0 102 304081 17212 387058 22500
0 102 305433 17288 388665 22600
0 102 306835 17377 390429 22700
0 102 308214 17470 392287 22800
0 102 309690 17597 394227 22900
0 102 311093 17702 396078 23000
0 103 312511 17828 398009 23100
0 104 313938 17959 399901 23200
0 104 315340 18064 401759 23300
0 105 316718 18177 403604 23400
0 107 318138 18285 405453 23500
0 107 319576 18395 407305 23600
0 107 320942 18492 409087 23700
0 108 322319 18597 410863 23800
0 109 323691 18675 412649 23900
0 110 325113 18776 414483 24000
0 110 326502 18871 416305 24100
0 112 327907 18952 418064 24200
0 112 329255 19065 419862 24300
0 113 330636 19187 421700 24400
0 114 332014 19287 423547 24500
0 114 333384 19400 425398 24600
0 115 334797 19497 427203 24700
0 115 336171 19595 428969 24800
0 115 337524 19698 430684 24900
0 116 338869 19774 432396 25000
0 117 340194 19866 434163 25100
0 117 341595 19947 435997 25200
0 118 342980 20054 437816 25300
0 119 344391 20163 439631 25400
0 119 345790 20264 441446 25500
0 120 347171 20364 443275 25600
0 121 348604 20467 445187 25700
0 121 349906 20574 446924 25800
0 122 351315 20677 448737 25900
0 123 352710 20774 450507 26000
0 123 353987 20831 452083 26100
0 124 355384 20886 453736 26200
0 124 356742 20934 455317 26300
0 124 358081 20973 456866 26400
0 124 359421 21034 458517 26500
0 124 360806 21091 460183 26600
0 124 362138 21159 461798 26700
0 125 363525 21215 463511 26800
0 125 364907 21270 465240 26900
0 125 366321 21356 467008 27000
0 126 367662 21437 468698 27100
0 126 368993 21504 470275 27200
0 127 370379 21575 471900 27300
0 127 371731 21667 473563 27400
0 127 373078 21742 475198 27500
0 127 374487 21838 476936 27600
0 127 375872 21944 478631 27700
0 127 377299 22036 480420 27800
0 127 378660 22136 482147 27900
0 127 380037 22225 483862 28000
0 127 381531 22324 485828 28100
0 127 382926 22440 487666 28200
0 127 384321 22533 489502 28300
0 128 385816 22603 491441 28400
0 129 387219 22697 493329 28500
0 129 388627 22803 495201 28600
0 130 390050 22897 497056 28700
0 130 391440 22982 498878 28800
0 130 392856 23068 500683 28900
0 132 394268 23162 502541 29000
0 133 395668 23261 504424 29100
0 133 397136 23352 506435 29200
0 135 398577 23453 508534 29300
0 136 400017 23560 510604 29400
0 136 401526 23631 512713 29500
0 138 402967 23739 514896 29600
0 138 404422 23878 517097 29700
0 139 405881 23980 519201 29800
0 140 407347 24080 521290 29900
0 0 0 0 0 0
0 4 623 0 633 100
0 11 1388 4 1418 200
0 11 1705 6 1744 300
0 13 2143 6 2193 400
0 13 2706 8 2766 500
0 13 3273 8 3347 600
0 14 3936 9 4031 700
0 16 4683 9 4807 800
0 16 5473 10 5665 900
0 16 6348 11 6585 1000
0 16 7279 11 7580 1100
0 17 8173 15 8573 1200
0 18 9205 23 9685 1300
0 19 10276 42 10863 1400
0 19 11323 51 12001 1500
0 20 12402 71 13211 1600
0 20 13525 101 14463 1700
0 21 14733 128 15800 1800
0 23 15947 153 17143 1900
0 23 17173 178 18508 2000
0 24 18421 225 19883 2100
0 24 19631 287 21299 2200
0 24 20918 334 22795 2300
0 25 22113 389 24177 2400
0 25 23418 422 25674 2500
0 25 24714 480 27190 2600
0 26 25973 539 28695 2700
0 26 27336 598 30288 2800
0 27 28676 681 31930 2900
0 27 29998 759 33532 3000
0 30 31316 850 35160 3100
0 31 32649 941 36771 3200
0 33 33980 1065 38454 3300
0 34 35378 1168 40187 3400
0 35 36781 1263 41902 3500
0 36 38163 1320 43590 3600
0 37 39484 1388 45205 3700
0 37 40853 1449 46893 3800
0 40 42212 1500 48543 3900
0 40 43567 1563 50169 4000
0 41 44928 1621 51782 4100
0 43 46274 1672 53387 4200
0 43 47642 1735 55077 4300
0 45 49020 1797 56743 4400
0 47 50385 1861 58422 4500
0 47 51817 1914 60133 4600
0 48 53187 1953 61806 4700
0 49 54580 2005 63535 4800
0 49 56008 2065 65345 4900
0 49 57431 2128 67144 5000
0 50 58814 2181 69020 5100
0 51 60244 2254 70883 5200
0 53 61608 2320 72680 5300
0 55 63028 2401 74508 5400
0 55 64427 2478 76251 5500
0 55 65789 2581 77966 5600
0 55 67179 2672 79669 5700
0 55 68520 2768 81347 5800
0 55 69907 2864 83126 5900
0 56 71248 2969 84842 6000
0 56 72622 3098 86665 6100
0 56 73956 3234 88398 6200
0 56 75320 3339 90163 6300
0 57 76676 3467 91980 6400
0 57 78049 3599 93796 6500
0 57 79470 3703 95649 6600
0 58 80827 3808 97407 6700
0 58 82249 3928 99253 6800
0 59 83634 4017 101045 6900
0 60 85050 4114 102868 7000
0 60 86370 4197 104553 7100
0 61 87761 4294 106368 7200
0 61 89119 4375 108154 7300
0 61 90498 4464 109956 7400
0 61 91852 4541 111748 7500
0 61 93245 4627 113574 7600
0 62 94669 4722 115436 7700
0 62 96008 4801 117214 7800
0 62 97392 4897 119069 7900
0 62 98766 5016 120929 8000
0 62 100110 5124 122745 8100
0 62 101443 5208 124583 8200
0 62 102809 5326 126490 8300
0 62 104228 5430 128389 8400
0 63 105566 5525 130207 8500
0 63 106954 5678 132147 8600
0 63 108351 5810 134123 8700
0 63 109723 5926 135971 8800
0 63 111144 6014 137910 8900
0 63 112509 6141 139857 9000
0 64 113870 6256 141784 9100
0 64 115336 6413 143781 9200
0 64 116744 6550 145785 9300
0 64 118188 6643 147784 9400
0 64 119686 6788 149891 9500
0 64 121048 6906 151734 9600
0 64 122449 7007 153539 9700
0 64 123833 7095 155308 9800
0 64 125155 7178 156951 9900
0 64 126472 7298 158627 10000
0 65 127860 7392 160397 10100
0 65 129221 7492 162198 10200
0 65 130618 7571 164009 10300
0 65 132021 7665 165850 10400
0 65 133394 7777 167661 10500
0 65 134789 7896 169469 10600
0 65 136178 7993 171277 10700
0 65 137582 8098 173156 10800
0 65 138952 8210 175070 10900
0 65 140326 8335 176999 11000
0 65 141706 8442 179031 11100
0 65 143148 8549 181043 11200
0 65 144569 8630 182962 11300
0 65 146029 8706 184921 11400
0 65 147409 8795 186861 11500
0 66 148812 8886 188772 11600
0 68 150276 8966 190733 11700
0 68 151706 9022 192603 11800
0 71 153089 9080 194273 11900
0 71 154452 9147 195908 12000
0 72 155806 9209 197516 12100
0 73 157180 9261 199109 12200
0 73 158502 9325 200717 12300
0 74 159900 9403 202377 12400
0 74 161243 9479 203995 12500
0 75 162628 9561 205675 12600
0 75 164017 9651 207353 12700
0 76 165382 9733 209006 12800
0 76 166757 9817 210673 12900
0 76 168196 9895 212436 13000
0 77 169535 9986 214153 13100
0 78 170914 10108 215954 13200
0 78 172360 10227 217847 13300
0 78 173757 10362 219723 13400
0 79 175174 10505 221630 13500
0 80 176590 10638 223485 13600
0 81 177936 10783 225259 13700
0 81 179317 10959 227203 13800
0 82 180715 11117 229130 13900
0 82 182167 11277 231156 14000
0 82 183571 11414 233097 14100
0 83 185017 11559 235073 14200
0 84 186460 11714 237081 14300
0 85 187847 11849 239036 14400
0 85 189199 11963 240899 14500
0 85 190598 12118 242858 14600
0 86 192057 12308 244937 14700
0 87 193451 12477 246918 14800
0 87 194890 12631 248920 14900
0 87 196278 12768 250843 15000
0 87 197635 12923 252766 15100
0 88 199033 13047 254705 15200
0 88 200468 13167 256626 15300
0 89 201823 13274 258385 15400
0 90 203211 13355 260136 15500
0 90 204584 13428 261897 15600
0 91 205935 13521 263722 15700
0 91 207385 13592 265587 15800
0 93 208830 13684 267424 15900
0 94 210230 13785 269264 16000
0 95 211657 13887 271131 16100
0 98 213039 13995 273015 16200
0 99 214443 14102 274912 16300
0 99 215873 14233 276874 16400
0 99 217312 14357 278786 16500
0 101 218672 14462 280588 16600
0 103 220070 14563 282416 16700
0 103 221495 14640 284315 16800
0 103 222985 14742 286293 16900
0 104 224399 14832 288199 17000
0 104 225843 14900 290114 17100
0 104 227265 14976 292017 17200
0 105 228686 15042 293867 17300
0 105 230132 15145 295836 17400
0 105 231583 15232 297708 17500
0 105 233003 15309 299484 17600
0 106 234384 15361 301169 17700
0 106 235781 15404 302897 17800
0 107 237196 15468 304632 17900
0 107 238563 15544 306378 18000
0 107 239987 15607 308163 18100
0 107 241403 15656 309940 18200
0 107 242820 15726 311698 18300
0 108 244246 15785 313591 18400
0 108 245703 15833 315521 18500
0 109 247119 15874 317390 18600
0 111 248591 15922 319303 18700
0 112 249984 16010 321151 18800
0 112 251389 16099 323042 18900
0 112 252777 16168 324870 19000
0 112 254259 16229 326765 19100
0 113 255643 16310 328563 19200
0 113 257101 16375 330485 19300
0 114 258487 16454 332303 19400
0 114 259909 16547 334187 19500
0 114 261319 16609 336077 19600
0 114 262705 16675 338009 19700
0 115 264195 16746 340006 19800
0 116 265661 16826 341926 19900
0 116 267055 16918 343789 20000
0 116 268460 17005 345707 20100
0 116 269883 17107 347619 20200
0 117 271289 17203 349626 20300
0 117 272736 17298 351614 20400
0 117 274147 17400 353530 20500
0 117 275502 17481 355366 20600
0 117 276921 17582 357237 20700
0 117 278315 17666 359108 20800
0 118 279682 17744 360933 20900
0 118 281015 17843 362665 21000
0 118 282417 17940 364469 21100
0 119 283757 18032 366179 21200
0 119 285098 18122 367947 21300
0 119 286475 18199 369825 21400
0 119 287843 18269 371670 21500
0 119 289289 18369 373602 21600
0 119 290702 18439 375502 21700
0 121 292124 18551 377483 21800
0 122 293548 18636 379448 21900
0 124 294950 18723 381376 22000
0 125 296395 18820 383340 22100
0 128 297831 18894 385302 22200
0 129 299235 18956 387104 22300
0 129 300578 19030 388868 22400
0 131 301974 19076 390695 22500
0 131 303448 19127 392624 22600
0 132 304843 19186 394399 22700
0 133 306221 19249 396193 22800
0 133 307593 19289 397996 22900
0 135 308997 19345 399816 23000
0 135 310399 19402 401628 23100
0 136 311819 19471 403397 23200
0 136 313184 19536 405078 23300
0 136 314611 19617 406841 23400
0 136 315939 19683 408517 23500
0 136 317337 19738 410197 23600
0 136 318678 19818 411866 23700
0 136 320010 19876 413501 23800
0 137 321379 19931 415150 23900
0 137 322740 20020 416829 24000
0 137 324103 20075 418547 24100
0 137 325442 20125 420200 24200
0 139 326803 20190 421859 24300
0 139 328146 20280 423521 24400
0 139 329504 20360 425267 24500
0 140 330875 20455 427078 24600
0 140 332261 20572 428978 24700
0 140 333691 20663 430868 24800
0 140 335095 20759 432658 24900
0 141 336462 20871 434413 25000
0 141 337863 20986 436255 25100
0 141 339245 21118 438147 25200
0 143 340680 21222 440068 25300
0 143 342112 21352 442002 25400
0 143 343478 21464 443819 25500
0 144 344878 21559 445639 25600
0 145 346223 21637 447352 25700
0 145 347599 21709 449121 25800
0 145 348997 21812 450984 25900
0 145 350313 21926 452729 26000
0 145 351746 21989 454492 26100
0 146 353107 22061 456257 26200
0 146 354476 22127 458011 26300
0 146 355837 22207 459845 26400
0 146 357243 22275 461725 26500
0 146 358644 22338 463541 26600
0 146 360028 22397 465259 26700
0 146 361422 22459 466967 26800
0 146 362749 22523 468581 26900
0 146 364112 22588 470214 27000
0 146 365489 22669 471911 27100
0 146 366810 22738 473581 27200
0 146 368179 22809 475326 27300
0 146 369505 22890 477001 27400
0 146 370841 22971 478649 27500
0 146 372241 23014 480305 27600
0 146 373514 23072 481844 27700
0 146 374894 23134 483472 27800
0 146 376205 23192 485059 27900
0 146 377515 23242 486665 28000
0 147 378898 23288 488285 28100
0 147 380214 23353 489840 28200
0 147 381598 23405 491512 28300
0 149 382938 23445 493081 28400
0 149 384258 23496 494614 28500
0 149 385584 23552 496192 28600
0 149 386975 23604 497777 28700
0 149 388337 23645 499314 28800
0 149 389720 23706 500888 28900
0 149 391084 23774 502476 29000
0 149 392434 23839 504062 29100
0 149 393789 23906 505643 29200
0 149 395153 23974 507274 29300
0 151 396522 24040 508917 29400
0 151 397925 24117 510675 29500
0 151 399280 24184 512332 29600
0 152 400718 24245 514149 29700
0 153 402134 24310 515915 29800
0 153 403513 24378 517672 29900
0 0 0 0 0 0
0 6 634 0 646 100
0 10 1467 4 1503 200
0 13 1951 6 2004 300
0 14 2545 9 2613 400
0 15 3198 10 3279 500
0 15 3961 11 4054 600
0 16 4777 11 4920 700
0 16 5659 16 5848 800
0 17 6565 23 6807 900
0 17 7526 28 7812 1000
0 17 8513 35 8895 1100
0 18 9574 53 10059 1200
0 19 10688 64 11279 1300
0 19 11769 74 12491 1400
0 20 12886 95 13775 1500
0 21 14061 125 15122 1600
0 21 15238 146 16454 1700
0 24 16429 173 17798 1800
0 24 17570 195 19109 1900
0 24 18811 208 20522 2000
0 25 20119 230 21993 2100
0 25 21316 262 23380 2200
0 25 22595 283 24871 2300
0 25 23892 305 26367 2400
0 26 25138 323 27788 2500
0 26 26418 370 29228 2600
0 27 27759 402 30746 2700
0 27 29023 434 32190 2800
0 27 30328 494 33695 2900
0 28 31662 568 35282 3000
0 28 32936 616 36795 3100
0 28 34270 696 38395 3200
0 29 35536 774 39926 3300
0 29 36865 849 41528 3400
0 29 38164 912 43101 3500
0 30 39448 980 44713 3600
0 32 40767 1042 46324 3700
0 32 42135 1090 47999 3800
0 33 43467 1127 49671 3900
0 33 44779 1147 51279 4000
0 33 46158 1175 52935 4100
0 33 47487 1209 54536 4200
0 34 48823 1241 56088 4300
0 35 50149 1290 57642 4400
0 35 51515 1356 59277 4500
0 35 52817 1438 60897 4600
0 37 54126 1516 62515 4700
0 37 55472 1570 64160 4800
0 37 56765 1629 65803 4900
0 38 58090 1709 67567 5000
0 38 59518 1794 69411 5100
0 38 60816 1871 71102 5200
0 38 62193 1953 72842 5300
0 38 63566 2045 74558 5400
0 38 64873 2135 76204 5500
0 38 66203 2236 77816 5600
0 38 67497 2314 79426 5700
0 38 68783 2401 81075 5800
0 38 70111 2504 82856 5900
0 38 71484 2627 84654 6000
0 38 72870 2743 86457 6100
0 38 74246 2813 88227 6200
0 38 75597 2928 90013 6300
0 38 76993 3051 91871 6400
0 38 78391 3143 93734 6500
0 39 79833 3249 95588 6600
0 39 81215 3330 97361 6700
0 39 82625 3405 99127 6800
0 39 84054 3487 100900 6900
0 39 85420 3569 102602 7000
0 40 86760 3658 104290 7100
0 40 88176 3761 106033 7200
0 40 89484 3852 107684 7300
0 40 90911 3919 109446 7400
0 40 92275 4006 111251 7500
0 41 93640 4108 113094 7600
0 41 95090 4175 115053 7700
0 41 96453 4230 116789 7800
0 42 97864 4300 118568 7900
0 43 99214 4390 120328 8000
0 43 100604 4483 122085 8100
0 45 101934 4566 123751 8200
0 45 103292 4644 125397 8300
0 47 104632 4704 127085 8400
0 47 106011 4762 128831 8500
0 49 107335 4827 130581 8600
0 50 108766 4905 132476 8700
0 51 110143 5001 134341 8800
0 54 111497 5103 136202 8900
0 54 112866 5218 138110 9000
0 55 114262 5285 139970 9100
0 57 115580 5362 141732 9200
0 58 117004 5430 143522 9300
0 60 118379 5493 145248 9400
0 60 119742 5559 147076 9500
0 61 121186 5624 149011 9600
0 62 122567 5678 150866 9700
0 62 123955 5764 152737 9800
0 62 125405 5825 154641 9900
0 63 126809 5899 156608 10000
0 66 128267 5971 158503 10100
0 67 129647 6018 160288 10200
0 67 131060 6055 162010 10300
0 69 132412 6101 163696 10400
0 70 133800 6139 165428 10500
0 71 135181 6170 167077 10600
0 71 136536 6202 168687 10700
0 71 137888 6244 170252 10800
0 73 139202 6285 171801 10900
0 74 140535 6332 173375 11000
0 75 141903 6382 174973 11100
0 77 143203 6415 176526 11200
0 77 144557 6464 178089 11300
0 77 145932 6506 179728 11400
0 78 147269 6558 181357 11500
0 78 148605 6631 182957 11600
0 80 149996 6711 184627 11700
0 80 151326 6805 186285 11800
0 80 152675 6894 187990 11900
0 80 154017 6979 189722 12000
0 80 155418 7062 191488 12100
0 81 156811 7140 193279 12200
0 81 158187 7208 195013 12300
0 82 159547 7294 196719 12400
0 82 160951 7394 198522 12500
0 82 162326 7502 200392 12600
0 82 163780 7617 202322 12700
0 82 165166 7718 204174 12800
0 83 166614 7841 206190 12900
0 83 168012 7963 208137 13000
0 83 169398 8089 210074 13100
0 83 170824 8220 212031 13200
0 83 172135 8347 213886 13300
0 84 173515 8485 215776 13400
0 84 174901 8614 217708 13500
0 85 176308 8754 219659 13600
0 85 177703 8889 221623 13700
0 85 179084 9022 223684 13800
0 86 180495 9133 225775 13900
0 86 181981 9225 227874 14000
0 86 183434 9351 229934 14100
0 87 184888 9437 231942 14200
0 88 186270 9520 233822 14300
0 90 187673 9600 235670 14400
0 91 189069 9686 237450 14500
0 91 190456 9757 239124 14600
0 92 191802 9836 240845 14700
0 93 193174 9893 242501 14800
0 95 194541 9959 244195 14900
0 95 195927 10010 245855 15000
0 97 197287 10053 247531 15100
0 97 198713 10112 249287 15200
0 98 200102 10198 251036 15300
0 98 201495 10275 252752 15400
0 98 202819 10349 254423 15500
0 99 204256 10457 256226 15600
0 99 205574 10591 257962 15700
0 99 207040 10688 259800 15800
0 99 208444 10799 261607 15900
0 99 209839 10897 263451 16000
0 99 211242 11011 265301 16100
0 99 212639 11112 267144 16200
0 101 214070 11232 269134 16300
0 101 215507 11349 271138 16400
0 102 216950 11485 273110 16500
0 102 218368 11601 275042 16600
0 102 219716 11735 276883 16700
0 102 221113 11847 278764 16800
0 102 222455 11987 280600 16900
0 103 223854 12109 282462 17000
0 105 225213 12261 284331 17100
0 108 226577 12394 286220 17200
0 109 227970 12503 288048 17300
0 110 229343 12578 289867 17400
0 112 230745 12648 291644 17500
0 113 232103 12731 293353 17600
0 114 233436 12804 295045 17700
0 117 234814 12874 296748 17800
0 119 236143 12943 298419 17900
0 120 237482 13014 300081 18000
0 121 238821 13086 301726 18100
0 121 240186 13187 303430 18200
0 122 241518 13325 305143 18300
0 122 242942 13432 306933 18400
0 122 244311 13536 308686 18500
0 122 245681 13624 310356 18600
0 122 247085 13750 312133 18700
0 124 248435 13860 313838 18800
0 124 249833 13983 315601 18900
0 124 251212 14125 317433 19000
0 124 252598 14254 319236 19100
0 124 254015 14374 321091 19200
0 124 255428 14496 322987 19300
0 124 256788 14629 324812 19400
0 125 258220 14734 326695 19500
0 125 259587 14853 328497 19600
0 126 260974 14977 330351 19700
0 126 262337 15100 332208 19800
0 126 263749 15215 334124 19900
0 128 265090 15365 335919 20000
0 129 266475 15505 337705 20100
0 131 267867 15603 339540 20200
0 133 269272 15741 341473 20300
0 133 270685 15881 343458 20400
0 133 272067 16028 345335 20500
0 135 273498 16142 347277 20600
0 135 274931 16266 349250 20700
0 136 276350 16359 351145 20800
0 136 277767 16475 353045 20900
0 136 279165 16572 354896 21000
0 136 280598 16690 356753 21100
0 137 282008 16787 358576 21200
0 137 283438 16877 360423 21300
0 137 284859 16961 362156 21400
0 137 286236 17048 363867 21500
0 137 287591 17143 365563 21600
0 137 289000 17239 367361 21700
0 138 290340 17325 369129 21800
0 138 291792 17414 370976 21900
0 140 293175 17484 372810 22000
0 141 294565 17562 374642 22100
0 141 295917 17617 376381 22200
0 141 297359 17676 378242 22300
0 141 298796 17728 380036 22400
0 142 300151 17793 381766 22500
0 143 301530 17856 383545 22600
0 143 302943 17924 385305 22700
0 144 304363 17993 387156 22800
0 145 305754 18046 388967 22900
0 145 307160 18103 390705 23000
0 146 308589 18160 392448 23100
0 147 309962 18199 394136 23200
0 147 311388 18242 395889 23300
0 149 312761 18280 397596 23400
0 149 314216 18326 399309 23500
0 150 315630 18357 400932 23600
0 151 317011 18393 402516 23700
0 152 318400 18434 404076 23800
0 152 319768 18492 405638 23900
0 153 321171 18542 407233 24000
0 153 322516 18584 408800 24100
0 154 323901 18637 410408 24200
0 154 325277 18711 412063 24300
0 155 326691 18777 413709 24400
0 155 328072 18864 415347 24500
0 156 329486 18940 417023 24600
0 157 330855 19033 418709 24700
0 158 332253 19116 420404 24800
0 158 333641 19215 422110 24900
0 159 335050 19314 423872 25000
0 160 336427 19407 425601 25100
0 162 337794 19514 427378 25200
0 162 339187 19636 429195 25300
0 162 340610 19765 431077 25400
0 163 341985 19885 432891 25500
0 165 343435 19986 434776 25600
0 166 344835 20088 436546 25700
0 167 346218 20171 438275 25800
0 167 347622 20264 440041 25900
0 168 349006 20347 441762 26000
0 169 350388 20406 443467 26100
0 169 351760 20466 445192 26200
0 171 353145 20530 446920 26300
0 171 354560 20594 448664 26400
0 171 355934 20637 450339 26500
0 172 357317 20687 452033 26600
0 173 358621 20745 453610 26700
0 174 359973 20799 455194 26800
0 174 361349 20842 456765 26900
0 175 362691 20889 458324 27000
0 175 363996 20951 459853 27100
0 176 365338 21002 461380 27200
0 177 366699 21054 462922 27300
0 178 368028 21095 464488 27400
0 179 369412 21146 466106 27500
0 180 370775 21204 467721 27600
0 180 372106 21260 469286 27700
0 182 373424 21309 470822 27800
0 182 374765 21353 472371 27900
0 183 376138 21393 473962 28000
0 184 377460 21418 475444 28100
0 185 378874 21466 477014 28200
0 186 380150 21514 478541 28300
0 186 381531 21564 480197 28400
0 188 382911 21601 481854 28500
0 188 384270 21634 483523 28600
0 189 385676 21679 485211 28700
0 189 387050 21730 486877 28800
0 190 388496 21786 488635 28900
0 190 389875 21840 490314 29000
0 191 391234 21894 492047 29100
0 191 392665 21962 493828 29200
0 192 394029 22014 495453 29300
0 192 395376 22080 497097 29400
0 193 396763 22119 498804 29500
0 193 398113 22164 500430 29600
0 195 399513 22210 502085 29700
0 195 400884 22252 503754 29800
0 195 402235 22298 505350 29900
