1 0 0 0 0 0
1 0 0 0 0 100
1 0 0 0 0 200
1 0 0 0 0 300
1 0 0 0 0 400
1 0 0 0 0 500
1 0 0 0 0 600
1 0 0 0 0 700
1 0 0 0 0 800
1 0 0 0 0 900
1 0 0 0 0 1000
2 0 0 0 0 1100
2 0 0 0 0 1200
2 0 0 0 0 1300
3 0 0 0 0 1400
3 0 0 0 0 1500
3 0 0 0 0 1600
3 0 0 0 0 1700
3 0 0 0 0 1800
3 0 0 0 0 1900
3 0 0 0 0 2000
3 0 0 0 0 2100
3 0 0 0 0 2200
3 0 0 0 0 2300
3 0 0 0 0 2400
3 0 0 0 0 2500
3 0 0 0 0 2600
3 0 0 0 0 2700
3 0 0 0 0 2800
3 0 0 0 0 2900
3 0 0 0 0 3000
3 0 0 0 0 3100
3 0 0 0 0 3200
3 0 0 0 0 3300
3 0 0 0 0 3400
3 0 1 0 0 3500
3 0 1 0 0 3600
3 0 1 0 0 3700
3 0 2 0 0 3800
3 0 2 0 0 3900
3 0 2 0 0 4000
3 0 2 0 0 4100
4 0 2 0 0 4200
4 0 2 0 0 4300
4 0 3 0 0 4400
4 0 4 0 0 4500
4 0 4 0 0 4600
4 0 5 0 0 4700
5 0 5 0 0 4800
6 0 6 0 0 4900
6 0 6 0 0 5000
6 0 6 0 0 5100
6 0 6 0 0 5200
6 0 6 0 0 5300
8 0 6 0 0 5400
9 0 6 0 0 5500
13 0 6 0 0 5600
13 0 6 0 0 5700
15 0 6 0 0 5800
16 0 6 0 0 5900
16 0 6 0 0 6000
16 0 6 0 0 6100
18 0 6 0 0 6200
19 0 6 0 0 6300
20 0 6 0 0 6400
23 0 6 0 0 6500
24 0 6 0 0 6600
25 0 6 0 0 6700
25 0 6 0 0 6800
25 0 8 0 0 6900
27 0 8 0 0 7000
27 0 8 0 0 7100
27 0 8 0 0 7200
28 0 8 0 0 7300
28 0 8 0 0 7400
29 0 8 0 0 7500
29 0 8 0 0 7600
30 0 8 0 0 7700
30 0 9 0 0 7800
30 0 9 0 0 7900
30 0 10 0 0 8000
30 0 11 0 0 8100
30 0 12 0 0 8200
30 0 12 0 0 8300
30 0 12 0 0 8400
30 0 13 0 0 8500
30 0 13 0 0 8600
30 0 14 0 0 8700
30 0 14 0 0 8800
30 0 14 0 0 8900
31 0 15 0 0 9000
31 0 15 0 0 9100
31 0 15 0 0 9200
31 0 15 0 0 9300
31 0 15 0 0 9400
32 0 15 0 0 9500
32 0 15 0 0 9600
32 0 15 0 0 9700
32 0 15 0 0 9800
32 0 15 0 0 9900
32 0 16 0 0 10000
32 0 16 0 0 10100
32 0 17 0 0 10200
32 0 17 0 0 10300
32 0 18 0 0 10400
32 0 18 0 0 10500
32 0 18 0 0 10600
32 0 18 0 0 10700
33 0 18 0 0 10800
33 0 20 0 0 10900
33 0 20 0 0 11000
33 0 20 0 0 11100
33 0 20 0 0 11200
34 0 20 0 0 11300
34 0 20 0 0 11400
34 0 20 0 0 11500
34 0 20 0 0 11600
34 0 20 0 0 11700
34 0 21 0 0 11800
34 0 22 0 0 11900
34 0 22 0 0 12000
34 0 22 0 0 12100
34 0 22 0 0 12200
34 0 22 0 0 12300
34 0 22 0 0 12400
35 0 22 0 0 12500
35 0 22 0 0 12600
35 0 22 0 0 12700
35 0 22 0 0 12800
35 0 22 0 0 12900
35 0 23 0 0 13000
35 0 23 0 0 13100
35 0 23 0 0 13200
35 0 23 0 0 13300
36 0 23 0 0 13400
36 0 23 0 0 13500
36 0 23 0 0 13600
36 0 23 0 0 13700
36 0 24 0 0 13800
36 0 24 0 0 13900
36 0 26 0 0 14000
36 0 26 0 0 14100
37 0 26 0 0 14200
39 0 26 0 0 14300
40 0 26 0 0 14400
41 0 28 0 0 14500
42 0 28 0 0 14600
42 0 29 0 0 14700
42 0 29 0 0 14800
42 0 29 0 0 14900
43 0 29 0 0 15000
43 0 29 0 0 15100
43 0 30 0 0 15200
43 0 30 0 0 15300
43 0 30 0 0 15400
43 0 31 0 0 15500
43 0 31 0 0 15600
44 0 31 0 0 15700
44 0 31 0 0 15800
44 0 32 0 0 15900
44 0 32 0 0 16000
45 0 32 0 0 16100
46 0 33 0 0 16200
46 0 33 0 0 16300
46 0 33 0 0 16400
47 0 33 0 0 16500
47 0 33 0 0 16600
47 0 33 0 0 16700
47 0 33 0 0 16800
47 0 33 0 0 16900
47 0 33 0 0 17000
48 0 33 0 0 17100
48 0 33 0 0 17200
48 0 33 0 0 17300
48 0 33 0 0 17400
48 0 33 0 0 17500
48 0 33 0 0 17600
48 0 33 0 0 17700
48 0 34 0 0 17800
48 0 34 0 0 17900
48 0 34 0 0 18000
48 0 34 0 0 18100
48 0 34 0 0 18200
49 0 34 0 0 18300
50 0 34 0 0 18400
50 0 34 0 0 18500
51 0 34 0 0 18600
51 0 34 0 0 18700
51 0 34 0 0 18800
51 0 34 0 0 18900
51 0 34 0 0 19000
51 0 34 0 0 19100
51 0 34 0 0 19200
52 0 34 0 0 19300
53 0 35 0 0 19400
53 0 36 0 0 19500
53 0 36 0 0 19600
54 0 36 0 0 19700
54 0 37 0 0 19800
54 0 37 0 0 19900
54 0 37 0 0 20000
55 0 37 0 0 20100
55 0 37 0 0 20200
55 0 37 0 0 20300
55 0 37 0 0 20400
55 0 37 0 0 20500
55 0 37 0 0 20600
55 0 37 0 0 20700
55 0 37 0 0 20800
55 0 37 0 0 20900
55 0 37 0 0 21000
55 0 37 0 0 21100
55 0 37 0 0 21200
55 0 37 0 0 21300
55 0 37 0 0 21400
55 0 37 0 0 21500
55 0 37 0 0 21600
55 0 37 0 0 21700
55 0 37 0 0 21800
56 0 38 0 0 21900
56 0 38 0 0 22000
56 0 38 0 0 22100
56 0 38 0 0 22200
56 0 38 0 0 22300
56 0 38 0 0 22400
56 0 38 0 0 22500
56 0 38 0 0 22600
56 0 38 0 0 22700
56 0 38 0 0 22800
56 0 38 0 0 22900
56 0 38 0 0 23000
56 0 38 0 0 23100
56 0 38 0 0 23200
57 0 38 0 0 23300
58 0 38 0 0 23400
58 0 38 0 0 23500
58 0 38 0 0 23600
58 0 38 0 0 23700
58 0 38 0 0 23800
58 0 38 0 0 23900
58 0 38 0 0 24000
58 0 38 0 0 24100
58 0 38 0 0 24200
58 0 38 0 0 24300
58 0 38 0 0 24400
58 0 38 0 0 24500
58 0 38 0 0 24600
58 0 38 0 0 24700
58 0 38 0 0 24800
58 0 38 0 0 24900
58 0 38 0 0 25000
58 0 39 0 0 25100
58 0 39 0 0 25200
58 0 39 0 0 25300
58 0 40 0 0 25400
58 0 40 0 0 25500
58 0 40 0 0 25600
58 0 40 0 0 25700
58 0 40 0 0 25800
58 0 40 0 0 25900
58 0 40 0 0 26000
58 0 40 0 0 26100
58 0 40 0 0 26200
58 0 40 0 0 26300
58 0 40 0 0 26400
58 0 40 0 0 26500
58 0 40 0 0 26600
58 0 41 0 0 26700
58 0 41 0 0 26800
58 0 41 0 0 26900
58 0 41 0 0 27000
58 0 41 0 0 27100
58 0 41 0 0 27200
58 0 41 0 0 27300
58 0 41 0 0 27400
58 0 41 0 0 27500
58 0 42 0 0 27600
58 0 42 0 0 27700
58 0 43 0 0 27800
58 0 43 0 0 27900
59 0 43 0 0 28000
59 0 43 0 0 28100
59 0 43 0 0 28200
60 0 43 0 0 28300
61 0 43 0 0 28400
62 0 43 0 0 28500
62 0 43 0 0 28600
62 0 43 0 0 28700
63 0 43 0 0 28800
63 0 44 0 0 28900
63 0 44 0 0 29000
63 0 44 0 0 29100
63 0 44 0 0 29200
63 0 45 0 0 29300
63 0 45 0 0 29400
63 0 46 0 0 29500
63 0 46 0 0 29600
63 0 46 0 0 29700
63 0 46 0 0 29800
63 0 46 0 0 29900
0 0 3 0 0 0
0 0 3 0 0 100
0 0 3 0 0 200
1 0 4 0 0 300
1 0 4 0 0 400
1 0 6 0 0 500
1 0 6 0 0 600
1 0 7 0 0 700
1 0 7 0 0 800
1 0 8 0 0 900
1 0 8 0 0 1000
1 0 8 0 0 1100
1 0 8 0 0 1200
2 0 8 0 0 1300
2 0 9 0 0 1400
2 0 9 0 0 1500
2 0 11 0 0 1600
2 0 11 0 0 1700
2 0 12 0 0 1800
2 0 12 0 0 1900
2 0 13 0 0 2000
2 0 13 0 0 2100
3 0 13 0 0 2200
3 0 14 0 0 2300
3 0 14 0 0 2400
3 0 14 0 0 2500
4 0 15 0 0 2600
4 0 15 0 0 2700
7 0 16 0 0 2800
7 0 17 0 0 2900
7 0 17 0 0 3000
7 0 18 0 0 3100
7 0 19 0 0 3200
7 0 20 0 0 3300
7 0 20 0 0 3400
7 0 21 0 0 3500
7 0 22 0 0 3600
7 0 22 0 0 3700
8 0 24 0 0 3800
8 0 24 0 0 3900
10 0 24 0 0 4000
10 0 25 0 0 4100
11 0 26 0 0 4200
11 0 26 0 0 4300
11 0 26 0 0 4400
11 0 26 0 0 4500
11 0 27 0 0 4600
11 0 27 0 0 4700
12 0 27 0 0 4800
13 0 27 0 0 4900
13 0 27 0 0 5000
13 0 27 0 0 5100
13 0 27 0 0 5200
13 0 27 0 0 5300
13 0 29 0 0 5400
13 0 29 0 0 5500
13 0 29 0 0 5600
13 0 31 0 0 5700
14 0 31 0 0 5800
14 0 32 0 0 5900
14 0 32 0 0 6000
14 0 32 0 0 6100
14 0 32 0 0 6200
14 0 32 0 0 6300
15 0 33 0 0 6400
15 0 33 0 0 6500
15 0 34 0 0 6600
16 0 34 0 0 6700
16 0 34 0 0 6800
16 0 34 0 0 6900
16 0 35 0 0 7000
16 0 36 0 0 7100
16 0 37 0 0 7200
16 0 37 0 0 7300
16 0 39 0 0 7400
16 0 39 0 0 7500
16 0 39 0 0 7600
17 0 40 0 0 7700
17 0 41 0 0 7800
17 0 41 0 0 7900
17 0 41 0 0 8000
17 0 42 0 0 8100
17 0 42 0 0 8200
18 0 42 0 0 8300
18 0 42 0 0 8400
18 0 42 0 0 8500
19 0 42 0 0 8600
20 0 42 0 0 8700
20 0 43 0 0 8800
20 0 43 0 0 8900
20 0 44 0 0 9000
20 0 44 0 0 9100
20 0 45 0 0 9200
20 0 45 0 0 9300
20 0 46 0 0 9400
21 0 46 0 0 9500
21 0 46 0 0 9600
21 0 46 0 0 9700
21 0 47 0 0 9800
21 0 47 0 0 9900
21 0 47 0 0 10000
22 0 47 0 0 10100
22 0 47 0 0 10200
22 0 47 0 0 10300
22 0 47 0 0 10400
22 0 47 0 0 10500
22 0 47 0 0 10600
22 0 47 0 0 10700
23 0 47 0 0 10800
23 0 47 0 0 10900
23 0 47 0 0 11000
24 0 47 0 0 11100
24 0 47 0 0 11200
24 0 47 0 0 11300
24 0 48 0 0 11400
24 0 48 0 0 11500
24 0 49 0 0 11600
24 0 49 0 0 11700
24 0 49 0 0 11800
24 0 50 0 0 11900
24 0 50 0 0 12000
24 0 51 0 0 12100
24 0 51 0 0 12200
24 0 52 0 0 12300
24 0 52 0 0 12400
24 0 52 0 0 12500
24 0 53 0 0 12600
25 0 53 0 0 12700
25 0 54 0 0 12800
25 0 54 0 0 12900
25 0 55 0 0 13000
25 0 56 0 0 13100
25 0 57 0 0 13200
26 0 58 0 0 13300
26 0 58 0 0 13400
26 0 59 0 0 13500
26 0 59 0 0 13600
27 0 60 0 0 13700
28 0 61 0 0 13800
28 0 62 0 0 13900
28 0 62 0 0 14000
28 0 63 0 0 14100
28 0 65 0 0 14200
28 0 66 0 0 14300
28 0 66 0 0 14400
28 0 66 0 0 14500
29 0 67 0 0 14600
29 0 68 0 0 14700
29 0 68 0 0 14800
29 0 68 0 0 14900
29 0 68 0 0 15000
29 0 68 0 0 15100
29 0 69 0 0 15200
31 0 69 0 0 15300
31 0 69 0 0 15400
32 0 69 0 0 15500
32 0 69 0 0 15600
32 0 69 0 0 15700
32 0 69 0 0 15800
33 0 69 0 0 15900
33 0 69 0 0 16000
33 0 69 0 0 16100
33 0 70 0 0 16200
33 0 70 0 0 16300
33 0 70 0 0 16400
33 0 70 0 0 16500
33 0 70 0 0 16600
33 0 70 0 0 16700
34 0 70 0 0 16800
34 0 70 0 0 16900
34 0 70 0 0 17000
35 0 70 0 0 17100
35 0 70 0 0 17200
35 0 71 0 0 17300
35 0 72 0 0 17400
35 0 72 0 0 17500
35 0 72 0 0 17600
35 0 72 0 0 17700
35 0 72 0 0 17800
36 0 72 0 0 17900
36 0 72 0 0 18000
36 0 72 0 0 18100
37 0 72 0 0 18200
37 0 72 0 0 18300
37 0 72 0 0 18400
37 0 72 0 0 18500
37 0 72 0 0 18600
38 0 72 0 0 18700
38 0 72 0 0 18800
38 0 72 0 0 18900
38 0 73 0 0 19000
38 0 73 0 0 19100
38 0 73 0 0 19200
38 0 73 0 0 19300
38 0 73 0 0 19400
38 0 73 0 0 19500
38 0 73 0 0 19600
38 0 73 0 0 19700
38 0 75 0 0 19800
38 0 75 0 0 19900
38 0 75 0 0 20000
38 0 75 0 0 20100
38 0 75 0 0 20200
38 0 75 0 0 20300
38 0 75 0 0 20400
38 0 75 0 0 20500
38 0 75 0 0 20600
38 0 75 0 0 20700
38 0 75 0 0 20800
38 0 75 0 0 20900
38 0 75 0 0 21000
38 0 75 0 0 21100
38 0 75 0 0 21200
38 0 75 0 0 21300
38 0 75 0 0 21400
38 0 75 0 0 21500
38 0 75 0 0 21600
38 0 75 0 0 21700
38 0 75 0 0 21800
38 0 75 0 0 21900
39 0 75 0 0 22000
39 0 75 0 0 22100
39 0 75 0 0 22200
39 0 75 0 0 22300
39 0 75 0 0 22400
40 0 75 0 0 22500
40 0 75 0 0 22600
40 0 75 0 0 22700
41 0 75 0 0 22800
41 0 75 0 0 22900
41 0 75 0 0 23000
41 0 75 0 0 23100
41 0 75 0 0 23200
41 0 75 0 0 23300
41 0 75 0 0 23400
41 0 75 0 0 23500
41 0 75 0 0 23600
41 0 75 0 0 23700
41 0 75 0 0 23800
41 0 76 0 0 23900
41 0 77 0 0 24000
41 0 77 0 0 24100
41 0 78 0 0 24200
41 0 78 0 0 24300
41 0 78 0 0 24400
41 0 78 0 0 24500
41 0 78 0 0 24600
41 0 78 0 0 24700
41 0 78 0 0 24800
41 0 79 0 0 24900
41 0 79 0 0 25000
41 0 79 0 0 25100
41 0 79 0 0 25200
41 0 79 0 0 25300
41 0 80 0 0 25400
41 0 80 0 0 25500
41 0 80 0 0 25600
41 0 81 0 0 25700
41 0 81 0 0 25800
41 0 81 0 0 25900
41 0 81 0 0 26000
41 0 81 0 0 26100
41 0 81 0 0 26200
41 0 81 0 0 26300
41 0 81 0 0 26400
41 0 81 0 0 26500
41 0 81 0 0 26600
41 0 81 0 0 26700
41 0 81 0 0 26800
41 0 81 0 0 26900
41 0 81 0 0 27000
41 0 81 0 0 27100
41 0 82 0 0 27200
41 0 82 0 0 27300
41 0 82 0 0 27400
41 0 82 0 0 27500
41 0 82 0 0 27600
41 0 82 0 0 27700
41 0 82 0 0 27800
41 0 82 0 0 27900
41 0 82 0 0 28000
41 0 82 0 0 28100
43 0 82 0 0 28200
43 0 82 0 0 28300
43 0 82 0 0 28400
43 0 82 0 0 28500
43 0 82 0 0 28600
43 0 82 0 0 28700
43 0 82 0 0 28800
43 0 82 0 0 28900
43 0 82 0 0 29000
43 0 82 0 0 29100
43 0 82 0 0 29200
43 0 82 0 0 29300
43 0 82 0 0 29400
43 0 82 0 0 29500
43 0 82 0 0 29600
43 0 82 0 0 29700
45 0 82 0 0 29800
45 0 82 0 0 29900
0 0 2 0 0 0
0 0 2 0 0 100
1 0 2 0 0 200
1 0 3 0 0 300
2 0 3 0 0 400
3 0 3 0 0 500
4 0 3 0 0 600
4 0 4 0 0 700
4 0 4 0 0 800
4 0 4 0 0 900
5 0 4 0 0 1000
5 0 4 0 0 1100
5 0 4 0 0 1200
5 0 5 0 0 1300
5 0 5 0 0 1400
5 0 5 0 0 1500
5 0 5 0 0 1600
5 0 6 0 0 1700
5 0 7 0 0 1800
6 0 7 0 0 1900
6 0 8 0 0 2000
6 0 9 0 0 2100
6 0 9 0 0 2200
8 0 9 0 0 2300
8 0 9 0 0 2400
8 0 11 0 0 2500
8 0 11 0 0 2600
8 0 12 0 0 2700
8 0 12 0 0 2800
8 0 13 0 0 2900
8 0 14 0 0 3000
8 0 14 0 0 3100
8 0 14 0 0 3200
8 0 16 0 0 3300
9 0 17 0 0 3400
9 0 18 0 0 3500
9 0 18 0 0 3600
9 0 19 0 0 3700
9 0 20 0 0 3800
10 0 20 0 0 3900
10 0 20 0 0 4000
10 0 21 0 0 4100
10 0 22 0 0 4200
10 0 22 0 0 4300
11 0 23 0 0 4400
11 0 24 0 0 4500
11 0 24 0 0 4600
11 0 24 0 0 4700
11 0 24 0 0 4800
11 0 24 0 0 4900
11 0 25 0 0 5000
11 0 25 0 0 5100
11 0 25 0 0 5200
11 0 25 0 0 5300
11 0 25 0 0 5400
11 0 26 0 0 5500
11 0 26 0 0 5600
11 0 26 0 0 5700
11 0 26 0 0 5800
11 0 27 0 0 5900
11 0 27 0 0 6000
11 0 27 0 0 6100
11 0 28 0 0 6200
11 0 28 0 0 6300
13 0 30 0 0 6400
13 0 30 0 0 6500
13 0 32 0 0 6600
13 0 32 0 0 6700
13 0 32 0 0 6800
13 0 32 0 0 6900
13 0 33 0 0 7000
13 0 33 0 0 7100
13 0 33 0 0 7200
13 0 34 0 0 7300
13 0 34 0 0 7400
13 0 34 0 0 7500
13 0 35 0 0 7600
14 0 35 0 0 7700
14 0 35 0 0 7800
14 0 36 0 0 7900
14 0 36 0 0 8000
14 0 36 0 0 8100
14 0 37 0 0 8200
14 0 37 0 0 8300
14 0 37 0 0 8400
14 0 37 0 0 8500
14 0 38 0 0 8600
14 0 38 0 0 8700
14 0 38 0 0 8800
14 0 38 0 0 8900
14 0 38 0 0 9000
14 0 39 0 0 9100
14 0 39 0 0 9200
14 0 39 0 0 9300
14 0 39 0 0 9400
14 0 40 0 0 9500
14 0 40 0 0 9600
14 0 40 0 0 9700
14 0 40 0 0 9800
14 0 40 0 0 9900
14 0 40 0 0 10000
14 0 40 0 0 10100
14 0 40 0 0 10200
14 0 40 0 0 10300
14 0 40 0 0 10400
14 0 40 0 0 10500
15 0 40 0 0 10600
16 0 40 0 0 10700
17 0 40 0 0 10800
17 0 40 0 0 10900
17 0 40 0 0 11000
17 0 40 0 0 11100
17 0 40 0 0 11200
17 0 40 0 0 11300
17 0 40 0 0 11400
18 0 41 0 0 11500
18 0 41 0 0 11600
18 0 41 0 0 11700
19 0 41 0 0 11800
19 0 41 0 0 11900
19 0 42 0 0 12000
19 0 43 0 0 12100
19 0 43 0 0 12200
20 0 43 0 0 12300
21 0 43 0 0 12400
21 0 43 0 0 12500
21 0 43 0 0 12600
22 0 43 0 0 12700
23 0 43 0 0 12800
23 0 43 0 0 12900
23 0 43 0 0 13000
23 0 43 0 0 13100
23 0 43 0 0 13200
23 0 43 0 0 13300
23 0 43 0 0 13400
23 0 43 0 0 13500
23 0 43 0 0 13600
23 0 43 0 0 13700
23 0 43 0 0 13800
23 0 43 0 0 13900
23 0 43 0 0 14000
23 0 44 0 0 14100
23 0 44 0 0 14200
23 0 44 0 0 14300
23 0 45 0 0 14400
23 0 45 0 0 14500
23 0 46 0 0 14600
23 0 46 0 0 14700
23 0 46 0 0 14800
23 0 47 0 0 14900
23 0 47 0 0 15000
23 0 48 0 0 15100
23 0 49 0 0 15200
23 0 49 0 0 15300
23 0 50 0 0 15400
23 0 50 0 0 15500
23 0 51 0 0 15600
24 0 51 0 0 15700
24 0 53 0 0 15800
24 0 53 0 0 15900
24 0 54 0 0 16000
26 0 54 0 0 16100
26 0 54 0 0 16200
26 0 54 0 0 16300
27 0 54 0 0 16400
27 0 54 0 0 16500
27 0 54 0 0 16600
28 0 54 0 0 16700
28 0 54 0 0 16800
28 0 54 0 0 16900
28 0 54 0 0 17000
28 0 54 0 0 17100
28 0 54 0 0 17200
28 0 54 0 0 17300
28 0 54 0 0 17400
28 0 54 0 0 17500
29 0 54 0 0 17600
29 0 54 0 0 17700
29 0 54 0 0 17800
30 0 54 0 0 17900
30 0 54 0 0 18000
30 0 55 0 0 18100
30 0 55 0 0 18200
30 0 55 0 0 18300
30 0 55 0 0 18400
30 0 55 0 0 18500
31 0 55 0 0 18600
31 0 56 0 0 18700
31 0 57 0 0 18800
31 0 57 0 0 18900
31 0 58 0 0 19000
31 0 58 0 0 19100
31 0 58 0 0 19200
31 0 58 0 0 19300
31 0 58 0 0 19400
32 0 58 0 0 19500
32 0 58 0 0 19600
32 0 58 0 0 19700
32 0 58 0 0 19800
32 0 58 0 0 19900
32 0 58 0 0 20000
32 0 58 0 0 20100
32 0 58 0 0 20200
32 0 58 0 0 20300
32 0 58 0 0 20400
32 0 58 0 0 20500
33 0 58 0 0 20600
33 0 58 0 0 20700
33 0 59 0 0 20800
33 0 59 0 0 20900
33 0 59 0 0 21000
33 0 59 0 0 21100
33 0 59 0 0 21200
33 0 60 0 0 21300
33 0 60 0 0 21400
33 0 61 0 0 21500
33 0 61 0 0 21600
33 0 61 0 0 21700
33 0 61 0 0 21800
33 0 61 0 0 21900
33 0 61 0 0 22000
33 0 61 0 0 22100
33 0 61 0 0 22200
33 0 61 0 0 22300
33 0 61 0 0 22400
33 0 61 0 0 22500
34 0 61 0 0 22600
34 0 61 0 0 22700
34 0 61 0 0 22800
34 0 61 0 0 22900
34 0 62 0 0 23000
34 0 62 0 0 23100
34 0 62 0 0 23200
34 0 63 0 0 23300
34 0 63 0 0 23400
34 0 63 0 0 23500
34 0 63 0 0 23600
34 0 63 0 0 23700
34 0 63 0 0 23800
34 0 63 0 0 23900
34 0 63 0 0 24000
34 0 63 0 0 24100
34 0 63 0 0 24200
34 0 63 0 0 24300
34 0 63 0 0 24400
34 0 63 0 0 24500
34 0 63 0 0 24600
34 0 63 0 0 24700
34 0 63 0 0 24800
34 0 63 0 0 24900
34 0 63 0 0 25000
34 0 63 0 0 25100
34 0 63 0 0 25200
34 0 63 0 0 25300
34 0 63 0 0 25400
34 0 63 0 0 25500
34 0 63 0 0 25600
34 0 64 0 0 25700
34 0 64 0 0 25800
34 0 65 0 0 25900
34 0 65 0 0 26000
34 0 66 0 0 26100
34 0 66 0 0 26200
34 0 66 0 0 26300
34 0 67 0 0 26400
34 0 67 0 0 26500
34 0 67 0 0 26600
34 0 67 0 0 26700
34 0 67 0 0 26800
34 0 67 0 0 26900
34 0 67 0 0 27000
34 0 67 0 0 27100
34 0 67 0 0 27200
34 0 67 0 0 27300
34 0 67 0 0 27400
34 0 67 0 0 27500
34 0 68 0 0 27600
34 0 68 0 0 27700
34 0 68 0 0 27800
34 0 69 0 0 27900
34 0 69 0 0 28000
34 0 69 0 0 28100
34 0 69 0 0 28200
34 0 69 0 0 28300
34 0 69 0 0 28400
34 0 69 0 0 28500
34 0 69 0 0 28600
34 0 69 0 0 28700
34 0 69 0 0 28800
34 0 69 0 0 28900
36 0 69 0 0 29000
37 0 69 0 0 29100
39 0 69 0 0 29200
39 0 69 0 0 29300
39 0 69 0 0 29400
39 0 69 0 0 29500
39 0 69 0 0 29600
39 0 69 0 0 29700
39 0 69 0 0 29800
39 0 70 0 0 29900
0 0 0 0 0 0
0 0 0 0 0 100
0 0 0 0 0 200
0 0 0 0 0 300
0 0 0 0 0 400
0 0 0 0 0 500
1 0 0 0 0 600
1 0 0 0 0 700
2 0 0 0 0 800
2 0 0 0 0 900
3 0 0 0 0 1000
3 0 0 0 0 1100
3 0 0 0 0 1200
3 0 0 0 0 1300
4 0 0 0 0 1400
4 0 0 0 0 1500
4 0 0 0 0 1600
4 0 0 0 0 1700
4 0 0 0 0 1800
4 0 0 0 0 1900
4 0 0 0 0 2000
4 0 0 0 0 2100
4 0 0 0 0 2200
4 0 0 0 0 2300
4 0 0 0 0 2400
4 0 0 0 0 2500
4 0 0 0 0 2600
4 0 0 0 0 2700
4 0 0 0 0 2800
4 0 0 0 0 2900
4 0 0 0 0 3000
4 0 0 0 0 3100
4 0 1 0 0 3200
4 0 2 0 0 3300
5 0 4 0 0 3400
6 0 4 0 0 3500
6 0 5 0 0 3600
6 0 5 0 0 3700
6 0 5 0 0 3800
6 0 5 0 0 3900
6 0 5 0 0 4000
6 0 5 0 0 4100
6 0 5 0 0 4200
6 0 5 0 0 4300
6 0 5 0 0 4400
7 0 5 0 0 4500
7 0 5 0 0 4600
7 0 5 0 0 4700
7 0 5 0 0 4800
7 0 5 0 0 4900
9 0 5 0 0 5000
9 0 5 0 0 5100
9 0 5 0 0 5200
9 0 6 0 0 5300
9 0 7 0 0 5400
9 0 7 1 0 5500
10 0 7 1 1 5600
10 0 7 1 1 5700
10 0 7 1 1 5800
10 0 8 1 1 5900
10 0 8 1 1 6000
10 0 8 1 1 6100
10 0 8 1 1 6200
11 0 8 1 1 6300
11 0 8 1 1 6400
12 0 8 1 1 6500
12 0 8 1 1 6600
14 0 8 1 1 6700
14 0 8 1 1 6800
14 0 8 1 1 6900
14 0 8 1 1 7000
14 0 8 1 1 7100
14 0 8 1 1 7200
14 0 8 1 1 7300
15 0 8 1 1 7400
15 0 8 1 1 7500
15 0 8 1 1 7600
15 0 8 1 1 7700
15 0 9 1 1 7800
15 0 10 1 1 7900
16 0 10 1 1 8000
17 0 11 1 1 8100
18 0 11 1 1 8200
18 0 12 1 1 8300
18 0 12 1 1 8400
18 0 13 1 1 8500
18 0 13 1 1 8600
18 0 14 1 1 8700
18 0 14 1 1 8800
19 0 15 1 1 8900
20 0 15 1 1 9000
20 0 16 1 1 9100
20 0 16 1 1 9200
20 0 16 1 1 9300
20 0 17 1 1 9400
20 0 17 1 1 9500
20 0 18 1 1 9600
20 0 18 1 1 9700
20 0 18 1 1 9800
21 0 18 1 1 9900
21 0 19 1 1 10000
23 0 21 1 1 10100
23 0 21 1 1 10200
23 0 21 1 1 10300
23 0 21 1 1 10400
23 0 21 1 1 10500
24 0 21 1 1 10600
24 0 21 1 1 10700
24 0 21 1 1 10800
24 0 21 1 1 10900
24 0 21 1 1 11000
24 0 21 1 1 11100
24 0 21 1 1 11200
24 0 21 1 1 11300
24 0 21 1 1 11400
24 0 21 1 1 11500
24 0 21 1 1 11600
24 0 22 1 1 11700
24 0 22 1 1 11800
24 0 22 1 1 11900
24 0 22 1 1 12000
24 0 22 1 1 12100
25 0 22 1 1 12200
25 0 22 1 1 12300
25 0 22 1 1 12400
26 0 22 1 1 12500
26 0 23 1 1 12600
26 0 23 1 1 12700
26 0 23 1 1 12800
26 0 24 1 1 12900
26 0 24 1 1 13000
26 0 24 1 1 13100
27 0 24 1 1 13200
28 0 25 1 1 13300
28 0 25 1 1 13400
29 0 25 1 1 13500
30 0 25 1 1 13600
30 0 25 1 1 13700
30 0 25 1 1 13800
30 0 25 1 1 13900
30 0 25 1 1 14000
30 0 25 1 1 14100
30 0 25 1 1 14200
30 0 25 1 1 14300
30 0 25 1 1 14400
30 0 25 1 1 14500
30 0 25 1 1 14600
31 0 26 1 1 14700
31 0 27 1 1 14800
31 0 27 1 1 14900
31 0 27 1 1 15000
31 0 27 1 1 15100
31 0 28 1 1 15200
31 0 28 1 1 15300
31 0 29 1 1 15400
31 0 29 1 1 15500
31 0 29 1 1 15600
31 0 30 1 1 15700
31 0 30 1 1 15800
31 0 30 1 1 15900
32 0 30 1 1 16000
32 0 30 1 1 16100
34 0 30 1 1 16200
35 0 30 1 1 16300
35 0 30 1 1 16400
35 0 30 1 1 16500
35 0 30 1 1 16600
35 0 30 1 1 16700
35 0 30 1 1 16800
35 0 31 1 1 16900
35 0 32 1 1 17000
36 0 32 1 1 17100
36 0 32 1 1 17200
36 0 32 1 1 17300
36 0 32 1 1 17400
36 0 32 1 1 17500
36 0 32 1 1 17600
36 0 32 1 1 17700
36 0 32 1 1 17800
36 0 32 1 1 17900
36 0 32 1 1 18000
36 0 32 1 1 18100
36 0 32 1 1 18200
36 0 32 1 1 18300
36 0 32 1 1 18400
36 0 32 1 1 18500
36 0 32 1 1 18600
36 0 32 1 1 18700
36 0 32 1 1 18800
36 0 32 1 1 18900
36 0 32 1 1 19000
36 0 32 1 1 19100
36 0 32 1 1 19200
36 0 32 1 1 19300
36 0 32 1 1 19400
36 0 32 1 1 19500
36 0 32 1 1 19600
36 0 32 1 1 19700
36 0 32 1 1 19800
36 0 32 1 1 19900
36 0 32 1 1 20000
36 0 32 1 1 20100
36 0 32 1 1 20200
36 0 32 1 1 20300
36 0 32 1 1 20400
36 0 32 1 1 20500
36 0 32 1 1 20600
36 0 32 1 1 20700
36 0 32 1 1 20800
36 0 32 1 1 20900
36 0 32 1 1 21000
36 0 32 1 1 21100
36 0 33 1 1 21200
36 0 33 1 1 21300
36 0 33 1 1 21400
36 0 33 1 1 21500
36 0 33 1 1 21600
36 0 33 1 1 21700
36 0 33 1 1 21800
36 0 33 1 1 21900
36 0 33 1 1 22000
36 0 33 1 1 22100
36 0 33 1 1 22200
36 0 33 1 1 22300
36 0 33 1 1 22400
36 0 33 1 1 22500
36 0 33 1 1 22600
36 0 33 1 1 22700
36 0 33 1 1 22800
36 0 34 1 1 22900
36 0 34 1 1 23000
36 0 34 1 1 23100
36 0 34 1 1 23200
36 0 34 1 1 23300
36 0 34 1 1 23400
38 0 34 1 1 23500
38 0 34 1 1 23600
39 0 34 1 1 23700
39 0 34 1 1 23800
39 0 34 1 1 23900
39 0 34 1 1 24000
39 0 34 1 1 24100
39 0 34 1 1 24200
39 0 34 1 1 24300
39 0 34 1 1 24400
39 0 34 1 1 24500
39 0 34 1 1 24600
39 0 35 1 1 24700
39 0 35 1 1 24800
39 0 35 1 1 24900
39 0 35 1 1 25000
39 0 35 1 1 25100
39 0 35 1 1 25200
39 0 35 1 1 25300
39 0 35 1 1 25400
39 0 35 1 1 25500
39 0 35 1 1 25600
39 0 35 1 1 25700
39 0 35 1 1 25800
39 0 36 1 1 25900
39 0 36 1 1 26000
39 0 36 1 1 26100
39 0 36 1 1 26200
39 0 36 1 1 26300
39 0 36 1 1 26400
39 0 36 1 1 26500
40 0 36 1 1 26600
41 0 36 1 1 26700
41 0 36 1 1 26800
41 0 36 1 1 26900
41 0 36 1 1 27000
41 0 36 1 1 27100
41 0 36 1 1 27200
41 0 36 1 1 27300
41 0 36 1 1 27400
41 0 36 1 1 27500
41 0 36 1 1 27600
41 0 36 1 1 27700
41 0 36 1 1 27800
41 0 36 1 1 27900
41 0 36 1 1 28000
41 0 36 1 1 28100
41 0 36 1 1 28200
41 0 36 1 1 28300
41 0 36 1 1 28400
41 0 36 1 1 28500
41 0 36 1 1 28600
41 0 36 1 1 28700
41 0 36 1 1 28800
41 0 36 1 1 28900
41 0 36 1 1 29000
41 0 36 1 1 29100
41 0 36 1 1 29200
41 0 36 1 1 29300
41 0 36 1 1 29400
41 0 36 1 1 29500
41 0 36 1 1 29600
41 0 36 1 1 29700
41 0 36 1 1 29800
41 0 36 1 1 29900
0 0 0 0 0 0
0 0 0 0 0 100
0 0 0 0 0 200
0 0 0 0 0 300
0 0 0 0 0 400
0 0 0 0 0 500
0 0 0 0 0 600
1 0 0 0 0 700
1 0 0 0 0 800
1 0 0 0 0 900
1 0 0 0 0 1000
1 0 0 0 0 1100
1 0 0 0 0 1200
1 0 0 0 0 1300
1 0 0 0 0 1400
1 0 0 0 0 1500
1 0 0 0 0 1600
2 0 0 0 0 1700
2 0 0 0 0 1800
2 0 0 0 0 1900
2 0 0 0 0 2000
3 0 0 0 0 2100
3 0 0 0 0 2200
3 0 0 0 0 2300
3 0 0 0 0 2400
3 0 0 0 0 2500
3 0 0 0 0 2600
3 0 0 0 0 2700
3 0 0 0 0 2800
3 0 0 0 0 2900
3 0 0 0 0 3000
3 0 0 0 0 3100
3 0 0 0 0 3200
3 0 0 0 0 3300
3 0 0 0 0 3400
3 0 0 0 0 3500
3 0 0 0 0 3600
3 0 0 0 0 3700
3 0 0 0 0 3800
4 0 0 0 0 3900
5 0 0 0 0 4000
6 0 0 0 0 4100
6 0 0 0 0 4200
6 0 0 0 0 4300
6 0 0 0 0 4400
6 0 1 0 0 4500
6 0 1 0 0 4600
7 0 1 0 0 4700
7 0 1 0 0 4800
7 0 1 0 0 4900
7 0 1 0 0 5000
7 0 1 0 0 5100
7 0 1 0 0 5200
7 0 1 0 0 5300
7 0 1 0 0 5400
7 0 1 0 0 5500
7 0 1 0 0 5600
7 0 1 0 0 5700
8 0 1 0 0 5800
8 0 1 0 0 5900
9 0 1 0 0 6000
9 0 1 0 0 6100
10 0 1 0 0 6200
11 0 1 0 0 6300
11 0 1 0 0 6400
12 0 1 0 0 6500
12 0 1 0 0 6600
12 0 1 0 0 6700
12 0 1 0 0 6800
12 0 1 0 0 6900
13 0 2 0 0 7000
13 0 2 0 0 7100
13 0 3 0 0 7200
13 0 3 0 0 7300
13 0 3 0 0 7400
14 0 3 0 0 7500
14 0 3 0 0 7600
14 0 3 0 0 7700
15 0 3 0 0 7800
15 0 3 0 0 7900
15 0 3 0 0 8000
15 0 3 0 0 8100
15 0 3 0 0 8200
15 0 3 0 0 8300
15 0 3 0 0 8400
16 0 3 0 0 8500
16 0 3 0 0 8600
16 0 3 0 0 8700
16 0 3 0 0 8800
17 0 4 0 0 8900
17 0 4 0 0 9000
17 0 4 0 0 9100
17 0 4 0 0 9200
17 0 4 0 0 9300
17 0 4 0 0 9400
17 0 4 0 0 9500
17 0 4 0 0 9600
17 0 4 0 0 9700
17 0 4 0 0 9800
17 0 5 0 0 9900
17 0 5 0 0 10000
17 0 5 0 0 10100
17 0 5 0 0 10200
17 0 5 0 0 10300
17 0 5 0 0 10400
17 0 5 0 0 10500
18 0 6 0 0 10600
18 0 6 0 0 10700
18 0 6 0 0 10800
18 0 6 0 0 10900
19 0 6 0 0 11000
19 0 6 0 0 11100
19 0 6 0 0 11200
19 0 6 0 0 11300
19 0 6 0 0 11400
19 0 6 0 0 11500
19 0 6 0 0 11600
19 0 6 0 0 11700
19 0 6 0 0 11800
20 0 6 0 0 11900
20 0 6 0 0 12000
20 0 6 0 0 12100
20 0 6 0 0 12200
20 0 6 0 0 12300
20 0 7 0 0 12400
20 0 7 0 0 12500
20 0 7 0 0 12600
20 0 7 0 0 12700
20 0 7 0 0 12800
20 0 7 0 0 12900
20 0 7 0 0 13000
20 0 7 0 0 13100
20 0 7 0 0 13200
20 0 7 0 0 13300
20 0 7 0 0 13400
20 0 7 0 0 13500
20 0 7 0 0 13600
20 0 7 0 0 13700
20 0 7 0 0 13800
20 0 7 0 0 13900
20 0 7 0 0 14000
20 0 7 0 0 14100
20 0 7 0 0 14200
20 0 7 0 0 14300
20 0 7 0 0 14400
20 0 7 0 0 14500
20 0 8 0 0 14600
21 0 8 0 0 14700
21 0 8 0 0 14800
21 0 9 0 0 14900
21 0 10 0 0 15000
22 0 11 0 0 15100
22 0 11 0 0 15200
23 0 13 0 0 15300
23 0 13 0 0 15400
23 0 13 0 0 15500
23 0 13 0 0 15600
23 0 13 0 0 15700
24 0 13 0 0 15800
24 0 13 0 0 15900
24 0 13 0 0 16000
25 0 13 0 0 16100
25 0 13 0 0 16200
26 0 13 0 0 16300
26 0 13 0 0 16400
26 0 13 0 0 16500
26 0 13 0 0 16600
26 0 13 0 0 16700
26 0 13 0 0 16800
26 0 13 0 0 16900
27 0 13 0 0 17000
27 0 13 0 0 17100
27 0 13 0 0 17200
27 0 13 0 0 17300
27 0 13 0 0 17400
27 0 13 0 0 17500
27 0 13 0 0 17600
27 0 13 0 0 17700
27 0 13 0 0 17800
27 0 15 0 0 17900
27 0 15 0 0 18000
27 0 15 0 0 18100
27 0 17 0 0 18200
27 0 18 0 0 18300
27 0 19 0 0 18400
27 0 20 0 0 18500
27 0 21 0 0 18600
27 0 21 0 0 18700
27 0 22 0 0 18800
27 0 22 0 0 18900
28 0 22 0 0 19000
28 0 23 0 0 19100
29 0 24 0 0 19200
29 0 24 0 0 19300
29 0 24 0 0 19400
29 0 26 0 0 19500
30 0 26 0 0 19600
32 0 27 0 0 19700
32 0 28 0 0 19800
32 0 28 0 0 19900
32 0 29 0 0 20000
32 0 31 0 0 20100
32 0 31 0 0 20200
33 0 31 0 0 20300
33 0 31 0 0 20400
33 0 32 0 0 20500
33 0 32 0 0 20600
33 0 32 0 0 20700
33 0 32 0 0 20800
34 0 32 0 0 20900
35 0 33 0 0 21000
35 0 33 0 0 21100
35 0 33 0 0 21200
35 0 33 0 0 21300
36 0 33 0 0 21400
36 0 34 0 0 21500
36 0 34 0 0 21600
36 0 34 0 0 21700
36 0 34 0 0 21800
37 0 34 0 0 21900
38 0 35 0 0 22000
38 0 36 0 0 22100
38 0 36 0 0 22200
39 0 37 0 0 22300
39 0 39 0 0 22400
39 0 40 0 0 22500
39 0 40 0 0 22600
39 0 42 0 0 22700
40 0 42 0 0 22800
40 0 43 0 0 22900
40 0 43 0 0 23000
41 0 44 0 0 23100
41 0 45 0 0 23200
41 0 45 0 0 23300
41 0 47 0 0 23400
41 0 47 0 0 23500
41 0 48 0 0 23600
41 0 49 0 0 23700
41 0 49 0 0 23800
41 0 49 0 0 23900
41 0 50 0 0 24000
41 0 50 0 0 24100
41 0 50 0 0 24200
41 0 52 0 0 24300
41 0 52 0 0 24400
41 0 53 0 0 24500
41 0 53 0 0 24600
41 0 54 0 0 24700
41 0 54 0 0 24800
41 0 54 0 0 24900
41 0 54 0 0 25000
41 0 54 0 0 25100
41 0 54 0 0 25200
41 0 54 0 0 25300
41 0 54 0 0 25400
42 0 54 0 0 25500
42 0 54 0 0 25600
42 0 54 0 0 25700
42 0 54 0 0 25800
42 0 55 0 0 25900
43 0 55 0 0 26000
43 0 56 0 0 26100
43 0 56 0 0 26200
43 0 56 0 0 26300
43 0 57 0 0 26400
43 0 57 0 0 26500
44 0 58 0 0 26600
44 0 58 0 0 26700
44 0 58 0 0 26800
44 0 59 0 0 26900
44 0 59 0 0 27000
44 0 59 0 0 27100
44 0 60 0 0 27200
44 0 60 0 0 27300
44 0 60 0 0 27400
44 0 61 0 0 27500
44 0 61 0 0 27600
44 0 61 0 0 27700
44 0 61 0 0 27800
44 0 61 0 0 27900
44 0 61 0 0 28000
44 0 63 0 0 28100
44 0 63 0 0 28200
44 0 63 0 0 28300
44 0 63 0 0 28400
44 0 63 0 0 28500
44 0 63 0 0 28600
44 0 63 0 0 28700
44 0 63 0 0 28800
44 0 63 0 0 28900
44 0 63 0 0 29000
44 0 63 0 0 29100
44 0 63 0 0 29200
44 0 63 0 0 29300
44 0 63 0 0 29400
44 0 63 0 0 29500
44 0 63 0 0 29600
44 0 63 0 0 29700
44 0 63 0 0 29800
44 0 63 0 0 29900
0 0 0 0 0 0
0 0 0 0 0 100
0 0 0 0 0 200
0 0 1 0 0 300
0 0 1 0 0 400
1 0 2 0 0 500
1 0 3 0 0 600
1 0 3 0 0 700
1 0 4 0 0 800
1 0 4 0 0 900
1 0 5 0 0 1000
2 0 6 0 0 1100
2 0 6 0 0 1200
2 0 7 0 0 1300
2 0 7 0 0 1400
2 0 7 0 0 1500
2 0 7 0 0 1600
2 0 9 0 0 1700
2 0 9 0 0 1800
2 0 9 0 0 1900
2 0 9 0 0 2000
2 0 11 0 0 2100
2 0 11 0 0 2200
2 0 12 0 0 2300
2 0 12 0 0 2400
2 0 13 0 0 2500
2 0 13 0 0 2600
2 0 13 0 0 2700
2 0 13 0 0 2800
2 0 13 0 0 2900
3 0 13 0 0 3000
3 0 13 0 0 3100
3 0 14 0 0 3200
3 0 14 0 0 3300
3 0 14 0 0 3400
3 0 14 0 0 3500
3 0 14 0 0 3600
3 0 14 0 0 3700
3 0 15 0 0 3800
3 0 15 0 0 3900
3 0 15 0 0 4000
3 0 15 0 0 4100
5 0 15 0 0 4200
5 0 16 0 0 4300
5 0 16 0 0 4400
5 0 16 0 0 4500
5 0 16 0 0 4600
5 0 16 0 0 4700
5 0 16 0 0 4800
5 0 16 0 0 4900
5 0 16 0 0 5000
5 0 16 0 0 5100
5 0 16 0 0 5200
5 0 16 0 0 5300
5 0 16 0 0 5400
6 0 16 0 0 5500
7 0 16 0 0 5600
8 0 16 0 0 5700
8 0 16 0 0 5800
8 0 16 0 0 5900
8 0 16 0 0 6000
8 0 16 0 0 6100
9 0 16 0 0 6200
10 0 16 0 0 6300
10 0 16 0 0 6400
10 0 16 0 0 6500
10 0 16 0 0 6600
11 0 16 0 0 6700
11 0 16 0 0 6800
11 0 16 0 0 6900
11 0 16 0 0 7000
12 0 16 0 0 7100
12 0 16 0 0 7200
12 0 16 0 0 7300
12 0 16 0 0 7400
12 0 16 0 0 7500
12 0 16 0 0 7600
13 0 16 0 0 7700
13 0 16 0 0 7800
13 0 16 0 0 7900
13 0 16 0 0 8000
13 0 16 0 0 8100
13 0 16 0 0 8200
13 0 16 0 0 8300
13 0 16 0 0 8400
13 0 16 0 0 8500
13 0 16 0 0 8600
14 0 16 0 0 8700
14 0 16 0 0 8800
14 0 16 0 0 8900
14 0 16 0 0 9000
14 0 16 0 0 9100
14 0 16 0 0 9200
14 0 16 0 0 9300
14 0 16 0 0 9400
14 0 16 0 0 9500
14 0 16 0 0 9600
14 0 16 0 0 9700
14 0 16 0 0 9800
14 0 16 0 0 9900
14 0 16 0 0 10000
14 0 16 0 0 10100
14 0 16 0 0 10200
14 0 16 0 0 10300
14 0 16 0 0 10400
14 0 17 0 0 10500
15 0 17 0 0 10600
15 0 17 0 0 10700
15 0 17 0 0 10800
15 0 17 0 0 10900
16 0 17 0 0 11000
16 0 17 0 0 11100
16 0 17 0 0 11200
16 0 17 0 0 11300
16 0 17 0 0 11400
16 0 17 0 0 11500
17 0 17 0 0 11600
17 0 17 0 0 11700
17 0 17 0 0 11800
17 0 17 0 0 11900
17 0 17 0 0 12000
17 0 17 0 0 12100
18 0 18 0 0 12200
18 0 18 0 0 12300
18 0 19 0 0 12400
18 0 19 0 0 12500
18 0 20 0 0 12600
18 0 20 0 0 12700
18 0 21 0 0 12800
18 0 21 0 0 12900
18 0 23 0 0 13000
18 0 23 0 0 13100
19 0 24 0 0 13200
19 0 24 0 0 13300
19 0 24 0 0 13400
19 0 25 0 0 13500
19 0 25 0 0 13600
19 0 25 0 0 13700
19 0 26 0 0 13800
19 0 26 0 0 13900
20 0 26 0 0 14000
20 0 26 0 0 14100
20 0 27 0 0 14200
20 0 27 0 0 14300
20 0 27 0 0 14400
20 0 28 0 0 14500
22 0 28 0 0 14600
22 0 28 0 0 14700
22 0 30 0 0 14800
22 0 31 0 0 14900
22 0 31 0 0 15000
22 0 32 0 0 15100
22 0 32 0 0 15200
22 0 33 0 0 15300
22 0 33 0 0 15400
23 0 33 0 0 15500
24 0 33 0 0 15600
24 0 33 0 0 15700
24 0 33 0 0 15800
24 0 33 0 0 15900
24 0 33 0 0 16000
24 0 33 0 0 16100
24 0 33 0 0 16200
24 0 33 0 0 16300
24 0 33 0 0 16400
24 0 33 0 0 16500
24 0 33 0 0 16600
24 0 33 0 0 16700
24 0 33 0 0 16800
25 0 33 0 0 16900
25 0 33 0 0 17000
25 0 33 0 0 17100
25 0 33 0 0 17200
25 0 33 0 0 17300
25 0 33 0 0 17400
26 0 33 0 0 17500
26 0 33 0 0 17600
26 0 35 0 0 17700
26 0 35 0 0 17800
26 0 36 0 0 17900
26 0 36 0 0 18000
26 0 36 0 0 18100
26 0 37 0 0 18200
27 0 37 0 0 18300
27 0 38 0 0 18400
27 0 38 0 0 18500
28 0 39 0 0 18600
29 0 40 0 0 18700
30 0 40 0 0 18800
30 0 41 0 0 18900
30 0 42 0 0 19000
30 0 42 0 0 19100
30 0 42 0 0 19200
30 0 42 0 0 19300
30 0 43 0 0 19400
31 0 43 0 0 19500
31 0 43 0 0 19600
33 0 44 0 0 19700
33 0 44 0 0 19800
34 0 44 0 0 19900
34 0 44 0 0 20000
34 0 45 0 0 20100
34 0 45 0 0 20200
34 0 45 0 0 20300
34 0 45 0 0 20400
34 0 45 0 0 20500
34 0 45 0 0 20600
34 0 45 0 0 20700
34 0 46 0 0 20800
34 0 46 0 0 20900
34 0 46 0 0 21000
34 0 46 0 0 21100
34 0 46 0 0 21200
34 0 47 0 0 21300
34 0 47 0 0 21400
34 0 47 0 0 21500
34 0 48 0 0 21600
34 0 48 0 0 21700
34 0 48 0 0 21800
34 0 48 0 0 21900
34 0 48 0 0 22000
34 0 49 0 0 22100
34 0 49 0 0 22200
34 0 49 0 0 22300
34 0 49 0 0 22400
34 0 49 0 0 22500
34 0 49 0 0 22600
34 0 49 0 0 22700
34 0 49 0 0 22800
34 0 50 0 0 22900
34 0 50 0 0 23000
34 0 50 0 0 23100
35 0 50 0 0 23200
35 0 50 0 0 23300
35 0 50 0 0 23400
35 0 50 0 0 23500
35 0 50 0 0 23600
35 0 51 0 0 23700
35 0 51 0 0 23800
36 0 51 0 0 23900
37 0 52 0 0 24000
37 0 52 0 0 24100
37 0 52 0 0 24200
37 0 52 0 0 24300
37 0 52 0 0 24400
37 0 52 0 0 24500
37 0 52 0 0 24600
37 0 52 0 0 24700
37 0 52 0 0 24800
38 0 52 0 0 24900
39 0 52 0 0 25000
39 0 52 0 0 25100
40 0 52 0 0 25200
41 0 52 0 0 25300
41 0 52 0 0 25400
41 0 52 0 0 25500
41 0 52 0 0 25600
41 0 52 0 0 25700
41 0 52 0 0 25800
41 0 52 0 0 25900
41 0 52 0 0 26000
41 0 52 0 0 26100
41 0 52 0 0 26200
41 0 52 0 0 26300
41 0 52 0 0 26400
41 0 52 0 0 26500
41 0 52 0 0 26600
41 0 53 0 0 26700
41 0 53 0 0 26800
41 0 53 0 0 26900
42 0 53 0 0 27000
42 0 54 0 0 27100
42 0 54 0 0 27200
42 0 54 0 0 27300
42 0 55 0 0 27400
42 0 55 0 0 27500
42 0 56 0 0 27600
42 0 56 0 0 27700
42 0 58 0 0 27800
42 0 58 0 0 27900
42 0 58 0 0 28000
43 0 59 0 0 28100
44 0 59 0 0 28200
44 0 59 0 0 28300
44 0 60 0 0 28400
44 0 60 0 0 28500
44 0 60 0 0 28600
44 0 61 0 0 28700
44 0 61 0 0 28800
44 0 61 0 0 28900
45 0 61 0 0 29000
45 0 62 0 0 29100
45 0 62 0 0 29200
45 0 62 0 0 29300
45 0 62 0 0 29400
45 0 62 0 0 29500
45 0 63 0 0 29600
45 0 63 0 0 29700
45 0 64 0 0 29800
46 0 64 0 0 29900
0 0 0 0 0 0
0 0 0 0 0 100
0 0 0 0 0 200
0 0 1 0 0 300
0 0 1 0 0 400
0 0 2 0 0 500
0 0 2 0 0 600
1 0 2 0 0 700
1 0 3 0 0 800
1 0 3 0 0 900
1 0 3 0 0 1000
1 0 4 0 0 1100
1 0 5 0 0 1200
1 0 5 0 0 1300
1 0 5 0 0 1400
1 0 5 0 0 1500
1 0 5 0 0 1600
1 0 5 0 0 1700
2 0 5 0 0 1800
3 0 6 0 0 1900
3 0 6 0 0 2000
5 0 6 0 0 2100
5 0 6 0 0 2200
5 0 7 0 0 2300
5 0 7 0 0 2400
5 0 7 0 0 2500
5 0 7 0 0 2600
5 0 8 0 0 2700
5 0 8 0 0 2800
5 0 8 0 0 2900
5 0 8 0 0 3000
5 0 8 0 0 3100
5 0 9 0 0 3200
5 0 10 0 0 3300
5 0 10 0 0 3400
6 0 10 0 0 3500
7 0 11 0 0 3600
7 0 11 0 0 3700
7 0 11 0 0 3800
7 0 11 0 0 3900
7 0 12 0 0 4000
7 0 13 0 0 4100
7 0 13 0 0 4200
8 0 13 0 0 4300
8 0 14 0 0 4400
8 0 14 0 0 4500
8 0 14 0 0 4600
9 0 15 0 0 4700
9 0 16 0 0 4800
9 0 17 0 0 4900
9 0 18 0 0 5000
9 0 18 0 0 5100
9 0 19 0 0 5200
9 0 20 0 0 5300
9 0 21 0 0 5400
9 0 21 0 0 5500
9 0 23 0 0 5600
9 0 23 0 0 5700
9 0 24 0 0 5800
9 0 24 0 0 5900
9 0 25 0 0 6000
9 0 26 0 0 6100
9 0 26 0 0 6200
9 0 26 0 0 6300
9 0 26 0 0 6400
9 0 26 0 0 6500
9 0 26 0 0 6600
9 0 26 0 0 6700
9 0 26 0 0 6800
9 0 26 0 0 6900
9 0 26 0 0 7000
9 0 27 0 0 7100
9 0 27 0 0 7200
9 0 27 0 0 7300
9 0 27 0 0 7400
9 0 27 0 0 7500
10 0 27 0 0 7600
10 0 27 0 0 7700
10 0 28 0 0 7800
10 0 28 0 0 7900
10 0 29 0 0 8000
10 0 29 0 0 8100
11 0 30 0 0 8200
11 0 30 0 0 8300
11 0 30 0 0 8400
11 0 31 0 0 8500
11 0 31 0 0 8600
11 0 31 0 0 8700
12 0 32 0 0 8800
12 0 32 0 0 8900
12 0 32 0 0 9000
12 0 33 0 0 9100
13 0 33 0 0 9200
13 0 33 0 0 9300
13 0 36 0 0 9400
13 0 36 0 0 9500
13 0 37 0 0 9600
14 0 37 0 0 9700
14 0 38 0 0 9800
15 0 38 0 0 9900
15 0 38 0 0 10000
15 0 39 0 0 10100
16 0 39 0 0 10200
16 0 39 0 0 10300
16 0 40 0 0 10400
16 0 40 0 0 10500
16 0 40 0 0 10600
16 0 41 0 0 10700
16 0 41 0 0 10800
16 0 41 0 0 10900
16 0 42 0 0 11000
17 0 42 0 0 11100
17 0 42 0 0 11200
17 0 43 0 0 11300
17 0 43 0 0 11400
17 0 44 0 0 11500
17 0 44 0 0 11600
17 0 44 0 0 11700
17 0 45 0 0 11800
17 0 45 0 0 11900
17 0 45 0 0 12000
17 0 46 0 0 12100
17 0 46 0 0 12200
17 0 47 0 0 12300
17 0 47 0 0 12400
18 0 47 0 0 12500
18 0 47 0 0 12600
18 0 47 0 0 12700
18 0 47 0 0 12800
18 0 47 0 0 12900
18 0 47 0 0 13000
18 0 47 0 0 13100
19 0 47 0 0 13200
19 0 47 0 0 13300
19 0 47 0 0 13400
19 0 47 0 0 13500
20 0 47 0 0 13600
20 0 47 0 0 13700
20 0 47 0 0 13800
20 0 47 0 0 13900
20 0 47 0 0 14000
20 0 47 0 0 14100
20 0 47 0 0 14200
20 0 47 0 0 14300
21 0 47 0 0 14400
21 0 47 0 0 14500
21 0 47 0 0 14600
21 0 48 0 0 14700
21 0 48 0 0 14800
21 0 48 0 0 14900
21 0 48 0 0 15000
21 0 48 0 0 15100
21 0 48 0 0 15200
21 0 48 0 0 15300
21 0 48 0 0 15400
21 0 48 0 0 15500
21 0 48 0 0 15600
21 0 48 0 0 15700
21 0 48 0 0 15800
21 0 48 0 0 15900
21 0 48 0 0 16000
21 0 48 0 0 16100
21 0 48 0 0 16200
21 0 48 0 0 16300
21 0 48 0 0 16400
21 0 48 0 0 16500
21 0 48 0 0 16600
21 0 48 0 0 16700
21 0 48 0 0 16800
21 0 48 0 0 16900
21 0 48 0 0 17000
21 0 48 0 0 17100
21 0 48 0 0 17200
21 0 48 0 0 17300
21 0 48 0 0 17400
21 0 48 0 0 17500
21 0 48 0 0 17600
21 0 48 0 0 17700
21 0 48 0 0 17800
21 0 48 0 0 17900
21 0 48 0 0 18000
21 0 49 0 0 18100
21 0 49 0 0 18200
21 0 49 0 0 18300
22 0 50 0 0 18400
22 0 52 0 0 18500
22 0 52 0 0 18600
22 0 52 0 0 18700
22 0 53 0 0 18800
22 0 53 0 0 18900
22 0 54 0 0 19000
22 0 54 0 0 19100
22 0 54 0 0 19200
22 0 54 0 0 19300
22 0 54 0 0 19400
23 0 54 0 0 19500
23 0 54 0 0 19600
23 0 55 0 0 19700
23 0 55 0 0 19800
23 0 55 0 0 19900
23 0 56 0 0 20000
23 0 56 0 0 20100
23 0 56 0 0 20200
23 0 56 0 0 20300
23 0 56 0 0 20400
24 0 56 0 0 20500
24 0 57 0 0 20600
24 0 57 0 0 20700
24 0 57 0 0 20800
24 0 57 0 0 20900
24 0 57 0 0 21000
24 0 57 0 0 21100
24 0 57 0 0 21200
24 0 58 0 0 21300
24 0 59 0 0 21400
24 0 59 0 0 21500
24 0 59 0 0 21600
24 0 59 0 0 21700
24 0 59 0 0 21800
24 0 59 0 0 21900
24 0 60 0 0 22000
24 0 60 0 0 22100
24 0 60 0 0 22200
24 0 61 0 0 22300
24 0 61 0 0 22400
24 0 61 0 0 22500
25 0 61 0 0 22600
25 0 61 0 0 22700
26 0 61 0 0 22800
26 0 61 0 0 22900
26 0 61 0 0 23000
26 0 61 0 0 23100
26 0 61 0 0 23200
26 0 61 0 0 23300
26 0 61 0 0 23400
26 0 61 0 0 23500
26 0 61 0 0 23600
26 0 61 0 0 23700
26 0 61 0 0 23800
26 0 61 0 0 23900
26 0 61 0 0 24000
26 0 61 0 0 24100
26 0 61 0 0 24200
26 0 61 0 0 24300
26 0 61 0 0 24400
26 0 61 0 0 24500
26 0 61 0 0 24600
26 0 61 0 0 24700
27 0 61 0 0 24800
27 0 62 0 0 24900
27 0 62 0 0 25000
27 0 62 0 0 25100
27 0 62 0 0 25200
27 0 62 0 0 25300
28 0 62 0 0 25400
28 0 62 0 0 25500
28 0 62 0 0 25600
29 0 62 0 0 25700
29 0 62 0 0 25800
29 0 62 0 0 25900
29 0 62 0 0 26000
29 0 62 0 0 26100
29 0 62 0 0 26200
29 0 62 0 0 26300
29 0 62 0 0 26400
29 0 62 0 0 26500
29 0 62 0 0 26600
29 0 62 0 0 26700
29 0 62 0 0 26800
29 0 62 0 0 26900
29 0 62 0 0 27000
29 0 62 0 0 27100
29 0 62 0 0 27200
29 0 62 0 0 27300
29 0 62 0 0 27400
29 0 62 0 0 27500
29 0 62 0 0 27600
29 0 62 0 0 27700
29 0 62 0 0 27800
29 0 62 0 0 27900
29 0 62 0 0 28000
30 0 62 0 0 28100
30 0 62 0 0 28200
30 0 62 0 0 28300
31 0 63 0 0 28400
32 0 63 0 0 28500
32 0 64 0 0 28600
32 0 64 0 0 28700
32 0 64 0 0 28800
32 0 64 0 0 28900
32 0 64 0 0 29000
32 0 64 0 0 29100
32 0 64 0 0 29200
32 0 64 0 0 29300
33 0 64 0 0 29400
33 0 64 0 0 29500
33 0 64 0 0 29600
33 0 65 0 0 29700
33 0 65 0 0 29800
33 0 66 0 0 29900
0 0 1 0 0 0
0 0 1 0 0 100
0 0 2 0 0 200
1 0 2 0 0 300
1 0 2 0 0 400
1 0 3 0 0 500
1 0 3 0 0 600
1 0 3 0 0 700
1 0 4 0 0 800
1 0 4 0 0 900
1 0 4 0 0 1000
1 0 5 0 0 1100
1 0 5 0 0 1200
2 0 6 0 0 1300
2 0 6 0 0 1400
2 0 6 0 0 1500
2 0 7 0 0 1600
2 0 7 0 0 1700
2 0 8 0 0 1800
2 0 8 0 0 1900
2 0 8 0 0 2000
2 0 9 0 0 2100
2 0 9 0 0 2200
2 0 10 0 0 2300
2 0 10 0 0 2400
2 0 11 0 0 2500
2 0 11 0 0 2600
2 0 11 0 0 2700
2 0 12 0 0 2800
2 0 12 0 0 2900
2 0 13 0 0 3000
3 0 13 0 0 3100
3 0 13 0 0 3200
3 0 13 0 0 3300
5 0 13 0 0 3400
6 0 13 0 0 3500
6 0 13 0 0 3600
7 0 13 0 0 3700
7 0 13 0 0 3800
7 0 13 0 0 3900
7 0 13 0 0 4000
7 0 13 0 0 4100
7 0 13 0 0 4200
7 0 13 0 0 4300
7 0 13 0 0 4400
7 0 13 0 0 4500
7 0 13 0 0 4600
7 0 13 0 0 4700
7 0 13 0 0 4800
7 0 13 0 0 4900
7 0 13 0 0 5000
7 0 13 0 0 5100
7 0 13 0 0 5200
7 0 13 0 0 5300
7 0 13 0 0 5400
7 0 13 0 0 5500
8 0 13 0 0 5600
9 0 13 0 0 5700
9 0 13 0 0 5800
9 0 13 0 0 5900
9 0 13 0 0 6000
9 0 13 0 0 6100
9 0 13 0 0 6200
9 0 13 0 0 6300
9 0 13 0 0 6400
10 0 13 0 0 6500
11 0 13 0 0 6600
11 0 14 0 0 6700
12 0 14 0 0 6800
12 0 15 0 0 6900
13 0 16 0 0 7000
14 0 16 0 0 7100
14 0 16 0 0 7200
14 0 16 0 0 7300
14 0 16 0 0 7400
14 0 16 0 0 7500
16 0 16 0 0 7600
16 0 16 0 0 7700
17 0 16 0 0 7800
18 0 17 0 0 7900
18 0 17 0 0 8000
18 0 18 0 0 8100
18 0 18 0 0 8200
18 0 18 0 0 8300
18 0 18 0 0 8400
19 0 18 0 0 8500
19 0 18 0 0 8600
20 0 18 0 0 8700
20 0 18 0 0 8800
20 0 18 0 0 8900
22 0 18 0 0 9000
23 0 18 0 0 9100
23 0 19 0 0 9200
23 0 20 0 0 9300
23 0 20 0 0 9400
23 0 22 0 0 9500
23 0 22 0 0 9600
23 0 22 0 0 9700
23 0 23 0 0 9800
23 0 23 0 0 9900
24 0 23 0 0 10000
24 0 23 0 0 10100
24 0 23 0 0 10200
24 0 23 0 0 10300
25 0 23 0 0 10400
25 0 23 0 0 10500
25 0 23 0 0 10600
25 0 23 0 0 10700
25 0 23 0 0 10800
25 0 24 0 0 10900
25 0 24 0 0 11000
25 0 24 0 0 11100
25 0 24 0 0 11200
25 0 24 0 0 11300
25 0 24 0 0 11400
25 0 24 0 0 11500
25 0 25 0 0 11600
25 0 25 0 0 11700
25 0 25 0 0 11800
25 0 25 0 0 11900
25 0 26 0 0 12000
25 0 26 0 0 12100
25 0 26 0 0 12200
25 0 26 0 0 12300
27 0 26 0 0 12400
27 0 26 0 0 12500
27 0 26 0 0 12600
27 0 26 0 0 12700
28 0 26 0 0 12800
29 0 27 0 0 12900
29 0 27 0 0 13000
29 0 28 0 0 13100
29 0 28 0 0 13200
29 0 28 0 0 13300
29 0 28 0 0 13400
29 0 28 0 0 13500
29 0 28 0 0 13600
29 0 28 0 0 13700
29 0 28 0 0 13800
29 0 28 0 0 13900
29 0 28 0 0 14000
29 0 28 0 0 14100
29 0 28 0 0 14200
29 0 28 0 0 14300
29 0 28 0 0 14400
29 0 28 0 0 14500
29 0 28 0 0 14600
29 0 28 0 0 14700
29 0 28 0 0 14800
29 0 28 0 0 14900
29 0 28 0 0 15000
29 0 28 0 0 15100
29 0 28 0 0 15200
29 0 28 0 0 15300
29 0 28 0 0 15400
29 0 28 0 0 15500
29 0 28 0 0 15600
30 0 28 0 0 15700
30 0 28 0 0 15800
30 0 28 0 0 15900
31 0 28 0 0 16000
31 0 28 0 0 16100
31 0 28 0 0 16200
31 0 28 0 0 16300
31 0 28 0 0 16400
31 0 29 0 0 16500
31 0 29 0 0 16600
31 0 30 0 0 16700
31 0 30 0 0 16800
31 0 30 0 0 16900
31 0 30 0 0 17000
31 0 30 0 0 17100
31 0 31 0 0 17200
31 0 31 0 0 17300
31 0 31 0 0 17400
32 0 32 0 0 17500
32 0 32 0 0 17600
32 0 32 0 0 17700
32 0 34 0 0 17800
32 0 34 0 0 17900
32 0 34 0 0 18000
32 0 34 0 0 18100
32 0 34 0 0 18200
32 0 34 0 0 18300
32 0 35 0 0 18400
32 0 35 0 0 18500
32 0 35 0 0 18600
32 0 36 0 0 18700
32 0 36 0 0 18800
32 0 36 0 0 18900
32 0 37 0 0 19000
32 0 37 0 0 19100
32 0 37 0 0 19200
32 0 37 0 0 19300
32 0 38 0 0 19400
32 0 38 0 0 19500
32 0 39 0 0 19600
32 0 39 0 0 19700
32 0 39 0 0 19800
33 0 39 0 0 19900
33 0 40 0 0 20000
33 0 40 0 0 20100
33 0 40 0 0 20200
34 0 40 0 0 20300
34 0 40 0 0 20400
34 0 41 0 0 20500
34 0 41 0 0 20600
34 0 42 0 0 20700
36 0 42 0 0 20800
36 0 42 0 0 20900
36 0 42 0 0 21000
36 0 43 0 0 21100
36 0 44 0 0 21200
36 0 45 0 0 21300
36 0 45 0 0 21400
36 0 45 0 0 21500
37 0 46 0 0 21600
38 0 46 0 0 21700
38 0 47 0 0 21800
38 0 47 0 0 21900
38 0 48 0 0 22000
38 0 48 0 0 22100
38 0 49 0 0 22200
38 0 49 0 0 22300
38 0 50 0 0 22400
38 0 50 0 0 22500
38 0 50 0 0 22600
38 0 50 0 0 22700
39 0 50 0 0 22800
39 0 50 0 0 22900
39 0 51 0 0 23000
39 0 51 0 0 23100
39 0 51 0 0 23200
39 0 51 0 0 23300
39 0 51 0 0 23400
39 0 51 0 0 23500
39 0 51 0 0 23600
39 0 51 0 0 23700
39 0 51 0 0 23800
39 0 51 0 0 23900
39 0 51 0 0 24000
39 0 51 0 0 24100
39 0 51 0 0 24200
39 0 51 0 0 24300
39 0 51 0 0 24400
39 0 51 0 0 24500
39 0 51 0 0 24600
39 0 51 0 0 24700
39 0 51 0 0 24800
39 0 51 0 0 24900
39 0 51 0 0 25000
39 0 51 0 0 25100
39 0 51 0 0 25200
39 0 51 0 0 25300
39 0 51 0 0 25400
40 0 51 0 0 25500
40 0 51 0 0 25600
40 0 51 0 0 25700
40 0 51 0 0 25800
40 0 51 0 0 25900
40 0 51 0 0 26000
40 0 51 0 0 26100
40 0 51 0 0 26200
40 0 51 0 0 26300
40 0 52 0 0 26400
41 0 52 0 0 26500
41 0 52 0 0 26600
41 0 52 0 0 26700
42 0 52 0 0 26800
43 0 52 0 0 26900
43 0 52 0 0 27000
43 0 52 0 0 27100
43 0 52 0 0 27200
43 0 53 0 0 27300
44 0 53 0 0 27400
44 0 53 0 0 27500
44 0 54 0 0 27600
44 0 54 0 0 27700
44 0 55 0 0 27800
44 0 57 0 0 27900
44 0 58 0 0 28000
44 0 58 0 0 28100
44 0 60 0 0 28200
44 0 61 0 0 28300
44 0 62 0 0 28400
44 0 63 0 0 28500
44 0 64 0 0 28600
44 0 66 0 0 28700
44 0 66 0 0 28800
45 0 68 0 0 28900
45 0 70 0 0 29000
45 0 70 0 0 29100
45 0 70 0 0 29200
45 0 70 0 0 29300
45 0 70 0 0 29400
45 0 70 0 0 29500
45 0 70 0 0 29600
45 0 70 0 0 29700
45 0 70 0 0 29800
45 0 70 0 0 29900
0 0 0 0 0 0
0 0 0 0 0 100
0 0 0 0 0 200
1 0 1 0 0 300
1 0 1 0 0 400
1 0 2 0 0 500
1 0 2 0 0 600
1 0 2 0 0 700
1 0 2 0 0 800
1 0 2 0 0 900
2 0 2 0 0 1000
2 0 2 0 0 1100
2 0 2 0 0 1200
2 0 2 0 0 1300
2 0 2 0 0 1400
2 0 2 0 0 1500
2 0 2 0 0 1600
3 0 2 0 0 1700
3 0 2 0 0 1800
3 0 3 0 0 1900
3 0 3 0 0 2000
3 0 3 0 0 2100
3 0 3 0 0 2200
3 0 3 0 0 2300
3 0 3 0 0 2400
3 0 3 0 0 2500
3 0 3 0 0 2600
3 0 3 0 0 2700
3 0 3 0 0 2800
3 0 3 0 0 2900
3 0 3 0 0 3000
3 0 3 0 0 3100
3 0 3 0 0 3200
3 0 3 0 0 3300
3 0 3 0 0 3400
3 0 3 0 0 3500
3 0 3 0 0 3600
3 0 3 0 0 3700
4 0 4 0 0 3800
4 0 4 0 0 3900
5 0 4 0 0 4000
5 0 4 0 0 4100
5 0 4 0 0 4200
5 0 4 0 0 4300
5 0 4 0 0 4400
6 0 4 0 0 4500
6 0 4 0 0 4600
7 0 4 0 0 4700
7 0 4 0 0 4800
7 0 4 0 0 4900
7 0 4 0 0 5000
7 0 4 0 0 5100
7 0 4 0 0 5200
7 0 4 0 0 5300
8 0 4 0 0 5400
8 0 4 0 0 5500
8 0 4 0 0 5600
8 0 4 0 0 5700
9 0 4 0 0 5800
9 0 4 0 0 5900
10 0 4 0 0 6000
10 0 4 0 0 6100
10 0 4 0 0 6200
11 0 4 0 0 6300
11 0 4 0 0 6400
11 0 4 0 0 6500
12 0 4 0 0 6600
12 0 4 0 0 6700
13 0 4 0 0 6800
13 0 4 0 0 6900
13 0 4 0 0 7000
13 0 4 0 0 7100
13 0 4 0 0 7200
13 0 4 0 0 7300
13 0 4 0 0 7400
13 0 4 0 0 7500
14 0 4 0 0 7600
14 0 4 0 0 7700
14 0 4 0 0 7800
14 0 4 0 0 7900
14 0 4 0 0 8000
15 0 4 0 0 8100
15 0 4 0 0 8200
15 0 5 0 0 8300
15 0 5 0 0 8400
15 0 6 0 0 8500
16 0 6 0 0 8600
16 0 6 0 0 8700
16 0 7 0 0 8800
17 0 7 0 0 8900
18 0 8 0 0 9000
18 0 8 0 0 9100
18 0 8 0 0 9200
18 0 8 0 0 9300
18 0 8 0 0 9400
18 0 8 0 0 9500
18 0 8 0 0 9600
18 0 8 0 0 9700
18 0 8 0 0 9800
18 0 8 0 0 9900
19 0 8 0 0 10000
19 0 8 0 0 10100
19 0 8 0 0 10200
19 0 8 0 0 10300
19 0 8 0 0 10400
19 0 8 0 0 10500
19 0 8 0 0 10600
19 0 8 0 0 10700
19 0 8 0 0 10800
19 0 8 0 0 10900
19 0 8 0 0 11000
19 0 8 0 0 11100
19 0 8 0 0 11200
20 0 8 0 0 11300
20 0 9 0 0 11400
20 0 10 0 0 11500
20 0 10 0 0 11600
20 0 11 0 0 11700
20 0 11 0 0 11800
20 0 12 0 0 11900
20 0 12 0 0 12000
20 0 12 0 0 12100
20 0 13 0 0 12200
20 0 13 0 0 12300
20 0 13 0 0 12400
21 0 14 0 0 12500
21 0 14 0 0 12600
21 0 14 0 0 12700
21 0 14 0 0 12800
21 0 14 0 0 12900
22 0 14 0 0 13000
23 0 14 0 0 13100
23 0 14 0 0 13200
23 0 14 0 0 13300
23 0 14 0 0 13400
23 0 14 0 0 13500
23 0 14 0 0 13600
23 0 14 0 0 13700
23 0 14 0 0 13800
23 0 14 0 0 13900
23 0 14 0 0 14000
23 0 14 0 0 14100
23 0 14 0 0 14200
23 0 14 0 0 14300
23 0 15 0 0 14400
23 0 15 0 0 14500
24 0 16 0 0 14600
25 0 16 0 0 14700
26 0 17 0 0 14800
26 0 18 0 0 14900
26 0 18 0 0 15000
26 0 19 0 0 15100
26 0 19 0 0 15200
26 0 20 0 0 15300
26 0 20 0 0 15400
26 0 20 0 0 15500
27 0 22 0 0 15600
27 0 22 0 0 15700
27 0 23 0 0 15800
27 0 23 0 0 15900
27 0 24 0 0 16000
27 0 25 0 0 16100
27 0 26 0 0 16200
27 0 27 0 0 16300
27 0 27 0 0 16400
28 0 27 0 0 16500
28 0 27 0 0 16600
28 0 27 0 0 16700
28 0 27 0 0 16800
28 0 27 0 0 16900
28 0 27 0 0 17000
28 0 27 0 0 17100
28 0 27 0 0 17200
29 0 27 0 0 17300
29 0 27 0 0 17400
29 0 27 0 0 17500
29 0 27 0 0 17600
29 0 27 0 0 17700
29 0 27 0 0 17800
29 0 28 0 0 17900
29 0 28 0 0 18000
29 0 28 0 0 18100
29 0 28 0 0 18200
29 0 28 0 0 18300
29 0 28 0 0 18400
29 0 28 0 0 18500
29 0 28 0 0 18600
29 0 28 0 0 18700
29 0 28 0 0 18800
30 0 28 0 0 18900
31 0 28 0 0 19000
31 0 28 0 0 19100
31 0 28 0 0 19200
31 0 28 0 0 19300
31 0 28 0 0 19400
31 0 28 0 0 19500
31 0 28 0 0 19600
31 0 28 0 0 19700
31 0 28 0 0 19800
31 0 28 0 0 19900
31 0 28 0 0 20000
31 0 28 0 0 20100
31 0 28 0 0 20200
31 0 28 0 0 20300
31 0 28 0 0 20400
31 0 28 0 0 20500
31 0 28 0 0 20600
31 0 28 0 0 20700
31 0 28 0 0 20800
31 0 28 0 0 20900
31 0 28 0 0 21000
31 0 28 0 0 21100
32 0 28 0 0 21200
32 0 28 0 0 21300
32 0 29 0 0 21400
32 0 29 0 0 21500
32 0 29 0 0 21600
33 0 29 0 0 21700
33 0 29 0 0 21800
33 0 29 0 0 21900
34 0 30 0 0 22000
35 0 31 0 0 22100
35 0 31 0 0 22200
35 0 31 0 0 22300
35 0 32 0 0 22400
36 0 32 0 0 22500
36 0 32 0 0 22600
36 0 33 0 0 22700
37 0 33 0 0 22800
37 0 33 0 0 22900
37 0 34 0 0 23000
37 0 34 0 0 23100
37 0 34 0 0 23200
37 0 34 0 0 23300
37 0 34 0 0 23400
37 0 34 0 0 23500
37 0 34 0 0 23600
38 0 34 0 0 23700
39 0 34 0 0 23800
39 0 35 0 0 23900
39 0 35 0 0 24000
39 0 35 0 0 24100
39 0 36 0 0 24200
39 0 36 0 0 24300
39 0 37 0 0 24400
39 0 37 0 0 24500
39 0 37 0 0 24600
39 0 38 0 0 24700
39 0 39 0 0 24800
39 0 40 0 0 24900
39 0 41 0 0 25000
39 0 41 0 0 25100
39 0 42 0 0 25200
39 0 42 0 0 25300
39 0 43 0 0 25400
39 0 43 0 0 25500
39 0 43 0 0 25600
39 0 44 0 0 25700
39 0 44 0 0 25800
39 0 45 0 0 25900
39 0 45 0 0 26000
39 0 45 0 0 26100
39 0 45 0 0 26200
39 0 46 0 0 26300
39 0 46 0 0 26400
39 0 46 0 0 26500
39 0 46 0 0 26600
39 0 46 0 0 26700
39 0 46 0 0 26800
39 0 47 0 0 26900
39 0 47 0 0 27000
39 0 47 0 0 27100
39 0 48 0 0 27200
40 0 49 0 0 27300
40 0 49 0 0 27400
40 0 49 0 0 27500
40 0 50 0 0 27600
40 0 50 0 0 27700
40 0 51 0 0 27800
40 0 51 0 0 27900
40 0 52 0 0 28000
40 0 52 0 0 28100
40 0 53 0 0 28200
40 0 53 0 0 28300
40 0 54 0 0 28400
41 0 54 0 0 28500
41 0 54 0 0 28600
41 0 54 0 0 28700
41 0 54 0 0 28800
41 0 55 0 0 28900
42 0 55 0 0 29000
42 0 55 0 0 29100
42 0 55 0 0 29200
42 0 55 0 0 29300
42 0 55 0 0 29400
42 0 55 0 0 29500
42 0 55 0 0 29600
42 0 55 0 0 29700
42 0 56 0 0 29800
42 0 56 0 0 29900
0 0 1 0 0 0
0 0 1 0 0 100
0 0 2 0 0 200
0 0 2 0 0 300
0 0 3 0 0 400
0 0 3 0 0 500
0 0 3 0 0 600
0 0 3 0 0 700
0 0 4 0 0 800
0 0 4 0 0 900
1 0 4 0 0 1000
1 0 4 0 0 1100
1 0 4 0 0 1200
1 0 4 0 0 1300
1 0 5 0 0 1400
1 0 5 0 0 1500
1 0 5 0 0 1600
1 0 5 0 0 1700
1 0 5 0 0 1800
1 0 6 0 0 1900
1 0 6 0 0 2000
1 0 6 0 0 2100
1 0 6 0 0 2200
1 0 7 0 0 2300
1 0 7 0 0 2400
1 0 7 0 0 2500
2 0 8 0 0 2600
2 0 8 0 0 2700
2 0 9 0 0 2800
2 0 9 0 0 2900
2 0 9 0 0 3000
2 0 10 0 0 3100
2 0 10 0 0 3200
2 0 11 0 0 3300
2 0 12 0 0 3400
2 0 12 0 0 3500
3 0 13 0 0 3600
4 0 13 0 0 3700
4 0 13 0 0 3800
4 0 13 0 0 3900
5 0 13 0 0 4000
5 0 14 0 0 4100
5 0 14 0 0 4200
5 0 15 0 0 4300
5 0 15 0 0 4400
5 0 15 0 0 4500
5 0 15 0 0 4600
5 0 15 0 0 4700
5 0 15 0 0 4800
6 0 15 0 0 4900
6 0 16 0 0 5000
6 0 16 0 0 5100
6 0 17 0 0 5200
7 0 17 0 0 5300
7 0 18 0 0 5400
7 0 19 0 0 5500
7 0 19 0 0 5600
7 0 19 0 0 5700
7 0 19 0 0 5800
7 0 19 0 0 5900
7 0 20 0 0 6000
7 0 20 0 0 6100
7 0 20 0 0 6200
7 0 20 0 0 6300
7 0 20 0 0 6400
7 0 20 0 0 6500
7 0 20 0 0 6600
8 0 20 0 0 6700
8 0 20 0 0 6800
8 0 20 0 0 6900
8 0 20 0 0 7000
9 0 20 0 0 7100
9 0 20 0 0 7200
9 0 20 0 0 7300
9 0 20 0 0 7400
10 0 20 0 0 7500
10 0 20 0 0 7600
10 0 21 0 0 7700
10 0 21 0 0 7800
10 0 22 0 0 7900
10 0 22 0 0 8000
10 0 22 0 0 8100
11 0 22 0 0 8200
11 0 22 0 0 8300
11 0 22 0 0 8400
11 0 22 0 0 8500
11 0 22 0 0 8600
11 0 22 0 0 8700
12 0 22 0 0 8800
12 0 22 0 0 8900
12 0 22 0 0 9000
13 0 22 0 0 9100
13 0 22 0 0 9200
13 0 22 0 0 9300
13 0 22 0 0 9400
13 0 22 0 0 9500
14 0 22 0 0 9600
14 0 22 0 0 9700
14 0 22 0 0 9800
14 0 22 0 0 9900
14 0 23 0 0 10000
14 0 23 0 0 10100
15 0 24 0 0 10200
15 0 24 0 0 10300
15 0 24 0 0 10400
15 0 24 0 0 10500
15 0 24 0 0 10600
15 0 24 0 0 10700
15 0 24 0 0 10800
16 0 24 0 0 10900
16 0 24 0 0 11000
16 0 24 0 0 11100
16 0 24 0 0 11200
16 0 24 0 0 11300
16 0 24 0 0 11400
16 0 24 0 0 11500
16 0 24 0 0 11600
16 0 24 0 0 11700
16 0 24 0 0 11800
16 0 24 0 0 11900
16 0 24 0 0 12000
16 0 24 0 0 12100
16 0 24 0 0 12200
16 0 24 0 0 12300
16 0 24 0 0 12400
16 0 24 0 0 12500
16 0 24 0 0 12600
16 0 24 0 0 12700
16 0 24 0 0 12800
17 0 24 0 0 12900
17 0 24 0 0 13000
17 0 24 0 0 13100
17 0 24 0 0 13200
17 0 24 0 0 13300
18 0 25 0 0 13400
18 0 25 0 0 13500
19 0 25 0 0 13600
19 0 26 0 0 13700
19 0 28 0 0 13800
19 0 28 0 0 13900
19 0 29 0 0 14000
19 0 29 0 0 14100
19 0 29 0 0 14200
19 0 30 0 0 14300
19 0 30 0 0 14400
19 0 31 0 0 14500
19 0 32 0 0 14600
19 0 32 0 0 14700
19 0 32 0 0 14800
19 0 33 0 0 14900
19 0 33 0 0 15000
19 0 33 0 0 15100
20 0 34 0 0 15200
20 0 34 0 0 15300
22 0 34 0 0 15400
22 0 35 0 0 15500
22 0 35 0 0 15600
22 0 36 0 0 15700
22 0 36 0 0 15800
22 0 36 0 0 15900
23 0 37 0 0 16000
24 0 37 0 0 16100
24 0 37 0 0 16200
24 0 37 0 0 16300
24 0 38 0 0 16400
24 0 38 0 0 16500
24 0 38 0 0 16600
24 0 38 0 0 16700
24 0 39 0 0 16800
25 0 39 0 0 16900
25 0 40 0 0 17000
25 0 40 0 0 17100
25 0 40 0 0 17200
25 0 40 0 0 17300
25 0 41 0 0 17400
25 0 41 0 0 17500
25 0 41 0 0 17600
25 0 42 0 0 17700
25 0 42 0 0 17800
25 0 43 0 0 17900
25 0 44 0 0 18000
26 0 44 0 0 18100
26 0 45 0 0 18200
26 0 45 0 0 18300
26 0 46 0 0 18400
26 0 46 0 0 18500
26 0 47 0 0 18600
26 0 47 0 0 18700
26 0 47 0 0 18800
26 0 48 0 0 18900
26 0 49 0 0 19000
26 0 49 0 0 19100
26 0 50 0 0 19200
26 0 50 0 0 19300
26 0 50 0 0 19400
27 0 50 0 0 19500
27 0 51 0 0 19600
27 0 51 0 0 19700
27 0 51 0 0 19800
27 0 51 0 0 19900
27 0 51 0 0 20000
27 0 52 0 0 20100
27 0 52 0 0 20200
27 0 52 0 0 20300
27 0 53 0 0 20400
27 0 53 0 0 20500
27 0 53 0 0 20600
28 0 53 0 0 20700
28 0 54 0 0 20800
28 0 55 0 0 20900
28 0 55 0 0 21000
28 0 55 0 0 21100
28 0 55 0 0 21200
28 0 55 0 0 21300
28 0 55 0 0 21400
28 0 55 0 0 21500
28 0 55 0 0 21600
28 0 55 0 0 21700
28 0 55 0 0 21800
28 0 55 0 0 21900
28 0 55 0 0 22000
28 0 55 0 0 22100
28 0 55 0 0 22200
28 0 55 0 0 22300
28 0 55 0 0 22400
28 0 55 0 0 22500
28 0 55 0 0 22600
28 0 55 0 0 22700
28 0 55 0 0 22800
28 0 55 0 0 22900
29 0 55 0 0 23000
29 0 55 0 0 23100
29 0 55 0 0 23200
29 0 55 0 0 23300
29 0 55 0 0 23400
29 0 55 0 0 23500
29 0 55 0 0 23600
29 0 55 0 0 23700
29 0 56 0 0 23800
29 0 56 0 0 23900
29 0 56 0 0 24000
29 0 56 0 0 24100
29 0 56 0 0 24200
29 0 56 0 0 24300
30 0 56 0 0 24400
30 0 56 0 0 24500
30 0 56 0 0 24600
30 0 56 0 0 24700
30 0 56 0 0 24800
30 0 56 0 0 24900
30 0 56 0 0 25000
30 0 56 0 0 25100
30 0 56 0 0 25200
30 0 56 0 0 25300
30 0 56 0 0 25400
30 0 56 0 0 25500
30 0 56 0 0 25600
31 0 56 0 0 25700
31 0 56 0 0 25800
31 0 56 0 0 25900
31 0 56 0 0 26000
31 0 56 0 0 26100
31 0 56 0 0 26200
31 0 56 0 0 26300
31 0 56 0 0 26400
31 0 56 0 0 26500
31 0 56 0 0 26600
31 0 56 0 0 26700
31 0 56 0 0 26800
31 0 57 0 0 26900
31 0 57 0 0 27000
31 0 57 0 0 27100
31 0 57 0 0 27200
31 0 57 0 0 27300
31 0 57 0 0 27400
31 0 57 0 0 27500
31 0 57 0 0 27600
31 0 57 0 0 27700
32 0 57 0 0 27800
32 0 57 0 0 27900
33 0 57 0 0 28000
33 0 57 0 0 28100
33 0 57 0 0 28200
33 0 57 0 0 28300
33 0 57 0 0 28400
33 0 57 0 0 28500
33 0 57 0 0 28600
33 0 57 0 0 28700
33 0 57 0 0 28800
33 0 57 0 0 28900
33 0 57 0 0 29000
33 0 57 0 0 29100
33 0 57 0 0 29200
33 0 57 0 0 29300
33 0 58 0 0 29400
34 0 58 0 0 29500
34 0 58 0 0 29600
34 0 58 0 0 29700
34 0 58 0 0 29800
35 0 58 0 0 29900
