Limite: 10000, CacheSize: 15, Time_limite 5000, Durée: 30000, Stratégie: 1
47 3 16 3 0 29900
3 47 401082 20213 499430 29900
=============================
Limite: 10000, CacheSize: 15, Time_limite 5000, Durée: 30000, Stratégie: 1
42 2 7 2 0 29900
2 29 402698 22138 502247 29900
=============================
Limite: 10000, CacheSize: 15, Time_limite 5000, Durée: 30000, Stratégie: 1
59 4 20 6 2 29900
6 82 403904 25403 517789 29900
=============================
Limite: 10000, CacheSize: 15, Time_limite 5000, Durée: 30000, Stratégie: 1
50 0 32 0 0 29900
0 86 405328 27223 521041 29900
=============================
Limite: 10000, CacheSize: 15, Time_limite 5000, Durée: 30000, Stratégie: 1
33 1 65 1 0 29900
1 174 401549 26604 516884 29900
=============================
Limite: 10000, CacheSize: 15, Time_limite 5000, Durée: 30000, Stratégie: 1
65 7 26 7 0 29900
7 75 406023 30225 526639 29900
=============================
Limite: 10000, CacheSize: 15, Time_limite 5000, Durée: 30000, Stratégie: 1
46 2 22 5 3 29900
5 47 403827 22263 500726 29900
=============================
Limite: 10000, CacheSize: 15, Time_limite 5000, Durée: 30000, Stratégie: 1
61 0 52 1 1 29900
1 139 405743 39602 526363 29900
=============================
Limite: 10000, CacheSize: 15, Time_limite 5000, Durée: 30000, Stratégie: 1
47 1 67 1 0 29900
1 99 409537 26786 530227 29900
=============================
Limite: 10000, CacheSize: 15, Time_limite 5000, Durée: 30000, Stratégie: 1
38 0 22 1 1 29900
1 44 403940 24757 508970 29900
=============================
Limite: 10000, CacheSize: 15, Time_limite 5000, Durée: 30000, Stratégie: 0
0 0 0 0 0 29900
0 213 407666 22141 514283 29900
=============================
Limite: 10000, CacheSize: 15, Time_limite 5000, Durée: 30000, Stratégie: 0
0 0 0 0 0 29900
0 207 402047 19683 503788 29900
=============================
Limite: 10000, CacheSize: 15, Time_limite 5000, Durée: 30000, Stratégie: 0
0 0 0 0 0 29900
0 146 399034 19907 494851 29900
=============================
Limite: 10000, CacheSize: 15, Time_limite 5000, Durée: 30000, Stratégie: 0
0 0 0 0 0 29900
0 190 407309 21211 512030 29900
=============================
Limite: 10000, CacheSize: 15, Time_limite 5000, Durée: 30000, Stratégie: 0
0 0 0 0 0 29900
0 100 401215 14391 488598 29900
=============================
Limite: 10000, CacheSize: 15, Time_limite 5000, Durée: 30000, Stratégie: 0
0 0 0 0 0 29900
0 203 403753 23147 511307 29900
=============================
Limite: 10000, CacheSize: 15, Time_limite 5000, Durée: 30000, Stratégie: 0
0 0 0 0 0 29900
0 122 405951 22234 508701 29900
=============================
Limite: 10000, CacheSize: 15, Time_limite 5000, Durée: 30000, Stratégie: 0
0 0 0 0 0 29900
0 140 407347 24080 521290 29900
=============================
Limite: 10000, CacheSize: 15, Time_limite 5000, Durée: 30000, Stratégie: 0
0 0 0 0 0 29900
0 153 403513 24378 517672 29900
=============================
Limite: 10000, CacheSize: 15, Time_limite 5000, Durée: 30000, Stratégie: 0
0 0 0 0 0 29900
0 195 402235 22298 505350 29900
=============================
Limite: 10000, CacheSize: 25, Time_limite 5000, Durée: 30000, Stratégie: 1
51 5 10 13 8 29900
13 42 405218 21331 516555 29900
=============================
Limite: 10000, CacheSize: 25, Time_limite 5000, Durée: 30000, Stratégie: 1
57 6 23 9 3 29900
9 68 404750 25908 526456 29900
=============================
Limite: 10000, CacheSize: 25, Time_limite 5000, Durée: 30000, Stratégie: 1
56 11 56 12 1 29900
12 112 405013 46995 543473 29900
=============================
Limite: 10000, CacheSize: 25, Time_limite 5000, Durée: 30000, Stratégie: 1
56 8 24 10 2 29900
10 52 400553 33258 511931 29900
=============================
Limite: 10000, CacheSize: 25, Time_limite 5000, Durée: 30000, Stratégie: 1
38 7 29 8 1 29900
8 49 402120 21878 506419 29900
=============================
Limite: 10000, CacheSize: 25, Time_limite 5000, Durée: 30000, Stratégie: 1
57 4 24 8 4 29900
8 51 406673 27646 523528 29900
=============================
Limite: 10000, CacheSize: 25, Time_limite 5000, Durée: 30000, Stratégie: 1
54 2 50 5 3 29900
5 108 402990 24402 512034 29900
=============================
Limite: 10000, CacheSize: 25, Time_limite 5000, Durée: 30000, Stratégie: 1
56 11 26 15 4 29900
15 62 397500 18783 494716 29900
=============================
Limite: 10000, CacheSize: 25, Time_limite 5000, Durée: 30000, Stratégie: 1
61 8 35 14 6 29900
14 82 402392 23141 505353 29900
=============================
Limite: 10000, CacheSize: 25, Time_limite 5000, Durée: 30000, Stratégie: 1
55 10 14 19 9 29900
19 55 400500 21904 501188 29900
=============================
Limite: 10000, CacheSize: 5, Time_limite 5000, Durée: 30000, Stratégie: 1
63 0 46 0 0 29900
0 81 403103 23988 511067 29900
=============================
Limite: 10000, CacheSize: 5, Time_limite 5000, Durée: 30000, Stratégie: 1
45 0 82 0 0 29900
0 151 405530 27941 522536 29900
=============================
Limite: 10000, CacheSize: 5, Time_limite 5000, Durée: 30000, Stratégie: 1
39 0 70 0 0 29900
0 124 406314 24607 520179 29900
=============================
Limite: 10000, CacheSize: 5, Time_limite 5000, Durée: 30000, Stratégie: 1
41 0 36 1 1 29900
1 65 403886 28060 513462 29900
=============================
Limite: 10000, CacheSize: 5, Time_limite 5000, Durée: 30000, Stratégie: 1
44 0 63 0 0 29900
0 83 406622 20815 508694 29900
=============================
Limite: 10000, CacheSize: 5, Time_limite 5000, Durée: 30000, Stratégie: 1
46 0 64 0 0 29900
0 137 402143 22512 505321 29900
=============================
Limite: 10000, CacheSize: 5, Time_limite 5000, Durée: 30000, Stratégie: 1
33 0 66 0 0 29900
0 139 401109 26420 502470 29900
=============================
Limite: 10000, CacheSize: 5, Time_limite 5000, Durée: 30000, Stratégie: 1
45 0 70 0 0 29900
0 131 409707 30129 548420 29900
=============================
Limite: 10000, CacheSize: 5, Time_limite 5000, Durée: 30000, Stratégie: 1
42 0 56 0 0 29900
0 95 407762 26763 521285 29900
=============================
Limite: 10000, CacheSize: 5, Time_limite 5000, Durée: 30000, Stratégie: 1
35 0 58 0 0 29900
0 93 405341 26788 520708 29900
=============================
