0 6069 0 0 8264191 5864 11372835 69900
1081 0 1613 0 0 69900
366.3533931904936 2402.4635908111486 13070 2.6032107088347494 293.81877424644006
0 6120 0 0 8312503 5914 11566979 69900
1169 0 1414 0 0 69900
377.8338437453232 2191.31580497863 13139 2.6030508842202904 302.5349364860919
0 5550 0 0 8318840 5348 11551577 69900
1159 0 1355 0 0 69900
388.1530756767581 2163.958369122737 13325 2.6098189693753304 288.0294284447505
0 5873 0 0 8360118 5655 11732055 69900
1200 0 1506 0 0 69900
383.7944129572711 2223.4705493218794 13406 2.6348605053909235 290.3219297069149
0 5922 0 0 8276230 5708 11417276 69900
1169 0 1465 0 0 69900
372.2871108039958 1993.9124788821096 12938 2.543718584288444 296.6112172549126
0 5942 0 0 8265134 5744 11384802 69900
1203 0 1525 0 0 69900
358.9127511699235 2208.4943636785965 12898 2.547630194437942 298.38989726450257
0 5922 0 0 8336687 5720 11667314 69900
1189 0 1456 0 0 69900
382.7590588219838 2228.777710353876 13427 2.659888849355347 292.36441783530137
0 6115 0 0 8302399 5911 11493382 69900
1178 0 1533 0 0 69900
363.1766196001687 1897.6231857098799 13125 2.5342263434055003 291.58581542911486
