0 0 1 0 0 0
0 0 1 0 0 100
0 0 1 0 0 200
0 0 1 0 0 300
0 0 1 0 0 400
0 0 1 0 0 500
0 0 1 0 0 600
0 0 1 0 0 700
1 0 1 0 0 800
1 0 1 0 0 900
1 0 1 1 0 1000
2 0 1 1 0 1100
2 0 1 1 0 1200
2 0 1 2 1 1300
3 0 1 2 1 1400
4 0 1 2 1 1500
4 0 2 2 2 1600
6 0 2 2 2 1700
7 0 2 3 2 1800
10 0 2 4 3 1900
12 0 2 6 3 2000
17 0 2 6 4 2100
19 0 2 9 4 2200
20 0 2 11 5 2300
21 0 3 13 5 2400
23 0 3 13 5 2500
25 0 3 16 6 2600
25 0 4 17 6 2700
27 0 4 18 6 2800
29 0 5 18 6 2900
30 0 5 19 6 3000
31 0 5 19 6 3100
35 0 5 20 6 3200
36 0 6 21 7 3300
37 0 6 21 7 3400
38 0 6 23 7 3500
41 0 6 23 7 3600
42 0 6 24 7 3700
43 0 6 25 7 3800
43 0 6 28 7 3900
47 0 6 28 8 4000
51 0 6 29 9 4100
52 0 6 31 9 4200
55 0 6 32 9 4300
57 0 6 32 11 4400
58 0 6 32 11 4500
59 0 6 37 11 4600
61 0 6 38 11 4700
62 0 6 38 13 4800
65 0 6 39 13 4900
66 0 6 39 14 5000
66 0 6 40 16 5100
68 0 6 42 16 5200
69 0 6 42 16 5300
70 0 6 43 16 5400
72 0 6 43 16 5500
72 0 6 43 17 5600
75 0 6 44 18 5700
76 0 6 44 19 5800
79 0 6 45 19 5900
79 0 6 47 19 6000
81 0 6 48 19 6100
83 0 6 48 19 6200
84 0 6 48 19 6300
86 0 6 49 19 6400
88 0 6 49 19 6500
91 0 6 49 20 6600
92 0 6 50 22 6700
94 0 6 50 23 6800
96 0 6 50 23 6900
98 0 6 51 23 7000
99 0 6 51 23 7100
99 0 7 53 24 7200
101 0 7 53 24 7300
103 0 7 53 24 7400
104 0 7 55 24 7500
104 0 7 55 25 7600
105 0 7 55 25 7700
106 0 7 56 25 7800
106 0 7 57 25 7900
109 0 7 58 25 8000
110 0 7 58 25 8100
110 0 7 58 25 8200
110 0 7 60 25 8300
112 0 8 60 25 8400
116 0 8 60 25 8500
116 0 8 63 25 8600
116 0 8 63 25 8700
117 0 8 65 25 8800
119 0 8 65 25 8900
122 0 8 65 25 9000
125 0 8 65 25 9100
126 0 8 66 25 9200
127 0 8 68 25 9300
131 0 8 69 25 9400
136 0 8 69 25 9500
136 0 8 71 25 9600
136 0 8 73 26 9700
136 0 8 74 26 9800
138 0 8 74 26 9900
138 0 8 74 26 10000
139 0 8 74 26 10100
142 0 8 74 26 10200
142 0 8 75 26 10300
142 0 8 76 27 10400
144 0 9 76 27 10500
145 0 9 76 27 10600
146 0 9 76 27 10700
149 0 9 78 27 10800
151 0 9 79 27 10900
152 0 9 81 27 11000
153 0 9 83 27 11100
153 0 9 83 27 11200
154 0 9 84 27 11300
155 0 9 84 27 11400
155 0 9 85 27 11500
155 0 9 86 27 11600
156 0 10 86 27 11700
156 0 10 86 27 11800
158 0 10 86 28 11900
159 0 10 86 29 12000
161 0 10 86 29 12100
163 0 10 87 29 12200
164 0 10 88 29 12300
164 0 10 88 31 12400
164 0 10 88 31 12500
165 0 10 88 31 12600
165 0 10 88 31 12700
165 0 10 88 31 12800
166 0 10 88 31 12900
166 0 10 88 31 13000
166 0 10 88 31 13100
166 0 10 88 31 13200
167 0 10 88 31 13300
168 0 10 88 31 13400
170 0 10 89 32 13500
172 0 10 90 33 13600
173 0 10 90 33 13700
176 0 10 91 33 13800
178 0 10 91 33 13900
179 0 11 92 34 14000
179 0 11 93 34 14100
181 0 11 94 34 14200
183 0 11 95 34 14300
186 0 11 95 34 14400
187 0 11 98 34 14500
187 0 11 101 34 14600
188 0 11 102 34 14700
189 0 11 102 34 14800
191 0 11 103 34 14900
192 0 11 104 34 15000
192 0 11 104 36 15100
196 0 11 104 36 15200
196 0 11 104 37 15300
196 0 11 107 37 15400
200 0 11 107 37 15500
202 0 11 107 37 15600
202 0 11 108 37 15700
202 0 11 109 38 15800
203 0 11 109 38 15900
204 0 11 109 38 16000
204 0 11 110 38 16100
205 0 11 110 38 16200
205 0 12 110 38 16300
205 0 12 110 38 16400
206 0 12 112 38 16500
209 0 12 112 38 16600
211 0 12 112 38 16700
211 0 12 114 38 16800
211 0 12 115 38 16900
211 0 12 116 38 17000
211 0 12 116 38 17100
211 0 12 116 38 17200
211 0 12 117 38 17300
212 0 12 117 38 17400
212 0 12 117 38 17500
212 0 12 117 38 17600
212 0 12 118 38 17700
212 0 12 118 38 17800
212 0 12 118 38 17900
212 0 12 118 38 18000
213 0 12 118 38 18100
213 0 12 118 38 18200
214 0 12 118 38 18300
214 0 12 119 39 18400
214 0 12 119 39 18500
215 0 12 119 39 18600
216 0 12 119 39 18700
216 0 12 120 39 18800
216 0 12 121 39 18900
216 0 12 121 39 19000
216 0 12 121 39 19100
217 0 12 122 39 19200
220 0 12 122 39 19300
220 0 12 123 39 19400
220 0 12 123 39 19500
221 0 12 126 39 19600
221 0 12 126 39 19700
222 0 12 126 40 19800
222 0 12 126 40 19900
222 0 12 127 40 20000
223 0 12 127 41 20100
224 0 12 127 41 20200
227 0 12 128 41 20300
228 0 12 128 41 20400
228 0 12 130 41 20500
229 0 12 130 41 20600
229 0 12 130 41 20700
229 0 12 130 41 20800
230 0 12 131 41 20900
230 1 12 131 42 21000
232 1 12 132 42 21100
233 1 12 132 42 21200
234 1 12 132 43 21300
234 1 12 134 43 21400
235 1 12 134 43 21500
236 1 12 135 44 21600
236 1 12 135 44 21700
236 1 12 136 44 21800
236 1 12 136 45 21900
236 1 12 136 45 22000
237 1 12 136 45 22100
238 1 12 136 45 22200
240 1 12 136 45 22300
240 1 12 137 47 22400
240 1 13 138 47 22500
241 1 13 138 47 22600
241 1 13 138 47 22700
242 1 13 139 47 22800
244 1 13 139 47 22900
245 1 13 139 47 23000
245 1 13 139 47 23100
245 1 13 140 47 23200
245 1 13 141 47 23300
245 1 13 142 47 23400
245 1 13 142 47 23500
245 1 13 142 47 23600
247 1 13 142 47 23700
247 1 13 142 48 23800
248 1 13 142 48 23900
250 1 13 142 48 24000
251 1 13 142 49 24100
252 1 13 142 49 24200
252 1 13 142 50 24300
252 1 14 143 50 24400
252 1 14 143 50 24500
254 1 14 143 51 24600
255 1 15 143 51 24700
257 1 15 143 51 24800
257 1 15 144 53 24900
257 1 15 144 54 25000
257 1 15 144 54 25100
257 1 15 144 54 25200
257 1 15 144 54 25300
259 1 15 144 54 25400
260 1 15 144 54 25500
260 1 15 144 54 25600
260 1 15 145 54 25700
261 1 15 145 54 25800
262 1 15 145 54 25900
264 1 15 145 54 26000
265 1 15 146 54 26100
266 1 15 148 54 26200
266 1 15 149 54 26300
268 1 15 150 54 26400
268 1 15 150 55 26500
268 1 15 151 55 26600
268 1 15 151 55 26700
269 1 15 152 55 26800
269 1 15 152 55 26900
269 1 15 152 55 27000
270 1 15 152 55 27100
271 1 15 152 55 27200
272 1 15 153 55 27300
272 1 15 153 55 27400
274 1 15 153 55 27500
275 1 15 154 55 27600
276 1 15 155 55 27700
276 1 15 155 56 27800
277 1 15 155 56 27900
277 1 15 156 56 28000
277 1 15 156 56 28100
277 1 15 156 56 28200
279 1 15 156 56 28300
280 1 15 156 56 28400
280 1 15 156 56 28500
280 1 15 156 56 28600
282 1 15 157 56 28700
283 1 15 158 56 28800
283 1 15 159 56 28900
283 1 15 160 56 29000
283 1 15 160 56 29100
285 1 15 160 56 29200
286 1 15 161 56 29300
286 1 15 161 57 29400
287 1 16 162 57 29500
287 1 16 162 57 29600
287 1 16 162 57 29700
287 1 16 162 57 29800
288 1 16 162 57 29900
288 1 16 162 57 30000
288 1 16 162 57 30100
290 1 16 163 57 30200
290 1 16 163 57 30300
291 1 16 163 57 30400
292 1 16 163 57 30500
292 1 16 163 58 30600
292 1 16 164 58 30700
292 1 16 164 58 30800
293 1 16 164 58 30900
293 1 16 164 58 31000
293 1 16 164 58 31100
294 1 16 164 58 31200
294 1 17 164 58 31300
294 1 17 165 58 31400
294 1 17 165 58 31500
295 1 17 165 58 31600
296 1 17 165 58 31700
296 1 17 165 58 31800
296 1 17 167 58 31900
296 1 17 167 58 32000
296 1 17 167 58 32100
296 1 17 167 58 32200
297 1 17 167 58 32300
297 1 17 167 58 32400
297 1 17 167 58 32500
298 1 17 168 58 32600
300 1 17 168 58 32700
301 1 17 168 58 32800
301 1 17 169 58 32900
302 1 17 169 59 33000
302 1 17 170 59 33100
303 1 17 170 60 33200
305 1 17 170 60 33300
305 1 17 170 60 33400
305 1 17 173 60 33500
306 1 17 173 60 33600
307 1 17 173 60 33700
307 1 17 173 60 33800
309 1 17 174 60 33900
309 1 17 175 61 34000
309 1 17 175 61 34100
309 1 17 175 61 34200
309 1 18 176 61 34300
309 1 18 176 61 34400
309 1 18 176 61 34500
311 1 18 177 61 34600
312 1 18 177 61 34700
314 1 18 177 61 34800
315 1 18 177 61 34900
315 1 18 177 61 35000
316 1 18 178 61 35100
317 1 18 178 61 35200
317 1 18 178 61 35300
317 1 18 179 61 35400
317 1 18 179 61 35500
318 1 18 179 61 35600
318 1 18 179 61 35700
318 1 18 179 61 35800
318 1 18 179 61 35900
318 1 18 179 61 36000
319 1 18 179 61 36100
320 1 18 180 61 36200
321 1 18 180 61 36300
321 1 18 181 61 36400
322 1 18 182 61 36500
322 1 18 182 61 36600
325 1 18 182 61 36700
325 1 18 184 61 36800
325 1 18 184 61 36900
326 1 18 185 61 37000
326 1 18 185 61 37100
326 1 18 185 62 37200
326 1 18 185 62 37300
326 1 18 185 62 37400
326 1 18 185 62 37500
326 1 18 185 62 37600
327 1 18 185 62 37700
328 1 18 185 62 37800
329 1 18 185 63 37900
330 1 18 185 63 38000
331 1 18 186 63 38100
332 1 18 186 63 38200
332 1 18 187 63 38300
332 1 18 188 63 38400
332 1 18 189 63 38500
333 1 18 190 63 38600
333 1 18 190 63 38700
333 1 18 190 63 38800
333 1 18 190 63 38900
334 1 18 190 63 39000
337 1 18 190 63 39100
337 1 18 190 63 39200
337 1 18 191 63 39300
338 1 18 191 63 39400
338 1 18 191 63 39500
338 1 18 191 63 39600
338 1 18 191 63 39700
340 1 18 191 63 39800
340 1 18 191 63 39900
342 1 18 191 64 40000
343 1 18 191 64 40100
343 1 18 192 64 40200
343 1 18 193 64 40300
343 1 18 193 64 40400
344 1 18 193 64 40500
346 1 18 193 64 40600
346 1 18 194 64 40700
346 1 18 194 64 40800
346 1 18 194 64 40900
346 1 18 194 64 41000
347 1 18 194 64 41100
347 1 18 194 65 41200
347 1 18 194 65 41300
347 1 18 194 65 41400
348 1 18 194 65 41500
348 1 18 194 65 41600
348 1 18 195 65 41700
348 1 18 195 65 41800
348 1 18 195 65 41900
348 1 18 195 65 42000
349 1 18 195 65 42100
350 1 18 195 65 42200
350 1 18 195 65 42300
350 1 18 196 65 42400
350 1 18 196 65 42500
350 1 18 196 65 42600
350 1 18 196 65 42700
351 1 18 196 66 42800
351 1 18 196 66 42900
351 1 18 196 66 43000
351 1 18 197 66 43100
351 1 18 197 66 43200
351 1 18 197 66 43300
351 1 18 197 66 43400
351 1 18 197 66 43500
351 1 18 197 66 43600
351 1 19 197 66 43700
352 1 19 197 66 43800
353 1 19 197 67 43900
353 1 19 197 67 44000
353 1 19 197 67 44100
355 1 19 198 67 44200
356 1 19 198 67 44300
356 1 19 199 67 44400
356 1 19 199 67 44500
357 1 19 201 67 44600
358 1 19 201 67 44700
360 1 19 202 67 44800
360 1 19 202 67 44900
361 1 19 202 67 45000
361 1 19 202 67 45100
362 1 19 202 67 45200
362 1 19 202 67 45300
362 1 20 202 68 45400
362 1 20 202 68 45500
362 1 20 203 68 45600
363 1 20 203 68 45700
363 1 20 204 68 45800
363 1 22 204 68 45900
364 1 22 204 69 46000
365 1 22 205 69 46100
365 1 22 205 69 46200
366 1 22 206 69 46300
368 1 22 206 70 46400
368 1 22 206 70 46500
368 1 22 206 71 46600
369 1 22 206 71 46700
369 1 22 206 71 46800
369 1 22 206 71 46900
369 1 22 206 71 47000
370 1 23 206 71 47100
370 1 23 206 71 47200
370 1 23 206 71 47300
370 1 23 206 71 47400
370 1 23 207 71 47500
370 1 23 207 71 47600
371 1 23 207 71 47700
371 1 23 207 71 47800
371 1 23 207 71 47900
371 1 23 207 71 48000
371 1 23 207 71 48100
371 1 23 207 71 48200
371 1 23 207 71 48300
371 1 23 207 71 48400
371 1 23 207 71 48500
372 1 23 207 71 48600
373 2 23 207 71 48700
374 2 23 209 71 48800
374 2 23 209 71 48900
374 2 23 210 71 49000
374 2 23 210 71 49100
375 2 23 210 71 49200
375 2 23 210 71 49300
375 2 23 210 71 49400
375 2 24 211 71 49500
376 2 25 211 71 49600
376 2 25 211 72 49700
376 2 25 212 72 49800
378 2 25 212 72 49900
378 2 25 212 72 50000
378 2 25 212 72 50100
379 2 25 212 72 50200
379 2 25 212 72 50300
379 2 25 213 72 50400
379 2 25 213 72 50500
379 2 25 213 72 50600
379 2 25 213 72 50700
379 2 25 213 72 50800
379 2 25 213 72 50900
379 2 25 213 72 51000
379 2 25 213 72 51100
379 2 25 213 72 51200
379 2 25 213 72 51300
379 2 25 213 72 51400
379 2 25 213 72 51500
380 2 25 213 72 51600
381 2 25 213 72 51700
382 2 25 213 73 51800
384 2 25 213 73 51900
384 2 25 213 73 52000
385 2 25 214 73 52100
385 2 25 214 73 52200
385 2 25 214 73 52300
385 2 25 214 74 52400
385 2 25 215 74 52500
386 2 25 215 74 52600
386 2 25 215 74 52700
388 2 25 215 74 52800
388 2 25 215 75 52900
389 2 25 216 75 53000
389 2 25 216 75 53100
390 2 25 216 75 53200
391 2 25 216 75 53300
392 2 25 216 75 53400
393 2 25 216 75 53500
394 2 25 216 75 53600
395 2 25 217 76 53700
395 2 25 217 77 53800
396 2 25 217 77 53900
397 2 25 217 77 54000
399 2 25 217 77 54100
399 2 25 218 77 54200
399 2 25 219 78 54300
399 2 25 219 78 54400
399 2 25 219 78 54500
401 2 25 219 78 54600
401 2 25 219 78 54700
401 2 25 220 78 54800
401 2 25 220 78 54900
402 2 25 220 78 55000
403 2 25 220 78 55100
403 2 25 221 78 55200
405 2 25 221 78 55300
405 3 25 221 78 55400
405 3 25 221 79 55500
405 3 25 223 79 55600
406 3 25 223 79 55700
407 3 25 223 79 55800
408 3 25 223 79 55900
408 3 25 224 79 56000
408 3 25 225 79 56100
409 3 25 225 79 56200
409 3 25 225 79 56300
409 3 25 227 79 56400
409 3 25 227 79 56500
409 3 25 227 79 56600
409 3 25 227 79 56700
409 3 25 227 79 56800
409 3 25 227 79 56900
410 3 25 227 79 57000
411 3 25 227 79 57100
411 3 25 227 79 57200
411 3 25 227 79 57300
411 3 25 228 79 57400
412 3 25 228 79 57500
413 3 25 228 79 57600
413 3 25 229 79 57700
413 3 25 229 80 57800
415 3 25 229 80 57900
415 3 25 229 80 58000
415 3 25 229 80 58100
416 3 25 230 80 58200
416 3 25 230 80 58300
416 3 25 230 80 58400
416 3 25 230 80 58500
416 3 25 230 80 58600
416 3 25 230 80 58700
417 3 25 230 80 58800
417 3 25 230 81 58900
418 3 25 230 81 59000
418 3 25 230 81 59100
419 3 25 230 81 59200
419 3 25 230 81 59300
419 3 25 231 81 59400
420 3 25 231 81 59500
420 3 25 231 81 59600
420 3 25 231 81 59700
420 3 25 232 81 59800
421 3 25 232 81 59900
421 3 25 232 81 60000
422 3 25 232 81 60100
422 3 25 232 81 60200
422 3 25 232 81 60300
423 3 25 233 82 60400
423 3 25 233 83 60500
423 3 25 234 83 60600
423 3 25 234 83 60700
424 3 25 234 83 60800
425 3 25 234 83 60900
425 3 25 234 83 61000
426 3 25 235 83 61100
426 3 25 236 83 61200
426 3 25 236 83 61300
426 3 25 238 83 61400
426 3 25 238 83 61500
427 3 25 238 83 61600
428 3 25 238 83 61700
429 3 25 239 83 61800
430 3 25 239 83 61900
430 3 25 240 83 62000
430 3 25 241 83 62100
430 3 25 241 83 62200
430 3 25 242 83 62300
430 3 25 242 83 62400
432 3 25 242 83 62500
432 3 25 242 83 62600
432 3 25 243 83 62700
432 3 25 243 83 62800
433 3 25 243 83 62900
433 3 25 243 83 63000
433 3 25 244 83 63100
433 3 25 244 83 63200
434 3 25 244 83 63300
435 3 25 244 83 63400
435 3 25 244 83 63500
436 3 25 244 84 63600
436 3 25 244 84 63700
436 3 25 244 84 63800
436 3 25 245 84 63900
436 3 25 245 84 64000
437 3 25 245 84 64100
437 3 25 245 84 64200
437 3 25 246 84 64300
437 3 25 246 84 64400
437 3 25 246 84 64500
437 3 25 246 84 64600
437 3 25 246 84 64700
438 3 25 246 84 64800
438 3 25 246 84 64900
440 3 25 246 84 65000
440 3 25 247 85 65100
440 3 25 248 85 65200
440 3 25 248 85 65300
440 3 25 248 85 65400
440 3 25 248 85 65500
440 3 25 248 85 65600
441 3 25 248 85 65700
441 3 25 248 85 65800
442 3 25 249 85 65900
443 3 25 249 85 66000
443 3 25 249 86 66100
443 3 25 249 87 66200
444 3 25 249 87 66300
445 3 25 250 87 66400
445 3 25 250 87 66500
446 3 25 250 87 66600
446 3 25 250 87 66700
446 3 25 250 87 66800
447 3 25 250 87 66900
447 3 25 250 87 67000
448 3 25 250 87 67100
448 3 25 251 87 67200
450 3 25 252 87 67300
451 3 25 252 87 67400
451 3 25 253 87 67500
452 3 25 253 87 67600
453 3 25 253 87 67700
453 3 25 253 87 67800
453 3 25 253 87 67900
454 3 25 254 87 68000
454 3 25 254 87 68100
454 3 25 254 87 68200
454 3 25 254 87 68300
454 3 25 254 87 68400
454 3 25 254 87 68500
454 3 25 254 87 68600
454 3 25 254 87 68700
454 3 25 254 87 68800
454 3 25 254 87 68900
455 3 25 254 87 69000
455 3 25 254 87 69100
455 3 25 254 87 69200
455 3 25 254 87 69300
455 3 25 254 87 69400
455 3 25 254 87 69500
455 3 26 255 87 69600
455 3 26 255 87 69700
456 3 26 255 87 69800
457 3 26 255 87 69900
457 3 26 255 87 70000
457 3 26 256 87 70100
457 3 26 256 87 70200
458 3 26 256 87 70300
460 3 26 256 87 70400
461 3 26 257 87 70500
462 3 26 258 88 70600
462 3 26 258 88 70700
462 3 26 259 88 70800
462 3 26 259 88 70900
462 3 26 259 88 71000
463 3 26 259 88 71100
463 3 26 259 89 71200
463 3 26 259 89 71300
463 3 26 259 89 71400
463 3 26 259 89 71500
463 3 26 259 89 71600
463 3 26 259 89 71700
463 3 26 259 89 71800
463 3 26 259 89 71900
465 3 26 260 89 72000
465 3 26 260 89 72100
465 3 26 261 89 72200
465 3 26 261 89 72300
465 3 26 261 89 72400
465 3 26 261 89 72500
466 3 26 261 89 72600
466 3 26 261 89 72700
467 3 26 261 89 72800
467 3 26 262 90 72900
468 3 26 262 90 73000
468 3 26 262 90 73100
468 3 26 262 90 73200
468 3 26 263 90 73300
468 3 26 263 90 73400
470 3 26 263 90 73500
470 3 26 263 90 73600
470 3 26 264 91 73700
470 3 26 264 91 73800
470 3 26 264 92 73900
471 3 26 264 92 74000
471 3 26 264 92 74100
471 3 26 264 92 74200
471 3 27 264 92 74300
471 3 27 264 92 74400
471 3 27 264 92 74500
472 3 27 264 92 74600
472 3 27 264 92 74700
472 3 27 265 92 74800
472 3 27 265 92 74900
472 3 27 265 92 75000
472 3 27 265 92 75100
472 3 27 265 92 75200
472 3 27 265 92 75300
473 3 27 265 92 75400
473 3 27 265 92 75500
474 3 27 265 92 75600
475 3 27 265 92 75700
475 3 27 265 93 75800
475 3 27 265 93 75900
475 3 27 265 93 76000
475 3 27 266 93 76100
475 3 27 266 93 76200
475 3 27 266 93 76300
475 3 27 266 93 76400
475 3 27 266 93 76500
476 3 27 266 93 76600
476 3 27 266 93 76700
476 3 27 266 93 76800
476 3 27 267 93 76900
476 3 27 267 93 77000
476 3 27 267 93 77100
476 3 27 267 93 77200
476 3 27 267 93 77300
477 3 27 267 93 77400
478 3 27 267 93 77500
478 3 27 267 93 77600
478 3 27 267 93 77700
478 3 27 267 93 77800
478 3 27 267 93 77900
478 3 27 268 93 78000
478 3 27 268 93 78100
478 3 27 268 93 78200
478 3 27 268 93 78300
479 3 27 268 93 78400
480 3 27 268 93 78500
480 3 27 268 93 78600
480 3 27 268 93 78700
480 3 27 268 93 78800
481 3 27 268 93 78900
481 3 27 268 93 79000
482 3 27 268 94 79100
484 3 27 268 94 79200
485 3 27 268 94 79300
486 3 27 271 94 79400
486 3 27 272 94 79500
486 3 27 272 94 79600
486 3 27 272 94 79700
487 3 27 272 94 79800
487 3 27 272 94 79900
487 3 27 272 95 80000
487 3 27 272 95 80100
487 3 27 272 95 80200
488 3 27 272 95 80300
488 3 27 272 95 80400
488 3 27 272 95 80500
488 3 27 273 95 80600
488 3 27 273 95 80700
488 3 27 273 95 80800
488 3 27 273 95 80900
488 3 27 273 95 81000
488 3 27 273 95 81100
488 3 27 273 95 81200
488 3 27 273 95 81300
489 3 27 273 95 81400
490 3 27 273 95 81500
490 3 27 273 96 81600
490 3 27 274 96 81700
490 3 27 274 96 81800
490 3 27 274 96 81900
491 3 27 274 96 82000
491 3 27 274 96 82100
491 3 27 275 96 82200
491 3 27 275 96 82300
493 3 27 275 97 82400
493 3 27 275 97 82500
493 3 27 275 97 82600
493 3 27 277 97 82700
493 3 27 277 97 82800
493 3 27 277 97 82900
493 3 27 277 97 83000
493 3 27 277 97 83100
493 3 27 277 97 83200
494 3 27 277 97 83300
494 3 27 277 97 83400
494 3 27 277 97 83500
494 3 27 278 97 83600
495 3 27 278 97 83700
495 3 27 279 97 83800
495 3 27 280 97 83900
495 3 27 280 97 84000
495 3 27 280 97 84100
495 3 27 280 97 84200
495 3 27 280 97 84300
495 3 27 280 97 84400
496 3 27 280 97 84500
496 3 27 280 97 84600
496 3 27 280 97 84700
496 3 27 280 97 84800
497 3 27 280 97 84900
498 3 27 280 97 85000
498 3 27 280 98 85100
498 3 27 280 98 85200
498 3 27 281 98 85300
498 3 27 281 98 85400
498 3 27 281 98 85500
499 3 27 281 98 85600
499 3 27 281 98 85700
499 3 27 281 98 85800
499 3 27 281 98 85900
499 3 27 281 98 86000
499 3 27 281 98 86100
499 3 27 281 98 86200
499 3 27 281 98 86300
500 3 27 281 98 86400
500 3 27 281 98 86500
501 3 27 281 98 86600
502 3 27 281 98 86700
502 3 27 281 98 86800
502 3 27 282 98 86900
502 3 27 282 98 87000
502 3 27 282 98 87100
502 3 27 282 98 87200
502 3 27 282 98 87300
502 3 27 282 98 87400
502 3 27 282 98 87500
502 3 27 282 98 87600
502 3 27 282 98 87700
502 3 27 282 98 87800
502 3 27 282 98 87900
503 3 27 282 98 88000
503 3 27 282 98 88100
503 3 27 282 98 88200
504 3 27 282 98 88300
504 3 27 282 98 88400
504 3 27 282 98 88500
504 3 27 283 98 88600
504 3 27 283 98 88700
504 3 27 283 98 88800
505 3 27 283 98 88900
505 3 27 283 98 89000
505 3 27 284 98 89100
505 3 27 284 98 89200
505 3 27 284 98 89300
505 3 27 284 98 89400
505 3 27 284 98 89500
506 3 27 284 98 89600
506 3 27 284 98 89700
507 3 27 285 98 89800
507 3 27 285 98 89900
509 3 27 286 98 90000
509 3 27 286 98 90100
509 3 27 286 98 90200
509 3 27 286 98 90300
509 3 27 286 98 90400
509 3 27 286 98 90500
509 3 27 286 98 90600
509 3 27 286 98 90700
510 3 27 286 98 90800
511 3 27 286 98 90900
511 3 27 287 99 91000
511 3 27 287 99 91100
511 3 27 287 99 91200
511 3 27 287 99 91300
511 3 27 287 99 91400
511 3 27 287 99 91500
512 3 27 287 99 91600
512 3 27 287 99 91700
512 3 27 288 99 91800
513 3 27 288 99 91900
513 3 27 288 99 92000
513 3 27 288 99 92100
513 3 27 288 99 92200
513 3 27 288 99 92300
514 3 27 288 99 92400
514 3 27 288 99 92500
515 3 27 288 99 92600
516 3 27 288 99 92700
517 3 27 288 99 92800
517 3 27 290 99 92900
517 3 28 290 99 93000
517 3 28 290 99 93100
517 3 28 290 99 93200
517 3 28 290 99 93300
517 3 28 290 99 93400
517 3 28 290 99 93500
517 3 28 290 99 93600
517 3 28 290 99 93700
517 3 28 290 99 93800
517 3 28 290 99 93900
517 3 28 290 99 94000
517 3 28 290 99 94100
517 3 28 290 99 94200
517 3 28 290 99 94300
517 3 28 290 99 94400
518 3 28 290 99 94500
518 3 28 290 99 94600
518 3 28 290 100 94700
518 3 28 290 100 94800
518 3 28 290 100 94900
518 3 28 290 100 95000
519 3 28 290 100 95100
519 3 28 290 100 95200
520 3 28 290 100 95300
520 3 28 291 100 95400
520 3 28 291 100 95500
520 3 28 292 100 95600
520 3 28 292 100 95700
520 3 28 292 100 95800
521 3 28 292 100 95900
522 3 28 292 100 96000
523 3 28 292 100 96100
523 3 28 293 100 96200
523 3 28 293 100 96300
523 3 28 294 100 96400
523 3 28 294 100 96500
523 3 28 294 100 96600
523 3 28 294 100 96700
523 3 28 294 100 96800
523 3 28 294 100 96900
523 3 28 294 100 97000
524 3 28 294 100 97100
525 3 28 294 100 97200
525 3 28 295 100 97300
526 3 28 296 100 97400
526 3 28 296 100 97500
526 3 28 296 100 97600
528 3 28 297 100 97700
528 3 28 297 101 97800
528 3 28 297 101 97900
528 3 28 297 101 98000
528 3 28 297 101 98100
528 3 28 298 101 98200
528 3 28 298 101 98300
528 3 28 298 101 98400
528 3 28 298 101 98500
528 3 28 298 101 98600
529 3 28 298 101 98700
529 3 28 298 101 98800
529 3 28 298 101 98900
529 3 28 298 101 99000
529 3 28 298 101 99100
529 3 28 298 101 99200
529 3 28 298 101 99300
529 3 29 298 101 99400
529 3 29 298 101 99500
529 3 29 298 101 99600
529 3 29 299 101 99700
529 3 29 299 101 99800
529 3 29 299 101 99900
529 3 29 299 101 100000
529 3 29 299 101 100100
529 3 29 299 101 100200
529 3 29 299 101 100300
529 3 29 299 101 100400
529 3 29 299 101 100500
529 3 29 299 101 100600
529 3 29 299 101 100700
529 3 29 299 101 100800
529 3 29 299 101 100900
529 3 29 299 101 101000
530 3 29 299 101 101100
530 3 29 299 101 101200
531 3 30 299 102 101300
531 3 31 299 102 101400
531 3 31 299 104 101500
531 3 31 299 104 101600
531 3 31 300 104 101700
532 3 31 300 104 101800
532 3 31 300 104 101900
532 3 31 300 104 102000
533 3 31 300 104 102100
533 3 31 300 104 102200
533 3 31 300 105 102300
534 3 31 300 105 102400
536 3 31 300 105 102500
536 3 31 300 105 102600
537 3 31 301 106 102700
538 3 31 301 106 102800
538 3 31 301 106 102900
538 3 31 301 107 103000
538 3 31 301 107 103100
538 3 31 301 107 103200
538 3 31 301 107 103300
538 3 31 301 107 103400
538 3 31 301 107 103500
538 3 31 301 107 103600
538 3 31 301 107 103700
538 3 31 301 107 103800
538 3 31 301 107 103900
539 3 31 301 107 104000
539 3 31 301 107 104100
539 3 31 301 107 104200
539 3 31 301 107 104300
541 3 31 301 107 104400
541 3 31 301 107 104500
541 3 31 301 109 104600
541 3 31 301 109 104700
541 3 31 301 109 104800
541 3 31 301 109 104900
541 3 31 301 109 105000
541 4 31 301 109 105100
541 4 31 302 109 105200
541 4 31 302 109 105300
541 4 31 302 109 105400
541 4 31 302 109 105500
542 4 31 302 109 105600
542 4 31 302 109 105700
543 4 31 302 109 105800
543 4 31 304 109 105900
543 4 31 305 109 106000
544 4 31 305 109 106100
544 4 31 305 109 106200
544 4 31 305 109 106300
545 4 31 306 109 106400
546 4 31 306 110 106500
547 4 31 306 111 106600
547 4 31 306 111 106700
548 4 31 306 111 106800
548 4 31 307 111 106900
548 4 31 308 111 107000
548 4 31 308 111 107100
548 4 31 308 111 107200
549 4 31 308 111 107300
549 4 31 308 112 107400
549 4 31 308 112 107500
549 4 31 308 112 107600
549 4 31 308 112 107700
549 4 31 309 112 107800
549 4 31 309 112 107900
549 4 31 309 112 108000
549 4 31 309 112 108100
549 4 31 309 112 108200
549 4 31 309 112 108300
549 4 31 310 112 108400
549 4 31 310 112 108500
549 4 31 310 112 108600
549 4 31 310 112 108700
549 4 31 310 112 108800
549 4 31 310 112 108900
549 4 31 310 112 109000
549 4 31 310 112 109100
549 4 31 310 112 109200
549 4 31 310 112 109300
549 4 31 310 112 109400
549 4 31 310 112 109500
549 4 31 310 112 109600
549 4 31 310 112 109700
550 4 31 310 113 109800
550 4 31 310 113 109900
553 4 31 310 113 110000
553 4 31 310 113 110100
553 4 31 310 113 110200
553 4 31 311 113 110300
553 4 31 311 113 110400
553 4 31 311 113 110500
554 4 31 311 114 110600
554 4 31 311 114 110700
554 4 31 311 114 110800
554 4 31 311 114 110900
554 4 31 311 114 111000
554 4 31 311 114 111100
554 4 31 311 114 111200
554 4 31 311 114 111300
554 4 31 311 114 111400
554 4 31 311 114 111500
554 4 31 311 114 111600
554 4 31 311 114 111700
554 4 31 311 114 111800
554 4 31 311 114 111900
554 4 31 311 114 112000
554 4 31 311 114 112100
554 4 31 311 114 112200
554 4 31 311 114 112300
554 4 31 311 114 112400
554 4 31 311 114 112500
554 4 31 311 114 112600
554 4 31 311 114 112700
554 4 31 311 114 112800
554 4 31 311 114 112900
554 4 31 311 114 113000
554 4 31 311 114 113100
554 4 31 311 114 113200
554 4 31 311 114 113300
555 4 31 311 114 113400
555 4 31 311 114 113500
555 4 31 312 114 113600
555 4 31 313 114 113700
555 4 31 313 114 113800
555 4 31 313 114 113900
556 4 31 313 114 114000
556 4 31 313 114 114100
556 4 31 313 114 114200
556 4 31 314 114 114300
556 4 32 314 114 114400
556 4 32 314 114 114500
556 4 32 314 114 114600
557 4 32 314 114 114700
557 4 32 314 114 114800
557 4 32 314 114 114900
557 4 32 315 114 115000
557 4 32 315 114 115100
558 4 32 315 114 115200
558 4 32 315 114 115300
558 4 32 315 114 115400
558 4 32 316 114 115500
558 4 32 316 114 115600
558 4 32 316 114 115700
558 4 32 316 114 115800
558 4 32 316 114 115900
558 4 32 316 114 116000
558 4 32 316 114 116100
558 4 32 316 114 116200
559 4 32 316 114 116300
560 4 32 317 114 116400
561 4 32 317 115 116500
561 4 33 317 115 116600
561 4 33 317 115 116700
561 4 33 317 116 116800
561 4 33 317 116 116900
561 4 33 317 116 117000
561 4 33 317 116 117100
561 4 33 317 116 117200
561 4 33 317 116 117300
561 4 33 317 116 117400
561 4 33 317 116 117500
561 4 33 317 116 117600
561 4 33 317 116 117700
561 4 33 317 116 117800
561 4 33 317 116 117900
561 4 33 317 116 118000
561 4 33 317 116 118100
561 4 33 317 116 118200
562 4 33 317 116 118300
562 4 33 317 116 118400
563 4 33 317 116 118500
563 4 33 317 116 118600
564 4 33 317 116 118700
565 4 33 317 116 118800
565 4 33 317 117 118900
565 4 33 317 117 119000
565 4 33 317 117 119100
565 4 33 318 117 119200
566 4 33 318 117 119300
566 4 33 318 117 119400
566 4 33 318 117 119500
566 4 33 318 117 119600
566 4 33 318 117 119700
566 4 33 318 117 119800
566 4 33 318 117 119900
566 4 33 318 117 120000
566 4 33 318 117 120100
566 4 33 318 117 120200
566 4 33 318 117 120300
566 4 33 318 117 120400
567 4 33 318 117 120500
567 4 33 318 117 120600
567 4 33 319 117 120700
567 4 33 319 117 120800
568 4 33 319 117 120900
569 4 33 319 117 121000
570 4 33 319 117 121100
570 4 33 320 117 121200
571 4 33 320 117 121300
571 4 33 321 117 121400
571 4 33 321 118 121500
571 4 33 321 118 121600
571 4 33 321 118 121700
571 4 33 321 118 121800
571 4 33 321 118 121900
572 4 33 321 118 122000
572 4 33 321 118 122100
572 4 33 321 118 122200
573 4 33 321 118 122300
574 4 33 321 118 122400
574 4 33 321 118 122500
574 4 33 322 118 122600
574 4 33 322 118 122700
574 4 33 322 118 122800
575 4 33 322 118 122900
575 4 33 322 118 123000
575 4 33 322 119 123100
575 4 33 322 119 123200
575 4 33 322 119 123300
575 4 33 322 119 123400
575 4 33 322 119 123500
575 4 33 322 119 123600
575 4 33 322 119 123700
575 4 33 322 119 123800
575 4 33 322 119 123900
575 4 33 322 119 124000
575 4 33 322 119 124100
575 4 33 322 119 124200
575 4 33 322 119 124300
575 4 33 322 119 124400
575 4 33 322 119 124500
576 4 33 322 119 124600
576 4 33 322 119 124700
576 4 33 322 119 124800
576 4 33 322 119 124900
576 4 33 322 119 125000
576 4 33 322 119 125100
576 4 33 322 119 125200
576 4 33 322 119 125300
576 4 33 322 119 125400
576 4 33 322 119 125500
576 4 33 322 119 125600
577 4 33 322 119 125700
577 4 33 322 119 125800
577 4 33 322 119 125900
577 4 33 323 119 126000
577 4 33 323 119 126100
577 4 33 323 119 126200
577 4 33 323 119 126300
577 4 33 323 119 126400
577 4 33 323 119 126500
577 4 33 323 119 126600
578 4 33 323 119 126700
578 4 33 323 119 126800
578 4 33 323 119 126900
578 4 33 323 119 127000
578 4 33 323 119 127100
578 4 33 323 119 127200
579 4 33 323 119 127300
580 4 33 323 119 127400
580 4 33 323 119 127500
580 4 33 324 119 127600
580 4 33 324 119 127700
581 4 33 324 119 127800
581 4 33 324 119 127900
582 4 33 324 119 128000
583 4 33 324 119 128100
583 4 33 324 119 128200
583 4 33 325 119 128300
583 4 33 326 119 128400
583 4 33 326 119 128500
583 4 33 326 119 128600
583 4 33 326 119 128700
583 4 33 326 119 128800
584 4 33 326 119 128900
584 4 33 326 119 129000
584 4 33 326 119 129100
584 4 33 326 119 129200
584 4 33 326 119 129300
584 4 33 326 119 129400
584 4 33 326 119 129500
584 4 33 326 119 129600
584 4 33 326 119 129700
584 4 33 326 119 129800
584 4 33 326 119 129900
584 4 33 326 119 130000
584 4 33 326 119 130100
584 4 33 326 119 130200
584 4 33 326 119 130300
584 4 33 326 119 130400
584 4 33 326 119 130500
584 4 33 327 119 130600
584 4 33 327 119 130700
584 4 33 327 119 130800
584 4 33 327 119 130900
584 4 33 327 119 131000
584 4 33 327 119 131100
584 4 33 327 119 131200
585 4 33 327 119 131300
585 4 33 327 119 131400
585 4 33 327 119 131500
585 4 33 327 119 131600
585 4 33 327 119 131700
585 4 33 327 119 131800
585 4 33 327 119 131900
585 4 33 327 119 132000
585 4 33 327 119 132100
586 4 33 327 119 132200
586 4 33 327 119 132300
586 4 33 327 119 132400
586 4 33 327 119 132500
586 4 33 327 119 132600
586 4 33 327 119 132700
586 4 33 327 119 132800
586 4 34 327 119 132900
586 4 34 327 119 133000
586 4 34 328 119 133100
586 4 34 328 119 133200
586 4 34 328 119 133300
586 4 34 328 119 133400
586 4 34 328 119 133500
586 4 34 328 119 133600
586 4 34 328 119 133700
586 4 34 328 119 133800
586 4 34 328 119 133900
586 4 34 328 119 134000
586 4 34 328 119 134100
586 4 34 328 119 134200
586 4 34 328 119 134300
586 4 34 328 119 134400
586 4 34 328 119 134500
586 4 34 328 119 134600
586 4 34 328 119 134700
587 4 34 328 119 134800
588 4 34 328 119 134900
588 4 34 329 119 135000
588 4 34 330 119 135100
588 4 34 330 119 135200
588 4 34 330 119 135300
588 4 34 330 119 135400
588 4 34 330 119 135500
588 4 34 330 119 135600
588 4 34 330 119 135700
588 4 34 330 119 135800
588 4 34 330 119 135900
588 4 34 330 119 136000
588 4 34 330 119 136100
588 4 34 330 119 136200
588 4 34 330 119 136300
588 4 34 330 119 136400
588 4 34 330 119 136500
588 4 34 330 119 136600
589 4 34 330 119 136700
589 4 34 330 119 136800
589 4 34 331 119 136900
589 4 34 331 119 137000
589 4 34 331 119 137100
589 4 34 331 119 137200
589 4 34 331 119 137300
589 4 34 331 119 137400
589 4 34 331 119 137500
589 4 34 331 119 137600
589 4 34 331 119 137700
589 4 34 331 119 137800
589 4 34 331 119 137900
589 4 34 331 119 138000
589 4 34 331 119 138100
589 4 34 331 119 138200
589 4 34 331 119 138300
589 4 34 331 119 138400
589 4 34 331 119 138500
589 4 34 331 119 138600
589 4 34 331 119 138700
589 4 34 331 119 138800
589 4 34 331 119 138900
589 4 34 331 119 139000
589 4 34 331 119 139100
589 4 34 331 119 139200
589 4 34 331 119 139300
589 4 34 331 119 139400
589 4 34 331 119 139500
589 4 34 331 119 139600
589 4 34 331 119 139700
589 4 34 331 119 139800
589 4 34 331 119 139900
590 4 34 331 119 140000
590 4 34 331 120 140100
590 4 34 331 120 140200
590 4 34 332 120 140300
590 4 34 332 120 140400
590 4 34 332 120 140500
590 4 34 332 120 140600
590 4 34 332 120 140700
590 4 34 332 120 140800
590 4 34 332 120 140900
590 4 34 332 120 141000
590 4 34 332 120 141100
590 4 34 332 120 141200
590 4 34 332 120 141300
590 4 34 332 120 141400
590 4 34 332 120 141500
590 4 34 332 120 141600
590 4 34 332 120 141700
590 4 34 332 120 141800
590 4 34 332 120 141900
590 4 34 332 120 142000
590 4 34 332 120 142100
590 4 34 332 120 142200
590 4 34 332 120 142300
590 4 34 332 120 142400
590 4 34 332 120 142500
590 4 34 332 120 142600
590 4 34 332 120 142700
590 4 34 332 120 142800
590 4 34 332 120 142900
591 4 34 332 120 143000
591 4 34 332 120 143100
592 4 34 332 120 143200
592 4 34 333 120 143300
592 4 34 333 120 143400
592 4 34 333 120 143500
592 4 34 333 120 143600
592 4 34 333 120 143700
592 4 34 333 120 143800
592 4 34 333 120 143900
592 4 34 333 120 144000
592 4 34 333 120 144100
592 4 34 333 120 144200
592 4 34 333 120 144300
592 4 34 333 120 144400
592 4 34 333 120 144500
592 4 34 333 120 144600
592 4 34 333 120 144700
592 4 34 333 120 144800
592 4 34 333 120 144900
592 4 34 333 120 145000
592 4 34 333 120 145100
592 4 34 333 120 145200
592 4 34 333 120 145300
592 4 34 333 120 145400
592 4 34 333 120 145500
592 4 34 333 120 145600
592 4 34 333 120 145700
592 4 34 333 120 145800
592 4 34 333 120 145900
592 4 34 333 120 146000
592 4 34 333 120 146100
592 4 34 333 120 146200
592 4 34 333 120 146300
592 4 34 333 120 146400
592 4 34 333 120 146500
592 4 34 333 120 146600
592 4 34 333 120 146700
592 4 34 333 120 146800
592 4 34 333 120 146900
592 4 34 333 120 147000
592 4 34 333 120 147100
592 4 34 333 120 147200
592 4 34 333 120 147300
592 4 34 333 120 147400
592 4 34 333 120 147500
592 4 34 333 120 147600
592 4 34 333 120 147700
592 4 34 333 120 147800
592 4 34 333 120 147900
592 4 34 333 120 148000
592 4 35 333 120 148100
592 4 35 333 120 148200
592 4 35 333 120 148300
593 4 35 333 120 148400
593 4 35 333 120 148500
593 4 35 334 120 148600
593 4 36 334 120 148700
593 4 36 334 120 148800
593 4 36 334 120 148900
593 4 36 335 120 149000
593 4 36 335 120 149100
593 4 36 335 120 149200
594 4 36 335 120 149300
594 4 36 335 120 149400
594 4 36 335 120 149500
594 4 36 335 120 149600
594 4 36 335 120 149700
595 4 36 335 120 149800
595 4 36 335 120 149900
595 4 36 336 120 150000
595 4 36 336 120 150100
595 4 36 336 120 150200
595 4 36 336 120 150300
595 4 36 336 120 150400
595 4 36 336 120 150500
595 4 36 336 120 150600
595 4 36 336 120 150700
595 4 36 336 120 150800
595 4 36 336 120 150900
595 4 36 336 120 151000
596 4 36 336 120 151100
596 4 36 336 120 151200
596 4 36 336 120 151300
596 4 36 337 120 151400
596 4 36 337 120 151500
596 4 36 337 120 151600
596 4 36 337 120 151700
596 4 36 337 120 151800
596 4 36 337 120 151900
596 4 36 337 120 152000
596 4 36 337 120 152100
596 4 36 337 120 152200
596 4 36 338 120 152300
597 4 36 338 120 152400
597 4 36 338 120 152500
598 4 36 338 120 152600
598 4 36 338 121 152700
599 4 36 338 121 152800
599 4 36 338 121 152900
599 4 36 338 121 153000
600 4 36 338 121 153100
600 4 36 338 121 153200
600 4 36 339 121 153300
600 4 36 339 121 153400
601 4 36 339 121 153500
601 4 36 339 121 153600
601 4 36 339 121 153700
601 4 36 339 121 153800
601 4 36 339 121 153900
601 4 36 339 121 154000
603 4 36 339 121 154100
603 4 36 339 122 154200
603 4 36 339 122 154300
604 4 36 340 122 154400
605 4 36 340 122 154500
606 4 36 340 123 154600
607 4 36 340 123 154700
607 4 36 340 123 154800
607 4 36 340 123 154900
608 4 36 340 123 155000
608 4 36 340 123 155100
608 4 36 340 123 155200
608 4 36 340 123 155300
608 4 36 340 123 155400
608 4 36 340 123 155500
608 4 36 340 123 155600
608 4 36 340 123 155700
608 4 36 340 123 155800
608 4 36 340 123 155900
608 4 36 340 123 156000
608 4 36 340 123 156100
608 4 36 340 123 156200
608 4 36 340 123 156300
609 4 36 340 123 156400
609 4 36 340 123 156500
609 4 36 340 123 156600
609 4 36 340 123 156700
609 4 36 340 123 156800
609 4 36 340 123 156900
609 4 36 340 123 157000
609 4 36 340 123 157100
610 4 36 340 123 157200
610 4 36 340 123 157300
610 4 36 340 123 157400
610 4 36 340 123 157500
610 4 36 340 123 157600
610 4 36 340 123 157700
610 4 37 340 123 157800
610 4 37 340 123 157900
610 4 37 340 123 158000
611 4 37 340 123 158100
611 4 37 340 123 158200
611 4 37 340 124 158300
612 4 37 340 124 158400
612 4 37 340 124 158500
612 4 37 341 124 158600
612 4 37 341 124 158700
612 4 37 341 124 158800
612 4 37 341 124 158900
612 4 37 341 124 159000
612 4 37 341 124 159100
612 4 37 341 124 159200
613 4 37 341 124 159300
613 4 37 341 124 159400
613 4 37 341 124 159500
613 4 37 341 124 159600
614 4 37 341 124 159700
615 4 37 341 124 159800
615 4 37 342 125 159900
615 4 37 342 125 160000
615 4 37 342 125 160100
615 4 37 342 125 160200
615 4 37 342 125 160300
615 4 37 342 125 160400
616 4 37 342 125 160500
617 4 37 342 126 160600
617 4 37 342 127 160700
617 4 37 342 127 160800
617 4 37 342 127 160900
617 4 37 342 127 161000
617 4 37 342 127 161100
617 4 37 342 127 161200
617 4 37 342 127 161300
617 4 37 342 127 161400
617 4 37 342 127 161500
617 4 37 342 127 161600
618 4 37 342 127 161700
618 4 37 342 127 161800
618 4 37 342 127 161900
618 4 37 342 127 162000
618 4 37 342 127 162100
618 4 37 342 127 162200
618 4 37 342 127 162300
618 4 37 342 127 162400
619 4 37 342 127 162500
619 4 37 342 127 162600
619 4 37 342 127 162700
619 4 37 342 127 162800
620 4 37 342 127 162900
621 4 37 342 127 163000
622 4 37 342 127 163100
622 4 37 343 127 163200
622 4 37 343 127 163300
622 4 37 344 127 163400
622 4 37 344 127 163500
622 4 37 344 127 163600
622 4 37 344 127 163700
622 4 37 344 127 163800
622 4 37 344 127 163900
622 4 37 344 127 164000
623 4 37 344 127 164100
625 4 37 344 127 164200
625 4 37 344 127 164300
625 4 37 345 127 164400
625 4 37 346 127 164500
625 4 37 346 127 164600
625 4 37 346 127 164700
625 4 37 346 127 164800
625 4 37 346 127 164900
626 4 37 346 127 165000
626 4 37 346 127 165100
626 4 37 346 128 165200
626 4 37 346 128 165300
626 4 37 346 128 165400
626 4 37 346 128 165500
626 4 37 346 128 165600
626 4 37 346 128 165700
626 4 37 346 128 165800
626 4 37 346 128 165900
626 4 37 346 128 166000
626 4 37 346 128 166100
626 4 37 346 128 166200
626 4 37 346 128 166300
626 4 37 346 128 166400
626 4 37 346 128 166500
626 4 37 346 128 166600
626 4 37 346 128 166700
627 4 37 346 128 166800
627 4 37 346 128 166900
628 4 37 346 128 167000
628 4 37 346 128 167100
628 4 37 346 128 167200
629 4 37 346 128 167300
629 4 37 346 128 167400
629 4 37 346 128 167500
629 4 37 346 128 167600
629 4 37 346 128 167700
629 4 37 346 128 167800
629 4 37 346 128 167900
629 4 37 346 128 168000
629 4 37 346 128 168100
629 4 37 346 128 168200
629 4 37 346 128 168300
629 4 37 346 128 168400
629 4 37 346 128 168500
629 4 37 346 128 168600
629 4 37 346 128 168700
629 4 37 346 128 168800
629 4 37 346 128 168900
629 4 37 346 128 169000
629 4 37 346 128 169100
629 4 37 346 128 169200
629 4 37 346 128 169300
629 4 37 346 128 169400
629 4 37 346 128 169500
630 4 37 346 128 169600
631 4 37 346 128 169700
631 4 37 346 128 169800
631 4 37 347 129 169900
631 4 37 347 129 170000
631 4 37 347 129 170100
631 4 37 347 129 170200
631 4 37 347 129 170300
631 4 37 347 129 170400
631 4 37 347 129 170500
631 4 37 347 129 170600
631 4 37 347 129 170700
631 4 37 347 129 170800
631 4 37 347 129 170900
631 4 37 347 129 171000
631 4 37 347 129 171100
632 4 37 347 129 171200
633 4 37 347 129 171300
633 4 37 347 130 171400
633 4 37 348 130 171500
633 4 37 348 130 171600
633 4 37 348 130 171700
633 4 37 348 130 171800
633 4 37 348 130 171900
633 4 37 348 130 172000
633 4 37 348 130 172100
633 4 37 348 130 172200
633 4 37 348 130 172300
633 4 37 348 130 172400
633 4 37 348 130 172500
633 4 37 348 130 172600
633 4 37 348 130 172700
633 4 37 348 130 172800
633 4 37 348 130 172900
633 4 38 348 130 173000
633 4 38 348 130 173100
633 4 38 348 130 173200
633 4 38 348 130 173300
633 4 38 348 130 173400
633 4 38 348 130 173500
633 4 38 348 130 173600
633 4 38 348 130 173700
633 4 38 348 130 173800
633 4 38 348 130 173900
633 4 38 348 130 174000
633 4 38 348 130 174100
633 4 38 348 130 174200
633 4 38 348 130 174300
633 4 38 348 130 174400
633 4 38 348 130 174500
633 4 38 348 130 174600
633 4 38 348 130 174700
633 4 38 348 130 174800
633 4 38 348 130 174900
633 4 38 348 130 175000
633 4 38 348 130 175100
633 4 38 348 130 175200
633 4 38 348 130 175300
633 4 38 348 130 175400
634 4 38 348 130 175500
634 4 38 348 130 175600
634 4 38 348 130 175700
634 4 38 348 130 175800
634 4 38 349 130 175900
634 4 38 349 130 176000
634 4 38 349 130 176100
634 4 38 349 130 176200
634 4 38 349 130 176300
634 4 38 349 130 176400
635 4 38 349 130 176500
635 4 38 349 130 176600
635 4 38 349 130 176700
635 4 38 350 130 176800
635 4 38 350 130 176900
635 4 38 350 130 177000
635 4 38 350 130 177100
635 4 38 350 130 177200
635 4 38 350 130 177300
635 4 38 350 130 177400
635 4 38 350 130 177500
635 4 38 350 130 177600
635 4 38 350 130 177700
635 4 38 350 130 177800
635 4 38 350 130 177900
635 4 38 350 130 178000
635 4 38 350 130 178100
635 4 38 350 130 178200
635 4 38 350 130 178300
635 4 38 350 130 178400
635 4 38 350 130 178500
635 4 38 350 130 178600
635 4 38 350 130 178700
635 4 38 350 130 178800
635 4 38 350 130 178900
635 4 38 350 130 179000
635 4 38 350 130 179100
635 4 38 350 130 179200
635 4 38 350 130 179300
635 4 38 350 130 179400
635 4 38 350 130 179500
635 4 38 350 130 179600
635 4 38 350 130 179700
635 4 38 350 130 179800
635 4 38 350 130 179900
635 4 38 350 130 180000
635 4 38 350 130 180100
635 4 38 350 130 180200
635 4 38 350 130 180300
635 4 38 350 130 180400
635 4 38 350 130 180500
635 4 38 350 130 180600
635 4 38 350 130 180700
635 4 38 350 130 180800
635 4 38 350 130 180900
635 4 38 350 130 181000
635 4 38 350 130 181100
635 4 38 350 130 181200
635 4 38 350 130 181300
635 4 38 350 130 181400
635 4 38 350 130 181500
635 4 38 350 130 181600
635 4 38 350 130 181700
635 4 38 350 130 181800
637 4 38 350 130 181900
637 4 38 350 131 182000
639 4 38 350 131 182100
639 4 38 350 131 182200
639 4 38 350 131 182300
639 4 39 350 131 182400
639 4 39 350 132 182500
639 4 40 350 132 182600
639 4 40 350 132 182700
639 4 40 350 132 182800
639 4 40 350 132 182900
639 4 40 350 132 183000
639 4 40 350 132 183100
639 4 40 350 132 183200
639 4 40 350 132 183300
639 4 40 350 132 183400
639 4 40 350 132 183500
639 4 40 350 132 183600
639 4 40 350 132 183700
639 4 40 350 132 183800
639 4 40 350 132 183900
639 4 40 350 132 184000
639 4 40 350 132 184100
639 4 40 350 132 184200
639 4 40 350 132 184300
639 4 40 350 132 184400
639 4 40 350 132 184500
640 4 40 350 132 184600
640 4 40 350 132 184700
640 4 40 350 132 184800
640 4 40 350 132 184900
640 4 40 350 132 185000
641 4 40 350 132 185100
641 4 40 350 132 185200
641 4 40 350 132 185300
641 4 40 350 132 185400
641 4 40 350 132 185500
641 4 40 350 132 185600
641 4 40 350 132 185700
641 4 40 350 132 185800
641 4 40 350 132 185900
641 4 40 350 132 186000
641 4 40 350 132 186100
641 4 40 350 132 186200
641 4 40 350 132 186300
642 4 40 350 132 186400
642 4 40 350 132 186500
642 4 40 350 132 186600
642 4 40 350 132 186700
642 4 40 350 132 186800
642 4 40 350 132 186900
642 4 40 350 132 187000
642 4 40 350 132 187100
642 4 40 350 132 187200
642 4 40 350 132 187300
642 4 40 350 132 187400
642 4 40 350 132 187500
642 4 40 350 132 187600
642 4 40 350 132 187700
642 4 40 350 132 187800
642 4 40 350 132 187900
642 4 40 350 132 188000
642 4 40 350 132 188100
642 4 40 350 132 188200
642 4 40 350 132 188300
643 4 40 350 132 188400
643 4 40 350 132 188500
643 4 40 350 132 188600
643 4 40 351 132 188700
643 4 40 351 132 188800
643 4 40 351 132 188900
643 4 40 351 132 189000
643 4 40 351 132 189100
643 4 40 351 132 189200
643 4 40 351 132 189300
643 4 40 351 132 189400
643 4 40 351 132 189500
643 4 40 351 132 189600
643 4 40 351 132 189700
643 4 40 351 132 189800
643 4 40 351 132 189900
643 4 40 351 132 190000
643 4 40 351 132 190100
644 4 40 351 132 190200
644 4 40 351 132 190300
644 4 40 351 132 190400
644 4 40 351 132 190500
644 4 40 351 132 190600
644 4 40 351 132 190700
644 4 40 351 132 190800
644 4 40 351 132 190900
644 4 40 351 132 191000
644 4 40 351 132 191100
646 4 40 351 132 191200
646 4 40 351 132 191300
646 4 40 351 132 191400
646 4 40 353 132 191500
646 4 40 353 132 191600
646 4 40 353 132 191700
646 4 40 353 132 191800
646 4 40 353 132 191900
646 4 40 353 132 192000
646 4 40 353 132 192100
646 4 40 353 132 192200
646 4 40 353 132 192300
646 4 40 353 132 192400
646 4 40 353 132 192500
646 4 40 353 132 192600
646 4 40 353 132 192700
646 4 40 353 132 192800
646 4 40 353 132 192900
646 4 40 353 132 193000
646 4 40 353 132 193100
646 4 40 353 132 193200
646 4 40 353 132 193300
646 4 40 353 132 193400
646 4 40 353 132 193500
646 4 40 353 132 193600
646 4 40 353 132 193700
646 4 40 353 132 193800
646 4 40 353 132 193900
646 4 40 353 132 194000
646 4 40 353 132 194100
646 4 40 353 132 194200
646 4 40 353 132 194300
646 4 40 353 132 194400
646 4 40 353 132 194500
646 4 40 353 132 194600
646 4 40 353 132 194700
647 4 40 353 132 194800
648 4 40 353 132 194900
648 4 40 353 132 195000
648 4 40 353 132 195100
648 4 40 353 132 195200
648 4 40 353 132 195300
648 4 40 353 132 195400
648 4 40 353 132 195500
648 4 40 353 132 195600
648 4 40 353 132 195700
648 4 40 353 132 195800
648 4 40 353 132 195900
648 4 40 353 132 196000
649 4 40 353 132 196100
649 4 40 353 133 196200
649 4 41 353 133 196300
649 4 41 353 133 196400
649 4 41 354 133 196500
649 4 41 354 133 196600
649 4 41 354 133 196700
649 4 41 354 133 196800
649 4 41 354 133 196900
649 4 41 354 133 197000
649 4 41 354 133 197100
649 4 41 354 133 197200
649 4 41 354 133 197300
649 4 41 354 133 197400
649 4 41 354 133 197500
649 4 41 354 133 197600
649 4 41 354 133 197700
649 4 41 354 133 197800
649 4 41 354 133 197900
650 4 41 354 133 198000
650 4 41 354 133 198100
650 4 41 355 133 198200
650 4 41 355 133 198300
650 4 41 355 133 198400
650 4 41 355 133 198500
650 4 41 355 133 198600
650 4 41 355 133 198700
650 4 41 355 133 198800
650 4 41 355 133 198900
650 4 41 355 133 199000
650 4 41 355 133 199100
650 4 41 355 133 199200
650 4 41 355 133 199300
650 4 41 355 133 199400
650 4 41 355 133 199500
650 4 41 355 133 199600
650 4 41 355 133 199700
650 4 41 355 133 199800
650 4 41 355 133 199900
650 4 41 355 133 200000
650 4 41 355 133 200100
650 4 41 355 133 200200
650 4 41 355 133 200300
650 4 41 355 133 200400
650 4 41 355 133 200500
650 4 41 355 133 200600
650 4 41 355 133 200700
650 4 41 355 133 200800
650 4 41 355 133 200900
651 4 41 355 133 201000
651 4 41 355 133 201100
651 4 41 355 133 201200
651 4 41 355 133 201300
651 4 41 355 133 201400
651 4 41 355 133 201500
651 4 41 355 133 201600
651 4 41 355 133 201700
651 4 41 355 133 201800
651 4 41 355 133 201900
651 4 41 355 133 202000
651 4 41 355 133 202100
651 4 41 355 133 202200
651 4 41 355 133 202300
651 4 41 355 133 202400
653 4 41 355 133 202500
653 4 41 355 134 202600
653 4 41 356 134 202700
653 4 41 356 134 202800
653 4 41 356 134 202900
653 4 41 356 134 203000
653 4 41 356 134 203100
653 4 41 356 134 203200
653 4 41 356 134 203300
653 4 41 356 134 203400
653 4 41 356 134 203500
653 4 41 356 134 203600
653 4 41 356 134 203700
653 4 41 356 134 203800
653 4 41 356 134 203900
653 4 41 356 134 204000
653 4 41 356 134 204100
653 4 41 356 134 204200
653 4 41 356 134 204300
653 4 41 356 134 204400
653 4 41 356 134 204500
653 4 41 356 134 204600
653 4 41 356 134 204700
653 4 41 356 134 204800
653 4 41 356 134 204900
653 4 41 356 134 205000
653 4 41 356 134 205100
653 4 41 356 134 205200
653 4 41 356 134 205300
653 4 41 356 134 205400
653 4 41 356 134 205500
653 4 41 356 134 205600
653 4 41 356 134 205700
653 4 41 356 134 205800
653 4 41 356 134 205900
653 4 41 356 134 206000
653 4 41 356 134 206100
654 4 41 356 134 206200
654 4 41 356 134 206300
654 4 41 356 134 206400
655 4 42 356 134 206500
655 4 42 356 134 206600
655 4 42 356 134 206700
656 4 42 358 134 206800
656 4 42 358 134 206900
656 4 42 359 134 207000
656 4 42 359 134 207100
656 4 42 359 134 207200
656 4 42 359 134 207300
656 4 42 359 134 207400
656 4 42 359 134 207500
656 4 42 359 134 207600
656 4 42 359 134 207700
656 4 42 359 134 207800
656 4 42 359 134 207900
656 4 42 359 134 208000
656 4 42 359 134 208100
656 4 42 359 134 208200
656 4 42 359 134 208300
656 4 42 359 134 208400
656 4 42 359 134 208500
656 4 42 359 134 208600
656 4 42 359 134 208700
656 4 42 359 134 208800
656 4 42 359 134 208900
656 4 42 359 134 209000
656 4 42 359 134 209100
656 4 42 359 134 209200
656 4 42 359 134 209300
656 4 42 359 134 209400
656 4 42 359 134 209500
656 4 42 359 134 209600
656 4 42 359 134 209700
656 4 42 359 134 209800
657 4 42 359 134 209900
658 4 42 359 134 210000
658 4 42 359 134 210100
658 4 42 360 135 210200
658 4 42 360 135 210300
658 4 42 360 135 210400
658 4 42 360 135 210500
658 4 42 360 135 210600
658 4 42 360 135 210700
658 4 42 360 135 210800
658 4 42 360 135 210900
658 4 42 360 135 211000
658 4 42 360 135 211100
658 4 42 360 135 211200
658 4 42 360 135 211300
658 4 42 360 135 211400
658 4 42 360 135 211500
658 4 42 360 135 211600
658 4 42 360 135 211700
658 4 42 360 135 211800
658 4 42 360 135 211900
658 4 42 360 135 212000
658 4 42 360 135 212100
658 4 42 360 135 212200
658 4 42 360 135 212300
658 4 42 360 135 212400
658 4 42 360 135 212500
658 4 42 360 135 212600
658 4 42 360 135 212700
658 4 42 360 135 212800
658 4 42 360 135 212900
658 4 42 360 135 213000
658 4 42 360 135 213100
658 4 42 360 135 213200
658 4 42 360 135 213300
658 4 42 360 135 213400
658 4 42 360 135 213500
658 4 42 360 135 213600
658 4 42 360 135 213700
658 4 42 360 135 213800
658 4 42 360 135 213900
658 4 42 360 135 214000
658 4 42 360 135 214100
658 4 42 360 135 214200
658 4 42 360 135 214300
658 4 42 360 135 214400
658 4 42 360 135 214500
658 4 42 360 135 214600
658 4 42 360 135 214700
658 4 42 360 135 214800
658 4 42 360 135 214900
658 4 42 360 135 215000
658 4 42 360 135 215100
658 4 42 360 135 215200
658 4 42 360 135 215300
658 4 42 360 135 215400
658 4 42 360 135 215500
658 4 42 360 135 215600
658 4 42 360 135 215700
658 4 42 360 135 215800
658 4 42 360 135 215900
658 4 42 360 135 216000
658 4 42 360 135 216100
658 4 42 360 135 216200
658 4 42 360 135 216300
658 4 42 360 135 216400
659 4 42 360 135 216500
659 4 42 360 135 216600
659 4 42 360 136 216700
659 4 42 361 136 216800
659 4 42 361 136 216900
659 4 42 361 136 217000
659 4 42 361 136 217100
659 4 42 361 136 217200
659 4 42 361 136 217300
659 4 42 361 136 217400
660 4 42 361 136 217500
660 4 42 361 136 217600
660 4 42 361 136 217700
660 4 42 361 136 217800
660 4 42 361 136 217900
660 4 42 361 136 218000
660 4 42 361 136 218100
660 4 42 361 136 218200
660 4 42 361 136 218300
660 4 42 361 136 218400
660 4 42 361 136 218500
660 4 42 361 136 218600
660 4 42 361 136 218700
660 4 42 361 136 218800
660 4 42 361 136 218900
661 4 42 361 136 219000
661 4 42 361 136 219100
661 4 42 361 136 219200
661 4 42 361 136 219300
661 4 42 361 136 219400
661 4 42 361 136 219500
661 4 42 361 136 219600
661 4 42 361 136 219700
661 4 42 361 136 219800
661 4 42 361 136 219900
661 4 42 361 136 220000
661 4 42 361 136 220100
661 4 42 361 136 220200
661 4 42 361 136 220300
661 4 42 361 136 220400
661 4 42 361 136 220500
661 4 42 361 136 220600
661 4 42 361 136 220700
661 4 42 361 136 220800
661 4 42 361 136 220900
661 4 42 361 136 221000
661 4 42 361 136 221100
661 4 42 361 136 221200
662 4 42 361 136 221300
663 4 42 361 136 221400
663 4 42 362 136 221500
664 4 42 362 136 221600
664 4 42 363 136 221700
664 4 42 363 136 221800
665 4 42 363 136 221900
665 4 42 363 136 222000
665 4 42 363 136 222100
665 4 42 363 136 222200
665 4 42 363 136 222300
665 4 42 363 136 222400
665 4 42 363 136 222500
665 4 42 363 136 222600
665 4 42 363 136 222700
665 4 42 363 136 222800
665 4 42 363 136 222900
665 4 42 363 136 223000
665 4 42 363 136 223100
665 4 42 363 136 223200
665 4 42 363 136 223300
665 4 42 363 136 223400
665 4 42 363 136 223500
666 4 42 363 136 223600
666 4 42 363 136 223700
666 4 42 363 137 223800
666 4 42 363 137 223900
666 4 42 363 137 224000
666 4 42 363 137 224100
666 4 42 363 137 224200
666 4 42 363 137 224300
666 4 42 363 137 224400
666 4 42 363 137 224500
666 4 42 363 137 224600
666 4 42 363 137 224700
666 4 42 363 137 224800
666 4 42 363 137 224900
666 4 42 363 137 225000
666 4 42 363 137 225100
666 4 42 363 137 225200
666 4 42 363 137 225300
666 4 42 363 137 225400
666 4 42 363 137 225500
666 4 42 363 137 225600
666 4 42 363 137 225700
666 4 42 363 137 225800
666 4 42 363 137 225900
666 4 42 363 137 226000
666 4 42 363 137 226100
666 4 42 363 137 226200
667 4 42 363 137 226300
667 4 42 363 137 226400
667 4 42 363 137 226500
667 4 42 364 137 226600
667 4 42 364 137 226700
667 4 42 364 137 226800
667 4 42 364 137 226900
667 4 42 364 137 227000
667 4 42 364 137 227100
667 4 42 365 137 227200
667 4 42 365 137 227300
667 4 42 365 137 227400
667 4 42 365 137 227500
667 4 42 365 137 227600
667 4 42 365 137 227700
667 4 42 365 137 227800
667 4 42 365 137 227900
667 4 42 365 137 228000
667 4 42 365 137 228100
667 4 42 365 137 228200
667 4 42 365 137 228300
667 4 42 365 137 228400
667 4 42 365 137 228500
667 4 42 365 137 228600
667 4 42 365 137 228700
667 4 42 365 137 228800
667 4 42 365 137 228900
667 4 42 365 137 229000
668 4 42 365 137 229100
668 4 42 365 137 229200
668 4 42 366 137 229300
668 4 42 366 137 229400
668 4 42 366 137 229500
668 4 42 366 137 229600
668 4 42 366 137 229700
668 4 42 366 137 229800
668 4 42 366 137 229900
668 4 42 366 137 230000
668 4 42 366 137 230100
668 4 42 366 137 230200
668 4 42 366 137 230300
668 4 42 366 137 230400
668 4 42 366 137 230500
668 4 42 366 137 230600
668 4 42 366 137 230700
668 4 42 366 138 230800
669 4 43 366 138 230900
669 4 43 366 138 231000
669 4 43 367 138 231100
669 4 43 368 138 231200
669 4 43 368 138 231300
670 4 43 368 138 231400
670 4 43 368 138 231500
670 4 43 368 138 231600
670 4 43 369 138 231700
670 4 43 369 138 231800
670 4 43 369 138 231900
670 4 43 369 138 232000
670 4 43 369 138 232100
670 4 43 369 138 232200
670 4 43 369 138 232300
670 4 43 369 138 232400
670 4 43 369 138 232500
670 4 43 369 138 232600
670 4 43 369 138 232700
670 4 43 369 138 232800
670 4 43 369 138 232900
670 4 43 369 138 233000
670 4 43 369 138 233100
670 4 43 369 138 233200
670 4 43 369 138 233300
670 4 43 369 138 233400
670 4 43 369 138 233500
670 4 43 369 138 233600
670 4 43 369 138 233700
670 4 43 369 138 233800
670 4 43 369 138 233900
670 4 43 369 138 234000
670 4 43 369 138 234100
670 4 43 369 138 234200
670 4 43 369 138 234300
670 4 43 369 138 234400
670 4 43 369 138 234500
670 4 43 369 138 234600
670 4 43 369 138 234700
671 4 43 369 138 234800
671 4 43 369 138 234900
671 4 43 369 138 235000
671 4 43 370 138 235100
671 4 43 370 138 235200
671 4 43 370 138 235300
671 4 43 370 138 235400
671 4 43 370 138 235500
671 4 43 370 138 235600
671 4 43 370 138 235700
671 4 43 370 138 235800
671 4 43 370 138 235900
671 4 43 370 138 236000
671 4 43 370 138 236100
671 4 43 370 138 236200
671 4 43 370 138 236300
671 4 43 370 138 236400
671 4 43 370 138 236500
671 4 44 370 138 236600
671 4 44 370 138 236700
671 4 44 370 138 236800
671 4 44 370 138 236900
671 4 44 370 138 237000
671 4 44 370 138 237100
671 4 44 370 138 237200
671 4 44 370 138 237300
671 4 44 370 138 237400
671 4 44 370 138 237500
671 4 44 370 138 237600
671 4 44 370 138 237700
671 4 44 370 138 237800
671 4 44 370 138 237900
672 4 44 370 138 238000
672 4 44 370 138 238100
672 4 44 370 138 238200
672 4 44 371 138 238300
673 4 44 371 138 238400
673 4 44 371 138 238500
673 4 44 371 138 238600
673 4 44 371 138 238700
673 4 44 371 138 238800
673 4 44 371 138 238900
673 4 44 371 138 239000
673 4 44 371 138 239100
673 4 44 371 138 239200
673 4 44 371 138 239300
673 4 44 371 138 239400
673 4 44 371 138 239500
673 4 44 371 138 239600
673 4 44 371 138 239700
673 4 44 371 138 239800
673 4 44 371 138 239900
673 4 44 371 138 240000
673 4 44 371 138 240100
673 4 44 371 138 240200
673 4 44 371 138 240300
673 4 44 371 138 240400
673 4 44 371 138 240500
673 4 44 371 138 240600
673 4 44 371 138 240700
673 4 44 371 138 240800
673 4 44 371 138 240900
673 4 44 371 138 241000
673 4 44 371 138 241100
673 4 44 371 138 241200
673 4 44 371 138 241300
674 4 44 372 138 241400
674 4 44 372 138 241500
674 4 44 372 138 241600
674 4 44 372 138 241700
674 4 44 372 138 241800
674 4 44 372 138 241900
674 4 44 372 138 242000
674 4 44 372 138 242100
674 4 44 372 138 242200
674 4 44 372 138 242300
674 4 44 372 138 242400
674 4 44 372 138 242500
675 4 44 372 138 242600
676 4 44 372 138 242700
676 4 44 372 138 242800
676 4 44 373 138 242900
676 4 44 373 138 243000
676 4 44 373 138 243100
676 4 44 373 138 243200
677 4 44 373 138 243300
677 4 44 373 138 243400
677 4 44 373 138 243500
677 4 44 373 138 243600
677 4 44 373 138 243700
678 4 44 373 138 243800
678 4 44 373 139 243900
678 4 44 373 139 244000
678 4 44 373 139 244100
678 4 44 373 139 244200
678 4 44 373 139 244300
678 4 44 373 139 244400
678 4 44 373 139 244500
678 4 44 373 139 244600
678 4 44 373 139 244700
678 4 44 373 139 244800
678 4 44 373 139 244900
678 4 44 373 139 245000
678 4 44 373 139 245100
678 4 44 373 139 245200
678 4 44 373 139 245300
678 4 44 373 139 245400
678 4 44 373 139 245500
678 4 44 373 139 245600
678 4 44 373 139 245700
678 4 44 373 139 245800
678 4 44 373 139 245900
678 4 44 373 139 246000
678 4 44 373 139 246100
678 4 44 373 139 246200
678 4 44 373 139 246300
678 4 44 373 139 246400
678 4 44 373 139 246500
678 4 44 373 139 246600
678 4 44 373 139 246700
678 4 44 373 139 246800
678 4 44 373 139 246900
678 4 44 373 139 247000
678 4 44 373 139 247100
678 4 44 373 139 247200
678 4 44 373 139 247300
678 4 44 373 139 247400
679 4 44 373 139 247500
679 4 44 373 139 247600
680 4 44 373 140 247700
680 4 44 373 140 247800
681 4 44 373 140 247900
681 4 44 373 140 248000
681 4 44 373 140 248100
681 4 44 373 140 248200
681 4 44 373 140 248300
681 4 44 373 140 248400
681 4 44 373 140 248500
681 4 44 373 140 248600
681 4 44 373 140 248700
681 4 44 373 140 248800
681 4 44 373 140 248900
681 4 44 373 140 249000
681 4 44 373 140 249100
682 4 44 373 140 249200
682 4 44 373 140 249300
682 4 44 373 140 249400
682 4 44 373 140 249500
682 4 44 373 140 249600
682 4 44 373 140 249700
682 4 44 373 140 249800
682 4 44 373 140 249900
682 4 44 373 140 250000
682 4 44 373 140 250100
682 4 44 373 140 250200
682 4 44 373 140 250300
682 4 44 373 140 250400
682 4 44 373 140 250500
682 4 44 373 140 250600
682 4 44 373 140 250700
682 4 44 373 140 250800
682 4 44 373 140 250900
682 4 44 373 140 251000
682 4 44 373 140 251100
682 4 44 373 140 251200
682 4 44 373 140 251300
682 4 45 373 140 251400
682 4 45 373 140 251500
682 4 45 373 140 251600
682 4 45 373 140 251700
682 4 45 373 140 251800
682 4 45 373 140 251900
682 4 45 373 140 252000
682 4 45 373 140 252100
682 4 45 373 140 252200
682 4 45 373 140 252300
682 4 45 373 140 252400
682 4 45 373 140 252500
682 4 45 373 140 252600
682 4 45 373 140 252700
682 4 45 373 140 252800
682 4 45 373 140 252900
682 4 45 373 140 253000
682 4 45 374 140 253100
682 4 45 374 140 253200
682 4 45 374 140 253300
682 4 45 374 140 253400
682 4 45 374 140 253500
682 4 45 374 140 253600
682 4 45 374 140 253700
682 4 45 374 140 253800
682 4 45 374 140 253900
682 4 45 374 140 254000
682 4 45 374 140 254100
682 4 45 374 140 254200
682 4 45 374 140 254300
682 4 45 374 140 254400
682 4 45 374 140 254500
682 4 45 374 140 254600
682 4 45 374 140 254700
682 4 45 374 140 254800
682 4 45 374 140 254900
682 4 45 374 140 255000
682 4 45 374 140 255100
682 4 45 374 140 255200
682 4 45 374 140 255300
682 4 45 374 140 255400
682 4 45 374 140 255500
682 4 45 374 140 255600
682 4 45 374 140 255700
682 4 45 374 140 255800
682 4 45 374 140 255900
682 4 45 374 140 256000
682 4 45 374 140 256100
682 4 45 374 140 256200
682 4 45 374 140 256300
682 4 45 374 140 256400
682 4 45 374 140 256500
682 4 45 374 140 256600
682 4 45 374 140 256700
682 4 45 374 140 256800
682 4 45 374 140 256900
682 4 45 374 140 257000
682 4 45 374 140 257100
682 4 45 374 140 257200
682 4 45 374 140 257300
682 4 45 374 140 257400
682 4 45 374 140 257500
682 4 45 374 140 257600
682 4 45 374 140 257700
682 4 45 374 140 257800
682 4 45 374 140 257900
682 4 45 374 140 258000
682 4 45 374 140 258100
682 4 45 374 140 258200
682 4 45 374 140 258300
682 4 45 374 140 258400
682 4 45 374 140 258500
682 4 45 374 140 258600
682 4 45 374 140 258700
682 4 45 374 140 258800
682 4 45 374 140 258900
682 4 45 374 140 259000
682 4 45 374 140 259100
682 4 45 374 140 259200
682 4 45 374 140 259300
682 4 45 374 140 259400
682 4 45 374 140 259500
682 4 45 374 140 259600
682 4 45 374 140 259700
682 4 45 374 140 259800
682 4 45 374 140 259900
682 4 45 374 140 260000
682 4 45 374 140 260100
682 4 45 374 140 260200
682 4 45 374 140 260300
682 4 45 374 140 260400
682 4 45 374 140 260500
682 4 45 374 140 260600
683 4 45 374 140 260700
683 4 45 374 140 260800
683 4 45 374 140 260900
683 4 45 375 140 261000
683 4 45 375 140 261100
683 4 45 375 140 261200
683 4 45 375 140 261300
683 4 45 375 140 261400
683 4 45 375 140 261500
683 4 45 375 140 261600
683 4 45 375 140 261700
683 4 45 375 140 261800
683 4 45 375 140 261900
683 4 45 375 140 262000
683 4 45 375 140 262100
683 4 45 375 140 262200
683 4 45 375 140 262300
683 4 45 375 140 262400
683 4 45 375 140 262500
683 4 45 375 140 262600
683 4 45 375 140 262700
683 4 45 375 140 262800
683 4 45 375 140 262900
683 4 45 375 140 263000
683 4 45 375 140 263100
683 4 45 375 140 263200
683 4 45 375 140 263300
683 4 45 375 140 263400
683 4 45 375 140 263500
683 4 45 375 140 263600
683 4 45 375 140 263700
683 4 45 375 140 263800
683 4 45 375 140 263900
683 4 45 375 140 264000
683 4 45 375 140 264100
683 4 45 375 140 264200
684 4 45 375 140 264300
684 4 45 375 140 264400
684 4 45 375 141 264500
684 4 45 375 141 264600
684 4 45 375 141 264700
684 4 45 376 141 264800
684 4 45 376 141 264900
684 4 45 376 141 265000
684 4 45 376 141 265100
684 4 45 376 141 265200
684 4 45 376 141 265300
684 4 45 376 141 265400
684 4 45 376 141 265500
684 4 45 376 141 265600
684 4 45 376 141 265700
684 4 45 376 141 265800
684 4 45 376 141 265900
684 4 45 376 141 266000
685 4 45 376 141 266100
685 4 45 376 141 266200
685 4 45 376 141 266300
685 4 45 376 141 266400
685 4 45 376 141 266500
685 4 45 376 141 266600
685 4 45 376 141 266700
685 4 45 376 141 266800
685 4 45 376 141 266900
685 4 45 376 141 267000
685 4 45 376 141 267100
685 4 45 376 141 267200
685 4 45 376 141 267300
685 4 45 376 141 267400
685 4 45 376 141 267500
685 4 45 376 141 267600
685 4 45 376 141 267700
685 4 45 376 141 267800
685 4 45 376 141 267900
685 4 45 376 141 268000
685 4 45 376 141 268100
685 4 45 376 141 268200
685 4 45 376 141 268300
685 4 45 376 141 268400
686 4 45 376 141 268500
686 4 45 376 141 268600
686 4 45 376 141 268700
686 4 45 376 141 268800
686 4 45 376 141 268900
686 4 45 376 141 269000
686 4 45 376 141 269100
686 4 45 376 141 269200
686 4 45 376 141 269300
686 4 45 376 141 269400
686 4 45 376 141 269500
686 4 45 376 141 269600
686 4 45 376 141 269700
686 4 45 376 141 269800
686 4 45 376 141 269900
686 4 45 376 141 270000
686 4 45 376 141 270100
686 4 45 376 141 270200
686 4 45 376 141 270300
686 4 45 376 141 270400
686 4 45 376 141 270500
686 4 45 376 141 270600
686 4 45 376 141 270700
686 4 45 376 141 270800
686 4 45 376 141 270900
686 4 45 376 141 271000
686 4 45 376 141 271100
686 4 45 376 141 271200
686 4 46 376 141 271300
686 4 46 376 141 271400
686 4 46 376 141 271500
686 4 46 376 141 271600
686 4 46 376 141 271700
686 4 46 376 141 271800
686 4 46 376 141 271900
686 4 46 376 141 272000
686 4 46 376 141 272100
686 4 46 376 141 272200
686 4 46 376 141 272300
686 4 46 376 141 272400
686 4 46 376 141 272500
686 4 46 376 141 272600
686 4 46 376 141 272700
686 4 46 376 141 272800
686 4 46 376 141 272900
686 4 46 376 141 273000
686 4 46 376 141 273100
686 4 46 376 141 273200
686 4 46 376 141 273300
686 4 46 376 141 273400
686 4 46 376 141 273500
686 4 46 376 141 273600
686 4 46 376 141 273700
686 4 46 376 141 273800
686 4 46 376 141 273900
686 4 46 376 141 274000
686 4 46 376 141 274100
686 4 46 376 141 274200
686 4 46 376 141 274300
686 4 46 376 141 274400
686 4 46 376 141 274500
686 4 46 376 141 274600
686 4 46 376 141 274700
686 4 46 376 141 274800
686 4 46 376 141 274900
686 4 46 376 141 275000
686 4 46 376 141 275100
686 4 46 376 141 275200
686 4 46 376 141 275300
686 4 46 376 141 275400
686 4 46 376 141 275500
686 4 46 376 141 275600
686 4 46 376 141 275700
686 4 46 376 141 275800
686 4 46 376 141 275900
686 4 46 376 141 276000
686 4 46 376 141 276100
686 4 46 376 141 276200
686 4 46 376 141 276300
686 4 46 376 141 276400
686 4 46 376 141 276500
686 4 46 376 141 276600
686 4 46 376 141 276700
686 4 46 376 141 276800
686 4 46 376 141 276900
686 4 46 376 141 277000
686 4 46 376 141 277100
686 4 46 376 141 277200
686 4 46 376 141 277300
686 4 46 376 141 277400
686 4 46 376 141 277500
686 4 46 376 141 277600
686 4 46 376 141 277700
686 4 46 376 141 277800
686 4 46 376 141 277900
686 4 46 376 141 278000
686 4 46 376 141 278100
686 4 46 376 141 278200
686 4 46 376 141 278300
687 4 46 376 141 278400
687 4 46 376 141 278500
687 4 46 376 141 278600
687 4 46 377 141 278700
687 4 46 377 141 278800
687 4 46 377 141 278900
687 4 46 377 141 279000
687 4 46 377 141 279100
687 4 46 377 141 279200
687 4 46 377 141 279300
687 4 46 377 141 279400
687 4 46 377 141 279500
687 4 46 377 141 279600
687 4 46 377 141 279700
688 4 46 377 141 279800
688 4 46 377 141 279900
688 4 46 377 141 280000
688 4 46 377 141 280100
688 4 46 377 141 280200
688 4 46 377 141 280300
688 4 46 377 141 280400
688 4 46 377 141 280500
688 4 46 377 141 280600
688 4 46 377 141 280700
688 4 46 377 141 280800
688 4 46 377 141 280900
688 4 46 377 141 281000
688 4 46 377 141 281100
688 4 46 377 141 281200
688 4 47 377 141 281300
688 4 47 377 141 281400
688 4 47 377 142 281500
688 4 47 377 142 281600
688 4 47 377 142 281700
688 4 47 377 142 281800
688 4 47 377 142 281900
688 4 47 377 142 282000
689 4 47 377 142 282100
689 4 47 377 142 282200
689 4 47 378 142 282300
689 4 47 378 142 282400
689 4 47 378 142 282500
689 4 47 378 142 282600
689 4 47 378 142 282700
689 4 47 378 142 282800
689 4 47 378 142 282900
689 4 47 378 142 283000
689 4 47 378 142 283100
689 4 47 378 142 283200
689 4 47 378 142 283300
689 4 47 378 142 283400
689 4 47 378 142 283500
689 4 47 378 142 283600
689 4 47 378 142 283700
689 4 47 378 142 283800
689 4 47 378 142 283900
689 4 47 378 142 284000
689 4 47 378 142 284100
689 4 47 378 142 284200
689 4 47 378 142 284300
689 4 47 378 142 284400
689 4 47 378 142 284500
689 4 47 378 142 284600
689 4 47 378 142 284700
689 4 47 378 142 284800
689 4 47 378 142 284900
689 4 47 378 142 285000
689 4 47 378 142 285100
689 4 47 378 142 285200
689 4 47 378 142 285300
689 4 47 378 142 285400
689 4 47 378 142 285500
689 4 47 378 142 285600
689 4 47 378 142 285700
689 4 47 378 142 285800
689 4 47 378 142 285900
689 4 47 378 142 286000
689 4 47 378 142 286100
689 4 47 378 142 286200
689 4 47 378 142 286300
689 4 47 378 142 286400
689 4 47 378 142 286500
689 4 47 378 142 286600
689 4 47 378 142 286700
689 4 47 378 142 286800
689 4 47 378 142 286900
689 4 47 378 142 287000
689 4 47 378 142 287100
689 4 47 378 142 287200
689 4 47 379 142 287300
689 4 47 379 142 287400
689 4 47 379 142 287500
689 4 47 379 142 287600
689 4 47 379 142 287700
689 4 47 380 142 287800
689 4 47 380 142 287900
689 4 47 380 142 288000
689 4 47 380 142 288100
689 4 47 380 142 288200
689 4 47 380 142 288300
689 4 47 380 142 288400
689 4 47 380 142 288500
689 4 47 380 142 288600
689 4 47 380 142 288700
689 4 47 380 142 288800
689 4 47 380 142 288900
689 4 47 380 142 289000
689 4 47 380 142 289100
689 4 47 380 142 289200
689 4 47 380 142 289300
689 4 47 380 142 289400
689 4 47 380 142 289500
689 4 47 380 142 289600
690 4 47 380 142 289700
690 4 47 380 142 289800
690 4 47 380 142 289900
690 4 47 381 142 290000
690 4 47 381 142 290100
690 4 47 381 142 290200
690 4 47 381 142 290300
690 4 47 381 142 290400
690 4 47 381 142 290500
690 4 47 381 142 290600
690 4 47 381 142 290700
690 4 47 381 142 290800
690 4 47 381 142 290900
690 4 47 381 142 291000
690 4 47 381 142 291100
690 4 47 381 142 291200
690 4 47 381 142 291300
690 4 47 381 142 291400
690 4 47 381 142 291500
690 4 47 381 142 291600
690 4 47 381 142 291700
690 4 47 381 142 291800
690 4 47 381 142 291900
690 4 47 381 142 292000
690 4 47 381 142 292100
690 4 47 381 142 292200
690 4 47 381 142 292300
690 4 47 381 142 292400
690 4 47 381 142 292500
690 4 47 381 142 292600
690 4 47 381 142 292700
690 4 47 381 142 292800
690 4 47 381 142 292900
690 4 47 381 142 293000
690 4 47 381 142 293100
690 4 47 381 142 293200
690 4 47 381 142 293300
690 4 47 381 142 293400
690 4 47 381 142 293500
690 4 47 381 142 293600
690 4 47 381 142 293700
690 4 47 381 142 293800
690 4 47 381 142 293900
690 4 47 381 142 294000
690 4 47 381 142 294100
690 4 47 381 142 294200
690 4 47 381 142 294300
690 4 47 381 142 294400
690 4 47 381 142 294500
690 4 47 381 142 294600
690 4 47 381 142 294700
690 4 47 381 142 294800
690 4 47 381 142 294900
690 4 47 381 142 295000
690 4 47 381 142 295100
690 4 47 381 142 295200
690 4 47 381 142 295300
690 4 47 381 142 295400
690 4 47 381 142 295500
690 4 47 381 142 295600
690 4 47 381 142 295700
690 4 47 381 142 295800
690 4 47 381 142 295900
690 4 47 381 142 296000
690 4 47 381 142 296100
690 4 47 381 142 296200
690 4 47 381 142 296300
690 4 47 381 142 296400
690 4 47 381 142 296500
691 4 47 381 142 296600
691 4 47 381 142 296700
691 4 47 382 142 296800
691 4 47 382 142 296900
691 4 47 382 142 297000
691 4 47 382 142 297100
691 4 47 382 142 297200
691 4 47 382 142 297300
691 4 47 382 142 297400
691 4 47 382 142 297500
691 4 47 382 142 297600
691 4 47 382 142 297700
691 4 47 382 142 297800
691 4 47 382 142 297900
691 4 47 382 142 298000
691 4 47 382 142 298100
691 4 47 382 142 298200
691 4 47 382 142 298300
691 4 47 382 142 298400
691 4 47 382 142 298500
691 4 47 382 142 298600
691 4 47 382 142 298700
691 4 47 382 142 298800
691 4 47 382 142 298900
691 4 47 382 142 299000
691 4 47 382 142 299100
691 4 47 382 142 299200
691 4 47 382 142 299300
691 4 47 382 142 299400
691 4 47 382 142 299500
691 4 47 382 142 299600
691 4 47 382 142 299700
691 4 47 382 142 299800
691 4 47 382 142 299900
