0 0 0 0 0 0 0 0
0 7 0 0 3300 0 3349 100
0 16 0 0 7285 5 7403 200
0 18 0 0 8781 11 8963 300
0 19 0 0 10933 14 11157 400
0 21 0 0 13553 15 13806 500
0 24 0 0 16779 17 17084 600
0 28 0 0 20353 19 20737 700
0 29 0 0 24374 27 24870 800
0 29 0 0 28706 33 29353 900
0 31 0 0 33284 42 34141 1000
0 31 0 0 38140 56 39257 1100
0 32 0 0 43400 85 44927 1200
0 33 0 0 48732 111 50725 1300
0 33 0 0 54341 151 56895 1400
0 35 0 0 59943 220 63193 1500
0 37 0 0 65793 281 69865 1600
0 39 0 0 71861 345 76798 1700
0 41 0 0 77953 431 83841 1800
0 45 0 0 84199 519 91179 1900
0 46 0 0 90512 598 98703 2000
0 51 0 0 97000 705 106515 2100
0 54 0 0 103425 834 114408 2200
0 55 0 0 110008 984 122652 2300
0 61 0 0 116771 1083 131140 2400
0 61 0 0 123515 1217 139641 2500
0 67 0 0 130386 1336 148266 2600
0 69 0 0 137336 1515 157118 2700
0 74 0 0 144188 1669 165833 2800
0 77 0 0 151075 1892 174752 2900
0 81 0 0 158061 2120 183933 3000
0 83 0 0 164966 2343 193036 3100
0 87 0 0 171944 2572 202321 3200
0 91 0 0 179058 2797 211851 3300
0 95 0 0 185977 3029 221445 3400
0 101 0 0 193126 3222 231207 3500
0 105 0 0 200283 3476 241127 3600
0 108 0 0 207495 3649 250934 3700
0 114 0 0 214638 3883 260719 3800
0 116 0 0 221751 4150 270540 3900
0 119 0 0 228989 4405 280457 4000
0 120 0 0 236122 4601 290004 4100
0 124 0 0 243375 4813 299609 4200
0 125 0 0 250406 5051 308892 4300
0 130 0 0 257525 5317 318236 4400
0 133 0 0 264426 5603 327209 4500
0 135 0 0 271392 5841 336401 4600
0 138 0 0 278528 6097 345945 4700
0 141 0 0 285678 6333 355648 4800
0 141 0 0 292801 6542 365330 4900
0 143 0 0 300054 6815 375115 5000
0 149 0 0 307358 7078 385009 5100
0 150 0 0 314507 7323 394753 5200
0 153 0 0 321728 7636 404588 5300
0 156 0 0 328969 7921 414639 5400
0 161 0 0 336247 8231 424814 5500
0 162 0 0 343652 8582 435245 5600
0 167 0 0 350968 8850 445782 5700
0 167 0 0 358276 9169 456344 5800
0 170 0 0 365706 9506 467132 5900
0 176 0 0 373176 9815 477782 6000
0 179 0 0 380607 10084 488178 6100
0 180 0 0 387900 10362 498380 6200
0 184 0 0 395320 10619 508603 6300
0 187 0 0 402727 10922 518928 6400
0 188 0 0 410018 11262 529317 6500
0 191 0 0 417486 11632 540261 6600
0 196 0 0 424952 11983 551586 6700
0 196 0 0 432696 12305 563467 6800
0 200 0 0 440424 12600 575382 6900
0 204 0 0 448215 12887 587162 7000
0 208 0 0 455932 13196 598602 7100
0 212 0 0 463616 13426 609886 7200
0 215 0 0 471200 13725 620894 7300
0 217 0 0 478687 13977 631622 7400
0 219 0 0 486185 14252 642357 7500
0 220 0 0 493620 14501 653045 7600
0 223 0 0 501006 14742 663640 7700
0 226 0 0 508601 15027 674552 7800
0 229 0 0 516093 15300 685608 7900
0 230 0 0 523387 15549 696311 8000
0 236 0 0 530959 15814 707264 8100
0 238 0 0 538356 16070 717863 8200
0 241 0 0 545865 16294 728577 8300
0 244 0 0 553310 16579 739328 8400
0 247 0 0 560859 16808 750025 8500
0 253 0 0 568379 17085 760812 8600
0 256 0 0 575789 17303 771378 8700
0 257 0 0 583172 17565 782033 8800
0 259 0 0 590619 17807 792813 8900
0 263 0 0 598088 18088 803789 9000
0 265 0 0 605618 18333 814767 9100
0 269 0 0 613011 18637 825551 9200
0 272 0 0 620610 18895 836524 9300
0 274 0 0 628184 19150 847601 9400
0 277 0 0 635836 19437 858663 9500
0 278 0 0 643261 19724 869514 9600
0 280 0 0 650787 20062 880494 9700
0 284 0 0 658223 20367 891172 9800
0 284 0 0 665763 20619 901944 9900
0 287 0 0 673305 20980 912926 10000
0 292 0 0 680776 21330 923752 10100
0 294 0 0 688335 21660 934745 10200
0 296 0 0 695759 22012 945727 10300
0 299 0 0 703348 22343 956969 10400
0 303 0 0 710905 22691 968176 10500
0 307 0 0 718502 23027 979420 10600
0 308 0 0 726054 23355 990761 10700
0 311 0 0 733670 23696 1002109 10800
0 314 0 0 741301 24048 1013509 10900
0 317 0 0 748736 24389 1024519 11000
0 320 0 0 756360 24705 1035792 11100
0 323 0 0 763848 25011 1046995 11200
0 325 0 0 771353 25338 1058033 11300
0 327 0 0 778931 25617 1068890 11400
0 329 0 0 786379 25942 1079424 11500
0 332 0 0 793839 26225 1089888 11600
0 335 0 0 801402 26481 1100329 11700
0 339 0 0 808691 26779 1110570 11800
0 342 0 0 816149 27083 1121173 11900
0 344 0 0 823618 27338 1131700 12000
0 348 0 0 831112 27596 1142337 12100
0 352 0 0 838585 27902 1152948 12200
0 355 0 0 846088 28199 1163530 12300
0 359 0 0 853474 28497 1173999 12400
0 361 0 0 860892 28742 1184303 12500
0 366 0 0 868257 29013 1194706 12600
0 368 0 0 875722 29307 1205165 12700
0 371 0 0 883185 29586 1215539 12800
0 375 0 0 890629 29825 1225901 12900
0 381 0 0 898061 30112 1236374 13000
0 382 0 0 905485 30377 1246798 13100
0 384 0 0 912908 30679 1257116 13200
0 387 0 0 920213 30984 1267149 13300
0 390 0 0 927540 31277 1277232 13400
0 391 0 0 934881 31531 1287207 13500
0 393 0 0 942040 31795 1296943 13600
0 394 0 0 949371 32026 1306728 13700
0 394 0 0 956620 32257 1316257 13800
0 397 0 0 963776 32484 1325702 13900
0 399 0 0 971105 32751 1335333 14000
0 402 0 0 978301 32975 1345004 14100
0 405 0 0 985703 33207 1354971 14200
0 407 0 0 993061 33451 1365010 14300
0 415 0 0 1000336 33677 1374851 14400
0 416 0 0 1007769 33920 1384905 14500
0 419 0 0 1015130 34218 1395034 14600
0 425 0 0 1022433 34474 1405103 14700
0 429 0 0 1029745 34745 1415328 14800
0 434 0 0 1037025 34988 1425402 14900
0 438 0 0 1044426 35263 1435604 15000
0 442 0 0 1051679 35503 1445517 15100
0 448 0 0 1058875 35743 1455309 15200
0 450 0 0 1066211 35926 1465032 15300
0 453 0 0 1073471 36183 1474928 15400
0 456 0 0 1080759 36452 1484837 15500
0 456 0 0 1087951 36739 1494933 15600
0 458 0 0 1095264 37002 1505343 15700
0 460 0 0 1102683 37237 1515813 15800
0 462 0 0 1110022 37510 1526190 15900
0 466 0 0 1117375 37830 1536504 16000
0 467 0 0 1124639 38124 1546798 16100
0 470 0 0 1131967 38374 1557080 16200
0 471 0 0 1139330 38614 1567280 16300
0 474 0 0 1146677 38835 1577549 16400
0 476 0 0 1154066 39053 1587809 16500
0 478 0 0 1161406 39408 1598141 16600
0 480 0 0 1168793 39782 1608407 16700
0 484 0 0 1176094 40129 1618645 16800
0 490 0 0 1183462 40467 1628851 16900
0 491 0 0 1190789 40803 1639005 17000
0 496 0 0 1198098 41118 1649330 17100
0 500 0 0 1205420 41457 1659942 17200
0 502 0 0 1212868 41772 1670694 17300
0 504 0 0 1220256 42182 1681362 17400
0 507 0 0 1227549 42527 1691794 17500
0 509 0 0 1235062 42876 1702401 17600
0 511 0 0 1242463 43260 1712933 17700
0 516 0 0 1249762 43554 1723237 17800
0 519 0 0 1256996 43874 1733459 17900
0 522 0 0 1264407 44234 1743874 18000
0 524 0 0 1271866 44553 1754246 18100
0 527 0 0 1279145 44866 1764539 18200
0 529 0 0 1286479 45186 1774952 18300
0 532 0 0 1293975 45488 1785756 18400
0 535 0 0 1301478 45819 1796691 18500
0 536 0 0 1309049 46187 1807871 18600
0 537 0 0 1316675 46481 1818948 18700
0 544 0 0 1324023 46790 1829568 18800
0 546 0 0 1331488 47150 1840243 18900
0 548 0 0 1338696 47439 1850529 19000
0 553 0 0 1346152 47738 1861059 19100
0 557 0 0 1353406 48071 1871296 19200
0 562 0 0 1360771 48368 1881473 19300
0 564 0 0 1368136 48661 1891812 19400
0 565 0 0 1375501 48971 1902156 19500
0 568 0 0 1382893 49233 1912456 19600
0 568 0 0 1390288 49515 1922782 19700
0 570 0 0 1397537 49766 1932848 19800
0 570 0 0 1404916 50044 1943027 19900
0 573 0 0 1412189 50275 1952989 20000
0 574 0 0 1419449 50512 1962979 20100
0 575 0 0 1426698 50759 1972920 20200
0 577 0 0 1434075 50949 1982788 20300
0 579 0 0 1441340 51170 1992426 20400
0 581 0 0 1448467 51380 2002041 20500
0 583 0 0 1455763 51572 2011987 20600
0 586 0 0 1463055 51833 2022114 20700
0 587 0 0 1470340 52075 2032220 20800
0 591 0 0 1477645 52344 2042256 20900
0 595 0 0 1484941 52548 2052211 21000
0 600 0 0 1492259 52816 2062145 21100
0 605 0 0 1499448 53058 2071834 21200
0 608 0 0 1506698 53301 2081465 21300
0 610 0 0 1513943 53598 2091447 21400
0 613 0 0 1521228 53910 2101379 21500
0 615 0 0 1528519 54176 2111244 21600
0 618 0 0 1535856 54419 2121177 21700
0 620 0 0 1542916 54653 2130779 21800
0 621 0 0 1550213 54900 2140668 21900
0 621 0 0 1557601 55136 2150633 22000
0 625 0 0 1564825 55382 2160525 22100
0 627 0 0 1572126 55619 2170669 22200
0 628 0 0 1579543 55827 2180879 22300
0 630 0 0 1586936 56046 2191114 22400
0 633 0 0 1594301 56309 2201418 22500
0 633 0 0 1601654 56526 2211714 22600
0 634 0 0 1608958 56829 2221980 22700
0 638 0 0 1616349 57090 2232361 22800
0 640 0 0 1623770 57350 2242672 22900
0 645 0 0 1631082 57576 2252833 23000
0 647 0 0 1638421 57851 2262906 23100
0 649 0 0 1645722 58109 2273111 23200
0 650 0 0 1652940 58339 2283140 23300
0 655 0 0 1660309 58602 2293301 23400
0 657 0 0 1667572 58840 2303286 23500
0 660 0 0 1674835 59110 2313381 23600
0 662 0 0 1682135 59319 2323446 23700
0 665 0 0 1689546 59565 2333775 23800
0 667 0 0 1696885 59822 2344142 23900
0 670 0 0 1704188 60093 2354551 24000
0 671 0 0 1711490 60375 2364721 24100
0 676 0 0 1718736 60652 2374770 24200
0 677 0 0 1726043 60936 2385024 24300
0 678 0 0 1733325 61252 2395190 24400
0 679 0 0 1740611 61569 2405352 24500
0 682 0 0 1747823 61887 2415683 24600
0 684 0 0 1755275 62201 2426115 24700
0 684 0 0 1762373 62488 2436060 24800
0 685 0 0 1769737 62791 2446257 24900
0 685 0 0 1776985 63058 2456139 25000
0 688 0 0 1784150 63372 2465919 25100
0 689 0 0 1791371 63667 2475821 25200
0 691 0 0 1798580 63929 2485797 25300
0 693 0 0 1805824 64216 2495829 25400
0 696 0 0 1813195 64492 2505884 25500
0 696 0 0 1820487 64810 2515894 25600
0 702 0 0 1827776 65098 2525861 25700
0 705 0 0 1835006 65381 2535752 25800
0 707 0 0 1842164 65716 2545715 25900
0 713 0 0 1849484 66031 2555969 26000
0 715 0 0 1856755 66333 2566133 26100
0 719 0 0 1864146 66549 2576503 26200
0 720 0 0 1871423 66813 2586703 26300
0 721 0 0 1878814 67081 2597184 26400
0 721 0 0 1886132 67302 2607476 26500
0 723 0 0 1893399 67583 2617772 26600
0 724 0 0 1900749 67845 2627902 26700
0 729 0 0 1907883 68090 2637709 26800
0 730 0 0 1915187 68365 2647554 26900
0 735 0 0 1922341 68604 2657353 27000
0 735 0 0 1929589 68899 2667219 27100
0 737 0 0 1936932 69190 2676936 27200
0 739 0 0 1944116 69478 2686525 27300
0 741 0 0 1951312 69802 2696070 27400
0 741 0 0 1958628 70054 2705650 27500
0 741 0 0 1965850 70363 2715313 27600
0 742 0 0 1973066 70623 2724780 27700
0 744 0 0 1980169 70922 2734113 27800
0 744 0 0 1987316 71175 2743474 27900
0 747 0 0 1994517 71498 2752982 28000
0 749 0 0 2001696 71758 2762514 28100
0 749 0 0 2008839 72028 2771991 28200
0 751 0 0 2016037 72253 2781585 28300
0 752 0 0 2023163 72501 2791156 28400
0 753 0 0 2030398 72749 2800897 28500
0 757 0 0 2037526 73019 2810775 28600
0 758 0 0 2044878 73281 2820835 28700
0 759 0 0 2052077 73529 2830715 28800
0 762 0 0 2059260 73763 2840513 28900
0 763 0 0 2066421 73999 2850367 29000
0 765 0 0 2073682 74281 2860390 29100
0 765 0 0 2081005 74579 2870598 29200
0 768 0 0 2088324 74865 2880901 29300
0 768 0 0 2095647 75152 2891154 29400
0 769 0 0 2103007 75469 2901609 29500
0 771 0 0 2110301 75743 2912010 29600
0 771 0 0 2117680 75995 2922553 29700
0 774 0 0 2125116 76302 2933160 29800
0 777 0 0 2132498 76584 2943620 29900
0 779 0 0 2139809 76890 2953984 30000
0 781 0 0 2147087 77197 2964223 30100
0 782 0 0 2154313 77526 2974447 30200
0 784 0 0 2161713 77819 2984879 30300
0 785 0 0 2169058 78098 2995229 30400
0 788 0 0 2176394 78404 3005561 30500
0 793 0 0 2183637 78705 3015795 30600
0 795 0 0 2191011 79062 3026300 30700
0 797 0 0 2198362 79427 3036871 30800
0 799 0 0 2205730 79783 3047486 30900
0 802 0 0 2213179 80134 3058358 31000
0 803 0 0 2220504 80494 3069086 31100
0 806 0 0 2228077 80793 3080035 31200
0 806 0 0 2235466 81121 3090811 31300
0 809 0 0 2243028 81537 3101932 31400
0 809 0 0 2250381 81883 3112846 31500
0 809 0 0 2257895 82160 3123899 31600
0 812 0 0 2265451 82507 3135074 31700
0 815 0 0 2272949 82842 3146057 31800
0 815 0 0 2280407 83182 3156983 31900
0 817 0 0 2287847 83502 3167818 32000
0 819 0 0 2295131 83801 3178269 32100
0 822 0 0 2302430 84096 3188406 32200
0 825 0 0 2309739 84307 3198535 32300
0 826 0 0 2317010 84569 3208716 32400
0 827 0 0 2324478 84803 3219174 32500
0 829 0 0 2331754 85082 3229257 32600
0 833 0 0 2339171 85370 3239341 32700
0 834 0 0 2346470 85666 3249283 32800
0 836 0 0 2353661 85917 3259047 32900
0 839 0 0 2360837 86191 3268837 33000
0 841 0 0 2367982 86429 3278436 33100
0 844 0 0 2375261 86684 3288195 33200
0 846 0 0 2382341 86924 3297728 33300
0 847 0 0 2389501 87197 3307410 33400
0 851 0 0 2396805 87557 3317317 33500
0 853 0 0 2404037 87889 3327035 33600
0 854 0 0 2411219 88195 3336687 33700
0 856 0 0 2418518 88485 3346616 33800
0 860 0 0 2425660 88768 3356490 33900
0 862 0 0 2433004 89020 3366332 34000
0 863 0 0 2440329 89303 3376075 34100
0 864 0 0 2447415 89620 3385794 34200
0 870 0 0 2454621 89924 3395543 34300
0 871 0 0 2461863 90177 3405290 34400
0 873 0 0 2469037 90452 3415044 34500
0 875 0 0 2476264 90725 3424863 34600
0 877 0 0 2483479 90990 3434814 34700
0 880 0 0 2490666 91249 3444685 34800
0 882 0 0 2497989 91489 3454755 34900
0 885 0 0 2505175 91746 3464889 35000
0 889 0 0 2512429 92046 3474908 35100
0 891 0 0 2519906 92349 3485209 35200
0 894 0 0 2527169 92619 3495559 35300
0 895 0 0 2534538 92911 3505971 35400
0 896 0 0 2541839 93254 3516307 35500
0 897 0 0 2549125 93582 3526799 35600
0 898 0 0 2556416 93904 3537020 35700
0 901 0 0 2563774 94197 3547311 35800
0 902 0 0 2571079 94475 3557365 35900
0 907 0 0 2578211 94784 3567495 36000
0 909 0 0 2585545 95093 3577894 36100
0 910 0 0 2592797 95382 3588135 36200
0 910 0 0 2600206 95695 3598675 36300
0 911 0 0 2607505 95998 3609109 36400
0 913 0 0 2614903 96308 3619562 36500
0 917 0 0 2622255 96671 3630142 36600
0 918 0 0 2629640 96976 3640779 36700
0 919 0 0 2636988 97247 3651199 36800
0 920 0 0 2644224 97562 3661377 36900
0 921 0 0 2651622 97916 3671768 37000
0 925 0 0 2658901 98159 3681951 37100
0 927 0 0 2666277 98429 3692187 37200
0 928 0 0 2673575 98677 3702310 37300
0 930 0 0 2680810 98934 3712139 37400
0 931 0 0 2688184 99148 3721962 37500
0 933 0 0 2695406 99425 3731633 37600
0 934 0 0 2702690 99664 3741181 37700
0 934 0 0 2709658 99916 3750362 37800
0 936 0 0 2716895 100164 3759895 37900
0 936 0 0 2724000 100453 3769383 38000
0 936 0 0 2731294 100693 3779191 38100
0 940 0 0 2738335 100933 3788698 38200
0 942 0 0 2745558 101162 3798617 38300
0 943 0 0 2752863 101408 3808658 38400
0 944 0 0 2760140 101659 3818668 38500
0 950 0 0 2767381 101939 3828578 38600
0 953 0 0 2774592 102225 3838429 38700
0 954 0 0 2781760 102504 3848323 38800
0 956 0 0 2788996 102782 3858303 38900
0 959 0 0 2796223 103061 3868248 39000
0 960 0 0 2803438 103311 3878218 39100
0 964 0 0 2810700 103576 3888082 39200
0 967 0 0 2817777 103826 3897721 39300
0 968 0 0 2825005 104081 3907486 39400
0 971 0 0 2832176 104325 3917093 39500
0 972 0 0 2839338 104584 3926661 39600
0 974 0 0 2846482 104805 3936138 39700
0 977 0 0 2853675 105018 3945658 39800
0 978 0 0 2860820 105262 3955171 39900
0 982 0 0 2868154 105499 3964934 40000
0 985 0 0 2875246 105697 3974408 40100
0 991 0 0 2882480 105892 3984158 40200
0 991 0 0 2889764 106123 3993990 40300
0 994 0 0 2897029 106284 4003928 40400
0 997 0 0 2904400 106560 4014144 40500
0 998 0 0 2911778 106800 4024364 40600
0 1001 0 0 2919079 107009 4034503 40700
0 1001 0 0 2926417 107275 4044734 40800
0 1002 0 0 2933773 107469 4054858 40900
0 1004 0 0 2941029 107744 4064882 41000
0 1005 0 0 2948432 108020 4075086 41100
0 1007 0 0 2955645 108289 4085036 41200
0 1009 0 0 2963089 108587 4095304 41300
0 1011 0 0 2970315 108864 4105314 41400
0 1012 0 0 2977730 109130 4115372 41500
0 1014 0 0 2985010 109472 4125301 41600
0 1016 0 0 2992324 109767 4135188 41700
0 1017 0 0 2999556 110051 4145041 41800
0 1019 0 0 3006796 110400 4155097 41900
0 1021 0 0 3014142 110707 4165168 42000
0 1022 0 0 3021458 111030 4175153 42100
0 1023 0 0 3028773 111387 4185156 42200
0 1024 0 0 3035984 111778 4194923 42300
0 1024 0 0 3043178 112191 4204663 42400
0 1025 0 0 3050304 112503 4214189 42500
0 1028 0 0 3057537 112829 4223946 42600
0 1029 0 0 3064746 113206 4233785 42700
0 1030 0 0 3071998 113545 4243737 42800
0 1033 0 0 3079219 113867 4253696 42900
0 1035 0 0 3086529 114136 4263698 43000
0 1036 0 0 3093923 114484 4273959 43100
0 1038 0 0 3101180 114829 4283941 43200
0 1040 0 0 3108547 115158 4294042 43300
0 1041 0 0 3115765 115473 4304028 43400
0 1042 0 0 3123051 115786 4314176 43500
0 1042 0 0 3130435 116098 4324565 43600
0 1043 0 0 3137775 116387 4334843 43700
0 1043 0 0 3145113 116604 4345101 43800
0 1044 0 0 3152443 116918 4355390 43900
0 1046 0 0 3159672 117219 4365384 44000
0 1047 0 0 3166799 117535 4375216 44100
0 1048 0 0 3174064 117853 4385129 44200
0 1048 0 0 3181385 118146 4395405 44300
0 1049 0 0 3188703 118440 4405678 44400
0 1050 0 0 3196015 118694 4415792 44500
0 1053 0 0 3203213 118963 4425800 44600
0 1059 0 0 3210497 119253 4435768 44700
0 1061 0 0 3217681 119519 4445653 44800
0 1061 0 0 3224924 119769 4455427 44900
0 1064 0 0 3232027 120060 4465134 45000
0 1064 0 0 3239247 120336 4475130 45100
0 1064 0 0 3246498 120661 4485171 45200
0 1065 0 0 3253628 120968 4495201 45300
0 1067 0 0 3260794 121286 4505147 45400
0 1068 0 0 3267894 121612 4514945 45500
0 1068 0 0 3275204 121946 4524800 45600
0 1068 0 0 3282408 122238 4534566 45700
0 1069 0 0 3289510 122558 4544155 45800
0 1069 0 0 3296692 122834 4553883 45900
0 1071 0 0 3303839 123151 4563704 46000
0 1071 0 0 3310937 123492 4573603 46100
0 1072 0 0 3318185 123798 4583539 46200
0 1073 0 0 3325546 124165 4593899 46300
0 1075 0 0 3332795 124454 4604025 46400
0 1076 0 0 3340002 124739 4613888 46500
0 1077 0 0 3347201 125025 4623932 46600
0 1080 0 0 3354412 125374 4634183 46700
0 1081 0 0 3361697 125646 4644493 46800
0 1081 0 0 3369144 125975 4655175 46900
0 1084 0 0 3376570 126312 4665737 47000
0 1084 0 0 3383912 126638 4676380 47100
0 1086 0 0 3391240 127001 4686698 47200
0 1087 0 0 3398504 127363 4696968 47300
0 1088 0 0 3405804 127695 4707059 47400
0 1090 0 0 3412927 128022 4716916 47500
0 1092 0 0 3420130 128326 4726750 47600
0 1093 0 0 3427241 128655 4736562 47700
0 1093 0 0 3434581 128964 4746672 47800
0 1093 0 0 3441832 129322 4756891 47900
0 1093 0 0 3449134 129679 4767162 48000
0 1095 0 0 3456336 129999 4777409 48100
0 1099 0 0 3463623 130350 4787766 48200
0 1101 0 0 3471006 130671 4798125 48300
0 1103 0 0 3478258 131014 4808441 48400
0 1103 0 0 3485637 131374 4818921 48500
0 1105 0 0 3492934 131710 4829379 48600
0 1105 0 0 3500310 132140 4839847 48700
0 1108 0 0 3507599 132553 4850259 48800
0 1109 0 0 3514836 132912 4860603 48900
0 1113 0 0 3522156 133295 4871159 49000
0 1118 0 0 3529598 133698 4882025 49100
0 1118 0 0 3536930 134167 4893099 49200
0 1120 0 0 3544324 134579 4903915 49300
0 1123 0 0 3551784 135007 4914619 49400
0 1124 0 0 3559171 135313 4925142 49500
0 1125 0 0 3566522 135613 4935313 49600
0 1127 0 0 3573763 135984 4945574 49700
0 1130 0 0 3581022 136387 4955935 49800
0 1131 0 0 3588343 136779 4966361 49900
0 1134 0 0 3595574 137108 4976627 50000
0 1137 0 0 3602860 137451 4987030 50100
0 1137 0 0 3609929 137772 4997035 50200
0 1138 0 0 3617227 138077 5007026 50300
0 1140 0 0 3624369 138363 5016876 50400
0 1142 0 0 3631476 138653 5026616 50500
0 1143 0 0 3638606 138960 5036498 50600
0 1145 0 0 3645836 139234 5046368 50700
0 1147 0 0 3653001 139521 5056218 50800
0 1150 0 0 3660226 139791 5066037 50900
0 1153 0 0 3667489 139997 5075757 51000
0 1156 0 0 3674607 140223 5085535 51100
0 1158 0 0 3681896 140472 5095331 51200
0 1158 0 0 3689081 140710 5105014 51300
0 1160 0 0 3696227 140964 5114646 51400
0 1161 0 0 3703340 141178 5124140 51500
0 1162 0 0 3710556 141419 5133610 51600
0 1164 0 0 3717665 141665 5143086 51700
0 1166 0 0 3724892 141946 5152759 51800
0 1168 0 0 3732103 142148 5162390 51900
0 1171 0 0 3739309 142381 5171861 52000
0 1173 0 0 3746378 142654 5181129 52100
0 1179 0 0 3753550 142935 5190616 52200
0 1180 0 0 3760642 143190 5200046 52300
0 1184 0 0 3767711 143428 5209492 52400
0 1188 0 0 3775062 143677 5219324 52500
0 1191 0 0 3782367 144003 5229338 52600
0 1191 0 0 3789525 144322 5239195 52700
0 1192 0 0 3796840 144618 5249171 52800
0 1192 0 0 3804176 144950 5259108 52900
0 1192 0 0 3811347 145279 5269044 53000
0 1195 0 0 3818725 145655 5279209 53100
0 1197 0 0 3825947 146053 5289229 53200
0 1198 0 0 3833292 146495 5299654 53300
0 1199 0 0 3840628 146904 5310164 53400
0 1202 0 0 3848018 147265 5320659 53500
0 1204 0 0 3855374 147680 5331357 53600
0 1205 0 0 3862668 148080 5341979 53700
0 1207 0 0 3870009 148533 5352618 53800
0 1208 0 0 3877468 148925 5363351 53900
0 1208 0 0 3884927 149274 5374030 54000
0 1211 0 0 3892293 149676 5384674 54100
0 1212 0 0 3899756 150015 5395209 54200
0 1213 0 0 3907045 150379 5405354 54300
0 1214 0 0 3914503 150724 5415806 54400
0 1215 0 0 3921652 151117 5425998 54500
0 1218 0 0 3928930 151424 5436075 54600
0 1221 0 0 3936316 151770 5446055 54700
0 1222 0 0 3943549 152138 5455991 54800
0 1223 0 0 3950800 152462 5466014 54900
0 1224 0 0 3958013 152791 5475888 55000
0 1226 0 0 3965282 153154 5485824 55100
0 1227 0 0 3972571 153506 5495921 55200
0 1230 0 0 3979910 153863 5506067 55300
0 1230 0 0 3987104 154210 5515937 55400
0 1232 0 0 3994204 154529 5525569 55500
0 1235 0 0 4001429 154876 5535402 55600
0 1236 0 0 4008809 155273 5545515 55700
0 1239 0 0 4015986 155606 5555507 55800
0 1242 0 0 4023336 155989 5565685 55900
0 1244 0 0 4030604 156316 5575667 56000
0 1244 0 0 4037968 156627 5585656 56100
0 1245 0 0 4045081 156956 5595553 56200
0 1247 0 0 4052373 157243 5605561 56300
0 1248 0 0 4059607 157508 5615416 56400
0 1248 0 0 4066726 157854 5625145 56500
0 1252 0 0 4073954 158148 5635017 56600
0 1253 0 0 4081303 158454 5644991 56700
0 1255 0 0 4088458 158725 5654725 56800
0 1256 0 0 4095740 159076 5664829 56900
0 1259 0 0 4103051 159387 5674984 57000
0 1260 0 0 4110383 159730 5685066 57100
0 1263 0 0 4117601 160074 5694942 57200
0 1265 0 0 4124784 160396 5704711 57300
0 1267 0 0 4132094 160746 5714784 57400
0 1271 0 0 4139356 161067 5724723 57500
0 1275 0 0 4146621 161377 5734710 57600
0 1276 0 0 4153804 161655 5744734 57700
0 1278 0 0 4161232 161916 5754864 57800
0 1281 0 0 4168650 162223 5765074 57900
0 1282 0 0 4175907 162528 5775118 58000
0 1284 0 0 4183328 162823 5785384 58100
0 1287 0 0 4190730 163118 5795644 58200
0 1288 0 0 4198037 163399 5805667 58300
0 1290 0 0 4205450 163661 5815642 58400
0 1292 0 0 4212681 163999 5825731 58500
0 1293 0 0 4219980 164316 5835807 58600
0 1294 0 0 4227321 164586 5845874 58700
0 1297 0 0 4234705 164859 5856133 58800
0 1298 0 0 4242036 165096 5866164 58900
0 1300 0 0 4249379 165319 5876149 59000
0 1302 0 0 4256583 165578 5885975 59100
0 1302 0 0 4264002 165852 5895978 59200
0 1303 0 0 4271333 166130 5905718 59300
0 1305 0 0 4278610 166406 5915520 59400
0 1306 0 0 4285828 166689 5925308 59500
0 1308 0 0 4293056 166946 5934914 59600
0 1313 0 0 4300373 167245 5944738 59700
0 1314 0 0 4307537 167460 5954332 59800
0 1318 0 0 4314915 167692 5964092 59900
0 1322 0 0 4322025 167898 5973749 60000
0 1324 0 0 4329301 168146 5983544 60100
0 1326 0 0 4336635 168387 5993593 60200
0 1329 0 0 4343968 168631 6003682 60300
0 1332 0 0 4351304 168875 6013722 60400
0 1334 0 0 4358614 169130 6023598 60500
0 1335 0 0 4365872 169380 6033421 60600
0 1335 0 0 4373168 169606 6043317 60700
0 1337 0 0 4380402 169844 6053150 60800
0 1338 0 0 4387714 170071 6062919 60900
0 1342 0 0 4394869 170347 6072501 61000
0 1343 0 0 4402088 170605 6082033 61100
0 1347 0 0 4409331 170914 6091604 61200
0 1349 0 0 4416634 171204 6101285 61300
0 1351 0 0 4423881 171500 6110777 61400
0 1353 0 0 4431110 171813 6120319 61500
0 1355 0 0 4438314 172062 6129767 61600
0 1359 0 0 4445507 172354 6139258 61700
0 1360 0 0 4452680 172656 6148792 61800
0 1364 0 0 4459974 172918 6158577 61900
0 1365 0 0 4467256 173235 6168435 62000
0 1371 0 0 4474403 173569 6178351 62100
0 1376 0 0 4481571 173888 6188337 62200
0 1379 0 0 4489099 174201 6198746 62300
0 1380 0 0 4496372 174503 6209020 62400
0 1383 0 0 4503719 174821 6219527 62500
0 1386 0 0 4511070 175132 6230094 62600
0 1391 0 0 4518311 175497 6240432 62700
0 1395 0 0 4525666 175824 6250829 62800
0 1395 0 0 4532923 176150 6260999 62900
0 1397 0 0 4540252 176438 6271212 63000
0 1401 0 0 4547378 176755 6281083 63100
0 1403 0 0 4554663 177077 6291251 63200
0 1404 0 0 4561982 177421 6301506 63300
0 1406 0 0 4569169 177718 6311676 63400
0 1408 0 0 4576391 178063 6321834 63500
0 1409 0 0 4583663 178452 6331974 63600
0 1409 0 0 4590858 178857 6342088 63700
0 1410 0 0 4598173 179266 6352345 63800
0 1412 0 0 4605294 179626 6362441 63900
0 1413 0 0 4612581 180012 6372861 64000
0 1413 0 0 4619877 180345 6382979 64100
0 1414 0 0 4627136 180651 6393044 64200
0 1414 0 0 4634322 181015 6403142 64300
0 1416 0 0 4641555 181355 6413124 64400
0 1416 0 0 4648741 181640 6423041 64500
0 1417 0 0 4655992 181946 6433014 64600
0 1418 0 0 4663217 182241 6442855 64700
0 1420 0 0 4670563 182546 6452959 64800
0 1421 0 0 4677841 182844 6463114 64900
0 1422 0 0 4685064 183137 6473110 65000
0 1424 0 0 4692388 183407 6483432 65100
0 1424 0 0 4699775 183718 6493744 65200
0 1424 0 0 4707043 184072 6503953 65300
0 1425 0 0 4714475 184355 6514025 65400
0 1426 0 0 4721805 184637 6524086 65500
0 1427 0 0 4728912 184960 6533845 65600
0 1428 0 0 4736218 185224 6543650 65700
0 1431 0 0 4743324 185461 6553211 65800
0 1431 0 0 4750584 185746 6562883 65900
0 1432 0 0 4757620 186021 6572477 66000
0 1433 0 0 4764831 186332 6582155 66100
0 1433 0 0 4772151 186636 6591980 66200
0 1433 0 0 4779212 186926 6601542 66300
0 1433 0 0 4786335 187257 6611339 66400
0 1433 0 0 4793535 187575 6621083 66500
0 1436 0 0 4800816 187855 6630846 66600
0 1439 0 0 4808053 188148 6640603 66700
0 1439 0 0 4815239 188423 6650309 66800
0 1442 0 0 4822455 188697 6660071 66900
0 1443 0 0 4829599 188993 6669943 67000
0 1448 0 0 4836860 189292 6679939 67100
0 1449 0 0 4844119 189599 6690008 67200
0 1450 0 0 4851344 189906 6699791 67300
0 1452 0 0 4858587 190229 6709570 67400
0 1454 0 0 4865706 190524 6719003 67500
0 1456 0 0 4872944 190875 6728579 67600
0 1458 0 0 4880198 191131 6738094 67700
0 1461 0 0 4887297 191378 6747355 67800
0 1461 0 0 4894476 191612 6756796 67900
0 1463 0 0 4901719 191838 6766330 68000
0 1468 0 0 4908827 192072 6775656 68100
0 1469 0 0 4916089 192261 6785056 68200
0 1469 0 0 4923298 192521 6794433 68300
0 1471 0 0 4930457 192733 6803786 68400
0 1472 0 0 4937632 192931 6813084 68500
0 1475 0 0 4944872 193144 6822527 68600
0 1476 0 0 4952070 193336 6831901 68700
0 1477 0 0 4959189 193566 6841204 68800
0 1478 0 0 4966386 193802 6850487 68900
0 1481 0 0 4973524 194024 6859733 69000
0 1483 0 0 4980675 194281 6869046 69100
0 1486 0 0 4987786 194535 6878302 69200
0 1487 0 0 4994840 194746 6887645 69300
0 1490 0 0 5002097 194969 6897276 69400
0 1492 0 0 5009259 195234 6906813 69500
0 1494 0 0 5016433 195494 6916318 69600
0 1497 0 0 5023720 195813 6926084 69700
0 1498 0 0 5030837 196090 6935868 69800
0 1499 0 0 5038096 196378 6945892 69900
0 1502 0 0 5045407 196690 6956166 70000
0 1504 0 0 5052693 196931 6966249 70100
0 1505 0 0 5060042 197203 6976420 70200
0 1508 0 0 5067427 197475 6986667 70300
0 1510 0 0 5074806 197717 6996854 70400
0 1512 0 0 5082099 197941 7006998 70500
0 1514 0 0 5089316 198231 7017055 70600
0 1517 0 0 5096649 198493 7027203 70700
0 1518 0 0 5103952 198764 7037315 70800
0 1518 0 0 5111148 199019 7047138 70900
0 1520 0 0 5118462 199259 7057003 71000
0 1524 0 0 5125613 199506 7066635 71100
0 1524 0 0 5132803 199750 7076329 71200
0 1527 0 0 5140003 199996 7085994 71300
0 1527 0 0 5147290 200243 7095568 71400
0 1527 0 0 5154554 200509 7105107 71500
0 1528 0 0 5161766 200745 7114680 71600
0 1529 0 0 5168936 201011 7124162 71700
0 1530 0 0 5176179 201216 7133934 71800
0 1531 0 0 5183340 201434 7143611 71900
0 1532 0 0 5190503 201685 7153193 72000
0 1534 0 0 5197797 201918 7162719 72100
0 1536 0 0 5204873 202174 7171906 72200
0 1538 0 0 5211959 202456 7181286 72300
0 1540 0 0 5219137 202712 7190594 72400
0 1543 0 0 5226306 202917 7199851 72500
0 1544 0 0 5233524 203210 7209415 72600
0 1548 0 0 5240632 203455 7219006 72700
0 1549 0 0 5247931 203754 7228919 72800
0 1550 0 0 5255137 204004 7238731 72900
0 1555 0 0 5262433 204272 7248859 73000
0 1555 0 0 5269613 204604 7258920 73100
0 1561 0 0 5276991 204951 7269220 73200
0 1563 0 0 5284370 205288 7279613 73300
0 1566 0 0 5291573 205619 7289682 73400
0 1568 0 0 5298858 205952 7299928 73500
0 1569 0 0 5306121 206331 7310397 73600
0 1573 0 0 5313390 206698 7320809 73700
0 1576 0 0 5320817 207032 7331502 73800
0 1577 0 0 5328145 207363 7342122 73900
0 1579 0 0 5335587 207686 7352860 74000
0 1580 0 0 5342970 208046 7363436 74100
0 1582 0 0 5350335 208404 7374049 74200
0 1586 0 0 5357724 208789 7384677 74300
0 1586 0 0 5365048 209169 7395297 74400
0 1586 0 0 5372536 209525 7405893 74500
0 1588 0 0 5380013 209840 7416367 74600
0 1589 0 0 5387397 210141 7426610 74700
0 1590 0 0 5394691 210439 7436751 74800
0 1591 0 0 5401874 210760 7446715 74900
0 1591 0 0 5409260 211100 7456765 75000
0 1593 0 0 5416436 211392 7466579 75100
0 1597 0 0 5423770 211798 7476670 75200
0 1598 0 0 5430965 212098 7486401 75300
0 1600 0 0 5438142 212400 7496123 75400
0 1602 0 0 5445241 212716 7505878 75500
0 1604 0 0 5452535 213061 7515983 75600
0 1607 0 0 5459779 213408 7525918 75700
0 1608 0 0 5467096 213806 7535972 75800
0 1608 0 0 5474313 214162 7545906 75900
0 1608 0 0 5481567 214542 7555839 76000
0 1611 0 0 5488886 214911 7565888 76100
0 1613 0 0 5496098 215217 7575926 76200
0 1615 0 0 5503507 215497 7586266 76300
0 1618 0 0 5510766 215772 7596390 76400
0 1620 0 0 5518031 216112 7606584 76500
0 1622 0 0 5525292 216418 7616819 76600
0 1624 0 0 5532751 216733 7627399 76700
0 1625 0 0 5540199 217060 7638059 76800
0 1628 0 0 5547646 217352 7648433 76900
0 1628 0 0 5555210 217635 7658910 77000
0 1629 0 0 5562635 217902 7669164 77100
0 1630 0 0 5570022 218208 7679363 77200
0 1631 0 0 5577350 218466 7689503 77300
0 1632 0 0 5584594 218729 7699781 77400
0 1633 0 0 5591925 219062 7710102 77500
0 1634 0 0 5599321 219399 7720650 77600
0 1636 0 0 5606634 219713 7731055 77700
0 1639 0 0 5614013 220001 7741592 77800
0 1640 0 0 5621238 220316 7751924 77900
0 1640 0 0 5628447 220657 7762295 78000
0 1642 0 0 5635718 221015 7772684 78100
0 1642 0 0 5642994 221355 7783017 78200
0 1644 0 0 5650177 221640 7793015 78300
0 1646 0 0 5657437 221979 7803135 78400
0 1647 0 0 5664643 222310 7813325 78500
0 1647 0 0 5671935 222586 7823240 78600
0 1649 0 0 5679117 222915 7833094 78700
0 1651 0 0 5686342 223229 7843088 78800
0 1652 0 0 5693492 223536 7853133 78900
0 1654 0 0 5700682 223883 7863291 79000
0 1655 0 0 5707998 224197 7873588 79100
0 1659 0 0 5715299 224494 7883893 79200
0 1663 0 0 5722536 224809 7894303 79300
0 1663 0 0 5729916 225186 7905108 79400
0 1668 0 0 5737236 225524 7915945 79500
0 1674 0 0 5744582 225881 7926705 79600
0 1676 0 0 5752039 226285 7937699 79700
0 1680 0 0 5759345 226698 7948745 79800
0 1682 0 0 5766860 226991 7959628 79900
0 1686 0 0 5774277 227303 7970473 80000
0 1687 0 0 5781552 227619 7980977 80100
0 1690 0 0 5788919 227969 7991575 80200
0 1693 0 0 5796137 228287 8002157 80300
0 1697 0 0 5803454 228634 8012901 80400
0 1700 0 0 5810857 229031 8023787 80500
0 1701 0 0 5818122 229431 8034761 80600
0 1704 0 0 5825528 229789 8045887 80700
0 1705 0 0 5832984 230183 8057050 80800
0 1708 0 0 5840381 230550 8068225 80900
0 1711 0 0 5847719 230939 8079371 81000
0 1712 0 0 5855082 231333 8090780 81100
0 1715 0 0 5862674 231724 8102369 81200
0 1715 0 0 5870266 232089 8114055 81300
0 1716 0 0 5877766 232410 8125728 81400
0 1716 0 0 5885351 232761 8137553 81500
0 1719 0 0 5892994 233089 8149495 81600
0 1720 0 0 5900628 233445 8161479 81700
0 1723 0 0 5908244 233745 8173388 81800
0 1726 0 0 5915835 234057 8185100 81900
0 1729 0 0 5923395 234369 8196655 82000
0 1729 0 0 5931007 234682 8208098 82100
0 1732 0 0 5938421 234955 8219017 82200
0 1735 0 0 5945694 235271 8230020 82300
0 1737 0 0 5953102 235548 8240710 82400
0 1739 0 0 5960508 235809 8251299 82500
0 1742 0 0 5967734 236046 8261414 82600
0 1742 0 0 5974842 236311 8271525 82700
0 1746 0 0 5981888 236554 8281344 82800
0 1747 0 0 5989104 236803 8291363 82900
0 1748 0 0 5996317 237058 8301346 83000
0 1749 0 0 6003462 237331 8311224 83100
0 1749 0 0 6010636 237654 8321207 83200
0 1752 0 0 6017771 237935 8331071 83300
0 1755 0 0 6024994 238187 8341019 83400
0 1756 0 0 6032268 238419 8350912 83500
0 1759 0 0 6039388 238688 8360775 83600
0 1762 0 0 6046642 238974 8370812 83700
0 1764 0 0 6053873 239253 8380865 83800
0 1768 0 0 6061095 239576 8391086 83900
0 1769 0 0 6068296 239922 8401194 84000
0 1770 0 0 6075443 240264 8411224 84100
0 1773 0 0 6082730 240564 8421437 84200
0 1775 0 0 6090090 240860 8431880 84300
0 1776 0 0 6097195 241185 8441977 84400
0 1779 0 0 6104511 241558 8452587 84500
0 1780 0 0 6111735 241897 8463005 84600
0 1782 0 0 6119078 242244 8473709 84700
0 1783 0 0 6126490 242576 8484378 84800
0 1787 0 0 6133791 242897 8494938 84900
0 1789 0 0 6141042 243291 8505598 85000
0 1793 0 0 6148385 243745 8516234 85100
0 1796 0 0 6155768 244124 8526604 85200
0 1799 0 0 6162906 244428 8536699 85300
0 1802 0 0 6170126 244710 8546703 85400
0 1805 0 0 6177436 245080 8557105 85500
0 1807 0 0 6184731 245436 8567375 85600
0 1809 0 0 6192028 245778 8577629 85700
0 1811 0 0 6199159 246093 8587509 85800
0 1814 0 0 6206370 246444 8597605 85900
0 1814 0 0 6213632 246752 8607642 86000
0 1816 0 0 6220981 247080 8617919 86100
0 1818 0 0 6228207 247344 8628011 86200
0 1818 0 0 6235391 247620 8637878 86300
0 1821 0 0 6242549 247932 8647632 86400
0 1821 0 0 6249703 248219 8657347 86500
0 1823 0 0 6256751 248610 8667022 86600
0 1823 0 0 6263788 248990 8676814 86700
0 1825 0 0 6270981 249353 8686827 86800
0 1827 0 0 6278277 249721 8696917 86900
0 1830 0 0 6285455 250107 8707072 87000
0 1830 0 0 6292715 250371 8717155 87100
0 1831 0 0 6299849 250737 8727233 87200
0 1831 0 0 6307173 251028 8737351 87300
0 1831 0 0 6314399 251415 8747671 87400
0 1831 0 0 6321631 251814 8758000 87500
0 1832 0 0 6328891 252134 8768434 87600
0 1832 0 0 6336235 252425 8778918 87700
0 1832 0 0 6343642 252743 8789563 87800
0 1834 0 0 6351003 253041 8800102 87900
0 1834 0 0 6358423 253329 8810437 88000
0 1835 0 0 6365853 253642 8820652 88100
0 1838 0 0 6373066 253928 8830546 88200
0 1838 0 0 6380325 254176 8840428 88300
0 1838 0 0 6387573 254414 8850254 88400
0 1838 0 0 6394843 254688 8859909 88500
0 1840 0 0 6402020 254989 8869480 88600
0 1841 0 0 6409288 255251 8878966 88700
0 1841 0 0 6416442 255534 8888406 88800
0 1842 0 0 6423579 255888 8897837 88900
0 1842 0 0 6430750 256216 8907286 89000
0 1844 0 0 6437853 256476 8916638 89100
0 1845 0 0 6444965 256744 8925960 89200
0 1846 0 0 6452166 257031 8935342 89300
0 1847 0 0 6459413 257328 8944956 89400
0 1849 0 0 6466474 257647 8954474 89500
0 1849 0 0 6473719 257928 8964021 89600
0 1849 0 0 6480945 258164 8973645 89700
0 1852 0 0 6488095 258430 8983254 89800
0 1852 0 0 6495407 258743 8993141 89900
0 1854 0 0 6502572 259030 9002853 90000
0 1855 0 0 6509774 259348 9012588 90100
0 1856 0 0 6517006 259631 9022300 90200
0 1857 0 0 6524174 259924 9031912 90300
0 1858 0 0 6531317 260247 9041671 90400
0 1859 0 0 6538528 260558 9051637 90500
0 1861 0 0 6545813 260821 9061808 90600
0 1862 0 0 6553042 261109 9072064 90700
0 1863 0 0 6560309 261438 9082403 90800
0 1864 0 0 6567666 261734 9092925 90900
0 1865 0 0 6574918 262079 9103380 91000
0 1867 0 0 6582199 262361 9113913 91100
0 1868 0 0 6589596 262654 9124415 91200
0 1869 0 0 6596995 262918 9134765 91300
0 1870 0 0 6604303 263193 9144836 91400
0 1871 0 0 6611564 263511 9154825 91500
0 1872 0 0 6618909 263790 9164971 91600
0 1875 0 0 6626213 264120 9175080 91700
0 1876 0 0 6633602 264425 9185239 91800
0 1878 0 0 6640907 264692 9195370 91900
0 1879 0 0 6648191 264936 9205294 92000
0 1880 0 0 6655462 265239 9215330 92100
0 1881 0 0 6662838 265539 9225433 92200
0 1883 0 0 6670152 265860 9235421 92300
0 1884 0 0 6677345 266096 9245089 92400
0 1886 0 0 6684572 266334 9254838 92500
0 1887 0 0 6691624 266611 9264489 92600
0 1889 0 0 6698951 266862 9274515 92700
0 1889 0 0 6706136 267158 9284410 92800
0 1890 0 0 6713453 267432 9294422 92900
0 1891 0 0 6720667 267738 9304462 93000
0 1892 0 0 6727992 268007 9314556 93100
0 1893 0 0 6735246 268290 9324782 93200
0 1893 0 0 6742578 268549 9335125 93300
0 1893 0 0 6749809 268768 9345485 93400
0 1897 0 0 6757243 269053 9356066 93500
0 1898 0 0 6764735 269338 9366730 93600
0 1898 0 0 6772154 269628 9377338 93700
0 1898 0 0 6779553 269887 9387787 93800
0 1899 0 0 6786891 270161 9398038 93900
0 1899 0 0 6794172 270419 9408140 94000
0 1899 0 0 6801448 270679 9418207 94100
0 1900 0 0 6808754 270927 9428276 94200
0 1900 0 0 6816016 271191 9438339 94300
0 1900 0 0 6823268 271437 9448411 94400
0 1902 0 0 6830599 271721 9458551 94500
0 1904 0 0 6837884 271993 9468646 94600
0 1905 0 0 6845192 272327 9478855 94700
0 1907 0 0 6852468 272606 9489110 94800
0 1908 0 0 6859816 272975 9499466 94900
0 1910 0 0 6867169 273291 9509815 95000
0 1910 0 0 6874462 273682 9520200 95100
0 1910 0 0 6881807 274048 9530654 95200
0 1911 0 0 6889180 274380 9541202 95300
0 1911 0 0 6896550 274738 9551792 95400
0 1914 0 0 6903932 275041 9562375 95500
0 1917 0 0 6911343 275485 9573040 95600
0 1919 0 0 6918608 275800 9583434 95700
0 1920 0 0 6925874 276101 9593803 95800
0 1921 0 0 6933171 276405 9604022 95900
0 1921 0 0 6940563 276724 9614355 96000
0 1922 0 0 6947716 277064 9624520 96100
0 1927 0 0 6955013 277401 9634791 96200
0 1930 0 0 6962342 277740 9645343 96300
0 1931 0 0 6969715 278076 9655868 96400
0 1935 0 0 6977134 278387 9666708 96500
0 1939 0 0 6984492 278685 9677332 96600
0 1940 0 0 6991832 279008 9687970 96700
0 1941 0 0 6999281 279364 9698898 96800
0 1941 0 0 7006528 279723 9709596 96900
0 1942 0 0 7013887 280057 9720329 97000
0 1944 0 0 7021100 280393 9731017 97100
0 1945 0 0 7028572 280763 9741866 97200
0 1948 0 0 7035916 281149 9752557 97300
0 1949 0 0 7043185 281506 9763067 97400
0 1949 0 0 7050448 281866 9773571 97500
0 1950 0 0 7057628 282196 9783903 97600
0 1951 0 0 7065061 282498 9794373 97700
0 1951 0 0 7072359 282842 9804751 97800
0 1951 0 0 7079614 283198 9814982 97900
0 1953 0 0 7086842 283566 9825225 98000
0 1954 0 0 7094240 283838 9835549 98100
0 1956 0 0 7101525 284131 9845741 98200
0 1957 0 0 7108723 284459 9855728 98300
0 1957 0 0 7116007 284721 9865716 98400
0 1959 0 0 7123153 285018 9875501 98500
0 1960 0 0 7130370 285302 9885322 98600
0 1960 0 0 7137527 285622 9895094 98700
0 1961 0 0 7144785 285887 9904782 98800
0 1961 0 0 7151917 286148 9914315 98900
0 1961 0 0 7159039 286421 9923892 99000
0 1963 0 0 7166216 286710 9933510 99100
0 1963 0 0 7173467 286986 9943092 99200
0 1964 0 0 7180559 287258 9952668 99300
0 1968 0 0 7187795 287491 9962329 99400
0 1968 0 0 7194934 287706 9971974 99500
0 1968 0 0 7202244 287919 9981653 99600
0 1970 0 0 7209436 288158 9991334 99700
0 1974 0 0 7216612 288455 10000996 99800
0 1977 0 0 7223798 288716 10010605 99900
0 1980 0 0 7230897 288976 10020156 100000
0 1981 0 0 7238213 289270 10029921 100100
0 1983 0 0 7245470 289525 10039819 100200
0 1985 0 0 7252704 289800 10049920 100300
0 1988 0 0 7260064 290071 10060165 100400
0 1989 0 0 7267511 290316 10070290 100500
0 1991 0 0 7274803 290557 10080383 100600
0 1995 0 0 7282103 290807 10090569 100700
0 1996 0 0 7289412 291070 10100736 100800
0 1997 0 0 7296805 291343 10111069 100900
0 2000 0 0 7304094 291601 10121251 101000
0 2002 0 0 7311499 291888 10131532 101100
0 2004 0 0 7318881 292119 10141605 101200
0 2005 0 0 7326116 292334 10151571 101300
0 2007 0 0 7333408 292582 10161676 101400
0 2009 0 0 7340700 292824 10171921 101500
0 2011 0 0 7347995 293089 10182142 101600
0 2012 0 0 7355497 293326 10192333 101700
0 2017 0 0 7362697 293572 10202151 101800
0 2018 0 0 7369879 293874 10212149 101900
0 2020 0 0 7377118 294096 10222075 102000
0 2023 0 0 7384488 294362 10232225 102100
0 2024 0 0 7391807 294575 10242305 102200
0 2026 0 0 7399075 294840 10252477 102300
0 2026 0 0 7406411 295058 10262664 102400
0 2027 0 0 7413657 295285 10272770 102500
0 2028 0 0 7421050 295515 10282929 102600
0 2030 0 0 7428335 295744 10292863 102700
0 2032 0 0 7435575 295973 10302743 102800
0 2033 0 0 7442809 296165 10312348 102900
0 2034 0 0 7449994 296426 10322182 103000
0 2035 0 0 7457254 296679 10331939 103100
0 2038 0 0 7464518 296947 10341793 103200
0 2038 0 0 7471666 297252 10351646 103300
0 2040 0 0 7478933 297537 10361379 103400
0 2040 0 0 7486389 297807 10371349 103500
0 2040 0 0 7493498 298103 10381095 103600
0 2041 0 0 7500762 298453 10391230 103700
0 2041 0 0 7508038 298772 10401195 103800
0 2043 0 0 7515217 299097 10411074 103900
0 2043 0 0 7522321 299439 10420943 104000
0 2045 0 0 7529722 299685 10430943 104100
0 2048 0 0 7536906 300010 10440881 104200
0 2048 0 0 7544199 300327 10450834 104300
0 2049 0 0 7551467 300664 10460848 104400
0 2052 0 0 7558762 300933 10470852 104500
0 2052 0 0 7566014 301187 10480736 104600
0 2055 0 0 7573190 301524 10490835 104700
0 2057 0 0 7580500 301786 10501051 104800
0 2058 0 0 7587689 302071 10511019 104900
0 2060 0 0 7594949 302309 10520968 105000
0 2061 0 0 7602268 302556 10531017 105100
0 2064 0 0 7609474 302835 10540922 105200
0 2064 0 0 7616670 303167 10550785 105300
0 2070 0 0 7624001 303444 10560825 105400
0 2071 0 0 7631192 303741 10570866 105500
0 2073 0 0 7638447 304020 10580861 105600
0 2077 0 0 7645697 304286 10591166 105700
0 2079 0 0 7653062 304568 10601747 105800
0 2082 0 0 7660514 304893 10612644 105900
0 2086 0 0 7667878 305170 10623274 106000
0 2090 0 0 7675221 305485 10633900 106100
0 2090 0 0 7682672 305772 10644733 106200
0 2091 0 0 7690098 306088 10655399 106300
0 2093 0 0 7697389 306416 10665915 106400
0 2096 0 0 7704858 306803 10676794 106500
0 2096 0 0 7712244 307160 10687549 106600
0 2100 0 0 7719606 307497 10698363 106700
0 2100 0 0 7727000 307839 10709207 106800
0 2102 0 0 7734412 308197 10719978 106900
0 2103 0 0 7741811 308536 10730545 107000
0 2104 0 0 7749192 308906 10740993 107100
0 2107 0 0 7756490 309193 10751323 107200
0 2109 0 0 7763721 309521 10761421 107300
0 2110 0 0 7770957 309818 10771478 107400
0 2111 0 0 7778330 310144 10781642 107500
0 2113 0 0 7785493 310515 10791566 107600
0 2114 0 0 7792798 310862 10801406 107700
0 2114 0 0 7799884 311211 10811188 107800
0 2115 0 0 7807052 311532 10820965 107900
0 2115 0 0 7814321 311836 10830696 108000
0 2116 0 0 7821465 312129 10840278 108100
0 2117 0 0 7828703 312420 10849778 108200
0 2118 0 0 7835913 312724 10859471 108300
0 2119 0 0 7843051 313091 10869389 108400
0 2119 0 0 7850236 313397 10879312 108500
0 2119 0 0 7857474 313707 10889404 108600
0 2121 0 0 7864787 313976 10899602 108700
0 2122 0 0 7872051 314265 10909770 108800
0 2122 0 0 7879484 314601 10920066 108900
0 2123 0 0 7886808 314937 10930073 109000
0 2126 0 0 7894050 315265 10939976 109100
0 2127 0 0 7901380 315618 10950225 109200
0 2130 0 0 7908734 315911 10960360 109300
0 2132 0 0 7916114 316210 10970603 109400
0 2134 0 0 7923398 316539 10980732 109500
0 2138 0 0 7930694 316882 10990979 109600
0 2140 0 0 7938010 317224 11001261 109700
0 2142 0 0 7945407 317535 11011553 109800
0 2144 0 0 7952721 317811 11021543 109900
0 2145 0 0 7959980 318088 11031400 110000
0 2147 0 0 7967252 318398 11041417 110100
0 2152 0 0 7974647 318658 11051684 110200
0 2154 0 0 7982093 318950 11062050 110300
0 2156 0 0 7989336 319272 11072190 110400
0 2158 0 0 7996703 319545 11082488 110500
0 2159 0 0 8004069 319858 11092589 110600
0 2161 0 0 8011386 320100 11102699 110700
0 2164 0 0 8018734 320380 11112778 110800
0 2165 0 0 8026039 320647 11122810 110900
0 2166 0 0 8033217 320917 11132672 111000
0 2170 0 0 8040462 321227 11142760 111100
0 2171 0 0 8047651 321534 11152669 111200
0 2174 0 0 8054783 321816 11162469 111300
0 2175 0 0 8061869 322037 11172128 111400
0 2177 0 0 8069046 322256 11181909 111500
0 2179 0 0 8076300 322462 11191721 111600
0 2182 0 0 8083344 322719 11201416 111700
0 2182 0 0 8090632 322952 11211405 111800
0 2184 0 0 8097809 323244 11221227 111900
0 2188 0 0 8105101 323515 11231248 112000
0 2189 0 0 8112329 323794 11241162 112100
0 2190 0 0 8119441 324087 11251115 112200
0 2193 0 0 8126646 324372 11261148 112300
0 2198 0 0 8133983 324678 11271269 112400
0 2201 0 0 8141264 324996 11281578 112500
0 2201 0 0 8148615 325325 11291889 112600
0 2204 0 0 8155852 325624 11302011 112700
0 2205 0 0 8163050 325982 11312172 112800
0 2208 0 0 8170386 326290 11322292 112900
0 2211 0 0 8177760 326669 11332719 113000
0 2212 0 0 8185047 327043 11343185 113100
0 2212 0 0 8192339 327450 11353471 113200
0 2215 0 0 8199634 327813 11363662 113300
0 2217 0 0 8206910 328177 11373814 113400
0 2220 0 0 8214171 328463 11383872 113500
0 2222 0 0 8221320 328729 11393653 113600
0 2224 0 0 8228517 329046 11403561 113700
0 2224 0 0 8235747 329360 11413569 113800
0 2224 0 0 8243018 329659 11423690 113900
0 2226 0 0 8250369 329984 11434113 114000
0 2227 0 0 8257770 330253 11444411 114100
0 2228 0 0 8265008 330544 11454603 114200
0 2230 0 0 8272436 330842 11464870 114300
0 2231 0 0 8279770 331080 11474985 114400
0 2232 0 0 8287128 331380 11485283 114500
0 2234 0 0 8294502 331724 11495516 114600
0 2235 0 0 8301968 332067 11505909 114700
0 2236 0 0 8309103 332362 11515885 114800
0 2236 0 0 8316407 332644 11525890 114900
0 2237 0 0 8323639 332918 11535771 115000
0 2238 0 0 8330942 333157 11545700 115100
0 2238 0 0 8338302 333402 11555747 115200
0 2240 0 0 8345592 333617 11565565 115300
0 2240 0 0 8353030 333876 11575646 115400
0 2242 0 0 8360230 334117 11585769 115500
0 2243 0 0 8367612 334367 11595979 115600
0 2246 0 0 8374943 334638 11606198 115700
0 2248 0 0 8382325 334936 11616248 115800
0 2249 0 0 8389741 335187 11626228 115900
0 2250 0 0 8397068 335511 11636178 116000
0 2254 0 0 8404212 335827 11645939 116100
0 2254 0 0 8411479 336097 11655706 116200
0 2254 0 0 8418881 336336 11665727 116300
0 2257 0 0 8426094 336626 11675571 116400
0 2257 0 0 8433304 336931 11685272 116500
0 2257 0 0 8440614 337188 11694998 116600
0 2257 0 0 8447939 337482 11704814 116700
0 2257 0 0 8455179 337777 11714532 116800
0 2259 0 0 8462370 338029 11724410 116900
0 2260 0 0 8469660 338296 11734467 117000
0 2261 0 0 8477067 338585 11744758 117100
0 2263 0 0 8484455 338853 11755102 117200
0 2264 0 0 8491835 339155 11765358 117300
0 2266 0 0 8499142 339458 11775512 117400
0 2268 0 0 8506594 339723 11785777 117500
0 2270 0 0 8513920 339979 11795893 117600
0 2271 0 0 8521275 340228 11806081 117700
0 2272 0 0 8528618 340485 11816483 117800
0 2274 0 0 8535905 340744 11826863 117900
0 2277 0 0 8543282 341056 11837474 118000
0 2278 0 0 8550683 341308 11848065 118100
0 2282 0 0 8558139 341575 11858722 118200
0 2282 0 0 8565539 341865 11869295 118300
0 2282 0 0 8573040 342154 11879990 118400
0 2284 0 0 8580456 342379 11890426 118500
0 2285 0 0 8587844 342635 11900795 118600
0 2286 0 0 8595376 342868 11911309 118700
0 2289 0 0 8602699 343141 11921800 118800
0 2291 0 0 8610068 343428 11932366 118900
0 2291 0 0 8617415 343691 11942802 119000
0 2293 0 0 8624726 343965 11953079 119100
0 2297 0 0 8632226 344198 11963451 119200
0 2299 0 0 8639515 344457 11973606 119300
0 2302 0 0 8646804 344708 11983762 119400
0 2304 0 0 8654044 344929 11994000 119500
0 2307 0 0 8661515 345253 12004638 119600
0 2309 0 0 8668892 345536 12015127 119700
0 2310 0 0 8676271 345788 12025490 119800
0 2313 0 0 8683648 346078 12035892 119900
