0 0 0 0 0 0 0 0
0 6 6 0 3258 0 3288 100
0 13 13 0 7215 6 7342 200
0 13 13 0 8854 10 9038 300
0 15 15 0 11084 11 11314 400
0 17 17 0 13872 12 14140 500
0 19 19 0 17035 18 17351 600
0 21 21 0 20451 26 20869 700
0 21 21 0 24408 70 25000 800
0 21 21 0 28761 127 29641 900
0 23 23 0 33443 195 34749 1000
0 23 23 0 38344 274 40152 1100
0 24 24 0 43608 393 46069 1200
0 25 25 0 49003 541 52210 1300
0 26 26 0 54562 696 58608 1400
0 26 26 0 60304 878 65287 1500
0 28 28 0 66259 1064 72222 1600
0 31 31 0 72324 1272 79383 1700
0 35 35 0 78499 1515 86798 1800
0 36 36 0 84747 1778 94357 1900
0 38 38 0 91113 2110 102305 2000
0 40 40 0 97522 2489 110314 2100
0 43 43 0 104198 2880 118851 2200
0 45 45 0 110925 3346 127582 2300
0 48 48 0 117658 3858 136560 2400
0 50 50 0 124396 4362 145533 2500
0 54 54 0 131289 4918 154716 2600
0 55 55 0 138197 5519 163899 2700
0 56 56 0 145055 6170 173198 2800
0 57 57 0 151893 6823 182560 2900
0 60 60 0 158766 7551 192051 3000
0 63 63 0 165745 8275 201881 3100
0 65 65 0 172860 9003 212047 3200
0 67 67 0 179837 9778 222173 3300
0 71 71 0 186917 10598 232421 3400
0 74 74 0 194147 11436 243079 3500
0 78 78 0 201359 12266 253667 3600
0 83 83 0 208518 13149 264247 3700
0 85 85 0 215776 13989 274849 3800
0 87 87 0 222981 14858 285459 3900
0 90 90 0 230154 15747 295956 4000
0 91 91 0 237250 16653 306394 4100
0 92 92 0 244638 17572 317291 4200
0 94 94 0 251836 18467 328070 4300
0 96 96 0 259088 19333 339028 4400
0 99 99 0 266395 20255 349994 4500
0 100 100 0 273665 21228 360886 4600
0 102 102 0 281038 22261 371938 4700
0 104 104 0 288338 23248 382867 4800
0 106 106 0 295526 24318 393556 4900
0 107 107 0 302827 25438 404558 5000
0 109 109 0 310040 26563 415569 5100
0 110 110 0 317315 27724 426719 5200
0 112 112 0 324673 28886 437947 5300
0 113 113 0 332078 30080 449336 5400
0 116 116 0 339313 31300 460959 5500
0 117 117 0 346777 32537 472922 5600
0 121 121 0 354222 33764 484847 5700
0 122 122 0 361707 35015 496964 5800
0 124 124 0 369204 36284 509420 5900
0 126 126 0 376851 37459 521716 6000
0 129 129 0 384431 38618 534138 6100
0 131 131 0 392030 39840 546666 6200
0 133 133 0 399655 41102 559250 6300
0 137 137 0 407294 42257 571623 6400
0 138 138 0 414839 43537 583927 6500
0 139 139 0 422362 44819 596089 6600
0 140 140 0 429874 46086 608130 6700
0 142 142 0 437218 47427 620206 6800
0 144 144 0 444817 48731 632610 6900
0 147 147 0 452283 49948 644863 7000
0 148 148 0 459780 51238 657111 7100
0 151 151 0 467304 52479 669261 7200
0 154 154 0 474973 53680 681524 7300
0 157 157 0 482493 54867 693703 7400
0 159 159 0 490165 56005 705974 7500
0 159 159 0 497606 57241 718016 7600
0 162 162 0 505153 58399 729814 7700
0 165 165 0 512559 59506 741216 7800
0 167 167 0 519917 60668 752601 7900
0 167 167 0 527271 61796 764335 8000
0 171 171 0 534840 62875 776012 8100
0 172 172 0 542426 63971 787782 8200
0 178 178 0 549834 65099 799233 8300
0 179 179 0 557180 66249 810397 8400
0 184 184 0 564506 67197 821448 8500
0 186 186 0 571791 68198 832649 8600
0 191 191 0 579262 69228 843981 8700
0 195 195 0 586594 70212 855230 8800
0 197 197 0 594052 71149 866658 8900
0 202 202 0 601631 72198 878296 9000
0 204 204 0 609031 73214 889664 9100
0 204 204 0 616562 74294 901294 9200
0 208 208 0 623945 75337 912678 9300
0 211 211 0 631434 76408 924181 9400
0 214 214 0 638839 77449 935627 9500
0 217 217 0 646113 78461 946704 9600
0 220 220 0 653685 79637 958285 9700
0 222 222 0 660949 80820 969446 9800
0 224 224 0 668348 81891 980774 9900
0 227 227 0 675824 82976 992014 10000
0 230 230 0 683219 84057 1003366 10100
0 234 234 0 690623 85183 1014858 10200
0 234 234 0 698028 86357 1026522 10300
0 236 236 0 705606 87479 1038372 10400
0 238 238 0 713098 88643 1050161 10500
0 240 240 0 720554 89894 1062061 10600
0 243 243 0 728085 91108 1074145 10700
0 244 244 0 735581 92401 1086366 10800
0 245 245 0 743238 93716 1098842 10900
0 245 245 0 750876 95052 1111327 11000
0 248 248 0 758314 96402 1123681 11100
0 250 250 0 765935 97764 1136333 11200
0 251 251 0 773613 99149 1149002 11300
0 253 253 0 781234 100552 1161645 11400
0 255 255 0 788809 101987 1174416 11500
0 258 258 0 796486 103494 1187491 11600
0 261 261 0 804118 104936 1200411 11700
0 263 263 0 811773 106386 1213371 11800
0 264 264 0 819541 107862 1226454 11900
0 268 268 0 827264 109314 1239597 12000
0 269 269 0 835041 110761 1252759 12100
0 269 269 0 842875 112110 1265779 12200
0 269 269 0 850627 113555 1278688 12300
0 269 269 0 858298 115020 1291572 12400
0 273 273 0 865948 116368 1304197 12500
0 273 273 0 873578 117583 1316757 12600
0 273 273 0 881290 118931 1329622 12700
0 273 273 0 888962 120168 1342190 12800
0 275 275 0 896748 121502 1354603 12900
0 275 275 0 904383 122717 1366866 13000
0 276 276 0 911854 123914 1378842 13100
0 279 279 0 919522 125035 1390820 13200
0 281 281 0 927097 126065 1402807 13300
0 282 282 0 934682 127160 1414750 13400
0 284 284 0 942215 128266 1426674 13500
0 288 288 0 949883 129328 1438557 13600
0 290 290 0 957449 130351 1449997 13700
0 291 291 0 965012 131425 1461404 13800
0 292 292 0 972392 132470 1472553 13900
0 293 293 0 979784 133524 1483660 14000
0 293 293 0 987140 134507 1494945 14100
0 296 296 0 994615 135534 1506425 14200
0 298 298 0 1002218 136466 1517978 14300
0 299 299 0 1009735 137550 1529565 14400
0 300 300 0 1017209 138626 1541212 14500
0 304 304 0 1024743 139572 1552808 14600
0 305 305 0 1032145 140511 1564013 14700
0 307 307 0 1039544 141588 1575563 14800
0 309 309 0 1047077 142644 1587323 14900
0 310 310 0 1054550 143730 1598893 15000
0 312 312 0 1062019 144754 1610492 15100
0 313 313 0 1069406 145858 1622095 15200
0 314 314 0 1076819 146905 1633744 15300
0 315 315 0 1084259 148046 1645649 15400
0 317 317 0 1091763 149262 1657884 15500
0 317 317 0 1099402 150434 1669899 15600
0 324 324 0 1106912 151662 1681992 15700
0 326 326 0 1114387 152849 1694332 15800
0 326 326 0 1121973 154165 1706925 15900
0 327 327 0 1129489 155445 1719534 16000
0 329 329 0 1137207 156669 1732324 16100
0 331 331 0 1144998 157924 1745134 16200
0 334 334 0 1152531 159190 1757709 16300
0 335 335 0 1160169 160379 1770243 16400
0 336 336 0 1167773 161566 1782615 16500
0 337 337 0 1175416 162711 1794921 16600
0 339 339 0 1183001 163788 1807084 16700
0 339 339 0 1190667 164807 1818927 16800
0 341 341 0 1198201 165832 1830575 16900
0 343 343 0 1205610 166799 1842071 17000
0 344 344 0 1213119 167735 1853716 17100
0 346 346 0 1220580 168686 1865451 17200
0 351 351 0 1227898 169622 1876902 17300
0 353 353 0 1235473 170529 1888416 17400
0 354 354 0 1242850 171450 1899600 17500
0 357 357 0 1250188 172333 1910646 17600
0 359 359 0 1257562 173262 1922083 17700
0 361 361 0 1264905 174110 1933134 17800
0 363 363 0 1272437 175021 1944475 17900
0 365 365 0 1279854 176048 1955844 18000
0 366 366 0 1287187 176922 1966893 18100
0 367 367 0 1294600 177843 1978162 18200
0 368 368 0 1302070 178796 1989580 18300
0 371 371 0 1309531 179726 2000855 18400
0 371 371 0 1317061 180666 2012322 18500
0 372 372 0 1324413 181608 2023651 18600
0 373 373 0 1331939 182574 2034875 18700
0 373 373 0 1339367 183614 2046141 18800
0 373 373 0 1346715 184674 2057349 18900
0 374 374 0 1354149 185797 2068665 19000
0 375 375 0 1361490 186958 2079983 19100
0 375 375 0 1368808 188011 2091071 19200
0 375 375 0 1376248 189077 2102280 19300
0 376 376 0 1383672 190162 2113499 19400
0 378 378 0 1390941 191307 2124799 19500
0 382 382 0 1398413 192415 2136373 19600
0 383 383 0 1405983 193500 2147961 19700
0 386 386 0 1413386 194580 2159367 19800
0 387 387 0 1420800 195646 2170998 19900
0 388 388 0 1428238 196716 2182363 20000
0 391 391 0 1435774 197842 2194024 20100
0 391 391 0 1443191 199005 2205649 20200
0 391 391 0 1450756 200205 2217575 20300
0 393 393 0 1458268 201336 2229501 20400
0 395 395 0 1465934 202417 2241597 20500
0 395 395 0 1473477 203599 2253767 20600
0 397 397 0 1481188 204653 2265827 20700
0 399 399 0 1488812 205745 2277901 20800
0 399 399 0 1496512 206819 2289941 20900
0 400 400 0 1504152 207869 2301871 21000
0 400 400 0 1511776 208935 2313739 21100
0 401 401 0 1519314 209971 2325526 21200
0 401 401 0 1526892 211024 2337131 21300
0 405 405 0 1534442 212075 2348891 21400
0 405 405 0 1541908 213059 2360437 21500
0 408 408 0 1549453 214037 2372208 21600
0 408 408 0 1557051 215078 2384016 21700
0 409 409 0 1564650 216081 2395914 21800
0 409 409 0 1572132 217161 2407368 21900
0 412 412 0 1579497 218172 2418455 22000
0 413 413 0 1586972 219214 2429585 22100
0 416 416 0 1594100 220157 2440261 22200
0 416 416 0 1601543 221234 2451390 22300
0 418 418 0 1608888 222288 2462494 22400
0 420 420 0 1616294 223344 2473550 22500
0 420 420 0 1623646 224412 2484385 22600
0 421 421 0 1630874 225434 2494967 22700
0 423 423 0 1638099 226410 2505624 22800
0 423 423 0 1645398 227500 2516762 22900
0 425 425 0 1652774 228558 2528067 23000
0 425 425 0 1660228 229638 2539565 23100
0 428 428 0 1667718 230689 2551218 23200
0 429 429 0 1675184 231861 2562804 23300
0 430 430 0 1682703 233105 2574448 23400
0 431 431 0 1690077 234243 2585806 23500
0 431 431 0 1697438 235398 2596971 23600
0 433 433 0 1704880 236572 2608237 23700
0 435 435 0 1712113 237727 2619248 23800
0 435 435 0 1719566 238851 2630550 23900
0 435 435 0 1726886 239968 2641700 24000
0 435 435 0 1734314 241158 2652852 24100
0 435 435 0 1741650 242322 2663768 24200
0 436 436 0 1748943 243406 2674604 24300
0 437 437 0 1756159 244502 2685569 24400
0 438 438 0 1763493 245630 2696490 24500
0 439 439 0 1770761 246769 2707629 24600
0 442 442 0 1778173 247931 2718913 24700
0 443 443 0 1785623 249049 2730303 24800
0 443 443 0 1792970 250144 2741724 24900
0 444 444 0 1800481 251147 2753116 25000
0 447 447 0 1807920 252130 2764434 25100
0 449 449 0 1815296 253095 2775491 25200
0 452 452 0 1822684 254167 2786862 25300
0 453 453 0 1830077 255196 2798079 25400
0 454 454 0 1837465 256237 2809345 25500
0 454 454 0 1844873 257263 2820667 25600
0 455 455 0 1852200 258254 2831699 25700
0 457 457 0 1859606 259174 2842804 25800
0 458 458 0 1866904 260193 2853889 25900
0 458 458 0 1874279 261147 2864857 26000
0 459 459 0 1881637 262095 2875822 26100
0 461 461 0 1889096 263017 2886941 26200
0 461 461 0 1896374 263935 2897852 26300
0 462 462 0 1903760 264936 2908960 26400
0 463 463 0 1911185 265997 2920094 26500
0 463 463 0 1918576 266986 2931342 26600
0 466 466 0 1926070 267972 2942774 26700
0 466 466 0 1933541 268952 2954314 26800
0 466 466 0 1941012 269999 2965897 26900
0 467 467 0 1948399 270986 2977084 27000
0 467 467 0 1955925 271963 2988221 27100
0 468 468 0 1963308 272948 2999316 27200
0 468 468 0 1970616 273966 3010266 27300
0 468 468 0 1978059 274946 3021218 27400
0 470 470 0 1985424 276022 3032226 27500
0 471 471 0 1992768 277108 3043328 27600
0 471 471 0 2000273 278219 3054689 27700
0 471 471 0 2007628 279304 3065936 27800
0 471 471 0 2014938 280387 3077175 27900
0 472 472 0 2022439 281432 3088576 28000
0 474 474 0 2029824 282510 3099775 28100
0 475 475 0 2037195 283623 3111068 28200
0 477 477 0 2044699 284741 3122592 28300
0 478 478 0 2052169 285827 3133918 28400
0 480 480 0 2059688 286890 3145485 28500
0 481 481 0 2067031 288004 3156936 28600
0 482 482 0 2074523 289080 3168654 28700
0 482 482 0 2082070 290142 3180677 28800
0 482 482 0 2089650 291237 3192682 28900
0 483 483 0 2097337 292224 3204877 29000
0 485 485 0 2105063 293172 3217102 29100
0 485 485 0 2112695 294219 3228974 29200
0 488 488 0 2120108 295160 3240239 29300
0 488 488 0 2127588 296040 3251268 29400
0 488 488 0 2134896 296876 3261870 29500
0 488 488 0 2142154 297802 3272325 29600
0 489 489 0 2149406 298656 3282557 29700
0 489 489 0 2156599 299494 3292682 29800
0 490 490 0 2163696 300349 3302858 29900
0 492 492 0 2170873 301156 3313065 30000
0 492 492 0 2178042 301908 3323175 30100
0 495 495 0 2185153 302700 3333416 30200
0 496 496 0 2192425 303451 3343938 30300
0 498 498 0 2199645 304183 3354216 30400
0 500 500 0 2206743 304932 3364481 30500
0 500 500 0 2213972 305697 3374912 30600
0 500 500 0 2221295 306455 3385375 30700
0 501 501 0 2228557 307194 3395836 30800
0 505 505 0 2235824 307915 3406160 30900
0 505 505 0 2243032 308708 3416466 31000
0 505 505 0 2250261 309522 3426988 31100
0 505 505 0 2257474 310351 3437575 31200
0 506 506 0 2264855 311177 3448361 31300
0 506 506 0 2272162 312047 3459305 31400
0 508 508 0 2279624 312865 3470378 31500
0 509 509 0 2287054 313734 3481644 31600
0 509 509 0 2294526 314646 3492979 31700
0 510 510 0 2302101 315618 3504176 31800
0 511 511 0 2309532 316552 3515279 31900
0 513 513 0 2316828 317486 3526247 32000
0 513 513 0 2324100 318442 3537061 32100
0 514 514 0 2331440 319386 3548052 32200
0 515 515 0 2338875 320310 3559304 32300
0 518 518 0 2346418 321284 3570754 32400
0 520 520 0 2353851 322231 3582241 32500
0 520 520 0 2361228 323195 3593623 32600
0 521 521 0 2368753 324063 3604957 32700
0 521 521 0 2376012 324910 3615861 32800
0 522 522 0 2383529 325816 3627031 32900
0 524 524 0 2390908 326689 3638146 33000
0 524 524 0 2398192 327498 3649036 33100
0 526 526 0 2405625 328334 3660096 33200
0 528 528 0 2412939 329162 3671143 33300
0 530 530 0 2420526 330029 3682563 33400
0 532 532 0 2428076 330921 3694142 33500
0 533 533 0 2435538 331822 3705942 33600
0 534 534 0 2443124 332639 3717607 33700
0 535 535 0 2450561 333485 3729185 33800
0 536 536 0 2458130 334345 3740717 33900
0 537 537 0 2465500 335213 3752050 34000
0 540 540 0 2472982 336084 3763506 34100
0 541 541 0 2480463 336982 3774816 34200
0 544 544 0 2487938 337851 3785843 34300
0 545 545 0 2495356 338687 3796716 34400
0 545 545 0 2502619 339503 3807337 34500
0 548 548 0 2510020 340274 3818003 34600
0 548 548 0 2517362 341080 3828817 34700
0 549 549 0 2524800 341929 3839813 34800
0 551 551 0 2532277 342792 3850930 34900
0 552 552 0 2539736 343685 3861980 35000
0 552 552 0 2547072 344616 3872975 35100
0 554 554 0 2554504 345519 3884158 35200
0 558 558 0 2561834 346517 3895414 35300
0 559 559 0 2569272 347460 3906730 35400
0 564 564 0 2576725 348442 3918155 35500
0 565 565 0 2584134 349467 3929519 35600
0 567 567 0 2591425 350566 3940891 35700
0 568 568 0 2598905 351656 3952550 35800
0 572 572 0 2606340 352619 3963968 35900
0 573 573 0 2613850 353570 3975351 36000
0 574 574 0 2621262 354668 3986684 36100
0 576 576 0 2628648 355745 3997971 36200
0 577 577 0 2636137 356862 4009429 36300
0 578 578 0 2643513 358019 4020936 36400
0 579 579 0 2650942 359140 4032344 36500
0 580 580 0 2658443 360236 4043718 36600
0 581 581 0 2665874 361357 4054910 36700
0 581 581 0 2673357 362451 4066393 36800
0 581 581 0 2680751 363647 4077640 36900
0 582 582 0 2688059 364801 4088852 37000
0 583 583 0 2695438 365979 4100344 37100
0 583 583 0 2702834 367240 4112075 37200
0 583 583 0 2710276 368528 4123723 37300
0 583 583 0 2717689 369764 4135423 37400
0 584 584 0 2725179 370909 4146956 37500
0 584 584 0 2732666 372108 4158647 37600
0 587 587 0 2739966 373249 4170088 37700
0 587 587 0 2747300 374428 4181737 37800
0 588 588 0 2754895 375560 4193560 37900
0 590 590 0 2762304 376690 4205053 38000
0 591 591 0 2769898 377885 4216772 38100
0 591 591 0 2777235 379126 4228384 38200
0 591 591 0 2784657 380374 4240110 38300
0 595 595 0 2792061 381534 4251567 38400
0 596 596 0 2799419 382767 4263044 38500
0 599 599 0 2806785 384009 4274481 38600
0 601 601 0 2814116 385336 4285975 38700
0 603 603 0 2821373 386508 4297466 38800
0 605 605 0 2828828 387651 4309099 38900
0 607 607 0 2836138 388821 4320440 39000
0 608 608 0 2843566 390004 4331970 39100
0 608 608 0 2850862 391138 4343128 39200
0 608 608 0 2858199 392196 4354303 39300
0 608 608 0 2865486 393298 4365649 39400
0 611 611 0 2872772 394407 4376868 39500
0 614 614 0 2880267 395502 4388189 39600
0 615 615 0 2887669 396708 4399317 39700
0 616 616 0 2895065 397994 4410868 39800
0 618 618 0 2902473 399213 4422320 39900
0 618 618 0 2909880 400368 4433798 40000
0 618 618 0 2917160 401541 4445196 40100
0 618 618 0 2924723 402777 4457074 40200
0 621 621 0 2932187 403933 4468801 40300
0 621 621 0 2939692 405165 4480889 40400
0 621 621 0 2947290 406387 4493038 40500
0 621 621 0 2954849 407597 4505187 40600
0 621 621 0 2962310 408807 4517150 40700
0 622 622 0 2969978 409951 4529149 40800
0 623 623 0 2977630 411106 4541349 40900
0 625 625 0 2985195 412197 4553355 41000
0 625 625 0 2992763 413303 4565363 41100
0 625 625 0 3000324 414424 4577516 41200
0 626 626 0 3007956 415459 4589572 41300
0 626 626 0 3015664 416599 4601764 41400
0 627 627 0 3023126 417718 4613823 41500
0 627 627 0 3030719 418795 4626026 41600
0 628 628 0 3038362 419820 4637920 41700
0 628 628 0 3045940 420788 4649618 41800
0 628 628 0 3053431 421870 4661518 41900
0 630 630 0 3060801 422922 4673357 42000
0 631 631 0 3068410 424034 4685359 42100
0 631 631 0 3076005 425161 4697458 42200
0 631 631 0 3083617 426228 4709422 42300
0 631 631 0 3091116 427239 4721226 42400
0 633 633 0 3098558 428217 4732777 42500
0 633 633 0 3105908 429219 4744009 42600
0 635 635 0 3113347 430296 4755396 42700
0 635 635 0 3120784 431302 4766880 42800
0 636 636 0 3128212 432267 4778312 42900
0 637 637 0 3135526 433217 4789560 43000
0 637 637 0 3142956 434169 4800993 43100
0 637 637 0 3150369 435108 4812722 43200
0 638 638 0 3157858 436084 4824433 43300
0 638 638 0 3165320 437047 4836100 43400
0 639 639 0 3172759 438067 4847876 43500
0 640 640 0 3180217 439069 4859455 43600
0 640 640 0 3187702 440122 4871082 43700
0 641 641 0 3195155 441187 4882478 43800
0 642 642 0 3202461 442202 4893788 43900
0 643 643 0 3209831 443278 4905261 44000
0 644 644 0 3217178 444402 4916740 44100
0 644 644 0 3224656 445470 4928256 44200
0 645 645 0 3232067 446623 4940097 44300
0 646 646 0 3239592 447807 4952014 44400
0 647 647 0 3247035 448992 4963749 44500
0 650 650 0 3254404 450157 4975361 44600
0 651 651 0 3261851 451251 4986955 44700
0 653 653 0 3269141 452382 4998352 44800
0 655 655 0 3276673 453515 5010183 44900
0 656 656 0 3284021 454647 5021697 45000
0 659 659 0 3291368 455795 5032952 45100
0 661 661 0 3298747 456946 5044179 45200
0 661 661 0 3306149 458121 5055585 45300
0 661 661 0 3313428 459323 5066975 45400
0 662 662 0 3320825 460587 5078417 45500
0 662 662 0 3328198 461842 5089864 45600
0 662 662 0 3335562 463066 5101314 45700
0 662 662 0 3342927 464262 5112775 45800
0 663 663 0 3350296 465476 5124302 45900
0 663 663 0 3357717 466788 5136211 46000
0 663 663 0 3365138 467998 5148059 46100
0 663 663 0 3372489 469291 5159962 46200
0 665 665 0 3380021 470497 5171984 46300
0 665 665 0 3387611 471656 5184098 46400
0 665 665 0 3395096 472878 5196014 46500
0 667 667 0 3402502 474005 5207693 46600
0 668 668 0 3410058 475180 5219344 46700
0 670 670 0 3417524 476318 5230622 46800
0 670 670 0 3424737 477360 5241476 46900
0 671 671 0 3431996 478358 5252267 47000
0 671 671 0 3439347 479460 5263427 47100
0 671 671 0 3446710 480467 5274420 47200
0 672 672 0 3454006 481481 5285228 47300
0 674 674 0 3461331 482468 5296176 47400
0 675 675 0 3468602 483487 5306979 47500
0 676 676 0 3475851 484450 5317629 47600
0 677 677 0 3483229 485480 5328557 47700
0 677 677 0 3490376 486472 5339309 47800
0 678 678 0 3497773 487433 5350483 47900
0 678 678 0 3505130 488445 5361466 48000
0 678 678 0 3512475 489389 5372429 48100
0 679 679 0 3519818 490324 5383244 48200
0 679 679 0 3527208 491266 5394280 48300
0 680 680 0 3534513 492234 5405262 48400
0 681 681 0 3541987 493151 5416299 48500
0 683 683 0 3549284 494067 5427232 48600
0 684 684 0 3556533 494985 5438059 48700
0 684 684 0 3563880 495854 5448925 48800
0 686 686 0 3571082 496851 5459763 48900
0 686 686 0 3578446 497788 5470989 49000
0 688 688 0 3585801 498749 5482130 49100
0 689 689 0 3593196 499685 5493411 49200
0 691 691 0 3600550 500677 5504580 49300
0 692 692 0 3607875 501692 5515808 49400
0 692 692 0 3615155 502700 5526847 49500
0 694 694 0 3622543 503658 5537928 49600
0 695 695 0 3630030 504553 5549022 49700
0 696 696 0 3637250 505491 5559727 49800
0 698 698 0 3644579 506400 5570769 49900
0 699 699 0 3651912 507338 5581797 50000
0 702 702 0 3659353 508204 5592978 50100
0 704 704 0 3666880 509075 5604206 50200
0 706 706 0 3674378 509987 5615549 50300
0 706 706 0 3681705 510915 5626792 50400
0 707 707 0 3689202 511814 5638231 50500
0 708 708 0 3696838 512748 5649508 50600
0 711 711 0 3704250 513678 5660641 50700
0 711 711 0 3711703 514618 5671631 50800
0 712 712 0 3718925 515466 5682215 50900
0 713 713 0 3726319 516267 5692886 51000
0 715 715 0 3733640 517119 5703488 51100
0 715 715 0 3741090 517970 5714289 51200
0 716 716 0 3748417 518744 5724861 51300
0 718 718 0 3755753 519488 5735583 51400
0 718 718 0 3763059 520227 5746307 51500
0 720 720 0 3770553 520962 5757110 51600
0 721 721 0 3777861 521726 5767724 51700
0 721 721 0 3785123 522485 5778129 51800
0 721 721 0 3792484 523206 5788341 51900
0 722 722 0 3799804 523954 5798534 52000
0 723 723 0 3806961 524668 5808626 52100
0 724 724 0 3814169 525349 5818635 52200
0 725 725 0 3821392 526032 5828490 52300
0 726 726 0 3828735 526788 5838521 52400
0 726 726 0 3835869 527499 5848532 52500
0 727 727 0 3843260 528222 5858752 52600
0 727 727 0 3850591 528967 5869166 52700
0 728 728 0 3857940 529686 5879604 52800
0 729 729 0 3865313 530516 5890174 52900
0 729 729 0 3872734 531344 5900803 53000
0 730 730 0 3880135 532147 5911386 53100
0 730 730 0 3887306 533012 5921750 53200
0 731 731 0 3894727 533914 5932509 53300
0 732 732 0 3902044 534863 5943065 53400
0 732 732 0 3909267 535831 5953492 53500
0 733 733 0 3916587 536775 5963955 53600
0 734 734 0 3923769 537750 5974426 53700
0 735 735 0 3931004 538744 5984826 53800
0 736 736 0 3938102 539722 5995302 53900
0 736 736 0 3945422 540773 6006052 54000
0 737 737 0 3952692 541864 6016881 54100
0 737 737 0 3959915 542917 6027729 54200
0 739 739 0 3967134 543927 6038435 54300
0 743 743 0 3974421 544954 6049295 54400
0 743 743 0 3981693 546009 6059909 54500
0 744 744 0 3989032 547080 6070512 54600
0 744 744 0 3996089 548113 6080827 54700
0 745 745 0 4003251 549270 6091520 54800
0 745 745 0 4010573 550348 6102329 54900
0 748 748 0 4017891 551438 6113297 55000
0 750 750 0 4025198 552542 6124327 55100
0 751 751 0 4032591 553650 6135249 55200
0 752 752 0 4039811 554799 6146105 55300
0 755 755 0 4047083 555911 6156925 55400
0 758 758 0 4054330 556965 6167780 55500
0 760 760 0 4061624 558095 6178969 55600
0 761 761 0 4068900 559197 6189961 55700
0 763 763 0 4076389 560298 6201315 55800
0 764 764 0 4083635 561344 6212274 55900
0 766 766 0 4090996 562450 6223479 56000
0 768 768 0 4098374 563507 6234768 56100
0 770 770 0 4105690 564544 6245951 56200
0 772 772 0 4113165 565622 6257274 56300
0 774 774 0 4120446 566630 6268311 56400
0 775 775 0 4127773 567691 6279252 56500
0 776 776 0 4135081 568725 6290059 56600
0 776 776 0 4142344 569766 6301023 56700
0 781 781 0 4149755 570685 6312001 56800
0 781 781 0 4157022 571722 6322892 56900
0 781 781 0 4164393 572699 6333951 57000
0 783 783 0 4171781 573641 6344905 57100
0 783 783 0 4179160 574653 6356037 57200
0 784 784 0 4186498 575636 6367037 57300
0 784 784 0 4193831 576560 6377807 57400
0 784 784 0 4201121 577473 6388587 57500
0 785 785 0 4208563 578367 6399577 57600
0 785 785 0 4215830 579298 6410554 57700
0 786 786 0 4223150 580225 6421416 57800
0 787 787 0 4230498 581035 6432201 57900
0 788 788 0 4237878 581882 6443076 58000
0 788 788 0 4245140 582789 6454170 58100
0 789 789 0 4252390 583643 6465174 58200
0 790 790 0 4259711 584486 6476180 58300
0 791 791 0 4267138 585294 6487238 58400
0 792 792 0 4274483 586163 6498329 58500
0 793 793 0 4281711 586994 6509086 58600
0 795 795 0 4289116 587839 6520030 58700
0 795 795 0 4296407 588673 6530757 58800
0 795 795 0 4303683 589487 6541337 58900
0 795 795 0 4310961 590308 6552062 59000
0 796 796 0 4318218 591021 6562547 59100
0 796 796 0 4325553 591777 6573066 59200
0 796 796 0 4332877 592508 6583391 59300
0 797 797 0 4340176 593231 6593678 59400
0 797 797 0 4347530 593971 6603993 59500
0 797 797 0 4354730 594716 6614209 59600
0 798 798 0 4361900 595535 6624365 59700
0 799 799 0 4369207 596191 6634428 59800
0 800 800 0 4376339 596801 6644240 59900
0 800 800 0 4383454 597486 6654084 60000
0 800 800 0 4390691 598216 6664045 60100
0 800 800 0 4397752 598926 6673831 60200
0 800 800 0 4404972 599621 6683864 60300
0 801 801 0 4412125 600363 6694088 60400
0 802 802 0 4419323 601100 6704430 60500
0 803 803 0 4426572 601759 6714645 60600
0 805 805 0 4433905 602457 6725092 60700
0 807 807 0 4441158 603260 6735576 60800
0 807 807 0 4448447 604114 6746172 60900
0 808 808 0 4455661 604971 6756714 61000
0 808 808 0 4462953 605885 6767403 61100
0 811 811 0 4470355 606716 6777944 61200
0 813 813 0 4477556 607634 6788363 61300
0 814 814 0 4484918 608613 6798888 61400
0 815 815 0 4492019 609609 6809272 61500
0 817 817 0 4499218 610624 6819896 61600
0 817 817 0 4506493 611670 6830555 61700
0 819 819 0 4513772 612675 6841086 61800
0 819 819 0 4520994 613703 6851702 61900
0 820 820 0 4528192 614725 6862230 62000
0 822 822 0 4535459 615747 6873091 62100
0 823 823 0 4542680 616786 6883931 62200
0 824 824 0 4549956 617885 6894797 62300
0 824 824 0 4557333 619049 6905987 62400
0 825 825 0 4564648 620173 6917022 62500
0 827 827 0 4571949 621268 6928021 62600
0 827 827 0 4579205 622492 6939029 62700
0 829 829 0 4586471 623626 6949919 62800
0 830 830 0 4593731 624803 6961067 62900
0 831 831 0 4601063 625975 6972317 63000
0 832 832 0 4608331 627087 6983585 63100
0 832 832 0 4615753 628217 6995118 63200
0 833 833 0 4623234 629379 7006902 63300
0 835 835 0 4630715 630437 7018562 63400
0 837 837 0 4638122 631385 7029893 63500
0 837 837 0 4645570 632413 7041075 63600
0 839 839 0 4652795 633410 7051943 63700
0 842 842 0 4660264 634350 7062941 63800
0 842 842 0 4667586 635306 7073876 63900
0 842 842 0 4674899 636294 7084695 64000
0 843 843 0 4682238 637262 7095408 64100
0 845 845 0 4689520 638151 7105957 64200
0 845 845 0 4696744 639068 7116264 64300
0 846 846 0 4703957 639933 7126463 64400
0 847 847 0 4711104 640848 7136726 64500
0 848 848 0 4718293 641752 7146915 64600
0 850 850 0 4725535 642635 7157172 64700
0 851 851 0 4732724 643507 7167281 64800
0 853 853 0 4739868 644412 7177284 64900
0 857 857 0 4747068 645344 7187384 65000
0 858 858 0 4754110 646230 7197289 65100
0 859 859 0 4761381 647084 7207511 65200
0 859 859 0 4768583 647955 7217561 65300
0 860 860 0 4775756 648802 7227629 65400
0 862 862 0 4782918 649751 7237787 65500
0 862 862 0 4790111 650698 7248096 65600
0 863 863 0 4797353 651622 7258461 65700
0 863 863 0 4804554 652468 7268716 65800
0 864 864 0 4811833 653336 7279161 65900
0 868 868 0 4819160 654227 7289646 66000
0 872 872 0 4826366 655171 7300360 66100
0 873 873 0 4833674 656029 7311229 66200
0 873 873 0 4841085 656967 7322285 66300
0 875 875 0 4848333 657970 7333111 66400
0 878 878 0 4855614 658925 7343770 66500
0 880 880 0 4862788 659877 7354401 66600
0 881 881 0 4869985 660825 7365084 66700
0 884 884 0 4877149 661818 7375924 66800
0 886 886 0 4884536 662760 7386802 66900
0 889 889 0 4891822 663721 7397836 67000
0 892 892 0 4899191 664667 7408805 67100
0 893 893 0 4906541 665626 7419928 67200
0 895 895 0 4913997 666499 7431181 67300
0 898 898 0 4921442 667350 7442377 67400
0 901 901 0 4928856 668177 7453473 67500
0 904 904 0 4936261 668994 7464536 67600
0 908 908 0 4943667 669781 7475723 67700
0 910 910 0 4951111 670596 7486764 67800
0 914 914 0 4958422 671412 7497573 67900
0 915 915 0 4965661 672282 7508333 68000
0 919 919 0 4973065 673174 7519391 68100
0 921 921 0 4980368 674067 7530523 68200
0 926 926 0 4987756 674915 7541630 68300
0 926 926 0 4995027 675818 7552952 68400
0 926 926 0 5002384 676835 7564277 68500
0 928 928 0 5009726 677869 7575636 68600
0 930 930 0 5016985 678831 7586847 68700
0 931 931 0 5024391 679769 7598156 68800
0 932 932 0 5031836 680747 7609435 68900
0 933 933 0 5039153 681734 7620412 69000
0 934 934 0 5046457 682755 7631337 69100
0 938 938 0 5053669 683673 7642058 69200
0 938 938 0 5060820 684596 7652655 69300
0 938 938 0 5068094 685521 7663208 69400
0 939 939 0 5075216 686448 7673466 69500
0 939 939 0 5082343 687379 7683937 69600
0 942 942 0 5089553 688322 7694444 69700
0 942 942 0 5096779 689279 7704968 69800
0 942 942 0 5103846 690213 7715357 69900
0 944 944 0 5111126 691158 7726006 70000
0 945 945 0 5118395 692085 7736894 70100
0 946 946 0 5125783 693109 7747921 70200
0 947 947 0 5133080 694031 7758951 70300
0 948 948 0 5140316 695019 7769789 70400
0 948 948 0 5147710 696042 7781172 70500
0 949 949 0 5155126 697035 7792615 70600
0 950 950 0 5162517 698019 7804128 70700
0 951 951 0 5170054 699098 7815817 70800
0 951 951 0 5177432 700092 7827401 70900
0 951 951 0 5184888 701169 7839115 71000
0 953 953 0 5192271 702243 7850894 71100
0 953 953 0 5199767 703335 7862711 71200
0 953 953 0 5207137 704336 7874180 71300
0 954 954 0 5214651 705304 7885771 71400
0 956 956 0 5221952 706277 7896916 71500
0 959 959 0 5229159 707202 7907918 71600
0 960 960 0 5236447 708138 7918857 71700
0 961 961 0 5243625 709142 7929577 71800
0 963 963 0 5250777 710102 7940313 71900
0 965 965 0 5258030 711095 7951164 72000
0 966 966 0 5265290 711979 7961905 72100
0 968 968 0 5272598 712906 7972651 72200
0 970 970 0 5279989 713778 7983498 72300
0 971 971 0 5287125 714686 7994058 72400
0 972 972 0 5294364 715529 8004722 72500
0 973 973 0 5301771 716356 8015646 72600
0 974 974 0 5309054 717229 8026477 72700
0 976 976 0 5316418 718000 8037503 72800
0 978 978 0 5323678 718757 8048038 72900
0 979 979 0 5330957 719602 8058614 73000
0 980 980 0 5338220 720378 8069219 73100
0 981 981 0 5345431 721145 8079713 73200
0 981 981 0 5352789 721905 8090281 73300
0 982 982 0 5360016 722679 8100604 73400
0 983 983 0 5367280 723405 8110742 73500
0 983 983 0 5374398 724184 8120794 73600
0 984 984 0 5381559 724961 8130827 73700
0 985 985 0 5388755 725769 8140928 73800
0 989 989 0 5395953 726551 8151190 73900
0 990 990 0 5403274 727358 8161619 74000
0 990 990 0 5410432 728202 8171973 74100
0 991 991 0 5417722 728994 8182729 74200
0 995 995 0 5425186 729878 8193767 74300
0 998 998 0 5432562 730783 8204743 74400
0 999 999 0 5439841 731677 8215524 74500
0 999 999 0 5447203 732554 8226599 74600
0 1000 1000 0 5454580 733436 8237646 74700
0 1000 1000 0 5461932 734443 8248693 74800
0 1001 1001 0 5469169 735391 8259494 74900
0 1002 1002 0 5476504 736376 8270555 75000
0 1003 1003 0 5483766 737311 8281281 75100
0 1004 1004 0 5490994 738254 8292077 75200
0 1005 1005 0 5498248 739182 8302763 75300
0 1006 1006 0 5505480 740105 8313509 75400
0 1008 1008 0 5512755 741018 8324358 75500
0 1009 1009 0 5520068 741940 8335237 75600
0 1010 1010 0 5527438 742804 8345899 75700
0 1010 1010 0 5534650 743657 8356274 75800
0 1010 1010 0 5541845 744516 8366576 75900
0 1010 1010 0 5548954 745354 8376844 76000
0 1011 1011 0 5556118 746161 8387145 76100
0 1012 1012 0 5563274 746917 8397517 76200
0 1013 1013 0 5570587 747666 8408054 76300
0 1015 1015 0 5577837 748431 8418576 76400
0 1017 1017 0 5584951 749203 8428949 76500
0 1018 1018 0 5592207 749934 8439457 76600
0 1020 1020 0 5599712 750609 8450117 76700
0 1021 1021 0 5606931 751337 8460380 76800
0 1023 1023 0 5614379 752078 8471041 76900
0 1023 1023 0 5621743 752815 8481618 77000
0 1024 1024 0 5628924 753578 8491946 77100
0 1024 1024 0 5636158 754221 8502239 77200
0 1025 1025 0 5643400 754931 8512604 77300
0 1026 1026 0 5650574 755611 8522780 77400
0 1026 1026 0 5657935 756427 8533284 77500
0 1027 1027 0 5665286 757203 8543870 77600
0 1029 1029 0 5672613 758008 8554395 77700
0 1029 1029 0 5679903 758824 8565076 77800
0 1031 1031 0 5687316 759682 8575879 77900
0 1031 1031 0 5694540 760502 8586384 78000
0 1033 1033 0 5702043 761369 8597245 78100
0 1033 1033 0 5709191 762278 8607609 78200
0 1034 1034 0 5716424 763196 8618068 78300
0 1034 1034 0 5723729 764155 8628546 78400
0 1034 1034 0 5731042 765077 8639171 78500
0 1034 1034 0 5738273 766081 8649731 78600
0 1034 1034 0 5745526 767082 8660569 78700
0 1034 1034 0 5752853 768113 8671688 78800
0 1034 1034 0 5760355 769223 8683243 78900
0 1034 1034 0 5767604 770368 8694904 79000
0 1036 1036 0 5775121 771526 8707079 79100
0 1037 1037 0 5782638 772658 8719289 79200
0 1038 1038 0 5790139 773823 8731464 79300
0 1039 1039 0 5797615 775024 8743584 79400
0 1040 1040 0 5805164 776289 8755838 79500
0 1042 1042 0 5812613 777494 8767564 79600
0 1043 1043 0 5819919 778671 8778894 79700
0 1045 1045 0 5827278 779902 8790283 79800
0 1049 1049 0 5834580 781154 8801812 79900
0 1049 1049 0 5842077 782472 8813785 80000
0 1049 1049 0 5849575 783747 8825731 80100
0 1049 1049 0 5857070 785033 8837683 80200
0 1050 1050 0 5864650 786326 8849658 80300
0 1051 1051 0 5872146 787623 8861666 80400
0 1054 1054 0 5879752 788856 8873845 80500
0 1054 1054 0 5887181 790033 8885825 80600
0 1056 1056 0 5894790 791197 8898039 80700
0 1056 1056 0 5902489 792402 8910339 80800
0 1056 1056 0 5910006 793625 8922404 80900
0 1057 1057 0 5917601 794722 8934557 81000
0 1057 1057 0 5925089 795900 8946446 81100
0 1058 1058 0 5932622 797135 8958551 81200
0 1059 1059 0 5940241 798264 8970363 81300
0 1063 1063 0 5947719 799308 8981847 81400
0 1064 1064 0 5955105 800437 8993349 81500
0 1064 1064 0 5962495 801502 9004569 81600
0 1064 1064 0 5970036 802537 9015829 81700
0 1065 1065 0 5977362 803607 9026961 81800
0 1065 1065 0 5984851 804688 9038273 81900
0 1068 1068 0 5992262 805709 9049406 82000
0 1069 1069 0 5999658 806720 9060520 82100
0 1069 1069 0 6006991 807760 9071563 82200
0 1070 1070 0 6014352 808843 9082697 82300
0 1072 1072 0 6021708 809917 9093862 82400
0 1073 1073 0 6029081 811060 9105210 82500
0 1075 1075 0 6036530 812161 9116691 82600
0 1076 1076 0 6043965 813315 9128209 82700
0 1078 1078 0 6051237 814464 9139410 82800
0 1078 1078 0 6058742 815504 9150716 82900
0 1081 1081 0 6065982 816583 9161779 83000
0 1083 1083 0 6073363 817762 9173163 83100
0 1084 1084 0 6080651 818885 9184264 83200
0 1084 1084 0 6087925 819979 9195347 83300
0 1085 1085 0 6095247 821044 9206463 83400
0 1086 1086 0 6102412 822125 9217550 83500
0 1086 1086 0 6109716 823180 9228634 83600
0 1086 1086 0 6116942 824261 9239564 83700
0 1086 1086 0 6124108 825364 9250381 83800
0 1088 1088 0 6131475 826489 9261514 83900
0 1090 1090 0 6138682 827647 9272532 84000
0 1090 1090 0 6145852 828793 9283457 84100
0 1093 1093 0 6153196 829840 9294447 84200
0 1094 1094 0 6160402 831029 9305431 84300
0 1095 1095 0 6167672 832166 9316597 84400
0 1097 1097 0 6174842 833277 9327728 84500
0 1099 1099 0 6182242 834400 9339162 84600
0 1099 1099 0 6189532 835647 9350735 84700
0 1101 1101 0 6196989 836914 9362397 84800
0 1102 1102 0 6204376 838215 9374088 84900
0 1103 1103 0 6211762 839535 9385933 85000
0 1103 1103 0 6219224 840863 9397966 85100
0 1104 1104 0 6226588 842115 9409921 85200
0 1104 1104 0 6234170 843419 9422336 85300
0 1104 1104 0 6241665 844718 9434813 85400
0 1104 1104 0 6249354 846072 9447729 85500
0 1107 1107 0 6256950 847463 9460618 85600
0 1108 1108 0 6264511 848876 9473353 85700
0 1108 1108 0 6272192 850197 9485892 85800
0 1108 1108 0 6279745 851478 9498456 85900
0 1110 1110 0 6287284 852754 9510708 86000
0 1111 1111 0 6294835 853910 9522990 86100
0 1111 1111 0 6302453 855126 9535450 86200
0 1113 1113 0 6309979 856279 9547482 86300
0 1115 1115 0 6317474 857424 9559413 86400
0 1116 1116 0 6325082 858514 9571251 86500
0 1117 1117 0 6332495 859507 9582714 86600
0 1117 1117 0 6339972 860502 9593911 86700
0 1118 1118 0 6347291 861441 9604798 86800
0 1118 1118 0 6354613 862356 9615686 86900
0 1118 1118 0 6361920 863203 9626349 87000
0 1118 1118 0 6369272 864047 9637060 87100
0 1118 1118 0 6376455 864916 9647627 87200
0 1119 1119 0 6383889 865701 9658388 87300
0 1119 1119 0 6391283 866481 9669170 87400
0 1120 1120 0 6398600 867372 9679985 87500
0 1120 1120 0 6405895 868318 9690770 87600
0 1121 1121 0 6413234 869277 9701492 87700
0 1124 1124 0 6420531 870240 9712058 87800
0 1124 1124 0 6427813 871175 9722570 87900
0 1126 1126 0 6434981 872109 9733080 88000
0 1127 1127 0 6442177 873017 9743607 88100
0 1127 1127 0 6449335 873926 9754082 88200
0 1128 1128 0 6456729 874858 9764896 88300
0 1128 1128 0 6464130 875785 9775625 88400
0 1128 1128 0 6471322 876692 9786193 88500
0 1128 1128 0 6478648 877669 9796906 88600
0 1129 1129 0 6485967 878623 9807790 88700
0 1129 1129 0 6493428 879596 9819027 88800
0 1129 1129 0 6500827 880617 9830137 88900
0 1129 1129 0 6508208 881663 9841177 89000
0 1130 1130 0 6515468 882721 9852120 89100
0 1130 1130 0 6522951 883756 9863207 89200
0 1131 1131 0 6530284 884751 9874151 89300
0 1131 1131 0 6537731 885760 9885269 89400
0 1132 1132 0 6545011 886799 9896332 89500
0 1132 1132 0 6552407 887851 9907580 89600
0 1134 1134 0 6559890 888940 9919076 89700
0 1135 1135 0 6567346 890039 9930669 89800
0 1135 1135 0 6574799 891128 9942264 89900
0 1135 1135 0 6582216 892144 9953789 90000
0 1135 1135 0 6589763 893216 9965400 90100
0 1135 1135 0 6597290 894286 9977026 90200
0 1135 1135 0 6604711 895340 9988411 90300
0 1135 1135 0 6612193 896355 9999725 90400
0 1135 1135 0 6619593 897376 10010990 90500
0 1136 1136 0 6626929 898383 10022091 90600
0 1136 1136 0 6634281 899428 10033153 90700
0 1139 1139 0 6641516 900348 10044081 90800
0 1140 1140 0 6649032 901331 10055334 90900
0 1141 1141 0 6656331 902411 10066320 91000
0 1141 1141 0 6663642 903441 10077067 91100
0 1141 1141 0 6670993 904442 10087874 91200
0 1141 1141 0 6678321 905330 10098403 91300
0 1141 1141 0 6685641 906286 10108979 91400
0 1141 1141 0 6692852 907229 10119327 91500
0 1141 1141 0 6700084 908143 10129689 91600
0 1141 1141 0 6707270 909136 10139970 91700
0 1143 1143 0 6714538 910077 10150327 91800
0 1144 1144 0 6721787 911118 10160786 91900
0 1144 1144 0 6728951 912070 10171166 92000
0 1145 1145 0 6736124 912998 10181577 92100
0 1147 1147 0 6743447 913914 10192173 92200
0 1147 1147 0 6750695 914835 10202722 92300
0 1148 1148 0 6757971 915804 10213373 92400
0 1148 1148 0 6765232 916762 10224071 92500
0 1149 1149 0 6772363 917724 10234691 92600
0 1149 1149 0 6779833 918765 10245768 92700
0 1151 1151 0 6787020 919782 10256811 92800
0 1151 1151 0 6794276 920821 10267849 92900
0 1153 1153 0 6801688 921846 10279079 93000
0 1154 1154 0 6808967 922844 10290249 93100
0 1157 1157 0 6816347 923818 10301290 93200
0 1157 1157 0 6823659 924784 10312167 93300
0 1157 1157 0 6830877 925728 10322909 93400
0 1157 1157 0 6838151 926752 10333762 93500
0 1159 1159 0 6845373 927785 10344585 93600
0 1159 1159 0 6852768 928834 10355469 93700
0 1159 1159 0 6860003 929871 10366241 93800
0 1161 1161 0 6867201 930952 10376992 93900
0 1161 1161 0 6874576 931969 10387942 94000
0 1163 1163 0 6882039 933109 10399217 94100
0 1164 1164 0 6889267 934204 10410202 94200
0 1168 1168 0 6896645 935304 10421392 94300
0 1169 1169 0 6903974 936407 10432391 94400
0 1171 1171 0 6911286 937515 10443399 94500
0 1173 1173 0 6918560 938643 10454360 94600
0 1176 1176 0 6925963 939752 10465468 94700
0 1178 1178 0 6933340 940870 10476834 94800
0 1181 1181 0 6940611 942068 10487887 94900
0 1181 1181 0 6948005 943179 10498984 95000
0 1182 1182 0 6955373 944266 10510093 95100
0 1183 1183 0 6962602 945252 10521130 95200
0 1183 1183 0 6970086 946338 10532629 95300
0 1184 1184 0 6977445 947428 10544004 95400
0 1184 1184 0 6984865 948467 10555313 95500
0 1185 1185 0 6992138 949518 10566365 95600
0 1185 1185 0 6999499 950599 10577529 95700
0 1186 1186 0 7006778 951560 10588486 95800
0 1186 1186 0 7014050 952570 10599448 95900
0 1187 1187 0 7021359 953551 10610392 96000
0 1189 1189 0 7028838 954475 10621371 96100
0 1189 1189 0 7036295 955435 10632526 96200
0 1190 1190 0 7043705 956405 10643638 96300
0 1193 1193 0 7051033 957325 10654425 96400
0 1195 1195 0 7058376 958348 10665440 96500
0 1195 1195 0 7065744 959255 10676282 96600
0 1197 1197 0 7073106 960199 10687355 96700
0 1197 1197 0 7080433 961151 10698404 96800
0 1197 1197 0 7087845 962098 10709532 96900
0 1198 1198 0 7095146 963102 10720522 97000
0 1198 1198 0 7102507 964153 10731668 97100
0 1199 1199 0 7109710 965159 10742547 97200
0 1199 1199 0 7116966 966177 10753334 97300
0 1200 1200 0 7124292 967210 10764092 97400
0 1200 1200 0 7131554 968227 10774691 97500
0 1203 1203 0 7138642 969365 10785291 97600
0 1204 1204 0 7145837 970507 10796363 97700
0 1204 1204 0 7153141 971680 10807584 97800
0 1204 1204 0 7160441 972793 10818778 97900
0 1207 1207 0 7167865 973978 10830309 98000
0 1208 1208 0 7175231 975157 10841864 98100
0 1208 1208 0 7182634 976369 10853640 98200
0 1209 1209 0 7190264 977691 10865720 98300
0 1210 1210 0 7197598 979006 10877453 98400
0 1211 1211 0 7205164 980332 10889187 98500
0 1213 1213 0 7212555 981603 10900714 98600
0 1214 1214 0 7219882 982954 10912251 98700
0 1215 1215 0 7227210 984243 10923862 98800
0 1217 1217 0 7234631 985738 10935751 98900
0 1218 1218 0 7242088 987166 10947683 99000
0 1219 1219 0 7249728 988589 10959861 99100
0 1219 1219 0 7257257 990096 10972230 99200
0 1219 1219 0 7264699 991507 10984398 99300
0 1219 1219 0 7272357 992868 10996734 99400
0 1220 1220 0 7279808 994333 11008953 99500
0 1220 1220 0 7287274 995777 11021266 99600
0 1221 1221 0 7294823 997193 11033628 99700
0 1221 1221 0 7302351 998521 11045752 99800
0 1222 1222 0 7309962 999904 11058190 99900
0 1223 1223 0 7317463 1001212 11070376 100000
0 1223 1223 0 7325122 1002579 11082667 100100
0 1224 1224 0 7332698 1003817 11094925 100200
0 1224 1224 0 7340198 1005046 11107085 100300
0 1225 1225 0 7347807 1006250 11119225 100400
0 1227 1227 0 7355363 1007433 11131498 100500
0 1228 1228 0 7362863 1008588 11143674 100600
0 1228 1228 0 7370482 1009677 11155669 100700
0 1228 1228 0 7377982 1010709 11167379 100800
0 1228 1228 0 7385444 1011664 11178829 100900
0 1228 1228 0 7392872 1012576 11190076 101000
0 1228 1228 0 7400206 1013511 11201297 101100
0 1228 1228 0 7407710 1014509 11212790 101200
0 1228 1228 0 7415258 1015444 11224147 101300
0 1228 1228 0 7422481 1016420 11235109 101400
0 1229 1229 0 7429865 1017359 11246036 101500
0 1230 1230 0 7437155 1018370 11256921 101600
0 1230 1230 0 7444401 1019329 11267490 101700
0 1230 1230 0 7451581 1020321 11277914 101800
0 1230 1230 0 7458704 1021320 11288252 101900
0 1230 1230 0 7465889 1022280 11298670 102000
0 1231 1231 0 7473141 1023299 11309451 102100
0 1231 1231 0 7480434 1024323 11320238 102200
0 1231 1231 0 7487720 1025382 11331029 102300
0 1232 1232 0 7494810 1026397 11341697 102400
0 1232 1232 0 7502143 1027446 11352722 102500
0 1233 1233 0 7509401 1028453 11363663 102600
0 1234 1234 0 7516707 1029488 11374766 102700
0 1234 1234 0 7523959 1030489 11385586 102800
0 1237 1237 0 7531192 1031420 11396280 102900
0 1239 1239 0 7538435 1032311 11406817 103000
0 1241 1241 0 7545717 1033210 11417438 103100
0 1241 1241 0 7552889 1034071 11427670 103200
0 1241 1241 0 7560077 1034898 11437927 103300
0 1241 1241 0 7567291 1035737 11448099 103400
0 1242 1242 0 7574365 1036643 11458499 103500
0 1244 1244 0 7581599 1037487 11468988 103600
0 1244 1244 0 7588886 1038342 11479533 103700
0 1244 1244 0 7596022 1039192 11489787 103800
0 1244 1244 0 7603356 1040026 11500319 103900
0 1244 1244 0 7610511 1040881 11510652 104000
0 1244 1244 0 7617617 1041789 11520952 104100
0 1244 1244 0 7624899 1042716 11531543 104200
0 1245 1245 0 7632219 1043672 11542108 104300
0 1247 1247 0 7639348 1044587 11552413 104400
0 1249 1249 0 7646568 1045449 11562746 104500
0 1250 1250 0 7653849 1046420 11573281 104600
0 1251 1251 0 7661066 1047413 11583685 104700
0 1253 1253 0 7668261 1048413 11593922 104800
0 1253 1253 0 7675451 1049353 11604316 104900
0 1255 1255 0 7682686 1050252 11614687 105000
0 1256 1256 0 7690025 1051173 11625253 105100
0 1256 1256 0 7697284 1052138 11636042 105200
0 1259 1259 0 7704540 1053080 11646792 105300
0 1259 1259 0 7711947 1054092 11657818 105400
0 1260 1260 0 7719161 1055171 11668870 105500
0 1262 1262 0 7726335 1056238 11680000 105600
0 1263 1263 0 7733638 1057235 11691118 105700
0 1264 1264 0 7740991 1058300 11702295 105800
0 1267 1267 0 7748202 1059404 11713315 105900
0 1268 1268 0 7755401 1060493 11724217 106000
0 1270 1270 0 7762637 1061614 11735156 106100
0 1271 1271 0 7769837 1062696 11745896 106200
0 1271 1271 0 7777267 1063823 11757042 106300
0 1271 1271 0 7784528 1064866 11767985 106400
0 1272 1272 0 7791779 1065916 11778915 106500
0 1273 1273 0 7799159 1066931 11790100 106600
0 1273 1273 0 7806509 1067974 11801414 106700
0 1274 1274 0 7813880 1069074 11812677 106800
0 1274 1274 0 7821288 1070190 11824067 106900
0 1274 1274 0 7828555 1071294 11835201 107000
0 1275 1275 0 7835881 1072382 11846279 107100
0 1276 1276 0 7843204 1073558 11857559 107200
0 1278 1278 0 7850569 1074666 11868927 107300
0 1279 1279 0 7857854 1075858 11880204 107400
0 1282 1282 0 7865305 1076960 11891621 107500
0 1282 1282 0 7872775 1078124 11903092 107600
0 1283 1283 0 7880210 1079332 11914646 107700
0 1284 1284 0 7887693 1080567 11926197 107800
0 1285 1285 0 7895116 1081786 11937766 107900
0 1286 1286 0 7902556 1082922 11949428 108000
0 1286 1286 0 7910070 1084065 11961205 108100
0 1286 1286 0 7917590 1085191 11972775 108200
0 1287 1287 0 7925102 1086361 11984464 108300
0 1289 1289 0 7932510 1087610 11996027 108400
0 1290 1290 0 7940027 1088771 12007513 108500
0 1293 1293 0 7947429 1089988 12018954 108600
0 1294 1294 0 7954763 1091183 12030161 108700
0 1296 1296 0 7962212 1092294 12041416 108800
0 1299 1299 0 7969535 1093321 12052330 108900
0 1302 1302 0 7976826 1094397 12063492 109000
0 1303 1303 0 7984249 1095433 12074859 109100
0 1304 1304 0 7991624 1096566 12086436 109200
0 1305 1305 0 7998996 1097621 12097925 109300
0 1306 1306 0 8006338 1098818 12109641 109400
0 1306 1306 0 8013752 1099995 12121374 109500
0 1306 1306 0 8021223 1101184 12133272 109600
0 1307 1307 0 8028704 1102272 12145020 109700
0 1309 1309 0 8036108 1103387 12156751 109800
0 1309 1309 0 8043607 1104561 12168598 109900
0 1312 1312 0 8051037 1105712 12180303 110000
0 1313 1313 0 8058457 1106860 12192071 110100
0 1314 1314 0 8065996 1108159 12204125 110200
0 1314 1314 0 8073496 1109294 12216053 110300
0 1314 1314 0 8081130 1110468 12228166 110400
0 1314 1314 0 8088660 1111731 12240235 110500
0 1314 1314 0 8096068 1112952 12252021 110600
0 1315 1315 0 8103595 1114217 12263909 110700
0 1315 1315 0 8111093 1115461 12275997 110800
0 1315 1315 0 8118554 1116581 12287892 110900
0 1318 1318 0 8126199 1117740 12300127 111000
0 1318 1318 0 8133654 1118933 12312046 111100
0 1318 1318 0 8141273 1120199 12324482 111200
0 1320 1320 0 8148691 1121422 12336631 111300
0 1321 1321 0 8156198 1122714 12348817 111400
0 1322 1322 0 8163674 1123931 12360719 111500
0 1322 1322 0 8171106 1125178 12372279 111600
0 1323 1323 0 8178490 1126381 12383658 111700
0 1324 1324 0 8185930 1127724 12395238 111800
0 1327 1327 0 8193202 1128909 12406563 111900
0 1327 1327 0 8200400 1130119 12417633 112000
0 1328 1328 0 8207704 1131284 12428896 112100
0 1329 1329 0 8214971 1132463 12440161 112200
0 1329 1329 0 8222305 1133570 12451581 112300
0 1329 1329 0 8229637 1134749 12462914 112400
0 1330 1330 0 8236987 1135862 12474208 112500
0 1331 1331 0 8244287 1137021 12485732 112600
0 1332 1332 0 8251782 1138191 12497398 112700
0 1333 1333 0 8259214 1139376 12509063 112800
0 1335 1335 0 8266577 1140519 12520543 112900
0 1337 1337 0 8273965 1141579 12532043 113000
0 1337 1337 0 8281360 1142621 12543349 113100
0 1337 1337 0 8288738 1143669 12554711 113200
0 1337 1337 0 8296132 1144686 12566043 113300
0 1338 1338 0 8303508 1145692 12577329 113400
0 1338 1338 0 8311005 1146657 12588697 113500
0 1338 1338 0 8318418 1147693 12600024 113600
0 1339 1339 0 8325792 1148582 12611060 113700
0 1340 1340 0 8333236 1149507 12622343 113800
0 1341 1341 0 8340522 1150414 12633355 113900
0 1341 1341 0 8348053 1151337 12644735 114000
0 1342 1342 0 8355434 1152223 12655940 114100
0 1345 1345 0 8362798 1153176 12667020 114200
0 1345 1345 0 8370185 1154063 12677974 114300
0 1345 1345 0 8377571 1154965 12688783 114400
0 1348 1348 0 8384862 1155945 12699593 114500
0 1348 1348 0 8392189 1156833 12710534 114600
0 1349 1349 0 8399606 1157665 12721444 114700
0 1350 1350 0 8406964 1158578 12732157 114800
0 1350 1350 0 8414278 1159434 12742586 114900
0 1352 1352 0 8421457 1160244 12752844 115000
0 1352 1352 0 8428817 1161042 12763152 115100
0 1353 1353 0 8435993 1161878 12773251 115200
0 1355 1355 0 8443179 1162781 12783487 115300
0 1357 1357 0 8450498 1163625 12793874 115400
0 1358 1358 0 8457643 1164552 12804273 115500
0 1358 1358 0 8464933 1165413 12814991 115600
0 1358 1358 0 8472277 1166335 12825857 115700
0 1358 1358 0 8479523 1167290 12836562 115800
0 1360 1360 0 8486837 1168249 12847505 115900
0 1361 1361 0 8494225 1169238 12858667 116000
0 1362 1362 0 8501578 1170191 12869705 116100
0 1367 1367 0 8508813 1171091 12880680 116200
0 1368 1368 0 8516207 1171997 12891874 116300
0 1370 1370 0 8523511 1173003 12903049 116400
0 1373 1373 0 8530981 1174000 12914413 116500
0 1375 1375 0 8538507 1175166 12925941 116600
0 1377 1377 0 8545902 1176274 12937057 116700
0 1378 1378 0 8553090 1177355 12948014 116800
0 1379 1379 0 8560462 1178420 12959147 116900
0 1380 1380 0 8567792 1179525 12970270 117000
0 1380 1380 0 8575260 1180652 12981482 117100
0 1382 1382 0 8582563 1181827 12992706 117200
0 1382 1382 0 8589988 1182948 13003772 117300
0 1382 1382 0 8597403 1184195 13014939 117400
0 1383 1383 0 8604705 1185382 13025819 117500
0 1384 1384 0 8611953 1186492 13036453 117600
0 1386 1386 0 8619181 1187614 13046967 117700
0 1387 1387 0 8626402 1188733 13057551 117800
0 1387 1387 0 8633712 1189850 13068296 117900
0 1389 1389 0 8640801 1191009 13079146 118000
0 1389 1389 0 8648055 1192180 13090243 118100
0 1392 1392 0 8655452 1193469 13101695 118200
0 1393 1393 0 8662787 1194725 13113437 118300
0 1394 1394 0 8670244 1196027 13125246 118400
0 1396 1396 0 8677618 1197202 13136893 118500
0 1396 1396 0 8685061 1198546 13148868 118600
0 1397 1397 0 8692397 1199720 13160442 118700
0 1400 1400 0 8699875 1201087 13172399 118800
0 1402 1402 0 8707205 1202478 13184317 118900
0 1403 1403 0 8714660 1203932 13196443 119000
0 1406 1406 0 8722083 1205365 13208505 119100
0 1406 1406 0 8729518 1206705 13220573 119200
0 1408 1408 0 8736776 1208035 13232298 119300
0 1411 1411 0 8744148 1209418 13244067 119400
0 1412 1412 0 8751428 1210741 13255446 119500
0 1414 1414 0 8758776 1212020 13267112 119600
0 1416 1416 0 8766088 1213344 13278847 119700
0 1416 1416 0 8773388 1214604 13290497 119800
0 1417 1417 0 8780753 1215837 13302143 119900
