0 0 0 0 0 0 0 0
0 10 0 0 3338 0 3400 100
0 24 0 0 7489 4 7679 200
0 26 0 0 9284 12 9569 300
0 31 0 0 11736 14 12085 400
0 35 0 0 14746 18 15137 500
0 38 0 0 18150 20 18600 600
0 43 0 0 22061 23 22617 700
0 43 0 0 26334 34 27035 800
0 45 0 0 30973 46 31868 900
0 48 0 0 35783 66 37006 1000
0 50 0 0 40994 96 42605 1100
0 52 0 0 46299 130 48433 1200
0 57 0 0 51830 156 54547 1300
0 57 0 0 57500 204 60889 1400
0 59 0 0 63308 272 67465 1500
0 62 0 0 69292 334 74274 1600
0 63 0 0 75516 381 81485 1700
0 66 0 0 81741 456 88897 1800
0 67 0 0 87969 548 96455 1900
0 68 0 0 94561 625 104492 2000
0 69 0 0 101038 712 112662 2100
0 71 0 0 107615 813 120956 2200
0 75 0 0 114331 908 129426 2300
0 78 0 0 120982 997 137888 2400
0 82 0 0 127711 1112 146445 2500
0 88 0 0 134541 1247 155305 2600
0 90 0 0 141339 1377 164156 2700
0 94 0 0 148158 1499 173146 2800
0 100 0 0 155145 1639 182256 2900
0 102 0 0 162094 1774 191336 3000
0 103 0 0 169093 1909 200519 3100
0 107 0 0 176028 2068 209641 3200
0 110 0 0 182912 2246 218818 3300
0 114 0 0 189971 2416 228094 3400
0 119 0 0 197085 2579 237560 3500
0 122 0 0 204261 2770 247299 3600
0 126 0 0 211314 2962 257158 3700
0 130 0 0 218555 3184 267217 3800
0 134 0 0 225927 3393 277580 3900
0 140 0 0 233336 3632 288264 4000
0 143 0 0 240887 3850 299169 4100
0 146 0 0 248341 4037 310093 4200
0 152 0 0 255890 4244 321173 4300
0 154 0 0 263440 4477 332275 4400
0 155 0 0 271049 4763 343608 4500
0 155 0 0 278618 5026 354851 4600
0 155 0 0 286090 5297 366100 4700
0 159 0 0 293606 5543 376928 4800
0 166 0 0 300952 5829 387611 4900
0 171 0 0 308493 6134 398392 5000
0 172 0 0 315900 6482 408988 5100
0 176 0 0 323223 6830 419620 5200
0 182 0 0 330782 7150 430539 5300
0 185 0 0 338196 7435 441000 5400
0 191 0 0 345511 7731 451407 5500
0 197 0 0 352926 8065 462078 5600
0 203 0 0 360377 8388 472847 5700
0 207 0 0 367819 8736 483673 5800
0 211 0 0 375182 9084 494360 5900
0 215 0 0 382580 9421 505176 6000
0 218 0 0 390028 9763 516100 6100
0 221 0 0 397542 10117 527168 6200
0 224 0 0 404942 10460 538008 6300
0 226 0 0 412412 10810 548880 6400
0 229 0 0 419842 11187 559740 6500
0 232 0 0 427200 11541 570256 6600
0 235 0 0 434567 11916 580602 6700
0 242 0 0 441885 12323 591051 6800
0 242 0 0 449266 12717 601498 6900
0 248 0 0 456617 13148 611968 7000
0 250 0 0 463994 13529 622254 7100
0 252 0 0 471205 13909 632315 7200
0 256 0 0 478450 14265 642385 7300
0 260 0 0 485765 14690 652613 7400
0 266 0 0 492920 15045 662636 7500
0 268 0 0 500250 15477 672972 7600
0 270 0 0 507651 15947 683463 7700
0 272 0 0 514817 16316 693543 7800
0 276 0 0 522207 16635 703835 7900
0 277 0 0 529358 16999 713922 8000
0 280 0 0 536691 17379 724416 8100
0 281 0 0 544198 17746 735088 8200
0 283 0 0 551522 18165 745523 8300
0 285 0 0 558883 18618 755884 8400
0 291 0 0 566302 19065 766538 8500
0 293 0 0 573643 19451 777077 8600
0 295 0 0 580863 19802 787332 8700
0 302 0 0 588155 20189 797773 8800
0 305 0 0 595497 20589 808448 8900
0 308 0 0 602920 20921 819227 9000
0 310 0 0 610452 21267 830209 9100
0 314 0 0 617904 21649 841186 9200
0 316 0 0 625381 22024 852145 9300
0 319 0 0 632856 22414 863107 9400
0 323 0 0 640435 22799 874072 9500
0 326 0 0 647781 23227 884732 9600
0 328 0 0 655203 23588 895562 9700
0 333 0 0 662713 23941 906435 9800
0 337 0 0 670312 24296 917566 9900
0 339 0 0 677762 24672 928328 10000
0 341 0 0 685214 25035 939202 10100
0 344 0 0 692576 25357 949889 10200
0 348 0 0 699905 25674 960476 10300
0 349 0 0 707231 26002 971080 10400
0 350 0 0 714794 26318 981922 10500
0 353 0 0 722263 26645 992741 10600
0 357 0 0 729653 26993 1003709 10700
0 358 0 0 737129 27319 1014708 10800
0 368 0 0 744655 27652 1025634 10900
0 368 0 0 752085 27973 1036644 11000
0 372 0 0 759537 28305 1047575 11100
0 374 0 0 766925 28559 1058277 11200
0 378 0 0 774342 28917 1069125 11300
0 381 0 0 781891 29265 1079995 11400
0 384 0 0 789342 29581 1090853 11500
0 389 0 0 796938 29885 1101721 11600
0 391 0 0 804373 30175 1112463 11700
0 396 0 0 811795 30453 1123006 11800
0 399 0 0 819281 30806 1133709 11900
0 404 0 0 826730 31221 1144408 12000
0 405 0 0 834253 31550 1155186 12100
0 411 0 0 841744 31887 1166047 12200
0 413 0 0 849396 32172 1176868 12300
0 417 0 0 856802 32418 1187215 12400
0 419 0 0 864266 32734 1197714 12500
0 425 0 0 871626 32997 1207941 12600
0 430 0 0 878922 33203 1218026 12700
0 434 0 0 886388 33424 1228413 12800
0 436 0 0 893755 33707 1238656 12900
0 440 0 0 901148 33952 1249112 13000
0 443 0 0 908630 34195 1259529 13100
0 444 0 0 916132 34427 1270014 13200
0 447 0 0 923596 34659 1280434 13300
0 448 0 0 931056 34878 1290869 13400
0 452 0 0 938404 35106 1301055 13500
0 453 0 0 945724 35352 1311266 13600
0 456 0 0 952971 35598 1321376 13700
0 457 0 0 960392 35820 1331746 13800
0 462 0 0 967744 36038 1341928 13900
0 463 0 0 975224 36263 1352182 14000
0 465 0 0 982467 36525 1362020 14100
0 468 0 0 989741 36762 1371695 14200
0 471 0 0 997037 36983 1381400 14300
0 472 0 0 1004184 37231 1391107 14400
0 472 0 0 1011357 37538 1401019 14500
0 474 0 0 1018642 37848 1411135 14600
0 476 0 0 1025934 38070 1421331 14700
0 477 0 0 1033378 38310 1431741 14800
0 479 0 0 1040748 38571 1441939 14900
0 481 0 0 1048028 38835 1451900 15000
0 485 0 0 1055359 39104 1461924 15100
0 486 0 0 1062596 39374 1471973 15200
0 487 0 0 1069893 39672 1482030 15300
0 490 0 0 1077215 39967 1492339 15400
0 491 0 0 1084762 40268 1502910 15500
0 493 0 0 1092208 40556 1513599 15600
0 494 0 0 1099815 40844 1524527 15700
0 494 0 0 1107278 41114 1535506 15800
0 496 0 0 1114823 41427 1546695 15900
0 498 0 0 1122495 41733 1558137 16000
0 499 0 0 1130437 42111 1569886 16100
0 503 0 0 1138124 42457 1581417 16200
0 505 0 0 1145844 42744 1592576 16300
0 508 0 0 1153496 42998 1603713 16400
0 511 0 0 1161037 43350 1614749 16500
0 514 0 0 1168636 43635 1625804 16600
0 517 0 0 1176190 43921 1636888 16700
0 519 0 0 1183742 44176 1647629 16800
0 525 0 0 1191193 44501 1658371 16900
0 528 0 0 1198526 44841 1668831 17000
0 530 0 0 1205957 45125 1679399 17100
0 534 0 0 1213429 45399 1690075 17200
0 536 0 0 1220869 45776 1700970 17300
0 538 0 0 1228262 46154 1711903 17400
0 539 0 0 1235765 46505 1722971 17500
0 541 0 0 1243308 46824 1734128 17600
0 541 0 0 1250824 47197 1745138 17700
0 541 0 0 1258313 47553 1755889 17800
0 543 0 0 1265647 47873 1766394 17900
0 545 0 0 1272980 48249 1776927 18000
0 547 0 0 1280325 48565 1787417 18100
0 548 0 0 1287694 49051 1798170 18200
0 550 0 0 1295170 49454 1809122 18300
0 551 0 0 1302476 49887 1820076 18400
0 552 0 0 1309903 50256 1831178 18500
0 554 0 0 1317361 50596 1842268 18600
0 556 0 0 1324729 51051 1853001 18700
0 559 0 0 1332012 51440 1863788 18800
0 562 0 0 1339332 51915 1874549 18900
0 566 0 0 1346757 52323 1885549 19000
0 569 0 0 1354080 52699 1896243 19100
0 573 0 0 1361456 53061 1906895 19200
0 576 0 0 1368789 53440 1917448 19300
0 578 0 0 1376032 53840 1928116 19400
0 580 0 0 1383397 54217 1938705 19500
0 586 0 0 1390818 54670 1949394 19600
0 590 0 0 1398179 55040 1960129 19700
0 590 0 0 1405578 55433 1970946 19800
0 595 0 0 1413059 55874 1981766 19900
0 599 0 0 1420554 56278 1992538 20000
0 602 0 0 1427925 56602 2003033 20100
0 605 0 0 1435271 56917 2013440 20200
0 609 0 0 1442572 57211 2023806 20300
0 612 0 0 1449937 57490 2034467 20400
0 613 0 0 1457208 57843 2045273 20500
0 616 0 0 1464654 58132 2055981 20600
0 618 0 0 1472101 58389 2066624 20700
0 621 0 0 1479406 58641 2076854 20800
0 623 0 0 1486890 58922 2087218 20900
0 624 0 0 1494226 59220 2097288 21000
0 626 0 0 1501519 59523 2107384 21100
0 629 0 0 1508830 59770 2117471 21200
0 633 0 0 1516173 60012 2127444 21300
0 633 0 0 1523485 60290 2137292 21400
0 636 0 0 1530782 60584 2147114 21500
0 636 0 0 1537964 60895 2156886 21600
0 641 0 0 1545287 61218 2166997 21700
0 642 0 0 1552589 61521 2177006 21800
0 643 0 0 1559812 61832 2187146 21900
0 646 0 0 1567223 62121 2197657 22000
0 652 0 0 1574571 62393 2208225 22100
0 652 0 0 1581989 62704 2219089 22200
0 657 0 0 1589602 63001 2230183 22300
0 659 0 0 1596978 63327 2241038 22400
0 665 0 0 1604494 63620 2251808 22500
0 668 0 0 1611875 63950 2262568 22600
0 669 0 0 1619223 64229 2273345 22700
0 671 0 0 1626656 64506 2284366 22800
0 672 0 0 1634083 64813 2295295 22900
0 675 0 0 1641556 65128 2306324 23000
0 677 0 0 1648997 65398 2316998 23100
0 678 0 0 1656329 65676 2327579 23200
0 680 0 0 1663726 66020 2338087 23300
0 681 0 0 1670968 66342 2348331 23400
0 683 0 0 1678350 66672 2358890 23500
0 687 0 0 1685645 67017 2369475 23600
0 688 0 0 1693146 67374 2380316 23700
0 690 0 0 1700575 67717 2390870 23800
0 692 0 0 1707867 68055 2401380 23900
0 693 0 0 1715329 68416 2412091 24000
0 697 0 0 1722765 68746 2422891 24100
0 699 0 0 1730125 69067 2433714 24200
0 699 0 0 1737612 69413 2444821 24300
0 704 0 0 1745105 69737 2455872 24400
0 707 0 0 1752729 70065 2466884 24500
0 707 0 0 1760197 70371 2477732 24600
0 711 0 0 1767700 70646 2488328 24700
0 712 0 0 1774987 70971 2498752 24800
0 716 0 0 1782365 71305 2509296 24900
0 719 0 0 1789739 71584 2519803 25000
0 721 0 0 1797064 71860 2530372 25100
0 726 0 0 1804584 72098 2540815 25200
0 729 0 0 1811890 72410 2551174 25300
0 734 0 0 1819302 72717 2561587 25400
0 735 0 0 1826607 72946 2571881 25500
0 737 0 0 1834059 73173 2582122 25600
0 741 0 0 1841466 73444 2592244 25700
0 743 0 0 1848668 73685 2602059 25800
0 744 0 0 1856027 73978 2612135 25900
0 745 0 0 1863268 74328 2622204 26000
0 746 0 0 1870536 74632 2632210 26100
0 748 0 0 1877757 74966 2642163 26200
0 752 0 0 1885156 75270 2652096 26300
0 752 0 0 1892371 75606 2661852 26400
0 753 0 0 1899642 75946 2671820 26500
0 754 0 0 1906892 76299 2681742 26600
0 755 0 0 1914135 76607 2691576 26700
0 757 0 0 1921363 76920 2701365 26800
0 758 0 0 1928612 77223 2711190 26900
0 759 0 0 1935822 77532 2720922 27000
0 760 0 0 1943057 77817 2730408 27100
0 760 0 0 1950290 78099 2739914 27200
0 760 0 0 1957381 78406 2749433 27300
0 762 0 0 1964530 78676 2758885 27400
0 763 0 0 1971733 78922 2768319 27500
0 765 0 0 1978900 79197 2777772 27600
0 766 0 0 1985995 79503 2787195 27700
0 766 0 0 1993266 79758 2796871 27800
0 767 0 0 2000462 80012 2806649 27900
0 769 0 0 2007654 80311 2816611 28000
0 769 0 0 2014954 80600 2826686 28100
0 771 0 0 2022166 80901 2836590 28200
0 772 0 0 2029350 81203 2846424 28300
0 772 0 0 2036728 81538 2856654 28400
0 775 0 0 2043829 81834 2866686 28500
0 779 0 0 2051160 82099 2876817 28600
0 781 0 0 2058503 82351 2886935 28700
0 781 0 0 2065820 82659 2897195 28800
0 783 0 0 2073148 82949 2907482 28900
0 785 0 0 2080541 83271 2917833 29000
0 786 0 0 2087856 83586 2928005 29100
0 788 0 0 2095158 83859 2938068 29200
0 790 0 0 2102520 84152 2948164 29300
0 790 0 0 2109666 84457 2958025 29400
0 792 0 0 2116926 84708 2968119 29500
0 793 0 0 2124199 85055 2978162 29600
0 796 0 0 2131509 85351 2988322 29700
0 797 0 0 2138821 85631 2998477 29800
0 799 0 0 2146079 85964 3008676 29900
0 802 0 0 2153304 86236 3018902 30000
0 804 0 0 2160599 86573 3029254 30100
0 807 0 0 2168067 86901 3039522 30200
0 812 0 0 2175364 87204 3049601 30300
0 814 0 0 2182628 87494 3059675 30400
0 815 0 0 2190025 87803 3070018 30500
0 818 0 0 2197377 88083 3080218 30600
0 821 0 0 2204747 88394 3090451 30700
0 822 0 0 2212125 88704 3100747 30800
0 825 0 0 2219385 89022 3110951 30900
0 825 0 0 2226847 89347 3121443 31000
0 827 0 0 2234198 89647 3131889 31100
0 829 0 0 2241506 89907 3142380 31200
0 832 0 0 2248938 90214 3153090 31300
0 835 0 0 2256382 90558 3163915 31400
0 837 0 0 2263757 90885 3174620 31500
0 841 0 0 2271264 91193 3185674 31600
0 843 0 0 2278736 91557 3196377 31700
0 845 0 0 2286311 91895 3207292 31800
0 846 0 0 2293739 92190 3217830 31900
0 850 0 0 2301030 92526 3228105 32000
0 851 0 0 2308510 92864 3238685 32100
0 852 0 0 2315848 93233 3249202 32200
0 854 0 0 2323312 93572 3260004 32300
0 856 0 0 2330794 93933 3270890 32400
0 856 0 0 2338285 94333 3281955 32500
0 858 0 0 2345783 94693 3292922 32600
0 860 0 0 2353354 95007 3304181 32700
0 860 0 0 2360848 95334 3315417 32800
0 861 0 0 2368457 95649 3326624 32900
0 863 0 0 2375983 96010 3337735 33000
0 866 0 0 2383446 96375 3348804 33100
0 867 0 0 2390911 96732 3359932 33200
0 867 0 0 2398444 97047 3370942 33300
0 870 0 0 2406007 97330 3381746 33400
0 873 0 0 2413431 97617 3392301 33500
0 876 0 0 2420671 97953 3402525 33600
0 880 0 0 2428015 98297 3412829 33700
0 882 0 0 2435325 98621 3423195 33800
0 884 0 0 2442708 98985 3433624 33900
0 884 0 0 2450144 99238 3443873 34000
0 886 0 0 2457408 99526 3454179 34100
0 890 0 0 2464846 99821 3464748 34200
0 891 0 0 2472350 100072 3475505 34300
0 894 0 0 2479736 100363 3486262 34400
0 895 0 0 2487278 100706 3497388 34500
0 896 0 0 2494874 101029 3508440 34600
0 899 0 0 2502228 101289 3519186 34700
0 900 0 0 2509774 101567 3530243 34800
0 905 0 0 2517265 101890 3541076 34900
0 905 0 0 2524724 102205 3551965 35000
0 907 0 0 2532257 102513 3563136 35100
0 909 0 0 2539795 102809 3574161 35200
0 912 0 0 2547414 103124 3585278 35300
0 915 0 0 2554739 103426 3595931 35400
0 916 0 0 2562329 103710 3606746 35500
0 919 0 0 2569737 103962 3617471 35600
0 921 0 0 2577065 104243 3628314 35700
0 923 0 0 2584672 104575 3639229 35800
0 923 0 0 2592236 104911 3650018 35900
0 924 0 0 2599614 105238 3660466 36000
0 925 0 0 2607081 105554 3671125 36100
0 927 0 0 2614452 105896 3681559 36200
0 928 0 0 2621887 106200 3692121 36300
0 930 0 0 2629243 106474 3702688 36400
0 931 0 0 2636683 106785 3713386 36500
0 933 0 0 2644225 107037 3724004 36600
0 934 0 0 2651532 107298 3734294 36700
0 935 0 0 2659022 107544 3744720 36800
0 936 0 0 2666434 107775 3754950 36900
0 937 0 0 2673848 107974 3765309 37000
0 939 0 0 2681258 108210 3775515 37100
0 941 0 0 2688634 108422 3785648 37200
0 942 0 0 2696089 108621 3795860 37300
0 944 0 0 2703459 108867 3806030 37400
0 944 0 0 2710741 109096 3816233 37500
0 947 0 0 2718079 109337 3826468 37600
0 949 0 0 2725482 109593 3836832 37700
0 953 0 0 2732800 109828 3847181 37800
0 954 0 0 2740198 110063 3857559 37900
0 959 0 0 2747592 110355 3867854 38000
0 962 0 0 2754902 110612 3877937 38100
0 964 0 0 2762184 110878 3887984 38200
0 969 0 0 2769469 111200 3898185 38300
0 972 0 0 2776870 111455 3908378 38400
0 975 0 0 2784160 111760 3918509 38500
0 977 0 0 2791552 112028 3928859 38600
0 978 0 0 2798783 112328 3939064 38700
0 984 0 0 2806212 112631 3949434 38800
0 984 0 0 2813620 112886 3959699 38900
0 986 0 0 2820873 113209 3969795 39000
0 988 0 0 2828164 113501 3980107 39100
0 990 0 0 2835505 113850 3990483 39200
0 993 0 0 2842861 114136 4000749 39300
0 995 0 0 2850099 114413 4011123 39400
0 997 0 0 2857415 114735 4021312 39500
0 999 0 0 2864749 115075 4031549 39600
0 999 0 0 2872122 115373 4042025 39700
0 1000 0 0 2879293 115686 4052230 39800
0 1001 0 0 2886646 116026 4062588 39900
0 1002 0 0 2893948 116319 4072538 40000
0 1004 0 0 2901269 116686 4082524 40100
0 1007 0 0 2908355 117045 4092137 40200
0 1008 0 0 2915534 117435 4101957 40300
0 1009 0 0 2922719 117809 4111877 40400
0 1010 0 0 2929948 118117 4121878 40500
0 1013 0 0 2937162 118453 4131940 40600
0 1015 0 0 2944288 118780 4141854 40700
0 1018 0 0 2951561 119064 4151812 40800
0 1020 0 0 2958791 119348 4161652 40900
0 1022 0 0 2966140 119622 4171789 41000
0 1025 0 0 2973299 119920 4181615 41100
0 1028 0 0 2980599 120221 4191541 41200
0 1028 0 0 2987907 120490 4201466 41300
0 1032 0 0 2995169 120810 4211448 41400
0 1033 0 0 3002311 121056 4221206 41500
0 1037 0 0 3009635 121290 4231111 41600
0 1037 0 0 3016874 121540 4241040 41700
0 1043 0 0 3024124 121774 4250778 41800
0 1043 0 0 3031435 122065 4260683 41900
0 1046 0 0 3038587 122320 4270460 42000
0 1048 0 0 3045828 122549 4280447 42100
0 1049 0 0 3053095 122812 4290598 42200
0 1051 0 0 3060409 123053 4300764 42300
0 1051 0 0 3067740 123317 4310935 42400
0 1052 0 0 3075055 123635 4321126 42500
0 1053 0 0 3082338 123885 4331165 42600
0 1055 0 0 3089644 124158 4340984 42700
0 1057 0 0 3096788 124421 4350674 42800
0 1059 0 0 3103957 124719 4360479 42900
0 1061 0 0 3111224 124992 4370290 43000
0 1061 0 0 3118472 125310 4380105 43100
0 1063 0 0 3125687 125560 4389714 43200
0 1064 0 0 3132910 125803 4399346 43300
0 1067 0 0 3140047 126043 4408975 43400
0 1068 0 0 3147308 126280 4418870 43500
0 1070 0 0 3154543 126515 4428632 43600
0 1070 0 0 3161841 126742 4438649 43700
0 1071 0 0 3169083 127001 4448537 43800
0 1072 0 0 3176378 127305 4458532 43900
0 1072 0 0 3183571 127616 4468494 44000
0 1073 0 0 3190835 127859 4478478 44100
0 1073 0 0 3198127 128100 4488296 44200
0 1073 0 0 3205490 128335 4498175 44300
0 1073 0 0 3212618 128597 4507685 44400
0 1074 0 0 3219840 128817 4517226 44500
0 1075 0 0 3227190 129053 4526932 44600
0 1076 0 0 3234409 129327 4536437 44700
0 1076 0 0 3241558 129590 4545986 44800
0 1077 0 0 3248916 129803 4555737 44900
0 1078 0 0 3256092 130046 4565237 45000
0 1079 0 0 3263292 130302 4574759 45100
0 1080 0 0 3270563 130661 4584627 45200
0 1082 0 0 3277760 130956 4594400 45300
0 1083 0 0 3284981 131257 4604307 45400
0 1084 0 0 3292292 131527 4614234 45500
0 1089 0 0 3299453 131756 4624066 45600
0 1089 0 0 3306742 132060 4634076 45700
0 1091 0 0 3314000 132450 4644056 45800
0 1092 0 0 3321218 132756 4653879 45900
0 1092 0 0 3328556 133111 4664048 46000
0 1094 0 0 3335839 133455 4674273 46100
0 1095 0 0 3343221 133797 4684697 46200
0 1097 0 0 3350634 134143 4695093 46300
0 1098 0 0 3358075 134571 4705600 46400
0 1100 0 0 3365496 134959 4716209 46500
0 1103 0 0 3372912 135309 4726833 46600
0 1104 0 0 3380231 135677 4737396 46700
0 1106 0 0 3387855 136065 4748232 46800
0 1106 0 0 3395136 136489 4758802 46900
0 1107 0 0 3402514 136933 4769398 47000
0 1108 0 0 3409855 137325 4779899 47100
0 1108 0 0 3417163 137670 4790336 47200
0 1108 0 0 3424618 138054 4800869 47300
0 1110 0 0 3431906 138421 4811327 47400
0 1111 0 0 3439218 138701 4821504 47500
0 1111 0 0 3446485 139052 4831778 47600
0 1113 0 0 3453734 139366 4841940 47700
0 1113 0 0 3461003 139661 4852188 47800
0 1113 0 0 3468330 140020 4862362 47900
0 1114 0 0 3475798 140349 4872690 48000
0 1114 0 0 3483105 140644 4882949 48100
0 1114 0 0 3490388 140954 4893291 48200
0 1114 0 0 3497758 141241 4903720 48300
0 1116 0 0 3505075 141595 4914009 48400
0 1117 0 0 3512374 141929 4924090 48500
0 1118 0 0 3519651 142276 4934180 48600
0 1121 0 0 3526917 142634 4944200 48700
0 1121 0 0 3534172 142990 4954369 48800
0 1123 0 0 3541376 143324 4964353 48900
0 1126 0 0 3548525 143705 4974471 49000
0 1128 0 0 3555730 144019 4984580 49100
0 1129 0 0 3563087 144308 4994888 49200
0 1130 0 0 3570305 144599 5005199 49300
0 1130 0 0 3577648 144931 5015853 49400
0 1130 0 0 3585098 145219 5026548 49500
0 1132 0 0 3592365 145477 5037086 49600
0 1133 0 0 3599899 145746 5047687 49700
0 1134 0 0 3607260 146101 5058439 49800
0 1135 0 0 3614637 146409 5069002 49900
0 1138 0 0 3622083 146726 5079843 50000
0 1138 0 0 3629575 147101 5090818 50100
0 1139 0 0 3636967 147396 5101514 50200
0 1139 0 0 3644456 147694 5112444 50300
0 1141 0 0 3651956 147951 5123253 50400
0 1141 0 0 3659467 148299 5134354 50500
0 1143 0 0 3667042 148588 5145413 50600
0 1146 0 0 3674557 148892 5156432 50700
0 1146 0 0 3682019 149212 5167442 50800
0 1148 0 0 3689472 149527 5178515 50900
0 1149 0 0 3697111 149856 5189948 51000
0 1151 0 0 3704652 150170 5201365 51100
0 1153 0 0 3712235 150548 5212981 51200
0 1155 0 0 3719833 150875 5224682 51300
0 1158 0 0 3727446 151254 5236436 51400
0 1160 0 0 3734975 151638 5248094 51500
0 1162 0 0 3742561 152020 5259791 51600
0 1164 0 0 3750108 152349 5271334 51700
0 1167 0 0 3757720 152678 5282836 51800
0 1168 0 0 3765227 152990 5294108 51900
0 1169 0 0 3772762 153317 5305263 52000
0 1169 0 0 3780266 153692 5316302 52100
0 1170 0 0 3787709 154036 5327258 52200
0 1171 0 0 3795062 154337 5338195 52300
0 1175 0 0 3802686 154694 5349183 52400
0 1176 0 0 3810076 154989 5359637 52500
0 1177 0 0 3817449 155261 5369792 52600
0 1178 0 0 3824813 155521 5379836 52700
0 1179 0 0 3832106 155830 5389906 52800
0 1179 0 0 3839461 156100 5399880 52900
0 1179 0 0 3846703 156357 5409586 53000
0 1181 0 0 3853945 156623 5419360 53100
0 1183 0 0 3861269 156926 5429185 53200
0 1183 0 0 3868455 157234 5439186 53300
0 1183 0 0 3875779 157516 5449292 53400
0 1185 0 0 3883171 157737 5459429 53500
0 1188 0 0 3890509 158011 5469481 53600
0 1188 0 0 3897739 158339 5479602 53700
0 1189 0 0 3905180 158573 5489822 53800
0 1190 0 0 3912417 158803 5499857 53900
0 1192 0 0 3919665 159080 5509892 54000
0 1193 0 0 3926999 159294 5519948 54100
0 1193 0 0 3934313 159540 5530032 54200
0 1197 0 0 3941527 159826 5539989 54300
0 1198 0 0 3948783 160067 5549964 54400
0 1201 0 0 3956135 160315 5560070 54500
0 1202 0 0 3963500 160503 5569991 54600
0 1205 0 0 3970819 160732 5580044 54700
0 1206 0 0 3978183 160946 5590077 54800
0 1208 0 0 3985444 161168 5600035 54900
0 1208 0 0 3992635 161418 5609991 55000
0 1211 0 0 3999889 161623 5619985 55100
0 1214 0 0 4007246 161829 5629854 55200
0 1218 0 0 4014487 162075 5639550 55300
0 1220 0 0 4021764 162290 5649191 55400
0 1223 0 0 4028957 162507 5658780 55500
0 1226 0 0 4036191 162719 5668279 55600
0 1229 0 0 4043414 162910 5677804 55700
0 1232 0 0 4050581 163134 5687161 55800
0 1234 0 0 4057825 163325 5696765 55900
0 1237 0 0 4065040 163548 5706367 56000
0 1239 0 0 4072274 163736 5715926 56100
0 1240 0 0 4079529 163950 5725694 56200
0 1243 0 0 4086820 164193 5735412 56300
0 1246 0 0 4094007 164380 5744979 56400
0 1246 0 0 4101203 164586 5754484 56500
0 1246 0 0 4108489 164830 5764124 56600
0 1247 0 0 4115669 165052 5773426 56700
0 1249 0 0 4122761 165311 5782661 56800
0 1251 0 0 4129847 165558 5791833 56900
0 1254 0 0 4136937 165792 5801086 57000
0 1254 0 0 4143990 166024 5810169 57100
0 1256 0 0 4151168 166243 5819416 57200
0 1256 0 0 4158381 166483 5828817 57300
0 1257 0 0 4165635 166724 5838278 57400
0 1260 0 0 4172894 166934 5847673 57500
0 1261 0 0 4180092 167164 5857130 57600
0 1262 0 0 4187220 167355 5866427 57700
0 1264 0 0 4194630 167556 5876156 57800
0 1265 0 0 4201774 167776 5885520 57900
0 1268 0 0 4208969 168031 5895057 58000
0 1269 0 0 4216111 168238 5904563 58100
0 1270 0 0 4223416 168501 5914477 58200
0 1273 0 0 4230748 168729 5924557 58300
0 1276 0 0 4237989 168920 5934617 58400
0 1277 0 0 4245291 169217 5944820 58500
0 1280 0 0 4252579 169454 5955060 58600
0 1280 0 0 4259824 169702 5965185 58700
0 1281 0 0 4267156 169985 5975557 58800
0 1282 0 0 4274437 170301 5985877 58900
0 1287 0 0 4281734 170575 5996304 59000
0 1289 0 0 4289008 170892 6006733 59100
0 1289 0 0 4296224 171180 6017108 59200
0 1291 0 0 4303594 171472 6027577 59300
0 1291 0 0 4310908 171775 6037968 59400
0 1293 0 0 4318185 172101 6048375 59500
0 1293 0 0 4325459 172396 6058667 59600
0 1293 0 0 4332665 172709 6068962 59700
0 1293 0 0 4340071 173036 6079470 59800
0 1294 0 0 4347435 173324 6089892 59900
0 1297 0 0 4354776 173648 6100261 60000
0 1298 0 0 4362122 173892 6110447 60100
0 1299 0 0 4369349 174231 6120743 60200
0 1300 0 0 4376681 174545 6131031 60300
0 1300 0 0 4383937 174861 6141100 60400
0 1303 0 0 4391298 175273 6151490 60500
0 1303 0 0 4398364 175668 6161463 60600
0 1306 0 0 4405719 175976 6171902 60700
0 1309 0 0 4413085 176311 6182532 60800
0 1309 0 0 4420526 176644 6193323 60900
0 1310 0 0 4427956 177029 6203946 61000
0 1313 0 0 4435372 177401 6214468 61100
0 1314 0 0 4442727 177724 6224787 61200
0 1314 0 0 4450146 178032 6235272 61300
0 1314 0 0 4457607 178305 6245598 61400
0 1315 0 0 4464994 178632 6255899 61500
0 1316 0 0 4472196 178943 6265860 61600
0 1316 0 0 4479400 179234 6275761 61700
0 1317 0 0 4486726 179505 6285912 61800
0 1320 0 0 4493961 179772 6295809 61900
0 1322 0 0 4501200 180059 6305969 62000
0 1323 0 0 4508490 180370 6316114 62100
0 1326 0 0 4515735 180717 6326424 62200
0 1330 0 0 4523033 181038 6337007 62300
0 1333 0 0 4530492 181336 6347753 62400
0 1334 0 0 4537926 181591 6358659 62500
0 1335 0 0 4545385 181905 6369409 62600
0 1337 0 0 4552855 182213 6380194 62700
0 1340 0 0 4560257 182502 6390600 62800
0 1342 0 0 4567585 182769 6400849 62900
0 1345 0 0 4574931 183040 6411062 63000
0 1348 0 0 4582189 183303 6421021 63100
0 1351 0 0 4589566 183496 6430977 63200
0 1352 0 0 4596846 183726 6440783 63300
0 1353 0 0 4604040 183953 6450401 63400
0 1354 0 0 4611119 184219 6459995 63500
0 1355 0 0 4618335 184471 6469778 63600
0 1356 0 0 4625596 184745 6479637 63700
0 1356 0 0 4632752 185009 6489300 63800
0 1356 0 0 4640030 185207 6499042 63900
0 1361 0 0 4647402 185462 6508733 64000
0 1362 0 0 4654541 185768 6518184 64100
0 1364 0 0 4661842 186016 6527682 64200
0 1365 0 0 4668831 186315 6537010 64300
0 1365 0 0 4676122 186556 6546476 64400
0 1370 0 0 4683173 186811 6555765 64500
0 1372 0 0 4690372 187047 6565153 64600
0 1373 0 0 4697704 187302 6574959 64700
0 1373 0 0 4704872 187552 6584640 64800
0 1375 0 0 4712117 187824 6594317 64900
0 1377 0 0 4719393 188061 6604019 65000
0 1377 0 0 4726513 188304 6613722 65100
0 1378 0 0 4733840 188548 6623487 65200
0 1381 0 0 4741076 188746 6633377 65300
0 1381 0 0 4748415 188976 6643386 65400
0 1384 0 0 4755743 189206 6653411 65500
0 1387 0 0 4763069 189504 6663586 65600
0 1390 0 0 4770379 189769 6673699 65700
0 1393 0 0 4777835 190003 6683787 65800
0 1394 0 0 4785102 190274 6693858 65900
0 1395 0 0 4792396 190569 6703964 66000
0 1396 0 0 4799907 190893 6714297 66100
0 1396 0 0 4807221 191186 6724447 66200
0 1397 0 0 4814548 191469 6734439 66300
0 1397 0 0 4821807 191730 6744291 66400
0 1398 0 0 4829187 192034 6754174 66500
0 1399 0 0 4836453 192314 6763916 66600
0 1400 0 0 4843855 192606 6773894 66700
0 1401 0 0 4851020 192911 6783678 66800
0 1403 0 0 4858222 193203 6793555 66900
0 1406 0 0 4865553 193467 6803575 67000
0 1407 0 0 4872863 193736 6813558 67100
0 1409 0 0 4880109 194007 6823444 67200
0 1409 0 0 4887367 194293 6833212 67300
0 1411 0 0 4894424 194547 6842802 67400
0 1414 0 0 4901756 194830 6852524 67500
0 1417 0 0 4908963 195089 6862055 67600
0 1417 0 0 4916047 195330 6871674 67700
0 1418 0 0 4923348 195544 6881425 67800
0 1421 0 0 4930635 195763 6891174 67900
0 1423 0 0 4937873 195950 6900829 68000
0 1423 0 0 4945127 196152 6910481 68100
0 1425 0 0 4952419 196369 6920032 68200
0 1429 0 0 4959668 196579 6929656 68300
0 1432 0 0 4966829 196809 6939267 68400
0 1436 0 0 4974133 197009 6949051 68500
0 1437 0 0 4981356 197223 6958730 68600
0 1438 0 0 4988757 197412 6968648 68700
0 1440 0 0 4995915 197631 6978368 68800
0 1442 0 0 5003229 197851 6988178 68900
0 1445 0 0 5010548 198084 6998006 69000
0 1448 0 0 5017880 198361 7008037 69100
0 1450 0 0 5025143 198607 7017893 69200
0 1451 0 0 5032394 198843 7027823 69300
0 1454 0 0 5039610 199093 7037670 69400
0 1459 0 0 5046771 199347 7047481 69500
0 1462 0 0 5054119 199624 7057510 69600
0 1465 0 0 5061319 199862 7067349 69700
0 1466 0 0 5068632 200090 7077142 69800
0 1474 0 0 5075994 200321 7087133 69900
0 1477 0 0 5083256 200561 7096976 70000
0 1480 0 0 5090497 200824 7106738 70100
0 1485 0 0 5097784 201037 7116615 70200
0 1491 0 0 5105039 201353 7126612 70300
0 1495 0 0 5112272 201646 7136526 70400
0 1498 0 0 5119504 201925 7146383 70500
0 1501 0 0 5126654 202230 7156234 70600
0 1503 0 0 5133883 202513 7166131 70700
0 1503 0 0 5141092 202844 7176055 70800
0 1505 0 0 5148359 203146 7186192 70900
0 1510 0 0 5155594 203477 7196331 71000
0 1510 0 0 5162909 203759 7206452 71100
0 1512 0 0 5170181 204072 7216588 71200
0 1512 0 0 5177386 204403 7226736 71300
0 1513 0 0 5184579 204717 7236784 71400
0 1515 0 0 5191843 205005 7246988 71500
0 1515 0 0 5199236 205288 7257291 71600
0 1518 0 0 5206462 205617 7267414 71700
0 1519 0 0 5213710 205958 7277510 71800
0 1522 0 0 5221116 206306 7287882 71900
0 1524 0 0 5228397 206611 7298075 72000
0 1525 0 0 5235729 206913 7308241 72100
0 1526 0 0 5242985 207199 7318326 72200
0 1527 0 0 5250300 207500 7328376 72300
0 1529 0 0 5257574 207778 7338290 72400
0 1530 0 0 5264655 208090 7348067 72500
0 1530 0 0 5271826 208389 7358123 72600
0 1533 0 0 5279061 208682 7368119 72700
0 1536 0 0 5286417 208967 7378439 72800
0 1538 0 0 5293733 209277 7388911 72900
0 1539 0 0 5301073 209578 7399279 73000
0 1541 0 0 5308572 209850 7409699 73100
0 1542 0 0 5315740 210121 7419963 73200
0 1543 0 0 5323076 210396 7430530 73300
0 1544 0 0 5330404 210723 7441024 73400
0 1546 0 0 5337709 210987 7451179 73500
0 1548 0 0 5345051 211216 7461382 73600
0 1551 0 0 5352260 211506 7471377 73700
0 1551 0 0 5359429 211738 7481273 73800
0 1552 0 0 5366547 211974 7490983 73900
0 1553 0 0 5373795 212225 7500878 74000
0 1553 0 0 5381037 212482 7510514 74100
0 1553 0 0 5388083 212738 7520186 74200
0 1553 0 0 5395250 213030 7529869 74300
0 1554 0 0 5402588 213338 7539850 74400
0 1556 0 0 5409800 213651 7549580 74500
0 1556 0 0 5416941 213932 7559199 74600
0 1557 0 0 5424130 214221 7568898 74700
0 1558 0 0 5431262 214496 7578447 74800
0 1560 0 0 5438418 214796 7588103 74900
0 1560 0 0 5445615 215089 7597933 75000
0 1560 0 0 5452729 215358 7607606 75100
0 1560 0 0 5460080 215641 7617597 75200
0 1561 0 0 5467279 215949 7627747 75300
0 1562 0 0 5474660 216266 7638033 75400
0 1562 0 0 5482062 216559 7648460 75500
0 1563 0 0 5489470 216846 7658887 75600
0 1564 0 0 5496847 217203 7669232 75700
0 1565 0 0 5504086 217502 7679444 75800
0 1566 0 0 5511341 217821 7689528 75900
0 1566 0 0 5518547 218186 7699663 76000
0 1568 0 0 5525734 218474 7709657 76100
0 1569 0 0 5532966 218810 7719694 76200
0 1571 0 0 5540231 219131 7729886 76300
0 1575 0 0 5547540 219456 7739966 76400
0 1576 0 0 5554773 219777 7750159 76500
0 1578 0 0 5562136 220089 7760537 76600
0 1579 0 0 5569466 220443 7771097 76700
0 1582 0 0 5576881 220827 7781965 76800
0 1583 0 0 5584210 221147 7792529 76900
0 1585 0 0 5591659 221499 7803251 77000
0 1586 0 0 5598977 221850 7813872 77100
0 1588 0 0 5606225 222209 7824361 77200
0 1590 0 0 5613626 222621 7835079 77300
0 1592 0 0 5620907 222988 7845667 77400
0 1594 0 0 5628347 223413 7856338 77500
0 1596 0 0 5635596 223804 7866821 77600
0 1597 0 0 5642778 224210 7877106 77700
0 1598 0 0 5650109 224594 7887572 77800
0 1598 0 0 5657399 224902 7897957 77900
0 1598 0 0 5664791 225181 7908337 78000
0 1600 0 0 5672181 225464 7918731 78100
0 1600 0 0 5679588 225700 7929018 78200
0 1601 0 0 5686938 225958 7939149 78300
0 1601 0 0 5694246 226180 7949275 78400
0 1604 0 0 5701490 226404 7959248 78500
0 1604 0 0 5708753 226632 7968975 78600
0 1604 0 0 5716048 226917 7978755 78700
0 1608 0 0 5723349 227155 7988458 78800
0 1608 0 0 5730488 227407 7998121 78900
0 1613 0 0 5737731 227608 8007892 79000
0 1615 0 0 5745002 227843 8017660 79100
0 1617 0 0 5752116 228029 8027250 79200
0 1619 0 0 5759354 228241 8036894 79300
0 1621 0 0 5766558 228449 8046342 79400
0 1623 0 0 5773660 228661 8055695 79500
0 1627 0 0 5780779 228925 8065032 79600
0 1628 0 0 5787852 229139 8074330 79700
0 1631 0 0 5795078 229386 8083911 79800
0 1631 0 0 5802425 229682 8093730 79900
0 1632 0 0 5809662 229922 8103471 80000
0 1633 0 0 5816898 230208 8113485 80100
0 1638 0 0 5824293 230454 8123746 80200
0 1639 0 0 5831709 230752 8134133 80300
0 1640 0 0 5839054 231078 8144417 80400
0 1641 0 0 5846282 231388 8154780 80500
0 1642 0 0 5853701 231679 8165384 80600
0 1643 0 0 5861089 232022 8175973 80700
0 1644 0 0 5868396 232375 8186426 80800
0 1645 0 0 5875753 232707 8196795 80900
0 1646 0 0 5883089 233064 8207349 81000
0 1646 0 0 5890414 233449 8217771 81100
0 1650 0 0 5897747 233893 8228387 81200
0 1652 0 0 5905214 234307 8239062 81300
0 1652 0 0 5912573 234713 8249789 81400
0 1653 0 0 5919950 235139 8260655 81500
0 1653 0 0 5927430 235537 8271659 81600
0 1655 0 0 5935070 235997 8282694 81700
0 1657 0 0 5942361 236428 8293472 81800
0 1659 0 0 5949778 236863 8304175 81900
0 1661 0 0 5957173 237330 8314841 82000
0 1662 0 0 5964549 237729 8325400 82100
0 1663 0 0 5971959 238123 8336116 82200
0 1664 0 0 5979346 238531 8346880 82300
0 1666 0 0 5986753 239023 8357847 82400
0 1667 0 0 5994238 239474 8368858 82500
0 1672 0 0 6001768 239935 8379884 82600
0 1675 0 0 6009264 240374 8390904 82700
0 1676 0 0 6016735 240808 8401922 82800
0 1677 0 0 6024216 241187 8413018 82900
0 1678 0 0 6031670 241546 8424119 83000
0 1679 0 0 6039190 242006 8435470 83100
0 1681 0 0 6046590 242393 8446640 83200
0 1682 0 0 6054088 242767 8457974 83300
0 1682 0 0 6061665 243127 8469396 83400
0 1685 0 0 6069223 243478 8480709 83500
0 1687 0 0 6076732 243821 8491999 83600
0 1689 0 0 6084169 244165 8503356 83700
0 1689 0 0 6091866 244485 8514862 83800
0 1693 0 0 6099384 244809 8526567 83900
0 1694 0 0 6106920 245162 8538251 84000
0 1694 0 0 6114600 245495 8550223 84100
0 1696 0 0 6122382 245777 8562289 84200
0 1699 0 0 6130082 246094 8574403 84300
0 1699 0 0 6137748 246356 8586027 84400
0 1701 0 0 6145436 246638 8597821 84500
0 1702 0 0 6153019 246941 8609165 84600
0 1703 0 0 6160537 247279 8620592 84700
0 1704 0 0 6168149 247576 8632004 84800
0 1706 0 0 6175716 247851 8643308 84900
0 1707 0 0 6183200 248133 8654286 85000
0 1708 0 0 6190787 248414 8665412 85100
0 1709 0 0 6198298 248651 8676151 85200
0 1710 0 0 6205672 248971 8686674 85300
0 1711 0 0 6213132 249224 8697209 85400
0 1711 0 0 6220450 249583 8707526 85500
0 1711 0 0 6227735 249867 8717993 85600
0 1712 0 0 6235086 250182 8728384 85700
0 1713 0 0 6242348 250484 8738642 85800
0 1713 0 0 6249625 250780 8748791 85900
0 1713 0 0 6256888 251041 8758752 86000
0 1715 0 0 6264232 251280 8768620 86100
0 1715 0 0 6271443 251629 8778458 86200
0 1715 0 0 6278556 251926 8788204 86300
0 1716 0 0 6285852 252232 8798247 86400
0 1716 0 0 6293040 252530 8808005 86500
0 1718 0 0 6300261 252865 8817897 86600
0 1719 0 0 6307413 253173 8827858 86700
0 1720 0 0 6314674 253513 8837992 86800
0 1722 0 0 6321891 253895 8848175 86900
0 1723 0 0 6329322 254193 8858467 87000
0 1725 0 0 6336689 254514 8868615 87100
0 1728 0 0 6343875 254826 8878571 87200
0 1729 0 0 6351146 255138 8888648 87300
0 1730 0 0 6358430 255500 8898875 87400
0 1731 0 0 6365622 255800 8908982 87500
0 1732 0 0 6373052 256138 8919437 87600
0 1735 0 0 6380404 256457 8929685 87700
0 1735 0 0 6387843 256767 8940034 87800
0 1736 0 0 6395207 257052 8950223 87900
0 1737 0 0 6402460 257343 8960318 88000
0 1739 0 0 6409916 257665 8970593 88100
0 1740 0 0 6417242 257981 8980981 88200
0 1743 0 0 6424575 258257 8991388 88300
0 1743 0 0 6432096 258532 9002043 88400
0 1745 0 0 6439448 258776 9012399 88500
0 1748 0 0 6446837 259005 9022650 88600
0 1749 0 0 6454206 259228 9032816 88700
0 1752 0 0 6461485 259457 9042723 88800
0 1753 0 0 6468789 259694 9052821 88900
0 1753 0 0 6476043 259909 9062853 89000
0 1755 0 0 6483450 260123 9072973 89100
0 1758 0 0 6490831 260355 9083126 89200
0 1759 0 0 6498045 260559 9093177 89300
0 1760 0 0 6505410 260715 9103210 89400
0 1765 0 0 6512724 260927 9113287 89500
0 1766 0 0 6520051 261163 9123502 89600
0 1768 0 0 6527420 261419 9133740 89700
0 1773 0 0 6534718 261658 9143920 89800
0 1773 0 0 6542121 261900 9154115 89900
0 1773 0 0 6549403 262187 9164222 90000
0 1775 0 0 6556648 262516 9174378 90100
0 1777 0 0 6563879 262852 9184437 90200
0 1780 0 0 6571083 263161 9194381 90300
0 1781 0 0 6578300 263513 9204406 90400
0 1784 0 0 6585563 263829 9214449 90500
0 1786 0 0 6592732 264182 9224458 90600
0 1792 0 0 6599939 264478 9234581 90700
0 1794 0 0 6607226 264787 9244644 90800
0 1796 0 0 6614410 265151 9254762 90900
0 1799 0 0 6621521 265463 9264662 91000
0 1799 0 0 6628848 265833 9274876 91100
0 1802 0 0 6635960 266227 9284821 91200
0 1803 0 0 6643239 266573 9294885 91300
0 1804 0 0 6650421 266882 9305035 91400
0 1806 0 0 6657665 267228 9315249 91500
0 1811 0 0 6664857 267619 9325788 91600
0 1811 0 0 6672228 268021 9336602 91700
0 1813 0 0 6679479 268282 9347019 91800
0 1817 0 0 6686794 268605 9357364 91900
0 1819 0 0 6694008 268961 9367700 92000
0 1821 0 0 6701196 269282 9377884 92100
0 1823 0 0 6708401 269608 9388063 92200
0 1825 0 0 6715654 269917 9398378 92300
0 1827 0 0 6723004 270225 9408811 92400
0 1828 0 0 6730330 270496 9419162 92500
0 1830 0 0 6737721 270841 9429820 92600
0 1830 0 0 6745107 271195 9440488 92700
0 1832 0 0 6752463 271501 9451246 92800
0 1832 0 0 6759936 271788 9462082 92900
0 1832 0 0 6767404 272114 9472874 93000
0 1832 0 0 6774874 272424 9483666 93100
0 1832 0 0 6782212 272806 9494342 93200
0 1833 0 0 6789687 273181 9505206 93300
0 1834 0 0 6797091 273477 9515962 93400
0 1835 0 0 6804559 273777 9526788 93500
0 1836 0 0 6811961 274189 9537752 93600
0 1839 0 0 6819466 274507 9548570 93700
0 1839 0 0 6826712 274824 9559159 93800
0 1840 0 0 6834297 275109 9570144 93900
0 1842 0 0 6841775 275452 9580969 94000
0 1844 0 0 6849391 275754 9591918 94100
0 1845 0 0 6856716 276099 9602454 94200
0 1846 0 0 6864187 276441 9613178 94300
0 1847 0 0 6871601 276705 9623716 94400
0 1847 0 0 6879131 277013 9634347 94500
0 1848 0 0 6886544 277300 9644657 94600
0 1850 0 0 6893877 277610 9654880 94700
0 1850 0 0 6901241 277834 9665054 94800
0 1854 0 0 6908586 278160 9675374 94900
0 1855 0 0 6915831 278426 9685516 95000
0 1857 0 0 6923201 278750 9695853 95100
0 1858 0 0 6930465 279068 9705917 95200
0 1859 0 0 6937835 279352 9716018 95300
0 1859 0 0 6945084 279650 9725924 95400
0 1860 0 0 6952337 279982 9735870 95500
0 1861 0 0 6959567 280304 9745846 95600
0 1861 0 0 6966875 280608 9755897 95700
0 1863 0 0 6974033 280908 9765813 95800
0 1866 0 0 6981322 281179 9775766 95900
0 1866 0 0 6988523 281470 9785599 96000
0 1869 0 0 6995709 281763 9795542 96100
0 1869 0 0 7002883 282109 9805473 96200
0 1870 0 0 7010256 282413 9815444 96300
0 1871 0 0 7017573 282737 9825541 96400
0 1872 0 0 7024736 283057 9835691 96500
0 1872 0 0 7032104 283383 9845869 96600
0 1873 0 0 7039392 283749 9856004 96700
0 1873 0 0 7046737 284166 9866484 96800
0 1874 0 0 7054230 284552 9877151 96900
0 1875 0 0 7061575 284925 9887584 97000
0 1875 0 0 7069090 285272 9898299 97100
0 1876 0 0 7076393 285632 9908876 97200
0 1877 0 0 7083905 286025 9919525 97300
0 1879 0 0 7091249 286403 9930060 97400
0 1879 0 0 7098626 286720 9940639 97500
0 1880 0 0 7106024 287080 9951402 97600
0 1882 0 0 7113554 287393 9962413 97700
0 1882 0 0 7121054 287702 9973312 97800
0 1883 0 0 7128473 288022 9984318 97900
0 1885 0 0 7136054 288339 9995379 98000
0 1885 0 0 7143447 288594 10006232 98100
0 1887 0 0 7150989 288867 10017250 98200
0 1887 0 0 7158506 289184 10028393 98300
0 1888 0 0 7166001 289507 10039369 98400
0 1890 0 0 7173595 289813 10050446 98500
0 1890 0 0 7181080 290058 10061213 98600
0 1891 0 0 7188575 290359 10071847 98700
0 1891 0 0 7196042 290641 10082270 98800
0 1891 0 0 7203420 290946 10092654 98900
0 1893 0 0 7210797 291201 10102897 99000
0 1893 0 0 7218088 291497 10113136 99100
0 1895 0 0 7225535 291764 10123500 99200
0 1895 0 0 7232774 292014 10133605 99300
0 1896 0 0 7240106 292276 10143638 99400
0 1898 0 0 7247458 292541 10153837 99500
0 1899 0 0 7254813 292824 10164079 99600
0 1900 0 0 7262280 293090 10174296 99700
0 1901 0 0 7269626 293367 10184238 99800
0 1902 0 0 7276925 293608 10194231 99900
0 1903 0 0 7284124 293846 10204107 100000
0 1904 0 0 7291561 294131 10214077 100100
0 1906 0 0 7298926 294402 10224056 100200
0 1907 0 0 7306135 294670 10233865 100300
0 1908 0 0 7313355 294950 10243817 100400
0 1910 0 0 7320745 295234 10253886 100500
0 1911 0 0 7328097 295541 10263934 100600
0 1911 0 0 7335488 295815 10273790 100700
0 1911 0 0 7342746 296124 10283614 100800
0 1913 0 0 7350037 296416 10293415 100900
0 1913 0 0 7357398 296727 10303556 101000
0 1913 0 0 7364724 297061 10313784 101100
0 1914 0 0 7372124 297478 10324283 101200
0 1914 0 0 7379462 297798 10334803 101300
0 1915 0 0 7386876 298193 10345691 101400
0 1915 0 0 7394474 298580 10356870 101500
0 1917 0 0 7401872 298986 10367746 101600
0 1918 0 0 7409177 299397 10378236 101700
0 1922 0 0 7416560 299880 10388867 101800
0 1923 0 0 7423884 300305 10399378 101900
0 1927 0 0 7431204 300768 10409934 102000
0 1928 0 0 7438590 301172 10420518 102100
0 1929 0 0 7445990 301550 10431027 102200
0 1931 0 0 7453378 301950 10441723 102300
0 1932 0 0 7460728 302374 10452328 102400
0 1935 0 0 7468150 302733 10462876 102500
0 1936 0 0 7475425 303175 10473440 102600
0 1938 0 0 7482779 303570 10483879 102700
0 1938 0 0 7490069 304012 10494352 102800
0 1938 0 0 7497291 304415 10504562 102900
0 1939 0 0 7504537 304837 10514829 103000
0 1940 0 0 7511904 305200 10525298 103100
0 1941 0 0 7519358 305668 10536132 103200
0 1941 0 0 7526734 306086 10546956 103300
0 1941 0 0 7534104 306455 10557771 103400
0 1941 0 0 7541624 306803 10568745 103500
0 1942 0 0 7549063 307151 10579747 103600
0 1942 0 0 7556534 307502 10590795 103700
0 1942 0 0 7563970 307894 10601919 103800
0 1943 0 0 7571526 308192 10612773 103900
0 1944 0 0 7578952 308523 10623543 104000
0 1944 0 0 7586348 308830 10634267 104100
0 1947 0 0 7593737 309135 10644897 104200
0 1948 0 0 7601185 309454 10655472 104300
0 1949 0 0 7608575 309809 10666107 104400
0 1949 0 0 7615902 310174 10676592 104500
0 1951 0 0 7623306 310471 10687131 104600
0 1952 0 0 7630658 310819 10697663 104700
0 1953 0 0 7638010 311142 10707986 104800
0 1953 0 0 7645301 311457 10718287 104900
0 1954 0 0 7652646 311787 10728657 105000
0 1955 0 0 7659957 312136 10739100 105100
0 1956 0 0 7667109 312453 10749073 105200
0 1956 0 0 7674513 312740 10759162 105300
0 1957 0 0 7681642 313110 10769126 105400
0 1959 0 0 7688874 313428 10779152 105500
0 1961 0 0 7696126 313734 10789190 105600
0 1961 0 0 7703399 314010 10799144 105700
0 1962 0 0 7710606 314281 10809035 105800
0 1964 0 0 7717892 314550 10818932 105900
0 1966 0 0 7725030 314813 10828784 106000
0 1967 0 0 7732278 315088 10838798 106100
0 1967 0 0 7739528 315368 10848687 106200
0 1969 0 0 7746621 315618 10858409 106300
0 1974 0 0 7753854 315905 10868162 106400
0 1975 0 0 7760991 316213 10877813 106500
0 1976 0 0 7768035 316478 10887179 106600
0 1979 0 0 7775154 316785 10896528 106700
0 1981 0 0 7782329 317086 10906168 106800
0 1982 0 0 7789420 317384 10915789 106900
0 1984 0 0 7796498 317732 10925552 107000
0 1987 0 0 7803700 318026 10935470 107100
0 1988 0 0 7810934 318322 10945380 107200
0 1988 0 0 7818114 318615 10955080 107300
0 1990 0 0 7825299 318905 10964817 107400
0 1992 0 0 7832302 319195 10974564 107500
0 1993 0 0 7839480 319472 10984360 107600
0 1994 0 0 7846710 319757 10994377 107700
0 1996 0 0 7854107 320045 11004692 107800
0 1996 0 0 7861501 320359 11015111 107900
0 1998 0 0 7868811 320606 11025185 108000
0 1999 0 0 7876121 320906 11035399 108100
0 2000 0 0 7883461 321230 11045520 108200
0 2002 0 0 7890632 321542 11055650 108300
0 2002 0 0 7897957 321840 11065806 108400
0 2003 0 0 7905262 322133 11076053 108500
0 2003 0 0 7912563 322410 11086079 108600
0 2003 0 0 7919897 322748 11096134 108700
0 2004 0 0 7927250 323053 11106013 108800
0 2006 0 0 7934466 323276 11115799 108900
0 2006 0 0 7941611 323519 11125403 109000
0 2007 0 0 7948828 323827 11135334 109100
0 2008 0 0 7956060 324115 11145239 109200
0 2010 0 0 7963277 324386 11154968 109300
0 2011 0 0 7970494 324612 11164783 109400
0 2013 0 0 7977710 324859 11174695 109500
0 2014 0 0 7984897 325119 11184504 109600
0 2016 0 0 7992180 325385 11194201 109700
0 2018 0 0 7999295 325620 11203715 109800
0 2018 0 0 8006334 325895 11213080 109900
0 2020 0 0 8013552 326151 11222577 110000
0 2021 0 0 8020627 326402 11231978 110100
0 2023 0 0 8027809 326693 11241685 110200
0 2025 0 0 8034972 326969 11251521 110300
0 2026 0 0 8042188 327268 11261474 110400
0 2026 0 0 8049443 327580 11271527 110500
0 2026 0 0 8056801 327941 11281811 110600
0 2026 0 0 8064128 328274 11292025 110700
0 2027 0 0 8071444 328582 11302257 110800
0 2027 0 0 8078646 328869 11312189 110900
0 2027 0 0 8086028 329137 11322272 111000
0 2029 0 0 8093303 329461 11332347 111100
0 2031 0 0 8100658 329765 11342605 111200
0 2033 0 0 8108017 330094 11352761 111300
0 2034 0 0 8115298 330403 11362991 111400
0 2035 0 0 8122667 330754 11373181 111500
0 2036 0 0 8129937 331142 11383327 111600
0 2039 0 0 8137209 331435 11393222 111700
0 2040 0 0 8144509 331732 11403148 111800
0 2041 0 0 8151727 332037 11412788 111900
0 2042 0 0 8158899 332319 11422280 112000
0 2045 0 0 8166001 332622 11431713 112100
0 2047 0 0 8173165 332909 11441295 112200
0 2048 0 0 8180450 333172 11450942 112300
0 2050 0 0 8187618 333467 11460693 112400
0 2052 0 0 8194846 333726 11470406 112500
0 2054 0 0 8202015 334047 11480019 112600
0 2054 0 0 8209084 334281 11489396 112700
0 2057 0 0 8216299 334593 11498903 112800
0 2058 0 0 8223336 334951 11508160 112900
0 2061 0 0 8230521 335309 11517734 113000
0 2062 0 0 8237613 335636 11527350 113100
0 2064 0 0 8244922 335967 11537336 113200
0 2066 0 0 8252166 336343 11547457 113300
0 2070 0 0 8259419 336665 11557670 113400
0 2072 0 0 8266738 337044 11568088 113500
0 2072 0 0 8274143 337410 11578619 113600
0 2074 0 0 8281588 337726 11589097 113700
0 2075 0 0 8288878 338066 11599391 113800
0 2078 0 0 8296190 338378 11609674 113900
0 2080 0 0 8303527 338731 11620088 114000
0 2081 0 0 8310818 339070 11630425 114100
0 2083 0 0 8318293 339398 11641225 114200
0 2085 0 0 8325791 339713 11652120 114300
0 2087 0 0 8333166 340021 11662920 114400
0 2087 0 0 8340551 340356 11673614 114500
0 2087 0 0 8348110 340642 11684639 114600
0 2089 0 0 8355550 340908 11695622 114700
0 2093 0 0 8363078 341223 11706744 114800
0 2095 0 0 8370547 341486 11717717 114900
0 2096 0 0 8377942 341798 11728598 115000
0 2098 0 0 8385384 342078 11739554 115100
0 2099 0 0 8392909 342378 11750470 115200
0 2100 0 0 8400348 342694 11761308 115300
0 2100 0 0 8407848 343061 11772468 115400
0 2102 0 0 8415366 343339 11783326 115500
0 2102 0 0 8422794 343660 11794157 115600
0 2103 0 0 8430256 344023 11805008 115700
0 2103 0 0 8437636 344383 11815683 115800
0 2103 0 0 8444989 344705 11826330 115900
0 2104 0 0 8452549 345017 11837259 116000
0 2104 0 0 8459886 345304 11847760 116100
0 2104 0 0 8467261 345600 11858247 116200
0 2104 0 0 8474736 345918 11868819 116300
0 2106 0 0 8482073 346222 11879091 116400
0 2107 0 0 8489320 346546 11889361 116500
0 2108 0 0 8496721 346888 11899836 116600
0 2109 0 0 8503988 347207 11910066 116700
0 2110 0 0 8511257 347533 11920404 116800
0 2112 0 0 8518518 347850 11930805 116900
0 2113 0 0 8525834 348262 11941362 117000
0 2116 0 0 8533234 348653 11951913 117100
0 2116 0 0 8540549 349044 11962300 117200
0 2117 0 0 8547946 349355 11972719 117300
0 2120 0 0 8555285 349721 11983117 117400
0 2121 0 0 8562609 350099 11993405 117500
0 2121 0 0 8569969 350439 12003644 117600
0 2124 0 0 8577186 350796 12013758 117700
0 2124 0 0 8584345 351100 12023796 117800
0 2126 0 0 8591667 351455 12034217 117900
0 2127 0 0 8598962 351773 12044589 118000
0 2129 0 0 8606255 352105 12055047 118100
0 2130 0 0 8613679 352437 12065652 118200
0 2131 0 0 8621036 352717 12076220 118300
0 2131 0 0 8628263 353023 12086586 118400
0 2134 0 0 8635552 353306 12097133 118500
0 2135 0 0 8642939 353622 12107854 118600
0 2138 0 0 8650449 353909 12118558 118700
0 2140 0 0 8657785 354196 12128942 118800
0 2141 0 0 8665037 354476 12139326 118900
0 2141 0 0 8672462 354751 12149774 119000
0 2142 0 0 8679669 355091 12159918 119100
0 2143 0 0 8686983 355365 12169889 119200
0 2144 0 0 8694317 355668 12179970 119300
0 2144 0 0 8701474 355947 12189733 119400
0 2144 0 0 8708730 356242 12199610 119500
0 2145 0 0 8716032 356503 12209612 119600
0 2147 0 0 8723294 356805 12219579 119700
0 2147 0 0 8730510 357047 12229270 119800
0 2152 0 0 8737584 357263 12238658 119900
