0.0 38.0 6401 0.0 0.0 0
0.0 23.333333333333332 2646 0.0 0.0 100
0.03290852449730954 19.2 2033 0.0 0.0 200
0.14323630878523924 16.857142857142858 1838 0.0 0.0 300
0.3624318677628548 15.777777777777779 1767 0.0 0.0 400
0.6403334820992188 16.181818181818183 1765 0.0 0.0 500
1.0338217052238023 16.615384615384617 1794 0.03076923076923077 0.0 600
1.6201871084314248 18.266666666666666 1844 0.1748148148148148 1.5333333333333334 700
2.303815332311403 21.529411764705884 1899 0.38954248366013067 5.588235294117647 800
3.1173116141838397 26.210526315789473 1970 0.5029239766081871 16.263157894736842 900
4.012134283336595 29.904761904761905 2048 0.7026455026455026 25.761904761904763 1000
4.98782331431036 34.0 2130 0.9664886854818205 31.91304347826087 1100
6.038669740742514 40.4 2213 1.1658362573099414 39.48 1200
7.210081023875457 46.666666666666664 2303 1.3957173322670398 48.03703703703704 1300
8.479363094176632 51.724137931034484 2392 1.6175922214766543 57.44827586206897 1400
9.78263843320374 55.41935483870968 2486 1.8475422834341722 68.29032258064517 1500
11.197679974442082 63.09090909090909 2580 2.113898765797207 80.06060606060606 1600
12.703360527180175 70.68571428571428 2678 2.347991768653908 92.85714285714286 1700
14.358843540027502 80.32432432432432 2771 2.561467743175172 103.13513513513513 1800
16.041893827649194 85.7948717948718 2868 2.8028433811111544 111.33333333333333 1900
17.79134468431609 90.48780487804878 2968 3.103860006936284 119.65853658536585 2000
19.8381535508564 95.81395348837209 3064 3.3815023662279597 128.4418604651163 2100
22.133083911307338 101.95555555555555 3157 3.636633426373926 137.6 2200
24.535025402178192 108.2127659574468 3256 3.915925620996312 147.87234042553192 2300
26.740982485862137 118.6938775510204 3356 4.151365821213433 159.3877551020408 2400
28.79971394736888 132.7058823529412 3448 4.3538922389573855 170.94117647058823 2500
30.731976499323974 145.81132075471697 3531 4.526455900441737 183.26415094339623 2600
32.61670287787498 153.78181818181818 3611 4.672862288751031 195.43636363636364 2700
34.35215302259044 156.0 3689 4.790552279567733 205.35087719298247 2800
36.10247686131708 156.84745762711864 3765 4.887772086543942 215.25423728813558 2900
37.845313416258456 157.9016393442623 3836 4.957845132886763 224.19672131147541 3000
39.55750728003029 159.33333333333334 3905 5.040816035697613 232.34920634920636 3100
41.283808844633036 162.09230769230768 3967 5.119280437396427 240.6769230769231 3200
43.21184790487943 164.8955223880597 4020 5.189048834463114 247.62686567164178 3300
45.50695949216247 179.59420289855072 4073 5.2711295445752935 253.3768115942029 3400
48.25103431985552 193.57746478873239 4129 5.380276130174111 257.19718309859155 3500
50.76472011303381 207.94520547945206 4186 5.466586708659696 260.36986301369865 3600
52.99570078962831 210.69333333333333 4239 5.540564149515191 262.73333333333335 3700
54.91646145911438 220.12987012987014 4294 5.623558562686323 264.8831168831169 3800
57.01000603400463 230.83544303797467 4351 5.729797586415784 267.7721518987342 3900
59.45443378478546 243.1851851851852 4412 5.837171260147468 270.2962962962963 4000
61.98684688550843 249.75903614457832 4473 5.949046651469216 273.13253012048193 4100
64.48446399576609 254.89411764705883 4534 6.072598494964058 276.2470588235294 4200
66.57140685737268 259.4942528735632 4592 6.1556464648541995 279.0689655172414 4300
68.89282127630337 262.2696629213483 4649 6.259420362400407 281.7865168539326 4400
71.39239528334045 265.95604395604397 4702 6.356815719070928 285.1208791208791 4500
74.16490208649493 270.68817204301075 4758 6.437759244578488 288.8494623655914 4600
77.02136541335524 275.7894736842105 4807 6.522744866191288 292.1684210526316 4700
80.14277523407236 279.5670103092784 4861 6.617547851531105 295.2371134020619 4800
83.05991098883057 286.44444444444446 4911 6.702041834328456 297.8484848484849 4900
86.13440640157819 294.2178217821782 4962 6.786796310027752 300.0792079207921 5000
89.29790227080775 301.24271844660194 5010 6.884846161024566 302.3009708737864 5100
92.09317229711019 309.3904761904762 5058 6.970990184765191 304.9047619047619 5200
94.94569310257663 321.06542056074767 5107 7.055468238091747 307.30841121495325 5300
97.23009842422717 327.5045871559633 5153 7.134076575769135 309.9633027522936 5400
99.27460848074656 336.3243243243243 5196 7.215038276753334 312.52252252252254 5500
101.40884205425873 343.57522123893807 5238 7.2893755522023485 315.0353982300885 5600
103.6611404239503 352.504347826087 5274 7.361212499120568 317.7913043478261 5700
105.97159673543267 355.982905982906 5308 7.426896109455322 320.44444444444446 5800
108.45477974686226 359.4621848739496 5342 7.49868127076779 323.0 5900
110.92378187445954 365.43801652892563 5377 7.569410138652254 326.0082644628099 6000
113.50508114750129 373.3333333333333 5411 7.626374644897377 328.9024390243902 6100
116.19680552170514 376.112 5443 7.670278576504944 332.072 6200
118.43051925585513 384.251968503937 5474 7.714257858181448 334.8267716535433 6300
120.73968846534436 389.50387596899225 5503 7.738133508258257 337.2170542635659 6400
123.30002433141145 402.30534351145036 5533 7.76619667891753 339.0 6500
125.6236169244329 415.4135338345865 5562 7.774889394950077 340.7368421052632 6600
127.82723002257173 440.1333333333333 5590 7.790779294685909 342.53333333333336 6700
130.11399509645966 456.1459854014599 5616 7.81524480376592 343.75912408759126 6800
132.17418616892965 471.0935251798561 5649 7.845001473256101 344.41726618705036 6900
134.1813514747497 476.92198581560285 5680 7.893552617505761 344.6170212765957 7000
135.91958494702914 481.9300699300699 5712 7.939689052118374 345.0979020979021 7100
137.73396962078803 489.35172413793106 5739 7.994256559445476 345.46206896551723 7200
139.70751599574382 494.34013605442175 5766 8.037372324706386 346.08843537414964 7300
142.03478207511898 499.8523489932886 5792 8.084130190593996 346.6510067114094 7400
144.30310899480742 504.34437086092714 5816 8.135150588238657 347.21854304635764 7500
146.65857414380866 509.7516339869281 5839 8.18177773949795 348.0261437908497 7600
148.78559022387248 511.93548387096774 5863 8.217867360978689 349.34193548387094 7700
150.8529971153655 515.1592356687898 5886 8.264020758812197 350.5541401273885 7800
153.1184706791225 516.7044025157232 5906 8.29240833836592 351.66037735849056 7900
154.99144747769114 517.1801242236024 5932 8.318838048448333 352.3167701863354 8000
156.70811096300906 518.319018404908 5951 8.350233299638024 352.5460122699387 8100
158.7113626840969 519.2727272727273 5968 8.377360596540807 352.969696969697 8200
160.67751287066162 519.2574850299401 5981 8.396294401771854 354.0479041916168 8300
162.41351301609123 518.2958579881657 5993 8.404982453616077 354.94674556213016 8400
164.04969448618152 516.0116959064327 6002 8.413270803440875 355.67836257309943 8500
165.35753283543264 514.9595375722544 6009 8.419128944441558 356.26589595375725 8600
166.69800715427962 513.3028571428572 6014 8.43314842317175 356.7142857142857 8700
167.93391638966833 512.2824858757062 6019 8.454448235544744 357.11299435028246 8800
169.03256688221813 510.6927374301676 6025 8.464119204979998 357.1564245810056 8900
170.09896909838312 510.44198895027625 6030 8.480864758922039 357.2209944751381 9000
171.06559552672053 510.62295081967216 6036 8.495873522941107 357.5081967213115 9100
172.00548038480667 509.9027027027027 6040 8.501972187557959 358.03783783783786 9200
172.86656078135346 515.0695187165776 6047 8.519303490146557 358.67379679144386 9300
173.85283157136539 520.1269841269841 6053 8.531237409018333 359.51851851851853 9400
174.92220003812636 524.3455497382199 6059 8.547271572274687 359.8848167539267 9500
176.00154152244485 523.8238341968912 6064 8.566766907573097 360.5181347150259 9600
177.1797751736234 522.748717948718 6068 8.590315401834287 361.3948717948718 9700
178.15924741477463 522.5989847715736 6073 8.60635089339693 362.3756345177665 9800
179.38379736990774 525.3668341708543 6080 8.623391455196488 363.4321608040201 9900
180.8031975984321 530.0199004975125 6084 8.645317142974863 364.6318407960199 10000
181.95423017609596 535.0344827586207 6090 8.661080353574794 365.9162561576355 10100
182.94851771101133 537.8341463414635 6099 8.668928518333862 366.7219512195122 10200
183.98901637252038 538.6086956521739 6111 8.674937992465024 367.66183574879227 10300
185.13881676703744 538.7464114832536 6122 8.686958054573095 368.3636363636364 10400
186.4623583466086 539.1090047393365 6133 8.695612480596099 369.1658767772512 10500
187.6100593327342 538.5633802816901 6144 8.694297392098067 369.96713615023475 10600
188.6051729948733 537.8883720930232 6155 8.685102833594282 370.89302325581394 10700
189.96519801173108 538.8479262672811 6167 8.684640324850747 371.7142857142857 10800
191.48282239740092 541.2511415525114 6178 8.687098825572166 372.28767123287673 10900
192.79102022684347 542.89592760181 6189 8.694601361379277 372.4977375565611 11000
194.16949859896647 547.6860986547085 6201 8.704791207741518 372.47533632286996 11100
195.70326816373336 547.8666666666667 6215 8.723552038031679 372.53333333333336 11200
197.18429663806174 549.4185022026431 6229 8.732562757139034 372.8898678414097 11300
198.33133823459008 553.4847161572052 6241 8.750036735970426 373.235807860262 11400
199.51320368123262 558.1904761904761 6250 8.763500355102828 373.76190476190476 11500
200.74655691065146 561.8111587982833 6262 8.787215509045925 373.93562231759654 11600
201.97584763638585 567.4382978723404 6272 8.799738106327707 374.27659574468083 11700
203.00993760377443 573.1898734177215 6282 8.811643492061561 374.67932489451476 11800
203.90141631316698 579.3221757322176 6291 8.821000655821747 375.4686192468619 11900
204.86959393410052 579.2448132780083 6302 8.824116240183628 376.34854771784234 12000
205.90894908940848 579.0617283950618 6313 8.831442737912864 376.9382716049383 12100
207.09445198507473 578.7102040816327 6322 8.837690341632337 377.38367346938776 12200
208.33531841874355 579.5222672064777 6329 8.846703534591843 377.97165991902835 12300
209.53874728165505 580.5140562248996 6337 8.857192199959629 378.39357429718876 12400
210.43080006821032 582.5179282868526 6345 8.863599356315174 378.81274900398404 12500
211.3894648903618 583.9367588932806 6353 8.86641943241585 379.3833992094862 12600
212.48672516252165 585.9450980392157 6359 8.869035750592978 379.81176470588235 12700
213.88198175803433 585.6264591439689 6364 8.874803328343427 380.08949416342415 12800
215.196899884448 584.5019305019305 6370 8.8762603842133 380.1969111969112 12900
216.4411297713597 584.2835249042146 6377 8.879676273210173 380.37931034482756 13000
217.74686360963457 586.5323193916349 6383 8.885865414760639 380.52471482889734 13100
218.98535332063517 588.7320754716981 6389 8.89622163439361 380.5509433962264 13200
220.12330950715173 592.0299625468165 6398 8.898718162950372 380.6367041198502 13300
221.52189319366875 593.6133828996283 6410 8.906286553312574 380.6208178438662 13400
222.94555164383894 595.9261992619926 6422 8.912513220815802 380.5940959409594 13500
224.18074429855818 598.7179487179487 6434 8.917998767348877 380.5274725274725 13600
225.3041768042215 602.3272727272728 6447 8.922231503586339 380.31636363636363 13700
226.4867809909134 603.7906137184116 6456 8.921348965654309 380.1768953068592 13800
227.6208852665062 604.516129032258 6465 8.928040648407164 379.9068100358423 13900
228.63505101960544 603.7580071174377 6474 8.93279830377843 379.5943060498221 14000
229.40800381665474 603.1166077738516 6482 8.93729418514566 379.46289752650176 14100
230.18142236049584 601.9578947368421 6490 8.943397506961198 379.44912280701755 14200
230.95733096786776 600.7177700348432 6496 8.944787469580682 379.4703832752613 14300
231.69369691472193 600.5467128027682 6501 8.944792086022716 379.49134948096884 14400
232.56380066456586 602.7353951890034 6504 8.946767005411857 379.46735395189006 14500
233.2909793210063 604.9078498293516 6508 8.948287309302724 379.73037542662115 14600
233.90437142259842 603.6203389830508 6512 8.952987120317365 380.2813559322034 14700
234.48977696986287 601.7979797979798 6516 8.954506206568235 380.986531986532 14800
235.08171450534982 600.5284280936455 6520 8.951407356157581 381.7959866220736 14900
235.55866260413927 599.1760797342192 6523 8.954629657022739 382.56478405315613 15000
236.1137040358267 598.4620462046205 6526 8.964772220805925 383.1353135313531 15100
236.88165509485907 597.383606557377 6529 8.977243659795176 383.7016393442623 15200
237.67531156703615 596.6970684039088 6532 8.99042122552941 384.3159609120521 15300
238.34472547574248 595.0032362459547 6534 9.004450180295189 385.0194174757282 15400
238.96365794505505 593.6077170418007 6535 9.01740238825804 385.84244372990355 15500
239.42776582380657 592.926517571885 6538 9.0219481465396 386.7955271565495 15600
239.9314691874844 592.3238095238095 6541 9.02881481402736 387.7238095238095 15700
240.4858794546249 592.8706624605678 6543 9.039223373109659 388.57413249211356 15800
241.26421328503545 592.9090909090909 6546 9.051864954190824 389.5391849529781 15900
242.10119322779417 593.1028037383178 6551 9.061070853321759 390.6043613707165 16000
242.89261798491333 592.1547987616099 6556 9.066621168833764 391.2136222910217 16100
243.55346047818557 591.6676923076923 6560 9.069288115487096 391.4769230769231 16200
244.2179222810507 591.3088685015291 6562 9.071854481073652 391.71865443425077 16300
244.83924708683992 590.2796352583587 6563 9.07547036062133 391.677811550152 16400
245.48767471812792 588.441087613293 6564 9.081056642430264 391.7039274924471 16500
246.1599093719981 586.9309309309309 6565 9.081483773184697 391.81081081081084 16600
246.62435411515992 585.420895522388 6565 9.084604268071155 391.6776119402985 16700
246.98205417506514 584.0830860534124 6566 9.090407803572218 391.52225519287833 16800
247.41599755747362 582.4660766961651 6566 9.095311407252918 391.2772861356932 16900
247.93296272463544 580.7096774193549 6566 9.1059075912826 390.95014662756597 17000
248.47337861388652 581.2419825072886 6566 9.12399753730039 390.7405247813411 17100
249.1554263482343 581.7971014492754 6566 9.130601365459441 390.7826086956522 17200
249.9470965202337 581.9077809798271 6566 9.134297783091153 390.79827089337175 17300
250.6527400664352 580.974212034384 6567 9.141817157236353 390.9025787965616 17400
251.25185768062036 579.5555555555555 6568 9.15370463882155 390.87179487179486 17500
251.80414804338272 579.0198300283286 6567 9.167605138642067 390.78753541076486 17600
252.32137519663974 579.7746478873239 6566 9.175589930313814 390.76901408450703 17700
252.7249267759635 580.5490196078431 6566 9.179679960829471 390.781512605042 17800
253.00212956036805 581.6100278551532 6569 9.189821019543512 390.7576601671309 17900
253.26164458627187 582.2603878116344 6572 9.199058259641015 390.8698060941828 18000
253.5711056788407 585.5206611570248 6574 9.209669508899191 391.0137741046832 18100
253.8260804360502 587.7150684931507 6577 9.21646024907967 391.3068493150685 18200
254.091760830196 591.3133514986376 6579 9.222197418126816 391.5776566757493 18300
254.2954158032883 592.0975609756098 6582 9.226993870370805 391.840108401084 18400
254.47329113368977 592.6576819407009 6584 9.237899563791986 392.0188679245283 18500
254.80565903288252 595.2171581769437 6587 9.247145486511297 392.26541554959783 18600
255.07672572330532 597.744 6590 9.258344384052625 392.5013333333333 18700
255.3614110826851 600.4297082228117 6593 9.269051287822537 392.6976127320955 18800
255.70798205863608 599.6833773087071 6596 9.280365230779996 393.0369393139842 18900
256.08070387112275 599.5380577427821 6599 9.288320890289533 393.43307086614175 19000
256.43567965986745 600.0835509138382 6602 9.289612761806112 393.69190600522194 19100
256.98577858572 600.1506493506494 6606 9.292341084159403 393.83896103896103 19200
257.491535918968 601.6485788113695 6610 9.293931052716719 394.04134366925064 19300
257.92410717851664 602.0102827763496 6614 9.293874948938868 393.9357326478149 19400
258.31496136858607 604.5115089514067 6617 9.293413714947896 393.92327365728903 19500
258.6027393859796 606.0101781170483 6620 9.291321802613181 393.9465648854962 19600
258.77034822570664 608.0253164556962 6622 9.28860906212175 394.02025316455695 19700
258.9399132930054 608.1712846347607 6624 9.278393749794777 394.12090680100755 19800
259.1438148251693 608.0 6626 9.26820078843833 393.95989974937345 19900
259.47498510945724 607.3865336658354 6627 9.259197108510772 393.8428927680798 20000
259.7183391838103 606.1935483870968 6627 9.251845151534429 393.66749379652606 20100
259.9133664936966 604.9728395061728 6628 9.242879810718772 393.5061728395062 20200
260.11741890882973 603.8230958230959 6629 9.238378794827883 393.5085995085995 20300
260.2653161218875 602.40097799511 6630 9.236821930305497 393.0757946210269 20400
260.4612889477761 601.7080291970802 6630 9.238589220182355 392.5596107055961 20500
260.57209714569575 601.3559322033898 6629 9.239084715924374 392.02905569007265 20600
260.7321501223429 601.7397590361446 6629 9.236291895452858 391.63373493975905 20700
260.85206383490345 603.0071942446043 6629 9.22777988857557 391.2853717026379 20800
260.9828613631175 602.6348448687351 6629 9.218795042069027 390.9427207637232 20900
261.0990316172487 602.8076009501187 6629 9.20751728693429 390.5914489311164 21000
261.15071857822454 603.2671394799054 6629 9.195661413237202 390.3049645390071 21100
261.1860187314348 603.5811764705883 6628 9.182432961337804 389.98117647058825 21200
261.1808760305622 603.3536299765808 6629 9.16998039254376 389.4730679156909 21300
261.19698354942915 602.969696969697 6629 9.161884135857465 388.93473193473193 21400
261.2393254653506 603.2111368909513 6631 9.153525767420561 388.42227378190256 21500
261.2580119459345 603.1131639722864 6632 9.147137619780183 387.98845265588915 21600
261.28257436557953 602.7080459770115 6634 9.14435070477686 387.6735632183908 21700
261.26736117472717 602.8283752860411 6635 9.147956437889235 387.32265446224255 21800
261.28525226837155 602.8519362186788 6638 9.149840023633574 387.125284738041 21900
261.31697419818215 603.6734693877551 6639 9.15127166634444 386.968253968254 22000
261.417333855789 604.8532731376976 6641 9.14762828317847 386.7268623024831 22100
261.4231406034899 606.7640449438202 6642 9.14900768619585 386.51910112359553 22200
261.5217809884336 608.5816554809843 6643 9.15210879392275 386.38255033557044 22300
261.70198657394775 609.3095768374164 6643 9.154697767372241 386.2338530066815 22400
261.85192657313206 609.9379157427938 6644 9.15951675425904 386.15077605321505 22500
262.0300272964868 610.1324503311258 6644 9.165986878964297 386.0794701986755 22600
262.22250689963704 609.8593406593407 6645 9.16920586008861 386.1142857142857 22700
262.38920972137356 609.3785557986871 6646 9.176144639611778 386.10065645514226 22800
262.51282838094215 608.8976034858388 6647 9.180069600122938 386.12418300653593 22900
262.6924099756666 609.6138828633406 6649 9.183286515642799 386.23210412147506 23000
262.90585913604417 610.2289416846652 6651 9.190398829761156 386.3131749460043 23100
262.9596693115174 610.8086021505376 6653 9.194662999017314 386.47741935483873 23200
263.1275972713513 610.8950749464668 6655 9.196319240344165 386.5524625267666 23300
263.25118174895226 610.4051172707889 6657 9.195184542339028 386.56716417910445 23400
263.3308083034599 610.5222929936306 6660 9.192126433878991 386.6624203821656 23500
263.3365083884318 610.6384778012686 6661 9.187885684429984 386.8033826638478 23600
263.3615706731829 611.2294736842106 6663 9.185259229186501 387.3073684210526 23700
263.3614485226991 611.0649895178198 6664 9.184482460929955 387.7672955974843 23800
263.4449104714516 610.5010438413361 6663 9.180928602359613 388.00835073068896 23900
263.52226323691053 611.6673596673596 6665 9.174300859820649 388.2245322245322 24000
263.6289964619805 612.7370600414079 6666 9.168593271860093 388.48033126293996 24100
263.67004376426735 614.2639175257732 6667 9.162764442041356 388.63711340206186 24200
263.73030506440733 613.7207392197125 6666 9.15911657905113 388.7227926078029 24300
263.70033457406436 612.7280163599182 6665 9.156942077625123 388.79959100204496 24400
263.7417917005709 611.3971486761711 6665 9.151859180808284 388.9022403258656 24500
263.7538468011345 610.3367139959432 6665 9.150018426352863 388.83569979716026 24600
263.7960416797443 609.620202020202 6664 9.148439601435314 388.74343434343433 24700
263.88284119966323 608.989939637827 6664 9.149816367778577 388.5633802816901 24800
263.98865437977685 607.9559118236473 6664 9.149147968899536 388.40480961923845 24900
264.16404103584483 606.9461077844311 6665 9.148842896260126 388.10379241516966 25000
264.2823339063865 607.0337972166998 6665 9.147425838343338 387.7833001988072 25100
264.37629899625017 607.2594059405941 6666 9.148210110450709 387.44752475247526 25200
264.41633158367773 607.5542406311637 6668 9.1497387265267 387.14201183431953 25300
264.5120832743509 607.0412573673871 6671 9.152264125755233 386.90373280943027 25400
264.57039546631734 606.8454011741683 6673 9.15336666250042 386.8101761252446 25500
264.6475555948133 607.0409356725146 6674 9.15512263490746 386.66471734892787 25600
264.71554802389034 606.5281553398058 6676 9.158484618202317 386.2699029126214 25700
264.75424679750716 605.6208897485493 6677 9.160207206081248 385.88394584139263 25800
264.7759673724861 604.6628131021195 6678 9.160160735723123 385.64739884393066 25900
264.8588539745522 603.5393474088291 6679 9.15710306059035 385.42802303262954 26000
264.9481865578145 602.5889101338432 6678 9.156160847302107 385.18929254302105 26100
265.0318111561498 601.4057142857143 6677 9.156568455101858 385.0571428571429 26200
265.17111336355856 600.8159392789374 6676 9.157106129329309 385.0607210626186 26300
265.2885843390651 600.4952741020794 6675 9.156107078340755 385.0680529300567 26400
265.4341438832299 599.9887005649717 6674 9.157025695748134 385.07909604519773 26500
265.604322318649 599.1181988742965 6674 9.157358109779427 385.18949343339585 26600
265.7336706490852 598.3102803738318 6675 9.162059927461083 385.1588785046729 26700
265.9338892552793 597.7951582867784 6675 9.166836033669588 385.1824953445065 26800
266.04834143725884 598.4155844155844 6675 9.170737131200244 385.24860853432284 26900
266.18124282738165 599.0166358595194 6677 9.174273307156149 385.31792975970427 27000
266.3430346501772 599.9300184162063 6678 9.179834770210144 385.38121546961327 27100
266.612037327595 599.445871559633 6681 9.185075167887375 385.5376146788991 27200
266.7891445380864 598.7239488117002 6683 9.188288164667433 385.6526508226691 27300
266.9365125561424 598.2003642987249 6686 9.193803062645237 385.6794171220401 27400
267.0746991208841 597.9346642468239 6688 9.195230116943218 385.5716878402904 27500
267.22365562242663 598.3182640144665 6689 9.197882345918366 385.4159132007233 27600
267.39517537008214 598.9513513513514 6691 9.197538856753125 385.44864864864866 27700
267.51454771416667 600.4129263913824 6693 9.194948736894734 385.44703770197486 27800
267.57895244189234 600.5187835420394 6694 9.191315600732274 385.24508050089446 27900
267.6412551024984 599.5401069518716 6695 9.19170306739633 385.0837789661319 28000
267.72396352100344 598.6998223801065 6696 9.189291406456451 385.0053285968028 28100
267.78882141041737 597.8690265486725 6696 9.187130896587298 384.94867256637167 28200
267.78402933750993 596.9664902998236 6695 9.185266366388987 384.9188712522046 28300
267.81541246208997 596.414762741652 6694 9.183157752987476 385.03163444639716 28400
267.89020619793297 596.3712784588441 6693 9.182430789775953 385.18388791593696 28500
267.9645459347103 596.5235602094241 6693 9.181883530564312 385.2687609075044 28600
268.0434763833625 597.3321739130434 6692 9.179639015208798 385.45565217391305 28700
268.0625174711129 597.3968804159446 6692 9.17274417006241 385.6724436741768 28800
268.0941566676318 598.5388601036269 6691 9.166181071971442 385.72020725388603 28900
268.12954841730965 599.1497418244406 6690 9.163653144638728 385.631669535284 29000
268.1953769141312 599.3996569468268 6689 9.159232379133964 385.57804459691255 29100
268.25388014553005 598.5162393162393 6688 9.156664621479852 385.4769230769231 29200
268.3716413766383 597.6252129471891 6687 9.152042254796786 385.3986371379898 29300
268.46410320263544 597.6061120543294 6686 9.150902303271542 385.3225806451613 29400
268.56110617688057 597.5329949238578 6685 9.150459317473668 385.27072758037224 29500
268.6894528918357 597.6155143338955 6684 9.151406748271462 385.26306913996626 29600
268.81396036502116 596.5243697478992 6684 9.151032271806683 385.36302521008406 29700
269.0059363371665 595.9899497487437 6683 9.149409606462832 385.52261306532665 29800
269.2094456601151 595.6994991652755 6682 9.147820490540603 385.5826377295493 29900
269.4022688475419 596.9217970049917 6682 9.144718546394078 385.67886855241267 30000
269.5687303373251 598.016583747927 6682 9.138816941316103 385.8358208955224 30100
269.6245601635772 599.1504132231405 6680 9.135809832970155 385.75371900826445 30200
269.6640187044057 598.8434925864909 6680 9.134637477672065 385.6144975288303 30300
269.7311110825893 598.5582922824302 6680 9.133647973092954 385.5238095238095 30400
269.79346688996065 597.6824877250409 6679 9.1317047718717 385.4599018003273 30500
269.93482777926954 596.5774877650897 6678 9.129803678351218 385.37030995106034 30600
270.05043066281223 595.5544715447154 6677 9.128908529655915 385.2926829268293 30700
270.1215480853455 594.9141004862237 6677 9.12860441033547 385.2933549432739 30800
270.2786778011118 595.9547657512117 6677 9.126142575945586 385.35541195476577 30900
270.4143143676866 598.0998389694042 6677 9.127668686812108 385.3365539452496 31000
270.6034857929253 600.3659711075442 6678 9.12897862452929 385.3402889245586 31100
270.7875353311762 601.5744 6679 9.130602256567162 385.3488 31200
270.9392202304077 602.7719298245614 6680 9.128059134005012 385.4577352472089 31300
271.1567540509446 604.302066772655 6680 9.124934795090702 385.3640699523053 31400
271.33579508254087 604.3961965134707 6682 9.119558049079547 385.1949286846276 31500
271.56373449130143 604.4012638230648 6683 9.115318616942732 385.044233807267 31600
271.8496286304624 604.7842519685039 6684 9.111637073492293 384.8897637795276 31700
272.15014066573383 607.6169544740974 6685 9.106448311545511 384.7111459968603 31800
272.41806326906294 610.7136150234742 6685 9.099261759170052 384.44757433489826 31900
272.58174984233966 611.9469578783152 6688 9.093532885958092 384.1123244929797 32000
272.75216374762994 611.9751166407465 6689 9.087887957928954 383.8709175738725 32100
272.9655033261539 611.277519379845 6691 9.083673773747227 383.66511627906976 32200
273.2427494037546 610.6955177743431 6691 9.080814597193852 383.42040185471404 32300
273.5473065690259 610.8228043143297 6692 9.08191378179418 383.07704160246533 32400
273.8316078447644 611.047619047619 6693 9.086414430698037 382.8141321044547 32500
274.2204258174359 611.1852986217458 6694 9.090343424077924 382.6156202143951 32600
274.5094546722123 610.6534351145038 6696 9.09181238635991 382.4992366412214 32700
274.8230561369078 611.2998477929984 6697 9.09705918157764 382.43074581430744 32800
275.18578055597214 613.474962063733 6699 9.1027884359123 382.46585735963583 32900
275.49992126232684 615.5340393343419 6701 9.106677305097111 382.60665658093797 33000
275.8115584172096 616.6515837104073 6703 9.11096657847109 382.7692307692308 33100
276.1098940536228 617.996992481203 6706 9.118014935993116 382.9218045112782 33200
276.40855036472993 619.7331334332833 6707 9.125045435636808 383.12743628185905 33300
276.6431967339796 620.711509715994 6709 9.12939420905771 383.4439461883408 33400
276.99847984888925 621.8479880774963 6711 9.13341467600408 383.85842026825634 33500
277.471731460457 621.7563150074294 6713 9.1356285354465 384.32838038632985 33600
277.9041016860489 621.7718518518518 6715 9.138398295445802 384.80148148148146 33700
278.3288611261831 622.5288035450517 6717 9.141649130526165 385.29689807976365 33800
278.8407565272944 623.4698085419735 6719 9.146155736300889 385.7540500736377 33900
279.34084730734475 624.8428781204111 6722 9.14907699719405 386.071953010279 34000
279.86575518424456 626.2225475841874 6725 9.151362503687741 386.34699853587114 34100
280.41891474995043 627.4248175182481 6727 9.155025086454927 386.6 34200
280.8957222457104 628.3260553129548 6729 9.15673638792917 386.73216885007275 34300
281.37953409149367 627.933236574746 6731 9.159674784726201 386.8142235123367 34400
281.8231250540081 627.629522431259 6734 9.165043288254124 386.8958031837916 34500
282.2599310096835 627.2727272727273 6736 9.171781980062914 386.93506493506493 34600
282.73736979534567 627.5856115107914 6739 9.181603083385365 386.9381294964029 34700
283.2754101194771 627.8880918220947 6742 9.191211978498472 387.0 34800
283.86485897702875 629.8340486409156 6745 9.198113159112712 387.20600858369096 34900
284.3510666562444 630.9215406562054 6747 9.205615222016517 387.46219686162624 35000
284.73756641044736 630.9843527738265 6750 9.213459739060461 387.7339971550498 35100
285.16959987429317 630.7092198581561 6752 9.21708461375866 387.9489361702128 35200
285.55257690393216 630.3253182461103 6755 9.219349882582133 388.24186704384726 35300
285.8895944547385 629.8476727785613 6757 9.223589296798327 388.51622002820875 35400
286.23219180993283 629.3614627285514 6758 9.225827388141315 388.817158931083 35500
286.57683659735414 628.8892005610098 6759 9.227271745371608 389.1164095371669 35600
286.88575869313524 628.6377622377622 6760 9.228464960500206 389.35104895104894 35700
287.1571181503886 629.2859135285913 6761 9.230992576745995 389.50069735006974 35800
287.4612056479543 631.1571627260083 6763 9.23108204911871 389.62726008344924 35900
287.7662594673386 633.2898751733703 6763 9.23034701346211 389.8030513176144 36000
288.0501457154659 634.3734439834025 6765 9.229663711442392 389.95297372060855 36100
288.32737829091207 634.1406896551724 6767 9.230336871439865 390.1062068965517 36200
288.60259587171464 633.3645116918844 6769 9.229336403201149 390.3370013755158 36300
288.9012009094198 633.3991769547325 6770 9.228470715135984 390.60356652949247 36400
289.2078412839504 634.0328317373461 6770 9.228680329446863 390.8536251709986 36500
289.53840688999793 635.0477489768076 6771 9.228439321391601 391.16098226466573 36600
289.8938133163903 635.4911564625851 6772 9.229249869604068 391.44489795918366 36700
290.2531282962623 635.7883310719131 6773 9.229582575118988 391.73812754409767 36800
290.6040259478933 636.3897158322056 6774 9.230880297267761 391.9174560216509 36900
291.0025864976721 636.9662618083671 6775 9.232803417184488 392.01889338731445 37000
291.451727734247 638.4899057873486 6777 9.233971285958331 392.092866756393 37100
291.8945037259905 639.9167785234899 6779 9.236027738881933 392.18120805369125 37200
292.2787780893197 640.6961178045516 6781 9.238073180009424 392.2690763052209 37300
292.71379387114064 640.200267022697 6782 9.24222372647185 392.36849132176235 37400
293.1350679178797 640.0266311584554 6783 9.247244860554398 392.61251664447406 37500
293.5172731803379 639.6626826029217 6784 9.252593133342348 392.9800796812749 37600
293.89340350171693 639.451655629139 6784 9.2537452045123 393.24370860927155 37700
294.3063477602229 639.1545574636724 6784 9.252227371166216 393.443857331572 37800
294.7296319855914 639.2252964426877 6784 9.252109636775295 393.56258234519106 37900
295.1530894466317 639.1957950065703 6784 9.252003010821976 393.6478318002628 38000
295.65291932289875 638.6448230668415 6785 9.251846535544088 393.6802096985583 38100
296.1254505436724 637.9450980392157 6785 9.250733438605469 393.73333333333335 38200
296.6134004877888 637.2099087353324 6785 9.251799516909196 393.72490221642767 38300
297.0347530855102 637.0169050715215 6784 9.252589519610488 393.71781534460337 38400
297.3848920499674 636.8274967574579 6785 9.251167874824326 393.68352788586253 38500
297.6985720925258 637.0711513583441 6785 9.251417960754813 393.6390685640362 38600
298.00509731692415 636.9703225806452 6785 9.249643040504184 393.6193548387097 38700
298.2551458546191 636.903474903475 6785 9.247502857177743 393.5649935649936 38800
298.51556710182547 636.2439024390244 6785 9.246088032310606 393.5173299101412 38900
298.77436884691804 635.4238156209988 6784 9.244543266908677 393.4750320102433 39000
299.0456722540232 634.735632183908 6783 9.242293185418836 393.42528735632186 39100
299.30096927307005 634.2624203821656 6783 9.242383592023572 393.2968152866242 39200
299.66074765985593 633.707750952986 6783 9.24453582105092 393.1181702668361 39300
300.0011510012458 633.3003802281369 6782 9.246498640071142 392.98352344740175 39400
300.33235685055234 632.9658659924147 6783 9.249262543993868 392.85714285714283 39500
300.6464236886494 632.6481715006305 6782 9.25177457545635 392.7831021437579 39600
300.8855752988163 632.2767295597484 6782 9.25436890072042 392.7874213836478 39700
301.1225414498116 631.6838143036387 6781 9.257029994607734 392.80803011292346 39800
301.31986620442717 631.1639549436796 6780 9.25988155010332 392.81727158948684 39900
301.4930469212143 630.9238451935081 6781 9.261684138447178 392.91011235955057 40000
301.7113838863695 630.5853051058531 6782 9.262552096985354 393.013698630137 40100
301.92829978692527 630.0993788819876 6782 9.261333159662561 393.1763975155279 40200
302.1161222640449 629.7769516728624 6782 9.257871136415964 393.41140024783147 40300
302.3274207451203 629.8442521631644 6782 9.25346249645248 393.60568603213846 40400
302.5773741323751 630.1183723797781 6783 9.251584175323591 393.7090012330456 40500
302.7875599960703 630.3813038130381 6783 9.250381537412357 393.7060270602706 40600
302.99146425184296 630.2576687116565 6784 9.248517801347317 393.6883435582822 40700
303.20140610780834 629.828641370869 6785 9.247464347288162 393.60587515299875 40800
303.40206212839456 630.7106227106227 6785 9.246162323764345 393.5445665445665 40900
303.549712001837 631.605359317905 6785 9.243126605557855 393.4567600487211 41000
303.6553051087832 632.6002430133657 6785 9.238440550173303 393.4520048602673 41100
303.75990141210156 632.1793939393939 6785 9.23624635085975 393.3818181818182 41200
303.80692104808054 631.8839177750907 6785 9.235473485843565 393.27690447400244 41300
303.85163300764737 631.9517490952956 6786 9.233931098293048 393.124246079614 41400
303.91940940966055 631.5980746089049 6786 9.23395841940153 392.97472924187724 41500
303.98903093089643 631.7358943577431 6786 9.234382803234215 392.8451380552221 41600
304.0599514004106 631.7748502994012 6785 9.233821407298326 392.80119760479045 41700
304.1542344862918 631.6200716845879 6785 9.232366636910514 392.84348864994024 41800
304.2192824072187 630.9964243146603 6785 9.229388530141856 392.86293206197854 41900
304.27879343062966 631.3079667063021 6785 9.226900884013892 392.8656361474435 42000
304.33289815775464 631.7841043890866 6785 9.223829241085818 392.8481613285884 42100
304.3837002073729 632.5112426035503 6785 9.220805807548167 392.7940828402367 42200
304.48329555891195 632.3730814639905 6785 9.219660691253141 392.72136953955135 42300
304.6078181345188 632.3321554770318 6785 9.2212808248601 392.5995288574794 42400
304.68178286950734 632.5099882491187 6786 9.223580987433872 392.47238542890716 42500
304.8127367373098 632.6166471277843 6786 9.224431224032038 392.3810082063306 42600
304.96704055779406 632.9567251461988 6787 9.22534873383937 392.3298245614035 42700
305.1402184160827 632.5997666277713 6788 9.226823165865751 392.32438739789967 42800
305.3710034379803 632.3748544819557 6789 9.227916542828645 392.3131548311991 42900
305.6039939132755 633.472706155633 6790 9.229622344473508 392.2717770034843 43000
305.80326807069287 634.7949015063731 6790 9.231044163501153 392.234067207416 43100
306.02970894214485 636.0277456647399 6790 9.231843883532187 392.18381502890173 43200
306.2910969845541 635.9400230680508 6790 9.233292917249528 392.1038062283737 43300
306.5075833839805 635.3164556962025 6791 9.230454498567711 392.0092059838895 43400
306.7300161412626 634.9804822043628 6791 9.227169872853434 391.9357060849598 43500
306.89130667320325 634.7056128293242 6792 9.222766470500419 391.8613974799542 43600
307.0708416401458 634.3634285714286 6792 9.216966284705414 391.83085714285716 43700
307.2509110168443 633.7217787913341 6792 9.212992761299441 391.6898517673888 43800
307.39426798185633 633.67007963595 6793 9.208476441422626 391.5654152445961 43900
307.4864930469651 634.0204313280364 6792 9.203662009769555 391.38138479001134 44000
307.57911278645304 634.8448471121178 6791 9.201145431248202 391.1868629671574 44100
307.69578993028324 634.9378531073446 6791 9.199880717130043 391.0372881355932 44200
307.81228845847613 634.8320180383314 6790 9.198665009280177 390.93122886133034 44300
307.89406051122256 634.5466816647919 6790 9.195573662585527 390.9156355455568 44400
307.86513958355215 634.0224466891134 6789 9.19091623495946 390.8114478114478 44500
307.8482735790385 633.6864501679731 6788 9.187300008646988 390.72676371780517 44600
307.8375900480437 633.0301675977654 6787 9.184348872687256 390.6391061452514 44700
307.85198015869537 632.2809364548496 6786 9.181443648739686 390.5128205128205 44800
307.88389683760676 632.6807563959956 6786 9.179705175661288 390.3581757508343 44900
307.9333664286431 633.1520532741398 6785 9.177802568490366 390.2153163152053 45000
307.9711634576646 633.687707641196 6785 9.176603368197727 390.0708748615725 45100
308.01541984236184 633.4651933701657 6784 9.176708416955377 389.89502762430936 45200
308.08142781445474 633.1973539140022 6784 9.179095519143479 389.7353914002205 45300
308.15796884327585 633.2651265126512 6785 9.183447042192883 389.6171617161716 45400
308.2579177142827 633.1086717892426 6785 9.191002592045368 389.4796926454446 45500
308.31098154134963 632.8105147864184 6785 9.197775004101462 389.4326396495071 45600
308.38549379763447 632.4 6784 9.2031559865364 389.4491803278689 45700
308.4830477386817 632.1330425299891 6784 9.209352907927691 389.4776444929117 45800
308.5911131694764 631.6974972796518 6783 9.214065959270613 389.59412404787815 45900
308.7184075820917 631.7850162866449 6783 9.218880957293953 389.6601520086862 46000
308.8991454652115 631.7053087757313 6783 9.22188180805801 389.71830985915494 46100
309.12029498114845 631.9027027027028 6782 9.223163825369918 389.80108108108107 46200
309.33286716563435 631.4498381877023 6781 9.224640079052847 389.93743257820927 46300
309.5181351065156 631.3110871905275 6781 9.226593653633353 390.05920344456405 46400
309.73079119293294 630.9495166487648 6780 9.227444454612515 390.1578947368421 46500
309.92713319634123 631.4662379421222 6780 9.226552442394091 390.2379421221865 46600
310.06676114720807 631.8502673796792 6779 9.226915381373129 390.23208556149734 46700
310.24135161583894 632.2689434364995 6779 9.227679501499068 390.2668089647812 46800
310.4824080307669 632.6773162939297 6779 9.228851169819151 390.26943556975505 46900
310.6372402686499 633.2731137088205 6778 9.232208575703273 390.31137088204036 47000
310.7538728751493 633.0031813361612 6777 9.232963669485699 390.37327677624603 47100
310.8890878917053 632.7026455026455 6777 9.233447425659357 390.4931216931217 47200
311.0384944205747 632.0950369588173 6777 9.234362355418611 390.6557550158395 47300
311.19462602439 631.4836670179136 6777 9.236595770153365 390.7492096944152 47400
311.37671857708625 630.919032597266 6776 9.239644516188383 390.84752891692955 47500
311.5783402607837 630.6778593913956 6776 9.240190907550001 390.9517313746065 47600
311.723848709614 630.303664921466 6776 9.239855429209582 391.05340314136123 47700
311.9119117923087 630.0355276907001 6776 9.239688542210189 391.12225705329155 47800
312.11693224045973 629.7622523461939 6775 9.238657070879647 391.133472367049 47900
312.227425366895 629.2466181061394 6777 9.237910646174381 391.207075962539 48000
312.30945032136634 628.7310488058151 6778 9.235955060816377 391.2596053997923 48100
312.41952420336077 628.3046632124352 6778 9.23489032954468 391.19896373057 48200
312.53360479552686 627.7456049638056 6777 9.231864558076255 391.1365046535677 48300
312.63484098356514 627.1723426212591 6777 9.22932200996877 391.10423116615067 48400
312.70048651630015 626.5973223480947 6776 9.22710954942052 391.05664263645724 48500
312.740248345593 625.9095580678314 6775 9.226418489896345 391.0359712230216 48600
312.74718984401807 625.3292307692308 6775 9.22513352889143 390.9661538461539 48700
312.77368122174954 625.3121801432958 6774 9.22600953236246 390.84339815762536 48800
312.7453626490082 625.4954034729316 6774 9.227141279998085 390.7691521961185 48900
312.73020900446386 625.4576962283385 6773 9.230755670864552 390.6615698267074 49000
312.73010713638774 624.826042726348 6773 9.234490993338209 390.62868769074265 49100
312.7353786711934 624.5421319796955 6772 9.236679844113157 390.6477157360406 49200
312.7087335705534 624.2634245187437 6772 9.236811975720736 390.7386018237082 49300
312.7213305399809 623.9878665318504 6771 9.237252286092474 390.8705763397371 49400
312.77547673837717 623.5741675075681 6770 9.235416431240415 391.0686175580222 49500
312.8180089520925 623.1722054380665 6770 9.234905659338253 391.2769385699899 49600
312.84022850788796 623.3507537688442 6769 9.235029057603494 391.4954773869347 49700
312.8567957046811 623.2918756268806 6768 9.236293562232945 391.68706118355067 49800
312.86235893500543 623.057057057057 6767 9.236439302667097 391.9069069069069 49900
682.8854875283447 792.0 13017 18.098360655737704 962.0 50000
462.8048387107132 543.3333333333334 8662 12.21992138816988 656.6666666666666 50100
419.94312648487073 509.6 7867 10.701444358325656 583.0 50200
398.78437807951883 544.8571428571429 7582 10.138219893135105 530.8571428571429 50300
391.6024907311829 568.4444444444445 7465 9.844012297835242 502.44444444444446 50400
392.21198902544023 602.9090909090909 7386 9.744829600535484 486.54545454545456 50500
398.0643376048235 604.0 7353 9.632571433553334 471.38461538461536 50600
401.3843534319073 597.6 7374 9.546145242412889 461.8666666666667 50700
404.1647114027491 585.5294117647059 7382 9.579630417513634 451.6470588235294 50800
407.31427378111186 577.7894736842105 7376 9.576916284496006 443.4736842105263 50900
409.1976101704417 575.047619047619 7368 9.524948066924958 431.5238095238095 51000
412.22887914604064 576.9565217391304 7379 9.544149340397954 422.1304347826087 51100
412.7892437509235 569.52 7391 9.504827919481908 413.48 51200
412.2153735094045 558.074074074074 7393 9.490752874691752 407.5925925925926 51300
411.08081140805996 549.0344827586207 7382 9.48700189273809 402.51724137931035 51400
408.2731875574339 545.0967741935484 7363 9.557732953421652 396.7741935483871 51500
404.77887115672075 552.1212121212121 7336 9.591667141627827 392.7878787878788 51600
402.2342648722304 562.3428571428572 7312 9.618117330937407 388.9714285714286 51700
400.4005439724299 565.9459459459459 7292 9.634018053684272 386.5405405405405 51800
399.1961350511313 560.3076923076923 7273 9.655533611370794 385.02564102564105 51900
398.8396085584899 551.7560975609756 7250 9.69362288088264 383.3414634146341 52000
397.40791278394494 547.3488372093024 7239 9.722791803491871 383.74418604651163 52100
395.96189191273936 549.9555555555555 7224 9.726565159234115 383.6 52200
394.87049322125637 563.2765957446809 7202 9.735048596114616 383.27659574468083 52300
394.1290155867923 571.0204081632653 7178 9.719175341014179 383.7755102040816 52400
391.885171632973 572.6666666666666 7159 9.714040437214313 384.0 52500
389.43414818447206 569.3584905660377 7143 9.72557128272084 383.66037735849056 52600
387.7978501478595 568.8 7123 9.722563495816704 383.8545454545455 52700
386.9197963267633 565.859649122807 7104 9.722899613757974 384.7543859649123 52800
385.3371814588036 561.1864406779661 7078 9.715651861057395 385.1525423728813 52900
383.9527855228791 563.4754098360655 7061 9.737965780861886 385.8032786885246 53000
383.0290444660776 564.031746031746 7048 9.721653785629272 386.3968253968254 53100
382.3844407571827 563.2307692307693 7037 9.702745757060459 387.3692307692308 53200
381.8527734504283 558.6567164179105 7028 9.678451522189667 388.74626865671644 53300
380.93395984981726 552.8695652173913 7012 9.656639186066082 390.04347826086956 53400
379.7846156848332 549.7464788732394 6992 9.636016344258215 391.1267605633803 53500
378.9523332818991 547.068493150685 6978 9.627216302355654 392.17808219178085 53600
378.6661665976107 545.4133333333333 6963 9.585799176268143 393.46666666666664 53700
378.22620004541034 543.1688311688312 6949 9.543665077238748 393.84415584415586 53800
377.15732294968547 539.4430379746835 6935 9.509648239840299 394.46835443037975 53900
376.336898609694 537.283950617284 6922 9.490678636642881 395.0246913580247 54000
375.15172711056107 538.0240963855422 6914 9.483927978309065 395.0120481927711 54100
374.23885733313233 537.7176470588236 6907 9.502156042105442 394.8235294117647 54200
373.2900162597924 534.6206896551724 6901 9.522473487396827 394.2413793103448 54300
372.67464439931325 531.9101123595506 6897 9.55025207621162 393.6179775280899 54400
372.2026463136373 535.7362637362637 6894 9.567593474850609 392.7912087912088 54500
371.91896628425354 537.6344086021505 6891 9.580835192237334 391.6989247311828 54600
371.8582733085193 537.0947368421052 6896 9.60036444242752 390.7684210526316 54700
372.04408534782914 536.4742268041238 6900 9.616253170252426 389.5154639175258 54800
372.29769091606715 535.5353535353536 6905 9.628719436173252 388.5959595959596 54900
372.65099722067754 533.0693069306931 6915 9.628352110536662 388.1089108910891 55000
372.917422238086 530.0582524271845 6922 9.641359751381291 387.6990291262136 55100
372.939231550615 527.9619047619047 6927 9.653129265817062 387.9047619047619 55200
372.80386951778127 526.0747663551402 6928 9.643037271075993 388.3551401869159 55300
373.2418594187693 525.8348623853211 6928 9.646284293625056 388.61467889908255 55400
373.26966433147845 523.9459459459459 6924 9.645607020806118 388.009009009009 55500
373.0940633558731 521.7699115044247 6924 9.655812599592243 386.95575221238937 55600
373.1137632716082 518.5217391304348 6923 9.678803298343297 385.74782608695654 55700
372.9694081567365 514.4444444444445 6920 9.675928682950634 384.86324786324786 55800
372.84739848710785 511.96638655462186 6917 9.68473660424558 384.05882352941177 55900
372.6941074361189 508.6776859504132 6922 9.69627779629779 383.02479338842977 56000
372.3783464180701 505.7886178861789 6920 9.689453697897516 382.8861788617886 56100
371.9033846354151 504.672 6916 9.672327200635918 382.328 56200
371.2334533041179 503.5590551181102 6909 9.64214182039843 381.59842519685037 56300
370.40779721447274 503.3488372093023 6901 9.6307439122401 380.6589147286822 56400
369.52293547992144 501.8320610687023 6893 9.629635448463668 379.9465648854962 56500
368.4810412550257 502.5864661654135 6885 9.61448637739237 379.2781954887218 56600
367.7784794282764 501.7037037037037 6875 9.59999567011787 378.2518518518518 56700
367.1670539378393 500.7299270072993 6867 9.56933879902126 377.6350364963504 56800
366.71124780723596 498.158273381295 6861 9.537880380667058 376.33812949640287 56900
366.43287812010357 493.8581560283688 6854 9.512378531295894 375.21985815602835 57000
365.6579086301913 490.27972027972027 6847 9.492138515351956 374.7412587412587 57100
365.2352334234004 490.62068965517244 6836 9.480654873320688 374.2413793103448 57200
364.8744440552649 492.02721088435374 6823 9.46312634024568 374.00680272108843 57300
364.548218992853 493.61073825503354 6815 9.44249277763736 374.06711409395973 57400
364.143106795385 491.3112582781457 6806 9.430713952627087 374.26490066225165 57500
363.74627298528117 489.37254901960785 6799 9.414462789847649 374.2156862745098 57600
362.9338653448397 487.34193548387094 6794 9.395948325936514 373.8838709677419 57700
362.111077107007 484.7770700636943 6784 9.371666129661746 373.77070063694265 57800
361.2816090052775 481.2704402515723 6774 9.337887618720139 373.8553459119497 57900
360.29053839563653 478.2857142857143 6767 9.30714050666199 373.96894409937886 58000
359.3376325094909 475.12883435582825 6759 9.292854821216531 373.680981595092 58100
358.4703004508887 475.1757575757576 6750 9.276510453013232 373.6 58200
357.73835134986916 475.4491017964072 6742 9.267432705294732 373.67664670658684 58300
357.1431618172805 473.59763313609466 6733 9.262952896816556 373.6686390532544 58400
356.42510611921546 472.01169590643275 6724 9.263152278140339 373.39766081871346 58500
355.52577220042525 470.21965317919074 6719 9.269002896534447 373.35838150289015 58600
354.8651183023584 469.1771428571429 6714 9.275788521694501 372.9714285714286 58700
354.23581203079885 468.7457627118644 6708 9.286956458662884 372.64406779661016 58800
353.76638749709866 469.9217877094972 6701 9.29277473630567 372.4301675977654 58900
353.2107350619938 469.22651933701655 6697 9.294275252242308 372.0662983425414 59000
352.5542473936585 467.74863387978144 6695 9.296523610141298 371.89617486338796 59100
352.04429255472667 465.6972972972973 6694 9.302978674045464 371.4432432432432 59200
351.54895494439484 466.2352941176471 6691 9.306941141571771 371.42245989304814 59300
351.2686548196944 467.978835978836 6689 9.314495556299407 371.72486772486775 59400
351.1577781411736 469.22513089005236 6688 9.325771041027433 372.17277486910996 59500
350.939809456943 471.79274611398966 6688 9.33130709241575 372.77720207253884 59600
350.80191969583865 473.9384615384615 6687 9.338366587294944 373.3538461538462 59700
350.5944758094226 476.0812182741117 6686 9.342647129555909 374.2335025380711 59800
350.35004583302305 475.74874371859295 6686 9.351665751369419 375.1206030150754 59900
350.1926662649073 475.5422885572139 6685 9.35037775605452 375.9850746268657 60000
350.0251044101225 476.1871921182266 6684 9.349564745087058 377.17241379310343 60100
350.1475471222809 476.6439024390244 6685 9.338713265970044 378.50243902439024 60200
350.4031441932891 475.8164251207729 6685 9.327777838779264 379.64251207729467 60300
350.83848420710825 477.1674641148325 6686 9.317304685617101 380.4688995215311 60400
351.27220042758535 478.8815165876777 6684 9.309638049509559 380.81990521327015 60500
352.07640793637097 481.9906103286385 6685 9.304502592372444 380.86854460093895 60600
352.66699669236243 482.74418604651163 6686 9.30094041595457 380.7767441860465 60700
352.9467055171624 484.31336405529953 6687 9.30401576128785 380.46543778801845 60800
353.1571372185862 485.87214611872145 6688 9.296404551004802 380.3333333333333 60900
353.49378492348774 486.4343891402715 6688 9.292983399836784 380.26244343891403 61000
353.7590376335222 486.0269058295964 6688 9.293943189972778 380.390134529148 61100
353.98387254528086 485.0488888888889 6686 9.292898989068444 380.9111111111111 61200
354.1858767168496 484.352422907489 6685 9.285653960400829 381.75770925110135 61300
354.4635142080398 482.585152838428 6685 9.277280764911938 382.3842794759825 61400
354.7098501965581 480.9264069264069 6682 9.271550062318628 382.68831168831167 61500
354.8400202917977 479.1158798283262 6679 9.256650184407862 382.85407725321886 61600
354.7010174737735 478.11063829787236 6677 9.246259240589191 382.87659574468086 61700
354.6098689342526 477.0295358649789 6676 9.242372785273792 382.831223628692 61800
354.57218255796226 478.5774058577406 6674 9.23976744383015 382.64016736401675 61900
354.425049302416 480.448132780083 6674 9.239410214516003 382.6058091286307 62000
354.5402108119906 482.30452674897117 6673 9.231560865307758 382.559670781893 62100
354.78127026939393 481.8448979591837 6674 9.22319179054075 382.3591836734694 62200
355.00769607860036 481.17408906882594 6676 9.220720867434228 382.03643724696354 62300
355.1162613866748 480.5140562248996 6677 9.220990075632635 381.6024096385542 62400
355.0996677881522 479.8167330677291 6677 9.222863783005103 381.2151394422311 62500
355.1822399303245 479.32806324110675 6677 9.223010150810158 380.82213438735175 62600
355.3830153045262 478.7843137254902 6676 9.226977236367114 380.5176470588235 62700
355.8395136188445 478.46692607003894 6677 9.231186418518789 380.1167315175097 62800
356.2659427454069 478.1003861003861 6680 9.23269019849877 379.6332046332046 62900
356.4890356609479 477.632183908046 6681 9.231366901958548 379.2681992337165 63000
356.5690559348396 478.6920152091255 6683 9.224729059099834 379.13307984790873 63100
356.73601295112337 479.9320754716981 6685 9.22318097445106 379.0566037735849 63200
357.0557970380227 481.0561797752809 6687 9.217043634970874 379.1760299625468 63300
357.59640236543174 482.14869888475835 6689 9.208852861591051 379.17843866171006 63400
357.9710883907949 482.4206642066421 6691 9.202825584846801 379.1623616236162 63500
358.2562362100965 483.3919413919414 6694 9.197748503064544 379.06227106227107 63600
358.4772338992419 483.4836363636364 6697 9.195292150314984 378.6909090909091 63700
358.6404073791058 483.44404332129966 6700 9.20110231529466 378.09386281588445 63800
358.78153570605673 482.76702508960574 6700 9.206829180417996 377.673835125448 63900
359.10191380900847 481.7651245551601 6704 9.211140004756658 377.48398576512454 64000
359.213758207163 482.1060070671378 6706 9.203031805339538 377.64664310954066 64100
359.3422810026892 481.3333333333333 6708 9.20004756654963 377.78245614035086 64200
359.4891471712217 481.3170731707317 6705 9.191258214240602 378.01742160278746 64300
359.4342908679435 480.7266435986159 6704 9.178596926444193 378.42560553633217 64400
359.30658116223105 481.3951890034364 6702 9.163051014005857 378.9209621993127 64500
359.3018286991278 481.6245733788396 6700 9.151632208984871 379.1399317406143 64600
359.31532477334076 481.45762711864404 6698 9.134744629844054 379.41016949152544 64700
359.3103030729999 480.82154882154884 6696 9.123134997897052 379.4781144781145 64800
359.40757029259515 480.24749163879596 6692 9.115126910459118 379.5819397993311 64900
359.52276859798815 479.72093023255815 6689 9.10661000961443 379.6777408637874 65000
359.5836886393736 478.82508250825083 6686 9.099559524656325 379.4026402640264 65100
359.58379522832786 477.35081967213114 6684 9.096113718422997 379.10819672131146 65200
359.5875988938585 476.7231270358306 6683 9.096553605362496 378.75895765472313 65300
359.5678578167978 476.873786407767 6683 9.103543359296948 378.54368932038835 65400
359.5894966325383 476.63022508038586 6680 9.109915039447074 378.31832797427654 65500
359.5331622751389 475.7635782747604 6678 9.117982988202096 378.2140575079872 65600
359.45308427698234 475.2 6676 9.127057190253643 378.1904761904762 65700
359.40241055654496 476.81388012618294 6674 9.13862149820157 378.05047318611986 65800
359.4612636169065 478.6833855799373 6672 9.146972386835378 377.8557993730407 65900
359.3958591296757 480.2928348909657 6671 9.152167382747738 377.65732087227417 66000
359.4279264046038 480.03095975232196 6672 9.154381850480375 377.4643962848297 66100
359.5900252686384 480.0615384615385 6673 9.154397117524175 377.3107692307692 66200
359.7047536883982 480.8073394495413 6672 9.151640582883072 377.302752293578 66300
359.59519666207336 480.7720364741641 6672 9.146666070727756 377.24924012158056 66400
359.38627842272746 480.0845921450151 6671 9.145903183069374 377.03021148036254 66500
359.1457241706973 479.24924924924926 6669 9.147429290077966 376.7057057057057 66600
358.94371404888255 480.4 6667 9.15024492189271 376.43283582089555 66700
358.7865183742508 482.99703264094956 6665 9.154183845135913 376.2166172106825 66800
358.6961359369658 483.42772861356934 6662 9.148947755587423 376.20353982300884 66900
358.5452172238291 483.8357771260997 6660 9.139472011175375 376.11143695014664 67000
358.4115695515202 483.1137026239067 6656 9.124781212276392 376.06413994169094 67100
358.26953774237643 482.0521739130435 6653 9.109167249011136 375.88695652173914 67200
358.0822972885448 480.78386167146977 6649 9.097445660821522 375.3458213256484 67300
357.7929708783507 479.4269340974212 6645 9.08614224729246 374.8510028653295 67400
357.4258041410529 478.3931623931624 6641 9.076464827661397 374.23361823361824 67500
357.0281953969678 477.1218130311615 6637 9.067706456087667 373.75637393767704 67600
356.54668684287935 475.6281690140845 6633 9.059957730657919 373.4140845070423 67700
356.11448677539596 474.08963585434174 6629 9.052434052234489 373.2857142857143 67800
355.72856850756625 472.7632311977716 6626 9.047499414988984 373.23119777158774 67900
355.3071283100075 471.3961218836565 6623 9.047127629625404 373.2548476454294 68000
354.93798191427385 470.10468319559226 6620 9.04845729303497 373.4931129476584 68100
354.55145182078127 469.7972602739726 6619 9.0512739654019 373.7698630136986 68200
354.1338263427635 472.6811989100817 6617 9.056560083278429 373.8038147138965 68300
353.7959112797516 477.420054200542 6616 9.06031856521188 373.80758807588074 68400
353.442079674169 481.5687331536388 6615 9.0603168478792 373.81401617250674 68500
353.1477768042876 482.171581769437 6615 9.059434898739545 374.0348525469169 68600
352.9147558929698 482.4533333333333 6614 9.060206347987084 374.1653333333333 68700
352.67811699027834 483.0344827586207 6613 9.059366848975554 374.40848806366046 68800
352.42702185723266 483.4881266490765 6612 9.058094104749731 374.6253298153034 68900
352.19547167110494 482.87139107611546 6612 9.05992777038048 374.8057742782152 69000
352.1543068678494 482.3342036553525 6611 9.065406429068261 374.8955613577024 69100
352.12984502382375 481.61038961038963 6611 9.074806915151024 374.94025974025976 69200
352.1244036229544 480.9405684754522 6610 9.082857799626856 375.1188630490956 69300
352.16288995053554 480.4061696658098 6608 9.090255647086025 375.26478149100257 69400
352.06374570604083 479.1867007672634 6607 9.092838677511354 375.51918158567776 69500
351.8625777913074 477.9440203562341 6606 9.100177329131807 375.55725190839695 69600
351.59800001571494 476.47088607594935 6606 9.100440602974398 375.60506329113923 69700
351.38024581186795 475.10831234256926 6604 9.098150390029105 375.7884130982368 69800
351.2324742288475 474.5964912280702 6601 9.096350791255938 376.1077694235589 69900
351.0458931972437 476.70324189526184 6598 9.085801071975219 376.4339152119701 70000
350.8456858324906 479.71712158808936 6597 9.078448047631253 376.6774193548387 70100
350.6557262680851 482.6320987654321 6595 9.068385668761621 376.8222222222222 70200
350.41835270208105 483.34643734643737 6594 9.059499252698911 376.8673218673219 70300
350.2821663162562 483.2078239608802 6591 9.05431832725784 376.8753056234719 70400
350.1277448151357 483.3284671532847 6589 9.051012641967048 376.7639902676399 70500
349.8775134121143 483.14285714285717 6586 9.050870881620646 376.3995157384988 70600
349.6846152250735 482.2698795180723 6583 9.050247738227059 376.0048192771084 70700
349.51728253591943 482.1007194244604 6580 9.050539648888373 375.652278177458 70800
349.38686176142426 482.49164677804293 6578 9.047500285902979 375.34606205250594 70900
349.3076117188222 483.64845605700714 6576 9.04802472509984 375.0498812351544 71000
349.2545664316678 483.50354609929076 6574 9.048399420145575 374.9078014184397 71100
349.1466672807225 483.27529411764704 6572 9.04363689881013 374.7811764705882 71200
349.0328420215451 483.0070257611241 6571 9.036201317789368 374.7728337236534 71300
349.0427264393719 482.27972027972027 6571 9.030205041249557 374.84615384615387 71400
349.2478064472603 481.754060324826 6570 9.024496433169514 374.8631090487239 71500
349.3321705011458 481.1685912240185 6569 9.02124900655639 374.90993071593533 71600
349.38334700687943 481.5632183908046 6569 9.018113543143652 374.88505747126436 71700
349.5572023970128 482.2379862700229 6568 9.01709979772648 374.75743707093824 71800
349.7281157261365 482.751708428246 6568 9.01781735297421 374.5626423690205 71900
349.882884407329 482.3492063492063 6572 9.020687993780648 374.3469387755102 72000
349.9703116374224 481.7607223476298 6573 9.021104315369929 373.97516930022573 72100
350.11710221731795 481.5280898876405 6575 9.024054045884395 373.6292134831461 72200
350.1786203852591 481.2930648769575 6576 9.02430724998017 373.4519015659955 72300
350.2525376291433 481.3942093541203 6576 9.02613877167722 373.25389755011133 72400
350.41343734302455 481.52993348115297 6578 9.027893699519007 373.1352549889135 72500
350.5887542878638 481.81898454746135 6579 9.028751662091647 373.0 72600
350.8450975729375 481.8417582417582 6581 9.030383522917617 372.85274725274724 72700
351.1323205125048 481.97374179431074 6582 9.030107065989114 372.72210065645515 72800
351.33723144450965 481.9825708061002 6583 9.026630097758847 372.49891067538124 72900
351.5337017734387 482.3340563991323 6584 9.022937292981114 372.2885032537961 73000
351.50897849231546 482.29373650107993 6585 9.015487220933833 372.1576673866091 73100
351.4256778715245 481.85376344086023 6586 9.010474372671753 371.9032258064516 73200
351.3668191819298 481.25910064239827 6586 9.008250619770271 371.68094218415416 73300
351.23999113946826 480.79744136460556 6586 9.006122006931554 371.5223880597015 73400
350.9492986906874 480.39915074309977 6586 9.00236220925954 371.41825902335455 73500
350.72335894707254 479.9661733615222 6585 8.999392390192904 371.3171247357294 73600
350.5837164600338 479.75157894736844 6585 8.996434422234197 371.2421052631579 73700
350.4436105877028 479.6184486373166 6584 8.99458587352695 371.1865828092243 73800
350.36329894506065 479.20250521920667 6583 8.995652320819113 371.22546972860124 73900
350.2944884419975 478.8981288981289 6582 8.993622426289997 371.3783783783784 74000
350.31931898190555 479.1262939958592 6582 8.996451828570052 371.66045548654245 74100
350.44950095686386 479.0927835051546 6581 9.001749965359455 372.0536082474227 74200
350.6135140509686 479.1170431211499 6581 9.008326657917218 372.39014373716634 74300
350.82658793736624 478.97341513292434 6583 9.014495737707604 372.67893660531695 74400
350.9879329948354 479.4501018329939 6584 9.018510011688429 372.9327902240326 74500
351.20202750130164 481.3265720081136 6586 9.017186675707167 373.2494929006085 74600
351.39079695113855 482.82020202020203 6587 9.017830247070917 373.4343434343434 74700
351.6133891748322 484.72434607645874 6590 9.01944980283752 373.5492957746479 74800
351.8255771694237 486.4128256513026 6592 9.020359329926725 373.6553106212425 74900
352.04989038418876 487.94011976047904 6594 9.02179018241719 373.87824351297405 75000
352.21193504367864 489.37574552683895 6597 9.025562739287473 373.9125248508946 75100
352.48189826421765 489.76633663366334 6600 9.031222076773643 373.8732673267327 75200
352.8540800693123 490.73372781065086 6602 9.036530122207289 373.8481262327416 75300
353.28712983336965 491.64636542239685 6605 9.040035196102629 373.7760314341847 75400
353.68974845652167 493.56947162426616 6608 9.043978772820894 373.5831702544031 75500
354.03637888259664 495.130604288499 6611 9.051029378058994 373.4054580896686 75600
354.3519600464681 495.73980582524274 6614 9.05970776604989 373.3203883495146 75700
354.5642048824244 496.1779497098646 6618 9.066670788706592 373.38104448742746 75800
354.7606975795972 496.4971098265896 6622 9.076012747481936 373.53179190751445 75900
355.0249966846501 496.9097888675624 6625 9.081660183427575 373.73896353166987 76000
355.2687407468721 497.31548757170174 6628 9.088628389815407 373.94646271510516 76100
355.5235228360113 497.47809523809525 6631 9.096687259311933 374.1790476190476 76200
355.7951020807273 497.66603415559774 6633 9.101557516392344 374.4990512333966 76300
356.11004695889466 497.8109640831758 6636 9.107298319733014 374.9035916824197 76400
356.3410062554857 497.75141242937855 6638 9.10938005864174 375.2994350282486 76500
356.6145593359837 497.6585365853659 6639 9.110245424275355 375.76172607879926 76600
356.861634647892 497.5140186915888 6641 9.109753753172477 376.0355140186916 76700
357.11046302453207 497.2588454376164 6642 9.108314835117156 376.2513966480447 76800
357.35461865352426 497.36549165120596 6643 9.10791292478277 376.3821892393321 76900
357.60315845602526 497.3937153419593 6643 9.106228122521255 376.6025878003697 77000
357.74674355327346 497.1123388581952 6644 9.106777260740094 376.7329650092081 77100
357.72497514305 496.3559633027523 6645 9.108994999640537 376.6807339449541 77200
357.70579702752633 495.86471663619744 6644 9.111034018532772 376.6453382084095 77300
357.69451191789335 495.1183970856102 6643 9.112537754435419 376.39708561020035 77400
357.68655157857245 494.6061705989111 6642 9.112954215316861 376.1524500907441 77500
357.7254414000429 494.53164556962025 6641 9.113188658580736 375.98191681735983 77600
357.72879101612335 494.5441441441441 6639 9.113741732483748 375.85225225225224 77700
357.8334835041885 494.79712746858166 6638 9.114738366650146 375.7109515260323 77800
357.85497068619924 496.7298747763864 6637 9.1127143281571 375.59391771019676 77900
357.8219002533989 498.8306595365419 6637 9.108970248555826 375.54545454545456 78000
357.7535421882112 499.4813499111901 6637 9.105494101252285 375.50088809946715 78100
357.5605587768768 499.40530973451325 6637 9.10555235653816 375.46194690265486 78200
357.3702554124265 499.32980599647266 6637 9.106246441987391 375.310405643739 78300
357.2425911016693 499.0052724077329 6637 9.107470691592162 375.2091388400703 78400
357.0350993530037 498.1786339754816 6637 9.107177657729526 375.1611208406305 78500
356.8429833732433 497.8499127399651 6635 9.107314355131567 375.0104712041885 78600
356.61819687118674 497.9860869565217 6633 9.106941087809371 374.93217391304347 78700
356.3649203676748 498.21143847487 6630 9.107215283385864 374.8994800693241 78800
356.13307091808093 497.9032815198618 6629 9.10709166780052 374.81001727115716 78900
355.9558270392519 497.9724612736661 6628 9.108003892776269 374.7418244406196 79000
355.7974581322426 498.2195540308748 6626 9.10498901378447 374.7409948542024 79100
355.59973720057644 498.1333333333333 6624 9.102100162455294 374.6940170940171 79200
355.3671674036141 497.3798977853492 6623 9.100457572463963 374.6780238500852 79300
355.1591335174233 497.95246179966045 6622 9.097700370311156 374.7402376910017 79400
355.0145702242638 498.50423011844333 6620 9.09558540212982 374.75634517766497 79500
354.8582647549477 498.97133220910627 6619 9.093033623542022 374.66947723440137 79600
354.64036042201604 498.65546218487395 6619 9.092060641374054 374.6100840336134 79700
354.46334838675006 498.68341708542715 6619 9.091193883223163 374.41541038525963 79800
354.3369093462681 498.661101836394 6620 9.090580238896568 374.1853088480801 79900
354.16726914361664 498.58236272878537 6623 9.091586152054505 373.9916805324459 80000
353.95331844911635 498.19237147595356 6625 9.091168013047291 373.81094527363183 80100
353.78625424035715 497.8578512396694 6627 9.092548521863083 373.700826446281 80200
353.6688484491696 497.5222405271829 6627 9.092188669512081 373.6177924217463 80300
353.5783073878537 497.3399014778325 6628 9.095169987510399 373.55500821018063 80400
353.5596908762361 497.126022913257 6628 9.098079830379849 373.4860883797054 80500
353.5065680934175 496.8776508972268 6629 9.10081855850259 373.40293637846656 80600
353.3984923957155 496.42926829268293 6631 9.102463237587294 373.3658536585366 80700
353.31998239660993 495.5267423014587 6631 9.105686287687654 373.2771474878444 80800
353.19017948500647 494.86591276252017 6631 9.107887253626956 373.2730210016155 80900
353.03631689672756 494.2995169082126 6630 9.10802288243975 373.4235104669887 81000
352.84335043777446 493.92616372391655 6630 9.109281235947167 373.5280898876405 81100
352.6542519442289 493.28 6629 9.111724263264863 373.6304 81200
352.45349389224157 492.85167464114835 6629 9.115460450201576 373.6634768740032 81300
352.26341846641157 492.30842607313195 6628 9.11781874084368 373.79173290937996 81400
352.13035919951807 492.46275752773374 6627 9.12077882134158 373.9175911251981 81500
351.98485535537634 492.79304897314375 6627 9.122924859820754 374.1232227488152 81600
351.8721164303785 493.0677165354331 6626 9.124164991495858 374.38110236220473 81700
351.8274574859515 493.39089481946627 6626 9.123726090423657 374.56671899529044 81800
351.7591545711536 492.9796557120501 6626 9.123386993475178 374.71674491392804 81900
351.6957666026246 493.3915756630265 6625 9.12474716520817 374.86115444617786 82000
351.70136771837247 493.701399688958 6625 9.122301486742392 374.97045101088645 82100
351.71657724662975 494.07751937984494 6625 9.121292412364898 374.9984496124031 82200
351.69517315501736 493.98454404945903 6625 9.122741783375908 374.95054095826896 82300
351.75371731797077 494.0061633281972 6625 9.127251691274754 374.89214175654854 82400
351.77746087898487 493.83717357910905 6625 9.129350287699673 374.82488479262673 82500
351.82406257563827 493.3353751914242 6626 9.131066382292978 374.7519142419602 82600
351.75347154141105 492.99236641221376 6626 9.13259466493443 374.6793893129771 82700
351.75229618580624 492.59665144596653 6627 9.134187185604093 374.61339421613394 82800
351.7569013358121 492.03338391502274 6627 9.135222762691987 374.5523520485584 82900
351.7313883014623 491.87594553706504 6628 9.136795984026636 374.482602118003 83000
351.7500749438251 491.59276018099547 6628 9.138500232599602 374.43589743589746 83100
351.7897516681051 491.5699248120301 6628 9.139276327310995 374.3578947368421 83200
351.80260206749466 491.30434782608694 6627 9.139158557214111 374.33433283358323 83300
351.8071232724253 491.0911808669656 6627 9.140685736415264 374.26158445440956 83400
351.8810374715497 491.070044709389 6628 9.140122181025726 374.18479880774964 83500
352.0880963994186 490.95690936106985 6630 9.142776597525899 374.07578008915306 83600
352.20368759990765 490.76444444444445 6631 9.144120937171957 373.9762962962963 83700
352.2779345661535 490.43131462333827 6632 9.147064009372905 373.8596750369276 83800
352.3384825935597 490.27687776141386 6633 9.149731365984318 373.820324005891 83900
352.42949875709485 489.9530102790015 6633 9.152133746511481 373.7459618208517 84000
352.55869991714803 490.15519765739384 6633 9.154184479366187 373.5856515373353 84100
352.6817997438063 490.236496350365 6634 9.155379959320262 373.3824817518248 84200
352.75030373983856 490.6317321688501 6634 9.156613052214295 373.18195050946144 84300
352.8740485441988 491.05370101596515 6634 9.157794542232939 372.9869375907112 84400
352.98265662080115 491.6787264833575 6635 9.155632226005679 372.8277858176556 84500
353.1727218350058 492.34054834054837 6637 9.156293072062272 372.5844155844156 84600
353.31828341322364 492.6503597122302 6638 9.15709212009706 372.36978417266187 84700
353.43406717571116 492.45050215208033 6639 9.160027293353597 372.1979913916786 84800
353.4800992773103 492.3090128755365 6640 9.15919851818054 372.1301859799714 84900
353.56425133622696 492.1283880171184 6640 9.159508528521986 372.1027104136947 85000
353.6229579702145 492.0056899004267 6640 9.162067034925654 372.13513513513516 85100
353.6373925449216 491.8921985815603 6640 9.166557903022932 372.20567375886526 85200
353.6597283470337 491.7595473833098 6640 9.171467104950205 372.31824611032533 85300
353.6974427563678 491.6643159379408 6640 9.176394891246364 372.45133991537375 85400
353.70072230566257 491.7158931082982 6639 9.18076274434178 372.59071729957805 85500
353.70605696922723 491.5764375876578 6640 9.182642971790436 372.84151472650774 85600
353.7203283088361 491.1916083916084 6640 9.183679471140286 373.1636363636364 85700
353.7644480529181 491.01534170153417 6639 9.18193977944952 373.49930264993026 85800
353.8693307215938 490.9568845618915 6638 9.181322422622122 373.7635605006954 85900
353.9392005750519 490.6796116504854 6637 9.181166188440091 373.9251040221914 86000
354.03078151692165 490.27662517289076 6636 9.183036110068592 374.07745504840943 86100
354.1661964026475 490.08 6636 9.184848424247713 374.1710344827586 86200
354.33255629872906 489.85969738651994 6636 9.184807056700278 374.33562585969736 86300
354.4615872253531 489.65980795610426 6636 9.184837979538884 374.6282578875171 86400
354.49220383869635 489.2749658002736 6636 9.185728174072656 374.92612859097125 86500
354.52938801147013 489.268758526603 6636 9.187170350171463 375.2455661664393 86600
354.62259856604237 489.265306122449 6636 9.188701859422698 375.443537414966 86700
354.7965922172894 489.527815468114 6635 9.190531013394521 375.6078697421981 86800
354.93458071659967 489.74830852503385 6635 9.191291952771552 375.64817320703656 86900
355.00575701513816 489.9217273954116 6636 9.191975225353666 375.668016194332 87000
355.070969467158 489.5962314939435 6637 9.194204094195245 375.6608344549125 87100
355.13266603550517 489.0013422818792 6637 9.19577670065378 375.63892617449665 87200
355.11221136640023 488.43908969210173 6637 9.194960455380032 375.665327978581 87300
355.0426197970214 487.86915887850466 6636 9.192403252923993 375.72496662216287 87400
354.97787022347296 487.41411451398136 6635 9.190389831841275 375.7589880159787 87500
354.915094216961 486.97742363877825 6634 9.191704029326916 375.6480743691899 87600
354.8722153589871 486.58543046357613 6632 9.191148040326892 375.48476821192054 87700
354.77161999633415 486.04755614266844 6631 9.190979281243527 375.36856010568033 87800
354.63954380657356 485.52569169960475 6631 9.191988753688403 375.2068511198946 87900
354.52983946037835 485.3429697766097 6632 9.19204735279641 375.1300919842313 88000
354.45673180114187 485.3813892529489 6631 9.190304824289141 375.13106159895153 88100
354.46064051732486 485.3516339869281 6631 9.18953684232796 375.1346405228758 88200
354.54649957243566 484.8943937418514 6631 9.188264919364823 375.1812255541069 88300
354.58040441369343 484.4369310793238 6631 9.186356676283367 375.2184655396619 88400
354.5897803385949 483.97665369649803 6630 9.184552661794717 375.2697795071336 88500
354.6230048309305 483.96636481241916 6630 9.18392871241469 375.3518758085382 88600
354.56837350315203 483.63354838709677 6629 9.182255900990949 375.40258064516127 88700
354.53309916150357 483.35907335907336 6629 9.181694845169313 375.47747747747746 88800
354.51353391731027 482.87034659820284 6629 9.180441580835364 375.4749679075738 88900
354.51442585507016 482.3559539052497 6629 9.179085248107985 375.51728553137 89000
354.5239336858892 482.0893997445722 6629 9.179080992952763 375.5938697318008 89100
354.56781092671037 481.94649681528665 6629 9.177168866674085 375.6484076433121 89200
354.6386427423147 482.2592121982211 6629 9.175734900623596 375.64548919949175 89300
354.67445469625 482.1571609632446 6629 9.175044129789194 375.61216730038024 89400
354.72136183392536 482.197218710493 6630 9.174484842871511 375.5461441213654 89500
354.7836888639967 482.40857503152586 6631 9.176608882780199 375.44388398486757 89600
354.8754970372255 482.6767295597484 6631 9.177236859196343 375.4188679245283 89700
354.9122293623054 482.6925972396487 6632 9.178263132815804 375.4391468005019 89800
354.9726100771502 482.50563204005005 6632 9.181154422429113 375.4405506883605 89900
355.03705297972044 482.314606741573 6632 9.18638943704921 375.4319600499376 90000
355.14237624404814 482.16189290161896 6632 9.18970413678087 375.4657534246575 90100
355.24594347090357 482.24347826086955 6632 9.193713744959231 375.4583850931677 90200
355.3698481034926 482.25278810408923 6633 9.197987150267599 375.3804213135068 90300
355.51659652317716 482.1532756489493 6633 9.203634012336511 375.3745364647713 90400
355.6438350973761 482.2959309494451 6634 9.207285249115746 375.43033292231814 90500
355.789563966595 482.4649446494465 6635 9.210110948880258 375.5067650676507 90600
355.89010762504165 482.7067484662577 6636 9.213191700518292 375.56687116564416 90700
356.0353688330012 482.7858017135863 6636 9.215974584972349 375.63647490820074 90800
356.19802801265604 482.6129426129426 6637 9.21878457784584 375.7399267399267 90900
356.35311749214566 482.49451887941535 6638 9.22020044976339 375.8306942752741 91000
356.49369314830085 482.37910085054676 6638 9.222346860033374 375.93317132442286 91100
356.679966024134 482.1648484848485 6639 9.224859039014275 376.00363636363636 91200
356.80715242298766 481.8500604594921 6639 9.22561400394299 375.99153567110034 91300
356.9189428223817 481.4668275030157 6639 9.225660527357322 375.97225572979494 91400
356.97773292427433 481.07821901323706 6639 9.225903295311323 375.94464500601686 91500
356.9995264496543 480.8043217286915 6638 9.227970649996623 375.9171668667467 91600
356.98642204871896 480.5149700598802 6637 9.22728089993675 375.9053892215569 91700
356.9386959807778 480.2174432497013 6637 9.22572687885428 375.84348864994024 91800
356.9066988510425 479.87842669845054 6636 9.226666743267023 375.7663885578069 91900
356.88015776292804 479.48156956004755 6635 9.229199442252515 375.70511296076097 92000
356.8650862748526 479.16725978647685 6635 9.233097760125064 375.69395017793596 92100
356.7487370572086 478.691124260355 6635 9.236490822625754 375.7183431952663 92200
356.65342897206966 478.1794569067296 6633 9.241160940433687 375.77567886658795 92300
356.54631798887294 477.9175500588928 6632 9.242296967088306 375.92932862190816 92400
356.46876382083957 477.6098707403055 6631 9.242048005088954 376.1151586368978 92500
356.38730232149226 477.3317702227433 6629 9.239973198177006 376.3094958968347 92600
356.3461996753813 476.8327485380117 6627 9.237406844831227 376.56140350877195 92700
356.29991538836276 476.4830805134189 6626 9.233352219755776 376.8144690781797 92800
356.25921674177283 476.30267753201394 6625 9.23004744971763 376.906868451688 92900
356.24604848618367 476.2439024390244 6624 9.22631266405562 376.99883855981415 93000
356.21981577298186 475.96987253765934 6622 9.224544650081322 377.06952491309386 93100
356.21209863356336 475.6947976878613 6622 9.224321899741723 377.0578034682081 93200
356.1915794559713 476.20530565167246 6621 9.225460600591104 377.06920415224914 93300
356.27216686461264 476.95281933256615 6619 9.227000937165359 377.11047180667435 93400
356.31099301436115 477.10677382319176 6618 9.230637699217358 377.158438576349 93500
356.32507707856695 476.815578465063 6617 9.234195880396205 377.24169530355096 93600
356.3609035252104 476.5074285714286 6616 9.236180722046875 377.38971428571426 93700
356.43772377680835 476.442417331813 6615 9.237533259266113 377.5438996579247 93800
356.5600838614036 476.36405005688283 6614 9.236386046692889 377.77133105802045 93900
356.6464193157773 476.4608399545971 6613 9.235111617529 377.80930760499433 94000
356.7338294983062 476.3420158550396 6612 9.23336757372728 377.8346545866365 94100
356.74728883763083 476.35706214689264 6611 9.2325428358265 377.8316384180791 94200
356.6750884159075 475.9706877113867 6610 9.23106021387424 377.8094701240135 94300
356.6122915720465 475.61754780652416 6609 9.230146692583187 377.80989876265465 94400
356.55214341201463 475.30415263748597 6608 9.229356349346158 377.8361391694725 94500
356.42432799147156 474.98096304591263 6607 9.22617643324353 377.8118701007839 94600
356.31067092931795 474.63016759776536 6605 9.22267456615045 377.73966480446927 94700
356.18562154389343 474.32775919732444 6604 9.221381773679338 377.7056856187291 94800
356.0676584229802 475.03893214682984 6602 9.22067739132357 377.6573971078977 94900
355.9926998534774 475.77580466148726 6601 9.220874608678063 377.5438401775805 95000
355.96778382445984 476.50719822812846 6600 9.22159350111832 377.40531561461796 95100
355.8990392024056 476.4044198895028 6600 9.220023374289575 377.2232044198895 95200
355.83211119669386 476.1896361631753 6599 9.2168537719111 377.06945975744213 95300
355.78813538852285 476.0902090209021 6598 9.213650286307816 376.8888888888889 95400
355.75843658542726 476.059275521405 6598 9.212823851655827 376.6695938529089 95500
355.69100790426603 476.14676889375687 6597 9.210452791263608 376.52354874041623 95600
355.63520883234725 475.84043715846997 6597 9.208195578119375 376.39453551912567 95700
355.56739641801795 475.41112322791713 6597 9.205513059671057 376.33151581243186 95800
355.47696307018043 475.10990206746465 6596 9.202019016015626 376.247007616975 95900
355.3529419978896 475.1509229098806 6597 9.197671526295723 376.1411509229099 96000
355.2778292991113 475.22860238353195 6597 9.194624928550047 376.01950162513543 96100
355.24689567217865 475.3772972972973 6597 9.193145099691849 375.9027027027027 96200
355.23348108021594 475.15857605177996 6596 9.190967167371882 375.7918015102481 96300
355.1950129210692 474.96878363832076 6596 9.188790704148262 375.6307857911733 96400
355.12512460054523 474.79914070891516 6596 9.188469382949823 375.4457572502685 96500
355.0516332582666 474.4201500535906 6595 9.188737884787434 375.2068595927117 96600
354.96899621499426 474.43636363636364 6594 9.187700378517738 375.00320855614973 96700
354.9244419269766 474.4290288153682 6594 9.188548201958206 374.84951974386337 96800
354.8645993157128 474.49627263045795 6593 9.188424424707193 374.7476038338658 96900
354.8023600108515 474.41870350690755 6593 9.190054884071378 374.66312433581294 97000
354.750218474009 474.6256627783669 6592 9.191772689195298 374.5715800636267 97100
354.7500544387548 474.83809523809526 6592 9.19432978403298 374.4973544973545 97200
354.7458760239947 474.8532206969377 6591 9.19522877076153 374.4477296726505 97300
354.7323970880698 474.8345626975764 6590 9.197172750293799 374.4109589041096 97400
354.69036200284296 474.78654048370134 6590 9.19800274815794 374.403785488959 97500
354.6824130899289 474.91290661070303 6589 9.200413946536434 374.37775445960125 97600
354.7040727577733 474.90261780104714 6589 9.20216603677832 374.3455497382199 97700
354.75240563446556 475.0846394984326 6588 9.204707344576446 374.31765935214213 97800
354.77498379967255 475.1303441084463 6588 9.206775584882708 374.35036496350364 97900
354.81341525209325 475.15712799167534 6587 9.209083626274596 374.41415192507804 98000
354.85326835121487 475.4247144340602 6587 9.210650713994974 374.57217030114225 98100
354.8920887241474 475.6725388601036 6587 9.213627725620954 374.71709844559587 98200
354.93406216385534 476.1199586349535 6586 9.216541921657795 374.82730093071353 98300
354.9720243494101 476.20227038183697 6586 9.219170722806966 374.9091847265222 98400
355.0236032694607 476.1977342945417 6585 9.219194612627692 375.03192584963955 98500
355.0354928792841 476.0123329907503 6585 9.218824666222034 375.1613566289825 98600
355.0369058543296 476.8328205128205 6584 9.219990634173481 375.2676923076923 98700
354.98932384383545 477.60491299897643 6584 9.220563836560025 375.3357215967247 98800
354.90531146670196 478.2451481103167 6584 9.220267427697008 375.37282941777323 98900
354.7921897033692 477.84709480122325 6584 9.220433828032903 375.4352701325178 99000
354.6570577636843 477.5178026449644 6583 9.222099711772968 375.50356052899286 99100
354.56399325371973 477.11065989847714 6583 9.223957894900254 375.5573604060914 99200
354.47199034333 476.65045592705167 6582 9.227472333478639 375.6707193515704 99300
354.3724318081586 476.14357937310416 6582 9.22981870914813 375.7664307381193 99400
354.2657513841222 475.7780020181635 6582 9.23049559851676 375.9021190716448 99500
354.14849354224543 475.63141993957703 6581 9.229024308288125 375.98892245720043 99600
354.02116080694714 475.529648241206 6580 9.228991628185932 376.0502512562814 99700
353.87000874342846 475.71313941825474 6579 9.228365098674358 376.0902708124373 99800
353.7394604140612 475.63963963963965 6578 9.229075745790793 376.0900900900901 99900
