0 0 3 0 0 0
0 0 3 0 2 100
0 0 4 0 2 200
0 0 4 0 2 300
0 0 4 0 2 400
0 0 4 1 2 500
0 0 4 1 2 600
0 0 4 1 2 700
0 0 4 2 2 800
0 0 5 2 2 900
0 0 5 2 2 1000
0 0 5 2 2 1100
0 0 5 2 2 1200
0 0 6 2 2 1300
0 0 6 2 2 1400
0 0 7 2 3 1500
0 0 8 2 3 1600
0 0 8 2 4 1700
1 0 9 2 5 1800
2 0 9 2 6 1900
2 0 11 2 7 2000
2 0 13 3 9 2100
3 0 13 3 9 2200
3 0 14 3 11 2300
3 0 14 3 12 2400
3 0 15 3 13 2500
3 0 20 3 15 2600
3 0 20 3 19 2700
3 0 20 3 20 2800
3 0 22 3 21 2900
3 0 23 3 22 3000
3 0 25 3 25 3100
4 0 27 3 26 3200
4 0 29 3 29 3300
5 0 30 4 30 3400
5 0 32 4 32 3500
5 0 33 4 34 3600
5 0 33 4 36 3700
5 0 35 4 36 3800
6 0 38 4 37 3900
6 0 39 4 39 4000
6 0 42 5 40 4100
6 0 42 5 40 4200
6 0 42 5 41 4300
6 0 44 5 41 4400
6 0 44 5 42 4500
6 0 46 6 42 4600
6 0 47 6 44 4700
6 0 49 6 45 4800
6 0 49 6 47 4900
6 0 51 6 48 5000
6 0 51 6 48 5100
6 0 52 6 50 5200
7 0 52 6 50 5300
9 0 57 6 52 5400
9 0 59 6 53 5500
9 0 61 6 54 5600
9 0 62 8 58 5700
9 0 65 8 59 5800
9 0 65 8 62 5900
10 0 66 8 63 6000
10 0 69 8 63 6100
10 0 70 8 63 6200
10 0 72 9 64 6300
10 0 75 9 65 6400
10 0 79 9 65 6500
10 0 79 9 67 6600
10 0 82 10 68 6700
10 0 83 11 70 6800
10 0 83 11 72 6900
11 0 83 12 72 7000
12 0 89 12 73 7100
12 0 89 12 76 7200
12 0 91 14 77 7300
12 0 93 14 78 7400
12 0 97 14 80 7500
12 0 100 14 84 7600
12 0 102 15 87 7700
12 0 106 15 89 7800
12 0 106 15 89 7900
14 0 109 15 91 8000
14 0 111 15 93 8100
16 0 112 15 93 8200
16 0 115 15 94 8300
17 0 116 16 94 8400
17 0 119 16 98 8500
17 0 119 16 100 8600
18 0 121 16 102 8700
19 0 123 16 103 8800
19 0 124 16 105 8900
19 0 125 16 106 9000
19 0 125 16 106 9100
21 0 127 16 107 9200
21 0 128 16 108 9300
21 0 128 16 110 9400
21 0 130 16 111 9500
21 0 133 16 111 9600
22 0 136 16 116 9700
22 0 138 16 117 9800
22 0 139 16 120 9900
23 0 141 16 121 10000
23 0 145 16 123 10100
24 0 147 17 123 10200
24 0 150 20 126 10300
24 0 153 20 127 10400
24 0 154 20 129 10500
24 0 156 21 131 10600
24 0 157 21 131 10700
24 0 158 21 133 10800
24 0 159 21 134 10900
25 0 160 21 134 11000
25 0 161 22 135 11100
25 0 162 22 135 11200
26 0 164 23 136 11300
27 0 165 23 138 11400
27 0 166 23 139 11500
29 0 166 23 140 11600
29 0 168 23 140 11700
29 0 169 23 140 11800
30 0 172 23 142 11900
30 0 172 23 144 12000
30 0 174 23 145 12100
30 0 175 23 146 12200
30 0 176 23 147 12300
30 0 176 23 147 12400
31 0 179 23 148 12500
33 0 179 23 148 12600
33 0 180 24 149 12700
34 0 180 24 149 12800
34 0 182 24 150 12900
35 0 184 24 152 13000
36 0 186 24 153 13100
36 0 188 24 154 13200
36 0 190 25 155 13300
36 0 192 25 157 13400
36 0 192 25 157 13500
36 0 193 25 158 13600
36 0 194 25 158 13700
36 0 195 25 158 13800
36 0 198 25 161 13900
36 0 198 25 161 14000
36 0 199 25 164 14100
36 0 200 25 166 14200
36 0 203 25 166 14300
36 0 203 25 169 14400
38 0 205 25 169 14500
38 0 205 25 170 14600
38 0 206 25 171 14700
39 0 207 25 172 14800
39 0 207 25 172 14900
39 0 210 25 173 15000
39 0 213 26 174 15100
39 0 215 26 177 15200
40 0 216 26 180 15300
40 0 218 26 180 15400
41 0 219 26 180 15500
41 0 223 26 183 15600
41 0 224 26 183 15700
41 0 224 27 185 15800
41 0 225 29 186 15900
41 0 225 29 186 16000
41 0 226 29 187 16100
41 0 227 29 187 16200
41 0 227 29 188 16300
42 0 228 29 188 16400
42 0 228 29 188 16500
42 0 228 29 190 16600
42 0 229 29 190 16700
43 0 230 29 190 16800
43 0 233 29 190 16900
43 0 234 29 191 17000
44 0 234 29 192 17100
44 0 235 29 192 17200
44 0 235 29 192 17300
44 0 237 29 193 17400
45 0 239 29 194 17500
45 0 241 29 194 17600
45 0 241 29 197 17700
46 0 242 29 198 17800
46 0 244 29 198 17900
47 0 244 29 199 18000
47 0 246 30 200 18100
47 0 247 30 200 18200
47 0 251 30 202 18300
47 0 252 30 204 18400
47 0 253 30 208 18500
47 0 253 30 208 18600
47 0 253 30 208 18700
47 0 254 31 208 18800
47 0 254 31 208 18900
47 0 255 31 208 19000
47 0 256 31 208 19100
47 0 256 31 210 19200
48 0 257 31 210 19300
48 0 257 31 210 19400
48 0 258 31 211 19500
48 0 258 31 211 19600
48 0 260 31 212 19700
48 0 261 31 212 19800
48 0 261 31 212 19900
49 0 264 32 213 20000
49 0 266 32 215 20100
50 0 266 32 216 20200
50 0 270 32 217 20300
50 0 270 32 218 20400
50 0 272 33 220 20500
50 0 272 34 222 20600
51 0 274 34 222 20700
51 0 275 34 223 20800
51 0 277 34 223 20900
51 0 278 35 225 21000
51 0 278 35 225 21100
52 0 278 36 227 21200
52 0 280 37 228 21300
52 0 281 37 231 21400
52 0 282 37 231 21500
52 0 282 37 232 21600
52 0 282 37 233 21700
52 0 283 37 233 21800
53 0 283 37 234 21900
54 0 284 37 235 22000
55 0 285 37 236 22100
55 0 287 37 237 22200
56 0 288 37 239 22300
57 0 290 37 241 22400
57 0 291 37 241 22500
57 0 293 37 243 22600
57 0 295 37 245 22700
57 0 295 37 245 22800
57 0 295 37 247 22900
57 0 296 37 247 23000
57 0 296 37 247 23100
57 0 298 38 247 23200
57 0 298 39 248 23300
57 0 298 39 249 23400
58 0 299 40 249 23500
58 0 299 40 249 23600
58 0 299 40 249 23700
58 0 302 41 250 23800
58 0 302 41 250 23900
59 0 303 42 251 24000
59 0 303 42 251 24100
59 0 304 42 252 24200
60 0 306 42 253 24300
60 0 306 42 254 24400
60 0 308 42 254 24500
60 0 308 42 254 24600
60 0 309 43 254 24700
60 0 311 43 255 24800
61 0 313 43 255 24900
62 0 316 43 257 25000
62 0 318 44 258 25100
64 0 318 44 262 25200
65 0 320 44 262 25300
66 0 321 44 262 25400
66 0 322 45 262 25500
66 0 322 46 262 25600
67 0 323 46 263 25700
67 0 324 47 263 25800
67 0 324 48 263 25900
67 0 324 48 264 26000
67 0 324 48 264 26100
67 0 326 48 264 26200
67 0 327 48 266 26300
67 0 329 48 267 26400
69 0 330 48 268 26500
70 0 330 48 269 26600
70 0 332 48 270 26700
70 0 333 48 270 26800
70 0 334 48 273 26900
70 0 334 48 273 27000
70 0 335 49 275 27100
71 0 336 49 275 27200
71 0 336 49 276 27300
72 0 337 49 276 27400
73 0 337 49 276 27500
74 0 337 49 276 27600
74 0 337 49 276 27700
74 0 338 49 276 27800
74 0 341 49 276 27900
74 0 341 49 277 28000
74 0 342 49 278 28100
74 0 343 49 278 28200
75 0 343 49 279 28300
75 0 346 49 280 28400
75 0 346 49 281 28500
76 0 347 49 282 28600
77 0 348 49 283 28700
77 0 349 49 284 28800
79 0 350 50 285 28900
79 0 351 50 285 29000
79 0 353 50 287 29100
79 0 354 50 287 29200
79 0 354 51 287 29300
80 0 357 51 288 29400
80 0 358 51 289 29500
80 0 359 51 291 29600
80 0 362 52 292 29700
80 0 362 52 293 29800
80 0 364 53 293 29900
80 0 364 54 294 30000
80 0 365 54 294 30100
80 0 367 54 294 30200
80 0 369 54 297 30300
80 0 370 55 298 30400
81 0 371 55 300 30500
81 0 371 55 300 30600
81 0 372 55 301 30700
81 0 373 55 302 30800
81 0 373 55 302 30900
81 0 375 56 302 31000
81 0 375 56 302 31100
81 0 375 56 303 31200
81 0 375 56 303 31300
81 0 378 56 303 31400
81 0 378 56 304 31500
81 0 379 57 305 31600
81 0 379 57 305 31700
82 0 379 57 305 31800
82 0 380 57 305 31900
82 0 381 57 305 32000
83 0 382 57 305 32100
84 0 384 57 306 32200
84 0 386 57 308 32300
84 0 386 57 308 32400
85 0 387 57 308 32500
86 0 387 58 308 32600
86 0 388 58 309 32700
87 0 390 59 309 32800
87 0 392 59 310 32900
87 0 393 59 311 33000
87 0 396 59 313 33100
87 0 396 60 316 33200
87 0 397 60 316 33300
87 0 397 60 316 33400
88 0 398 60 317 33500
88 0 399 60 317 33600
88 0 401 60 318 33700
88 0 401 61 318 33800
88 0 402 61 321 33900
88 0 402 61 321 34000
88 0 402 61 321 34100
88 0 402 62 321 34200
89 0 404 62 321 34300
89 0 405 62 321 34400
89 0 405 62 323 34500
89 0 405 62 324 34600
89 0 407 62 324 34700
89 0 407 62 325 34800
89 0 409 62 326 34900
90 0 411 62 327 35000
90 0 413 62 328 35100
90 0 413 62 328 35200
90 0 414 63 329 35300
92 0 414 63 329 35400
92 0 414 63 329 35500
92 0 417 63 329 35600
92 0 417 63 330 35700
92 0 418 63 331 35800
92 0 418 64 332 35900
92 0 418 64 334 36000
93 0 418 64 334 36100
93 0 420 64 334 36200
93 0 420 64 334 36300
93 0 420 64 334 36400
93 0 420 64 334 36500
94 0 420 64 334 36600
95 0 421 64 334 36700
95 0 421 64 334 36800
95 0 422 65 334 36900
95 0 422 65 335 37000
95 0 423 65 335 37100
95 0 426 65 336 37200
95 0 426 65 337 37300
95 0 427 66 338 37400
95 0 428 66 338 37500
95 0 428 66 339 37600
95 0 429 67 339 37700
96 0 430 67 339 37800
96 0 432 67 340 37900
96 0 432 67 341 38000
96 0 432 67 341 38100
96 0 432 67 341 38200
96 0 433 67 341 38300
96 0 433 67 342 38400
96 0 433 67 342 38500
96 0 433 67 342 38600
96 0 434 67 342 38700
96 0 434 67 342 38800
96 0 434 67 343 38900
96 0 434 67 343 39000
96 0 435 67 343 39100
96 0 437 67 343 39200
96 0 438 67 345 39300
96 0 439 67 348 39400
96 0 439 67 348 39500
96 0 441 67 349 39600
96 0 442 67 349 39700
96 0 443 68 350 39800
96 0 443 69 350 39900
96 0 444 69 351 40000
96 0 445 69 351 40100
96 0 446 69 352 40200
96 0 447 69 353 40300
97 0 450 70 353 40400
97 0 452 70 354 40500
97 0 453 70 356 40600
97 0 454 70 358 40700
97 0 455 70 358 40800
97 0 456 71 359 40900
97 0 458 71 360 41000
97 0 459 71 362 41100
99 0 459 71 363 41200
99 0 461 71 363 41300
99 0 462 72 364 41400
99 0 462 72 365 41500
99 0 463 72 366 41600
99 0 463 72 367 41700
99 0 463 72 367 41800
99 0 465 72 367 41900
99 0 466 72 367 42000
99 0 466 72 371 42100
99 0 468 72 371 42200
99 0 468 72 371 42300
100 0 469 72 372 42400
100 0 473 72 373 42500
100 0 473 72 374 42600
101 0 473 73 376 42700
101 0 474 73 376 42800
101 0 474 73 376 42900
101 0 474 73 376 43000
102 0 476 73 376 43100
102 0 476 73 377 43200
102 0 476 73 377 43300
103 0 477 74 377 43400
103 0 478 74 377 43500
103 0 478 75 378 43600
103 0 478 75 378 43700
103 0 479 75 378 43800
103 0 479 75 378 43900
103 0 479 75 379 44000
103 0 479 75 379 44100
103 0 480 75 379 44200
103 0 481 75 379 44300
104 0 481 75 380 44400
104 0 482 75 381 44500
104 0 483 76 381 44600
104 0 483 76 382 44700
104 0 483 76 383 44800
104 0 483 76 383 44900
104 0 484 76 383 45000
104 0 484 76 384 45100
104 0 484 76 384 45200
104 0 484 76 384 45300
104 0 485 76 384 45400
105 0 486 76 384 45500
105 0 486 76 385 45600
105 0 487 77 386 45700
105 0 488 77 386 45800
106 0 489 77 388 45900
106 0 492 77 389 46000
106 0 493 77 390 46100
106 0 493 77 390 46200
107 0 493 78 391 46300
107 0 495 78 391 46400
107 0 495 78 391 46500
107 0 495 79 391 46600
107 0 496 80 391 46700
108 0 496 80 391 46800
108 0 496 80 392 46900
108 0 497 80 392 47000
108 0 498 80 392 47100
108 0 498 80 394 47200
108 0 498 80 394 47300
108 0 498 80 394 47400
109 0 498 80 394 47500
109 0 498 80 394 47600
109 0 498 80 394 47700
109 0 498 80 394 47800
110 0 499 80 394 47900
111 0 500 80 394 48000
111 0 502 80 396 48100
112 0 502 80 398 48200
112 0 503 80 398 48300
112 0 503 80 398 48400
112 0 504 80 398 48500
112 0 504 80 398 48600
112 0 504 80 399 48700
112 0 504 80 399 48800
112 0 504 80 399 48900
112 0 504 80 399 49000
112 0 504 80 399 49100
112 0 505 80 399 49200
112 0 505 80 400 49300
112 0 505 80 400 49400
112 0 505 80 400 49500
112 0 506 80 400 49600
112 0 507 80 400 49700
112 0 507 80 400 49800
112 0 510 80 400 49900
112 0 510 80 401 50000
113 0 510 80 402 50100
113 0 510 80 402 50200
113 0 511 80 402 50300
113 0 513 80 403 50400
115 0 513 80 404 50500
116 0 513 80 405 50600
116 0 514 80 405 50700
116 0 515 80 406 50800
117 0 515 80 406 50900
118 0 517 80 407 51000
119 0 517 80 408 51100
119 0 517 80 408 51200
119 0 518 81 409 51300
119 0 518 81 409 51400
119 0 520 81 410 51500
119 0 522 81 412 51600
119 0 522 81 412 51700
119 0 522 81 413 51800
119 0 523 82 413 51900
120 0 524 82 413 52000
120 0 525 82 413 52100
120 0 525 83 413 52200
120 0 526 84 414 52300
120 0 526 84 414 52400
121 0 526 84 414 52500
121 0 529 84 414 52600
121 0 530 84 414 52700
121 0 530 84 417 52800
121 0 531 84 418 52900
121 0 533 84 418 53000
121 0 533 84 419 53100
122 0 533 84 420 53200
123 0 533 84 420 53300
123 0 535 84 420 53400
123 0 535 84 421 53500
123 0 535 84 422 53600
123 0 535 84 422 53700
123 0 535 84 422 53800
123 0 535 84 422 53900
123 0 535 84 422 54000
123 0 536 84 422 54100
123 0 536 84 423 54200
123 0 536 84 425 54300
123 0 536 84 425 54400
124 0 537 84 425 54500
124 0 537 84 426 54600
124 0 537 84 426 54700
124 0 537 84 426 54800
124 0 537 84 426 54900
124 0 537 84 426 55000
124 0 537 84 427 55100
124 0 537 84 427 55200
124 0 537 84 427 55300
124 0 538 84 427 55400
124 0 539 84 429 55500
124 0 539 84 429 55600
125 0 540 84 430 55700
126 0 542 84 431 55800
126 0 543 84 431 55900
126 0 543 84 433 56000
127 0 543 84 433 56100
128 0 543 85 433 56200
129 0 545 85 433 56300
129 0 545 85 433 56400
129 0 547 85 433 56500
129 0 548 86 433 56600
129 0 548 86 434 56700
129 0 549 87 435 56800
130 0 549 87 436 56900
130 0 550 87 436 57000
131 0 551 87 437 57100
131 0 554 87 437 57200
131 0 554 87 438 57300
131 0 554 88 439 57400
131 0 555 88 439 57500
131 0 555 88 439 57600
131 0 555 88 439 57700
131 0 556 89 439 57800
131 0 557 89 439 57900
131 0 557 89 440 58000
132 0 558 89 441 58100
132 0 560 89 441 58200
132 0 562 89 442 58300
132 0 562 89 444 58400
133 0 562 89 445 58500
133 0 563 89 445 58600
133 0 563 89 446 58700
134 0 563 89 446 58800
134 0 563 89 446 58900
134 0 566 89 446 59000
134 0 566 89 447 59100
134 0 567 89 449 59200
134 0 567 89 449 59300
134 0 567 89 449 59400
134 0 567 90 449 59500
134 0 567 90 449 59600
134 0 567 90 450 59700
134 0 567 90 450 59800
134 0 568 91 450 59900
134 0 569 91 451 60000
134 0 571 92 451 60100
134 0 571 93 451 60200
134 0 572 93 453 60300
134 0 573 93 453 60400
134 0 573 93 454 60500
134 0 574 93 456 60600
134 0 574 93 456 60700
134 0 575 93 458 60800
134 0 576 93 459 60900
134 0 576 93 461 61000
134 0 577 93 461 61100
134 0 579 93 461 61200
134 0 579 93 464 61300
134 0 582 93 464 61400
134 0 582 93 467 61500
135 0 586 93 467 61600
135 0 588 93 468 61700
136 0 591 93 469 61800
137 0 591 93 470 61900
137 0 591 95 472 62000
138 0 591 95 472 62100
138 0 592 95 472 62200
138 0 594 95 473 62300
138 0 595 95 473 62400
138 0 595 95 474 62500
138 0 597 95 475 62600
138 0 599 95 476 62700
138 0 600 96 476 62800
138 0 601 96 478 62900
138 0 602 96 478 63000
138 0 602 98 478 63100
138 0 602 99 479 63200
138 0 603 99 479 63300
138 0 603 99 479 63400
138 0 603 99 480 63500
138 0 605 99 480 63600
138 0 605 99 482 63700
138 0 607 99 482 63800
138 0 607 99 483 63900
138 0 607 100 484 64000
138 0 607 100 484 64100
138 0 609 100 484 64200
138 0 611 100 486 64300
138 0 612 100 487 64400
140 0 612 100 488 64500
140 0 614 100 489 64600
140 0 614 100 490 64700
140 0 614 101 490 64800
140 0 614 101 491 64900
140 0 614 101 491 65000
141 0 615 101 491 65100
141 0 616 101 492 65200
141 0 616 101 493 65300
141 0 617 101 493 65400
141 0 617 101 493 65500
141 0 620 101 494 65600
141 0 620 101 496 65700
141 0 621 101 496 65800
141 0 623 101 497 65900
141 0 625 101 499 66000
141 0 626 101 500 66100
141 0 626 102 500 66200
141 0 627 102 502 66300
141 0 629 102 502 66400
141 0 629 102 504 66500
141 0 629 102 506 66600
141 0 630 102 506 66700
141 0 630 102 507 66800
141 0 632 102 508 66900
141 0 633 102 510 67000
141 0 633 102 510 67100
141 0 633 102 511 67200
141 0 633 102 511 67300
141 0 633 102 511 67400
142 0 633 102 511 67500
142 0 633 102 512 67600
142 0 634 102 512 67700
142 0 634 102 512 67800
143 0 635 103 512 67900
143 0 635 103 512 68000
143 0 635 103 513 68100
143 0 635 103 513 68200
143 0 635 103 513 68300
143 0 635 103 513 68400
143 0 635 103 513 68500
143 0 635 103 513 68600
143 0 637 103 513 68700
143 0 639 103 514 68800
143 0 639 103 515 68900
143 0 641 103 516 69000
143 0 641 103 516 69100
143 0 641 103 517 69200
143 0 641 103 517 69300
143 0 642 103 517 69400
143 0 642 104 517 69500
143 0 643 104 519 69600
143 0 643 104 519 69700
144 0 644 104 520 69800
145 0 645 104 521 69900
145 0 645 104 524 70000
145 0 645 104 524 70100
145 0 646 104 524 70200
145 0 646 104 524 70300
145 0 646 105 524 70400
145 0 646 105 525 70500
145 0 646 105 525 70600
145 0 646 105 525 70700
145 0 646 105 525 70800
145 0 646 105 525 70900
145 0 646 105 525 71000
145 0 646 105 526 71100
145 0 646 105 526 71200
145 0 647 105 526 71300
145 0 649 105 527 71400
145 0 649 105 528 71500
145 0 651 105 528 71600
145 0 652 105 528 71700
146 0 653 105 529 71800
146 0 653 106 530 71900
146 0 653 106 531 72000
146 0 654 107 533 72100
146 0 654 107 533 72200
146 0 654 108 533 72300
147 0 656 108 533 72400
148 0 656 108 533 72500
150 0 656 108 534 72600
151 0 656 109 534 72700
152 0 656 109 534 72800
153 0 656 109 534 72900
154 0 656 109 534 73000
155 0 657 109 534 73100
156 0 659 109 534 73200
157 0 659 109 534 73300
158 0 659 110 536 73400
158 0 660 110 536 73500
159 0 660 110 537 73600
159 0 663 110 537 73700
159 0 664 110 539 73800
159 0 665 110 539 73900
159 0 666 111 541 74000
159 0 667 111 542 74100
159 0 667 111 543 74200
159 0 668 111 543 74300
159 0 668 111 543 74400
159 0 669 111 544 74500
159 0 671 111 544 74600
159 0 671 111 545 74700
159 0 671 112 546 74800
159 0 671 112 546 74900
159 0 671 112 546 75000
159 0 671 112 546 75100
159 0 671 112 546 75200
159 0 673 112 546 75300
159 0 673 112 546 75400
159 0 675 112 548 75500
159 0 676 112 549 75600
159 0 677 112 549 75700
160 0 677 115 549 75800
160 0 677 115 550 75900
160 0 678 115 550 76000
160 0 678 115 550 76100
160 0 678 117 550 76200
160 0 678 117 550 76300
160 0 678 117 550 76400
160 0 679 117 550 76500
160 0 680 117 550 76600
160 0 680 117 552 76700
160 0 681 117 552 76800
160 0 681 117 552 76900
160 0 681 117 553 77000
160 0 681 117 553 77100
160 0 681 117 553 77200
160 0 681 117 553 77300
160 0 682 117 553 77400
160 0 682 117 554 77500
160 0 684 117 554 77600
160 0 684 117 554 77700
162 0 684 117 554 77800
163 0 685 117 554 77900
163 0 687 117 555 78000
163 0 687 117 556 78100
163 0 689 117 557 78200
163 0 690 117 558 78300
163 0 691 117 560 78400
163 0 693 117 560 78500
163 0 693 117 560 78600
163 0 693 119 560 78700
163 0 694 119 560 78800
163 0 695 119 560 78900
163 0 695 119 561 79000
163 0 695 119 562 79100
163 0 695 120 562 79200
163 0 695 120 562 79300
163 0 696 120 562 79400
163 0 697 120 564 79500
163 0 697 120 564 79600
163 0 697 120 565 79700
163 0 697 120 565 79800
163 0 698 120 566 79900
164 0 699 120 566 80000
165 0 699 121 567 80100
165 0 699 121 567 80200
166 0 700 121 567 80300
166 0 700 121 567 80400
166 0 701 121 567 80500
166 0 704 122 567 80600
166 0 704 123 568 80700
166 0 705 123 570 80800
166 0 706 123 571 80900
166 0 710 123 571 81000
167 0 710 123 573 81100
167 0 710 124 574 81200
168 0 712 125 574 81300
169 0 714 125 574 81400
170 0 715 125 575 81500
171 0 716 126 577 81600
172 0 717 126 578 81700
172 0 719 126 578 81800
172 0 720 126 580 81900
173 0 721 127 581 82000
173 0 721 127 582 82100
173 0 722 127 583 82200
173 0 722 127 583 82300
173 0 722 127 583 82400
173 0 722 127 583 82500
173 0 723 127 583 82600
173 0 723 127 584 82700
173 0 723 127 584 82800
173 0 723 127 584 82900
173 0 724 127 584 83000
173 0 724 127 585 83100
175 0 724 127 585 83200
177 0 724 127 585 83300
177 0 724 127 585 83400
177 0 725 127 585 83500
177 0 725 127 585 83600
177 0 726 127 585 83700
177 0 726 127 586 83800
177 0 727 127 586 83900
177 0 728 127 587 84000
177 0 728 127 587 84100
177 0 729 127 587 84200
177 0 729 128 588 84300
177 0 730 128 588 84400
177 0 731 128 588 84500
177 0 731 129 588 84600
177 0 731 129 588 84700
177 0 732 129 588 84800
177 0 733 129 588 84900
177 0 733 129 590 85000
178 0 734 129 590 85100
178 0 735 129 590 85200
178 0 736 129 590 85300
180 0 736 130 591 85400
180 0 737 130 592 85500
180 0 738 130 592 85600
180 0 739 130 593 85700
180 0 740 130 594 85800
180 0 742 130 596 85900
180 0 742 130 596 86000
181 0 743 130 597 86100
181 0 744 130 597 86200
181 0 745 130 598 86300
181 0 745 130 599 86400
181 0 745 131 599 86500
181 0 746 131 599 86600
181 0 746 131 599 86700
181 0 747 131 600 86800
181 0 747 131 600 86900
181 0 748 131 600 87000
181 0 749 131 600 87100
181 0 749 131 600 87200
181 0 749 132 601 87300
181 0 750 132 601 87400
182 0 751 132 601 87500
183 0 752 132 602 87600
183 0 754 132 604 87700
183 0 754 132 604 87800
184 0 754 133 605 87900
185 0 754 134 605 88000
186 0 755 134 605 88100
187 0 755 134 605 88200
188 0 755 134 606 88300
188 0 758 134 606 88400
189 0 759 134 607 88500
189 0 760 135 609 88600
189 0 760 135 609 88700
189 0 761 135 610 88800
189 0 762 135 611 88900
189 0 763 135 611 89000
189 0 764 135 611 89100
189 0 765 135 612 89200
189 0 765 135 612 89300
189 0 765 137 612 89400
189 0 765 137 612 89500
189 0 766 137 612 89600
189 0 766 137 613 89700
190 0 767 137 613 89800
191 0 767 137 613 89900
191 0 767 137 614 90000
191 0 767 137 614 90100
191 0 767 137 614 90200
191 0 767 137 614 90300
192 0 767 137 614 90400
192 0 768 137 614 90500
192 0 768 137 614 90600
192 0 769 137 615 90700
192 0 769 137 615 90800
192 0 770 137 615 90900
192 0 771 138 615 91000
192 0 771 138 617 91100
193 0 771 138 617 91200
193 0 773 138 617 91300
193 0 774 138 618 91400
193 0 774 139 619 91500
194 0 774 139 621 91600
195 0 775 139 622 91700
196 0 777 139 623 91800
196 0 778 139 624 91900
196 0 778 139 624 92000
198 0 778 140 625 92100
199 0 778 140 625 92200
200 0 779 140 625 92300
201 0 779 140 625 92400
202 0 780 140 625 92500
203 0 780 141 626 92600
205 0 780 141 626 92700
206 0 780 141 626 92800
207 0 782 141 626 92900
209 0 782 141 627 93000
211 0 784 141 628 93100
212 0 786 141 630 93200
212 0 786 141 632 93300
212 0 786 142 632 93400
212 0 788 142 632 93500
212 0 788 142 633 93600
212 0 789 142 633 93700
212 0 789 143 633 93800
212 0 790 143 633 93900
212 0 790 143 633 94000
213 0 792 143 633 94100
213 0 793 144 633 94200
213 0 795 144 635 94300
213 0 795 144 636 94400
213 0 795 144 638 94500
213 0 797 144 638 94600
213 0 799 144 638 94700
213 0 800 144 641 94800
215 0 802 144 642 94900
215 0 803 144 645 95000
215 0 805 144 645 95100
215 0 805 144 648 95200
216 0 808 144 648 95300
216 0 810 144 650 95400
217 0 812 144 652 95500
217 0 815 144 652 95600
217 0 818 145 654 95700
217 0 819 145 657 95800
217 0 820 145 660 95900
217 0 821 146 661 96000
217 0 821 146 661 96100
217 0 821 147 661 96200
217 0 821 147 661 96300
217 0 822 147 661 96400
217 0 823 147 661 96500
217 0 823 147 662 96600
217 0 824 147 662 96700
217 0 824 147 662 96800
217 0 824 147 663 96900
217 0 825 147 663 97000
217 0 825 147 663 97100
217 0 825 147 663 97200
217 0 825 147 663 97300
217 0 826 148 663 97400
217 0 826 148 664 97500
217 0 827 148 664 97600
217 0 827 148 666 97700
217 0 827 148 666 97800
217 0 828 148 666 97900
218 0 828 148 667 98000
218 0 828 148 667 98100
218 0 830 148 667 98200
218 0 830 148 668 98300
218 0 831 148 668 98400
218 0 831 149 668 98500
218 0 833 149 669 98600
218 0 833 149 669 98700
218 0 833 150 671 98800
219 0 833 150 671 98900
219 0 834 150 671 99000
220 0 834 150 671 99100
220 0 834 151 672 99200
220 0 836 151 672 99300
220 0 836 151 673 99400
220 0 836 151 674 99500
220 0 838 151 674 99600
220 0 839 151 675 99700
220 0 840 151 676 99800
220 0 841 151 676 99900
220 0 841 151 678 100000
220 0 841 151 678 100100
220 0 841 151 679 100200
221 0 843 151 679 100300
221 0 844 151 679 100400
221 0 847 151 680 100500
221 0 847 151 683 100600
221 0 847 152 683 100700
221 0 847 152 683 100800
221 0 847 152 683 100900
221 0 848 152 683 101000
221 0 848 152 683 101100
221 0 849 152 683 101200
221 0 849 152 683 101300
221 0 849 152 684 101400
222 0 850 152 684 101500
223 0 850 152 684 101600
223 0 851 152 684 101700
223 0 851 153 684 101800
223 0 851 153 684 101900
223 0 853 153 684 102000
225 0 853 153 684 102100
225 0 854 154 685 102200
225 0 855 154 687 102300
225 0 855 154 688 102400
225 0 856 154 689 102500
225 0 858 154 689 102600
225 0 859 154 690 102700
225 0 859 154 690 102800
225 0 859 156 691 102900
225 0 859 156 691 103000
226 0 859 156 691 103100
227 0 859 156 692 103200
227 0 859 157 692 103300
227 0 860 157 692 103400
227 0 860 157 692 103500
227 0 861 157 694 103600
227 0 861 157 694 103700
227 0 861 157 695 103800
227 0 862 157 695 103900
227 0 862 157 695 104000
227 0 864 157 696 104100
227 0 865 157 696 104200
227 0 865 157 698 104300
228 0 868 157 699 104400
229 0 868 157 700 104500
229 0 869 158 701 104600
229 0 870 158 701 104700
229 0 871 158 701 104800
230 0 872 158 703 104900
230 0 874 159 703 105000
230 0 875 159 705 105100
230 0 876 159 705 105200
230 0 877 160 705 105300
230 0 878 160 705 105400
230 0 878 162 705 105500
230 0 879 162 705 105600
230 0 879 162 705 105700
231 0 879 162 706 105800
232 0 879 162 706 105900
233 0 880 162 706 106000
233 0 881 162 706 106100
233 0 882 162 708 106200
233 0 882 162 708 106300
233 0 882 162 709 106400
233 0 883 162 709 106500
233 0 883 162 709 106600
233 0 884 162 709 106700
233 0 884 162 709 106800
233 0 885 162 710 106900
233 0 886 162 711 107000
233 0 887 162 711 107100
233 0 888 162 711 107200
233 0 888 163 711 107300
233 0 890 163 712 107400
233 0 890 163 714 107500
234 0 893 163 714 107600
234 0 894 163 714 107700
235 0 899 163 715 107800
236 0 900 163 717 107900
236 0 900 164 719 108000
237 0 901 165 720 108100
237 0 901 165 720 108200
237 0 901 166 721 108300
237 0 901 166 721 108400
238 0 902 166 721 108500
238 0 902 166 721 108600
239 0 902 166 722 108700
239 0 904 166 722 108800
239 0 905 166 722 108900
239 0 906 166 723 109000
239 0 906 167 723 109100
239 0 907 168 723 109200
239 0 908 168 723 109300
241 0 908 168 724 109400
241 0 911 169 724 109500
241 0 911 169 724 109600
241 0 912 170 725 109700
241 0 912 170 726 109800
241 0 913 170 726 109900
241 0 914 170 727 110000
241 0 915 170 728 110100
241 0 915 170 730 110200
241 0 917 170 730 110300
241 0 917 170 731 110400
241 0 917 170 732 110500
241 0 917 170 733 110600
241 0 917 170 733 110700
241 0 918 170 733 110800
241 0 919 170 734 110900
241 0 919 170 734 111000
241 0 919 170 734 111100
241 0 919 170 734 111200
241 0 919 170 734 111300
241 0 920 170 734 111400
241 0 922 170 734 111500
241 0 923 170 735 111600
242 0 923 170 736 111700
242 0 924 170 737 111800
242 0 925 170 737 111900
242 0 925 170 738 112000
242 0 928 170 738 112100
242 0 930 170 740 112200
242 0 932 170 741 112300
242 0 933 171 742 112400
242 0 934 171 744 112500
242 0 935 173 744 112600
243 0 936 173 745 112700
243 0 937 173 746 112800
243 0 937 174 746 112900
243 0 937 174 747 113000
243 0 938 174 747 113100
243 0 939 174 747 113200
243 0 939 174 748 113300
243 0 940 175 748 113400
243 0 940 175 748 113500
244 0 940 175 749 113600
244 0 940 175 750 113700
245 0 940 175 750 113800
245 0 942 175 750 113900
246 0 944 175 750 114000
246 0 944 175 752 114100
246 0 946 175 753 114200
246 0 948 175 754 114300
246 0 951 175 756 114400
246 0 952 175 758 114500
246 0 953 176 759 114600
246 0 956 176 760 114700
246 0 957 177 761 114800
246 0 957 177 762 114900
246 0 958 178 763 115000
247 0 958 178 763 115100
247 0 960 178 763 115200
248 0 962 179 763 115300
248 0 963 179 763 115400
248 0 963 179 766 115500
248 0 965 179 766 115600
248 0 965 179 766 115700
248 0 966 180 766 115800
248 0 967 180 767 115900
248 0 967 180 768 116000
248 0 967 180 768 116100
248 0 967 180 768 116200
248 0 968 180 768 116300
248 0 969 180 768 116400
248 0 969 180 769 116500
248 0 971 180 770 116600
248 0 971 180 770 116700
248 0 971 180 772 116800
248 0 972 180 772 116900
248 0 973 180 774 117000
248 0 974 180 774 117100
248 0 974 180 776 117200
248 0 975 180 776 117300
249 0 975 180 776 117400
249 0 976 180 776 117500
249 0 977 180 776 117600
250 0 978 180 778 117700
250 0 979 180 780 117800
250 0 979 180 781 117900
250 0 980 180 783 118000
250 0 981 180 783 118100
250 0 983 181 784 118200
250 0 983 182 785 118300
250 0 984 182 786 118400
250 0 985 182 786 118500
250 0 985 183 786 118600
250 0 986 183 786 118700
250 0 986 183 786 118800
250 0 987 183 786 118900
250 0 988 183 787 119000
250 0 988 183 787 119100
251 0 990 183 788 119200
251 0 991 184 788 119300
251 0 992 184 790 119400
251 0 992 184 791 119500
252 0 993 184 791 119600
252 0 993 184 791 119700
252 0 993 185 791 119800
252 0 994 185 791 119900
