0 0 0 0 0 0
0 0 0 0 2 100
0 0 0 0 5 200
0 0 0 0 5 300
0 0 0 1 5 400
0 0 1 1 5 500
0 0 3 1 5 600
0 0 3 1 7 700
0 0 5 2 7 800
0 0 5 2 9 900
0 0 6 2 9 1000
0 0 6 2 11 1100
0 0 7 2 11 1200
0 0 9 2 11 1300
0 0 11 2 13 1400
0 0 12 2 16 1500
0 0 16 2 17 1600
0 0 21 2 17 1700
0 0 21 2 23 1800
1 0 26 2 25 1900
1 0 30 3 28 2000
1 0 34 3 32 2100
3 0 36 3 36 2200
4 0 40 3 40 2300
5 0 42 3 43 2400
5 0 44 3 45 2500
6 0 45 3 49 2600
7 0 48 3 50 2700
7 0 53 3 54 2800
7 0 57 3 59 2900
7 0 60 3 62 3000
8 0 63 3 65 3100
8 0 67 3 71 3200
8 0 67 3 78 3300
8 0 72 3 79 3400
8 0 76 3 82 3500
8 0 81 4 87 3600
9 0 84 4 88 3700
9 0 85 4 93 3800
10 0 88 4 95 3900
12 0 91 4 96 4000
13 0 96 4 99 4100
14 0 97 4 101 4200
14 0 100 5 104 4300
14 0 101 5 105 4400
14 0 102 6 107 4500
15 0 104 7 108 4600
16 0 106 7 109 4700
18 0 107 7 110 4800
19 0 112 7 112 4900
19 0 114 7 114 5000
19 0 116 8 115 5100
19 0 116 9 117 5200
19 0 119 9 118 5300
19 0 121 9 119 5400
19 0 124 9 121 5500
19 0 124 9 123 5600
19 0 125 9 125 5700
19 0 125 9 125 5800
19 0 127 9 126 5900
19 0 127 9 128 6000
19 0 128 9 129 6100
19 0 129 9 129 6200
19 0 129 9 131 6300
19 0 132 9 131 6400
19 0 133 10 132 6500
19 0 138 10 133 6600
19 0 140 10 137 6700
19 0 145 11 139 6800
19 0 147 11 142 6900
19 0 150 11 145 7000
19 0 152 11 147 7100
19 0 153 11 150 7200
19 0 154 11 151 7300
19 0 157 12 153 7400
19 0 159 12 154 7500
19 0 160 12 157 7600
19 0 161 12 157 7700
19 0 162 12 158 7800
19 0 163 12 159 7900
19 0 166 12 159 8000
20 0 167 12 163 8100
20 0 172 12 164 8200
20 0 173 12 166 8300
20 0 174 12 167 8400
20 0 176 13 169 8500
20 1 179 13 172 8600
20 1 183 13 173 8700
20 1 184 13 175 8800
20 1 186 14 177 8900
20 1 187 14 178 9000
20 1 188 15 182 9100
20 1 189 15 183 9200
20 1 190 15 183 9300
20 1 191 15 184 9400
20 1 194 15 185 9500
20 1 195 15 185 9600
20 1 195 15 189 9700
20 1 196 15 189 9800
21 1 197 15 190 9900
22 2 197 15 191 10000
22 2 199 15 192 10100
22 2 202 15 193 10200
22 2 203 16 196 10300
22 2 203 16 197 10400
23 2 203 16 198 10500
23 2 204 16 198 10600
23 2 205 17 199 10700
23 2 206 17 200 10800
24 2 207 17 200 10900
25 2 207 17 202 11000
26 2 209 17 202 11100
26 2 209 17 202 11200
26 2 210 17 204 11300
26 2 210 17 204 11400
26 3 212 18 204 11500
26 3 215 18 205 11600
27 3 215 18 206 11700
29 3 218 18 207 11800
29 3 219 18 208 11900
29 3 219 18 210 12000
29 3 222 18 210 12100
29 3 224 18 211 12200
29 3 226 19 213 12300
29 3 227 19 215 12400
29 3 228 19 217 12500
29 3 229 19 219 12600
29 3 229 19 220 12700
30 3 231 19 221 12800
30 3 231 19 225 12900
31 3 231 19 225 13000
32 3 232 19 226 13100
32 3 233 19 226 13200
32 3 233 19 228 13300
32 3 233 19 228 13400
32 3 236 19 228 13500
32 3 237 19 229 13600
32 3 239 19 230 13700
32 3 240 19 233 13800
32 3 240 19 235 13900
32 3 240 19 237 14000
33 3 241 19 237 14100
33 3 241 19 238 14200
33 3 243 20 238 14300
33 3 243 20 240 14400
33 3 244 20 240 14500
34 3 247 20 241 14600
34 3 248 20 242 14700
34 3 248 20 244 14800
34 3 248 20 244 14900
34 3 248 20 244 15000
34 3 248 20 244 15100
34 3 250 20 244 15200
34 3 250 20 244 15300
34 3 250 20 246 15400
35 3 253 20 246 15500
35 3 255 20 247 15600
35 3 257 20 249 15700
35 3 260 20 251 15800
37 3 260 20 253 15900
38 3 260 20 254 16000
39 3 262 20 254 16100
39 3 264 20 256 16200
39 3 266 20 256 16300
39 3 267 21 256 16400
39 3 268 21 257 16500
39 3 269 21 258 16600
39 3 269 21 258 16700
39 3 271 22 259 16800
40 3 271 22 262 16900
40 3 272 22 262 17000
41 3 276 22 262 17100
42 3 276 22 264 17200
42 3 277 23 266 17300
42 3 277 23 266 17400
42 3 277 23 267 17500
42 3 277 24 267 17600
42 3 277 24 267 17700
43 3 277 24 267 17800
43 3 277 24 267 17900
43 3 277 24 267 18000
43 3 277 24 267 18100
43 3 277 24 267 18200
43 3 278 24 267 18300
43 3 279 24 268 18400
43 3 279 24 268 18500
44 3 280 24 269 18600
44 3 281 24 269 18700
44 3 282 24 270 18800
44 3 282 24 271 18900
44 3 283 24 272 19000
45 3 283 24 273 19100
45 3 284 24 273 19200
45 3 285 24 273 19300
46 3 287 24 275 19400
46 3 287 24 277 19500
46 3 287 24 278 19600
47 3 287 24 280 19700
48 3 288 25 280 19800
49 3 288 25 281 19900
50 3 291 25 281 20000
51 3 293 25 285 20100
51 3 294 25 286 20200
52 3 294 25 286 20300
52 3 296 25 287 20400
52 3 298 25 289 20500
52 3 301 25 290 20600
52 3 302 25 290 20700
52 3 302 25 293 20800
52 3 304 25 295 20900
52 3 305 25 296 21000
52 3 307 25 297 21100
52 3 310 25 298 21200
52 3 310 25 301 21300
53 3 312 25 301 21400
53 3 313 25 303 21500
53 3 315 25 305 21600
54 3 316 25 307 21700
54 3 317 25 308 21800
55 3 318 25 311 21900
56 3 318 25 311 22000
56 3 319 26 312 22100
56 3 320 26 314 22200
56 3 320 26 314 22300
56 3 321 26 315 22400
56 3 321 26 316 22500
56 3 323 26 316 22600
57 3 324 26 316 22700
57 3 326 26 318 22800
57 3 328 26 319 22900
58 3 330 26 320 23000
58 3 333 26 324 23100
59 3 335 26 325 23200
59 3 338 26 327 23300
59 3 338 27 329 23400
61 3 339 28 330 23500
61 3 340 28 330 23600
61 3 340 28 330 23700
62 3 343 28 330 23800
62 3 345 28 331 23900
62 3 346 28 331 24000
62 3 347 28 333 24100
62 3 350 28 333 24200
62 3 350 28 333 24300
62 3 352 28 335 24400
62 3 353 28 335 24500
62 3 353 28 337 24600
63 3 354 28 337 24700
63 3 357 28 337 24800
63 3 358 28 340 24900
63 3 358 29 341 25000
63 3 361 29 342 25100
63 3 362 29 342 25200
63 3 363 29 345 25300
63 3 363 29 346 25400
63 3 365 29 347 25500
63 3 367 29 349 25600
63 3 369 29 349 25700
63 3 370 29 352 25800
63 3 372 29 353 25900
64 3 372 29 356 26000
65 3 374 29 356 26100
65 3 374 29 358 26200
65 3 376 29 358 26300
65 3 377 29 359 26400
65 3 377 29 361 26500
65 3 377 29 361 26600
65 3 378 29 362 26700
65 3 378 29 363 26800
65 3 378 29 363 26900
65 3 379 29 363 27000
65 3 379 29 364 27100
65 3 380 29 364 27200
65 3 380 29 364 27300
65 3 381 29 365 27400
65 3 383 29 365 27500
65 3 383 29 366 27600
65 3 383 29 368 27700
65 3 384 29 368 27800
65 3 386 29 368 27900
65 3 387 29 369 28000
65 3 387 30 370 28100
67 3 387 30 370 28200
67 3 389 30 370 28300
67 3 390 30 370 28400
67 3 392 30 371 28500
67 3 392 30 372 28600
67 3 392 31 372 28700
67 3 392 31 372 28800
67 3 393 31 373 28900
67 3 394 31 374 29000
67 4 395 31 375 29100
67 4 395 31 376 29200
67 4 396 31 378 29300
67 4 397 31 379 29400
67 4 400 31 379 29500
69 4 402 31 382 29600
70 4 405 31 383 29700
71 4 406 31 386 29800
72 5 409 31 387 29900
73 5 410 31 389 30000
74 5 410 31 393 30100
75 5 410 31 393 30200
76 5 411 31 393 30300
77 5 412 31 394 30400
78 5 412 31 395 30500
79 5 413 31 395 30600
80 5 415 31 395 30700
81 5 416 33 395 30800
82 5 416 33 396 30900
83 5 417 33 397 31000
84 5 417 33 397 31100
85 5 420 33 398 31200
86 5 422 33 401 31300
87 5 422 33 402 31400
89 5 422 33 403 31500
90 5 422 33 403 31600
91 5 423 33 403 31700
92 5 424 33 404 31800
93 5 424 33 405 31900
94 5 425 33 406 32000
96 5 425 33 407 32100
97 5 425 34 408 32200
99 5 425 34 408 32300
100 5 426 34 409 32400
101 5 427 34 410 32500
102 5 428 34 412 32600
103 5 430 34 413 32700
104 5 430 34 415 32800
104 5 431 34 416 32900
104 5 432 34 416 33000
104 5 432 34 418 33100
105 5 432 34 419 33200
106 5 433 34 419 33300
107 5 433 35 420 33400
107 5 435 35 420 33500
107 5 438 35 421 33600
107 5 439 36 423 33700
107 5 442 36 425 33800
108 5 443 36 427 33900
108 5 445 36 429 34000
108 5 449 36 432 34100
108 5 449 36 436 34200
108 5 451 36 436 34300
108 5 452 36 437 34400
108 5 454 36 437 34500
108 5 455 36 437 34600
108 5 456 36 438 34700
109 5 457 37 441 34800
109 5 459 37 442 34900
109 5 459 37 445 35000
109 5 459 37 447 35100
110 5 461 37 448 35200
110 5 461 38 451 35300
110 5 462 38 453 35400
110 5 462 38 453 35500
110 5 464 38 454 35600
110 5 465 38 454 35700
110 5 467 38 456 35800
111 5 468 38 457 35900
112 5 469 38 458 36000
114 6 469 38 458 36100
114 6 475 38 459 36200
114 6 476 38 463 36300
114 6 478 38 465 36400
114 6 480 38 468 36500
115 6 481 38 468 36600
117 6 483 38 470 36700
117 6 484 38 470 36800
117 6 487 38 472 36900
117 6 488 38 474 37000
117 6 490 38 474 37100
117 6 491 40 474 37200
117 6 494 41 475 37300
117 6 495 41 477 37400
117 6 498 41 477 37500
117 6 499 41 478 37600
117 6 501 41 480 37700
117 6 504 41 480 37800
117 6 504 41 484 37900
117 6 509 41 485 38000
117 6 511 41 488 38100
117 6 513 41 491 38200
117 6 513 41 492 38300
119 6 516 41 493 38400
119 6 518 41 495 38500
120 6 519 41 498 38600
120 6 519 42 498 38700
120 6 520 42 499 38800
120 6 521 42 500 38900
120 6 521 42 500 39000
120 6 522 42 501 39100
120 6 523 42 501 39200
120 6 523 42 503 39300
120 6 525 42 503 39400
120 6 527 42 505 39500
120 6 528 42 506 39600
121 6 529 42 508 39700
121 6 531 42 510 39800
122 7 533 42 510 39900
123 7 534 42 511 40000
124 7 535 42 512 40100
124 7 536 42 513 40200
124 7 537 42 514 40300
124 7 538 42 515 40400
124 7 539 42 516 40500
124 7 539 42 519 40600
124 7 539 42 519 40700
124 7 539 42 519 40800
124 7 540 42 520 40900
124 7 540 42 521 41000
124 7 541 42 521 41100
124 7 542 42 522 41200
124 7 543 42 522 41300
124 7 544 42 524 41400
125 7 545 43 525 41500
125 7 546 43 525 41600
126 7 549 43 526 41700
126 7 549 43 528 41800
126 7 551 43 530 41900
126 7 552 44 530 42000
126 7 552 44 532 42100
128 7 553 44 532 42200
128 7 553 44 533 42300
128 7 554 44 533 42400
128 7 556 44 534 42500
128 7 557 44 536 42600
128 7 557 44 537 42700
128 7 559 44 538 42800
130 7 559 44 539 42900
130 7 559 44 540 43000
131 7 560 44 542 43100
132 7 562 44 542 43200
132 7 563 44 544 43300
133 7 564 44 545 43400
133 7 564 44 546 43500
134 7 564 44 546 43600
134 7 564 44 546 43700
134 7 564 44 546 43800
134 7 565 44 546 43900
134 7 565 44 546 44000
134 7 565 45 547 44100
135 7 565 45 547 44200
135 7 566 45 547 44300
135 7 568 45 547 44400
135 7 568 45 549 44500
135 7 568 45 549 44600
135 7 569 45 549 44700
135 7 570 45 550 44800
135 7 570 45 550 44900
135 7 571 45 551 45000
135 7 571 45 551 45100
135 7 572 45 551 45200
137 7 573 45 552 45300
137 7 574 45 553 45400
138 7 576 45 555 45500
138 7 577 45 555 45600
138 7 577 45 557 45700
138 7 577 45 557 45800
138 7 578 45 557 45900
138 7 582 45 557 46000
138 7 583 45 559 46100
139 7 583 45 562 46200
139 7 585 45 563 46300
139 7 586 45 563 46400
140 7 586 45 564 46500
141 7 587 45 566 46600
142 8 589 45 567 46700
144 8 589 45 569 46800
144 8 590 45 570 46900
148 8 592 45 570 47000
148 8 596 45 571 47100
149 8 596 45 574 47200
150 8 596 45 576 47300
150 8 599 46 577 47400
150 8 600 46 578 47500
150 8 600 47 580 47600
150 8 600 47 581 47700
150 8 601 47 583 47800
151 8 602 47 583 47900
151 8 603 47 584 48000
153 8 604 47 585 48100
154 8 605 47 586 48200
155 8 607 47 588 48300
155 8 609 47 589 48400
156 8 609 48 592 48500
157 8 610 48 593 48600
159 8 612 48 595 48700
160 8 614 48 596 48800
162 8 615 48 596 48900
162 8 616 48 601 49000
162 8 619 48 601 49100
162 8 619 48 603 49200
162 8 619 48 605 49300
162 8 621 48 606 49400
162 8 622 48 607 49500
163 8 623 48 609 49600
163 8 625 48 610 49700
164 8 626 48 612 49800
164 8 626 49 613 49900
164 8 629 49 615 50000
164 8 629 49 618 50100
164 8 634 49 618 50200
164 8 635 49 619 50300
165 8 636 49 622 50400
165 8 636 49 623 50500
165 8 636 49 623 50600
165 8 636 49 623 50700
165 8 637 49 623 50800
165 8 637 49 624 50900
165 8 639 49 624 51000
165 8 640 49 624 51100
165 8 640 49 625 51200
165 9 643 50 625 51300
165 9 643 50 627 51400
165 9 644 50 628 51500
166 9 645 50 628 51600
166 9 646 50 629 51700
167 9 647 50 630 51800
167 9 647 50 632 51900
167 9 649 50 632 52000
167 9 650 50 633 52100
167 9 650 51 635 52200
168 9 652 51 635 52300
168 9 654 51 636 52400
168 9 655 51 639 52500
169 9 657 51 639 52600
169 9 657 51 641 52700
170 9 657 51 641 52800
170 9 658 51 641 52900
170 9 658 51 642 53000
171 9 659 51 642 53100
171 9 659 51 642 53200
171 9 660 51 643 53300
171 9 661 51 643 53400
171 9 662 51 644 53500
171 9 662 51 645 53600
171 9 662 51 646 53700
172 9 662 51 646 53800
173 9 662 51 646 53900
174 9 662 51 646 54000
174 9 662 51 646 54100
175 9 662 51 646 54200
175 9 662 51 646 54300
175 9 662 51 646 54400
175 9 663 51 646 54500
175 9 668 51 647 54600
175 9 668 51 650 54700
175 9 670 51 652 54800
175 9 672 51 653 54900
175 9 674 51 653 55000
175 9 675 51 655 55100
176 9 676 51 658 55200
176 9 677 51 659 55300
176 9 677 51 659 55400
176 9 677 51 660 55500
176 9 678 51 660 55600
176 9 678 51 660 55700
176 9 678 51 661 55800
176 9 679 51 661 55900
176 9 680 51 661 56000
176 9 681 51 661 56100
176 9 682 51 663 56200
176 9 682 51 664 56300
177 9 683 51 664 56400
177 9 684 51 664 56500
178 9 685 51 665 56600
178 9 686 51 666 56700
178 9 687 51 667 56800
178 9 689 51 668 56900
178 9 689 51 668 57000
178 9 691 51 669 57100
178 9 691 51 669 57200
178 9 691 51 671 57300
178 9 692 51 671 57400
178 9 692 51 671 57500
178 9 693 53 672 57600
179 9 695 53 672 57700
179 9 695 53 676 57800
179 9 696 53 676 57900
179 9 696 53 676 58000
179 9 696 53 677 58100
180 9 697 53 677 58200
180 9 698 53 677 58300
180 9 698 53 679 58400
180 9 700 53 679 58500
180 9 701 53 680 58600
181 9 703 53 682 58700
181 9 703 53 682 58800
181 9 703 53 684 58900
181 9 704 53 684 59000
181 9 707 53 684 59100
181 9 707 53 686 59200
181 9 707 53 688 59300
181 9 710 53 688 59400
181 9 710 53 691 59500
181 9 711 53 691 59600
181 9 711 53 691 59700
181 9 711 53 692 59800
181 9 711 53 693 59900
181 9 713 53 693 60000
182 9 714 53 693 60100
182 9 715 53 694 60200
182 9 715 53 695 60300
182 9 715 53 696 60400
182 9 715 53 696 60500
182 9 715 53 696 60600
182 9 716 53 696 60700
183 9 717 53 697 60800
183 9 718 53 698 60900
185 9 718 53 698 61000
186 9 718 53 700 61100
186 9 723 53 700 61200
186 9 723 53 701 61300
186 9 725 53 705 61400
187 9 726 53 705 61500
187 9 726 53 705 61600
187 9 726 53 706 61700
188 9 726 53 706 61800
190 9 726 53 706 61900
190 9 729 54 706 62000
190 9 730 54 707 62100
190 9 731 54 707 62200
190 9 734 55 710 62300
191 9 734 55 711 62400
191 9 737 55 711 62500
191 9 737 55 713 62600
191 9 739 56 713 62700
191 10 739 56 713 62800
191 10 739 56 714 62900
191 10 740 58 714 63000
192 10 740 58 715 63100
192 10 741 58 715 63200
192 10 741 58 715 63300
192 10 742 58 716 63400
193 10 742 58 717 63500
193 10 743 58 717 63600
193 10 743 58 718 63700
193 10 745 58 719 63800
193 10 745 58 719 63900
194 10 746 58 721 64000
195 10 746 58 721 64100
195 10 748 58 722 64200
196 10 749 58 722 64300
196 10 751 58 723 64400
197 10 751 59 724 64500
197 10 751 59 725 64600
197 11 753 59 725 64700
197 11 753 59 727 64800
197 11 753 59 727 64900
197 11 754 59 727 65000
197 11 754 59 727 65100
198 11 754 59 727 65200
199 11 755 59 727 65300
199 11 755 59 728 65400
199 11 755 59 728 65500
199 11 755 59 728 65600
199 11 756 59 728 65700
200 11 756 59 728 65800
200 11 756 60 728 65900
200 11 756 60 728 66000
201 11 756 60 728 66100
201 11 756 60 729 66200
202 11 757 60 729 66300
202 11 758 60 729 66400
202 11 758 60 732 66500
202 11 758 60 732 66600
203 11 758 60 732 66700
203 11 759 60 732 66800
203 11 759 60 732 66900
204 11 759 60 733 67000
204 11 762 60 733 67100
204 11 762 60 734 67200
204 11 764 60 735 67300
204 11 764 61 736 67400
204 11 767 61 737 67500
204 11 767 61 739 67600
204 11 768 61 741 67700
204 11 768 61 741 67800
205 11 770 61 742 67900
206 11 771 61 743 68000
206 11 772 61 744 68100
206 11 774 61 745 68200
206 11 774 61 746 68300
206 11 775 61 747 68400
207 11 775 61 747 68500
207 11 777 61 748 68600
208 11 777 61 749 68700
208 11 780 61 749 68800
209 11 780 61 750 68900
209 11 782 61 752 69000
209 11 782 61 752 69100
209 11 783 62 753 69200
209 11 783 62 753 69300
209 11 783 62 756 69400
209 11 783 62 756 69500
210 11 784 62 756 69600
210 11 784 62 756 69700
210 11 784 62 756 69800
210 11 786 62 756 69900
210 11 786 62 756 70000
210 11 786 62 758 70100
210 11 787 62 758 70200
210 11 788 62 758 70300
210 11 788 62 761 70400
210 11 789 62 761 70500
210 11 790 62 761 70600
210 11 792 62 761 70700
210 11 793 62 763 70800
212 11 795 63 763 70900
212 11 796 63 764 71000
213 11 797 63 764 71100
215 11 797 64 764 71200
215 11 798 64 765 71300
215 11 798 64 765 71400
215 11 798 64 767 71500
216 11 798 64 767 71600
216 11 798 64 767 71700
216 11 799 64 767 71800
216 11 800 64 767 71900
216 11 800 64 769 72000
216 11 802 65 769 72100
217 11 804 65 770 72200
217 11 804 65 773 72300
217 11 805 65 775 72400
217 11 806 65 776 72500
218 11 807 65 777 72600
219 11 808 65 781 72700
219 11 809 65 781 72800
219 11 809 65 782 72900
219 11 810 66 782 73000
219 11 811 67 783 73100
219 11 813 67 783 73200
220 11 815 67 785 73300
220 11 815 67 788 73400
221 11 818 67 790 73500
221 11 818 67 792 73600
222 11 820 67 793 73700
224 11 821 68 794 73800
225 11 822 68 795 73900
225 11 822 68 795 74000
225 11 825 68 797 74100
225 11 825 69 798 74200
225 11 825 69 800 74300
225 11 825 69 800 74400
225 11 825 69 800 74500
225 11 825 69 801 74600
226 11 826 69 801 74700
226 11 827 69 801 74800
226 11 828 69 801 74900
226 11 829 69 803 75000
228 11 829 69 804 75100
228 11 831 69 804 75200
228 11 831 69 805 75300
228 11 831 69 806 75400
229 11 832 69 806 75500
229 11 833 69 806 75600
229 11 833 69 808 75700
229 11 833 69 808 75800
229 11 835 69 808 75900
229 11 836 69 810 76000
229 11 838 69 811 76100
230 11 840 69 812 76200
231 11 840 69 813 76300
232 11 841 70 813 76400
232 11 842 70 813 76500
232 11 843 70 814 76600
233 11 844 70 815 76700
233 11 846 70 816 76800
233 11 846 70 817 76900
233 11 847 70 818 77000
234 11 848 70 820 77100
235 11 849 70 821 77200
235 11 849 70 822 77300
236 11 851 70 822 77400
236 11 852 71 822 77500
236 11 852 71 825 77600
237 11 854 72 825 77700
238 11 854 72 826 77800
238 11 855 73 827 77900
238 11 855 73 828 78000
238 11 856 73 828 78100
238 11 856 73 828 78200
239 11 858 73 830 78300
239 11 858 73 830 78400
239 11 860 73 831 78500
240 11 860 74 832 78600
240 11 861 74 833 78700
240 11 861 74 833 78800
240 11 862 74 835 78900
240 11 862 74 836 79000
240 11 864 74 836 79100
240 11 866 74 837 79200
240 11 867 75 839 79300
240 11 867 75 840 79400
240 11 867 75 840 79500
241 11 867 76 840 79600
241 11 869 76 840 79700
241 11 869 76 841 79800
241 11 871 76 841 79900
242 12 871 76 842 80000
242 12 872 76 843 80100
242 12 872 77 843 80200
242 12 873 77 844 80300
242 12 875 77 845 80400
242 12 877 77 846 80500
242 12 877 77 848 80600
242 13 878 77 849 80700
243 13 879 77 849 80800
243 13 880 77 851 80900
243 13 881 77 852 81000
244 13 881 77 853 81100
244 13 882 77 855 81200
245 13 883 77 855 81300
245 13 884 78 855 81400
245 13 886 79 856 81500
245 13 886 79 858 81600
245 13 887 79 859 81700
245 13 888 79 859 81800
245 13 889 79 860 81900
245 13 890 79 862 82000
245 13 892 79 863 82100
245 13 893 79 865 82200
246 13 896 79 866 82300
246 13 900 79 867 82400
246 13 901 79 871 82500
247 13 901 79 876 82600
248 13 901 79 877 82700
248 13 901 79 877 82800
248 13 901 79 879 82900
248 13 902 79 880 83000
248 13 902 79 880 83100
248 13 903 79 881 83200
248 13 904 79 881 83300
248 13 905 79 881 83400
248 13 905 80 882 83500
248 13 906 80 883 83600
248 13 906 80 884 83700
248 13 906 80 885 83800
248 13 906 80 885 83900
248 13 907 80 885 84000
248 13 908 80 885 84100
249 13 908 80 886 84200
249 13 909 80 886 84300
249 13 910 80 886 84400
249 13 910 80 887 84500
249 13 910 80 888 84600
250 13 910 80 888 84700
250 13 910 80 888 84800
251 13 911 80 888 84900
251 13 911 80 889 85000
251 14 912 80 889 85100
251 14 915 80 890 85200
252 14 916 81 892 85300
252 14 917 81 894 85400
252 14 917 81 895 85500
252 14 917 81 895 85600
252 14 918 81 895 85700
252 14 919 81 895 85800
252 14 920 81 897 85900
252 14 923 81 897 86000
252 14 924 81 899 86100
252 14 924 81 900 86200
252 14 926 82 900 86300
253 14 927 82 900 86400
253 14 929 83 902 86500
253 14 929 83 903 86600
253 14 929 83 905 86700
253 14 929 83 905 86800
253 14 929 83 905 86900
253 14 929 83 906 87000
253 14 930 83 906 87100
254 14 931 83 906 87200
254 14 931 83 907 87300
254 14 931 83 908 87400
255 14 933 83 908 87500
255 14 935 83 909 87600
255 14 935 83 910 87700
256 14 937 83 911 87800
256 14 937 83 912 87900
256 14 939 83 912 88000
256 14 939 83 912 88100
256 14 941 83 914 88200
256 14 941 83 917 88300
256 14 941 83 917 88400
256 14 941 83 917 88500
256 14 943 83 917 88600
256 14 944 83 917 88700
256 14 945 83 919 88800
257 14 946 83 920 88900
259 14 946 83 921 89000
259 14 946 83 921 89100
259 14 948 83 921 89200
259 14 950 83 923 89300
259 14 951 83 924 89400
259 14 952 83 925 89500
260 14 953 83 925 89600
260 14 954 83 927 89700
260 14 955 83 927 89800
261 14 956 84 928 89900
262 14 956 84 930 90000
262 14 959 84 931 90100
262 14 961 84 932 90200
262 14 961 85 933 90300
262 14 961 85 933 90400
262 14 961 85 933 90500
262 14 961 85 933 90600
262 14 961 85 933 90700
262 14 961 85 933 90800
262 14 961 85 933 90900
262 14 961 86 933 91000
262 14 962 86 933 91100
262 14 964 86 934 91200
262 14 964 86 934 91300
262 14 965 86 935 91400
262 14 965 86 936 91500
262 14 965 86 937 91600
263 14 965 86 939 91700
263 14 965 86 939 91800
264 14 965 86 939 91900
265 14 966 86 939 92000
266 14 966 86 939 92100
266 14 966 86 940 92200
266 14 967 86 940 92300
266 14 967 86 941 92400
267 14 969 86 942 92500
267 14 971 86 943 92600
267 14 973 86 944 92700
267 14 973 86 949 92800
268 14 975 86 949 92900
268 14 976 86 950 93000
268 14 976 86 950 93100
269 14 979 87 951 93200
269 14 979 87 953 93300
269 14 979 87 954 93400
270 14 979 87 954 93500
270 14 980 87 954 93600
270 14 982 87 955 93700
271 14 984 87 955 93800
271 14 984 87 957 93900
271 14 985 87 958 94000
271 14 985 87 959 94100
271 14 985 87 960 94200
272 14 985 87 960 94300
274 14 985 87 960 94400
275 14 985 87 960 94500
276 14 985 87 960 94600
276 14 986 87 960 94700
276 14 986 87 960 94800
276 14 987 87 961 94900
276 14 988 87 962 95000
276 14 988 87 962 95100
276 14 988 87 962 95200
276 14 988 87 963 95300
276 14 988 87 963 95400
276 14 988 87 963 95500
276 14 989 87 963 95600
276 14 989 87 963 95700
276 15 989 87 965 95800
276 15 990 87 965 95900
277 15 991 87 966 96000
277 15 992 87 966 96100
277 15 992 87 968 96200
278 15 993 87 968 96300
278 15 993 87 969 96400
278 15 993 87 969 96500
278 15 994 88 969 96600
278 15 995 88 969 96700
278 15 995 88 970 96800
278 15 995 88 970 96900
278 15 996 88 970 97000
278 16 996 88 971 97100
278 16 996 88 971 97200
278 16 996 88 971 97300
279 16 996 88 971 97400
279 16 996 88 971 97500
279 16 997 88 971 97600
279 16 997 88 972 97700
279 16 997 88 972 97800
279 16 997 88 972 97900
279 16 997 88 972 98000
279 16 997 88 972 98100
279 16 997 88 972 98200
279 16 998 88 972 98300
279 17 998 88 974 98400
280 17 998 88 975 98500
281 17 1000 88 975 98600
282 17 1000 88 977 98700
283 17 1001 88 977 98800
283 17 1002 88 978 98900
284 18 1004 88 979 99000
284 18 1004 88 981 99100
284 18 1006 88 982 99200
284 18 1007 88 984 99300
286 18 1007 88 985 99400
287 18 1011 88 986 99500
287 18 1012 88 989 99600
288 18 1014 88 990 99700
288 18 1015 89 991 99800
288 18 1019 90 993 99900
288 18 1019 90 996 100000
288 18 1019 91 996 100100
288 18 1019 92 996 100200
288 18 1020 93 996 100300
288 18 1020 93 997 100400
289 18 1022 93 997 100500
289 18 1023 93 998 100600
289 18 1023 93 1000 100700
289 18 1024 93 1000 100800
289 18 1024 93 1001 100900
290 18 1024 93 1001 101000
291 18 1024 93 1001 101100
291 18 1026 93 1001 101200
291 18 1026 93 1002 101300
292 18 1026 93 1003 101400
293 18 1027 93 1003 101500
293 18 1028 93 1004 101600
293 18 1029 93 1004 101700
293 18 1031 93 1006 101800
293 18 1032 93 1006 101900
293 18 1032 93 1008 102000
293 18 1033 93 1009 102100
294 18 1035 93 1010 102200
294 18 1036 93 1011 102300
294 18 1037 94 1012 102400
294 18 1039 94 1014 102500
294 18 1040 94 1015 102600
294 18 1041 94 1016 102700
294 18 1042 94 1017 102800
294 18 1042 94 1018 102900
294 18 1042 95 1018 103000
294 18 1043 96 1018 103100
294 18 1044 96 1018 103200
294 18 1044 97 1019 103300
294 18 1045 97 1020 103400
294 18 1045 97 1020 103500
294 18 1045 97 1021 103600
294 18 1047 97 1021 103700
294 18 1048 97 1021 103800
294 18 1048 97 1024 103900
294 18 1048 97 1024 104000
294 18 1048 97 1024 104100
294 18 1049 97 1024 104200
294 18 1050 97 1025 104300
294 18 1050 97 1025 104400
294 18 1050 97 1026 104500
294 18 1051 97 1026 104600
294 18 1053 97 1027 104700
294 18 1053 97 1027 104800
294 18 1053 97 1029 104900
294 18 1053 97 1029 105000
294 18 1055 97 1029 105100
294 18 1055 97 1031 105200
295 18 1055 97 1031 105300
295 18 1056 97 1031 105400
295 18 1058 97 1032 105500
295 18 1058 97 1032 105600
295 18 1058 97 1034 105700
295 18 1059 97 1034 105800
296 18 1059 97 1034 105900
297 18 1059 97 1035 106000
298 18 1060 97 1035 106100
298 18 1063 97 1036 106200
298 18 1063 97 1037 106300
299 18 1063 98 1038 106400
299 18 1065 98 1038 106500
299 18 1065 98 1038 106600
299 18 1067 98 1039 106700
299 18 1069 98 1039 106800
299 18 1069 98 1041 106900
299 18 1070 99 1042 107000
299 18 1070 99 1042 107100
299 18 1070 99 1042 107200
299 18 1070 100 1042 107300
299 18 1070 100 1042 107400
299 18 1070 100 1042 107500
299 18 1070 100 1042 107600
299 18 1070 100 1042 107700
299 18 1070 100 1042 107800
299 18 1070 100 1042 107900
299 18 1070 100 1042 108000
299 18 1070 100 1042 108100
299 18 1070 100 1042 108200
299 18 1070 100 1042 108300
299 18 1070 100 1042 108400
299 18 1070 100 1042 108500
299 18 1070 100 1042 108600
299 18 1071 100 1043 108700
300 18 1072 100 1045 108800
300 18 1074 100 1045 108900
300 18 1074 100 1048 109000
300 18 1076 100 1049 109100
301 18 1076 100 1049 109200
302 18 1076 101 1049 109300
302 18 1077 103 1049 109400
302 18 1077 103 1051 109500
302 18 1078 103 1053 109600
302 18 1079 103 1053 109700
302 18 1079 103 1054 109800
303 18 1080 103 1055 109900
303 18 1081 104 1055 110000
303 18 1082 104 1055 110100
303 19 1084 105 1055 110200
304 19 1084 105 1056 110300
304 19 1085 105 1057 110400
304 19 1086 105 1058 110500
304 19 1086 105 1058 110600
305 19 1086 105 1058 110700
305 19 1086 105 1058 110800
307 19 1087 105 1058 110900
307 19 1089 105 1059 111000
307 19 1090 105 1061 111100
307 19 1091 105 1063 111200
308 19 1092 105 1063 111300
308 19 1093 105 1064 111400
308 19 1093 106 1065 111500
309 19 1093 107 1065 111600
309 19 1093 107 1065 111700
309 19 1093 107 1065 111800
309 19 1093 107 1065 111900
309 19 1094 107 1065 112000
309 19 1095 107 1065 112100
309 19 1095 107 1067 112200
309 19 1096 107 1067 112300
309 19 1096 108 1068 112400
309 19 1096 108 1069 112500
310 19 1097 108 1069 112600
310 19 1098 108 1070 112700
310 19 1099 108 1070 112800
310 19 1101 108 1071 112900
310 19 1101 108 1074 113000
310 19 1102 108 1074 113100
310 19 1102 108 1074 113200
310 19 1102 108 1074 113300
310 19 1102 108 1074 113400
310 19 1103 108 1074 113500
310 19 1104 108 1075 113600
310 19 1107 108 1076 113700
310 19 1107 108 1078 113800
310 19 1107 109 1080 113900
310 19 1108 109 1080 114000
310 19 1110 109 1080 114100
310 19 1110 110 1081 114200
310 19 1110 110 1082 114300
310 19 1110 110 1082 114400
310 19 1111 110 1083 114500
310 19 1111 110 1083 114600
310 19 1113 110 1084 114700
310 19 1113 110 1084 114800
310 19 1113 110 1085 114900
310 19 1114 110 1085 115000
310 19 1114 110 1085 115100
310 19 1115 110 1086 115200
310 19 1115 110 1086 115300
311 19 1117 110 1087 115400
312 19 1118 110 1087 115500
312 19 1118 110 1089 115600
312 19 1118 110 1089 115700
312 19 1119 110 1089 115800
312 19 1119 110 1090 115900
312 19 1120 110 1090 116000
312 19 1120 110 1091 116100
312 19 1120 110 1091 116200
312 19 1120 110 1091 116300
313 19 1120 110 1091 116400
313 19 1121 110 1091 116500
313 19 1121 110 1092 116600
314 19 1121 110 1092 116700
314 19 1122 110 1092 116800
314 19 1122 110 1093 116900
314 19 1122 110 1093 117000
314 19 1123 110 1093 117100
314 19 1123 110 1094 117200
314 19 1124 110 1095 117300
314 19 1124 110 1096 117400
315 19 1124 110 1096 117500
315 19 1126 110 1097 117600
315 19 1126 110 1099 117700
317 19 1127 110 1099 117800
317 19 1127 110 1100 117900
317 19 1128 110 1101 118000
317 19 1129 110 1102 118100
319 19 1129 110 1103 118200
320 19 1130 110 1103 118300
320 19 1131 110 1105 118400
320 19 1131 110 1106 118500
320 19 1133 110 1106 118600
320 19 1133 110 1106 118700
320 19 1133 110 1107 118800
320 19 1133 111 1107 118900
320 19 1134 111 1107 119000
320 19 1134 112 1107 119100
321 19 1134 112 1108 119200
321 19 1134 112 1109 119300
322 19 1135 112 1109 119400
322 19 1136 112 1109 119500
322 19 1137 112 1110 119600
322 19 1137 112 1112 119700
323 19 1137 112 1113 119800
323 19 1137 112 1113 119900
