0.0 20.0 4063 0.0 0.0 0
0.0 20.0 2514 0.0 0.0 100
0.03245942571785269 18.666666666666668 2143 0.0 0.0 200
0.16946767534899557 17.5 2051 0.0 0.0 300
0.43175734638606666 16.8 2032 0.0 0.0 400
0.83935942372425 17.666666666666668 2049 0.0 0.0 500
1.5905562375989823 20.571428571428573 2096 0.047619047619047616 0.0 600
2.775162321765263 24.0 2185 0.5773809523809523 2.375 700
4.250690207657755 26.0 2281 1.560846560846561 9.0 800
6.160654873128746 29.4 2390 2.226984126984127 24.2 900
8.456464776187698 34.0 2511 2.933621933621933 43.54545454545455 1000
10.976449254122436 41.666666666666664 2631 3.5558201058201058 66.58333333333333 1100
13.910394069934776 50.15384615384615 2746 4.158035127265896 87.53846153846153 1200
17.032664461277133 54.857142857142854 2872 4.628889761032618 111.42857142857143 1300
20.37724953560736 57.333333333333336 2987 5.0810814240226 136.0 1400
23.954509762985193 62.125 3102 5.631160893844717 162.3125 1500
27.804295192748743 66.82352941176471 3215 6.195340971984571 188.0 1600
31.83840193202723 71.66666666666667 3317 6.763436064184258 214.11111111111111 1700
36.32642537650822 79.78947368421052 3425 7.263925075160206 238.0 1800
41.48660528971591 87.8 3533 7.714365185038558 265.6 1900
46.31515522097485 112.85714285714286 3646 8.030997145924168 293.4761904761905 2000
51.35853805631605 135.45454545454547 3758 8.412987394231962 317.5 2100
56.178947265604286 155.2173913043478 3862 8.877640116221878 338.69565217391306 2200
60.71691519265382 160.16666666666666 3972 9.403571778045967 356.0416666666667 2300
64.78030869390076 162.56 4078 9.7401561796514 372.56 2400
68.76215078028082 165.76923076923077 4176 10.051688634280193 388.88461538461536 2500
73.55829573346037 169.77777777777777 4264 10.426070536714258 403.81481481481484 2600
79.17517083151847 179.5 4350 10.810853731831608 416.0357142857143 2700
85.56695569312755 187.72413793103448 4445 11.148941003678264 427.51724137931035 2800
91.7751856651537 194.93333333333334 4558 11.47453185911121 432.8666666666667 2900
97.98416422843134 201.16129032258064 4666 11.719977067957085 440.35483870967744 3000
104.12882753099348 207.0 4766 11.993727784583427 448.3125 3100
108.40100678821801 211.63636363636363 4852 12.233816841616251 453.7878787878788 3200
112.38816479466341 215.35294117647058 4930 12.349702024023957 461.2352941176471 3300
116.0311797350342 219.88571428571427 4995 12.435710537623274 468.8 3400
119.4082525545146 227.05555555555554 5052 12.47694080046707 477.05555555555554 3500
122.21781460268781 234.97297297297297 5107 12.563842608354657 485.4594594594595 3600
124.9658469880851 238.94736842105263 5161 12.645495873047077 493.1842105263158 3700
127.6847387556994 240.87179487179486 5216 12.729609464146534 503.7692307692308 3800
130.11370505692184 243.35 5259 12.78723129650839 516.3 3900
132.45902213684212 250.6341463414634 5299 12.857723688174984 529.0731707317074 4000
134.87012740072524 260.14285714285717 5332 12.907962217872816 541.7857142857143 4100
137.01814176708842 263.90697674418607 5369 13.035326245006365 547.8372093023256 4200
139.45054047034444 263.90909090909093 5410 13.203715294993593 550.7954545454545 4300
141.6165708683107 263.64444444444445 5450 13.405772650578097 554.1777777777778 4400
144.0102602154108 264.2173913043478 5480 13.543515320867073 560.0 4500
146.76823853072935 266.8510638297872 5516 13.658965994246433 567.4255319148937 4600
149.5021640506941 269.875 5548 13.763689916985347 573.6041666666666 4700
152.63726198515843 270.2857142857143 5587 13.8614830932827 579.4489795918367 4800
155.00465480782134 268.44 5628 13.915064242227858 586.52 4900
157.28469425603402 266.8627450980392 5667 13.990803723317073 593.2941176470588 5000
159.41580784363455 265.15384615384613 5698 14.089599904180306 599.2307692307693 5100
162.12059910490572 276.9811320754717 5724 14.197435340870873 605.566037735849 5200
165.06644305201496 292.037037037037 5758 14.31490025197587 612.3703703703703 5300
168.02459482232672 306.58181818181816 5788 14.441232209116977 617.9090909090909 5400
171.62990426034915 312.9642857142857 5821 14.580674491097032 622.6428571428571 5500
175.18586087472238 320.0 5864 14.718035577398073 627.0526315789474 5600
178.16802115788343 324.7931034482759 5901 14.861735508459265 629.8448275862069 5700
180.56557807365314 331.89830508474574 5932 14.98441795746843 632.4067796610169 5800
182.97269229591976 339.6666666666667 5961 15.115874239373872 635.4 5900
185.57777373914308 343.57377049180326 5997 15.236494074966533 638.8196721311475 6000
188.97390266626823 352.1290322580645 6032 15.367088256553092 642.0967741935484 6100
193.04739154372265 359.8095238095238 6062 15.531329486040914 645.4603174603175 6200
197.227851068756 366.6875 6094 15.663652462821524 649.484375 6300
201.56681242876408 368.03076923076924 6127 15.769024278975355 654.2307692307693 6400
205.91750907757967 374.4848484848485 6156 15.867220880809063 659.0909090909091 6500
210.10657739048244 380.089552238806 6186 15.971001357521057 664.9850746268656 6600
214.20052808254613 386.6764705882353 6216 16.04054545520457 672.4411764705883 6700
218.69507883638676 388.2028985507246 6243 16.117494071795804 679.3768115942029 6800
222.8095588550482 390.3142857142857 6268 16.227313842895587 685.5 6900
227.10169636051614 392.4507042253521 6296 16.33467561975621 690.2957746478874 7000
231.12151007805994 395.25 6318 16.424163149728734 695.8055555555555 7100
235.57604692825248 399.64383561643837 6340 16.529463806733975 701.013698630137 7200
241.0145200619724 401.6756756756757 6363 16.63895184917498 706.2297297297297 7300
246.48170377976552 407.44 6389 16.766118765695783 711.56 7400
250.92174491019327 413.63157894736844 6410 16.87565548050122 718.4736842105264 7500
254.72399667184678 419.7142857142857 6436 16.977919695040164 725.6753246753246 7600
259.19376728975794 421.71794871794873 6461 17.068700513429544 732.6794871794872 7700
264.36208316159815 426.0 6491 17.13674790496138 739.5316455696203 7800
269.33869241619584 434.475 6514 17.22253855614936 746.2875 7900
273.72835220474343 441.037037037037 6538 17.256101987191816 752.2222222222222 8000
277.2471584294838 447.5609756097561 6564 17.295858414570674 756.9878048780488 8100
280.67196462761643 449.66265060240966 6588 17.334254802596202 761.0120481927711 8200
284.17628598184575 452.54761904761904 6607 17.385547687599313 764.5833333333334 8300
287.5681492187384 453.9294117647059 6622 17.410031440294222 768.8 8400
291.17859174223656 453.72093023255815 6637 17.44247293517452 771.1279069767442 8500
294.8764706372547 453.9080459770115 6648 17.47263608151351 772.471264367816 8600
298.7274088816561 460.3863636363636 6655 17.50648809085115 773.2386363636364 8700
303.3129584394808 467.438202247191 6664 17.54302890656805 774.438202247191 8800
308.8390123692941 471.73333333333335 6678 17.58810636316174 775.7111111111111 8900
314.5389522522333 471.6263736263736 6692 17.63355725951199 777.0439560439561 9000
320.7254406106444 472.0 6703 17.66138325002921 778.1195652173913 9100
325.0116073826723 471.16129032258067 6714 17.692462184307725 779.0645161290323 9200
328.8030908966046 471.3829787234043 6726 17.73608602754143 780.6914893617021 9300
332.3161849392931 471.30526315789473 6737 17.770864069356783 781.8421052631579 9400
335.33831592360076 471.9791666666667 6746 17.785596580979995 783.3854166666666 9500
338.3250260281442 471.0515463917526 6753 17.835641977052365 784.3298969072165 9600
341.3753543104767 469.8979591836735 6757 17.87284442097511 785.1938775510204 9700
343.73087160060516 467.4949494949495 6763 17.900316624728823 786.6868686868687 9800
345.5396322487609 466.4 6771 17.921313458481535 787.87 9900
348.04069351068887 465.7227722772277 6774 17.951088289868565 789.3564356435644 10000
350.8306335090754 466.1372549019608 6777 17.982669912449296 791.0588235294117 10100
353.39295803834665 465.9805825242718 6781 18.00355013983652 792.4174757281553 10200
355.52344549715275 466.1730769230769 6786 18.016778603346047 793.875 10300
357.7001334281175 465.2761904761905 6791 18.024606518337222 795.0761904761905 10400
359.6916344648328 467.4339622641509 6797 18.05235095912064 797.1132075471698 10500
361.3890207767482 469.7383177570093 6802 18.07313143678274 798.9439252336449 10600
363.3252956242309 471.8703703703704 6808 18.11154894405533 800.8333333333334 10700
364.8343936849169 470.77064220183485 6814 18.147222806953906 803.0550458715596 10800
366.70763725904504 470.1818181818182 6821 18.180227852143215 805.4818181818182 10900
367.85928572433335 470.3063063063063 6825 18.218798217993623 807.9009009009009 11000
369.23293266566895 471.32142857142856 6829 18.252558948190106 810.9285714285714 11100
370.74231702198074 470.7787610619469 6834 18.275957114348937 814.3451327433628 11200
371.9569221081834 470.05263157894734 6839 18.312383555701768 818.1842105263158 11300
373.3713263985583 471.2695652173913 6841 18.32473964072465 822.1652173913044 11400
375.0726085592106 472.6896551724138 6842 18.32089522898382 825.6379310344828 11500
377.0991345419188 473.94871794871796 6844 18.317147004301706 828.3931623931624 11600
378.98538575131926 474.6779661016949 6852 18.32317602484636 830.2542372881356 11700
381.06957406489147 479.98319327731093 6861 18.352590759190214 831.5966386554621 11800
383.6445046062014 485.01666666666665 6868 18.40167270488383 832.5916666666667 11900
385.962378419883 490.3636363636364 6875 18.45310516186826 833.5702479338843 12000
387.5695548730769 490.9672131147541 6882 18.498074742011916 835.016393442623 12100
389.0618361527445 491.2845528455285 6887 18.516502637461844 837.8373983739838 12200
390.6037467987261 491.01612903225805 6895 18.527977567316135 841.4112903225806 12300
392.445104354084 491.856 6901 18.55387139383643 844.304 12400
394.6384750115021 493.12698412698415 6907 18.57307061271847 846.968253968254 12500
396.91499493371464 496.9448818897638 6913 18.58824328505927 848.8188976377953 12600
399.50233352915836 498.890625 6921 18.617935828839187 849.828125 12700
402.38033609335827 499.6279069767442 6932 18.65250162145999 850.3488372093024 12800
406.0763571125136 498.9230769230769 6942 18.687866993602604 850.4538461538461 12900
409.76787415651745 499.8167938931298 6953 18.7247039899378 850.5419847328244 13000
413.2995553131414 500.22727272727275 6964 18.7463270458354 850.4166666666666 13100
416.8539749053605 500.3609022556391 6975 18.762084776792708 850.9473684210526 13200
420.52370695252444 499.95522388059703 6987 18.771322950100227 851.3059701492538 13300
423.9416914971657 500.14814814814815 6996 18.782953620207884 851.8518518518518 13400
426.9904873214492 500.4852941176471 7005 18.801586852197026 852.1544117647059 13500
430.2000895523107 500.02919708029196 7016 18.808248887686723 852.2189781021898 13600
433.1501648048383 499.2463768115942 7025 18.82642877379574 852.3333333333334 13700
436.100951640724 498.6043165467626 7036 18.834871732257643 852.2230215827338 13800
438.7694761207043 498.1142857142857 7044 18.84047298859186 852.1928571428572 13900
441.752896986386 498.9503546099291 7053 18.845582936259692 851.7304964539007 14000
443.95966613614024 503.0422535211268 7063 18.836738997199717 851.7816901408451 14100
446.0623015878539 505.16083916083915 7070 18.818649913303215 851.979020979021 14200
447.836190918386 505.0416666666667 7080 18.81150285615674 851.2430555555555 14300
449.35373110565433 505.2689655172414 7091 18.817334856163544 850.6551724137931 14400
451.1299075393676 508.06849315068496 7098 18.81896650478952 849.8424657534247 14500
452.7367389538977 514.2585034013606 7104 18.81717459357024 848.952380952381 14600
454.71377717598915 519.1486486486486 7110 18.812719999943702 848.1283783783783 14700
456.4593146363729 522.6711409395973 7116 18.81877077655002 847.771812080537 14800
457.9917497393333 523.6133333333333 7121 18.829168160562208 846.8866666666667 14900
459.37487469153876 524.9933774834437 7126 18.845881889144383 846.3509933774834 15000
460.84573264106064 523.8157894736842 7131 18.873023643633097 845.625 15100
462.14464498845734 523.9607843137255 7136 18.897943190313367 845.3856209150326 15200
463.60400426309366 524.0519480519481 7138 18.928967427231303 845.0064935064935 15300
465.1297028583479 523.7677419354839 7142 18.95099252217082 844.9483870967742 15400
466.7646666908013 523.1538461538462 7148 18.977530448893503 845.1474358974359 15500
468.2908377466473 522.5987261146497 7153 18.98970470647309 845.547770700637 15600
469.7563562124559 521.8354430379746 7154 19.00354499686399 846.2025316455696 15700
470.7965959072242 521.0314465408806 7156 19.015148392157204 847.1446540880503 15800
471.5321584443644 522.3375 7158 19.034182502585008 847.34375 15900
472.52301369206333 527.2173913043479 7162 19.055408778365383 848.1242236024844 16000
473.65636388053707 531.716049382716 7169 19.082744964719556 849.2962962962963 16100
475.0008919870148 534.0736196319018 7174 19.094123829966676 850.8588957055215 16200
475.85871847479444 532.4512195121952 7179 19.099647465149808 852.7317073170732 16300
476.85892501566286 530.7878787878788 7182 19.111568793643848 855.0424242424242 16400
477.8807233042233 530.0843373493976 7185 19.130753899081515 856.9096385542168 16500
479.1347597225439 529.8562874251497 7185 19.146224149471955 858.0718562874251 16600
480.1774792757303 529.3690476190476 7186 19.163210910487003 859.1309523809524 16700
480.9258303843874 529.3254437869823 7188 19.17171262107584 860.396449704142 16800
481.7002074315436 528.6470588235294 7189 19.18201476402879 861.8529411764706 16900
482.77582772083866 527.5087719298245 7190 19.198981539287878 863.53216374269 17000
483.67908316416043 525.8837209302326 7189 19.199613578639067 865.1686046511628 17100
484.4940531824084 524.1965317919075 7189 19.20144957748688 866.4797687861271 17200
485.3925314970135 524.080459770115 7188 19.200489998068107 867.5862068965517 17300
485.92530535696915 523.8742857142857 7187 19.191936933528883 868.8114285714286 17400
486.5066445228942 523.5113636363636 7187 19.185164564588376 869.6647727272727 17500
487.21157451660616 522.1129943502825 7186 19.187508267613303 869.9039548022599 17600
488.04642651575574 520.8876404494382 7185 19.18051584556411 869.7921348314607 17700
489.0398255405726 519.7094972067039 7184 19.18373964395524 869.4189944134079 17800
489.9744045222737 518.3777777777777 7183 19.188968868155488 869.1166666666667 17900
490.9419879545161 517.1933701657458 7183 19.193449703138054 868.8232044198895 18000
491.97542259116443 516.3516483516484 7183 19.193832715179806 868.5439560439561 18100
492.7379742369702 515.1366120218579 7183 19.189494831490293 868.3989071038251 18200
493.523309515421 514.0869565217391 7184 19.18707467505019 868.0489130434783 18300
494.152683175517 513.2 7185 19.180928325455326 868.3081081081081 18400
494.69095565285807 512.236559139785 7186 19.1587331816569 868.241935483871 18500
495.32888056431796 510.9732620320856 7186 19.142123012658452 867.7700534759358 18600
496.1901770059224 509.70212765957444 7189 19.13817554982516 866.6542553191489 18700
496.861360136431 509.34391534391534 7191 19.14515421282684 865.5502645502645 18800
497.56260476199253 509.6421052631579 7193 19.15787708539091 864.7736842105263 18900
498.41522313220463 510.35602094240835 7197 19.17106840617336 864.0314136125654 19000
499.296932229016 511.1875 7199 19.19468722881278 862.9895833333334 19100
499.9387068852947 512.5181347150259 7203 19.22049957782533 862.098445595855 19200
500.7466761496185 513.2164948453608 7206 19.25397270224007 861.2113402061856 19300
501.6013873628571 515.3025641025641 7209 19.28182778728353 860.6615384615385 19400
502.8224888462432 519.4285714285714 7213 19.306483184870274 860.1530612244898 19500
504.4445436696479 525.0964467005076 7215 19.326033497316836 859.6243654822335 19600
506.0717940204451 528.929292929293 7220 19.34238738149252 859.3030303030303 19700
507.83037859690137 530.6733668341709 7227 19.365249213203068 859.0150753768844 19800
509.5822175036338 533.32 7232 19.382867411581497 858.94 19900
511.03837143642335 535.3930348258707 7239 19.390327538594406 859.1592039800995 20000
512.4209221890284 537.5940594059406 7245 19.39784616914142 859.6584158415842 20100
513.8968396112638 537.871921182266 7250 19.403208929325388 859.9113300492611 20200
515.2087155280086 537.9117647058823 7255 19.39465661391382 860.1960784313726 20300
516.8769601725425 537.2487804878049 7259 19.38310044031249 860.3853658536585 20400
518.4852152920587 536.7281553398059 7262 19.373064950183227 860.6456310679612 20500
520.0403527520858 536.7729468599034 7264 19.366679525550854 860.6328502415458 20600
521.2124065221352 536.7884615384615 7266 19.359543340049054 860.6586538461538 20700
522.3366068425266 535.7416267942584 7268 19.363597661636014 860.2631578947369 20800
523.1019743297184 534.3809523809524 7269 19.372342434675843 859.0380952380953 20900
523.7464233545201 533.1658767772511 7270 19.384795788066004 858.2938388625593 21000
524.4574928850565 532.3679245283018 7272 19.395384626941304 858.0330188679245 21100
525.0524919721482 531.1830985915493 7271 19.404259414071692 858.2676056338029 21200
525.576606625289 531.2429906542056 7270 19.419611730699454 858.6401869158879 21300
526.0977983154934 532.0372093023256 7269 19.429109064331268 859.6511627906976 21400
526.7106088328632 532.5833333333334 7269 19.446155370103398 860.5925925925926 21500
527.2258869484401 531.9907834101382 7268 19.449014869165904 861.7511520737327 21600
527.8266090508246 530.6146788990826 7268 19.457352721448014 863.0229357798165 21700
528.6054738081782 530.0639269406392 7268 19.459259786646882 864.3150684931506 21800
529.4323425950932 529.3454545454546 7268 19.459444969434852 866.0045454545455 21900
529.9829916201838 528.8325791855203 7269 19.464424856450982 867.0588235294117 22000
530.6523838508398 530.9639639639639 7269 19.483680286984004 867.9414414414415 22100
531.1971307566524 532.4663677130045 7268 19.50654868629499 868.780269058296 22200
531.9913933786106 532.75 7269 19.525864689183557 869.3080357142857 22300
532.7113955741622 531.5555555555555 7271 19.549982539242215 870.2444444444444 22400
533.6610880115944 531.1858407079646 7271 19.558812061393596 871.20796460177 22500
534.50948498826 530.704845814978 7271 19.571568596165193 872.0176211453745 22600
535.1488833334532 530.3508771929825 7271 19.573813178345755 872.4298245614035 22700
535.84790770401 529.6943231441048 7270 19.57836152523239 872.4847161572052 22800
536.6596104114989 529.2260869565217 7274 19.584059470291766 872.2869565217392 22900
537.4145302584454 528.3549783549784 7277 19.602829775615177 872.2294372294373 23000
538.0965482425588 527.4224137931035 7277 19.601770780276937 871.8879310344828 23100
538.6917297324404 526.6523605150214 7277 19.592255091883537 871.6394849785407 23200
539.137667734073 526.1111111111111 7276 19.57446157195485 871.4102564102565 23300
539.5139689978866 527.2851063829787 7275 19.553172069824956 870.9531914893618 23400
539.8888768562529 528.0084745762712 7275 19.534726425461294 870.3305084745763 23500
540.4826997780019 528.6160337552743 7274 19.52621383032985 869.8101265822785 23600
540.9204366836117 527.9411764705883 7272 19.519801167177206 869.5420168067227 23700
541.1876761288689 528.0 7271 19.508660337428108 869.3179916317991 23800
541.5029348052241 527.875 7269 19.509040919355492 868.8583333333333 23900
541.9397977690651 527.2780082987551 7267 19.514397596038663 868.3941908713693 24000
542.3380213043478 525.900826446281 7265 19.52120293788388 868.396694214876 24100
542.8576518028711 524.641975308642 7262 19.524459304394647 868.5102880658436 24200
543.1500950323906 523.3852459016393 7259 19.50728255861161 868.3565573770492 24300
543.4137834770056 522.1795918367347 7257 19.492170703469444 868.3387755102041 24400
543.6989688300092 521.170731707317 7256 19.477974887601682 868.2235772357724 24500
544.0457821015541 520.5748987854251 7254 19.471138850340985 868.165991902834 24600
544.482877608263 519.8870967741935 7251 19.467370489516437 867.8306451612904 24700
545.0274349313447 519.1967871485944 7250 19.468304744578624 867.3975903614457 24800
545.3932315250335 517.912 7250 19.474220999284523 867.152 24900
545.7943122155651 516.9243027888447 7250 19.479380400758412 866.9521912350598 25000
546.2720383154414 516.0793650793651 7250 19.489168359271066 866.8055555555555 25100
546.6739560677423 515.2094861660079 7250 19.500849292414046 866.9288537549407 25200
547.182935982314 514.4724409448819 7249 19.51129416194724 867.1574803149606 25300
547.7661638040141 514.1411764705882 7249 19.52020588595444 867.6039215686275 25400
548.466477287408 514.1953125 7250 19.524250220601317 868.0390625 25500
549.1973688260424 515.431906614786 7252 19.535112241041332 868.1945525291828 25600
549.8747222238272 516.4418604651163 7255 19.545923140588943 868.546511627907 25700
550.7936522553454 518.5250965250965 7258 19.561242022337687 868.9382239382239 25800
551.7575945537096 521.6923076923077 7259 19.569126134217584 869.2538461538461 25900
553.0306985783293 524.9425287356322 7260 19.585877284931644 869.3103448275862 26000
554.1727723895469 527.1984732824427 7263 19.601240772817828 868.9847328244275 26100
555.2693746795642 526.9277566539924 7267 19.607159609182936 868.7414448669201 26200
556.4603006855804 526.5909090909091 7270 19.613066832885522 868.5795454545455 26300
557.5892414160953 526.5132075471698 7273 19.615575176073794 868.5509433962264 26400
558.6147945478544 526.3984962406015 7275 19.61153369248156 868.609022556391 26500
559.2483113595478 525.9026217228464 7278 19.604709497694028 868.3857677902622 26600
560.0747236138561 525.9701492537314 7279 19.615352905751674 868.070895522388 26700
561.0290682244893 525.2118959107806 7280 19.629399695670593 867.7843866171004 26800
561.8827239767243 524.8740740740741 7284 19.645369239281393 867.5666666666667 26900
562.8253738252766 525.1070110701107 7285 19.6511506118749 867.5350553505535 27000
563.5862561146935 526.2352941176471 7287 19.658070401292026 867.6066176470588 27100
564.23236910236 528.1465201465202 7290 19.665571543972057 867.7545787545788 27200
565.0265393142988 529.3138686131387 7293 19.674533735859793 868.0255474452555 27300
565.9673492937653 529.8690909090909 7296 19.675489976820305 868.24 27400
567.0120192637681 530.0434782608696 7299 19.67261629190855 868.6304347826087 27500
567.9489871293829 530.1371841155235 7301 19.67139144368265 868.9566787003611 27600
568.9233941181949 529.9136690647482 7303 19.667023643011646 869.4028776978417 27700
570.1765645332342 530.236559139785 7305 19.65935085500613 869.7455197132616 27800
571.6968582752808 529.6571428571428 7306 19.654552421501414 869.9 27900
573.3561019308198 529.6085409252669 7307 19.655594471321884 870.1209964412811 28000
574.4105249232256 529.6028368794326 7308 19.65539732780656 870.2836879432624 28100
575.4620911981199 529.1236749116608 7311 19.66139571596438 870.3780918727915 28200
576.1923290212335 528.5422535211268 7314 19.654763258435555 870.7605633802817 28300
577.0558351927439 528.1684210526316 7315 19.660308980748578 870.7087719298246 28400
578.1669942340461 528.0909090909091 7317 19.66469351478192 870.9090909090909 28500
579.1349457678067 528.5714285714286 7318 19.676779367808233 871.3623693379791 28600
579.9187421435319 528.1041666666666 7320 19.687982306831298 871.7430555555555 28700
580.8199707503841 527.4878892733564 7322 19.697891448115378 872.1453287197232 28800
581.4404375912209 526.6344827586207 7324 19.705829753466706 872.4620689655172 28900
582.060103124315 526.7147766323025 7325 19.707055424416993 872.6219931271478 29000
582.664585289229 527.5068493150685 7326 19.707602038260312 872.763698630137 29100
583.5032635513121 528.2593856655291 7328 19.69784395911432 872.5972696245734 29200
584.4827364434852 528.7006802721088 7329 19.683696399860395 872.5340136054422 29300
585.5394177183136 527.9389830508475 7330 19.665820332099024 872.5152542372881 29400
586.3191062125762 527.1554054054054 7331 19.64853715530139 872.4493243243244 29500
587.1989733573331 526.1750841750842 7332 19.63341714715843 872.5151515151515 29600
587.6624254343477 525.5234899328859 7331 19.618643160861822 872.4597315436241 29700
587.9299329466754 524.9096989966555 7330 19.607083023742423 872.5451505016722 29800
588.0957196592674 528.2466666666667 7330 19.600157452878967 872.6233333333333 29900
588.253231652489 531.6345514950166 7330 19.587738554249864 872.0498338870432 30000
588.6053686782601 533.4370860927153 7330 19.577611644350714 871.3973509933775 30100
589.0282143920514 532.5742574257425 7331 19.572987416442743 870.9240924092409 30200
589.2107612741142 531.7236842105264 7330 19.56781311573076 870.5921052631579 30300
589.5176488871617 531.4622950819672 7330 19.558013555903518 870.4688524590164 30400
589.6540494661372 531.1633986928105 7330 19.550448947038614 870.4771241830065 30500
589.9385476101551 530.9511400651465 7329 19.546828671609315 870.4104234527688 30600
590.1357173455706 532.1428571428571 7327 19.54567168303421 870.4318181818181 30700
590.1942014588061 533.2750809061489 7327 19.54083132160044 870.7087378640776 30800
590.1629267660717 534.3806451612903 7327 19.532481481699733 871.2129032258065 30900
590.2400982413981 533.6591639871383 7328 19.517982363797017 871.8778135048232 31000
590.4541233541263 533.0192307692307 7328 19.511193958784844 872.0705128205128 31100
590.6929608243765 532.4920127795527 7328 19.50980651187794 872.035143769968 31200
590.9682796120728 532.375796178344 7328 19.5152600650956 871.6656050955414 31300
591.6355748292659 532.5968253968254 7328 19.52030769396163 871.2539682539683 31400
592.2967375275068 532.746835443038 7329 19.531952289866815 870.9303797468355 31500
592.8582026801843 532.5488958990536 7330 19.53806786067258 870.7539432176657 31600
593.4628919741431 532.4276729559748 7331 19.539520477462915 870.625786163522 31700
594.1397866262087 532.0062695924765 7334 19.532984505604244 870.6551724137931 31800
594.5151920123596 531.5125 7336 19.524406050236347 870.425 31900
594.8701860097112 531.3208722741433 7336 19.516541856933433 870.2461059190031 32000
595.2374762143005 532.4534161490683 7337 19.507173714520594 870.1987577639752 32100
595.7736742510994 534.71826625387 7339 19.50590312776836 869.9938080495356 32200
596.3553327878252 536.9197530864197 7340 19.511410595215512 869.9567901234568 32300
597.1167698539234 537.76 7341 19.51767821522031 869.7538461538461 32400
598.1437532930161 538.2085889570552 7341 19.530636059602674 869.680981595092 32500
599.2725872867762 539.394495412844 7341 19.54315705024609 869.65749235474 32600
600.3265883008011 539.859756097561 7343 19.554480177706143 869.7713414634146 32700
601.3696550547538 539.531914893617 7345 19.565131677255405 869.951367781155 32800
602.3082680509331 539.6181818181818 7347 19.575833624274477 870.2030303030303 32900
603.2507987078576 539.9335347432025 7349 19.573716302146757 870.3716012084592 33000
604.0680168469984 540.2168674698795 7349 19.578200590393305 870.2921686746988 33100
604.8498128303892 540.3723723723724 7349 19.57981045563022 870.1921921921922 33200
605.6893794820517 540.3233532934132 7350 19.580438189847523 869.874251497006 33300
606.5447158349725 540.3880597014926 7352 19.58530412455183 869.4358208955224 33400
607.472190424965 540.3214285714286 7356 19.587699778652684 869.1160714285714 33500
608.4090187773006 540.5222551928783 7358 19.59129710868635 868.7685459940653 33600
609.4433761975129 540.6153846153846 7360 19.593516535627025 868.4437869822485 33700
610.4796918360514 541.2330383480826 7362 19.596077072281634 868.0353982300885 33800
611.5574749548041 542.7352941176471 7366 19.591813144020257 867.7941176470588 33900
612.7489623195996 543.7888563049853 7369 19.589433890826292 867.6598240469208 34000
613.7710975302356 544.4152046783626 7374 19.593914935647014 867.5438596491229 34100
614.8152462728631 544.4839650145773 7377 19.595098857117428 867.4110787172011 34200
615.8654750632849 544.0 7380 19.596005478882162 867.5610465116279 34300
617.0369415065879 544.4753623188406 7381 19.59565818901929 867.663768115942 34400
618.0313675520081 544.4104046242775 7383 19.601717869664633 867.6300578034682 34500
618.8201481708215 544.2881844380404 7385 19.608794022366297 867.3054755043228 34600
619.5523787991931 544.1724137931035 7387 19.61632211836114 866.9511494252873 34700
620.3002379948838 544.4412607449857 7388 19.625511824072895 866.7220630372493 34800
621.0587775148709 544.5085714285714 7388 19.633188933146972 866.5542857142857 34900
622.0095510866781 547.3105413105413 7389 19.639596807813724 866.6096866096866 35000
623.1129822510943 549.9659090909091 7390 19.649057319637254 866.6164772727273 35100
624.0692793273755 552.9405099150142 7390 19.66032061334933 866.8526912181303 35200
625.1694928697073 553.2824858757062 7392 19.6701582871615 867.4491525423729 35300
626.2796542341621 553.256338028169 7394 19.672339374928494 868.4394366197183 35400
627.2424694326353 552.8932584269663 7396 19.673840940031855 869.1432584269663 35500
628.1079438406547 553.1372549019608 7397 19.675688257660152 869.6330532212885 35600
628.971315959641 553.3854748603352 7399 19.683484286735588 869.8547486033519 35700
629.9952709499909 553.766016713092 7399 19.688544219084516 870.0139275766016 35800
631.0316786710977 553.5277777777778 7401 19.69644641106854 870.2416666666667 35900
631.8754813171474 553.180055401662 7402 19.699134001804264 870.7008310249307 36000
632.6783832094392 552.9944751381215 7403 19.69882204847484 871.121546961326 36100
633.3907289202931 553.1955922865013 7403 19.697518975205252 871.633608815427 36200
634.199942898132 553.3241758241758 7403 19.70054776922941 872.065934065934 36300
635.1363203547309 553.6767123287672 7403 19.700307647192638 872.5835616438357 36400
636.1548844375443 555.3005464480874 7403 19.710689320287738 872.6693989071039 36500
637.2316564259363 554.6811989100818 7404 19.711477632766517 872.8528610354224 36600
638.2535535753802 554.9402173913044 7405 19.710248778490683 872.6413043478261 36700
639.3118690255126 555.5230352303523 7405 19.70207007636011 872.7913279132791 36800
640.3419429806042 556.627027027027 7406 19.681028445523097 873.0378378378379 36900
641.2091952640317 556.9218328840971 7406 19.65538326552618 873.6765498652292 37000
641.9644345028122 557.3763440860215 7406 19.630875411421165 873.9811827956989 37100
642.483202190731 557.4584450402144 7405 19.608753253065686 874.1152815013405 37200
643.010050248358 557.0 7405 19.587454065605236 874.1149732620321 37300
643.4950412594005 556.496 7404 19.572922004188907 873.584 37400
643.9289562371131 556.0212765957447 7402 19.55342599950336 872.9813829787234 37500
644.2793688620006 556.2546419098143 7401 19.53256147430574 872.2679045092838 37600
644.4310122619038 556.5820105820105 7400 19.510980623844613 871.2830687830688 37700
644.5845565118269 556.8337730870712 7399 19.49473750533758 870.4116094986807 37800
644.7568304486803 556.0684210526316 7398 19.487578179135074 869.4710526315789 37900
645.047885983719 556.3884514435696 7397 19.48468977649743 868.5275590551181 38000
645.6364435759803 556.5602094240837 7397 19.485194304189424 867.6884816753927 38100
646.4060233621533 556.9608355091384 7397 19.486178311138065 867.065274151436 38200
647.2343700307105 556.7083333333334 7396 19.481907414093836 866.6744791666666 38300
647.7370053991739 556.6545454545454 7395 19.482629732498786 866.3584415584415 38400
648.0690547841277 556.4093264248704 7395 19.48174949262925 866.0362694300518 38500
648.4642862240843 555.7364341085271 7394 19.478811709925314 865.8785529715763 38600
648.8941870137393 555.479381443299 7394 19.474111608646623 865.8865979381443 38700
649.3119484647315 555.388174807198 7393 19.47049940789751 865.9717223650385 38800
649.7091755499933 555.7435897435897 7391 19.47014770001401 865.7717948717949 38900
650.2266570018212 555.6214833759591 7390 19.471342974438528 865.6982097186701 39000
650.8124617500833 555.8418367346939 7390 19.480426941505055 865.3775510204082 39100
651.3348934175758 555.7608142493639 7390 19.487494721593155 865.29262086514 39200
651.912317206254 555.8578680203045 7389 19.48964152010011 865.3350253807107 39300
652.5038724509365 555.3215189873417 7388 19.491086999949495 865.3417721518987 39400
653.154706341382 554.7929292929293 7388 19.488476029891903 865.4520202020202 39500
653.675978156286 554.3576826196473 7388 19.48388708943038 865.6775818639799 39600
654.3016308967561 553.9597989949749 7389 19.483317380304026 865.7964824120603 39700
655.2757442457439 553.3383458646616 7389 19.48432589385142 865.9248120300751 39800
656.2678870322233 553.48 7388 19.48332936483108 865.9975 39900
657.2205572152592 553.5112219451372 7388 19.48488741655995 865.9351620947631 40000
658.2513218897919 553.1592039800995 7389 19.48907094703285 865.9353233830846 40100
659.2325096413688 552.789081885856 7390 19.493864946250085 865.8436724565756 40200
660.4726329785126 552.480198019802 7391 19.497148728117075 865.6930693069307 40300
661.6503828622372 552.3654320987654 7393 19.4995299373354 865.5037037037036 40400
662.6924669291415 552.1576354679803 7394 19.501021891080622 865.4852216748768 40500
663.6904675930605 552.1670761670762 7395 19.50354104070812 865.4226044226044 40600
664.7072905361665 552.5735294117648 7396 19.50733783124302 865.2622549019608 40700
665.8999946213858 552.841075794621 7396 19.507915464280543 865.2053789731051 40800
667.1753679766524 553.6536585365853 7398 19.51049153037767 865.0682926829269 40900
668.1656910180241 554.2287104622872 7400 19.510258300732815 864.8029197080292 41000
669.1094954199185 554.9174757281553 7402 19.509366550349622 864.4587378640776 41100
670.0471105589518 555.6610169491526 7405 19.512860531952605 863.9830508474577 41200
671.2061164851356 555.8937198067633 7407 19.515486472696683 863.5265700483092 41300
672.3007652325839 556.2313253012048 7409 19.52216172043889 863.1975903614458 41400
673.197843460527 556.1009615384615 7412 19.531370324900504 862.8100961538462 41500
674.054168799973 556.0239808153477 7414 19.53816232978956 862.3501199040768 41600
674.8154715914377 557.5071770334928 7416 19.548238496464705 861.8612440191388 41700
675.5098217820042 558.6252983293556 7418 19.56178877798057 861.472553699284 41800
676.4414591649752 559.3428571428572 7420 19.573833780069126 861.3071428571428 41900
677.3928808771724 559.7007125890736 7422 19.58123478100106 861.3349168646081 42000
678.033238449875 559.5450236966825 7424 19.58730497617134 861.4597156398104 42100
678.528898145071 559.3286052009456 7424 19.585671989759913 861.7943262411347 42200
678.6982410674166 558.938679245283 7425 19.577529681607967 861.872641509434 42300
679.0471510126417 558.2823529411764 7426 19.56822961176889 862.035294117647 42400
679.4174165126448 558.3427230046948 7426 19.554571795778823 862.1267605633802 42500
679.8449946786882 558.5058548009367 7425 19.54500743146855 861.9508196721312 42600
680.1131677120545 558.7476635514018 7424 19.53587508615289 861.6682242990654 42700
680.2913373260268 558.5734265734266 7424 19.5290041309267 861.3146853146853 42800
680.3904415317423 558.0046511627907 7423 19.519791487756095 860.946511627907 42900
680.6049041654442 557.3921113689095 7423 19.511624918178935 860.6751740139212 43000
680.9343232124625 556.8796296296297 7422 19.502406832175527 860.5254629629629 43100
681.053624584528 557.3625866050809 7421 19.49303509455952 860.3903002309469 43200
681.2190631068975 557.6958525345622 7420 19.486802015511874 860.3479262672811 43300
681.3401020034315 559.448275862069 7419 19.48527725090556 860.3448275862069 43400
681.5979831918784 560.2752293577981 7419 19.478771222001303 860.3784403669724 43500
681.873958938176 561.258581235698 7418 19.472510549051318 860.1258581235697 43600
682.0193880346181 561.1095890410959 7418 19.46776495280677 859.9840182648402 43700
682.1175026991596 560.883826879271 7417 19.461629254846816 859.9339407744875 43800
682.3220859276223 560.5045454545455 7416 19.45443036482912 859.9227272727272 43900
682.5956723324304 560.3083900226758 7416 19.447604999930288 859.9206349206349 44000
682.747963860797 560.0090497737557 7417 19.44121901576755 860.0090497737557 44100
682.9395873847541 560.4740406320542 7418 19.43591357575658 859.9255079006772 44200
683.1708090230217 560.8288288288288 7418 19.431451034943038 859.7432432432432 44300
683.4448168358111 561.0831460674158 7418 19.42905145141201 859.6808988764045 44400
683.670487688408 560.2914798206278 7418 19.429249186676362 859.6928251121076 44500
683.8011486899468 559.5391498881431 7418 19.42395444576657 859.841163310962 44600
683.9516786999154 559.1785714285714 7418 19.417985797450125 859.8772321428571 44700
684.0307475580722 560.0668151447661 7417 19.414962679996137 859.7995545657016 44800
684.0989002380585 560.7688888888889 7416 19.412651651818365 859.8977777777778 44900
684.2901926130297 562.1374722838137 7415 19.41326107165912 859.8248337028825 45000
684.4046768989999 562.8362831858407 7415 19.417556597406954 859.6991150442478 45100
684.4876625034703 563.3068432671082 7415 19.421112921537556 859.5717439293599 45200
684.5814558321614 562.9823788546255 7414 19.42372293846382 859.2246696035243 45300
684.690211930172 562.4791208791208 7415 19.42885228531901 858.7186813186813 45400
684.9371749261109 562.25 7415 19.434490767149452 858.405701754386 45500
685.1846260845659 562.0831509846827 7415 19.436857590486667 858.2035010940918 45600
685.4515582215166 562.0393013100437 7417 19.440904457277405 858.0414847161572 45700
685.7583467348081 561.7821350762528 7417 19.438046347910927 857.9891067538126 45800
685.975772075173 562.1782608695652 7416 19.434050594980683 857.9152173913044 45900
686.0809098509931 562.2125813449023 7416 19.429927564044355 857.9002169197397 46000
686.1839641156613 562.3939393939394 7417 19.42497719516733 858.038961038961 46100
686.3740772098463 562.0561555075594 7416 19.418875732542773 858.2613390928726 46200
686.5546490106642 562.0905172413793 7416 19.41442737689005 858.5452586206897 46300
686.694425798842 561.7247311827957 7415 19.408567651719128 858.8172043010753 46400
686.7798965793676 561.4935622317597 7415 19.39631100374756 859.3111587982833 46500
686.8346690852427 561.4860813704497 7414 19.38683588076615 859.4710920770877 46600
686.9447663126466 561.9017094017094 7413 19.37694254930459 859.8098290598291 46700
687.1539689146467 562.6695095948827 7413 19.369240552146913 860.1407249466951 46800
687.2853170045253 563.1872340425532 7413 19.361946798781894 860.4851063829788 46900
687.2882410670701 563.5796178343949 7413 19.353880032754756 860.7452229299363 47000
687.3963305771297 563.8728813559322 7413 19.349856018817867 861.207627118644 47100
687.5791378574316 564.507399577167 7412 19.34712656323773 861.5095137420719 47200
687.7425109863135 564.7257383966245 7412 19.34076834967253 861.4535864978903 47300
687.9312716631956 565.1831578947368 7412 19.335354586345282 861.3515789473685 47400
688.24983050163 565.4243697478992 7411 19.328126397806965 861.2563025210084 47500
688.5731100158617 566.0796645702306 7411 19.318388033931623 861.0859538784067 47600
688.8206416600085 566.1004184100418 7412 19.311645042428076 860.847280334728 47700
689.1650790746133 565.9582463465554 7413 19.307027829395864 860.6576200417536 47800
689.5860560609666 565.4833333333333 7413 19.30326318808462 860.45625 47900
689.9405553964046 565.047817047817 7412 19.300157700811106 860.1288981288981 48000
690.3299046552936 564.6473029045643 7413 19.299534966991995 859.856846473029 48100
690.9001453398644 564.1904761904761 7413 19.302328163020274 859.6666666666666 48200
691.3806428825233 563.4793388429752 7414 19.307193482636233 859.4855371900826 48300
691.7409963211877 562.7876288659794 7415 19.311775376001325 859.3092783505155 48400
692.1256176932582 562.9670781893004 7415 19.31406440284956 859.187242798354 48500
692.4019692596969 563.5811088295687 7415 19.309623849972077 859.2258726899383 48600
692.6178031721413 564.3237704918033 7415 19.30768535102467 859.1639344262295 48700
692.8397505264988 564.2576687116565 7416 19.30705613762789 859.3128834355829 48800
693.1492167479798 564.1591836734694 7417 19.303436295170144 859.4571428571429 48900
693.3634769855145 564.6150712830957 7418 19.300164469104562 859.5885947046843 49000
693.6211250115458 564.4430894308944 7418 19.28905302370665 859.8983739837398 49100
693.9057115224383 563.9716024340771 7419 19.278550098934648 860.239350912779 49200
694.1525083309108 564.1417004048583 7420 19.26498815008745 860.5323886639676 49300
694.4199700460103 564.3272727272728 7421 19.250760340132167 861.0444444444445 49400
694.6770806786874 564.4758064516129 7421 19.23792080908588 861.2016129032259 49500
694.9466987583186 564.1529175050301 7421 19.22842022200977 861.0362173038229 49600
695.182857468954 563.7991967871486 7422 19.220720461310833 860.5823293172691 49700
695.4983122901159 563.2384769539078 7422 19.218399378222035 860.188376753507 49800
695.9338982825366 562.832 7422 19.213901973404983 859.902 49900
696.3942164364898 562.5548902195609 7422 19.20978543284233 859.7045908183633 50000
696.7649362578087 562.8366533864541 7421 19.204840188408923 859.4003984063745 50100
697.1382774492554 563.4194831013916 7421 19.197787112203628 859.2246520874752 50200
697.4192526172752 563.6944444444445 7420 19.19212256861365 859.1646825396825 50300
697.7381435314836 563.4138613861386 7420 19.18817777144808 859.2158415841584 50400
697.9237468973262 563.0355731225296 7419 19.188332887841792 859.2154150197629 50500
698.0821349441057 562.5522682445759 7419 19.194160351855633 859.2998027613412 50600
698.0885215782907 562.007874015748 7419 19.198240088695812 859.4448818897638 50700
698.1735393748623 561.5599214145383 7419 19.20325336946458 859.5481335952849 50800
698.3215462804117 561.4941176470588 7417 19.206003971889277 859.8372549019608 50900
698.5881673391102 561.5420743639921 7417 19.206867092929667 860.1369863013699 51000
698.9720864581172 561.921875 7416 19.206118386521144 860.603515625 51100
699.3811114362449 562.3196881091618 7416 19.203658983125283 861.0097465886939 51200
699.7317655650636 563.023346303502 7416 19.203651864481074 861.2392996108949 51300
700.1234197644887 563.1728155339806 7416 19.20484512652709 861.3844660194175 51400
700.4352292845742 562.8178294573644 7417 19.20469038790979 861.5290697674419 51500
700.6953566741852 562.4332688588008 7417 19.204294468397393 861.5647969052225 51600
700.9795048252774 562.042471042471 7416 19.20082170958853 861.5772200772201 51700
701.2513600328034 561.7495183044316 7416 19.195617814194332 861.5452793834297 51800
701.4834649070422 561.4115384615385 7416 19.192529594531926 861.525 51900
701.7043693504895 561.0940499040307 7416 19.19206408667294 861.3090211132437 52000
701.9166306563168 560.9310344827586 7416 19.195773169127985 861.080459770115 52100
702.2847355822158 561.0669216061185 7417 19.199625469599614 860.9139579349904 52200
702.5294868822992 561.0038167938932 7418 19.20270025078513 860.6526717557252 52300
702.6993587743631 561.6 7418 19.203086355841553 860.3142857142857 52400
703.0270340247706 562.703422053232 7419 19.2003238342525 859.9866920152091 52500
703.3572456797793 564.011385199241 7419 19.196348387048783 859.8842504743833 52600
703.7668790642734 564.6742424242424 7420 19.191265947893047 859.7765151515151 52700
704.1165733297348 565.6786389413988 7421 19.18573077198916 859.758034026465 52800
704.5407957770258 566.4566037735849 7421 19.180216483541514 859.7509433962264 52900
705.0230050493791 567.1977401129943 7422 19.180118533719792 859.5819209039548 53000
705.433508776682 567.5676691729324 7422 19.17729063361069 859.4924812030075 53100
705.9689500272801 567.9737335834897 7424 19.17416662702221 859.4090056285178 53200
706.4286719410445 568.2322097378277 7425 19.175232962446493 859.3576779026217 53300
706.7435812991532 567.7719626168224 7426 19.174349728316134 859.2093457943926 53400
707.0902140452806 567.3022388059702 7426 19.171471424620336 858.9794776119403 53500
707.5363752521929 566.8603351955308 7427 19.169083002766094 858.8361266294227 53600
707.9152944178276 566.446096654275 7427 19.165220225978253 858.8327137546469 53700
708.306697473433 566.0630797773655 7426 19.16240359999968 858.9035250463822 53800
708.7694062161141 565.7444444444444 7426 19.156547297036717 859.0648148148148 53900
709.0975966313362 565.3456561922366 7426 19.152458382336917 859.2273567467653 54000
709.5353818876098 565.4649446494465 7426 19.146739144692287 859.4870848708487 54100
709.9087449674485 566.110497237569 7425 19.14268873820308 859.6961325966851 54200
710.2492236490672 566.8161764705883 7425 19.139296474524944 859.90625 54300
710.7385305842618 567.0385321100918 7424 19.135467731597277 860.2550458715597 54400
711.134774367425 566.5494505494505 7424 19.129620459456728 860.3864468864468 54500
711.476146456498 566.2559414990859 7424 19.12626487844686 860.5393053016453 54600
711.8975011045791 565.9014598540145 7425 19.124012372996948 860.6259124087592 54700
712.4031533643449 565.6648451730418 7424 19.123646370355928 860.6284153005464 54800
712.9253316959396 565.4109090909091 7424 19.12346590467147 860.7109090909091 54900
713.3879711601911 565.016333938294 7424 19.120496237852066 860.9237749546279 55000
713.8707221907239 564.8333333333334 7424 19.114153033832487 861.0615942028985 55100
714.392918754785 564.99095840868 7424 19.107932899240843 861.251356238698 55200
714.8618063190794 564.8519855595667 7424 19.10550324556334 861.3862815884477 55300
715.3401386644565 564.5945945945946 7423 19.105055749367985 861.4756756756757 55400
715.8061982646893 565.543165467626 7424 19.1080691163743 861.5719424460432 55500
716.2416501768016 567.0879712746859 7424 19.11122314823873 861.5026929982047 55600
716.6957419888352 568.4408602150538 7424 19.113098903773864 861.3763440860215 55700
717.1712472396925 568.8872987477639 7424 19.11363832281245 861.180679785331 55800
717.6443646216433 568.7178571428572 7425 19.114845171672087 861.0678571428572 55900
718.228134155023 569.2691622103387 7425 19.12007946201007 860.9233511586452 56000
718.772656521049 569.8505338078292 7426 19.119611603282546 860.797153024911 56100
719.3485664273612 570.3943161634103 7427 19.123287584785047 860.6927175843695 56200
720.0801804289371 570.3510638297872 7428 19.12582706700272 860.718085106383 56300
720.6915199743986 570.1592920353983 7428 19.13081296094229 860.8017699115044 56400
721.3305177788975 570.113074204947 7429 19.13618507332831 860.9434628975265 56500
721.9358168513353 570.4691358024692 7429 19.13851480486943 861.2486772486773 56600
722.4761020638891 570.7218309859155 7429 19.140565008211265 861.5334507042254 56700
722.9185697017631 571.3005272407732 7429 19.14534796771444 861.8101933216169 56800
723.3490244071222 571.4105263157895 7430 19.1472103336513 862.0666666666667 56900
723.8509095782179 571.4395796847635 7431 19.149404361087992 862.3362521891419 57000
724.3515590908147 571.2412587412588 7432 19.151007966517323 862.6031468531469 57100
724.8888882106104 570.9354275741711 7432 19.15333213868865 862.7277486910995 57200
725.3003636553007 570.6689895470383 7432 19.158651937317632 862.8275261324042 57300
725.6553025975347 570.4626086956522 7433 19.161233163762052 862.9373913043478 57400
726.0507593887655 570.2951388888889 7434 19.162193324440047 863.0989583333334 57500
726.4089013184223 570.0346620450607 7434 19.16334391998958 863.2668977469671 57600
726.7003169506955 569.9584775086505 7434 19.166678807828536 863.2923875432526 57700
726.9461569670234 569.9689119170985 7434 19.162217071257732 863.4525043177892 57800
727.1997413219434 569.7931034482758 7434 19.165072182890356 863.5137931034483 57900
727.4532945439271 569.2839931153184 7434 19.16635956894091 863.6006884681583 58000
727.6671159874971 568.8041237113403 7433 19.15926960404582 863.9295532646048 58100
727.8252526438664 568.3259005145798 7433 19.152992983798743 864.2864493996569 58200
727.9559568009496 567.7979452054794 7431 19.14572602819137 864.8304794520548 58300
728.1149703704334 567.3059829059829 7430 19.14181392020667 865.3589743589744 58400
728.1961705783681 566.8839590443686 7428 19.13986543228823 865.8344709897611 58500
728.3291987169794 566.320272572402 7427 19.136424434958943 866.3253833049404 58600
728.582736899353 565.6462585034013 7425 19.130410107688604 866.6105442176871 58700
728.8181925964386 565.0118845500849 7424 19.126065487083746 866.9609507640068 58800
729.1328163153306 564.5559322033898 7422 19.121234633832696 867.3389830508474 58900
729.3420090868357 564.175972927242 7420 19.116770207414515 867.5549915397631 59000
729.5590287738811 563.5709459459459 7419 19.112414956284525 867.6047297297297 59100
729.7200654517083 562.9679595278246 7418 19.10879024803272 867.5564924114672 59200
729.9043089325856 562.2659932659933 7417 19.105038075897987 867.6868686868687 59300
730.06068048928 561.6504201680672 7415 19.100193007236346 867.9546218487395 59400
730.2384727310708 561.1140939597316 7414 19.09873424251073 868.2936241610738 59500
730.4568152165733 561.0720268006701 7413 19.096397507939866 868.6884422110553 59600
730.6381017157635 560.8795986622074 7412 19.091680893493418 869.2173913043479 59700
730.8782244610337 560.6477462437396 7411 19.086832511367387 869.6894824707847 59800
731.0754013761174 560.2533333333333 7410 19.079465568292886 870.0066666666667 59900
