0 0 0 0 0 0 0 0
0 6 0 0 3285 0 3317 100
0 16 0 0 7366 6 7468 200
0 19 0 0 9204 12 9377 300
0 22 0 0 11727 15 11944 400
0 23 0 0 14634 18 14890 500
0 25 0 0 17981 19 18274 600
0 27 0 0 21682 20 22034 700
0 28 0 0 25666 27 26148 800
0 29 0 0 30037 31 30678 900
0 29 0 0 34750 42 35584 1000
0 31 0 0 39693 55 40807 1100
0 33 0 0 44826 74 46281 1200
0 35 0 0 50201 95 52076 1300
0 36 0 0 55736 130 58091 1400
0 38 0 0 61524 176 64526 1500
0 39 0 0 67426 233 71222 1600
0 44 0 0 73558 279 78308 1700
0 46 0 0 79835 355 85679 1800
0 47 0 0 86190 423 93294 1900
0 47 0 0 92679 511 101061 2000
0 51 0 0 99423 625 109285 2100
0 52 0 0 106026 776 117476 2200
0 56 0 0 112777 891 125826 2300
0 60 0 0 119376 1066 134224 2400
0 62 0 0 126144 1242 142810 2500
0 69 0 0 132885 1396 151278 2600
0 75 0 0 139711 1589 159984 2700
0 80 0 0 146670 1824 169109 2800
0 85 0 0 153745 2045 178279 2900
0 87 0 0 160733 2284 187493 3000
0 91 0 0 167830 2532 196961 3100
0 96 0 0 175012 2782 206718 3200
0 102 0 0 182203 3037 216476 3300
0 106 0 0 189280 3377 226203 3400
0 109 0 0 196468 3717 236083 3500
0 114 0 0 203630 4027 246018 3600
0 116 0 0 210865 4358 256001 3700
0 118 0 0 218025 4667 266066 3800
0 121 0 0 225308 4967 276251 3900
0 126 0 0 232522 5261 286384 4000
0 129 0 0 239839 5568 296702 4100
0 130 0 0 247030 5924 307057 4200
0 136 0 0 254524 6279 317643 4300
0 140 0 0 261700 6589 328125 4400
0 141 0 0 268947 6887 338586 4500
0 142 0 0 276347 7248 349410 4600
0 147 0 0 283762 7557 360191 4700
0 150 0 0 291070 7866 370907 4800
0 151 0 0 298538 8211 381752 4900
0 153 0 0 305872 8661 392621 5000
0 156 0 0 313244 9097 403590 5100
0 159 0 0 320684 9435 414631 5200
0 162 0 0 328037 9777 425531 5300
0 167 0 0 335414 10108 436408 5400
0 169 0 0 342837 10479 447195 5500
0 172 0 0 350034 10910 457807 5600
0 179 0 0 357405 11266 468392 5700
0 179 0 0 364713 11620 478811 5800
0 185 0 0 372003 11961 489296 5900
0 185 0 0 379201 12343 499847 6000
0 188 0 0 386652 12770 510797 6100
0 191 0 0 394077 13110 522226 6200
0 195 0 0 401621 13391 533445 6300
0 196 0 0 409120 13694 544600 6400
0 199 0 0 416713 13982 555776 6500
0 201 0 0 424112 14274 566577 6600
0 203 0 0 431470 14544 577246 6700
0 204 0 0 438874 14907 587870 6800
0 207 0 0 446284 15244 598452 6900
0 209 0 0 453646 15624 609050 7000
0 211 0 0 461024 15921 619551 7100
0 212 0 0 468470 16223 630103 7200
0 214 0 0 475881 16537 640643 7300
0 215 0 0 483234 16861 651263 7400
0 217 0 0 490485 17186 661785 7500
0 217 0 0 498062 17549 672707 7600
0 220 0 0 505595 17864 683522 7700
0 221 0 0 512885 18246 694325 7800
0 222 0 0 520398 18557 705221 7900
0 223 0 0 527822 18946 716235 8000
0 224 0 0 535322 19253 727306 8100
0 225 0 0 542941 19601 738614 8200
0 226 0 0 550496 19939 749960 8300
0 226 0 0 557999 20295 761117 8400
0 228 0 0 565566 20658 772299 8500
0 231 0 0 572975 20978 783249 8600
0 233 0 0 580545 21332 794438 8700
0 235 0 0 587754 21619 804915 8800
0 237 0 0 595227 21934 815747 8900
0 240 0 0 602662 22263 826469 9000
0 242 0 0 610221 22590 837420 9100
0 243 0 0 617679 22901 848071 9200
0 244 0 0 625113 23191 858804 9300
0 244 0 0 632572 23519 869692 9400
0 244 0 0 639999 23814 880409 9500
0 245 0 0 647390 24161 891306 9600
0 247 0 0 654769 24437 902037 9700
0 248 0 0 662174 24797 912992 9800
0 250 0 0 669589 25118 923673 9900
0 253 0 0 677076 25410 934615 10000
0 254 0 0 684539 25736 945566 10100
0 256 0 0 691958 26068 956565 10200
0 258 0 0 699477 26388 967600 10300
0 262 0 0 706948 26754 978764 10400
0 264 0 0 714383 27198 989921 10500
0 270 0 0 721885 27667 1001065 10600
0 270 0 0 729420 28105 1012283 10700
0 274 0 0 736853 28607 1023568 10800
0 274 0 0 744428 29066 1034987 10900
0 276 0 0 751898 29501 1046126 11000
0 276 0 0 759421 29930 1057349 11100
0 277 0 0 766867 30379 1068256 11200
0 278 0 0 774331 30775 1079270 11300
0 280 0 0 781676 31150 1090020 11400
0 281 0 0 789143 31673 1101047 11500
0 283 0 0 796481 32146 1112113 11600
0 286 0 0 803858 32534 1123146 11700
0 288 0 0 811495 32952 1134355 11800
0 290 0 0 818907 33376 1145150 11900
0 293 0 0 826371 33735 1155758 12000
0 294 0 0 833569 34142 1166227 12100
0 296 0 0 841023 34468 1176834 12200
0 297 0 0 848467 34816 1187674 12300
0 300 0 0 855837 35152 1198466 12400
0 303 0 0 863269 35493 1209331 12500
0 304 0 0 870779 35773 1220110 12600
0 306 0 0 878187 36144 1230874 12700
0 307 0 0 885613 36469 1241575 12800
0 310 0 0 892972 36799 1252383 12900
0 312 0 0 900489 37162 1263213 13000
0 314 0 0 907976 37521 1274007 13100
0 315 0 0 915458 37849 1284653 13200
0 316 0 0 922762 38269 1295256 13300
0 318 0 0 930066 38651 1305780 13400
0 320 0 0 937436 38996 1316332 13500
0 323 0 0 944838 39329 1327005 13600
0 324 0 0 952314 39676 1337768 13700
0 329 0 0 959791 40003 1348585 13800
0 331 0 0 967145 40313 1359302 13900
0 333 0 0 974543 40570 1370117 14000
0 339 0 0 982167 40858 1381351 14100
0 341 0 0 989603 41160 1392268 14200
0 344 0 0 997116 41463 1403212 14300
0 344 0 0 1004528 41743 1413843 14400
0 348 0 0 1012039 42000 1424511 14500
0 351 0 0 1019483 42266 1435316 14600
0 352 0 0 1026891 42508 1445909 14700
0 354 0 0 1034339 42790 1456565 14800
0 355 0 0 1041772 43011 1467030 14900
0 357 0 0 1049150 43292 1477520 15000
0 358 0 0 1056472 43553 1487806 15100
0 361 0 0 1063785 43834 1498136 15200
0 361 0 0 1071207 44113 1508639 15300
0 362 0 0 1078572 44386 1519039 15400
0 365 0 0 1086005 44684 1529623 15500
0 370 0 0 1093508 44986 1540145 15600
0 373 0 0 1100903 45222 1550542 15700
0 373 0 0 1108194 45537 1560713 15800
0 376 0 0 1115655 45806 1570939 15900
0 376 0 0 1122939 46081 1580845 16000
0 377 0 0 1130225 46390 1590746 16100
0 378 0 0 1137541 46715 1600813 16200
0 381 0 0 1144803 47044 1610839 16300
0 381 0 0 1152167 47323 1620929 16400
0 383 0 0 1159511 47613 1631105 16500
0 384 0 0 1166761 47952 1641300 16600
0 385 0 0 1174315 48289 1651857 16700
0 385 0 0 1181721 48571 1662168 16800
0 386 0 0 1189101 48936 1672499 16900
0 390 0 0 1196459 49188 1682677 17000
0 392 0 0 1203752 49510 1692880 17100
0 392 0 0 1211302 49887 1703534 17200
0 394 0 0 1218559 50172 1713928 17300
0 396 0 0 1225808 50469 1724367 17400
0 400 0 0 1233392 50763 1735230 17500
0 400 0 0 1240810 51100 1745981 17600
0 402 0 0 1248200 51394 1756669 17700
0 403 0 0 1255570 51672 1767105 17800
0 404 0 0 1262984 51952 1777607 17900
0 405 0 0 1270395 52211 1787981 18000
0 408 0 0 1277672 52457 1798108 18100
0 409 0 0 1285055 52711 1808315 18200
0 411 0 0 1292442 52959 1818526 18300
0 412 0 0 1299646 53171 1828463 18400
0 413 0 0 1306807 53413 1838272 18500
0 413 0 0 1313983 53652 1848048 18600
0 416 0 0 1321277 53871 1857836 18700
0 418 0 0 1328375 54147 1867712 18800
0 418 0 0 1335907 54465 1877975 18900
0 422 0 0 1343155 54703 1888058 19000
0 423 0 0 1350531 54978 1898182 19100
0 424 0 0 1357861 55224 1908240 19200
0 425 0 0 1365031 55556 1918138 19300
0 426 0 0 1372416 55778 1928124 19400
0 427 0 0 1379735 56045 1938185 19500
0 428 0 0 1387102 56302 1948209 19600
0 428 0 0 1394415 56548 1958161 19700
0 430 0 0 1401686 56803 1968183 19800
0 432 0 0 1409076 57109 1978477 19900
0 433 0 0 1416458 57406 1988777 20000
0 434 0 0 1423739 57633 1998920 20100
0 436 0 0 1431118 57864 2009193 20200
0 438 0 0 1438416 58164 2019469 20300
0 438 0 0 1445715 58405 2029472 20400
0 441 0 0 1453036 58653 2039555 20500
0 445 0 0 1460196 58852 2049371 20600
0 446 0 0 1467506 59086 2059314 20700
0 447 0 0 1474753 59300 2069240 20800
0 449 0 0 1482037 59514 2079278 20900
0 451 0 0 1489386 59771 2089350 21000
0 452 0 0 1496643 59995 2099401 21100
0 455 0 0 1503965 60275 2109649 21200
0 456 0 0 1511295 60524 2119834 21300
0 457 0 0 1518564 60782 2129887 21400
0 457 0 0 1525891 61038 2140064 21500
0 460 0 0 1533194 61311 2150183 21600
0 461 0 0 1540451 61513 2160395 21700
0 461 0 0 1547897 61741 2170645 21800
0 464 0 0 1555153 62008 2180977 21900
0 467 0 0 1562537 62290 2191474 22000
0 467 0 0 1569859 62569 2201680 22100
0 471 0 0 1577092 62871 2211534 22200
0 472 0 0 1584362 63165 2221521 22300
0 473 0 0 1591626 63439 2231576 22400
0 475 0 0 1598875 63668 2241541 22500
0 478 0 0 1606167 63933 2251656 22600
0 480 0 0 1613506 64199 2261945 22700
0 482 0 0 1620958 64470 2272440 22800
0 484 0 0 1628389 64695 2282924 22900
0 486 0 0 1635697 64940 2293337 23000
0 486 0 0 1643024 65187 2303637 23100
0 486 0 0 1650376 65461 2313897 23200
0 486 0 0 1657656 65722 2323958 23300
0 487 0 0 1664784 65946 2333896 23400
0 487 0 0 1672069 66218 2343863 23500
0 488 0 0 1679323 66464 2353819 23600
0 490 0 0 1686548 66727 2363694 23700
0 491 0 0 1693861 66997 2373734 23800
0 493 0 0 1701050 67237 2383669 23900
0 494 0 0 1708245 67554 2393779 24000
0 498 0 0 1715599 67817 2403997 24100
0 499 0 0 1722956 68064 2414315 24200
0 500 0 0 1730417 68305 2424795 24300
0 501 0 0 1737673 68555 2434948 24400
0 502 0 0 1745086 68773 2445202 24500
0 504 0 0 1752452 69020 2455434 24600
0 504 0 0 1759692 69311 2465610 24700
0 505 0 0 1767171 69592 2476038 24800
0 507 0 0 1774463 69863 2486136 24900
0 509 0 0 1781740 70147 2496389 25000
0 510 0 0 1789038 70459 2506780 25100
0 512 0 0 1796456 70843 2517517 25200
0 513 0 0 1803864 71195 2528266 25300
0 513 0 0 1811253 71520 2538975 25400
0 514 0 0 1818678 71854 2549738 25500
0 514 0 0 1826033 72238 2560422 25600
0 514 0 0 1833441 72494 2571038 25700
0 517 0 0 1840817 72856 2581689 25800
0 518 0 0 1848281 73238 2592323 25900
0 518 0 0 1855725 73586 2602786 26000
0 520 0 0 1863029 73902 2613152 26100
0 521 0 0 1870388 74330 2623618 26200
0 522 0 0 1877661 74702 2634036 26300
0 523 0 0 1884959 75045 2644318 26400
0 524 0 0 1892245 75369 2654543 26500
0 525 0 0 1899590 75677 2664932 26600
0 525 0 0 1906957 75950 2675277 26700
0 527 0 0 1914285 76207 2685709 26800
0 528 0 0 1921724 76457 2696202 26900
0 533 0 0 1929147 76707 2706690 27000
0 534 0 0 1936597 76985 2717201 27100
0 537 0 0 1943900 77281 2727727 27200
0 540 0 0 1951283 77586 2738079 27300
0 543 0 0 1958675 77867 2748476 27400
0 546 0 0 1965981 78139 2758824 27500
0 548 0 0 1973311 78431 2769144 27600
0 551 0 0 1980663 78680 2779397 27700
0 554 0 0 1988020 78893 2789631 27800
0 556 0 0 1995275 79148 2799919 27900
0 559 0 0 2002735 79386 2810255 28000
0 562 0 0 2009981 79627 2820404 28100
0 564 0 0 2017361 79843 2830525 28200
0 566 0 0 2024570 80079 2840684 28300
0 569 0 0 2031838 80374 2850821 28400
0 571 0 0 2039181 80620 2861154 28500
0 573 0 0 2046525 80888 2871475 28600
0 577 0 0 2053875 81188 2881858 28700
0 579 0 0 2061307 81462 2892368 28800
0 580 0 0 2068649 81730 2902862 28900
0 584 0 0 2076099 81962 2913508 29000
0 586 0 0 2083556 82261 2924253 29100
0 589 0 0 2090936 82488 2934876 29200
0 591 0 0 2098382 82744 2945633 29300
0 594 0 0 2105795 83014 2956469 29400
0 594 0 0 2113267 83268 2967400 29500
0 595 0 0 2120638 83465 2978270 29600
0 598 0 0 2128158 83639 2989200 29700
0 598 0 0 2135643 83897 3000090 29800
0 601 0 0 2143170 84113 3011276 29900
0 604 0 0 2150566 84326 3022197 30000
0 606 0 0 2158120 84511 3033080 30100
0 610 0 0 2165622 84709 3043959 30200
0 612 0 0 2173180 84959 3054773 30300
0 613 0 0 2180629 85160 3065639 30400
0 614 0 0 2188155 85373 3076228 30500
0 618 0 0 2195558 85615 3086631 30600
0 620 0 0 2202969 85892 3097060 30700
0 622 0 0 2210347 86207 3107498 30800
0 626 0 0 2217729 86433 3117755 30900
0 626 0 0 2225163 86653 3127963 31000
0 630 0 0 2232509 86878 3138211 31100
0 634 0 0 2239691 87131 3148237 31200
0 634 0 0 2247077 87330 3158223 31300
0 636 0 0 2254283 87548 3167949 31400
0 638 0 0 2261478 87793 3177699 31500
0 641 0 0 2268846 88016 3187482 31600
0 643 0 0 2276043 88225 3197187 31700
0 643 0 0 2283331 88426 3206965 31800
0 645 0 0 2290512 88674 3216867 31900
0 645 0 0 2297580 88961 3226705 32000
0 646 0 0 2305016 89264 3237038 32100
0 647 0 0 2312293 89511 3247105 32200
0 648 0 0 2319610 89751 3257235 32300
0 650 0 0 2326925 90066 3267416 32400
0 651 0 0 2334349 90312 3277744 32500
0 652 0 0 2341584 90609 3287952 32600
0 654 0 0 2348940 90955 3298258 32700
0 657 0 0 2356186 91331 3308584 32800
0 658 0 0 2363449 91691 3318965 32900
0 660 0 0 2370772 92054 3329498 33000
0 661 0 0 2378156 92418 3340028 33100
0 664 0 0 2385378 92748 3350580 33200
0 667 0 0 2392711 93148 3361235 33300
0 670 0 0 2400136 93492 3371834 33400
0 672 0 0 2407440 93818 3382281 33500
0 676 0 0 2414867 94149 3393157 33600
0 678 0 0 2422203 94423 3403861 33700
0 682 0 0 2429508 94715 3414579 33800
0 684 0 0 2436920 94999 3425427 33900
0 685 0 0 2444400 95333 3436487 34000
0 686 0 0 2451948 95682 3447599 34100
0 688 0 0 2459442 96031 3458697 34200
0 691 0 0 2466810 96338 3469438 34300
0 691 0 0 2474215 96690 3480303 34400
0 696 0 0 2481671 96965 3490931 34500
0 697 0 0 2489102 97219 3501741 34600
0 699 0 0 2496535 97469 3512335 34700
0 700 0 0 2504099 97693 3523166 34800
0 702 0 0 2511603 97915 3533666 34900
0 703 0 0 2519061 98158 3544226 35000
0 704 0 0 2526359 98387 3554541 35100
0 706 0 0 2533865 98602 3565137 35200
0 708 0 0 2541188 98780 3575543 35300
0 708 0 0 2548549 99007 3585987 35400
0 709 0 0 2556022 99315 3596635 35500
0 710 0 0 2563447 99551 3606980 35600
0 711 0 0 2570759 99751 3617215 35700
0 714 0 0 2578341 99974 3627715 35800
0 714 0 0 2585660 100173 3637979 35900
0 717 0 0 2592967 100380 3648120 36000
0 722 0 0 2600487 100635 3658458 36100
0 725 0 0 2607815 100839 3668722 36200
0 728 0 0 2615260 101042 3679030 36300
0 732 0 0 2622621 101251 3689301 36400
0 734 0 0 2630063 101476 3699661 36500
0 737 0 0 2637452 101653 3710102 36600
0 737 0 0 2644934 101810 3720758 36700
0 741 0 0 2652282 102059 3731198 36800
0 743 0 0 2659793 102273 3741810 36900
0 743 0 0 2667266 102483 3752236 37000
0 745 0 0 2674596 102709 3762365 37100
0 748 0 0 2681880 102934 3772566 37200
0 751 0 0 2689241 103185 3782813 37300
0 752 0 0 2696572 103407 3793109 37400
0 757 0 0 2703894 103630 3803098 37500
0 759 0 0 2711286 103875 3813361 37600
0 762 0 0 2718608 104054 3823554 37700
0 764 0 0 2725907 104278 3833627 37800
0 768 0 0 2733324 104497 3843780 37900
0 772 0 0 2740735 104699 3853765 38000
0 773 0 0 2748007 104898 3863593 38100
0 777 0 0 2755353 105096 3873420 38200
0 780 0 0 2762674 105316 3883198 38300
0 782 0 0 2769906 105515 3892813 38400
0 783 0 0 2777274 105691 3902655 38500
0 785 0 0 2784556 105898 3912374 38600
0 787 0 0 2791876 106074 3921828 38700
0 787 0 0 2799264 106254 3931528 38800
0 791 0 0 2806427 106442 3940794 38900
0 791 0 0 2813633 106632 3950237 39000
0 795 0 0 2820859 106856 3959780 39100
0 797 0 0 2828248 107051 3969444 39200
0 800 0 0 2835418 107230 3978824 39300
0 803 0 0 2842721 107373 3988268 39400
0 806 0 0 2849828 107564 3997737 39500
0 806 0 0 2857088 107780 4007418 39600
0 810 0 0 2864287 107987 4017139 39700
0 815 0 0 2871477 108201 4026881 39800
0 815 0 0 2878751 108486 4036891 39900
0 823 0 0 2886048 108762 4047098 40000
0 825 0 0 2893324 108962 4057092 40100
0 827 0 0 2900692 109230 4067309 40200
0 832 0 0 2908020 109468 4077433 40300
0 834 0 0 2915339 109685 4087469 40400
0 836 0 0 2922668 109936 4097381 40500
0 840 0 0 2929908 110188 4107309 40600
0 843 0 0 2937177 110485 4117630 40700
0 847 0 0 2944430 110790 4127816 40800
0 850 0 0 2951920 111037 4138204 40900
0 853 0 0 2959254 111363 4148659 41000
0 855 0 0 2966753 111683 4159176 41100
0 859 0 0 2974190 112023 4169724 41200
0 860 0 0 2981605 112295 4180246 41300
0 862 0 0 2988988 112630 4190739 41400
0 867 0 0 2996382 112929 4201192 41500
0 868 0 0 3003886 113242 4211703 41600
0 872 0 0 3011153 113581 4222046 41700
0 872 0 0 3018703 113924 4232645 41800
0 874 0 0 3026031 114245 4243154 41900
0 875 0 0 3033565 114551 4253979 42000
0 876 0 0 3041026 114896 4264609 42100
0 876 0 0 3048496 115214 4275461 42200
0 878 0 0 3056114 115574 4286533 42300
0 879 0 0 3063649 115877 4297344 42400
0 880 0 0 3071150 116217 4308134 42500
0 881 0 0 3078635 116514 4318984 42600
0 882 0 0 3086203 116899 4330187 42700
0 885 0 0 3093723 117199 4341254 42800
0 886 0 0 3101227 117510 4352196 42900
0 890 0 0 3108735 117828 4363130 43000
0 893 0 0 3116251 118142 4374185 43100
0 893 0 0 3123831 118469 4385157 43200
0 894 0 0 3131307 118774 4396017 43300
0 896 0 0 3138720 119069 4406846 43400
0 897 0 0 3146270 119375 4417866 43500
0 902 0 0 3153718 119679 4428602 43600
0 903 0 0 3161235 119966 4439453 43700
0 904 0 0 3168646 120201 4450127 43800
0 906 0 0 3176148 120510 4460848 43900
0 907 0 0 3183611 120751 4471283 44000
0 909 0 0 3190998 120995 4481763 44100
0 911 0 0 3198253 121241 4492079 44200
0 912 0 0 3205635 121474 4502250 44300
0 914 0 0 3212991 121712 4512476 44400
0 917 0 0 3220397 122010 4522790 44500
0 918 0 0 3227636 122259 4532840 44600
0 919 0 0 3234859 122491 4542929 44700
0 919 0 0 3242061 122712 4552987 44800
0 920 0 0 3249483 123081 4563237 44900
0 923 0 0 3256875 123381 4573709 45000
0 924 0 0 3264311 123700 4584108 45100
0 927 0 0 3271716 124049 4594567 45200
0 928 0 0 3279090 124392 4605070 45300
0 929 0 0 3286554 124720 4615607 45400
0 932 0 0 3293966 125039 4626141 45500
0 933 0 0 3301272 125398 4636680 45600
0 935 0 0 3308663 125749 4647250 45700
0 937 0 0 3316125 126080 4657893 45800
0 938 0 0 3323469 126420 4668359 45900
0 943 0 0 3330805 126694 4678946 46000
0 944 0 0 3338244 126990 4689597 46100
0 945 0 0 3345702 127297 4700289 46200
0 946 0 0 3353102 127577 4710804 46300
0 947 0 0 3360383 127831 4720985 46400
0 948 0 0 3367807 128087 4731464 46500
0 949 0 0 3375096 128346 4741754 46600
0 950 0 0 3382348 128583 4751952 46700
0 951 0 0 3389682 128880 4762389 46800
0 954 0 0 3397039 129190 4772756 46900
0 955 0 0 3404337 129481 4783099 47000
0 958 0 0 3411677 129777 4793628 47100
0 959 0 0 3419028 130008 4804155 47200
0 961 0 0 3426424 130271 4814486 47300
0 962 0 0 3433761 130572 4824691 47400
0 965 0 0 3441027 130799 4834679 47500
0 967 0 0 3448212 131008 4844343 47600
0 968 0 0 3455287 131229 4854021 47700
0 971 0 0 3462606 131403 4863828 47800
0 973 0 0 3469686 131619 4873446 47900
0 977 0 0 3476889 131841 4883206 48000
0 977 0 0 3484014 132127 4893018 48100
0 981 0 0 3491308 132338 4902832 48200
0 983 0 0 3498648 132585 4912837 48300
0 985 0 0 3505945 132836 4922833 48400
0 987 0 0 3513267 133051 4933036 48500
0 990 0 0 3520516 133265 4943041 48600
0 992 0 0 3527834 133509 4953344 48700
0 997 0 0 3535153 133754 4963725 48800
0 998 0 0 3542508 134018 4974228 48900
0 1000 0 0 3549827 134302 4984710 49000
0 1002 0 0 3557269 134577 4995419 49100
0 1002 0 0 3564618 134843 5005913 49200
0 1007 0 0 3571958 135134 5016457 49300
0 1007 0 0 3579316 135389 5027060 49400
0 1011 0 0 3586756 135657 5037837 49500
0 1015 0 0 3594260 135943 5048856 49600
0 1017 0 0 3601677 136181 5059804 49700
0 1019 0 0 3609163 136438 5070803 49800
0 1021 0 0 3616664 136694 5081565 49900
0 1023 0 0 3624018 136928 5092020 50000
0 1024 0 0 3631353 137184 5102378 50100
0 1027 0 0 3638682 137437 5112778 50200
0 1027 0 0 3646091 137698 5123127 50300
0 1030 0 0 3653560 137954 5133470 50400
0 1031 0 0 3660869 138235 5143672 50500
0 1033 0 0 3668334 138495 5154070 50600
0 1037 0 0 3675708 138727 5164495 50700
0 1039 0 0 3683134 138968 5174814 50800
0 1041 0 0 3690451 139227 5185106 50900
0 1043 0 0 3697851 139471 5195175 51000
0 1045 0 0 3705191 139776 5205110 51100
0 1048 0 0 3712458 140015 5215088 51200
0 1051 0 0 3719675 140261 5225277 51300
0 1053 0 0 3727040 140513 5235484 51400
0 1054 0 0 3734561 140726 5245851 51500
0 1057 0 0 3741916 140958 5256089 51600
0 1060 0 0 3749230 141205 5266223 51700
0 1063 0 0 3756612 141506 5276571 51800
0 1065 0 0 3763959 141838 5286897 51900
0 1068 0 0 3771392 142100 5297192 52000
0 1070 0 0 3778719 142416 5307556 52100
0 1074 0 0 3786050 142640 5317681 52200
0 1078 0 0 3793421 142876 5328007 52300
0 1082 0 0 3800791 143143 5338389 52400
0 1086 0 0 3808251 143375 5349009 52500
0 1088 0 0 3815659 143640 5359605 52600
0 1092 0 0 3823194 143896 5370507 52700
0 1094 0 0 3830596 144164 5381197 52800
0 1096 0 0 3838170 144405 5392043 52900
0 1098 0 0 3845503 144621 5402304 53000
0 1101 0 0 3852852 144851 5412444 53100
0 1101 0 0 3860198 145092 5422607 53200
0 1103 0 0 3867541 145326 5432597 53300
0 1104 0 0 3874805 145562 5442614 53400
0 1106 0 0 3882112 145830 5452936 53500
0 1109 0 0 3889480 146101 5463116 53600
0 1112 0 0 3896802 146330 5473469 53700
0 1112 0 0 3904200 146581 5483883 53800
0 1116 0 0 3911620 146848 5494255 53900
0 1119 0 0 3919044 147086 5504525 54000
0 1121 0 0 3926339 147415 5514777 54100
0 1126 0 0 3933919 147742 5525395 54200
0 1126 0 0 3941213 148054 5535818 54300
0 1128 0 0 3948658 148378 5546348 54400
0 1129 0 0 3956142 148673 5556866 54500
0 1133 0 0 3963514 148968 5567256 54600
0 1135 0 0 3971046 149273 5577677 54700
0 1136 0 0 3978563 149570 5588133 54800
0 1136 0 0 3985805 149865 5598247 54900
0 1137 0 0 3993322 150232 5608792 55000
0 1138 0 0 4000801 150528 5619127 55100
0 1139 0 0 4008103 150808 5629238 55200
0 1139 0 0 4015450 151147 5639554 55300
0 1140 0 0 4022808 151490 5650015 55400
0 1141 0 0 4030292 151834 5660391 55500
0 1142 0 0 4037667 152112 5670659 55600
0 1143 0 0 4044966 152419 5680816 55700
0 1144 0 0 4052256 152711 5691000 55800
0 1144 0 0 4059566 152952 5700978 55900
0 1146 0 0 4066954 153161 5711025 56000
0 1146 0 0 4074137 153418 5720852 56100
0 1146 0 0 4081523 153682 5730674 56200
0 1148 0 0 4088775 153987 5740407 56300
0 1150 0 0 4095974 154244 5750054 56400
0 1150 0 0 4103307 154482 5759880 56500
0 1150 0 0 4110568 154748 5769892 56600
0 1151 0 0 4117882 154995 5779835 56700
0 1151 0 0 4125244 155246 5789867 56800
0 1153 0 0 4132560 155514 5799910 56900
0 1154 0 0 4139938 155789 5810032 57000
0 1154 0 0 4147158 156059 5819912 57100
0 1154 0 0 4154402 156334 5829712 57200
0 1155 0 0 4161627 156623 5839488 57300
0 1158 0 0 4168919 156925 5849529 57400
0 1158 0 0 4176125 157176 5859520 57500
0 1160 0 0 4183663 157483 5869876 57600
0 1163 0 0 4190953 157811 5880257 57700
0 1164 0 0 4198323 158077 5890677 57800
0 1165 0 0 4205850 158351 5901270 57900
0 1168 0 0 4213203 158677 5911610 58000
0 1170 0 0 4220528 158940 5921873 58100
0 1174 0 0 4227978 159206 5932308 58200
0 1177 0 0 4235426 159455 5942802 58300
0 1180 0 0 4242877 159760 5953476 58400
0 1180 0 0 4250241 160024 5963939 58500
0 1183 0 0 4257557 160266 5974393 58600
0 1186 0 0 4264961 160484 5984895 58700
0 1187 0 0 4272376 160735 5995262 58800
0 1187 0 0 4279696 160978 6005497 58900
0 1189 0 0 4287029 161154 6015452 59000
0 1191 0 0 4294320 161317 6025107 59100
0 1192 0 0 4301548 161499 6034821 59200
0 1195 0 0 4308748 161713 6044497 59300
0 1195 0 0 4316021 161888 6054284 59400
0 1198 0 0 4323291 162067 6063956 59500
0 1199 0 0 4330557 162218 6073567 59600
0 1200 0 0 4337740 162367 6082931 59700
0 1204 0 0 4344873 162549 6092203 59800
0 1210 0 0 4351934 162753 6101384 59900
0 1212 0 0 4359008 162960 6110757 60000
0 1214 0 0 4366182 163139 6120230 60100
0 1214 0 0 4373418 163363 6129838 60200
0 1214 0 0 4380724 163604 6139570 60300
0 1214 0 0 4387964 163808 6149314 60400
0 1215 0 0 4395205 164023 6159109 60500
0 1215 0 0 4402636 164282 6169164 60600
0 1217 0 0 4409790 164523 6178919 60700
0 1218 0 0 4417117 164726 6188838 60800
0 1222 0 0 4424602 164952 6199079 60900
0 1222 0 0 4431880 165220 6209096 61000
0 1226 0 0 4439141 165523 6219239 61100
0 1227 0 0 4446414 165759 6229431 61200
0 1231 0 0 4453821 165968 6239672 61300
0 1233 0 0 4461265 166185 6250002 61400
0 1237 0 0 4468598 166379 6260213 61500
0 1237 0 0 4476022 166543 6270426 61600
0 1238 0 0 4483461 166716 6280440 61700
0 1240 0 0 4490730 166859 6290353 61800
0 1246 0 0 4498172 167011 6300412 61900
0 1247 0 0 4505455 167173 6310530 62000
0 1249 0 0 4512914 167354 6320870 62100
0 1252 0 0 4520396 167475 6330969 62200
0 1254 0 0 4527740 167641 6340932 62300
0 1255 0 0 4535056 167757 6350586 62400
0 1255 0 0 4542235 167891 6360044 62500
0 1257 0 0 4549520 168053 6369604 62600
0 1259 0 0 4556727 168209 6379031 62700
0 1262 0 0 4563895 168365 6388548 62800
0 1266 0 0 4571085 168504 6398011 62900
0 1268 0 0 4578322 168661 6407482 63000
0 1269 0 0 4585492 168851 6417041 63100
0 1273 0 0 4592800 169031 6426648 63200
0 1275 0 0 4600055 169245 6436256 63300
0 1277 0 0 4607138 169463 6445862 63400
0 1279 0 0 4614331 169668 6455710 63500
0 1283 0 0 4621594 169841 6465699 63600
0 1290 0 0 4628871 170069 6475805 63700
0 1292 0 0 4636209 170283 6485998 63800
0 1295 0 0 4643573 170526 6496416 63900
0 1295 0 0 4650832 170755 6506537 64000
0 1298 0 0 4658145 170989 6516707 64100
0 1299 0 0 4665316 171218 6526735 64200
0 1303 0 0 4672619 171482 6536945 64300
0 1306 0 0 4679873 171765 6547049 64400
0 1312 0 0 4687213 172039 6557380 64500
0 1314 0 0 4694539 172317 6567865 64600
0 1315 0 0 4701912 172625 6578481 64700
0 1317 0 0 4709383 172930 6589044 64800
0 1319 0 0 4716716 173216 6599632 64900
0 1320 0 0 4724087 173475 6610368 65000
0 1324 0 0 4731503 173763 6621193 65100
0 1325 0 0 4738996 174142 6632113 65200
0 1328 0 0 4746362 174527 6642707 65300
0 1330 0 0 4753634 174826 6653041 65400
0 1332 0 0 4760772 175128 6663052 65500
0 1333 0 0 4768117 175426 6673253 65600
0 1336 0 0 4775367 175734 6683394 65700
0 1338 0 0 4782458 176010 6693546 65800
0 1341 0 0 4789843 176270 6704016 65900
0 1343 0 0 4797083 176594 6714481 66000
0 1345 0 0 4804314 176896 6724950 66100
0 1346 0 0 4811624 177152 6735231 66200
0 1347 0 0 4819047 177366 6745633 66300
0 1348 0 0 4826334 177593 6755586 66400
0 1348 0 0 4833524 177776 6765284 66500
0 1348 0 0 4840667 178009 6774914 66600
0 1348 0 0 4847809 178230 6784482 66700
0 1349 0 0 4855000 178460 6794072 66800
0 1351 0 0 4862138 178686 6803676 66900
0 1351 0 0 4869356 178887 6813233 67000
0 1353 0 0 4876570 179062 6822644 67100
0 1354 0 0 4883740 179258 6832121 67200
0 1356 0 0 4890811 179419 6841372 67300
0 1358 0 0 4897949 179615 6850635 67400
0 1359 0 0 4905056 179796 6859775 67500
0 1360 0 0 4912252 180021 6869037 67600
0 1362 0 0 4919363 180194 6878208 67700
0 1362 0 0 4926499 180386 6887595 67800
0 1363 0 0 4933713 180548 6897006 67900
0 1364 0 0 4940897 180790 6906403 68000
0 1367 0 0 4948080 181000 6915891 68100
0 1368 0 0 4955280 181166 6925524 68200
0 1372 0 0 4962532 181318 6935015 68300
0 1375 0 0 4969714 181463 6944502 68400
0 1376 0 0 4977001 181646 6954077 68500
0 1378 0 0 4984224 181773 6963548 68600
0 1379 0 0 4991355 181938 6972855 68700
0 1381 0 0 4998523 182129 6982249 68800
0 1382 0 0 5005725 182289 6991707 68900
0 1383 0 0 5012843 182468 7001235 69000
0 1383 0 0 5020126 182663 7011032 69100
0 1385 0 0 5027349 182853 7020758 69200
0 1388 0 0 5034622 183095 7030501 69300
0 1391 0 0 5041922 183328 7040228 69400
0 1391 0 0 5049129 183543 7049956 69500
0 1393 0 0 5056439 183747 7059773 69600
0 1397 0 0 5063713 183993 7069607 69700
0 1398 0 0 5071043 184244 7079509 69800
0 1399 0 0 5078366 184464 7089339 69900
0 1400 0 0 5085637 184695 7099216 70000
0 1400 0 0 5092977 184899 7109189 70100
0 1401 0 0 5100150 185127 7118997 70200
0 1401 0 0 5107560 185392 7129136 70300
0 1403 0 0 5114861 185638 7139307 70400
0 1404 0 0 5122245 185833 7149639 70500
0 1404 0 0 5129518 186095 7159927 70600
0 1406 0 0 5137014 186337 7170454 70700
0 1409 0 0 5144282 186571 7180658 70800
0 1410 0 0 5151707 186791 7190996 70900
0 1411 0 0 5159035 187093 7201419 71000
0 1413 0 0 5166376 187327 7211839 71100
0 1415 0 0 5173759 187621 7222163 71200
0 1416 0 0 5181189 187904 7232692 71300
0 1418 0 0 5188567 188203 7243201 71400
0 1419 0 0 5195971 188489 7253799 71500
0 1422 0 0 5203431 188757 7264345 71600
0 1425 0 0 5210946 189007 7274951 71700
0 1427 0 0 5218311 189241 7285347 71800
0 1430 0 0 5225793 189440 7295981 71900
0 1431 0 0 5233241 189639 7306584 72000
0 1432 0 0 5240674 189870 7317256 72100
0 1432 0 0 5248283 190081 7328041 72200
0 1432 0 0 5255696 190300 7338606 72300
0 1432 0 0 5263132 190488 7349060 72400
0 1433 0 0 5270466 190721 7359305 72500
0 1435 0 0 5277909 190890 7369605 72600
0 1436 0 0 5285241 191124 7379735 72700
0 1437 0 0 5292629 191272 7389938 72800
0 1438 0 0 5299972 191447 7400145 72900
0 1442 0 0 5307257 191646 7410406 73000
0 1443 0 0 5314688 191804 7420700 73100
0 1446 0 0 5322000 192012 7430912 73200
0 1447 0 0 5329523 192175 7441142 73300
0 1448 0 0 5336873 192343 7451088 73400
0 1452 0 0 5344158 192521 7461079 73500
0 1453 0 0 5351587 192741 7471146 73600
0 1456 0 0 5358988 192961 7481222 73700
0 1458 0 0 5366310 193166 7491098 73800
0 1461 0 0 5373614 193350 7500895 73900
0 1462 0 0 5380980 193587 7510893 74000
0 1464 0 0 5388242 193777 7520745 74100
0 1465 0 0 5395752 193977 7530903 74200
0 1467 0 0 5403126 194140 7540971 74300
0 1467 0 0 5410437 194375 7550909 74400
0 1468 0 0 5417802 194595 7560845 74500
0 1469 0 0 5425168 194800 7570762 74600
0 1471 0 0 5432404 195004 7580384 74700
0 1473 0 0 5439747 195158 7590152 74800
0 1476 0 0 5447124 195343 7599911 74900
0 1476 0 0 5454466 195597 7609788 75000
0 1479 0 0 5461768 195801 7619617 75100
0 1479 0 0 5469165 196018 7629390 75200
0 1480 0 0 5476446 196222 7638917 75300
0 1481 0 0 5483751 196436 7648525 75400
0 1482 0 0 5490912 196679 7657980 75500
0 1483 0 0 5498075 196907 7667352 75600
0 1483 0 0 5505232 197170 7676817 75700
0 1485 0 0 5512444 197370 7686339 75800
0 1485 0 0 5519639 197574 7695986 75900
0 1485 0 0 5526961 197793 7705856 76000
0 1486 0 0 5534243 198039 7715690 76100
0 1486 0 0 5541449 198293 7725318 76200
0 1487 0 0 5548718 198591 7735137 76300
0 1487 0 0 5555883 198860 7745000 76400
0 1487 0 0 5563171 199098 7755304 76500
0 1487 0 0 5570501 199413 7765901 76600
0 1488 0 0 5577940 199674 7776442 76700
0 1490 0 0 5585194 199977 7786729 76800
0 1490 0 0 5592618 200212 7796993 76900
0 1491 0 0 5599927 200458 7807161 77000
0 1491 0 0 5607201 200709 7817102 77100
0 1495 0 0 5614405 200956 7826996 77200
0 1496 0 0 5621574 201285 7836972 77300
0 1497 0 0 5628962 201532 7847127 77400
0 1500 0 0 5636177 201818 7857316 77500
0 1501 0 0 5643490 202096 7867623 77600
0 1503 0 0 5650852 202404 7877936 77700
0 1503 0 0 5658115 202727 7888235 77800
0 1509 0 0 5665430 203003 7898501 77900
0 1511 0 0 5672813 203259 7908755 78000
0 1514 0 0 5680171 203505 7919017 78100
0 1515 0 0 5687534 203741 7929184 78200
0 1517 0 0 5694923 204026 7939205 78300
0 1518 0 0 5702164 204246 7948858 78400
0 1521 0 0 5709443 204491 7958716 78500
0 1523 0 0 5716666 204687 7968407 78600
0 1525 0 0 5724046 204905 7978321 78700
0 1527 0 0 5731181 205134 7987966 78800
0 1531 0 0 5738481 205337 7997801 78900
0 1531 0 0 5745738 205624 8007600 79000
0 1534 0 0 5752880 205883 8017315 79100
0 1537 0 0 5760135 206082 8027138 79200
0 1539 0 0 5767392 206255 8036822 79300
0 1542 0 0 5774579 206454 8046463 79400
0 1544 0 0 5781730 206658 8056021 79500
0 1547 0 0 5788858 206835 8065513 79600
0 1548 0 0 5796140 207001 8075334 79700
0 1549 0 0 5803418 207189 8085011 79800
0 1550 0 0 5810511 207369 8094336 79900
0 1551 0 0 5817711 207593 8103782 80000
0 1551 0 0 5824728 207775 8112980 80100
0 1552 0 0 5831941 207966 8122396 80200
0 1552 0 0 5839129 208161 8132000 80300
0 1553 0 0 5846261 208377 8141547 80400
0 1555 0 0 5853479 208573 8151280 80500
0 1555 0 0 5860590 208785 8160882 80600
0 1557 0 0 5867856 208963 8170634 80700
0 1559 0 0 5875062 209206 8180375 80800
0 1559 0 0 5882178 209427 8189935 80900
0 1560 0 0 5889395 209734 8199649 81000
0 1561 0 0 5896582 210021 8209275 81100
0 1561 0 0 5903763 210306 8219121 81200
0 1563 0 0 5911064 210570 8229178 81300
0 1565 0 0 5918343 210808 8239305 81400
0 1567 0 0 5925571 211092 8249448 81500
0 1569 0 0 5932932 211327 8259481 81600
0 1570 0 0 5940137 211582 8269562 81700
0 1572 0 0 5947423 211860 8279754 81800
0 1573 0 0 5954723 212117 8289979 81900
0 1573 0 0 5962144 212390 8300569 82000
0 1575 0 0 5969584 212692 8311044 82100
0 1575 0 0 5976813 212983 8321209 82200
0 1577 0 0 5984081 213234 8331286 82300
0 1577 0 0 5991245 213511 8341256 82400
0 1578 0 0 5998485 213756 8351367 82500
0 1580 0 0 6005752 213968 8361299 82600
0 1584 0 0 6012950 214267 8371215 82700
0 1588 0 0 6020135 214541 8381061 82800
0 1588 0 0 6027269 214837 8390701 82900
0 1591 0 0 6034491 215070 8400445 83000
0 1594 0 0 6041804 215336 8410331 83100
0 1597 0 0 6048882 215632 8420085 83200
0 1601 0 0 6056264 215890 8430199 83300
0 1601 0 0 6063583 216165 8440381 83400
0 1604 0 0 6070994 216461 8450803 83500
0 1609 0 0 6078391 216695 8460884 83600
0 1610 0 0 6085702 216957 8470859 83700
0 1610 0 0 6093025 217219 8480862 83800
0 1612 0 0 6100243 217491 8490816 83900
0 1613 0 0 6107474 217813 8500715 84000
0 1615 0 0 6114830 218088 8510808 84100
0 1618 0 0 6122060 218320 8520626 84200
0 1619 0 0 6129193 218564 8530295 84300
0 1623 0 0 6136432 218768 8540079 84400
0 1625 0 0 6143583 219038 8549773 84500
0 1625 0 0 6150796 219268 8559335 84600
0 1629 0 0 6157951 219533 8568999 84700
0 1629 0 0 6165060 219782 8578379 84800
0 1630 0 0 6172300 219969 8587850 84900
0 1631 0 0 6179473 220179 8597451 85000
0 1633 0 0 6186730 220405 8607221 85100
0 1633 0 0 6193872 220616 8616862 85200
0 1634 0 0 6201188 220827 8626721 85300
0 1635 0 0 6208362 221055 8636502 85400
0 1636 0 0 6215674 221311 8646434 85500
0 1638 0 0 6222839 221529 8655981 85600
0 1639 0 0 6230178 221761 8665490 85700
0 1639 0 0 6237348 221958 8674875 85800
0 1639 0 0 6244472 222156 8684182 85900
0 1641 0 0 6251586 222396 8693528 86000
0 1641 0 0 6258829 222608 8703007 86100
0 1643 0 0 6265999 222795 8712441 86200
0 1645 0 0 6273291 222990 8721995 86300
0 1645 0 0 6280496 223135 8731331 86400
0 1646 0 0 6287677 223356 8740731 86500
0 1648 0 0 6294885 223592 8750136 86600
0 1650 0 0 6302204 223792 8759845 86700
0 1651 0 0 6309540 223973 8769504 86800
0 1653 0 0 6316769 224207 8779296 86900
0 1655 0 0 6324032 224431 8788965 87000
0 1655 0 0 6331274 224684 8798767 87100
0 1658 0 0 6338560 224926 8808585 87200
0 1660 0 0 6345902 225136 8818381 87300
0 1661 0 0 6353077 225384 8828053 87400
0 1663 0 0 6360340 225601 8837964 87500
0 1665 0 0 6367583 225811 8847991 87600
0 1667 0 0 6374844 226033 8857941 87700
0 1669 0 0 6382161 226276 8868091 87800
0 1670 0 0 6389396 226511 8878295 87900
0 1671 0 0 6396715 226741 8888493 88000
0 1672 0 0 6403989 226974 8898742 88100
0 1672 0 0 6411211 227207 8908900 88200
0 1673 0 0 6418508 227490 8919015 88300
0 1674 0 0 6425944 227674 8929110 88400
0 1674 0 0 6433172 227930 8939011 88500
0 1674 0 0 6440428 228187 8948965 88600
0 1674 0 0 6447633 228356 8958728 88700
0 1674 0 0 6454899 228590 8968460 88800
0 1674 0 0 6462201 228844 8978313 88900
0 1675 0 0 6469242 229066 8987823 89000
0 1676 0 0 6476545 229314 8997631 89100
0 1678 0 0 6483737 229534 9007444 89200
0 1681 0 0 6490872 229797 9017131 89300
0 1683 0 0 6498100 230025 9026999 89400
0 1685 0 0 6505336 230308 9036813 89500
0 1689 0 0 6512493 230505 9046652 89600
0 1691 0 0 6519902 230759 9057070 89700
0 1698 0 0 6527157 231020 9067337 89800
0 1698 0 0 6534524 231209 9077596 89900
0 1701 0 0 6541866 231443 9087849 90000
0 1703 0 0 6549061 231694 9098078 90100
0 1707 0 0 6556428 231948 9108356 90200
0 1708 0 0 6563671 232170 9118418 90300
0 1709 0 0 6571026 232381 9128463 90400
0 1711 0 0 6578244 232562 9138252 90500
0 1714 0 0 6585435 232772 9147898 90600
0 1716 0 0 6592637 232980 9157629 90700
0 1718 0 0 6599990 233237 9167460 90800
0 1719 0 0 6607228 233461 9177429 90900
0 1722 0 0 6614609 233679 9187412 91000
0 1723 0 0 6621891 233919 9197304 91100
0 1724 0 0 6629131 234140 9206999 91200
0 1727 0 0 6636483 234365 9216932 91300
0 1729 0 0 6643613 234555 9226756 91400
0 1729 0 0 6650880 234754 9236634 91500
0 1731 0 0 6658099 234977 9246576 91600
0 1733 0 0 6665456 235197 9256739 91700
0 1733 0 0 6672653 235381 9266675 91800
0 1734 0 0 6679926 235571 9276537 91900
0 1736 0 0 6686985 235733 9286011 92000
0 1736 0 0 6694231 235906 9295496 92100
0 1737 0 0 6701358 236087 9304910 92200
0 1738 0 0 6708495 236281 9314206 92300
0 1739 0 0 6715712 236456 9323367 92400
0 1740 0 0 6722834 236662 9332612 92500
0 1742 0 0 6729929 236867 9341909 92600
0 1745 0 0 6737077 237035 9351192 92700
0 1746 0 0 6744153 237231 9360560 92800
0 1750 0 0 6751346 237428 9370025 92900
0 1753 0 0 6758548 237637 9379492 93000
0 1755 0 0 6765779 237810 9389077 93100
0 1756 0 0 6772975 238008 9398543 93200
0 1758 0 0 6780264 238210 9408092 93300
0 1761 0 0 6787422 238410 9417598 93400
0 1763 0 0 6794669 238562 9427096 93500
0 1764 0 0 6801891 238751 9436627 93600
0 1764 0 0 6809105 238905 9446061 93700
0 1765 0 0 6816334 239106 9455393 93800
0 1765 0 0 6823536 239244 9464602 93900
0 1766 0 0 6830620 239394 9473665 94000
0 1767 0 0 6837804 239560 9482873 94100
0 1768 0 0 6844990 239717 9492163 94200
0 1769 0 0 6852096 239851 9501281 94300
0 1770 0 0 6859257 240033 9510620 94400
0 1771 0 0 6866443 240197 9519938 94500
0 1773 0 0 6873618 240365 9529183 94600
0 1774 0 0 6880861 240511 9538631 94700
0 1774 0 0 6888171 240711 9548323 94800
0 1777 0 0 6895410 240936 9557892 94900
0 1778 0 0 6902469 241126 9567472 95000
0 1779 0 0 6909762 241334 9577307 95100
0 1782 0 0 6917052 241537 9587265 95200
0 1783 0 0 6924367 241747 9597200 95300
0 1784 0 0 6931553 241970 9607158 95400
0 1785 0 0 6938804 242185 9617036 95500
0 1786 0 0 6946163 242425 9627284 95600
0 1786 0 0 6953464 242660 9637390 95700
0 1789 0 0 6960699 242956 9647687 95800
0 1789 0 0 6968022 243208 9657819 95900
0 1793 0 0 6975403 243506 9668151 96000
0 1793 0 0 6982692 243782 9678488 96100
0 1796 0 0 6990079 244065 9688939 96200
0 1797 0 0 6997346 244355 9699253 96300
0 1799 0 0 7004757 244646 9709778 96400
0 1800 0 0 7012118 244927 9720291 96500
0 1800 0 0 7019458 245263 9730947 96600
0 1802 0 0 7026896 245503 9741447 96700
0 1802 0 0 7034243 245766 9751811 96800
0 1804 0 0 7041595 246020 9761970 96900
0 1804 0 0 7048772 246315 9771980 97000
0 1804 0 0 7056150 246534 9781898 97100
0 1806 0 0 7063393 246832 9791934 97200
0 1806 0 0 7070651 247105 9802081 97300
0 1807 0 0 7077908 247406 9812247 97400
0 1807 0 0 7085278 247687 9822579 97500
0 1807 0 0 7092565 247909 9832725 97600
0 1810 0 0 7099736 248123 9842666 97700
0 1811 0 0 7107047 248378 9852697 97800
0 1812 0 0 7114268 248633 9862525 97900
0 1813 0 0 7121463 248865 9872376 98000
0 1814 0 0 7128726 249109 9882404 98100
0 1815 0 0 7136007 249371 9892332 98200
0 1818 0 0 7143211 249635 9902221 98300
0 1819 0 0 7150367 249959 9912144 98400
0 1820 0 0 7157687 250281 9922357 98500
0 1823 0 0 7164992 250592 9932668 98600
0 1824 0 0 7172280 250838 9942840 98700
0 1827 0 0 7179563 251150 9952927 98800
0 1828 0 0 7186813 251457 9962951 98900
0 1829 0 0 7194083 251812 9973183 99000
0 1832 0 0 7201231 252214 9983421 99100
0 1833 0 0 7208581 252599 9993696 99200
0 1834 0 0 7215859 252899 10003764 99300
0 1838 0 0 7222948 253190 10013685 99400
0 1840 0 0 7230139 253473 10023556 99500
0 1843 0 0 7237376 253827 10033840 99600
0 1845 0 0 7244656 254176 10044170 99700
0 1847 0 0 7251836 254545 10054391 99800
0 1851 0 0 7259237 254934 10064958 99900
0 1853 0 0 7266654 255313 10075674 100000
0 1855 0 0 7273912 255681 10086138 100100
0 1859 0 0 7281252 256020 10096669 100200
0 1859 0 0 7288533 256336 10107279 100300
0 1863 0 0 7295788 256714 10118050 100400
0 1864 0 0 7303169 257036 10128772 100500
0 1866 0 0 7310534 257325 10139249 100600
0 1869 0 0 7317838 257608 10149637 100700
0 1871 0 0 7325231 257889 10160267 100800
0 1871 0 0 7332612 258183 10170894 100900
0 1872 0 0 7340111 258465 10181604 101000
0 1874 0 0 7347525 258662 10191900 101100
0 1879 0 0 7355011 258955 10202300 101200
0 1882 0 0 7362317 259251 10212494 101300
0 1883 0 0 7369708 259497 10222671 101400
0 1884 0 0 7376981 259718 10232781 101500
0 1886 0 0 7384532 259930 10243040 101600
0 1887 0 0 7391850 260184 10253163 101700
0 1887 0 0 7399199 260392 10263219 101800
0 1888 0 0 7406557 260624 10273368 101900
0 1890 0 0 7413817 260831 10283397 102000
0 1891 0 0 7421261 261046 10293697 102100
0 1892 0 0 7428579 261270 10303740 102200
0 1894 0 0 7435945 261489 10313838 102300
0 1894 0 0 7443117 261713 10323610 102400
0 1898 0 0 7450365 261920 10333336 102500
0 1900 0 0 7457628 262154 10342895 102600
0 1902 0 0 7464889 262378 10352698 102700
0 1903 0 0 7471994 262583 10362295 102800
0 1903 0 0 7479403 262841 10372279 102900
0 1903 0 0 7486566 263043 10381861 103000
0 1904 0 0 7493956 263311 10391807 103100
0 1905 0 0 7501141 263595 10401656 103200
0 1906 0 0 7508328 263827 10411451 103300
0 1907 0 0 7515737 264090 10421651 103400
0 1909 0 0 7523030 264355 10431900 103500
0 1910 0 0 7530363 264673 10442283 103600
0 1911 0 0 7537751 264980 10452708 103700
0 1913 0 0 7545067 265247 10463190 103800
0 1916 0 0 7552441 265510 10473830 103900
0 1917 0 0 7559801 265775 10484369 104000
0 1917 0 0 7567255 266054 10495065 104100
0 1919 0 0 7574585 266315 10505376 104200
0 1920 0 0 7581975 266586 10515789 104300
0 1923 0 0 7589263 266857 10526003 104400
0 1924 0 0 7596576 267121 10536194 104500
0 1926 0 0 7603697 267395 10546114 104600
0 1926 0 0 7610958 267655 10556254 104700
0 1927 0 0 7618133 267927 10566395 104800
0 1928 0 0 7625386 268156 10576519 104900
0 1929 0 0 7632727 268424 10586839 105000
0 1931 0 0 7639837 268681 10596771 105100
0 1932 0 0 7647000 268935 10606617 105200
0 1933 0 0 7654232 269154 10616317 105300
0 1933 0 0 7661461 269440 10626188 105400
0 1935 0 0 7668549 269728 10635996 105500
0 1937 0 0 7675688 269990 10645738 105600
0 1938 0 0 7682741 270217 10655411 105700
0 1939 0 0 7689898 270424 10665202 105800
0 1939 0 0 7697116 270646 10675136 105900
0 1941 0 0 7704280 270879 10685018 106000
0 1944 0 0 7711548 271084 10694996 106100
0 1946 0 0 7718775 271279 10704861 106200
0 1950 0 0 7725991 271526 10714811 106300
0 1951 0 0 7733235 271762 10724529 106400
0 1956 0 0 7740379 271984 10734053 106500
0 1960 0 0 7747521 272231 10743614 106600
0 1962 0 0 7754751 272466 10753243 106700
0 1967 0 0 7762034 272685 10762975 106800
0 1968 0 0 7769207 272929 10772754 106900
0 1969 0 0 7776524 273182 10782814 107000
0 1972 0 0 7783797 273352 10792687 107100
0 1973 0 0 7791024 273570 10802531 107200
0 1975 0 0 7798312 273791 10812448 107300
0 1977 0 0 7805603 273999 10822348 107400
0 1977 0 0 7812757 274243 10832174 107500
0 1978 0 0 7819975 274483 10841965 107600
0 1979 0 0 7827310 274699 10851830 107700
0 1980 0 0 7834458 274963 10861650 107800
0 1980 0 0 7841658 275199 10871451 107900
0 1981 0 0 7848867 275464 10881116 108000
0 1982 0 0 7856154 275727 10891027 108100
0 1983 0 0 7863451 275991 10900814 108200
0 1984 0 0 7870706 276230 10910439 108300
0 1984 0 0 7877863 276510 10920155 108400
0 1985 0 0 7884929 276810 10929811 108500
0 1986 0 0 7892194 277088 10939677 108600
0 1986 0 0 7899492 277398 10949711 108700
0 1987 0 0 7906772 277707 10959701 108800
0 1987 0 0 7914156 278061 10970001 108900
0 1988 0 0 7921335 278365 10980024 109000
0 1988 0 0 7928571 278733 10990291 109100
0 1989 0 0 7935980 279083 11000708 109200
0 1990 0 0 7943253 279356 11011018 109300
0 1991 0 0 7950693 279660 11021633 109400
0 1992 0 0 7958006 280000 11032196 109500
0 1994 0 0 7965366 280324 11042907 109600
0 1996 0 0 7972631 280621 11053735 109700
0 1997 0 0 7980097 280929 11064650 109800
0 1998 0 0 7987542 281227 11075598 109900
0 1999 0 0 7994984 281549 11086718 110000
0 2000 0 0 8002364 281877 11097705 110100
0 2002 0 0 8009741 282205 11108525 110200
0 2002 0 0 8017196 282540 11119487 110300
0 2006 0 0 8024622 282941 11130481 110400
0 2007 0 0 8032023 283246 11141437 110500
0 2007 0 0 8039493 283578 11152528 110600
0 2008 0 0 8047024 283920 11163630 110700
0 2008 0 0 8054665 284332 11174584 110800
0 2008 0 0 8061917 284653 11184977 110900
0 2010 0 0 8069400 284968 11195758 111000
0 2011 0 0 8076847 285226 11206877 111100
0 2012 0 0 8084351 285467 11217883 111200
0 2014 0 0 8091928 285711 11228728 111300
0 2015 0 0 8099353 286005 11239509 111400
0 2018 0 0 8106848 286294 11250399 111500
0 2019 0 0 8114304 286516 11261221 111600
0 2020 0 0 8121771 286730 11271926 111700
0 2021 0 0 8129219 287001 11282643 111800
0 2021 0 0 8136672 287224 11293324 111900
0 2024 0 0 8144137 287463 11303864 112000
0 2025 0 0 8151572 287676 11314210 112100
0 2026 0 0 8158903 287931 11324321 112200
0 2029 0 0 8166254 288158 11334427 112300
0 2029 0 0 8173563 288389 11344392 112400
0 2031 0 0 8180843 288609 11354375 112500
0 2034 0 0 8188201 288896 11364423 112600
0 2035 0 0 8195492 289165 11374500 112700
0 2037 0 0 8202799 289375 11384696 112800
0 2037 0 0 8210228 289563 11394839 112900
0 2041 0 0 8217492 289809 11404787 113000
0 2042 0 0 8224925 290018 11414706 113100
0 2043 0 0 8232194 290201 11424458 113200
0 2046 0 0 8239477 290404 11434244 113300
0 2047 0 0 8246701 290583 11443959 113400
0 2050 0 0 8254049 290778 11453825 113500
0 2054 0 0 8261374 290977 11463428 113600
0 2055 0 0 8268503 291139 11472769 113700
0 2056 0 0 8275742 291292 11482034 113800
0 2057 0 0 8282957 291422 11491423 113900
0 2060 0 0 8289999 291573 11500644 114000
0 2061 0 0 8297149 291738 11509915 114100
0 2063 0 0 8304261 291890 11519307 114200
0 2064 0 0 8311456 292098 11529023 114300
0 2064 0 0 8318729 292256 11538883 114400
0 2068 0 0 8326042 292413 11548861 114500
0 2069 0 0 8333350 292567 11558839 114600
0 2069 0 0 8340513 292728 11568610 114700
0 2072 0 0 8347850 292903 11578380 114800
0 2073 0 0 8355057 293039 11587954 114900
0 2075 0 0 8362281 293213 11597523 115000
0 2078 0 0 8369567 293356 11607186 115100
0 2080 0 0 8376759 293497 11616815 115200
0 2083 0 0 8383927 293637 11626374 115300
0 2086 0 0 8391360 293816 11636267 115400
0 2087 0 0 8398539 293998 11645810 115500
0 2088 0 0 8405728 294190 11655338 115600
0 2090 0 0 8412997 294426 11664988 115700
0 2090 0 0 8420160 294635 11674515 115800
0 2093 0 0 8427407 294801 11684198 115900
0 2094 0 0 8434735 294985 11694048 116000
0 2097 0 0 8442135 295147 11703905 116100
0 2098 0 0 8449415 295339 11713817 116200
0 2099 0 0 8456582 295536 11723455 116300
0 2099 0 0 8463954 295725 11733347 116400
0 2101 0 0 8471251 295934 11743135 116500
0 2101 0 0 8478654 296131 11753177 116600
0 2101 0 0 8486019 296287 11762937 116700
0 2102 0 0 8493303 296453 11772710 116800
0 2104 0 0 8500565 296660 11782332 116900
0 2104 0 0 8507859 296849 11791926 117000
0 2106 0 0 8515049 297002 11801328 117100
0 2106 0 0 8522247 297193 11810805 117200
0 2107 0 0 8529531 297371 11820523 117300
0 2107 0 0 8536672 297588 11830102 117400
0 2108 0 0 8543935 297829 11839869 117500
0 2109 0 0 8551057 298027 11849667 117600
0 2110 0 0 8558333 298236 11859573 117700
0 2110 0 0 8565650 298459 11869554 117800
0 2113 0 0 8572816 298717 11879356 117900
0 2113 0 0 8580091 298931 11889219 118000
0 2115 0 0 8587338 299192 11898994 118100
0 2117 0 0 8594548 299441 11908876 118200
0 2118 0 0 8601805 299681 11918926 118300
0 2121 0 0 8609094 299915 11929033 118400
0 2121 0 0 8616337 300174 11939071 118500
0 2122 0 0 8623623 300450 11949265 118600
0 2124 0 0 8630961 300735 11959495 118700
0 2126 0 0 8638107 301025 11969630 118800
0 2127 0 0 8645329 301334 11980108 118900
0 2128 0 0 8652715 301657 11990782 119000
0 2129 0 0 8660129 302008 12001523 119100
0 2131 0 0 8667494 302324 12012354 119200
0 2132 0 0 8674875 302615 12023151 119300
0 2136 0 0 8682263 302942 12034088 119400
0 2137 0 0 8689687 303190 12044880 119500
0 2139 0 0 8697092 303538 12055806 119600
0 2142 0 0 8704625 303815 12066880 119700
0 2147 0 0 8712157 304134 12077986 119800
0 2149 0 0 8719597 304482 12089173 119900
