0 0 3 0 0 0
0 0 3 0 0 100
0 0 3 0 0 200
0 0 4 0 0 300
0 0 5 0 0 400
0 0 7 0 0 500
0 0 8 0 0 600
0 0 9 0 0 700
0 0 11 0 0 800
0 0 15 0 0 900
0 0 17 0 0 1000
0 0 24 0 0 1100
0 0 26 0 0 1200
0 0 34 0 0 1300
0 0 41 0 0 1400
0 0 50 0 0 1500
0 0 56 0 0 1600
0 0 66 0 0 1700
0 0 78 0 0 1800
0 0 96 0 0 1900
0 0 107 0 0 2000
0 0 119 0 0 2100
0 0 132 0 0 2200
1 0 142 0 0 2300
2 0 161 0 0 2400
2 0 173 0 0 2500
3 0 196 0 0 2600
3 0 207 0 0 2700
3 0 219 0 0 2800
4 0 234 0 0 2900
5 0 253 0 0 3000
7 0 260 0 0 3100
7 0 275 0 0 3200
8 0 288 0 0 3300
8 0 298 0 0 3400
9 0 314 0 0 3500
9 0 334 0 0 3600
10 0 347 0 0 3700
12 0 365 0 0 3800
12 0 376 0 0 3900
12 0 395 0 0 4000
13 0 410 0 0 4100
13 0 426 0 0 4200
14 0 443 0 0 4300
16 0 456 0 0 4400
17 0 463 0 0 4500
20 0 477 0 0 4600
23 0 484 0 0 4700
23 0 490 0 0 4800
24 0 504 0 0 4900
25 0 517 0 0 5000
26 0 529 0 0 5100
27 0 549 0 0 5200
31 0 564 0 0 5300
32 0 579 0 0 5400
32 0 591 0 0 5500
33 0 607 0 0 5600
36 0 619 0 0 5700
36 0 634 0 0 5800
37 0 649 0 0 5900
37 0 659 0 0 6000
37 0 672 0 0 6100
37 0 682 0 0 6200
38 0 692 0 0 6300
38 0 703 0 0 6400
40 0 712 0 0 6500
41 0 723 0 0 6600
41 0 736 0 0 6700
41 0 750 0 0 6800
41 0 762 0 0 6900
41 0 771 0 0 7000
41 0 786 0 0 7100
42 0 791 0 0 7200
42 0 802 0 0 7300
42 0 813 0 0 7400
42 0 827 0 0 7500
42 0 835 0 0 7600
43 0 848 0 0 7700
43 0 858 0 0 7800
44 0 871 0 0 7900
46 0 883 0 0 8000
47 0 895 0 0 8100
47 0 906 0 0 8200
48 0 923 0 0 8300
48 0 930 0 0 8400
48 0 947 0 0 8500
48 0 965 0 0 8600
51 0 974 0 0 8700
51 0 985 0 0 8800
53 0 999 0 0 8900
55 0 1008 0 0 9000
56 0 1022 0 0 9100
56 0 1037 0 0 9200
58 0 1051 0 0 9300
59 0 1064 0 0 9400
59 0 1081 0 0 9500
60 0 1099 0 0 9600
61 0 1108 0 0 9700
61 0 1121 0 0 9800
62 0 1129 0 0 9900
62 0 1136 0 0 10000
62 0 1145 0 0 10100
63 0 1156 0 0 10200
63 0 1161 0 0 10300
63 0 1173 0 0 10400
63 0 1182 0 0 10500
63 0 1190 0 0 10600
63 0 1199 0 0 10700
63 0 1205 0 0 10800
63 0 1216 0 0 10900
65 0 1230 0 0 11000
65 0 1238 0 0 11100
65 0 1250 0 0 11200
66 0 1260 0 0 11300
66 0 1270 0 0 11400
67 0 1285 0 0 11500
68 0 1296 0 0 11600
70 0 1304 0 0 11700
70 0 1317 0 0 11800
72 0 1329 0 0 11900
72 0 1343 0 0 12000
72 0 1355 0 0 12100
72 0 1364 0 0 12200
73 0 1372 0 0 12300
73 0 1385 0 0 12400
73 0 1396 0 0 12500
73 0 1405 0 0 12600
73 0 1410 0 0 12700
73 0 1423 0 0 12800
73 0 1433 0 0 12900
74 0 1444 0 0 13000
75 0 1454 0 0 13100
76 0 1460 0 0 13200
76 0 1469 0 0 13300
76 0 1481 0 0 13400
77 0 1487 0 0 13500
77 0 1496 0 0 13600
77 0 1512 0 0 13700
78 0 1521 0 0 13800
78 0 1533 0 0 13900
79 0 1539 0 0 14000
80 0 1548 0 0 14100
82 0 1560 0 0 14200
82 0 1570 0 0 14300
84 0 1587 0 0 14400
87 0 1596 0 0 14500
87 0 1600 0 0 14600
88 0 1608 0 0 14700
89 0 1619 0 0 14800
90 0 1626 0 0 14900
91 0 1633 0 0 15000
93 0 1643 0 0 15100
95 0 1652 0 0 15200
96 0 1663 0 0 15300
96 0 1672 0 0 15400
96 0 1685 0 0 15500
96 0 1694 0 0 15600
96 0 1711 0 0 15700
96 0 1722 0 0 15800
96 0 1735 0 0 15900
96 0 1745 0 0 16000
96 0 1754 0 0 16100
96 0 1766 0 0 16200
97 0 1771 0 0 16300
97 0 1779 0 0 16400
98 0 1789 0 0 16500
100 0 1793 0 0 16600
101 0 1803 0 0 16700
101 0 1812 0 0 16800
102 0 1822 0 0 16900
103 0 1827 0 0 17000
104 0 1833 0 0 17100
107 0 1840 0 0 17200
107 0 1848 0 0 17300
107 0 1857 0 0 17400
107 0 1868 0 0 17500
107 0 1877 0 0 17600
109 0 1888 0 0 17700
109 0 1896 0 0 17800
109 0 1901 0 0 17900
110 0 1911 0 0 18000
110 0 1921 0 0 18100
110 0 1930 0 0 18200
111 0 1936 0 0 18300
111 0 1945 0 0 18400
112 0 1953 0 0 18500
112 0 1958 0 0 18600
113 0 1969 0 0 18700
113 0 1977 0 0 18800
113 0 1983 0 0 18900
113 0 1992 0 0 19000
113 0 2011 0 0 19100
114 0 2021 0 0 19200
114 0 2029 0 0 19300
114 0 2037 0 0 19400
115 0 2046 0 0 19500
116 0 2055 0 0 19600
116 0 2063 0 0 19700
117 0 2074 0 0 19800
117 0 2081 0 0 19900
118 0 2084 0 0 20000
119 0 2092 0 0 20100
119 0 2099 0 0 20200
120 0 2111 0 0 20300
120 0 2119 0 0 20400
120 0 2130 0 0 20500
122 0 2140 0 0 20600
125 0 2147 0 0 20700
125 0 2157 0 0 20800
127 0 2160 0 0 20900
127 0 2168 0 0 21000
128 0 2178 0 0 21100
128 0 2186 0 0 21200
129 0 2194 0 0 21300
129 0 2201 0 0 21400
130 0 2207 0 0 21500
130 0 2214 0 0 21600
132 0 2221 0 0 21700
132 0 2228 0 0 21800
132 0 2238 0 0 21900
132 0 2247 0 0 22000
133 0 2252 0 0 22100
134 0 2269 0 0 22200
135 0 2276 0 0 22300
136 0 2280 0 0 22400
137 0 2291 0 0 22500
137 0 2297 0 0 22600
138 0 2301 0 0 22700
140 0 2309 0 0 22800
141 0 2320 0 0 22900
141 0 2324 0 0 23000
141 0 2330 0 0 23100
141 0 2337 0 0 23200
141 0 2343 0 0 23300
142 0 2348 0 0 23400
142 0 2353 0 0 23500
142 0 2359 0 0 23600
142 0 2370 0 0 23700
143 0 2377 0 0 23800
144 0 2387 0 0 23900
145 0 2397 0 0 24000
146 0 2407 0 0 24100
147 0 2414 0 0 24200
147 0 2428 0 0 24300
147 0 2439 0 0 24400
147 0 2443 0 0 24500
147 0 2450 0 0 24600
147 0 2456 0 0 24700
147 0 2461 0 0 24800
147 0 2463 0 0 24900
147 0 2471 0 0 25000
147 0 2479 0 0 25100
147 0 2481 0 0 25200
149 0 2490 0 0 25300
149 0 2494 0 0 25400
149 0 2503 0 0 25500
149 0 2512 0 0 25600
149 0 2513 0 0 25700
149 0 2521 0 0 25800
149 0 2531 0 0 25900
149 0 2537 0 0 26000
149 0 2543 0 0 26100
150 0 2549 0 0 26200
151 0 2557 0 0 26300
151 0 2563 0 0 26400
151 0 2571 0 0 26500
151 0 2576 0 0 26600
151 0 2583 0 0 26700
151 0 2592 0 0 26800
151 0 2598 0 0 26900
153 0 2604 0 0 27000
155 0 2612 0 0 27100
155 0 2619 0 0 27200
156 0 2630 0 0 27300
156 0 2634 0 0 27400
156 0 2640 0 0 27500
156 0 2648 0 0 27600
157 0 2655 0 0 27700
159 0 2662 0 0 27800
160 0 2667 0 0 27900
161 0 2673 0 0 28000
162 0 2679 0 0 28100
163 0 2682 0 0 28200
163 0 2688 0 0 28300
164 0 2694 0 0 28400
167 0 2704 0 0 28500
167 0 2711 0 0 28600
167 0 2721 0 0 28700
167 0 2727 0 0 28800
170 0 2732 0 0 28900
171 0 2740 0 0 29000
172 0 2746 0 0 29100
172 0 2750 0 0 29200
174 0 2755 0 0 29300
175 0 2761 0 0 29400
176 0 2772 0 0 29500
176 0 2784 0 0 29600
176 0 2788 0 0 29700
176 0 2793 0 0 29800
177 0 2801 0 0 29900
180 0 2807 0 0 30000
181 0 2812 0 0 30100
181 0 2820 0 0 30200
184 0 2824 0 0 30300
186 0 2830 0 0 30400
186 0 2839 0 0 30500
187 0 2846 0 0 30600
188 0 2855 0 0 30700
189 0 2863 0 0 30800
192 0 2874 0 0 30900
192 0 2881 0 0 31000
193 0 2894 0 0 31100
193 0 2898 0 0 31200
195 0 2903 0 0 31300
195 0 2912 0 0 31400
196 0 2918 0 0 31500
196 0 2924 0 0 31600
196 0 2933 0 0 31700
196 0 2943 0 0 31800
196 0 2946 0 0 31900
198 0 2957 0 0 32000
200 0 2965 0 0 32100
201 0 2971 0 0 32200
201 0 2982 0 0 32300
201 0 2994 0 0 32400
201 0 3003 0 0 32500
202 0 3013 0 0 32600
202 0 3021 0 0 32700
204 0 3030 0 0 32800
205 0 3035 0 0 32900
206 0 3040 0 0 33000
207 0 3044 0 0 33100
207 0 3052 0 0 33200
208 0 3060 0 0 33300
209 0 3064 0 0 33400
209 0 3073 0 0 33500
210 0 3081 0 0 33600
210 0 3088 0 0 33700
210 0 3094 0 0 33800
210 0 3101 0 0 33900
211 0 3104 0 0 34000
212 0 3110 0 0 34100
212 0 3115 0 0 34200
213 0 3124 0 0 34300
213 0 3135 0 0 34400
214 0 3140 0 0 34500
214 0 3147 0 0 34600
215 0 3155 0 0 34700
215 0 3162 0 0 34800
216 0 3166 0 0 34900
216 0 3177 0 0 35000
217 0 3185 0 0 35100
218 0 3192 0 0 35200
219 0 3196 0 0 35300
220 0 3202 0 0 35400
220 0 3209 0 0 35500
221 0 3215 0 0 35600
222 0 3218 0 0 35700
224 0 3222 0 0 35800
224 0 3225 0 0 35900
225 0 3234 0 0 36000
226 0 3240 0 0 36100
227 0 3243 0 0 36200
229 0 3248 0 0 36300
229 0 3256 0 0 36400
230 0 3261 0 0 36500
230 0 3271 0 0 36600
230 0 3277 0 0 36700
230 0 3278 0 0 36800
231 0 3286 0 0 36900
233 0 3296 0 0 37000
233 0 3303 0 0 37100
235 0 3306 0 0 37200
235 0 3320 0 0 37300
235 0 3324 0 0 37400
235 0 3336 0 0 37500
237 0 3344 0 0 37600
238 0 3348 0 0 37700
240 0 3358 0 0 37800
241 0 3362 0 0 37900
241 0 3368 0 0 38000
242 0 3373 0 0 38100
244 0 3378 0 0 38200
244 0 3384 0 0 38300
244 0 3389 0 0 38400
246 0 3397 0 0 38500
246 0 3403 0 0 38600
246 0 3407 0 0 38700
247 0 3414 0 0 38800
247 0 3419 0 0 38900
248 0 3426 0 0 39000
248 0 3430 0 0 39100
249 0 3441 0 0 39200
250 0 3446 0 0 39300
251 0 3453 0 0 39400
252 0 3457 0 0 39500
252 0 3462 0 0 39600
252 0 3469 0 0 39700
254 0 3473 0 0 39800
254 0 3478 0 0 39900
254 0 3482 0 0 40000
254 0 3487 0 0 40100
255 0 3495 0 0 40200
256 0 3502 0 0 40300
256 0 3507 0 0 40400
256 0 3520 0 0 40500
258 0 3525 0 0 40600
258 0 3527 0 0 40700
258 0 3536 0 0 40800
260 0 3539 0 0 40900
261 0 3540 0 0 41000
262 0 3551 0 0 41100
263 0 3556 0 0 41200
263 0 3560 0 0 41300
263 0 3566 0 0 41400
263 0 3573 0 0 41500
265 0 3578 0 0 41600
266 0 3583 0 0 41700
267 0 3586 0 0 41800
267 0 3598 0 0 41900
267 0 3607 0 0 42000
267 0 3617 0 0 42100
267 0 3623 0 0 42200
268 0 3631 0 0 42300
269 0 3639 0 0 42400
269 0 3648 0 0 42500
269 0 3653 0 0 42600
271 0 3662 0 0 42700
271 0 3665 0 0 42800
271 0 3669 0 0 42900
272 0 3672 0 0 43000
273 0 3676 0 0 43100
273 0 3683 0 0 43200
278 0 3686 0 0 43300
278 0 3689 0 0 43400
278 0 3693 0 0 43500
279 0 3696 0 0 43600
281 0 3703 0 0 43700
282 0 3708 0 0 43800
283 0 3713 0 0 43900
285 0 3715 0 0 44000
286 0 3724 0 0 44100
286 0 3726 0 0 44200
288 0 3735 0 0 44300
288 0 3739 0 0 44400
288 0 3749 0 0 44500
288 0 3752 0 0 44600
288 0 3757 0 0 44700
289 0 3762 0 0 44800
290 0 3768 0 0 44900
290 0 3773 0 0 45000
292 0 3779 0 0 45100
293 0 3785 0 0 45200
293 0 3790 0 0 45300
294 0 3800 0 0 45400
294 0 3802 0 0 45500
295 0 3809 0 0 45600
296 0 3810 0 0 45700
297 0 3813 0 0 45800
297 0 3820 0 0 45900
298 0 3826 0 0 46000
298 0 3834 0 0 46100
298 0 3840 0 0 46200
298 0 3843 0 0 46300
299 0 3848 0 0 46400
300 0 3855 0 0 46500
300 0 3860 0 0 46600
300 0 3863 0 0 46700
301 0 3867 0 0 46800
302 0 3872 0 0 46900
303 0 3882 0 0 47000
303 0 3886 0 0 47100
303 0 3896 0 0 47200
304 0 3902 0 0 47300
304 0 3908 0 0 47400
306 0 3914 0 0 47500
308 0 3921 0 0 47600
308 0 3929 0 0 47700
310 0 3937 0 0 47800
312 0 3940 0 0 47900
313 0 3943 0 0 48000
314 0 3948 0 0 48100
314 0 3954 0 0 48200
314 0 3958 0 0 48300
315 0 3961 0 0 48400
318 0 3967 0 0 48500
318 0 3971 0 0 48600
318 0 3976 0 0 48700
318 0 3979 0 0 48800
318 0 3983 0 0 48900
320 0 3990 0 0 49000
320 0 3998 0 0 49100
320 0 4007 0 0 49200
321 0 4013 0 0 49300
322 0 4019 0 0 49400
323 0 4025 0 0 49500
323 0 4031 0 0 49600
324 0 4037 0 0 49700
325 0 4042 0 0 49800
325 0 4048 0 0 49900
325 0 4055 0 0 50000
326 0 4061 0 0 50100
328 0 4065 0 0 50200
329 0 4073 0 0 50300
329 0 4077 0 0 50400
329 0 4085 0 0 50500
329 0 4088 0 0 50600
329 0 4093 0 0 50700
329 0 4100 0 0 50800
329 0 4109 0 0 50900
330 0 4115 0 0 51000
332 0 4122 0 0 51100
333 0 4129 0 0 51200
336 0 4131 0 0 51300
339 0 4137 0 0 51400
339 0 4138 0 0 51500
339 0 4143 0 0 51600
340 0 4152 0 0 51700
341 0 4156 0 0 51800
342 0 4157 0 0 51900
343 0 4164 0 0 52000
343 0 4170 0 0 52100
343 0 4172 0 0 52200
343 0 4181 0 0 52300
344 0 4183 0 0 52400
344 0 4189 0 0 52500
346 0 4192 0 0 52600
347 0 4195 0 0 52700
348 0 4197 0 0 52800
349 0 4200 0 0 52900
350 0 4206 0 0 53000
351 0 4211 0 0 53100
352 0 4219 0 0 53200
352 0 4230 0 0 53300
352 0 4234 0 0 53400
352 0 4240 0 0 53500
354 0 4244 0 0 53600
355 0 4247 0 0 53700
356 0 4256 0 0 53800
356 0 4261 0 0 53900
358 0 4265 0 0 54000
359 0 4268 0 0 54100
359 0 4270 0 0 54200
361 0 4273 0 0 54300
362 0 4278 0 0 54400
364 0 4283 0 0 54500
364 0 4287 0 0 54600
364 0 4290 0 0 54700
365 0 4293 0 0 54800
365 0 4297 0 0 54900
366 0 4303 0 0 55000
367 0 4308 0 0 55100
367 0 4314 0 0 55200
367 0 4317 0 0 55300
368 0 4324 0 0 55400
368 0 4327 0 0 55500
368 0 4329 0 0 55600
368 0 4335 0 0 55700
368 0 4340 0 0 55800
368 0 4344 0 0 55900
368 0 4349 0 0 56000
370 0 4352 0 0 56100
370 0 4356 0 0 56200
371 0 4359 0 0 56300
371 0 4364 0 0 56400
372 0 4368 0 0 56500
372 0 4373 0 0 56600
372 0 4379 0 0 56700
373 0 4380 0 0 56800
375 0 4387 0 0 56900
375 0 4393 0 0 57000
376 0 4402 0 0 57100
376 0 4405 0 0 57200
377 0 4414 0 0 57300
377 0 4420 0 0 57400
378 0 4427 0 0 57500
380 0 4434 0 0 57600
381 0 4439 0 0 57700
382 0 4446 0 0 57800
382 0 4450 0 0 57900
384 0 4453 0 0 58000
385 0 4459 0 0 58100
385 0 4462 0 0 58200
385 0 4468 0 0 58300
386 0 4470 0 0 58400
387 0 4477 0 0 58500
388 0 4482 0 0 58600
388 0 4488 0 0 58700
388 0 4493 0 0 58800
389 0 4504 0 0 58900
390 0 4506 0 0 59000
390 0 4508 0 0 59100
392 0 4515 0 0 59200
392 0 4518 0 0 59300
393 0 4525 0 0 59400
393 0 4531 0 0 59500
393 0 4536 0 0 59600
394 0 4545 0 0 59700
394 0 4548 0 0 59800
395 0 4551 0 0 59900
395 0 4554 0 0 60000
395 0 4561 0 0 60100
395 0 4565 0 0 60200
395 0 4570 0 0 60300
397 0 4577 0 0 60400
397 0 4581 0 0 60500
398 0 4583 0 0 60600
398 0 4585 0 0 60700
399 0 4588 0 0 60800
399 0 4592 0 0 60900
399 0 4595 0 0 61000
399 0 4603 0 0 61100
399 0 4609 0 0 61200
399 0 4614 0 0 61300
399 0 4619 0 0 61400
400 0 4623 0 0 61500
402 0 4626 0 0 61600
403 0 4629 0 0 61700
403 0 4634 0 0 61800
404 0 4637 0 0 61900
406 0 4641 0 0 62000
408 0 4643 0 0 62100
408 0 4646 0 0 62200
408 0 4652 0 0 62300
408 0 4659 0 0 62400
408 0 4664 0 0 62500
408 0 4668 0 0 62600
409 0 4671 0 0 62700
409 0 4677 0 0 62800
409 0 4681 0 0 62900
409 0 4686 0 0 63000
411 0 4689 0 0 63100
412 0 4696 0 0 63200
412 0 4699 0 0 63300
413 0 4706 0 0 63400
414 0 4711 0 0 63500
415 0 4713 0 0 63600
418 0 4720 0 0 63700
419 0 4724 0 0 63800
419 0 4729 0 0 63900
421 0 4737 0 0 64000
421 0 4743 0 0 64100
422 0 4751 0 0 64200
422 0 4756 0 0 64300
422 0 4761 0 0 64400
422 0 4766 0 0 64500
423 0 4772 0 0 64600
423 0 4776 0 0 64700
423 0 4780 0 0 64800
424 0 4785 0 0 64900
425 0 4788 0 0 65000
425 0 4790 0 0 65100
425 0 4791 0 0 65200
425 0 4796 0 0 65300
425 0 4800 0 0 65400
425 0 4803 0 0 65500
427 0 4808 0 0 65600
427 0 4811 0 0 65700
428 0 4813 0 0 65800
429 0 4819 0 0 65900
429 0 4824 0 0 66000
429 0 4833 0 0 66100
429 0 4838 0 0 66200
429 0 4844 0 0 66300
429 0 4851 0 0 66400
429 0 4854 0 0 66500
429 0 4861 0 0 66600
429 0 4867 0 0 66700
429 0 4871 0 0 66800
429 0 4877 0 0 66900
429 0 4880 0 0 67000
429 0 4881 0 0 67100
429 0 4886 0 0 67200
429 0 4891 0 0 67300
429 0 4898 0 0 67400
429 0 4903 0 0 67500
429 0 4909 0 0 67600
429 0 4912 0 0 67700
429 0 4918 0 0 67800
429 0 4923 0 0 67900
429 0 4926 0 0 68000
429 0 4930 0 0 68100
429 0 4934 0 0 68200
430 0 4942 0 0 68300
431 0 4945 0 0 68400
432 0 4950 0 0 68500
434 0 4958 0 0 68600
434 0 4964 0 0 68700
434 0 4970 0 0 68800
436 0 4973 0 0 68900
436 0 4977 0 0 69000
436 0 4982 0 0 69100
438 0 4986 0 0 69200
438 0 4989 0 0 69300
438 0 4995 0 0 69400
439 0 4999 0 0 69500
439 0 5005 0 0 69600
439 0 5011 0 0 69700
439 0 5013 0 0 69800
440 0 5017 0 0 69900
440 0 5024 0 0 70000
440 0 5031 0 0 70100
441 0 5038 0 0 70200
441 0 5047 0 0 70300
441 0 5048 0 0 70400
441 0 5055 0 0 70500
442 0 5062 0 0 70600
442 0 5064 0 0 70700
442 0 5070 0 0 70800
442 0 5076 0 0 70900
443 0 5082 0 0 71000
446 0 5086 0 0 71100
447 0 5090 0 0 71200
448 0 5095 0 0 71300
448 0 5104 0 0 71400
448 0 5107 0 0 71500
449 0 5109 0 0 71600
449 0 5114 0 0 71700
449 0 5119 0 0 71800
450 0 5126 0 0 71900
450 0 5130 0 0 72000
450 0 5135 0 0 72100
451 0 5140 0 0 72200
451 0 5144 0 0 72300
453 0 5147 0 0 72400
454 0 5150 0 0 72500
454 0 5151 0 0 72600
455 0 5155 0 0 72700
455 0 5158 0 0 72800
456 0 5160 0 0 72900
456 0 5163 0 0 73000
456 0 5163 0 0 73100
456 0 5165 0 0 73200
457 0 5168 0 0 73300
459 0 5170 0 0 73400
460 0 5174 0 0 73500
461 0 5178 0 0 73600
461 0 5180 0 0 73700
462 0 5186 0 0 73800
462 0 5190 0 0 73900
462 0 5192 0 0 74000
463 0 5198 0 0 74100
463 0 5202 0 0 74200
463 0 5209 0 0 74300
465 0 5214 0 0 74400
466 0 5218 0 0 74500
466 0 5220 0 0 74600
468 0 5223 0 0 74700
468 0 5230 0 0 74800
468 0 5235 0 0 74900
468 0 5238 0 0 75000
470 0 5246 0 0 75100
472 0 5249 0 0 75200
472 0 5252 0 0 75300
472 0 5255 0 0 75400
472 0 5260 0 0 75500
473 0 5266 0 0 75600
473 0 5269 0 0 75700
474 0 5272 0 0 75800
475 0 5279 0 0 75900
475 0 5282 0 0 76000
475 0 5286 0 0 76100
475 0 5291 0 0 76200
476 0 5295 0 0 76300
476 0 5298 0 0 76400
476 0 5300 0 0 76500
477 0 5306 0 0 76600
477 0 5309 0 0 76700
477 0 5315 0 0 76800
477 0 5318 0 0 76900
478 0 5319 0 0 77000
478 0 5325 0 0 77100
478 0 5328 0 0 77200
479 0 5334 0 0 77300
479 0 5339 0 0 77400
480 0 5346 0 0 77500
480 0 5350 0 0 77600
481 0 5353 0 0 77700
482 0 5358 0 0 77800
483 0 5362 0 0 77900
483 0 5364 0 0 78000
485 0 5369 0 0 78100
485 0 5371 0 0 78200
486 0 5374 0 0 78300
487 0 5377 0 0 78400
487 0 5380 0 0 78500
488 0 5383 0 0 78600
488 0 5388 0 0 78700
488 0 5390 0 0 78800
489 0 5395 0 0 78900
489 0 5402 0 0 79000
489 0 5408 0 0 79100
490 0 5411 0 0 79200
490 0 5417 0 0 79300
491 0 5418 0 0 79400
491 0 5423 0 0 79500
491 0 5423 0 0 79600
492 0 5427 0 0 79700
492 0 5429 0 0 79800
492 0 5431 0 0 79900
494 0 5435 0 0 80000
494 0 5439 0 0 80100
495 0 5444 0 0 80200
495 0 5445 0 0 80300
499 0 5450 0 0 80400
501 0 5453 0 0 80500
501 0 5456 0 0 80600
501 0 5462 0 0 80700
502 0 5464 0 0 80800
503 0 5468 0 0 80900
504 0 5470 0 0 81000
505 0 5473 0 0 81100
506 0 5477 0 0 81200
506 0 5485 0 0 81300
506 0 5492 0 0 81400
506 0 5496 0 0 81500
506 0 5501 0 0 81600
507 0 5501 0 0 81700
508 0 5506 0 0 81800
509 0 5512 0 0 81900
509 0 5515 0 0 82000
510 0 5518 0 0 82100
511 0 5524 0 0 82200
511 0 5533 0 0 82300
514 0 5534 0 0 82400
515 0 5538 0 0 82500
515 0 5543 0 0 82600
517 0 5547 0 0 82700
518 0 5550 0 0 82800
518 0 5552 0 0 82900
519 0 5557 0 0 83000
519 0 5561 0 0 83100
519 0 5565 0 0 83200
519 0 5568 0 0 83300
519 0 5571 0 0 83400
519 0 5572 0 0 83500
519 0 5577 0 0 83600
520 0 5581 0 0 83700
520 0 5584 0 0 83800
520 0 5587 0 0 83900
520 0 5590 0 0 84000
521 0 5596 0 0 84100
521 0 5602 0 0 84200
522 0 5607 0 0 84300
522 0 5613 0 0 84400
522 0 5618 0 0 84500
522 0 5625 0 0 84600
523 0 5630 0 0 84700
523 0 5634 0 0 84800
523 0 5639 0 0 84900
526 0 5644 0 0 85000
527 0 5648 0 0 85100
527 0 5655 0 0 85200
528 0 5658 0 0 85300
529 0 5664 0 0 85400
530 0 5670 0 0 85500
531 0 5672 0 0 85600
531 0 5676 0 0 85700
531 0 5685 0 0 85800
531 0 5689 0 0 85900
532 0 5695 0 0 86000
533 0 5699 0 0 86100
533 0 5708 0 0 86200
534 0 5709 0 0 86300
535 0 5715 0 0 86400
537 0 5720 0 0 86500
538 0 5723 0 0 86600
540 0 5729 0 0 86700
540 0 5732 0 0 86800
540 0 5736 0 0 86900
540 0 5743 0 0 87000
540 0 5745 0 0 87100
540 0 5750 0 0 87200
540 0 5754 0 0 87300
541 0 5757 0 0 87400
541 0 5762 0 0 87500
541 0 5767 0 0 87600
543 0 5768 0 0 87700
544 0 5770 0 0 87800
544 0 5776 0 0 87900
544 0 5777 0 0 88000
544 0 5787 0 0 88100
544 0 5790 0 0 88200
545 0 5795 0 0 88300
546 0 5796 0 0 88400
547 0 5798 0 0 88500
548 0 5799 0 0 88600
550 0 5802 0 0 88700
550 0 5805 0 0 88800
551 0 5807 0 0 88900
551 0 5810 0 0 89000
552 0 5813 0 0 89100
552 0 5817 0 0 89200
552 0 5819 0 0 89300
552 0 5823 0 0 89400
552 0 5825 0 0 89500
554 0 5829 0 0 89600
554 0 5834 0 0 89700
555 0 5837 0 0 89800
556 0 5841 0 0 89900
556 0 5844 0 0 90000
556 0 5848 0 0 90100
556 0 5852 0 0 90200
556 0 5857 0 0 90300
557 0 5862 0 0 90400
557 0 5866 0 0 90500
557 0 5872 0 0 90600
558 0 5876 0 0 90700
558 0 5880 0 0 90800
560 0 5888 0 0 90900
561 0 5894 0 0 91000
561 0 5899 0 0 91100
561 0 5903 0 0 91200
562 0 5910 0 0 91300
564 0 5915 0 0 91400
565 0 5921 0 0 91500
566 0 5923 0 0 91600
566 0 5929 0 0 91700
566 0 5931 0 0 91800
567 0 5934 0 0 91900
567 0 5941 0 0 92000
568 0 5946 0 0 92100
569 0 5948 0 0 92200
571 0 5950 0 0 92300
572 0 5952 0 0 92400
572 0 5955 0 0 92500
573 0 5959 0 0 92600
574 0 5963 0 0 92700
576 0 5967 0 0 92800
576 0 5971 0 0 92900
577 0 5977 0 0 93000
577 0 5980 0 0 93100
577 0 5990 0 0 93200
578 0 5996 0 0 93300
578 0 6003 0 0 93400
578 0 6009 0 0 93500
579 0 6011 0 0 93600
579 0 6018 0 0 93700
579 0 6021 0 0 93800
579 0 6024 0 0 93900
579 0 6028 0 0 94000
579 0 6032 0 0 94100
579 0 6034 0 0 94200
579 0 6042 0 0 94300
581 0 6046 0 0 94400
581 0 6049 0 0 94500
582 0 6055 0 0 94600
583 0 6057 0 0 94700
585 0 6061 0 0 94800
585 0 6065 0 0 94900
586 0 6069 0 0 95000
586 0 6072 0 0 95100
586 0 6073 0 0 95200
587 0 6078 0 0 95300
589 0 6081 0 0 95400
590 0 6082 0 0 95500
592 0 6088 0 0 95600
593 0 6092 0 0 95700
593 0 6096 0 0 95800
593 0 6101 0 0 95900
594 0 6105 0 0 96000
595 0 6106 0 0 96100
595 0 6107 0 0 96200
597 0 6108 0 0 96300
597 0 6112 0 0 96400
597 0 6116 0 0 96500
597 0 6117 0 0 96600
597 0 6120 0 0 96700
599 0 6122 0 0 96800
599 0 6127 0 0 96900
600 0 6131 0 0 97000
600 0 6132 0 0 97100
601 0 6135 0 0 97200
601 0 6137 0 0 97300
601 0 6139 0 0 97400
601 0 6142 0 0 97500
601 0 6145 0 0 97600
601 0 6147 0 0 97700
601 0 6150 0 0 97800
601 0 6150 0 0 97900
602 0 6153 0 0 98000
602 0 6153 0 0 98100
602 0 6156 0 0 98200
602 0 6157 0 0 98300
602 0 6160 0 0 98400
602 0 6162 0 0 98500
603 0 6164 0 0 98600
603 0 6167 0 0 98700
603 0 6175 0 0 98800
604 0 6180 0 0 98900
604 0 6184 0 0 99000
605 0 6192 0 0 99100
605 0 6196 0 0 99200
605 0 6203 0 0 99300
605 0 6209 0 0 99400
606 0 6215 0 0 99500
607 0 6217 0 0 99600
607 0 6219 0 0 99700
607 0 6222 0 0 99800
608 0 6223 0 0 99900
0 0 4 0 0 0
0 0 4 0 0 100
0 0 9 0 0 200
0 0 14 0 0 300
0 0 15 0 0 400
0 0 18 0 0 500
0 0 21 0 0 600
0 0 23 0 0 700
0 0 23 0 0 800
0 0 28 0 0 900
0 0 31 0 0 1000
0 0 35 0 0 1100
0 0 40 0 0 1200
0 0 44 0 0 1300
0 0 50 0 0 1400
0 0 59 0 0 1500
0 0 67 0 0 1600
0 0 76 0 0 1700
0 0 90 0 0 1800
1 0 100 0 0 1900
1 0 111 0 0 2000
2 0 125 0 0 2100
2 0 134 0 0 2200
2 0 154 0 0 2300
2 0 164 0 0 2400
2 0 176 0 0 2500
2 0 190 0 0 2600
3 0 203 0 0 2700
4 0 221 0 0 2800
4 0 239 0 0 2900
6 0 256 0 0 3000
6 0 271 0 0 3100
6 0 293 0 0 3200
7 0 314 0 0 3300
7 0 327 0 0 3400
10 0 342 0 0 3500
12 0 357 0 0 3600
12 0 366 0 0 3700
14 0 380 0 0 3800
14 0 404 0 0 3900
16 0 411 0 0 4000
18 0 424 0 0 4100
19 0 443 0 0 4200
20 0 454 0 0 4300
20 0 469 0 0 4400
21 0 488 0 0 4500
24 0 502 0 0 4600
25 0 515 0 0 4700
27 0 525 0 0 4800
27 0 535 0 0 4900
29 0 545 0 0 5000
30 0 564 0 0 5100
30 0 579 0 0 5200
32 0 594 0 0 5300
34 0 601 0 0 5400
34 0 621 0 0 5500
34 0 640 0 0 5600
35 0 651 0 0 5700
39 0 663 0 0 5800
42 0 678 0 0 5900
42 0 689 0 0 6000
42 0 706 0 0 6100
43 0 716 0 0 6200
45 0 729 0 0 6300
45 0 741 0 0 6400
47 0 750 0 0 6500
49 0 765 0 0 6600
50 0 778 0 0 6700
52 0 789 0 0 6800
53 0 804 0 0 6900
53 0 818 0 0 7000
55 0 829 0 0 7100
56 0 841 0 0 7200
56 0 845 0 0 7300
56 0 859 0 0 7400
58 0 870 0 0 7500
59 0 877 0 0 7600
60 0 887 0 0 7700
61 0 903 0 0 7800
61 0 909 0 0 7900
62 0 923 0 0 8000
62 0 933 0 0 8100
64 0 943 0 0 8200
64 0 956 0 0 8300
65 0 970 0 0 8400
65 0 983 0 0 8500
65 0 994 0 0 8600
66 0 1004 0 0 8700
67 0 1015 0 0 8800
67 0 1028 0 0 8900
70 0 1038 0 0 9000
71 0 1046 0 0 9100
72 0 1053 0 0 9200
72 0 1071 0 0 9300
72 0 1078 0 0 9400
72 0 1084 0 0 9500
73 0 1096 0 0 9600
75 0 1102 0 0 9700
75 0 1109 0 0 9800
77 0 1124 0 0 9900
77 0 1130 0 0 10000
78 0 1141 0 0 10100
79 0 1153 0 0 10200
79 0 1165 0 0 10300
80 0 1174 0 0 10400
81 0 1187 0 0 10500
81 0 1210 0 0 10600
83 0 1220 0 0 10700
84 0 1229 0 0 10800
84 0 1242 0 0 10900
84 0 1248 0 0 11000
85 0 1259 0 0 11100
85 0 1266 0 0 11200
86 0 1280 0 0 11300
86 0 1285 0 0 11400
86 0 1298 0 0 11500
87 0 1304 0 0 11600
87 0 1310 0 0 11700
88 0 1318 0 0 11800
89 0 1329 0 0 11900
89 0 1341 0 0 12000
90 0 1350 0 0 12100
90 0 1355 0 0 12200
90 0 1368 0 0 12300
91 0 1378 0 0 12400
91 0 1390 0 0 12500
92 0 1402 0 0 12600
92 0 1410 0 0 12700
92 0 1425 0 0 12800
93 0 1430 0 0 12900
93 0 1445 0 0 13000
94 0 1453 0 0 13100
95 0 1462 0 0 13200
96 0 1470 0 0 13300
98 0 1481 0 0 13400
98 0 1489 0 0 13500
98 0 1496 0 0 13600
99 0 1503 0 0 13700
99 0 1510 0 0 13800
100 0 1517 0 0 13900
100 0 1524 0 0 14000
101 0 1531 0 0 14100
101 0 1536 0 0 14200
101 0 1550 0 0 14300
102 0 1557 0 0 14400
102 0 1566 0 0 14500
102 0 1580 0 0 14600
102 0 1587 0 0 14700
102 0 1595 0 0 14800
102 0 1607 0 0 14900
102 0 1613 0 0 15000
103 0 1624 0 0 15100
103 0 1634 0 0 15200
103 0 1644 0 0 15300
105 0 1648 0 0 15400
105 0 1660 0 0 15500
105 0 1666 0 0 15600
106 0 1682 0 0 15700
108 0 1689 0 0 15800
108 0 1699 0 0 15900
108 0 1710 0 0 16000
108 0 1721 0 0 16100
108 0 1739 0 0 16200
108 0 1753 0 0 16300
109 0 1765 0 0 16400
109 0 1777 0 0 16500
110 0 1788 0 0 16600
111 0 1799 0 0 16700
111 0 1812 0 0 16800
113 0 1821 0 0 16900
114 0 1836 0 0 17000
114 0 1844 0 0 17100
115 0 1852 0 0 17200
116 0 1859 0 0 17300
116 0 1870 0 0 17400
117 0 1877 0 0 17500
119 0 1886 0 0 17600
119 0 1900 0 0 17700
119 0 1913 0 0 17800
120 0 1920 0 0 17900
120 0 1931 0 0 18000
120 0 1938 0 0 18100
120 0 1948 0 0 18200
121 0 1959 0 0 18300
121 0 1966 0 0 18400
121 0 1973 0 0 18500
121 0 1984 0 0 18600
122 0 1996 0 0 18700
122 0 1999 0 0 18800
122 0 2006 0 0 18900
122 0 2013 0 0 19000
122 0 2023 0 0 19100
122 0 2030 0 0 19200
123 0 2038 0 0 19300
124 0 2046 0 0 19400
124 0 2051 0 0 19500
124 0 2061 0 0 19600
124 0 2075 0 0 19700
125 0 2080 0 0 19800
125 0 2087 0 0 19900
127 0 2096 0 0 20000
130 0 2101 0 0 20100
130 0 2107 0 0 20200
132 0 2110 0 0 20300
132 0 2121 0 0 20400
134 0 2129 0 0 20500
137 0 2142 0 0 20600
138 0 2149 0 0 20700
139 0 2155 0 0 20800
141 0 2165 0 0 20900
142 0 2168 0 0 21000
143 0 2176 0 0 21100
144 0 2181 0 0 21200
144 0 2191 0 0 21300
145 0 2202 0 0 21400
146 0 2211 0 0 21500
146 0 2219 0 0 21600
147 0 2231 0 0 21700
147 0 2235 0 0 21800
148 0 2248 0 0 21900
151 0 2259 0 0 22000
152 0 2267 0 0 22100
153 0 2271 0 0 22200
153 0 2282 0 0 22300
154 0 2289 0 0 22400
154 0 2297 0 0 22500
154 0 2309 0 0 22600
154 0 2317 0 0 22700
155 0 2326 0 0 22800
156 0 2333 0 0 22900
156 0 2344 0 0 23000
156 0 2350 0 0 23100
158 0 2360 0 0 23200
158 0 2365 0 0 23300
159 0 2374 0 0 23400
159 0 2385 0 0 23500
160 0 2397 0 0 23600
161 0 2400 0 0 23700
164 0 2404 0 0 23800
164 0 2412 0 0 23900
164 0 2418 0 0 24000
166 0 2422 0 0 24100
168 0 2431 0 0 24200
168 0 2442 0 0 24300
170 0 2446 0 0 24400
170 0 2453 0 0 24500
170 0 2462 0 0 24600
170 0 2469 0 0 24700
172 0 2477 0 0 24800
173 0 2482 0 0 24900
173 0 2494 0 0 25000
174 0 2502 0 0 25100
174 0 2508 0 0 25200
175 0 2518 0 0 25300
175 0 2524 0 0 25400
175 0 2536 0 0 25500
176 0 2542 0 0 25600
176 0 2556 0 0 25700
176 0 2565 0 0 25800
177 0 2574 0 0 25900
177 0 2583 0 0 26000
178 0 2594 0 0 26100
179 0 2604 0 0 26200
180 0 2612 0 0 26300
180 0 2623 0 0 26400
182 0 2632 0 0 26500
182 0 2638 0 0 26600
183 0 2646 0 0 26700
183 0 2656 0 0 26800
184 0 2664 0 0 26900
184 0 2669 0 0 27000
184 0 2677 0 0 27100
185 0 2680 0 0 27200
185 0 2683 0 0 27300
185 0 2690 0 0 27400
186 0 2695 0 0 27500
186 0 2702 0 0 27600
186 0 2707 0 0 27700
186 0 2710 0 0 27800
186 0 2719 0 0 27900
186 0 2727 0 0 28000
186 0 2736 0 0 28100
188 0 2743 0 0 28200
188 0 2749 0 0 28300
188 0 2756 0 0 28400
189 0 2762 0 0 28500
190 0 2769 0 0 28600
192 0 2779 0 0 28700
193 0 2784 0 0 28800
195 0 2794 0 0 28900
195 0 2800 0 0 29000
195 0 2814 0 0 29100
197 0 2824 0 0 29200
200 0 2835 0 0 29300
201 0 2839 0 0 29400
202 0 2844 0 0 29500
203 0 2852 0 0 29600
204 0 2859 0 0 29700
206 0 2867 0 0 29800
208 0 2879 0 0 29900
209 0 2888 0 0 30000
209 0 2899 0 0 30100
209 0 2907 0 0 30200
209 0 2917 0 0 30300
209 0 2922 0 0 30400
209 0 2929 0 0 30500
211 0 2936 0 0 30600
211 0 2943 0 0 30700
212 0 2955 0 0 30800
212 0 2965 0 0 30900
214 0 2970 0 0 31000
215 0 2977 0 0 31100
216 0 2989 0 0 31200
217 0 2995 0 0 31300
219 0 3002 0 0 31400
219 0 3009 0 0 31500
219 0 3022 0 0 31600
220 0 3028 0 0 31700
221 0 3034 0 0 31800
222 0 3042 0 0 31900
222 0 3047 0 0 32000
222 0 3053 0 0 32100
222 0 3060 0 0 32200
222 0 3064 0 0 32300
222 0 3069 0 0 32400
222 0 3075 0 0 32500
222 0 3083 0 0 32600
223 0 3087 0 0 32700
223 0 3091 0 0 32800
223 0 3100 0 0 32900
223 0 3104 0 0 33000
223 0 3109 0 0 33100
224 0 3115 0 0 33200
224 0 3121 0 0 33300
225 0 3126 0 0 33400
225 0 3131 0 0 33500
225 0 3136 0 0 33600
225 0 3142 0 0 33700
226 0 3145 0 0 33800
226 0 3149 0 0 33900
226 0 3154 0 0 34000
226 0 3157 0 0 34100
226 0 3162 0 0 34200
228 0 3170 0 0 34300
228 0 3176 0 0 34400
228 0 3180 0 0 34500
229 0 3192 0 0 34600
229 0 3195 0 0 34700
229 0 3199 0 0 34800
230 0 3204 0 0 34900
232 0 3209 0 0 35000
235 0 3212 0 0 35100
235 0 3218 0 0 35200
236 0 3231 0 0 35300
238 0 3236 0 0 35400
238 0 3246 0 0 35500
240 0 3258 0 0 35600
240 0 3267 0 0 35700
240 0 3276 0 0 35800
240 0 3285 0 0 35900
240 0 3291 0 0 36000
240 0 3298 0 0 36100
241 0 3303 0 0 36200
241 0 3310 0 0 36300
241 0 3316 0 0 36400
243 0 3321 0 0 36500
243 0 3330 0 0 36600
244 0 3337 0 0 36700
245 0 3344 0 0 36800
246 0 3351 0 0 36900
246 0 3355 0 0 37000
247 0 3364 0 0 37100
247 0 3374 0 0 37200
247 0 3382 0 0 37300
248 0 3389 0 0 37400
248 0 3397 0 0 37500
250 0 3402 0 0 37600
251 0 3409 0 0 37700
252 0 3415 0 0 37800
252 0 3417 0 0 37900
255 0 3422 0 0 38000
256 0 3424 0 0 38100
257 0 3430 0 0 38200
257 0 3438 0 0 38300
258 0 3439 0 0 38400
263 0 3446 0 0 38500
263 0 3448 0 0 38600
264 0 3452 0 0 38700
264 0 3463 0 0 38800
266 0 3473 0 0 38900
266 0 3478 0 0 39000
266 0 3487 0 0 39100
267 0 3496 0 0 39200
267 0 3503 0 0 39300
267 0 3514 0 0 39400
268 0 3521 0 0 39500
268 0 3527 0 0 39600
270 0 3533 0 0 39700
270 0 3537 0 0 39800
271 0 3545 0 0 39900
272 0 3547 0 0 40000
272 0 3560 0 0 40100
272 0 3569 0 0 40200
272 0 3578 0 0 40300
272 0 3586 0 0 40400
272 0 3599 0 0 40500
273 0 3606 0 0 40600
274 0 3612 0 0 40700
274 0 3620 0 0 40800
274 0 3633 0 0 40900
275 0 3642 0 0 41000
275 0 3649 0 0 41100
275 0 3653 0 0 41200
275 0 3663 0 0 41300
276 0 3671 0 0 41400
276 0 3675 0 0 41500
277 0 3682 0 0 41600
277 0 3686 0 0 41700
278 0 3694 0 0 41800
278 0 3704 0 0 41900
278 0 3709 0 0 42000
278 0 3718 0 0 42100
278 0 3724 0 0 42200
278 0 3731 0 0 42300
278 0 3739 0 0 42400
279 0 3748 0 0 42500
280 0 3752 0 0 42600
281 0 3763 0 0 42700
281 0 3766 0 0 42800
283 0 3768 0 0 42900
283 0 3774 0 0 43000
284 0 3779 0 0 43100
284 0 3785 0 0 43200
284 0 3788 0 0 43300
285 0 3796 0 0 43400
285 0 3802 0 0 43500
285 0 3804 0 0 43600
285 0 3806 0 0 43700
285 0 3813 0 0 43800
286 0 3815 0 0 43900
286 0 3817 0 0 44000
286 0 3820 0 0 44100
286 0 3824 0 0 44200
287 0 3830 0 0 44300
288 0 3835 0 0 44400
289 0 3842 0 0 44500
290 0 3848 0 0 44600
290 0 3852 0 0 44700
292 0 3861 0 0 44800
292 0 3861 0 0 44900
292 0 3865 0 0 45000
292 0 3872 0 0 45100
292 0 3876 0 0 45200
292 0 3881 0 0 45300
292 0 3890 0 0 45400
292 0 3894 0 0 45500
293 0 3898 0 0 45600
293 0 3904 0 0 45700
294 0 3907 0 0 45800
294 0 3911 0 0 45900
295 0 3918 0 0 46000
295 0 3922 0 0 46100
295 0 3926 0 0 46200
296 0 3931 0 0 46300
297 0 3933 0 0 46400
297 0 3935 0 0 46500
297 0 3943 0 0 46600
297 0 3947 0 0 46700
297 0 3953 0 0 46800
297 0 3961 0 0 46900
297 0 3970 0 0 47000
298 0 3982 0 0 47100
300 0 3986 0 0 47200
300 0 3991 0 0 47300
300 0 3999 0 0 47400
305 0 4008 0 0 47500
306 0 4013 0 0 47600
307 0 4022 0 0 47700
307 0 4026 0 0 47800
307 0 4035 0 0 47900
309 0 4040 0 0 48000
311 0 4048 0 0 48100
311 0 4052 0 0 48200
312 0 4057 0 0 48300
312 0 4063 0 0 48400
312 0 4070 0 0 48500
316 0 4076 0 0 48600
316 0 4083 0 0 48700
316 0 4090 0 0 48800
316 0 4095 0 0 48900
317 0 4101 0 0 49000
317 0 4105 0 0 49100
320 0 4112 0 0 49200
320 0 4118 0 0 49300
321 0 4127 0 0 49400
321 0 4131 0 0 49500
322 0 4137 0 0 49600
322 0 4139 0 0 49700
323 0 4142 0 0 49800
324 0 4152 0 0 49900
324 0 4156 0 0 50000
326 0 4161 0 0 50100
326 0 4167 0 0 50200
327 0 4173 0 0 50300
327 0 4177 0 0 50400
329 0 4182 0 0 50500
329 0 4187 0 0 50600
330 0 4189 0 0 50700
330 0 4195 0 0 50800
330 0 4199 0 0 50900
331 0 4201 0 0 51000
331 0 4207 0 0 51100
331 0 4209 0 0 51200
331 0 4213 0 0 51300
331 0 4218 0 0 51400
331 0 4220 0 0 51500
331 0 4225 0 0 51600
331 0 4231 0 0 51700
331 0 4236 0 0 51800
331 0 4240 0 0 51900
331 0 4246 0 0 52000
332 0 4252 0 0 52100
333 0 4257 0 0 52200
334 0 4260 0 0 52300
334 0 4264 0 0 52400
334 0 4266 0 0 52500
334 0 4268 0 0 52600
335 0 4274 0 0 52700
335 0 4277 0 0 52800
335 0 4280 0 0 52900
335 0 4288 0 0 53000
335 0 4293 0 0 53100
335 0 4298 0 0 53200
336 0 4306 0 0 53300
336 0 4307 0 0 53400
337 0 4316 0 0 53500
338 0 4319 0 0 53600
339 0 4325 0 0 53700
339 0 4332 0 0 53800
339 0 4337 0 0 53900
339 0 4340 0 0 54000
340 0 4345 0 0 54100
341 0 4350 0 0 54200
341 0 4356 0 0 54300
342 0 4360 0 0 54400
343 0 4365 0 0 54500
344 0 4367 0 0 54600
344 0 4371 0 0 54700
344 0 4376 0 0 54800
344 0 4380 0 0 54900
344 0 4387 0 0 55000
345 0 4391 0 0 55100
345 0 4393 0 0 55200
347 0 4399 0 0 55300
347 0 4403 0 0 55400
350 0 4408 0 0 55500
351 0 4416 0 0 55600
352 0 4419 0 0 55700
354 0 4429 0 0 55800
354 0 4431 0 0 55900
357 0 4439 0 0 56000
357 0 4443 0 0 56100
357 0 4449 0 0 56200
357 0 4452 0 0 56300
357 0 4454 0 0 56400
358 0 4460 0 0 56500
358 0 4465 0 0 56600
358 0 4471 0 0 56700
359 0 4475 0 0 56800
359 0 4480 0 0 56900
359 0 4485 0 0 57000
361 0 4488 0 0 57100
361 0 4493 0 0 57200
362 0 4496 0 0 57300
362 0 4500 0 0 57400
363 0 4505 0 0 57500
363 0 4508 0 0 57600
363 0 4512 0 0 57700
363 0 4520 0 0 57800
364 0 4522 0 0 57900
364 0 4530 0 0 58000
364 0 4536 0 0 58100
364 0 4539 0 0 58200
364 0 4544 0 0 58300
364 0 4551 0 0 58400
365 0 4556 0 0 58500
365 0 4561 0 0 58600
367 0 4566 0 0 58700
369 0 4571 0 0 58800
369 0 4575 0 0 58900
370 0 4578 0 0 59000
370 0 4587 0 0 59100
370 0 4592 0 0 59200
372 0 4606 0 0 59300
374 0 4611 0 0 59400
375 0 4616 0 0 59500
376 0 4625 0 0 59600
376 0 4629 0 0 59700
377 0 4635 0 0 59800
378 0 4639 0 0 59900
380 0 4644 0 0 60000
380 0 4649 0 0 60100
380 0 4654 0 0 60200
381 0 4657 0 0 60300
382 0 4663 0 0 60400
382 0 4666 0 0 60500
384 0 4670 0 0 60600
384 0 4674 0 0 60700
385 0 4680 0 0 60800
385 0 4686 0 0 60900
386 0 4690 0 0 61000
387 0 4695 0 0 61100
388 0 4701 0 0 61200
388 0 4704 0 0 61300
390 0 4706 0 0 61400
391 0 4714 0 0 61500
392 0 4714 0 0 61600
392 0 4719 0 0 61700
392 0 4720 0 0 61800
393 0 4724 0 0 61900
394 0 4727 0 0 62000
394 0 4733 0 0 62100
394 0 4738 0 0 62200
395 0 4744 0 0 62300
395 0 4748 0 0 62400
395 0 4751 0 0 62500
395 0 4754 0 0 62600
395 0 4758 0 0 62700
396 0 4765 0 0 62800
396 0 4766 0 0 62900
398 0 4771 0 0 63000
398 0 4775 0 0 63100
399 0 4778 0 0 63200
399 0 4782 0 0 63300
399 0 4785 0 0 63400
401 0 4788 0 0 63500
402 0 4791 0 0 63600
402 0 4797 0 0 63700
403 0 4804 0 0 63800
403 0 4811 0 0 63900
404 0 4817 0 0 64000
404 0 4824 0 0 64100
404 0 4827 0 0 64200
406 0 4830 0 0 64300
406 0 4835 0 0 64400
406 0 4837 0 0 64500
406 0 4839 0 0 64600
406 0 4843 0 0 64700
407 0 4845 0 0 64800
407 0 4849 0 0 64900
408 0 4852 0 0 65000
409 0 4856 0 0 65100
412 0 4860 0 0 65200
412 0 4866 0 0 65300
412 0 4871 0 0 65400
412 0 4876 0 0 65500
413 0 4880 0 0 65600
414 0 4883 0 0 65700
415 0 4888 0 0 65800
416 0 4892 0 0 65900
418 0 4896 0 0 66000
418 0 4902 0 0 66100
419 0 4905 0 0 66200
419 0 4909 0 0 66300
420 0 4915 0 0 66400
420 0 4915 0 0 66500
421 0 4920 0 0 66600
422 0 4925 0 0 66700
422 0 4926 0 0 66800
423 0 4932 0 0 66900
423 0 4938 0 0 67000
423 0 4943 0 0 67100
424 0 4946 0 0 67200
425 0 4950 0 0 67300
425 0 4953 0 0 67400
425 0 4960 0 0 67500
426 0 4965 0 0 67600
427 0 4970 0 0 67700
428 0 4975 0 0 67800
429 0 4981 0 0 67900
429 0 4986 0 0 68000
430 0 4990 0 0 68100
431 0 4990 0 0 68200
432 0 4993 0 0 68300
433 0 4997 0 0 68400
433 0 4999 0 0 68500
435 0 5004 0 0 68600
435 0 5006 0 0 68700
436 0 5013 0 0 68800
436 0 5018 0 0 68900
436 0 5022 0 0 69000
436 0 5026 0 0 69100
436 0 5032 0 0 69200
438 0 5035 0 0 69300
439 0 5039 0 0 69400
441 0 5047 0 0 69500
441 0 5052 0 0 69600
441 0 5055 0 0 69700
442 0 5063 0 0 69800
442 0 5068 0 0 69900
444 0 5073 0 0 70000
444 0 5078 0 0 70100
444 0 5082 0 0 70200
445 0 5086 0 0 70300
446 0 5091 0 0 70400
447 0 5095 0 0 70500
447 0 5099 0 0 70600
447 0 5104 0 0 70700
447 0 5108 0 0 70800
447 0 5110 0 0 70900
447 0 5116 0 0 71000
447 0 5118 0 0 71100
447 0 5124 0 0 71200
447 0 5129 0 0 71300
448 0 5131 0 0 71400
448 0 5133 0 0 71500
448 0 5133 0 0 71600
449 0 5139 0 0 71700
450 0 5142 0 0 71800
450 0 5146 0 0 71900
453 0 5149 0 0 72000
454 0 5158 0 0 72100
455 0 5162 0 0 72200
456 0 5165 0 0 72300
456 0 5174 0 0 72400
456 0 5176 0 0 72500
457 0 5181 0 0 72600
458 0 5187 0 0 72700
459 0 5192 0 0 72800
459 0 5196 0 0 72900
459 0 5202 0 0 73000
460 0 5203 0 0 73100
461 0 5205 0 0 73200
462 0 5211 0 0 73300
463 0 5213 0 0 73400
463 0 5218 0 0 73500
463 0 5228 0 0 73600
464 0 5231 0 0 73700
466 0 5236 0 0 73800
466 0 5241 0 0 73900
466 0 5246 0 0 74000
466 0 5253 0 0 74100
467 0 5257 0 0 74200
467 0 5260 0 0 74300
468 0 5263 0 0 74400
469 0 5268 0 0 74500
470 0 5272 0 0 74600
470 0 5275 0 0 74700
471 0 5279 0 0 74800
471 0 5284 0 0 74900
471 0 5287 0 0 75000
471 0 5289 0 0 75100
474 0 5292 0 0 75200
474 0 5301 0 0 75300
474 0 5303 0 0 75400
474 0 5304 0 0 75500
476 0 5309 0 0 75600
477 0 5312 0 0 75700
477 0 5314 0 0 75800
477 0 5315 0 0 75900
478 0 5320 0 0 76000
478 0 5321 0 0 76100
479 0 5327 0 0 76200
479 0 5330 0 0 76300
480 0 5333 0 0 76400
480 0 5337 0 0 76500
480 0 5339 0 0 76600
480 0 5342 0 0 76700
482 0 5346 0 0 76800
482 0 5349 0 0 76900
483 0 5352 0 0 77000
483 0 5355 0 0 77100
483 0 5360 0 0 77200
483 0 5362 0 0 77300
485 0 5366 0 0 77400
487 0 5366 0 0 77500
489 0 5369 0 0 77600
490 0 5373 0 0 77700
490 0 5375 0 0 77800
491 0 5380 0 0 77900
492 0 5380 0 0 78000
494 0 5386 0 0 78100
494 0 5393 0 0 78200
494 0 5398 0 0 78300
494 0 5406 0 0 78400
496 0 5412 0 0 78500
497 0 5417 0 0 78600
498 0 5421 0 0 78700
498 0 5424 0 0 78800
500 0 5428 0 0 78900
501 0 5434 0 0 79000
502 0 5436 0 0 79100
505 0 5439 0 0 79200
505 0 5443 0 0 79300
508 0 5449 0 0 79400
508 0 5451 0 0 79500
509 0 5457 0 0 79600
511 0 5462 0 0 79700
511 0 5467 0 0 79800
511 0 5469 0 0 79900
511 0 5474 0 0 80000
513 0 5477 0 0 80100
513 0 5482 0 0 80200
514 0 5490 0 0 80300
515 0 5494 0 0 80400
515 0 5496 0 0 80500
518 0 5502 0 0 80600
518 0 5506 0 0 80700
519 0 5511 0 0 80800
519 0 5516 0 0 80900
520 0 5519 0 0 81000
522 0 5522 0 0 81100
523 0 5527 0 0 81200
523 0 5532 0 0 81300
524 0 5540 0 0 81400
525 0 5541 0 0 81500
525 0 5545 0 0 81600
527 0 5549 0 0 81700
527 0 5551 0 0 81800
527 0 5555 0 0 81900
529 0 5558 0 0 82000
530 0 5560 0 0 82100
531 0 5562 0 0 82200
531 0 5567 0 0 82300
531 0 5572 0 0 82400
531 0 5573 0 0 82500
531 0 5574 0 0 82600
531 0 5576 0 0 82700
531 0 5578 0 0 82800
532 0 5580 0 0 82900
532 0 5583 0 0 83000
532 0 5584 0 0 83100
532 0 5586 0 0 83200
532 0 5587 0 0 83300
532 0 5591 0 0 83400
532 0 5593 0 0 83500
532 0 5596 0 0 83600
532 0 5597 0 0 83700
533 0 5601 0 0 83800
533 0 5603 0 0 83900
533 0 5606 0 0 84000
533 0 5608 0 0 84100
533 0 5610 0 0 84200
534 0 5613 0 0 84300
534 0 5614 0 0 84400
534 0 5616 0 0 84500
535 0 5619 0 0 84600
537 0 5621 0 0 84700
537 0 5624 0 0 84800
538 0 5630 0 0 84900
540 0 5634 0 0 85000
542 0 5636 0 0 85100
542 0 5638 0 0 85200
546 0 5646 0 0 85300
547 0 5648 0 0 85400
548 0 5655 0 0 85500
548 0 5658 0 0 85600
548 0 5662 0 0 85700
549 0 5666 0 0 85800
549 0 5675 0 0 85900
551 0 5677 0 0 86000
552 0 5682 0 0 86100
552 0 5686 0 0 86200
553 0 5690 0 0 86300
555 0 5690 0 0 86400
556 0 5691 0 0 86500
557 0 5695 0 0 86600
557 0 5700 0 0 86700
559 0 5706 0 0 86800
559 0 5708 0 0 86900
560 0 5713 0 0 87000
561 0 5717 0 0 87100
561 0 5719 0 0 87200
561 0 5722 0 0 87300
561 0 5727 0 0 87400
561 0 5729 0 0 87500
562 0 5732 0 0 87600
562 0 5734 0 0 87700
563 0 5736 0 0 87800
563 0 5740 0 0 87900
563 0 5744 0 0 88000
563 0 5748 0 0 88100
564 0 5753 0 0 88200
565 0 5758 0 0 88300
565 0 5763 0 0 88400
565 0 5765 0 0 88500
565 0 5770 0 0 88600
566 0 5774 0 0 88700
566 0 5776 0 0 88800
572 0 5778 0 0 88900
573 0 5781 0 0 89000
573 0 5782 0 0 89100
575 0 5788 0 0 89200
576 0 5791 0 0 89300
576 0 5793 0 0 89400
576 0 5798 0 0 89500
576 0 5800 0 0 89600
576 0 5805 0 0 89700
577 0 5806 0 0 89800
578 0 5809 0 0 89900
578 0 5812 0 0 90000
578 0 5814 0 0 90100
578 0 5817 0 0 90200
579 0 5820 0 0 90300
579 0 5826 0 0 90400
581 0 5828 0 0 90500
582 0 5829 0 0 90600
582 0 5833 0 0 90700
582 0 5840 0 0 90800
582 0 5844 0 0 90900
582 0 5851 0 0 91000
582 0 5858 0 0 91100
582 0 5863 0 0 91200
583 0 5869 0 0 91300
583 0 5877 0 0 91400
583 0 5881 0 0 91500
583 0 5882 0 0 91600
583 0 5886 0 0 91700
583 0 5889 0 0 91800
585 0 5893 0 0 91900
586 0 5901 0 0 92000
586 0 5902 0 0 92100
586 0 5904 0 0 92200
587 0 5910 0 0 92300
587 0 5913 0 0 92400
588 0 5917 0 0 92500
588 0 5923 0 0 92600
588 0 5925 0 0 92700
588 0 5928 0 0 92800
589 0 5929 0 0 92900
589 0 5931 0 0 93000
590 0 5933 0 0 93100
591 0 5935 0 0 93200
592 0 5941 0 0 93300
593 0 5944 0 0 93400
595 0 5948 0 0 93500
596 0 5948 0 0 93600
596 0 5950 0 0 93700
597 0 5954 0 0 93800
597 0 5955 0 0 93900
597 0 5960 0 0 94000
597 0 5962 0 0 94100
598 0 5968 0 0 94200
598 0 5968 0 0 94300
599 0 5971 0 0 94400
599 0 5973 0 0 94500
600 0 5976 0 0 94600
600 0 5980 0 0 94700
602 0 5982 0 0 94800
602 0 5987 0 0 94900
603 0 5993 0 0 95000
603 0 5994 0 0 95100
603 0 5998 0 0 95200
603 0 6002 0 0 95300
603 0 6006 0 0 95400
603 0 6009 0 0 95500
606 0 6012 0 0 95600
606 0 6016 0 0 95700
606 0 6017 0 0 95800
606 0 6018 0 0 95900
606 0 6021 0 0 96000
607 0 6024 0 0 96100
607 0 6026 0 0 96200
607 0 6029 0 0 96300
607 0 6030 0 0 96400
607 0 6034 0 0 96500
607 0 6039 0 0 96600
607 0 6042 0 0 96700
607 0 6047 0 0 96800
608 0 6049 0 0 96900
608 0 6051 0 0 97000
609 0 6053 0 0 97100
610 0 6060 0 0 97200
610 0 6061 0 0 97300
610 0 6061 0 0 97400
610 0 6067 0 0 97500
610 0 6071 0 0 97600
611 0 6077 0 0 97700
611 0 6078 0 0 97800
611 0 6081 0 0 97900
611 0 6085 0 0 98000
611 0 6085 0 0 98100
612 0 6090 0 0 98200
612 0 6092 0 0 98300
612 0 6097 0 0 98400
612 0 6103 0 0 98500
612 0 6106 0 0 98600
613 0 6110 0 0 98700
614 0 6113 0 0 98800
615 0 6115 0 0 98900
615 0 6115 0 0 99000
616 0 6119 0 0 99100
616 0 6122 0 0 99200
616 0 6127 0 0 99300
616 0 6131 0 0 99400
616 0 6132 0 0 99500
616 0 6135 0 0 99600
617 0 6138 0 0 99700
618 0 6141 0 0 99800
619 0 6147 0 0 99900
