0 9347 0 0 11529109 9165 15547961 99900
858 0 6570 0 0 99900
340.4706269285479 1537.3985300057536 12628 3.072205736785625 370.0211220065009
0 9282 0 0 11544552 9099 15572993 99900
964 0 6380 0 0 99900
354.15250718868816 1385.82424402843 12807 2.802660654852475 379.2867939480922
0 8764 0 0 11536595 8537 15541264 99900
803 0 6116 0 0 99900
329.8799757978792 1262.4794756637848 12771 2.7227422623848745 360.0592372268506
0 9475 0 0 11561294 9307 15618051 99900
1000 0 6464 0 0 99900
350.8332258407967 1367.3704343476597 12915 2.830490199312187 368.1425414765037
0 9431 0 0 11583737 9229 15724339 99900
972 0 6290 0 0 99900
352.5049073042304 1472.615203588075 12825 2.936480253075357 379.23516412968013
0 9207 0 0 11560123 9014 15600589 99900
948 0 6137 0 0 99900
360.26101651566427 1475.9345461648759 12780 2.951844192454512 364.3544151015591
0 9352 0 0 11579215 9132 15698764 99900
892 0 6572 0 0 99900
346.3007164569938 1512.4482668648352 12920 3.0128960557549496 387.4308502296591
0 9257 0 0 11580020 9060 15707960 99900
982 0 6198 0 0 99900
369.19713179751244 1459.1247269079915 12949 2.868012532959788 351.22662036250506
