0 9257 0 0 11568245 9044 15667102 99900
0 0 0 0 0 99900
354.7942780690386 1613.6126094290785 12859 2.990541647046988 370.53199326498066
0 9107 0 0 11562481 8908 15623798 99900
0 0 0 0 0 99900
340.7235017738428 1426.649605826343 12831 2.9158246250481406 385.03109092769506
0 6514 0 0 11207801 6404 14150719 99900
0 0 0 0 0 99900
278.21142777736105 10258.339347383133 11180 2.7897139593100926 389.6768493609632
0 9206 0 0 11559585 9022 15651695 99900
0 0 0 0 0 99900
346.1719459939499 1410.6323619652642 12719 2.9611587529422727 380.8194577239177
0 9176 0 0 11559725 8979 15597935 99900
0 0 0 0 0 99900
351.92879613380234 1405.8778658718868 12820 2.972585680806593 390.12216357550955
0 9358 0 0 11551714 9158 15619536 99900
0 0 0 0 0 99900
344.2099825171725 1355.2936354224898 12753 2.81850217734511 375.29019365604313
0 9483 0 0 11597548 9268 15832862 99900
0 0 0 0 0 99900
354.274752039644 1540.047252031223 12971 2.9065022914542777 353.5935995527844
0 9485 0 0 11578531 9272 15715208 99900
0 0 0 0 0 99900
339.60514472590836 1413.8792760906153 12867 2.9402919519236597 367.571162736452
