0 0 0 0 0 0 0 0
0 7 0 0 1975 0 2010 100
0 12 0 0 4440 8 4522 200
0 13 0 0 5356 12 5482 300
0 17 0 0 6638 13 6790 400
0 18 0 0 8188 17 8362 500
0 21 0 0 10033 20 10252 600
0 24 0 0 12132 32 12418 700
0 25 0 0 14403 68 14814 800
0 25 0 0 16968 127 17581 900
0 26 0 0 19660 180 20490 1000
0 26 0 0 22535 215 23599 1100
0 26 0 0 25592 273 26962 1200
0 26 0 0 28780 334 30449 1300
0 26 0 0 32172 395 34253 1400
0 26 0 0 35621 473 38217 1500
0 26 0 0 39261 581 42379 1600
0 26 0 0 42961 731 46779 1700
0 26 0 0 46708 854 51233 1800
0 26 0 0 50525 1039 55818 1900
0 26 0 0 54352 1225 60559 2000
0 26 0 0 58218 1440 65454 2100
0 26 0 0 62120 1640 70468 2200
0 26 0 0 66103 1903 75664 2300
0 26 0 0 70048 2185 80778 2400
0 27 0 0 74132 2497 86098 2500
0 27 0 0 78096 2810 91323 2600
0 27 0 0 82096 3119 96722 2700
0 27 0 0 86266 3472 102456 2800
0 28 0 0 90365 3837 108244 2900
0 28 0 0 94543 4235 114292 3000
0 28 0 0 98834 4581 120285 3100
0 28 0 0 103080 4928 126219 3200
0 28 0 0 107257 5353 132308 3300
0 28 0 0 111404 5769 138271 3400
0 28 0 0 115577 6202 144273 3500
0 28 0 0 119833 6663 150426 3600
0 28 0 0 124117 7150 156612 3700
0 29 0 0 128382 7635 162865 3800
0 30 0 0 132699 8087 169070 3900
0 30 0 0 137014 8582 175485 4000
0 30 0 0 141336 9084 181964 4100
0 31 0 0 145642 9558 188386 4200
0 32 0 0 149960 10059 194907 4300
0 33 0 0 154370 10536 201570 4400
0 33 0 0 158788 11025 208319 4500
0 34 0 0 163121 11534 214909 4600
0 35 0 0 167476 11980 221365 4700
0 35 0 0 171905 12461 227888 4800
0 37 0 0 176258 13003 234435 4900
0 37 0 0 180646 13503 240959 5000
0 38 0 0 184995 14002 247393 5100
0 39 0 0 189315 14481 253863 5200
0 40 0 0 193647 14923 260346 5300
0 41 0 0 198063 15381 267014 5400
0 41 0 0 202499 15845 273692 5500
0 42 0 0 206999 16325 280424 5600
0 43 0 0 211449 16789 287167 5700
0 43 0 0 215839 17241 293736 5800
0 44 0 0 220289 17673 300335 5900
0 44 0 0 224786 18114 306908 6000
0 44 0 0 229149 18530 313350 6100
0 45 0 0 233584 18994 319940 6200
0 46 0 0 237973 19414 326453 6300
0 46 0 0 242485 19869 333192 6400
0 46 0 0 246962 20298 339891 6500
0 47 0 0 251465 20777 346643 6600
0 47 0 0 255888 21283 353408 6700
0 47 0 0 260420 21806 360216 6800
0 47 0 0 264844 22264 366957 6900
0 48 0 0 269241 22843 373744 7000
0 50 0 0 273778 23493 380799 7100
0 50 0 0 278226 24086 387861 7200
0 50 0 0 282635 24621 394736 7300
0 50 0 0 287107 25155 401593 7400
0 50 0 0 291532 25703 408429 7500
0 51 0 0 295974 26300 415162 7600
0 52 0 0 300457 26925 422158 7700
0 52 0 0 304800 27512 428842 7800
0 53 0 0 309249 28069 435638 7900
0 53 0 0 313742 28630 442330 8000
0 53 0 0 318118 29155 448969 8100
0 54 0 0 322599 29654 455741 8200
0 54 0 0 327042 30246 462770 8300
0 55 0 0 331579 30825 470069 8400
0 55 0 0 336194 31361 477513 8500
0 55 0 0 340820 31869 484910 8600
0 55 0 0 345376 32362 492313 8700
0 57 0 0 349929 32837 499544 8800
0 58 0 0 354470 33366 506838 8900
0 58 0 0 358957 33844 514036 9000
0 59 0 0 363459 34342 521116 9100
0 59 0 0 368040 34848 528194 9200
0 60 0 0 372526 35349 535078 9300
0 60 0 0 376959 35806 541721 9400
0 60 0 0 381346 36267 548307 9500
0 60 0 0 385730 36827 554922 9600
0 60 0 0 390040 37316 561351 9700
0 61 0 0 394413 37796 567619 9800
0 62 0 0 398748 38317 573882 9900
0 62 0 0 403079 38771 580169 10000
0 63 0 0 407408 39176 586467 10100
0 64 0 0 411878 39601 593033 10200
0 64 0 0 416311 40084 599771 10300
0 64 0 0 420807 40554 606555 10400
0 64 0 0 425260 41031 613401 10500
0 64 0 0 429763 41565 620585 10600
0 64 0 0 434388 42052 627817 10700
0 64 0 0 438995 42554 635123 10800
0 64 0 0 443574 42982 642134 10900
0 64 0 0 448094 43451 649039 11000
0 65 0 0 452603 43971 656077 11100
0 65 0 0 457061 44451 662911 11200
0 66 0 0 461580 44994 669925 11300
0 67 0 0 466017 45483 676637 11400
0 67 0 0 470515 45970 683407 11500
0 68 0 0 474943 46449 690198 11600
0 68 0 0 479506 46978 697270 11700
0 68 0 0 484011 47511 704305 11800
0 68 0 0 488503 48011 711405 11900
0 69 0 0 493086 48519 718646 12000
0 69 0 0 497677 48986 725827 12100
0 69 0 0 502204 49443 732748 12200
0 69 0 0 506699 49906 739735 12300
0 69 0 0 511219 50353 746537 12400
0 69 0 0 515705 50822 753446 12500
0 69 0 0 520185 51266 760334 12600
0 69 0 0 524636 51711 767151 12700
0 69 0 0 529238 52166 773923 12800
0 69 0 0 533748 52636 780711 12900
0 69 0 0 538092 53149 787446 13000
0 69 0 0 542536 53625 794216 13100
0 69 0 0 547068 54128 800983 13200
0 69 0 0 551489 54590 807305 13300
0 69 0 0 555863 55084 813576 13400
0 69 0 0 560205 55545 819798 13500
0 69 0 0 564535 56045 826041 13600
0 69 0 0 568982 56561 832336 13700
0 69 0 0 573366 57108 838728 13800
0 69 0 0 577696 57617 845099 13900
0 69 0 0 582215 58199 851859 14000
0 69 0 0 586718 58777 858673 14100
0 69 0 0 591233 59397 865538 14200
0 69 0 0 595617 60082 872363 14300
0 69 0 0 600156 60763 879309 14400
0 69 0 0 604553 61457 886169 14500
0 69 0 0 609064 62137 893096 14600
0 70 0 0 613575 62813 900184 14700
0 71 0 0 617957 63453 907127 14800
0 72 0 0 622568 64075 914496 14900
0 72 0 0 627036 64767 921583 15000
0 72 0 0 631641 65441 929021 15100
0 73 0 0 636142 66043 936215 15200
0 73 0 0 640610 66626 943313 15300
0 73 0 0 645159 67240 950795 15400
0 73 0 0 649690 67833 958275 15500
0 73 0 0 654253 68393 965480 15600
0 73 0 0 658836 68911 972611 15700
0 73 0 0 663301 69480 979849 15800
0 73 0 0 667801 70009 986874 15900
0 73 0 0 672345 70521 993919 16000
0 73 0 0 676799 70973 1000666 16100
0 73 0 0 681348 71449 1007545 16200
0 73 0 0 685823 71965 1014478 16300
0 73 0 0 690273 72498 1021347 16400
1 73 0 0 694739 73039 1028347 16500
2 73 0 0 699290 73597 1035478 16600
2 74 0 0 703763 74133 1042518 16700
4 74 0 0 708233 74655 1049700 16800
4 74 0 0 712851 75212 1057031 16900
4 75 0 0 717402 75745 1064247 17000
4 75 0 0 721960 76306 1071473 17100
4 75 0 0 726579 76869 1078854 17200
4 76 0 0 731001 77440 1086099 17300
4 76 0 0 735643 77988 1093481 17400
4 76 0 0 740165 78505 1100709 17500
4 77 0 0 744716 79028 1107993 17600
4 77 0 0 749203 79577 1115077 17700
4 78 0 0 753792 80087 1122238 17800
6 78 0 0 758294 80609 1129321 17900
6 78 0 0 762792 81116 1136247 18000
7 78 0 0 767202 81510 1142827 18100
7 78 0 0 771615 81942 1149424 18200
7 79 0 0 776003 82366 1155977 18300
7 79 0 0 780409 82749 1162485 18400
7 80 0 0 784853 83181 1169057 18500
7 80 0 0 789288 83542 1175613 18600
7 81 0 0 793706 83928 1182058 18700
7 81 0 0 798110 84275 1188421 18800
7 81 0 0 802525 84630 1194630 18900
7 81 0 0 806895 84939 1200775 19000
7 81 0 0 811238 85252 1206823 19100
7 81 0 0 815676 85574 1213015 19200
7 81 0 0 819974 85901 1219042 19300
7 81 0 0 824348 86205 1225200 19400
7 81 0 0 828682 86507 1231169 19500
7 81 0 0 833086 86834 1237331 19600
7 82 0 0 837493 87165 1243493 19700
7 82 0 0 841871 87436 1249643 19800
7 82 0 0 846320 87783 1255948 19900
7 82 0 0 850746 88151 1262256 20000
7 82 0 0 855159 88531 1268532 20100
7 82 0 0 859502 88974 1274918 20200
7 82 0 0 863892 89433 1281468 20300
7 82 0 0 868365 89855 1288047 20400
7 82 0 0 872799 90257 1294678 20500
7 82 0 0 877218 90667 1301113 20600
7 82 0 0 881672 91059 1307439 20700
7 82 0 0 885950 91409 1313477 20800
7 82 0 0 890258 91768 1319426 20900
7 82 0 0 894566 92144 1325261 21000
7 82 0 0 898923 92541 1331186 21100
7 82 0 0 903171 92956 1337094 21200
7 82 0 0 907428 93396 1343047 21300
7 82 0 0 911770 93794 1348943 21400
7 82 0 0 916025 94165 1354771 21500
7 82 0 0 920373 94623 1360896 21600
7 82 0 0 924635 95104 1366805 21700
7 82 0 0 928950 95566 1372909 21800
7 82 0 0 933233 96037 1379021 21900
7 82 0 0 937521 96564 1385352 22000
7 82 0 0 941890 97084 1391792 22100
7 82 0 0 946175 97545 1398028 22200
7 82 0 0 950562 98077 1404327 22300
7 82 0 0 954718 98569 1410390 22400
7 82 0 0 959143 99065 1416768 22500
7 82 0 0 963534 99554 1423106 22600
7 82 0 0 967903 100019 1429327 22700
7 82 0 0 972316 100471 1435586 22800
7 82 0 0 976637 100922 1441839 22900
7 82 0 0 981000 101379 1448354 23000
7 82 0 0 985431 101864 1454885 23100
7 82 0 0 989902 102367 1461441 23200
7 82 0 0 994230 102886 1467726 23300
7 82 0 0 998691 103351 1474093 23400
7 82 0 0 1003027 103830 1480407 23500
7 82 0 0 1007474 104289 1486770 23600
7 82 0 0 1011846 104791 1493030 23700
7 82 0 0 1016246 105242 1499176 23800
7 82 0 0 1020630 105744 1505441 23900
7 83 0 0 1024950 106179 1511580 24000
7 83 0 0 1029227 106694 1517710 24100
7 83 0 0 1033625 107192 1524070 24200
7 83 0 0 1037921 107639 1530313 24300
7 83 0 0 1042300 108128 1536731 24400
7 83 0 0 1046785 108604 1543268 24500
7 83 0 0 1051218 109114 1549759 24600
7 83 0 0 1055454 109601 1555919 24700
7 83 0 0 1059784 110097 1562160 24800
7 83 0 0 1064081 110565 1568338 24900
7 83 0 0 1068449 111088 1574621 25000
7 83 0 0 1072798 111540 1580847 25100
7 83 0 0 1077213 111985 1587035 25200
7 83 0 0 1081541 112491 1593278 25300
7 83 0 0 1085859 113009 1599385 25400
7 83 0 0 1090211 113464 1605510 25500
7 83 0 0 1094529 113907 1611622 25600
7 83 0 0 1098913 114374 1617907 25700
7 83 0 0 1103217 114901 1624234 25800
7 83 0 0 1107652 115359 1630467 25900
7 83 0 0 1111999 115849 1636690 26000
7 83 0 0 1116359 116281 1642803 26100
7 83 0 0 1120745 116741 1649012 26200
7 83 0 0 1125084 117256 1655283 26300
7 83 0 0 1129411 117771 1661582 26400
7 83 0 0 1133644 118314 1667819 26500
7 83 0 0 1138087 118839 1674140 26600
7 83 0 0 1142393 119383 1680494 26700
7 83 0 0 1146706 119947 1686977 26800
7 83 0 0 1150959 120549 1693483 26900
7 83 0 0 1155452 121081 1700122 27000
7 83 0 0 1159807 121672 1706667 27100
7 84 0 0 1164221 122235 1713215 27200
7 84 0 0 1168637 122832 1719825 27300
7 84 0 0 1172987 123317 1726216 27400
7 84 0 0 1177373 123829 1732709 27500
7 84 0 0 1181707 124278 1739150 27600
7 84 0 0 1186098 124715 1745661 27700
7 84 0 0 1190555 125166 1752356 27800
7 84 0 0 1195056 125555 1758823 27900
7 84 0 0 1199506 125925 1765130 28000
7 84 0 0 1203995 126306 1771518 28100
7 84 0 0 1208392 126694 1777807 28200
7 84 0 0 1212849 127091 1784191 28300
7 84 0 0 1217319 127486 1790538 28400
7 84 0 0 1221832 127909 1796904 28500
7 84 0 0 1226167 128355 1803045 28600
7 84 0 0 1230532 128775 1809054 28700
7 84 0 0 1234876 129213 1815052 28800
7 85 0 0 1239156 129680 1821060 28900
7 85 0 0 1243496 130157 1827241 29000
7 86 0 0 1247961 130700 1833775 29100
7 86 0 0 1252385 131205 1840284 29200
7 86 0 0 1256750 131801 1846819 29300
7 86 0 0 1261277 132408 1853670 29400
7 86 0 0 1265630 132998 1860401 29500
7 86 0 0 1270022 133583 1867232 29600
7 86 0 0 1274418 134145 1873942 29700
7 86 0 0 1278795 134784 1880628 29800
7 86 0 0 1283232 135432 1887289 29900
7 86 0 0 1287525 135998 1893573 30000
7 86 0 0 1291786 136615 1899970 30100
7 86 0 0 1296123 137201 1906495 30200
7 86 0 0 1300619 137737 1913018 30300
7 86 0 0 1304935 138330 1919435 30400
7 86 0 0 1309254 138916 1925883 30500
7 86 0 0 1313647 139456 1932262 30600
7 86 0 0 1317980 139991 1938308 30700
7 86 0 0 1322342 140498 1944443 30800
7 86 0 0 1326629 140982 1950437 30900
7 86 0 0 1330933 141477 1956504 31000
7 86 0 0 1335239 141987 1962609 31100
7 86 0 0 1339572 142392 1968453 31200
7 86 0 0 1343944 142846 1974401 31300
7 86 0 0 1348120 143280 1980148 31400
7 86 0 0 1352527 143757 1986118 31500
7 86 0 0 1356786 144249 1992172 31600
7 86 0 0 1361067 144705 1998175 31700
7 86 0 0 1365392 145206 2004373 31800
7 86 0 0 1369733 145679 2010506 31900
7 86 0 0 1374034 146146 2016568 32000
7 87 0 0 1378315 146616 2022620 32100
7 87 0 0 1382550 147149 2028670 32200
7 87 0 0 1386865 147632 2034657 32300
7 87 0 0 1391154 148105 2040690 32400
7 87 0 0 1395379 148594 2046715 32500
7 87 0 0 1399784 149094 2052960 32600
7 87 0 0 1404056 149563 2058996 32700
7 87 0 0 1408459 150058 2065104 32800
7 87 0 0 1412757 150565 2071139 32900
7 87 0 0 1417031 151077 2077045 33000
7 87 0 0 1421393 151539 2083026 33100
7 87 0 0 1425652 152002 2088980 33200
7 87 0 0 1429877 152476 2094991 33300
7 87 0 0 1434285 152884 2101042 33400
7 87 0 0 1438572 153284 2107001 33500
7 87 0 0 1442950 153709 2113035 33600
7 87 0 0 1447246 154102 2119027 33700
7 87 0 0 1451593 154502 2125011 33800
7 87 0 0 1455839 154912 2130902 33900
7 87 0 0 1460288 155346 2136978 34000
7 87 0 0 1464596 155787 2143014 34100
7 88 0 0 1468837 156178 2148949 34200
7 88 0 0 1473154 156600 2155153 34300
7 89 0 0 1477516 157131 2161616 34400
7 89 0 0 1481816 157650 2167831 34500
7 89 0 0 1486172 158194 2174103 34600
7 89 0 0 1490417 158684 2180253 34700
7 89 0 0 1494693 159262 2186492 34800
7 89 0 0 1499054 159855 2192800 34900
7 90 0 0 1503336 160357 2198943 35000
7 90 0 0 1507609 160892 2204994 35100
7 91 0 0 1511871 161489 2211007 35200
7 91 0 0 1516121 162045 2217108 35300
7 91 0 0 1520391 162524 2223067 35400
7 91 0 0 1524652 163027 2229017 35500
7 91 0 0 1528962 163582 2235020 35600
7 91 0 0 1533187 164119 2240898 35700
7 91 0 0 1537504 164649 2246965 35800
7 91 0 0 1541725 165178 2252880 35900
7 91 0 0 1546024 165667 2258831 36000
7 91 0 0 1550279 166175 2264975 36100
7 91 0 0 1554445 166676 2271091 36200
7 92 0 0 1558790 167206 2277497 36300
7 92 0 0 1563180 167722 2283890 36400
7 92 0 0 1567541 168259 2290357 36500
7 92 0 0 1571860 168742 2296588 36600
7 92 0 0 1576276 169210 2302851 36700
7 92 0 0 1580601 169644 2309010 36800
7 92 0 0 1584923 170070 2314993 36900
7 92 0 0 1589204 170471 2320962 37000
7 93 0 0 1593524 170888 2327052 37100
7 93 0 0 1597848 171319 2333290 37200
7 93 0 0 1602343 171712 2339694 37300
7 93 0 0 1606720 172115 2345837 37400
7 93 0 0 1611223 172562 2352113 37500
7 93 0 0 1615550 172966 2358255 37600
7 93 0 0 1619941 173369 2364341 37700
7 93 0 0 1624292 173807 2370453 37800
7 93 0 0 1628515 174180 2376325 37900
7 93 0 0 1632881 174544 2382195 38000
7 93 0 0 1637195 174934 2388010 38100
7 93 0 0 1641538 175296 2393647 38200
7 93 0 0 1645722 175648 2399089 38300
7 93 0 0 1650037 175995 2404702 38400
7 93 0 0 1654277 176353 2410269 38500
7 93 0 0 1658415 176684 2415695 38600
7 93 0 0 1662714 177002 2421216 38700
7 93 0 0 1667096 177321 2426871 38800
7 93 0 0 1671319 177649 2432396 38900
7 94 0 0 1675591 177975 2437900 39000
7 94 0 0 1679778 178344 2443387 39100
7 94 0 0 1684090 178677 2448918 39200
7 94 0 0 1688313 179025 2454332 39300
7 95 0 0 1692657 179385 2460040 39400
7 95 0 0 1696820 179785 2465583 39500
7 95 0 0 1701140 180185 2471361 39600
7 95 0 0 1705454 180557 2477091 39700
7 95 0 0 1709670 180906 2482829 39800
7 95 0 0 1713882 181282 2488528 39900
7 96 0 0 1718237 181694 2494383 40000
7 96 0 0 1722468 182129 2500122 40100
7 96 0 0 1726752 182527 2506108 40200
7 97 0 0 1730986 182950 2512026 40300
7 97 0 0 1735350 183373 2518178 40400
7 98 0 0 1739662 183794 2524344 40500
7 98 0 0 1744056 184240 2530671 40600
7 98 0 0 1748384 184690 2536822 40700
7 98 0 0 1752665 185122 2542915 40800
7 98 0 0 1756998 185568 2549064 40900
7 100 0 0 1761286 185999 2555167 41000
7 100 0 0 1765620 186439 2561348 41100
7 100 0 0 1769963 186820 2567441 41200
7 100 0 0 1774260 187220 2573320 41300
7 100 0 0 1778544 187566 2579129 41400
7 100 0 0 1782877 187906 2584963 41500
7 100 0 0 1787068 188269 2590835 41600
7 100 0 0 1791366 188648 2596603 41700
7 100 0 0 1795607 189063 2602408 41800
7 100 0 0 1799935 189486 2608141 41900
7 100 0 0 1804149 189915 2613925 42000
7 100 0 0 1808384 190352 2619735 42100
7 100 0 0 1812707 190776 2625698 42200
7 100 0 0 1816964 191253 2631689 42300
7 100 0 0 1821406 191728 2637668 42400
7 100 0 0 1825707 192150 2643477 42500
7 100 0 0 1829959 192613 2649352 42600
7 100 0 0 1834270 193096 2655376 42700
7 100 0 0 1838573 193566 2661374 42800
7 100 0 0 1842875 193996 2667279 42900
7 100 0 0 1847159 194421 2673169 43000
7 100 0 0 1851449 194853 2679110 43100
7 101 0 0 1855775 195249 2685081 43200
7 101 0 0 1860086 195713 2691007 43300
7 101 0 0 1864355 196168 2696953 43400
7 101 0 0 1868650 196612 2702926 43500
7 102 0 0 1872930 197010 2708821 43600
7 102 0 0 1877162 197455 2714785 43700
7 104 0 0 1881493 197879 2720783 43800
7 104 0 0 1885760 198267 2726689 43900
7 104 0 0 1890101 198663 2732706 44000
7 104 0 0 1894348 199049 2738643 44100
7 104 0 0 1898637 199454 2744552 44200
7 104 0 0 1902935 199863 2750592 44300
7 104 0 0 1907178 200286 2756585 44400
7 104 0 0 1911506 200746 2762606 44500
7 105 0 0 1915797 201174 2768451 44600
7 105 0 0 1920036 201615 2774281 44700
7 105 0 0 1924226 202067 2779929 44800
7 105 0 0 1928394 202516 2785494 44900
7 105 0 0 1932618 202933 2791181 45000
7 105 0 0 1936841 203389 2797005 45100
7 105 0 0 1941063 203834 2802934 45200
7 105 0 0 1945453 204291 2809017 45300
7 105 0 0 1949741 204751 2815007 45400
7 105 0 0 1954069 205285 2821266 45500
7 105 0 0 1958333 205809 2827514 45600
7 105 0 0 1962706 206330 2833804 45700
7 105 0 0 1967100 206851 2840220 45800
7 105 0 0 1971416 207324 2846577 45900
7 105 0 0 1975740 207825 2852975 46000
7 107 0 0 1980047 208362 2859174 46100
7 108 0 0 1984368 208886 2865540 46200
7 108 0 0 1988738 209426 2871872 46300
7 108 0 0 1993073 209923 2878298 46400
7 108 0 0 1997494 210481 2884854 46500
7 108 0 0 2001889 211037 2891419 46600
7 108 0 0 2006238 211573 2897907 46700
7 108 0 0 2010607 212067 2904221 46800
7 108 0 0 2014936 212583 2910567 46900
7 108 0 0 2019232 213063 2916931 47000
7 108 0 0 2023537 213532 2923117 47100
7 108 0 0 2027872 214006 2929393 47200
7 109 0 0 2032163 214480 2935717 47300
7 109 0 0 2036519 214913 2942019 47400
7 110 0 0 2040958 215387 2948568 47500
7 110 0 0 2045420 215795 2955032 47600
7 110 0 0 2049968 216137 2961413 47700
7 111 0 0 2054279 216525 2967461 47800
7 112 0 0 2058616 216887 2973530 47900
7 113 0 0 2062961 217252 2979538 48000
7 114 0 0 2067295 217647 2985582 48100
7 115 0 0 2071655 218086 2991690 48200
7 116 0 0 2075928 218508 2997611 48300
7 116 0 0 2080249 218886 3003544 48400
7 116 0 0 2084569 219294 3009527 48500
7 116 0 0 2088841 219729 3015527 48600
7 116 0 0 2093158 220130 3021425 48700
7 116 0 0 2097540 220533 3027460 48800
7 116 0 0 2101752 220947 3033295 48900
7 116 0 0 2106078 221392 3039291 49000
7 116 0 0 2110350 221820 3045346 49100
7 116 0 0 2114738 222238 3051516 49200
7 116 0 0 2119220 222661 3057785 49300
7 116 0 0 2123518 223133 3063985 49400
7 116 0 0 2127846 223626 3070306 49500
7 116 0 0 2132315 224072 3076765 49600
7 116 0 0 2136633 224526 3083039 49700
7 117 0 0 2141020 224990 3089473 49800
7 117 0 0 2145398 225445 3095980 49900
7 117 0 0 2149823 225860 3102410 50000
7 117 0 0 2154276 226385 3108947 50100
7 117 0 0 2158643 226817 3115304 50200
7 117 0 0 2162969 227331 3121604 50300
7 117 0 0 2167258 227831 3127688 50400
7 118 0 0 2171691 228352 3133896 50500
7 118 0 0 2175996 228890 3139991 50600
7 118 0 0 2180384 229415 3146206 50700
7 118 0 0 2184763 229972 3152601 50800
7 118 0 0 2189098 230516 3158841 50900
7 119 0 0 2193454 231155 3165246 51000
8 120 0 0 2197801 231744 3171610 51100
8 120 0 0 2202165 232336 3177976 51200
8 120 0 0 2206555 232916 3184336 51300
8 121 0 0 2210907 233526 3190726 51400
8 121 0 0 2215267 234059 3197036 51500
8 121 0 0 2219594 234549 3203227 51600
8 121 0 0 2223882 235023 3209532 51700
8 121 0 0 2228243 235508 3215948 51800
8 122 0 0 2232707 235945 3222329 51900
8 122 0 0 2237063 236365 3228531 52000
8 122 0 0 2241396 236813 3234727 52100
8 122 0 0 2245793 237251 3241232 52200
8 122 0 0 2250326 237638 3247795 52300
8 122 0 0 2254770 238026 3254300 52400
8 122 0 0 2259210 238337 3260602 52500
8 122 0 0 2263543 238677 3266833 52600
8 122 0 0 2267816 239039 3272841 52700
9 123 0 0 2272225 239397 3278980 52800
9 123 0 0 2276570 239746 3284995 52900
9 123 0 0 2280862 240040 3290782 53000
9 124 0 0 2285135 240368 3296541 53100
9 124 0 0 2289352 240698 3302226 53200
9 124 0 0 2293608 241020 3308137 53300
9 125 0 0 2297961 241351 3314244 53400
9 125 0 0 2302213 241652 3320306 53500
9 126 0 0 2306601 241993 3326494 53600
9 126 0 0 2310907 242336 3332533 53700
9 127 0 0 2315207 242687 3338615 53800
9 127 0 0 2319589 243074 3344915 53900
9 127 0 0 2324056 243442 3351348 54000
9 127 0 0 2328451 243874 3357687 54100
9 127 0 0 2332788 244320 3363794 54200
9 127 0 0 2337197 244744 3369883 54300
9 127 0 0 2341502 245128 3375858 54400
9 128 0 0 2345844 245545 3381902 54500
9 128 0 0 2350258 245948 3388096 54600
9 129 0 0 2354572 246279 3394017 54700
9 129 0 0 2358819 246666 3399984 54800
9 129 0 0 2363155 247062 3406062 54900
9 129 0 0 2367452 247442 3412177 55000
9 129 0 0 2371809 247877 3418402 55100
9 129 0 0 2376062 248283 3424504 55200
9 129 0 0 2380471 248692 3430756 55300
9 129 0 0 2384714 249177 3436854 55400
9 129 0 0 2388981 249663 3443015 55500
9 129 0 0 2393281 250110 3449183 55600
9 129 0 0 2397615 250596 3455410 55700
10 129 0 0 2401838 251111 3461540 55800
10 129 0 0 2406152 251587 3467654 55900
10 129 0 0 2410365 252080 3473663 56000
10 129 0 0 2414614 252575 3479731 56100
10 129 0 0 2418958 253097 3485838 56200
10 129 0 0 2423188 253620 3491692 56300
10 129 0 0 2427500 254111 3497637 56400
10 129 0 0 2431662 254675 3503579 56500
10 129 0 0 2436017 255222 3509817 56600
10 129 0 0 2440264 255773 3516057 56700
10 129 0 0 2444669 256295 3522454 56800
10 129 0 0 2448959 256776 3528756 56900
10 129 0 0 2453373 257307 3535243 57000
10 129 0 0 2457697 257792 3541569 57100
10 129 0 0 2462020 258294 3547870 57200
10 130 0 0 2466372 258750 3554156 57300
10 130 0 0 2470709 259189 3560348 57400
10 130 0 0 2475084 259711 3566593 57500
10 130 0 0 2479321 260102 3572541 57600
10 130 0 0 2483698 260470 3578535 57700
10 130 0 0 2487986 260840 3584384 57800
10 130 0 0 2492286 261236 3590369 57900
10 130 0 0 2496686 261640 3596426 58000
10 130 0 0 2500963 261992 3602467 58100
10 130 0 0 2505316 262390 3608524 58200
10 130 0 0 2509628 262795 3614536 58300
10 131 0 0 2513995 263159 3620487 58400
10 131 0 0 2518204 263554 3626356 58500
10 131 0 0 2522506 263926 3632375 58600
10 131 0 0 2526733 264328 3638294 58700
10 132 0 0 2531162 264716 3644451 58800
10 132 0 0 2535433 265113 3650487 58900
10 133 0 0 2539789 265481 3656447 59000
10 133 0 0 2544022 265851 3662186 59100
10 133 0 0 2548348 266182 3668112 59200
10 133 0 0 2552686 266505 3673987 59300
10 133 0 0 2557036 266860 3679760 59400
10 133 0 0 2561393 267174 3685460 59500
10 133 0 0 2565515 267489 3690857 59600
10 134 0 0 2569879 267775 3696531 59700
10 134 0 0 2574130 268072 3702101 59800
10 134 0 0 2578343 268356 3707608 59900
